0.001 1.3822e+09 7.3243e+07
0.002 1.3559e+09 5.1786e+07
0.003 1.2679e+09 4.2276e+07
0.004 1.2898e+09 3.6604e+07
0.005 1.2455e+09 3.273e+07
0.006 1.2557e+09 2.9868e+07
0.007 1.2551e+09 2.7641e+07
0.008 1.2322e+09 2.5843e+07
0.009 1.2088e+09 2.4352e+07
0.01 1.2738e+09 2.3088e+07
0.011 1.2445e+09 2.1999e+07
0.012 1.2139e+09 2.1047e+07
0.013 1.2423e+09 2.0205e+07
0.014 1.267e+09 1.9453e+07
0.015 1.1848e+09 1.8776e+07
0.016 1.232e+09 1.8162e+07
0.017 1.2419e+09 1.7601e+07
0.018 1.2045e+09 1.7087e+07
0.019 1.2051e+09 1.6611e+07
0.02 1.2143e+09 1.6171e+07
0.021 1.1823e+09 1.5761e+07
0.022 1.185e+09 1.5377e+07
0.023 1.1746e+09 1.5018e+07
0.024 1.1947e+09 1.468e+07
0.025 1.1722e+09 1.4362e+07
0.026 1.1744e+09 1.406e+07
0.027 1.1666e+09 1.3775e+07
0.028 1.1378e+09 1.3503e+07
0.029 1.1487e+09 1.3245e+07
0.03 1.1456e+09 1.2999e+07
0.031 1.1462e+09 1.2763e+07
0.032 1.109e+09 1.2538e+07
0.033 1.129e+09 1.2322e+07
0.034 1.1243e+09 1.2115e+07
0.035 1.1298e+09 1.1915e+07
0.036 1.093e+09 1.1723e+07
0.037 1.0932e+09 1.1538e+07
0.038 1.0925e+09 1.136e+07
0.039 1.0787e+09 1.1187e+07
0.04 1.0572e+09 1.102e+07
0.041 1.055e+09 1.0859e+07
0.042 1.0522e+09 1.0702e+07
0.043 1.0315e+09 1.055e+07
0.044 1.0467e+09 1.0403e+07
0.045 1.0131e+09 1.026e+07
0.046 1.0219e+09 1.0121e+07
0.047 1.009e+09 9.9853e+06
0.048 9.9176e+08 9.8536e+06
0.049 9.7712e+08 9.7252e+06
0.05 9.7227e+08 9.6001e+06
0.051 9.8295e+08 9.4781e+06
0.052 9.4452e+08 9.359e+06
0.053 9.6247e+08 9.2428e+06
0.054 9.2902e+08 9.1293e+06
0.055 9.1435e+08 9.0183e+06
0.056 8.9838e+08 8.9098e+06
0.057 9.154e+08 8.8037e+06
0.058 8.8221e+08 8.6999e+06
0.059 8.9248e+08 8.5982e+06
0.06 8.6897e+08 8.4987e+06
0.061 8.724e+08 8.4012e+06
0.062 8.6544e+08 8.3057e+06
0.063 8.5006e+08 8.2121e+06
0.064 8.4232e+08 8.1202e+06
0.065 8.4561e+08 8.0302e+06
0.066 8.0489e+08 7.9419e+06
0.067 7.9909e+08 7.8552e+06
0.068 8.0606e+08 7.7701e+06
0.069 7.8131e+08 7.6866e+06
0.07 7.8661e+08 7.6046e+06
0.071 7.7036e+08 7.5241e+06
0.072 7.5553e+08 7.445e+06
0.073 7.5876e+08 7.3673e+06
0.074 7.2805e+08 7.2909e+06
0.075 7.3257e+08 7.2159e+06
0.076 7.088e+08 7.1421e+06
0.077 7.112e+08 7.0696e+06
0.078 6.9722e+08 6.9983e+06
0.079 6.7819e+08 6.9282e+06
0.08 6.5821e+08 6.8593e+06
0.081 6.5496e+08 6.7915e+06
0.082 6.5255e+08 6.7249e+06
0.083 6.4595e+08 6.6593e+06
0.084 6.3817e+08 6.5948e+06
0.085 6.2328e+08 6.5313e+06
0.086 6.2109e+08 6.4689e+06
0.087 6.1467e+08 6.4075e+06
0.088 6.0074e+08 6.347e+06
0.089 5.8941e+08 6.2876e+06
0.09 5.7733e+08 6.2291e+06
0.091 5.6146e+08 6.1715e+06
0.092 5.579e+08 6.1148e+06
0.093 5.4792e+08 6.059e+06
0.094 5.4006e+08 6.0041e+06
0.095 5.262e+08 5.9501e+06
0.096 5.1346e+08 5.897e+06
0.097 5.08e+08 5.8446e+06
0.098 5.1052e+08 5.7931e+06
0.099 5.0026e+08 5.7425e+06
0.1 4.8915e+08 5.6926e+06
0.101 4.7818e+08 5.6435e+06
0.102 4.726e+08 5.5952e+06
0.103 4.6371e+08 5.5476e+06
0.104 4.5207e+08 5.5008e+06
0.105 4.4515e+08 5.4548e+06
0.106 4.3721e+08 5.4095e+06
0.107 4.2075e+08 5.3648e+06
0.108 4.1808e+08 5.3209e+06
0.109 4.0859e+08 5.2777e+06
0.11 4.0194e+08 5.2352e+06
0.111 3.9894e+08 5.1934e+06
0.112 3.8494e+08 5.1522e+06
0.113 3.7764e+08 5.1117e+06
0.114 3.7674e+08 5.0718e+06
0.115 3.6822e+08 5.0326e+06
0.116 3.5723e+08 4.9939e+06
0.117 3.5601e+08 4.956e+06
0.118 3.3504e+08 4.9186e+06
0.119 3.4456e+08 4.8818e+06
0.12 3.34e+08 4.8456e+06
0.121 3.2396e+08 4.81e+06
0.122 3.1983e+08 4.7749e+06
0.123 3.0806e+08 4.7404e+06
0.124 3.0553e+08 4.7065e+06
0.125 3.1007e+08 4.6731e+06
0.126 3.0226e+08 4.6403e+06
0.127 2.9065e+08 4.608e+06
0.128 2.7674e+08 4.5762e+06
0.129 2.896e+08 4.5449e+06
0.13 2.7877e+08 4.5141e+06
0.131 2.7067e+08 4.4839e+06
0.132 2.6668e+08 4.4541e+06
0.133 2.4974e+08 4.4248e+06
0.134 2.5208e+08 4.3959e+06
0.135 2.4364e+08 4.3675e+06
0.136 2.4349e+08 4.3396e+06
0.137 2.3301e+08 4.3122e+06
0.138 2.331e+08 4.2851e+06
0.139 2.2904e+08 4.2585e+06
0.14 2.0864e+08 4.2323e+06
0.141 2.159e+08 4.2066e+06
0.142 2.1353e+08 4.1812e+06
0.143 2.1262e+08 4.1563e+06
0.144 2.0382e+08 4.1318e+06
0.145 1.9726e+08 4.1076e+06
0.146 1.9899e+08 4.0838e+06
0.147 1.9285e+08 4.0604e+06
0.148 1.8417e+08 4.0374e+06
0.149 1.7544e+08 4.0147e+06
0.15 1.7643e+08 3.9924e+06
0.151 1.7706e+08 3.9704e+06
0.152 1.6881e+08 3.9488e+06
0.153 1.6868e+08 3.9275e+06
0.154 1.6436e+08 3.9065e+06
0.155 1.6008e+08 3.8859e+06
0.156 1.5842e+08 3.8656e+06
0.157 1.6675e+08 3.8455e+06
0.158 1.5563e+08 3.8258e+06
0.159 1.4585e+08 3.8064e+06
0.16 1.4763e+08 3.7873e+06
0.161 1.5192e+08 3.7684e+06
0.162 1.3951e+08 3.7498e+06
0.163 1.3589e+08 3.7316e+06
0.164 1.3267e+08 3.7135e+06
0.165 1.3155e+08 3.6958e+06
0.166 1.241e+08 3.6783e+06
0.167 1.2677e+08 3.661e+06
0.168 1.182e+08 3.644e+06
0.169 1.2155e+08 3.6272e+06
0.17 1.1642e+08 3.6107e+06
0.171 1.1512e+08 3.5944e+06
0.172 1.0935e+08 3.5784e+06
0.173 1.0585e+08 3.5625e+06
0.174 1.0962e+08 3.5469e+06
0.175 1.0727e+08 3.5315e+06
0.176 1.0188e+08 3.5163e+06
0.177 9.3604e+07 3.5013e+06
0.178 9.9339e+07 3.4866e+06
0.179 9.8068e+07 3.472e+06
0.18 9.028e+07 3.4576e+06
0.181 9.9504e+07 3.4434e+06
0.182 8.9126e+07 3.4294e+06
0.183 8.941e+07 3.4155e+06
0.184 9.0132e+07 3.4019e+06
0.185 8.6418e+07 3.3884e+06
0.186 8.0675e+07 3.3751e+06
0.187 7.9587e+07 3.362e+06
0.188 7.7965e+07 3.349e+06
0.189 8.2845e+07 3.3362e+06
0.19 7.2582e+07 3.3236e+06
0.191 7.5019e+07 3.3111e+06
0.192 7.3999e+07 3.2988e+06
0.193 6.9809e+07 3.2866e+06
0.194 6.6726e+07 3.2746e+06
0.195 6.171e+07 3.2627e+06
0.196 6.7185e+07 3.251e+06
0.197 6.4309e+07 3.2394e+06
0.198 5.7642e+07 3.228e+06
0.199 6.1693e+07 3.2167e+06
0.2 6.2943e+07 3.2055e+06
0.201 5.7679e+07 3.1944e+06
0.202 5.624e+07 3.1835e+06
0.203 5.4423e+07 3.1727e+06
0.204 5.6831e+07 3.1621e+06
0.205 5.2018e+07 3.1516e+06
0.206 5.0307e+07 3.1411e+06
0.207 4.9698e+07 3.1309e+06
0.208 5.2207e+07 3.1207e+06
0.209 5.1826e+07 3.1106e+06
0.21 4.8098e+07 3.1007e+06
0.211 4.6451e+07 3.0909e+06
0.212 4.0305e+07 3.0812e+06
0.213 4.219e+07 3.0716e+06
0.214 4.2507e+07 3.0621e+06
0.215 4.2175e+07 3.0527e+06
0.216 4.43e+07 3.0434e+06
0.217 3.7952e+07 3.0343e+06
0.218 3.9507e+07 3.0252e+06
0.219 3.6787e+07 3.0162e+06
0.22 4.0877e+07 3.0074e+06
0.221 3.2757e+07 2.9986e+06
0.222 3.4874e+07 2.9899e+06
0.223 3.8516e+07 2.9814e+06
0.224 3.8906e+07 2.9729e+06
0.225 3.0056e+07 2.9645e+06
0.226 3.2058e+07 2.9562e+06
0.227 3.1134e+07 2.948e+06
0.228 3.0114e+07 2.9399e+06
0.229 2.9126e+07 2.9319e+06
0.23 2.7567e+07 2.924e+06
0.231 2.444e+07 2.9162e+06
0.232 2.5689e+07 2.9084e+06
0.233 2.6701e+07 2.9008e+06
0.234 3.0474e+07 2.8932e+06
0.235 2.3342e+07 2.8857e+06
0.236 2.6092e+07 2.8783e+06
0.237 2.3875e+07 2.8709e+06
0.238 2.3912e+07 2.8637e+06
0.239 2.0134e+07 2.8565e+06
0.24 2.2757e+07 2.8494e+06
0.241 1.9168e+07 2.8424e+06
0.242 1.3958e+07 2.8355e+06
0.243 1.7369e+07 2.8286e+06
0.244 2.3027e+07 2.8218e+06
0.245 2.4494e+07 2.8151e+06
0.246 1.9136e+07 2.8084e+06
0.247 1.8865e+07 2.8019e+06
0.248 1.5887e+07 2.7954e+06
0.249 1.8471e+07 2.7889e+06
0.25 1.8363e+07 2.7825e+06
0.251 1.7979e+07 2.7762e+06
0.252 1.7408e+07 2.77e+06
0.253 1.6554e+07 2.7638e+06
0.254 1.6088e+07 2.7577e+06
0.255 1.1862e+07 2.7517e+06
0.256 1.6631e+07 2.7457e+06
0.257 1.5437e+07 2.7398e+06
0.258 1.269e+07 2.7339e+06
0.259 1.1599e+07 2.7281e+06
0.26 1.3907e+07 2.7224e+06
0.261 1.2941e+07 2.7167e+06
0.262 9.1466e+06 2.7111e+06
0.263 1.4996e+07 2.7055e+06
0.264 1.0012e+07 2.7e+06
0.265 1.5159e+07 2.6945e+06
0.266 1.3671e+07 2.6891e+06
0.267 1.1619e+07 2.6837e+06
0.268 1.4271e+07 2.6784e+06
0.269 1.0472e+07 2.6732e+06
0.27 1.4267e+07 2.668e+06
0.271 1.8611e+07 2.6628e+06
0.272 1.7637e+07 2.6577e+06
0.273 1.1025e+07 2.6526e+06
0.274 1.2515e+07 2.6476e+06
0.275 1.646e+07 2.6426e+06
0.276 1.2343e+07 2.6377e+06
0.277 1.3918e+07 2.6328e+06
0.278 1.3887e+07 2.6279e+06
0.279 1.1211e+07 2.6231e+06
0.28 1.7135e+07 2.6184e+06
0.281 1.4665e+07 2.6136e+06
0.282 9.6323e+06 2.609e+06
0.283 1.2247e+07 2.6043e+06
0.284 1.1173e+07 2.5997e+06
0.285 1.0701e+07 2.5951e+06
0.286 1.1533e+07 2.5906e+06
0.287 7.4101e+06 2.5861e+06
0.288 1.229e+07 2.5816e+06
0.289 1.264e+07 2.5772e+06
0.29 9.3762e+06 2.5727e+06
0.291 1.0735e+07 2.5684e+06
0.292 1.1121e+07 2.564e+06
0.293 1.3457e+07 2.5597e+06
0.294 1.4369e+07 2.5554e+06
0.295 9.6758e+06 2.5512e+06
0.296 9.5827e+06 2.547e+06
0.297 9.1017e+06 2.5428e+06
0.298 1.049e+07 2.5386e+06
0.299 1.2011e+07 2.5344e+06
0.3 1.39e+07 2.5303e+06
0.301 1.0531e+07 2.5262e+06
0.302 1.472e+07 2.5222e+06
0.303 1.3862e+07 2.5181e+06
0.304 1.0606e+07 2.5141e+06
0.305 1.1441e+07 2.5101e+06
0.306 1.19e+07 2.5061e+06
0.307 8.5236e+06 2.5022e+06
0.308 1.6655e+07 2.4983e+06
0.309 1.7672e+07 2.4944e+06
0.31 1.2288e+07 2.4905e+06
0.311 1.2964e+07 2.4866e+06
0.312 1.2119e+07 2.4828e+06
0.313 1.0102e+07 2.4789e+06
0.314 8.9188e+06 2.4751e+06
0.315 1.0823e+07 2.4713e+06
0.316 1.2001e+07 2.4676e+06
0.317 1.1463e+07 2.4638e+06
0.318 1.2094e+07 2.4601e+06
0.319 1.2097e+07 2.4564e+06
0.32 1.3364e+07 2.4527e+06
0.321 1.0846e+07 2.449e+06
0.322 1.349e+07 2.4453e+06
0.323 1.382e+07 2.4417e+06
0.324 1.5964e+07 2.438e+06
0.325 1.1712e+07 2.4344e+06
0.326 1.4109e+07 2.4308e+06
0.327 1.1162e+07 2.4272e+06
0.328 1.6093e+07 2.4237e+06
0.329 1.3432e+07 2.4201e+06
0.33 1.1693e+07 2.4165e+06
0.331 1.6726e+07 2.413e+06
0.332 1.4447e+07 2.4095e+06
0.333 1.208e+07 2.406e+06
0.334 1.6005e+07 2.4025e+06
0.335 1.5415e+07 2.399e+06
0.336 1.7984e+07 2.3956e+06
0.337 1.5985e+07 2.3921e+06
0.338 1.5137e+07 2.3887e+06
0.339 1.3882e+07 2.3852e+06
0.34 1.4226e+07 2.3818e+06
0.341 1.3411e+07 2.3784e+06
0.342 1.7003e+07 2.375e+06
0.343 1.5e+07 2.3717e+06
0.344 1.6227e+07 2.3683e+06
0.345 1.4938e+07 2.3649e+06
0.346 1.5112e+07 2.3616e+06
0.347 1.3543e+07 2.3583e+06
0.348 1.7656e+07 2.3549e+06
0.349 1.5071e+07 2.3516e+06
0.35 1.395e+07 2.3483e+06
0.351 1.5844e+07 2.3451e+06
0.352 1.6629e+07 2.3418e+06
0.353 1.5729e+07 2.3385e+06
0.354 1.753e+07 2.3353e+06
0.355 1.6973e+07 2.332e+06
0.356 9.8188e+06 2.3288e+06
0.357 1.3227e+07 2.3256e+06
0.358 1.3045e+07 2.3224e+06
0.359 1.4351e+07 2.3192e+06
0.36 1.8513e+07 2.316e+06
0.361 1.3485e+07 2.3128e+06
0.362 1.8232e+07 2.3097e+06
0.363 1.6982e+07 2.3065e+06
0.364 1.8025e+07 2.3034e+06
0.365 1.8816e+07 2.3002e+06
0.366 1.6866e+07 2.2971e+06
0.367 1.0893e+07 2.294e+06
0.368 1.8294e+07 2.2909e+06
0.369 1.5202e+07 2.2878e+06
0.37 1.6178e+07 2.2847e+06
0.371 1.1045e+07 2.2817e+06
0.372 1.972e+07 2.2786e+06
0.373 1.5421e+07 2.2756e+06
0.374 1.4146e+07 2.2725e+06
0.375 1.259e+07 2.2695e+06
0.376 1.834e+07 2.2665e+06
0.377 1.8366e+07 2.2635e+06
0.378 1.3206e+07 2.2605e+06
0.379 1.7344e+07 2.2575e+06
0.38 1.4302e+07 2.2545e+06
0.381 1.2591e+07 2.2516e+06
0.382 1.3883e+07 2.2486e+06
0.383 1.6035e+07 2.2457e+06
0.384 1.4349e+07 2.2427e+06
0.385 1.4313e+07 2.2398e+06
0.386 1.5045e+07 2.2369e+06
0.387 1.6955e+07 2.234e+06
0.388 1.7436e+07 2.2311e+06
0.389 1.2109e+07 2.2282e+06
0.39 1.5493e+07 2.2254e+06
0.391 1.6266e+07 2.2225e+06
0.392 1.0498e+07 2.2196e+06
0.393 1.3756e+07 2.2168e+06
0.394 1.7602e+07 2.214e+06
0.395 1.7643e+07 2.2112e+06
0.396 1.4073e+07 2.2083e+06
0.397 1.2517e+07 2.2055e+06
0.398 1.0041e+07 2.2027e+06
0.399 1.4917e+07 2.2e+06
0.4 1.5477e+07 2.1972e+06
0.401 1.6036e+07 2.1944e+06
0.402 1.6314e+07 2.1917e+06
0.403 1.5756e+07 2.1889e+06
0.404 1.59e+07 2.1862e+06
0.405 1.2355e+07 2.1835e+06
0.406 1.4012e+07 2.1808e+06
0.407 1.6582e+07 2.178e+06
0.408 1.4021e+07 2.1754e+06
0.409 1.2424e+07 2.1727e+06
0.41 1.3667e+07 2.17e+06
0.411 1.8793e+07 2.1673e+06
0.412 1.0249e+07 2.1647e+06
0.413 1.7644e+07 2.162e+06
0.414 1.5242e+07 2.1594e+06
0.415 1.7692e+07 2.1567e+06
0.416 1.8046e+07 2.1541e+06
0.417 1.5216e+07 2.1515e+06
0.418 1.2336e+07 2.1489e+06
0.419 1.6385e+07 2.1463e+06
0.42 1.2429e+07 2.1437e+06
0.421 1.6135e+07 2.1411e+06
0.422 1.5548e+07 2.1385e+06
0.423 1.4016e+07 2.136e+06
0.424 1.606e+07 2.1334e+06
0.425 1.6234e+07 2.1309e+06
0.426 1.4848e+07 2.1283e+06
0.427 1.4687e+07 2.1258e+06
0.428 1.725e+07 2.1233e+06
0.429 1.6429e+07 2.1208e+06
0.43 1.2863e+07 2.1183e+06
0.431 1.4158e+07 2.1158e+06
0.432 1.5957e+07 2.1133e+06
0.433 1.4682e+07 2.1108e+06
0.434 1.6208e+07 2.1083e+06
0.435 1.7929e+07 2.1058e+06
0.436 1.1681e+07 2.1034e+06
0.437 1.3794e+07 2.1009e+06
0.438 1.3217e+07 2.0985e+06
0.439 1.6498e+07 2.0961e+06
0.44 1.7113e+07 2.0936e+06
0.441 1.2629e+07 2.0912e+06
0.442 1.0837e+07 2.0888e+06
0.443 1.1788e+07 2.0864e+06
0.444 1.5614e+07 2.084e+06
0.445 1.4572e+07 2.0816e+06
0.446 1.7137e+07 2.0792e+06
0.447 1.4188e+07 2.0768e+06
0.448 1.5839e+07 2.0745e+06
0.449 1.129e+07 2.0721e+06
0.45 1.2766e+07 2.0698e+06
0.451 1.5205e+07 2.0674e+06
0.452 1.105e+07 2.0651e+06
0.453 1.1249e+07 2.0627e+06
0.454 1.71e+07 2.0604e+06
0.455 1.6391e+07 2.0581e+06
0.456 1.4221e+07 2.0558e+06
0.457 1.4784e+07 2.0535e+06
0.458 1.3885e+07 2.0512e+06
0.459 1.3502e+07 2.0489e+06
0.46 1.4242e+07 2.0466e+06
0.461 1.2374e+07 2.0443e+06
0.462 1.3981e+07 2.042e+06
0.463 1.6337e+07 2.0398e+06
0.464 1.2722e+07 2.0375e+06
0.465 1.6294e+07 2.0353e+06
0.466 1.5433e+07 2.033e+06
0.467 1.3999e+07 2.0308e+06
0.468 1.5047e+07 2.0285e+06
0.469 1.2945e+07 2.0263e+06
0.47 1.2874e+07 2.0241e+06
0.471 1.038e+07 2.0219e+06
0.472 1.2072e+07 2.0197e+06
0.473 1.4347e+07 2.0175e+06
0.474 1.5812e+07 2.0153e+06
0.475 1.8264e+07 2.0131e+06
0.476 1.0901e+07 2.0109e+06
0.477 1.3266e+07 2.0088e+06
0.478 1.1556e+07 2.0066e+06
0.479 1.5384e+07 2.0044e+06
0.48 1.0546e+07 2.0023e+06
0.481 1.6533e+07 2.0001e+06
0.482 1.2401e+07 1.998e+06
0.483 1.2472e+07 1.9958e+06
0.484 1.2869e+07 1.9937e+06
0.485 1.2318e+07 1.9916e+06
0.486 1.2832e+07 1.9895e+06
0.487 1.3838e+07 1.9874e+06
0.488 1.4099e+07 1.9852e+06
0.489 1.1992e+07 1.9831e+06
0.49 1.2757e+07 1.9811e+06
0.491 1.3654e+07 1.979e+06
0.492 1.1221e+07 1.9769e+06
0.493 1.5079e+07 1.9748e+06
0.494 1.3925e+07 1.9727e+06
0.495 1.4046e+07 1.9707e+06
0.496 1.5638e+07 1.9686e+06
0.497 1.0121e+07 1.9666e+06
0.498 1.721e+07 1.9645e+06
0.499 1.7538e+07 1.9625e+06
0.5 1.1542e+07 1.9605e+06
