0.001 3.264e+09 6.528e+07
0.002 3.2461e+09 6.4922e+07
0.003 3.2213e+09 6.4426e+07
0.004 3.3407e+09 6.6815e+07
0.005 3.1959e+09 6.3917e+07
0.006 3.1192e+09 6.2384e+07
0.007 3.1892e+09 6.3784e+07
0.008 3.139e+09 6.278e+07
0.009 3.2206e+09 6.4412e+07
0.01 3.2583e+09 6.5166e+07
0.011 3.1294e+09 6.2587e+07
0.012 3.2425e+09 6.4849e+07
0.013 3.2428e+09 6.4856e+07
0.014 3.1474e+09 6.2948e+07
0.015 3.2354e+09 6.4707e+07
0.016 3.2347e+09 6.4695e+07
0.017 3.2657e+09 6.5315e+07
0.018 3.1688e+09 6.3375e+07
0.019 3.2328e+09 6.4656e+07
0.02 3.1961e+09 6.3923e+07
0.021 3.1607e+09 6.3215e+07
0.022 3.0944e+09 6.1888e+07
0.023 3.0719e+09 6.1437e+07
0.024 3.0344e+09 6.0688e+07
0.025 3.0292e+09 6.0584e+07
0.026 3.0487e+09 6.0974e+07
0.027 2.9959e+09 5.9919e+07
0.028 3.0191e+09 6.0382e+07
0.029 2.9954e+09 5.9908e+07
0.03 2.9673e+09 5.9346e+07
0.031 2.9146e+09 5.8292e+07
0.032 2.9148e+09 5.8295e+07
0.033 2.8882e+09 5.7763e+07
0.034 2.8152e+09 5.6303e+07
0.035 2.8296e+09 5.6593e+07
0.036 2.8706e+09 5.7412e+07
0.037 2.7959e+09 5.5918e+07
0.038 2.7853e+09 5.5707e+07
0.039 2.7972e+09 5.5945e+07
0.04 2.7059e+09 5.4119e+07
0.041 2.7071e+09 5.4141e+07
0.042 2.7029e+09 5.4059e+07
0.043 2.6783e+09 5.3565e+07
0.044 2.6383e+09 5.2766e+07
0.045 2.6232e+09 5.2465e+07
0.046 2.6324e+09 5.2648e+07
0.047 2.5387e+09 5.0773e+07
0.048 2.5365e+09 5.0729e+07
0.049 2.4968e+09 4.9936e+07
0.05 2.4856e+09 4.9711e+07
0.051 2.4749e+09 4.9498e+07
0.052 2.4419e+09 4.8837e+07
0.053 2.3864e+09 4.7727e+07
0.054 2.3496e+09 4.6992e+07
0.055 2.3322e+09 4.6644e+07
0.056 2.3e+09 4.6e+07
0.057 2.3034e+09 4.6068e+07
0.058 2.2494e+09 4.4988e+07
0.059 2.2216e+09 4.4431e+07
0.06 2.2231e+09 4.4462e+07
0.061 2.1787e+09 4.3574e+07
0.062 2.1166e+09 4.2332e+07
0.063 2.0668e+09 4.1336e+07
0.064 2.0692e+09 4.1383e+07
0.065 2.0329e+09 4.0658e+07
0.066 2.0406e+09 4.0812e+07
0.067 2.004e+09 4.008e+07
0.068 1.9464e+09 3.8927e+07
0.069 1.9356e+09 3.8712e+07
0.07 1.9394e+09 3.8787e+07
0.071 1.8646e+09 3.7292e+07
0.072 1.8354e+09 3.6709e+07
0.073 1.8056e+09 3.6112e+07
0.074 1.7814e+09 3.5628e+07
0.075 1.7363e+09 3.4726e+07
0.076 1.7451e+09 3.4902e+07
0.077 1.6934e+09 3.3869e+07
0.078 1.6792e+09 3.3583e+07
0.079 1.6477e+09 3.2955e+07
0.08 1.6194e+09 3.2387e+07
0.081 1.5641e+09 3.1282e+07
0.082 1.5776e+09 3.1552e+07
0.083 1.547e+09 3.0941e+07
0.084 1.5e+09 3.0001e+07
0.085 1.4895e+09 2.979e+07
0.086 1.4297e+09 2.8595e+07
0.087 1.4209e+09 2.8417e+07
0.088 1.3814e+09 2.7627e+07
0.089 1.3827e+09 2.7654e+07
0.09 1.3538e+09 2.7077e+07
0.091 1.3068e+09 2.6137e+07
0.092 1.3196e+09 2.6391e+07
0.093 1.2366e+09 2.4733e+07
0.094 1.2205e+09 2.4409e+07
0.095 1.225e+09 2.4499e+07
0.096 1.1899e+09 2.3798e+07
0.097 1.1586e+09 2.3171e+07
0.098 1.1449e+09 2.2898e+07
0.099 1.1176e+09 2.2352e+07
0.1 1.0894e+09 2.1788e+07
0.101 1.0793e+09 2.1586e+07
0.102 1.0405e+09 2.081e+07
0.103 1.0103e+09 2.0206e+07
0.104 9.8366e+08 1.9673e+07
0.105 9.6398e+08 1.928e+07
0.106 9.7462e+08 1.9492e+07
0.107 9.3291e+08 1.8658e+07
0.108 9.1347e+08 1.8269e+07
0.109 9.1361e+08 1.8272e+07
0.11 8.6669e+08 1.7334e+07
0.111 8.6612e+08 1.7322e+07
0.112 8.6288e+08 1.7258e+07
0.113 8.2187e+08 1.6437e+07
0.114 8.0718e+08 1.6144e+07
0.115 7.8695e+08 1.5739e+07
0.116 7.6905e+08 1.5381e+07
0.117 7.5329e+08 1.5066e+07
0.118 7.3422e+08 1.4684e+07
0.119 6.9488e+08 1.3898e+07
0.12 7.0599e+08 1.412e+07
0.121 6.8999e+08 1.38e+07
0.122 6.6303e+08 1.3261e+07
0.123 6.3608e+08 1.2722e+07
0.124 6.3864e+08 1.2773e+07
0.125 6.1858e+08 1.2372e+07
0.126 6.0653e+08 1.2131e+07
0.127 5.823e+08 1.1646e+07
0.128 5.7177e+08 1.1435e+07
0.129 5.7392e+08 1.1478e+07
0.13 5.4406e+08 1.0881e+07
0.131 5.2861e+08 1.0572e+07
0.132 5.0937e+08 1.0187e+07
0.133 5.1885e+08 1.0377e+07
0.134 4.8789e+08 9.7578e+06
0.135 4.9446e+08 9.8893e+06
0.136 4.7421e+08 9.4842e+06
0.137 4.5792e+08 9.1584e+06
0.138 4.3515e+08 8.7031e+06
0.139 4.2204e+08 8.4408e+06
0.14 4.0736e+08 8.1472e+06
0.141 4.1017e+08 8.2034e+06
0.142 3.9393e+08 7.8787e+06
0.143 3.876e+08 7.752e+06
0.144 3.9948e+08 7.9897e+06
0.145 3.7467e+08 7.4935e+06
0.146 3.6795e+08 7.3591e+06
0.147 3.4649e+08 6.9298e+06
0.148 3.3814e+08 6.7628e+06
0.149 3.3982e+08 6.7964e+06
0.15 3.2642e+08 6.5284e+06
0.151 3.2277e+08 6.4553e+06
0.152 3.0728e+08 6.1457e+06
0.153 3.2477e+08 6.4953e+06
0.154 2.8246e+08 5.6493e+06
0.155 2.8916e+08 5.7831e+06
0.156 2.6384e+08 5.2769e+06
0.157 2.7973e+08 5.5946e+06
0.158 2.5749e+08 5.1498e+06
0.159 2.5343e+08 5.0686e+06
0.16 2.7571e+08 5.5141e+06
0.161 2.6042e+08 5.2085e+06
0.162 2.3691e+08 4.7382e+06
0.163 2.3641e+08 4.7281e+06
0.164 2.292e+08 4.584e+06
0.165 2.4212e+08 4.8424e+06
0.166 2.3121e+08 4.6242e+06
0.167 2.1861e+08 4.3721e+06
0.168 1.9776e+08 3.9553e+06
0.169 2.0982e+08 4.1964e+06
0.17 2.001e+08 4.0021e+06
0.171 2.0224e+08 4.0448e+06
0.172 1.7366e+08 3.4732e+06
0.173 1.9413e+08 3.8826e+06
0.174 1.8262e+08 3.6525e+06
0.175 1.8349e+08 3.6698e+06
0.176 1.7477e+08 3.4954e+06
0.177 1.8381e+08 3.6762e+06
0.178 1.6954e+08 3.3907e+06
0.179 1.6968e+08 3.3937e+06
0.18 1.5556e+08 3.1112e+06
0.181 1.6007e+08 3.2014e+06
0.182 1.504e+08 3.008e+06
0.183 1.4187e+08 2.8374e+06
0.184 1.4754e+08 2.9508e+06
0.185 1.418e+08 2.836e+06
0.186 1.3577e+08 2.7153e+06
0.187 1.3661e+08 2.7323e+06
0.188 1.3554e+08 2.7107e+06
0.189 1.4367e+08 2.8735e+06
0.19 1.4166e+08 2.8332e+06
0.191 1.3132e+08 2.6263e+06
0.192 1.14e+08 2.2801e+06
0.193 1.131e+08 2.262e+06
0.194 1.1733e+08 2.3466e+06
0.195 1.0644e+08 2.1289e+06
0.196 1.1274e+08 2.2549e+06
0.197 1.0577e+08 2.1154e+06
0.198 1.0916e+08 2.1832e+06
0.199 9.6435e+07 1.9287e+06
0.2 1.1404e+08 2.2808e+06
0.201 1.0242e+08 2.0485e+06
0.202 9.4286e+07 1.8857e+06
0.203 9.3379e+07 1.8676e+06
0.204 7.8414e+07 1.5683e+06
0.205 8.8792e+07 1.7758e+06
0.206 8.9102e+07 1.782e+06
0.207 9.3335e+07 1.8667e+06
0.208 7.2123e+07 1.4425e+06
0.209 8.6422e+07 1.7284e+06
0.21 6.9793e+07 1.3959e+06
0.211 7.1982e+07 1.4396e+06
0.212 6.6291e+07 1.3258e+06
0.213 7.761e+07 1.5522e+06
0.214 6.9893e+07 1.3979e+06
0.215 5.7639e+07 1.1528e+06
0.216 6.5287e+07 1.3057e+06
0.217 7.1032e+07 1.4206e+06
0.218 5.4876e+07 1.0975e+06
0.219 5.2842e+07 1.0568e+06
0.22 6.7009e+07 1.3402e+06
0.221 7.4756e+07 1.4951e+06
0.222 6.5281e+07 1.3056e+06
0.223 6.2051e+07 1.241e+06
0.224 6.0084e+07 1.2017e+06
0.225 5.7128e+07 1.1426e+06
0.226 4.5869e+07 9.1738e+05
0.227 7.0976e+07 1.4195e+06
0.228 4.7604e+07 9.5209e+05
0.229 5.6706e+07 1.1341e+06
0.23 5.2388e+07 1.0478e+06
0.231 6.1493e+07 1.2299e+06
0.232 3.6906e+07 7.3812e+05
0.233 5.2719e+07 1.0544e+06
0.234 3.749e+07 7.4979e+05
0.235 4.1953e+07 8.3906e+05
0.236 5.1883e+07 1.0377e+06
0.237 4.8365e+07 9.6731e+05
0.238 5.1403e+07 1.0281e+06
0.239 4.2489e+07 8.4979e+05
0.24 4.2594e+07 8.5189e+05
0.241 4.0974e+07 8.1949e+05
0.242 6.275e+07 1.255e+06
0.243 4.2028e+07 8.4055e+05
0.244 3.5372e+07 7.0744e+05
0.245 4.0278e+07 8.0556e+05
0.246 4.7678e+07 9.5356e+05
0.247 3.9521e+07 7.9042e+05
0.248 2.8977e+07 5.7954e+05
0.249 4.5243e+07 9.0486e+05
0.25 3.142e+07 6.2839e+05
0.251 3.1284e+07 6.2568e+05
0.252 4.005e+07 8.01e+05
0.253 2.2099e+07 4.4197e+05
0.254 3.1506e+07 6.3011e+05
0.255 3.3177e+07 6.6355e+05
0.256 1.954e+07 3.9079e+05
0.257 3.4318e+07 6.8636e+05
0.258 3.4806e+07 6.9612e+05
0.259 4.0058e+07 8.0116e+05
0.26 3.2843e+07 6.5686e+05
0.261 4.2011e+07 8.4022e+05
0.262 3.6448e+07 7.2897e+05
0.263 2.6004e+07 5.2009e+05
0.264 2.9573e+07 5.9146e+05
0.265 2.7979e+07 5.5957e+05
0.266 3.4786e+07 6.9572e+05
0.267 3.4033e+07 6.8067e+05
0.268 3.0614e+07 6.1227e+05
0.269 2.8865e+07 5.773e+05
0.27 3.4783e+07 6.9566e+05
0.271 3.1616e+07 6.3232e+05
0.272 3.7631e+07 7.5262e+05
0.273 3.0319e+07 6.0638e+05
0.274 2.6754e+07 5.3508e+05
0.275 2.6085e+07 5.217e+05
0.276 4.3159e+07 8.6318e+05
0.277 3.6883e+07 7.3765e+05
0.278 3.8789e+07 7.7578e+05
0.279 3.0628e+07 6.1257e+05
0.28 2.0085e+07 4.0171e+05
0.281 2.841e+07 5.6819e+05
0.282 3.278e+07 6.5561e+05
0.283 2.7572e+07 5.5144e+05
0.284 2.6486e+07 5.2972e+05
0.285 2.7547e+07 5.5094e+05
0.286 3.1408e+07 6.2817e+05
0.287 2.4438e+07 4.8876e+05
0.288 3.6077e+07 7.2153e+05
0.289 2.9178e+07 5.8355e+05
0.29 3.2158e+07 6.4315e+05
0.291 2.7349e+07 5.4698e+05
0.292 3.1649e+07 6.3298e+05
0.293 3.0674e+07 6.1347e+05
0.294 3.3451e+07 6.6902e+05
0.295 3.8164e+07 7.6328e+05
0.296 2.8531e+07 5.7062e+05
0.297 4.238e+07 8.476e+05
0.298 3.4826e+07 6.9651e+05
0.299 1.3671e+07 2.7343e+05
0.3 2.8469e+07 5.6937e+05
0.301 2.2448e+07 4.4896e+05
0.302 3.7897e+07 7.5793e+05
0.303 3.8337e+07 7.6674e+05
0.304 3.123e+07 6.246e+05
0.305 3.2199e+07 6.4398e+05
0.306 2.765e+07 5.5299e+05
0.307 3.8782e+07 7.7564e+05
0.308 3.9049e+07 7.8099e+05
0.309 3.2006e+07 6.4012e+05
0.31 2.3583e+07 4.7165e+05
0.311 2.4795e+07 4.959e+05
0.312 4.052e+07 8.1041e+05
0.313 3.8615e+07 7.7229e+05
0.314 2.7865e+07 5.573e+05
0.315 3.3223e+07 6.6446e+05
0.316 2.507e+07 5.014e+05
0.317 2.8453e+07 5.6905e+05
0.318 3.5381e+07 7.0763e+05
0.319 3.6515e+07 7.3029e+05
0.32 4.2136e+07 8.4271e+05
0.321 3.4043e+07 6.8085e+05
0.322 3.1392e+07 6.2784e+05
0.323 3.9597e+07 7.9195e+05
0.324 3.3137e+07 6.6273e+05
0.325 2.8064e+07 5.6128e+05
0.326 3.016e+07 6.0321e+05
0.327 3.3736e+07 6.7473e+05
0.328 3.3069e+07 6.6138e+05
0.329 4.393e+07 8.786e+05
0.33 4.2389e+07 8.4778e+05
0.331 3.4998e+07 6.9996e+05
0.332 3.8022e+07 7.6043e+05
0.333 2.4663e+07 4.9325e+05
0.334 3.1631e+07 6.3261e+05
0.335 3.626e+07 7.252e+05
0.336 3.5347e+07 7.0694e+05
0.337 3.3687e+07 6.7373e+05
0.338 3.1706e+07 6.3411e+05
0.339 3.073e+07 6.1459e+05
0.34 3.5104e+07 7.0207e+05
0.341 2.8485e+07 5.6969e+05
0.342 3.3517e+07 6.7035e+05
0.343 3.6561e+07 7.3122e+05
0.344 4.2116e+07 8.4232e+05
0.345 3.1316e+07 6.2632e+05
0.346 3.5523e+07 7.1047e+05
0.347 3.7603e+07 7.5205e+05
0.348 3.8087e+07 7.6173e+05
0.349 3.5475e+07 7.0949e+05
0.35 2.6183e+07 5.2365e+05
0.351 3.6973e+07 7.3947e+05
0.352 3.4825e+07 6.9651e+05
0.353 2.9179e+07 5.8358e+05
0.354 4.0928e+07 8.1855e+05
0.355 3.6412e+07 7.2825e+05
0.356 2.9109e+07 5.8218e+05
0.357 3.6682e+07 7.3363e+05
0.358 3.1668e+07 6.3337e+05
0.359 3.5205e+07 7.041e+05
0.36 2.5904e+07 5.1809e+05
0.361 3.4785e+07 6.9569e+05
0.362 3.1531e+07 6.3062e+05
0.363 3.1739e+07 6.3478e+05
0.364 2.9447e+07 5.8895e+05
0.365 4.3238e+07 8.6475e+05
0.366 2.7838e+07 5.5676e+05
0.367 3.3506e+07 6.7012e+05
0.368 2.7397e+07 5.4794e+05
0.369 2.2755e+07 4.5509e+05
0.37 3.5131e+07 7.0262e+05
0.371 2.9412e+07 5.8824e+05
0.372 3.8275e+07 7.6551e+05
0.373 3.7991e+07 7.5983e+05
0.374 3.6071e+07 7.2141e+05
0.375 3.5809e+07 7.1617e+05
0.376 2.7137e+07 5.4273e+05
0.377 3.1266e+07 6.2533e+05
0.378 3.0708e+07 6.1416e+05
0.379 2.8751e+07 5.7503e+05
0.38 3.2384e+07 6.4768e+05
0.381 3.2628e+07 6.5256e+05
0.382 2.5159e+07 5.0317e+05
0.383 3.2401e+07 6.4803e+05
0.384 3.1975e+07 6.3949e+05
0.385 3.5363e+07 7.0726e+05
0.386 3.9709e+07 7.9418e+05
0.387 2.1153e+07 4.2307e+05
0.388 2.8298e+07 5.6596e+05
0.389 3.2622e+07 6.5243e+05
0.39 2.5952e+07 5.1904e+05
0.391 2.9451e+07 5.8902e+05
0.392 3.4931e+07 6.9862e+05
0.393 2.7642e+07 5.5284e+05
0.394 2.8263e+07 5.6525e+05
0.395 3.0511e+07 6.1022e+05
0.396 2.8757e+07 5.7515e+05
0.397 2.4521e+07 4.9041e+05
0.398 2.8859e+07 5.7717e+05
0.399 3.6051e+07 7.2101e+05
0.4 3.0674e+07 6.1349e+05
0.401 2.8434e+07 5.6868e+05
0.402 2.6985e+07 5.3969e+05
0.403 3.0963e+07 6.1926e+05
0.404 2.6035e+07 5.207e+05
0.405 3.3339e+07 6.6678e+05
0.406 4.0353e+07 8.0705e+05
0.407 2.2425e+07 4.485e+05
0.408 3.2237e+07 6.4474e+05
0.409 2.5149e+07 5.0299e+05
0.41 2.4369e+07 4.8739e+05
0.411 3.3468e+07 6.6935e+05
0.412 3.0073e+07 6.0146e+05
0.413 2.7497e+07 5.4993e+05
0.414 2.9187e+07 5.8374e+05
0.415 2.5817e+07 5.1634e+05
0.416 3.0193e+07 6.0385e+05
0.417 2.3363e+07 4.6725e+05
0.418 2.1358e+07 4.2717e+05
0.419 2.9598e+07 5.9196e+05
0.42 2.7267e+07 5.4533e+05
0.421 2.5959e+07 5.1918e+05
0.422 2.2422e+07 4.4844e+05
0.423 2.1961e+07 4.3921e+05
0.424 2.6132e+07 5.2264e+05
0.425 2.7878e+07 5.5755e+05
0.426 2.8687e+07 5.7373e+05
0.427 3.0494e+07 6.0988e+05
0.428 2.7395e+07 5.479e+05
0.429 2.6816e+07 5.3631e+05
0.43 2.5537e+07 5.1075e+05
0.431 2.8969e+07 5.7938e+05
0.432 2.4514e+07 4.9028e+05
0.433 1.9791e+07 3.9583e+05
0.434 2.1883e+07 4.3765e+05
0.435 3.1819e+07 6.3637e+05
0.436 2.2583e+07 4.5167e+05
0.437 3.5281e+07 7.0563e+05
0.438 2.3184e+07 4.6368e+05
0.439 2.5535e+07 5.107e+05
0.44 2.1478e+07 4.2957e+05
0.441 2.6269e+07 5.2539e+05
0.442 3.701e+07 7.4019e+05
0.443 2.2274e+07 4.4548e+05
0.444 2.3045e+07 4.609e+05
0.445 2.6977e+07 5.3955e+05
0.446 2.3575e+07 4.7149e+05
0.447 2.4603e+07 4.9206e+05
0.448 3.0669e+07 6.1338e+05
0.449 3.0963e+07 6.1926e+05
0.45 2.4411e+07 4.8821e+05
0.451 2.6387e+07 5.2775e+05
0.452 2.6567e+07 5.3135e+05
0.453 1.6811e+07 3.3621e+05
0.454 2.5478e+07 5.0956e+05
0.455 2.458e+07 4.916e+05
0.456 3.1843e+07 6.3687e+05
0.457 1.707e+07 3.4139e+05
0.458 2.1149e+07 4.2298e+05
0.459 3.1796e+07 6.3592e+05
0.46 2.4752e+07 4.9505e+05
0.461 3.3042e+07 6.6084e+05
0.462 2.6592e+07 5.3184e+05
0.463 2.069e+07 4.138e+05
0.464 1.7909e+07 3.5818e+05
0.465 2.1873e+07 4.3745e+05
0.466 2.5207e+07 5.0414e+05
0.467 2.3349e+07 4.6698e+05
0.468 2.0986e+07 4.1972e+05
0.469 2.4175e+07 4.835e+05
0.47 2.2315e+07 4.463e+05
0.471 2.4448e+07 4.8897e+05
0.472 1.5146e+07 3.0293e+05
0.473 2.6515e+07 5.3029e+05
0.474 2.8874e+07 5.7748e+05
0.475 2.3345e+07 4.6691e+05
0.476 2.3937e+07 4.7874e+05
0.477 2.2865e+07 4.573e+05
0.478 1.9483e+07 3.8965e+05
0.479 1.727e+07 3.454e+05
0.48 2.0225e+07 4.0451e+05
0.481 2.3494e+07 4.6988e+05
0.482 1.8461e+07 3.6922e+05
0.483 1.9865e+07 3.973e+05
0.484 2.1159e+07 4.2319e+05
0.485 2.4192e+07 4.8384e+05
0.486 2.7768e+07 5.5537e+05
0.487 2.1878e+07 4.3755e+05
0.488 2.5674e+07 5.1347e+05
0.489 2.2079e+07 4.4159e+05
0.49 2.5298e+07 5.0596e+05
0.491 1.266e+07 2.5319e+05
0.492 2.0142e+07 4.0283e+05
0.493 2.0157e+07 4.0314e+05
0.494 1.9778e+07 3.9557e+05
0.495 2.8199e+07 5.6398e+05
0.496 2.1834e+07 4.3668e+05
0.497 2.3569e+07 4.7138e+05
0.498 2.0225e+07 4.045e+05
0.499 1.9086e+07 3.8172e+05
0.5 2.6459e+07 5.2918e+05
