0.001 3.2646e+09 6.5293e+07
0.002 3.2734e+09 6.5467e+07
0.003 3.0725e+09 6.145e+07
0.004 3.0029e+09 6.0058e+07
0.005 3.1726e+09 6.3451e+07
0.006 2.9675e+09 5.9349e+07
0.007 3.1484e+09 6.2968e+07
0.008 2.9717e+09 5.9433e+07
0.009 3.139e+09 6.278e+07
0.01 3.0498e+09 6.0995e+07
0.011 3.0119e+09 6.0238e+07
0.012 3.0791e+09 6.1581e+07
0.013 3.0219e+09 6.0438e+07
0.014 3.1038e+09 6.2075e+07
0.015 2.9941e+09 5.9882e+07
0.016 3.0135e+09 6.0269e+07
0.017 3.0204e+09 6.0409e+07
0.018 3.0568e+09 6.1137e+07
0.019 2.9499e+09 5.8998e+07
0.02 2.982e+09 5.9641e+07
0.021 3.0223e+09 6.0447e+07
0.022 2.9498e+09 5.8995e+07
0.023 2.8841e+09 5.7682e+07
0.024 2.9873e+09 5.9746e+07
0.025 2.9245e+09 5.8491e+07
0.026 2.8737e+09 5.7473e+07
0.027 2.8927e+09 5.7854e+07
0.028 2.8682e+09 5.7363e+07
0.029 2.8466e+09 5.6931e+07
0.03 2.8428e+09 5.6855e+07
0.031 2.7663e+09 5.5327e+07
0.032 2.7178e+09 5.4356e+07
0.033 2.7393e+09 5.4785e+07
0.034 2.6854e+09 5.3707e+07
0.035 2.7111e+09 5.4222e+07
0.036 2.6963e+09 5.3926e+07
0.037 2.6518e+09 5.3035e+07
0.038 2.6936e+09 5.3872e+07
0.039 2.6458e+09 5.2916e+07
0.04 2.6003e+09 5.2005e+07
0.041 2.529e+09 5.058e+07
0.042 2.6034e+09 5.2069e+07
0.043 2.5351e+09 5.0702e+07
0.044 2.4993e+09 4.9986e+07
0.045 2.4929e+09 4.9859e+07
0.046 2.4444e+09 4.8888e+07
0.047 2.4168e+09 4.8336e+07
0.048 2.4065e+09 4.813e+07
0.049 2.3881e+09 4.7762e+07
0.05 2.2983e+09 4.5965e+07
0.051 2.3289e+09 4.6578e+07
0.052 2.3148e+09 4.6296e+07
0.053 2.2934e+09 4.5869e+07
0.054 2.2426e+09 4.4852e+07
0.055 2.223e+09 4.4459e+07
0.056 2.1736e+09 4.3473e+07
0.057 2.1606e+09 4.3211e+07
0.058 2.1553e+09 4.3107e+07
0.059 2.1424e+09 4.2848e+07
0.06 2.1012e+09 4.2024e+07
0.061 2.0651e+09 4.1301e+07
0.062 2.0168e+09 4.0337e+07
0.063 2.0192e+09 4.0384e+07
0.064 1.9489e+09 3.8977e+07
0.065 1.9277e+09 3.8554e+07
0.066 1.9211e+09 3.8421e+07
0.067 1.8758e+09 3.7516e+07
0.068 1.866e+09 3.732e+07
0.069 1.8153e+09 3.6306e+07
0.07 1.8091e+09 3.6182e+07
0.071 1.7942e+09 3.5883e+07
0.072 1.7405e+09 3.4809e+07
0.073 1.7128e+09 3.4255e+07
0.074 1.6923e+09 3.3847e+07
0.075 1.6509e+09 3.3019e+07
0.076 1.6355e+09 3.271e+07
0.077 1.6225e+09 3.2449e+07
0.078 1.5906e+09 3.1811e+07
0.079 1.5729e+09 3.1459e+07
0.08 1.5155e+09 3.0311e+07
0.081 1.5162e+09 3.0324e+07
0.082 1.5033e+09 3.0066e+07
0.083 1.4529e+09 2.9058e+07
0.084 1.4221e+09 2.8442e+07
0.085 1.3992e+09 2.7983e+07
0.086 1.3714e+09 2.7428e+07
0.087 1.3351e+09 2.6701e+07
0.088 1.299e+09 2.5979e+07
0.089 1.2832e+09 2.5665e+07
0.09 1.2473e+09 2.4946e+07
0.091 1.2603e+09 2.5206e+07
0.092 1.2321e+09 2.4643e+07
0.093 1.1921e+09 2.3841e+07
0.094 1.1788e+09 2.3576e+07
0.095 1.1231e+09 2.2463e+07
0.096 1.1118e+09 2.2236e+07
0.097 1.1106e+09 2.2211e+07
0.098 1.0758e+09 2.1515e+07
0.099 1.0501e+09 2.1002e+07
0.1 1.0304e+09 2.0607e+07
0.101 1.037e+09 2.074e+07
0.102 9.9559e+08 1.9912e+07
0.103 9.7247e+08 1.9449e+07
0.104 9.3551e+08 1.871e+07
0.105 9.2972e+08 1.8594e+07
0.106 9.1031e+08 1.8206e+07
0.107 8.7457e+08 1.7491e+07
0.108 8.8262e+08 1.7652e+07
0.109 8.3321e+08 1.6664e+07
0.11 8.1476e+08 1.6295e+07
0.111 8.163e+08 1.6326e+07
0.112 7.8267e+08 1.5653e+07
0.113 7.8427e+08 1.5685e+07
0.114 7.6524e+08 1.5305e+07
0.115 7.4111e+08 1.4822e+07
0.116 7.3412e+08 1.4682e+07
0.117 7.0297e+08 1.4059e+07
0.118 7.0396e+08 1.4079e+07
0.119 6.8163e+08 1.3633e+07
0.12 6.7984e+08 1.3597e+07
0.121 6.557e+08 1.3114e+07
0.122 6.1315e+08 1.2263e+07
0.123 6.0452e+08 1.209e+07
0.124 5.7829e+08 1.1566e+07
0.125 5.7981e+08 1.1596e+07
0.126 5.6062e+08 1.1212e+07
0.127 5.4208e+08 1.0842e+07
0.128 5.4463e+08 1.0893e+07
0.129 5.2192e+08 1.0438e+07
0.13 5.0056e+08 1.0011e+07
0.131 5.0882e+08 1.0176e+07
0.132 4.7515e+08 9.503e+06
0.133 4.7435e+08 9.4871e+06
0.134 4.6147e+08 9.2293e+06
0.135 4.4968e+08 8.9937e+06
0.136 4.3995e+08 8.7989e+06
0.137 4.2282e+08 8.4563e+06
0.138 4.1603e+08 8.3205e+06
0.139 3.9742e+08 7.9485e+06
0.14 4.0358e+08 8.0715e+06
0.141 3.9149e+08 7.8299e+06
0.142 3.9378e+08 7.8755e+06
0.143 3.7535e+08 7.5069e+06
0.144 3.6853e+08 7.3706e+06
0.145 3.581e+08 7.162e+06
0.146 3.3183e+08 6.6365e+06
0.147 3.37e+08 6.7399e+06
0.148 3.1434e+08 6.2869e+06
0.149 3.1609e+08 6.3217e+06
0.15 3.0871e+08 6.1742e+06
0.151 2.9765e+08 5.953e+06
0.152 2.9127e+08 5.8255e+06
0.153 2.8911e+08 5.7821e+06
0.154 2.6614e+08 5.3228e+06
0.155 2.7092e+08 5.4184e+06
0.156 2.5339e+08 5.0679e+06
0.157 2.5998e+08 5.1996e+06
0.158 2.5134e+08 5.0268e+06
0.159 2.5322e+08 5.0644e+06
0.16 2.3788e+08 4.7575e+06
0.161 2.3715e+08 4.7431e+06
0.162 2.273e+08 4.5461e+06
0.163 2.2783e+08 4.5566e+06
0.164 2.169e+08 4.338e+06
0.165 2.15e+08 4.3001e+06
0.166 2.0582e+08 4.1163e+06
0.167 1.9214e+08 3.8428e+06
0.168 1.9607e+08 3.9214e+06
0.169 1.9947e+08 3.9894e+06
0.17 1.8654e+08 3.7309e+06
0.171 1.759e+08 3.518e+06
0.172 1.7683e+08 3.5367e+06
0.173 1.7968e+08 3.5937e+06
0.174 1.781e+08 3.5619e+06
0.175 1.5973e+08 3.1947e+06
0.176 1.6e+08 3.2001e+06
0.177 1.5958e+08 3.1916e+06
0.178 1.5841e+08 3.1683e+06
0.179 1.5617e+08 3.1235e+06
0.18 1.4621e+08 2.9242e+06
0.181 1.4166e+08 2.8331e+06
0.182 1.4582e+08 2.9164e+06
0.183 1.3482e+08 2.6964e+06
0.184 1.3643e+08 2.7285e+06
0.185 1.3483e+08 2.6966e+06
0.186 1.3145e+08 2.629e+06
0.187 1.284e+08 2.568e+06
0.188 1.1705e+08 2.341e+06
0.189 1.2972e+08 2.5944e+06
0.19 1.2453e+08 2.4905e+06
0.191 1.1776e+08 2.3552e+06
0.192 1.1222e+08 2.2444e+06
0.193 1.0865e+08 2.1731e+06
0.194 9.4346e+07 1.8869e+06
0.195 9.0238e+07 1.8048e+06
0.196 1.0865e+08 2.173e+06
0.197 9.7558e+07 1.9512e+06
0.198 8.6537e+07 1.7307e+06
0.199 9.5736e+07 1.9147e+06
0.2 8.5534e+07 1.7107e+06
0.201 9.6703e+07 1.9341e+06
0.202 8.506e+07 1.7012e+06
0.203 8.0019e+07 1.6004e+06
0.204 9.6852e+07 1.937e+06
0.205 7.9396e+07 1.5879e+06
0.206 7.8158e+07 1.5632e+06
0.207 7.7755e+07 1.5551e+06
0.208 7.7869e+07 1.5574e+06
0.209 7.8241e+07 1.5648e+06
0.21 7.1464e+07 1.4293e+06
0.211 6.5114e+07 1.3023e+06
0.212 6.5537e+07 1.3107e+06
0.213 6.8007e+07 1.3601e+06
0.214 6.6182e+07 1.3236e+06
0.215 7.1826e+07 1.4365e+06
0.216 7.3078e+07 1.4616e+06
0.217 6.8193e+07 1.3639e+06
0.218 7.6066e+07 1.5213e+06
0.219 5.7508e+07 1.1502e+06
0.22 5.9585e+07 1.1917e+06
0.221 6.544e+07 1.3088e+06
0.222 5.4496e+07 1.0899e+06
0.223 6.0967e+07 1.2193e+06
0.224 5.797e+07 1.1594e+06
0.225 5.3377e+07 1.0675e+06
0.226 5.4235e+07 1.0847e+06
0.227 5.2401e+07 1.048e+06
0.228 5.1837e+07 1.0367e+06
0.229 4.7353e+07 9.4705e+05
0.23 5.2614e+07 1.0523e+06
0.231 4.7474e+07 9.4947e+05
0.232 4.9847e+07 9.9695e+05
0.233 4.2398e+07 8.4796e+05
0.234 3.9635e+07 7.9269e+05
0.235 4.8119e+07 9.6238e+05
0.236 4.4017e+07 8.8033e+05
0.237 3.0609e+07 6.1217e+05
0.238 4.4178e+07 8.8356e+05
0.239 3.39e+07 6.78e+05
0.24 4.2537e+07 8.5073e+05
0.241 4.8448e+07 9.6896e+05
0.242 4.8029e+07 9.6059e+05
0.243 3.8164e+07 7.6328e+05
0.244 4.2918e+07 8.5836e+05
0.245 3.454e+07 6.9081e+05
0.246 3.6173e+07 7.2345e+05
0.247 3.458e+07 6.916e+05
0.248 3.1796e+07 6.3592e+05
0.249 3.4114e+07 6.8228e+05
0.25 2.8228e+07 5.6455e+05
0.251 3.0215e+07 6.043e+05
0.252 2.9503e+07 5.9007e+05
0.253 3.2673e+07 6.5346e+05
0.254 3.3276e+07 6.6552e+05
0.255 4.1386e+07 8.2773e+05
0.256 2.3611e+07 4.7221e+05
0.257 2.9303e+07 5.8606e+05
0.258 2.4558e+07 4.9117e+05
0.259 4.0082e+07 8.0163e+05
0.26 3.5277e+07 7.0555e+05
0.261 3.413e+07 6.826e+05
0.262 3.7196e+07 7.4392e+05
0.263 3.5597e+07 7.1195e+05
0.264 3.237e+07 6.474e+05
0.265 3.5313e+07 7.0627e+05
0.266 2.855e+07 5.7099e+05
0.267 2.5293e+07 5.0586e+05
0.268 4.6058e+07 9.2117e+05
0.269 2.0708e+07 4.1415e+05
0.27 3.4131e+07 6.8262e+05
0.271 2.6695e+07 5.339e+05
0.272 3.1773e+07 6.3545e+05
0.273 2.1849e+07 4.3698e+05
0.274 2.377e+07 4.7541e+05
0.275 3.4771e+07 6.9541e+05
0.276 3.2395e+07 6.479e+05
0.277 3.1423e+07 6.2845e+05
0.278 2.5906e+07 5.1813e+05
0.279 3.9198e+07 7.8396e+05
0.28 3.6804e+07 7.3609e+05
0.281 2.9657e+07 5.9313e+05
0.282 2.204e+07 4.4081e+05
0.283 2.7299e+07 5.4598e+05
0.284 3.3969e+07 6.7939e+05
0.285 3.6462e+07 7.2924e+05
0.286 3.0038e+07 6.0076e+05
0.287 2.3683e+07 4.7365e+05
0.288 2.6567e+07 5.3134e+05
0.289 2.3394e+07 4.6788e+05
0.29 3.2698e+07 6.5397e+05
0.291 3.1488e+07 6.2976e+05
0.292 3.363e+07 6.726e+05
0.293 3.698e+07 7.396e+05
0.294 3.906e+07 7.8119e+05
0.295 3.0644e+07 6.1288e+05
0.296 3.579e+07 7.1579e+05
0.297 2.8512e+07 5.7024e+05
0.298 3.3901e+07 6.7803e+05
0.299 3.0621e+07 6.1241e+05
0.3 2.4579e+07 4.9159e+05
0.301 3.3784e+07 6.7567e+05
0.302 3.7336e+07 7.4671e+05
0.303 3.2298e+07 6.4597e+05
0.304 3.5081e+07 7.0162e+05
0.305 2.7716e+07 5.5431e+05
0.306 3.7804e+07 7.5609e+05
0.307 2.061e+07 4.1219e+05
0.308 3.3798e+07 6.7596e+05
0.309 2.5613e+07 5.1227e+05
0.31 2.9804e+07 5.9608e+05
0.311 3.769e+07 7.5381e+05
0.312 3.2423e+07 6.4846e+05
0.313 3.1116e+07 6.2233e+05
0.314 3.2043e+07 6.4086e+05
0.315 2.982e+07 5.964e+05
0.316 3.0707e+07 6.1414e+05
0.317 3.263e+07 6.526e+05
0.318 2.8662e+07 5.7325e+05
0.319 3.7236e+07 7.4473e+05
0.32 3.2432e+07 6.4863e+05
0.321 3.4681e+07 6.9362e+05
0.322 3.6092e+07 7.2185e+05
0.323 3.612e+07 7.224e+05
0.324 4.2503e+07 8.5007e+05
0.325 3.3861e+07 6.7722e+05
0.326 3.1364e+07 6.2727e+05
0.327 4.2805e+07 8.5611e+05
0.328 3.4897e+07 6.9794e+05
0.329 3.6909e+07 7.3818e+05
0.33 2.9252e+07 5.8504e+05
0.331 3.6261e+07 7.2522e+05
0.332 4.3136e+07 8.6273e+05
0.333 3.5826e+07 7.1653e+05
0.334 3.3483e+07 6.6966e+05
0.335 3.3049e+07 6.6099e+05
0.336 3.473e+07 6.946e+05
0.337 3.3248e+07 6.6495e+05
0.338 3.8672e+07 7.7343e+05
0.339 2.9578e+07 5.9155e+05
0.34 3.0924e+07 6.1847e+05
0.341 3.2381e+07 6.4761e+05
0.342 3.5809e+07 7.1618e+05
0.343 2.6457e+07 5.2914e+05
0.344 3.7876e+07 7.5752e+05
0.345 3.5552e+07 7.1104e+05
0.346 3.7326e+07 7.4652e+05
0.347 3.2641e+07 6.5282e+05
0.348 3.9905e+07 7.981e+05
0.349 3.1249e+07 6.2498e+05
0.35 2.5042e+07 5.0083e+05
0.351 2.3292e+07 4.6583e+05
0.352 2.636e+07 5.2721e+05
0.353 3.6216e+07 7.2433e+05
0.354 2.8382e+07 5.6764e+05
0.355 2.8093e+07 5.6185e+05
0.356 3.7607e+07 7.5214e+05
0.357 2.7857e+07 5.5713e+05
0.358 2.6743e+07 5.3486e+05
0.359 3.1904e+07 6.3809e+05
0.36 4.7223e+07 9.4447e+05
0.361 3.4277e+07 6.8554e+05
0.362 2.6586e+07 5.3171e+05
0.363 3.4782e+07 6.9564e+05
0.364 2.9482e+07 5.8964e+05
0.365 3.2491e+07 6.4983e+05
0.366 3.2553e+07 6.5105e+05
0.367 2.5769e+07 5.1538e+05
0.368 4.1654e+07 8.3308e+05
0.369 3.4892e+07 6.9784e+05
0.37 2.4059e+07 4.8118e+05
0.371 1.8164e+07 3.6328e+05
0.372 3.2971e+07 6.5942e+05
0.373 3.1056e+07 6.2111e+05
0.374 2.9032e+07 5.8065e+05
0.375 2.6708e+07 5.3416e+05
0.376 2.9083e+07 5.8167e+05
0.377 3.4693e+07 6.9385e+05
0.378 3.1985e+07 6.397e+05
0.379 2.1358e+07 4.2716e+05
0.38 2.5745e+07 5.149e+05
0.381 3.6145e+07 7.229e+05
0.382 3.4633e+07 6.9266e+05
0.383 2.8387e+07 5.6773e+05
0.384 2.9466e+07 5.8933e+05
0.385 2.5822e+07 5.1643e+05
0.386 2.6848e+07 5.3696e+05
0.387 3.0551e+07 6.1102e+05
0.388 1.9196e+07 3.8392e+05
0.389 2.4989e+07 4.9978e+05
0.39 2.8976e+07 5.7951e+05
0.391 2.27e+07 4.54e+05
0.392 2.5429e+07 5.0859e+05
0.393 3.5091e+07 7.0182e+05
0.394 3.4818e+07 6.9636e+05
0.395 2.2081e+07 4.4161e+05
0.396 2.525e+07 5.05e+05
0.397 2.2033e+07 4.4066e+05
0.398 2.9949e+07 5.9899e+05
0.399 2.489e+07 4.9779e+05
0.4 3.0357e+07 6.0714e+05
0.401 3.1876e+07 6.3752e+05
0.402 2.9544e+07 5.9087e+05
0.403 2.8809e+07 5.7617e+05
0.404 2.482e+07 4.964e+05
0.405 2.2591e+07 4.5182e+05
0.406 2.9877e+07 5.9754e+05
0.407 2.6347e+07 5.2694e+05
0.408 2.6393e+07 5.2787e+05
0.409 2.7205e+07 5.441e+05
0.41 2.6687e+07 5.3375e+05
0.411 1.9451e+07 3.8902e+05
0.412 2.8827e+07 5.7654e+05
0.413 2.0456e+07 4.0912e+05
0.414 3.0878e+07 6.1756e+05
0.415 2.8108e+07 5.6215e+05
0.416 2.2685e+07 4.5371e+05
0.417 2.5962e+07 5.1925e+05
0.418 2.9861e+07 5.9721e+05
0.419 2.6239e+07 5.2478e+05
0.42 2.6704e+07 5.3408e+05
0.421 2.9656e+07 5.9313e+05
0.422 2.2641e+07 4.5282e+05
0.423 2.5027e+07 5.0053e+05
0.424 2.1469e+07 4.2939e+05
0.425 2.7575e+07 5.515e+05
0.426 2.6977e+07 5.3954e+05
0.427 2.4568e+07 4.9135e+05
0.428 2.7657e+07 5.5314e+05
0.429 2.1359e+07 4.2717e+05
0.43 2.4068e+07 4.8136e+05
0.431 2.3098e+07 4.6196e+05
0.432 1.9202e+07 3.8405e+05
0.433 2.9013e+07 5.8026e+05
0.434 2.2667e+07 4.5335e+05
0.435 2.3859e+07 4.7719e+05
0.436 1.9671e+07 3.9341e+05
0.437 2.3872e+07 4.7744e+05
0.438 3.0678e+07 6.1355e+05
0.439 3.1368e+07 6.2736e+05
0.44 2.3228e+07 4.6456e+05
0.441 2.506e+07 5.0119e+05
0.442 1.9447e+07 3.8894e+05
0.443 2.2121e+07 4.4242e+05
0.444 2.0496e+07 4.0993e+05
0.445 2.7721e+07 5.5442e+05
0.446 1.9853e+07 3.9705e+05
0.447 2.3665e+07 4.733e+05
0.448 2.4454e+07 4.8909e+05
0.449 2.4325e+07 4.865e+05
0.45 2.3664e+07 4.7327e+05
0.451 2.1981e+07 4.3961e+05
0.452 1.7204e+07 3.4409e+05
0.453 1.9215e+07 3.843e+05
0.454 2.2203e+07 4.4406e+05
0.455 2.479e+07 4.9579e+05
0.456 1.4043e+07 2.8085e+05
0.457 2.185e+07 4.37e+05
0.458 2.5633e+07 5.1267e+05
0.459 2.6836e+07 5.3672e+05
0.46 2.0941e+07 4.1881e+05
0.461 1.6495e+07 3.299e+05
0.462 1.2668e+07 2.5336e+05
0.463 2.4579e+07 4.9158e+05
0.464 1.7277e+07 3.4554e+05
0.465 2.5269e+07 5.0538e+05
0.466 1.5497e+07 3.0993e+05
0.467 2.4817e+07 4.9634e+05
0.468 1.7429e+07 3.4858e+05
0.469 2.8444e+07 5.6889e+05
0.47 2.3245e+07 4.649e+05
0.471 1.1794e+07 2.3588e+05
0.472 2.0791e+07 4.1582e+05
0.473 2.2499e+07 4.4999e+05
0.474 2.016e+07 4.032e+05
0.475 1.9118e+07 3.8235e+05
0.476 1.855e+07 3.7099e+05
0.477 2.165e+07 4.3301e+05
0.478 1.9417e+07 3.8834e+05
0.479 2.2849e+07 4.5699e+05
0.48 2.5692e+07 5.1385e+05
0.481 2.5093e+07 5.0186e+05
0.482 1.4749e+07 2.9498e+05
0.483 9.366e+06 1.8732e+05
0.484 1.6893e+07 3.3786e+05
0.485 1.8595e+07 3.719e+05
0.486 2.1871e+07 4.3743e+05
0.487 1.315e+07 2.6301e+05
0.488 1.8057e+07 3.6113e+05
0.489 2.338e+07 4.676e+05
0.49 1.8428e+07 3.6856e+05
0.491 2.432e+07 4.8641e+05
0.492 1.624e+07 3.2481e+05
0.493 1.7533e+07 3.5067e+05
0.494 1.6392e+07 3.2785e+05
0.495 2.4976e+07 4.9953e+05
0.496 1.7927e+07 3.5853e+05
0.497 2.0829e+07 4.1659e+05
0.498 2.7083e+07 5.4167e+05
0.499 2.3991e+07 4.7981e+05
0.5 1.8767e+07 3.7533e+05
