0.001 2.3926e+09 1.3871e+08
0.002 2.4397e+09 9.8074e+07
0.003 2.266e+09 8.0066e+07
0.004 2.2284e+09 6.9326e+07
0.005 2.3315e+09 6.1991e+07
0.006 2.1992e+09 5.6573e+07
0.007 2.2361e+09 5.2357e+07
0.008 2.3716e+09 4.8955e+07
0.009 2.2036e+09 4.6134e+07
0.01 2.2994e+09 4.3743e+07
0.011 2.1848e+09 4.1683e+07
0.012 2.2765e+09 3.9883e+07
0.013 2.2485e+09 3.8292e+07
0.014 2.207e+09 3.6871e+07
0.015 2.2142e+09 3.5592e+07
0.016 2.2062e+09 3.4433e+07
0.017 2.2089e+09 3.3374e+07
0.018 2.1975e+09 3.2402e+07
0.019 2.1833e+09 3.1506e+07
0.02 2.2456e+09 3.0676e+07
0.021 2.1664e+09 2.9903e+07
0.022 2.2615e+09 2.9181e+07
0.023 2.2006e+09 2.8504e+07
0.024 2.1667e+09 2.7868e+07
0.025 2.1575e+09 2.7269e+07
0.026 2.1317e+09 2.6702e+07
0.027 2.1274e+09 2.6165e+07
0.028 2.1171e+09 2.5656e+07
0.029 2.1339e+09 2.5171e+07
0.03 2.0904e+09 2.4708e+07
0.031 2.093e+09 2.4267e+07
0.032 2.0836e+09 2.3845e+07
0.033 2.0593e+09 2.344e+07
0.034 2.0408e+09 2.3051e+07
0.035 2.0488e+09 2.2678e+07
0.036 2.0131e+09 2.2319e+07
0.037 1.9933e+09 2.1973e+07
0.038 2.0078e+09 2.1639e+07
0.039 1.9491e+09 2.1317e+07
0.04 1.9558e+09 2.1006e+07
0.041 1.9363e+09 2.0704e+07
0.042 1.9308e+09 2.0412e+07
0.043 1.9322e+09 2.0129e+07
0.044 1.9189e+09 1.9855e+07
0.045 1.8933e+09 1.9588e+07
0.046 1.8472e+09 1.933e+07
0.047 1.8487e+09 1.9078e+07
0.048 1.8373e+09 1.8833e+07
0.049 1.8358e+09 1.8594e+07
0.05 1.8069e+09 1.8362e+07
0.051 1.7803e+09 1.8135e+07
0.052 1.7879e+09 1.7914e+07
0.053 1.7448e+09 1.7699e+07
0.054 1.7209e+09 1.7488e+07
0.055 1.7389e+09 1.7283e+07
0.056 1.7018e+09 1.7082e+07
0.057 1.7151e+09 1.6885e+07
0.058 1.6751e+09 1.6693e+07
0.059 1.6661e+09 1.6505e+07
0.06 1.624e+09 1.632e+07
0.061 1.6118e+09 1.614e+07
0.062 1.6089e+09 1.5964e+07
0.063 1.5777e+09 1.579e+07
0.064 1.537e+09 1.5621e+07
0.065 1.5545e+09 1.5454e+07
0.066 1.5275e+09 1.5291e+07
0.067 1.5075e+09 1.5131e+07
0.068 1.4846e+09 1.4974e+07
0.069 1.4488e+09 1.482e+07
0.07 1.444e+09 1.4669e+07
0.071 1.4703e+09 1.452e+07
0.072 1.4053e+09 1.4374e+07
0.073 1.4249e+09 1.4231e+07
0.074 1.3908e+09 1.409e+07
0.075 1.3422e+09 1.3951e+07
0.076 1.3518e+09 1.3815e+07
0.077 1.3191e+09 1.3682e+07
0.078 1.2906e+09 1.355e+07
0.079 1.298e+09 1.3421e+07
0.08 1.2783e+09 1.3294e+07
0.081 1.2619e+09 1.3169e+07
0.082 1.2411e+09 1.3046e+07
0.083 1.2119e+09 1.2925e+07
0.084 1.187e+09 1.2806e+07
0.085 1.2053e+09 1.2689e+07
0.086 1.1458e+09 1.2574e+07
0.087 1.126e+09 1.246e+07
0.088 1.129e+09 1.2349e+07
0.089 1.1256e+09 1.2239e+07
0.09 1.099e+09 1.2131e+07
0.091 1.077e+09 1.2025e+07
0.092 1.0472e+09 1.192e+07
0.093 1.0472e+09 1.1817e+07
0.094 1.0314e+09 1.1716e+07
0.095 1.0172e+09 1.1616e+07
0.096 1.0076e+09 1.1518e+07
0.097 9.6491e+08 1.1421e+07
0.098 9.5379e+08 1.1326e+07
0.099 9.4518e+08 1.1232e+07
0.1 9.3837e+08 1.114e+07
0.101 8.9884e+08 1.1049e+07
0.102 9.0595e+08 1.096e+07
0.103 8.6176e+08 1.0872e+07
0.104 8.6152e+08 1.0785e+07
0.105 8.4622e+08 1.07e+07
0.106 8.4891e+08 1.0616e+07
0.107 8.0907e+08 1.0533e+07
0.108 8.1329e+08 1.0452e+07
0.109 8.053e+08 1.0372e+07
0.11 7.7262e+08 1.0293e+07
0.111 7.7714e+08 1.0215e+07
0.112 7.6969e+08 1.0139e+07
0.113 7.3633e+08 1.0064e+07
0.114 7.2199e+08 9.9895e+06
0.115 6.9091e+08 9.9166e+06
0.116 6.9425e+08 9.8448e+06
0.117 6.787e+08 9.7742e+06
0.118 6.8414e+08 9.7046e+06
0.119 6.5412e+08 9.6362e+06
0.12 6.3479e+08 9.5688e+06
0.121 6.4825e+08 9.5024e+06
0.122 6.1974e+08 9.4372e+06
0.123 6.1211e+08 9.3729e+06
0.124 6.152e+08 9.3096e+06
0.125 5.7597e+08 9.2474e+06
0.126 5.7188e+08 9.1861e+06
0.127 5.5719e+08 9.1258e+06
0.128 5.6507e+08 9.0664e+06
0.129 5.2783e+08 9.008e+06
0.13 5.3358e+08 8.9505e+06
0.131 5.2733e+08 8.8939e+06
0.132 5.1714e+08 8.8381e+06
0.133 4.9932e+08 8.7833e+06
0.134 4.8773e+08 8.7293e+06
0.135 4.8403e+08 8.6762e+06
0.136 4.6514e+08 8.6239e+06
0.137 4.6206e+08 8.5724e+06
0.138 4.5835e+08 8.5218e+06
0.139 4.1883e+08 8.4719e+06
0.14 4.4602e+08 8.4228e+06
0.141 4.3414e+08 8.3745e+06
0.142 4.1844e+08 8.327e+06
0.143 3.936e+08 8.2801e+06
0.144 4.0229e+08 8.234e+06
0.145 3.8039e+08 8.1887e+06
0.146 3.8026e+08 8.144e+06
0.147 3.795e+08 8.1e+06
0.148 3.8651e+08 8.0567e+06
0.149 3.6826e+08 8.014e+06
0.15 3.5744e+08 7.9721e+06
0.151 3.5265e+08 7.9307e+06
0.152 3.4187e+08 7.89e+06
0.153 3.292e+08 7.8499e+06
0.154 3.3258e+08 7.8104e+06
0.155 3.2329e+08 7.7715e+06
0.156 3.2197e+08 7.7332e+06
0.157 3.1045e+08 7.6954e+06
0.158 2.9743e+08 7.6582e+06
0.159 2.8626e+08 7.6216e+06
0.16 2.8573e+08 7.5855e+06
0.161 2.8957e+08 7.5499e+06
0.162 2.74e+08 7.5149e+06
0.163 2.7679e+08 7.4803e+06
0.164 2.851e+08 7.4463e+06
0.165 2.7529e+08 7.4127e+06
0.166 2.7305e+08 7.3796e+06
0.167 2.6876e+08 7.347e+06
0.168 2.4309e+08 7.3148e+06
0.169 2.4064e+08 7.2831e+06
0.17 2.5029e+08 7.2518e+06
0.171 2.2189e+08 7.221e+06
0.172 2.3718e+08 7.1905e+06
0.173 2.3473e+08 7.1605e+06
0.174 2.2057e+08 7.1309e+06
0.175 2.1655e+08 7.1017e+06
0.176 2.0653e+08 7.0728e+06
0.177 2.1439e+08 7.0444e+06
0.178 2.0161e+08 7.0163e+06
0.179 2.1005e+08 6.9886e+06
0.18 1.9399e+08 6.9612e+06
0.181 1.951e+08 6.9342e+06
0.182 2.0216e+08 6.9075e+06
0.183 1.88e+08 6.8811e+06
0.184 1.8461e+08 6.8551e+06
0.185 1.846e+08 6.8294e+06
0.186 1.6708e+08 6.804e+06
0.187 1.8093e+08 6.7789e+06
0.188 1.8195e+08 6.7542e+06
0.189 1.7362e+08 6.7297e+06
0.19 1.6782e+08 6.7055e+06
0.191 1.6422e+08 6.6815e+06
0.192 1.7293e+08 6.6579e+06
0.193 1.644e+08 6.6345e+06
0.194 1.4594e+08 6.6114e+06
0.195 1.5416e+08 6.5886e+06
0.196 1.5247e+08 6.566e+06
0.197 1.4238e+08 6.5437e+06
0.198 1.5415e+08 6.5216e+06
0.199 1.3767e+08 6.4997e+06
0.2 1.4037e+08 6.4781e+06
0.201 1.3499e+08 6.4567e+06
0.202 1.4187e+08 6.4356e+06
0.203 1.3151e+08 6.4146e+06
0.204 1.269e+08 6.3939e+06
0.205 1.1784e+08 6.3734e+06
0.206 1.2976e+08 6.3532e+06
0.207 1.0902e+08 6.3331e+06
0.208 1.1256e+08 6.3132e+06
0.209 1.1733e+08 6.2936e+06
0.21 1.134e+08 6.2741e+06
0.211 1.0739e+08 6.2548e+06
0.212 1.1667e+08 6.2358e+06
0.213 9.3475e+07 6.2169e+06
0.214 1.0692e+08 6.1982e+06
0.215 1.0004e+08 6.1797e+06
0.216 9.2808e+07 6.1613e+06
0.217 8.6374e+07 6.1432e+06
0.218 1.0479e+08 6.1252e+06
0.219 8.5915e+07 6.1074e+06
0.22 8.2453e+07 6.0898e+06
0.221 8.6909e+07 6.0723e+06
0.222 8.264e+07 6.055e+06
0.223 8.3007e+07 6.0379e+06
0.224 8.6477e+07 6.0209e+06
0.225 7.4466e+07 6.0041e+06
0.226 6.4798e+07 5.9874e+06
0.227 7.2936e+07 5.971e+06
0.228 7.5812e+07 5.9546e+06
0.229 6.59e+07 5.9384e+06
0.23 6.1704e+07 5.9224e+06
0.231 6.8761e+07 5.9065e+06
0.232 6.4911e+07 5.8908e+06
0.233 6.8568e+07 5.8752e+06
0.234 6.4844e+07 5.8598e+06
0.235 6.6289e+07 5.8444e+06
0.236 6.2263e+07 5.8293e+06
0.237 4.8372e+07 5.8143e+06
0.238 5.6593e+07 5.7994e+06
0.239 5.2232e+07 5.7846e+06
0.24 6.2052e+07 5.77e+06
0.241 5.1366e+07 5.7556e+06
0.242 4.5446e+07 5.7412e+06
0.243 4.6573e+07 5.727e+06
0.244 4.6954e+07 5.7129e+06
0.245 4.6867e+07 5.699e+06
0.246 3.3566e+07 5.6852e+06
0.247 4.9453e+07 5.6715e+06
0.248 4.5428e+07 5.6579e+06
0.249 5.0736e+07 5.6445e+06
0.25 4.2774e+07 5.6311e+06
0.251 3.8397e+07 5.6179e+06
0.252 3.1434e+07 5.6049e+06
0.253 4.9847e+07 5.5919e+06
0.254 4.4765e+07 5.5791e+06
0.255 3.5988e+07 5.5663e+06
0.256 3.3092e+07 5.5537e+06
0.257 3.1712e+07 5.5412e+06
0.258 3.3714e+07 5.5288e+06
0.259 1.9653e+07 5.5166e+06
0.26 3.7551e+07 5.5044e+06
0.261 2.4822e+07 5.4924e+06
0.262 3.9835e+07 5.4804e+06
0.263 3.917e+07 5.4686e+06
0.264 2.2956e+07 5.4569e+06
0.265 2.3717e+07 5.4452e+06
0.266 2.6526e+07 5.4337e+06
0.267 3.246e+07 5.4223e+06
0.268 2.8089e+07 5.411e+06
0.269 3.3251e+07 5.3998e+06
0.27 2.6784e+07 5.3887e+06
0.271 2.0693e+07 5.3776e+06
0.272 2.6459e+07 5.3667e+06
0.273 2.3125e+07 5.3559e+06
0.274 2.494e+07 5.3452e+06
0.275 1.7667e+07 5.3345e+06
0.276 1.5139e+07 5.324e+06
0.277 1.1855e+07 5.3135e+06
0.278 2.268e+07 5.3032e+06
0.279 2.2853e+07 5.2929e+06
0.28 1.9137e+07 5.2827e+06
0.281 2.3523e+07 5.2726e+06
0.282 1.4164e+07 5.2626e+06
0.283 7.995e+06 5.2526e+06
0.284 1.3804e+07 5.2428e+06
0.285 1.2523e+07 5.233e+06
0.286 2.0019e+07 5.2233e+06
0.287 2.4672e+07 5.2137e+06
0.288 1.0715e+07 5.2042e+06
0.289 1.8781e+07 5.1947e+06
0.29 8.5304e+06 5.1854e+06
0.291 1.8075e+07 5.176e+06
0.292 1.6997e+07 5.1668e+06
0.293 1.4361e+07 5.1577e+06
0.294 1.8177e+07 5.1486e+06
0.295 1.5091e+07 5.1395e+06
0.296 1.6307e+07 5.1306e+06
0.297 1.4907e+07 5.1217e+06
0.298 1.2422e+07 5.1129e+06
0.299 1.679e+07 5.1041e+06
0.3 1.4515e+07 5.0955e+06
0.301 9.1045e+06 5.0868e+06
0.302 1.2083e+07 5.0783e+06
0.303 1.3623e+07 5.0698e+06
0.304 9.67e+06 5.0613e+06
0.305 1.6622e+07 5.053e+06
0.306 9.7262e+06 5.0446e+06
0.307 6.7769e+06 5.0364e+06
0.308 1.8384e+07 5.0282e+06
0.309 1.9149e+07 5.02e+06
0.31 1.3397e+07 5.0119e+06
0.311 2.5146e+07 5.0039e+06
0.312 1.6238e+07 4.9959e+06
0.313 1.3403e+07 4.988e+06
0.314 1.6365e+07 4.9801e+06
0.315 1.7989e+07 4.9722e+06
0.316 1.5194e+07 4.9644e+06
0.317 7.5864e+06 4.9567e+06
0.318 6.7134e+06 4.949e+06
0.319 1.0708e+07 4.9414e+06
0.32 1.9934e+07 4.9338e+06
0.321 1.7223e+07 4.9262e+06
0.322 1.9103e+07 4.9187e+06
0.323 1.7989e+07 4.9112e+06
0.324 2.0322e+07 4.9038e+06
0.325 1.8204e+07 4.8964e+06
0.326 9.5269e+06 4.8891e+06
0.327 1.2783e+07 4.8818e+06
0.328 1.4482e+07 4.8745e+06
0.329 1.4069e+07 4.8673e+06
0.33 2.9423e+07 4.8601e+06
0.331 3.3868e+06 4.853e+06
0.332 1.9935e+07 4.8459e+06
0.333 1.6657e+07 4.8388e+06
0.334 1.7039e+07 4.8318e+06
0.335 1.6556e+07 4.8248e+06
0.336 2.0386e+07 4.8178e+06
0.337 1.6781e+07 4.8109e+06
0.338 1.9972e+07 4.804e+06
0.339 1.6681e+07 4.7971e+06
0.34 8.649e+06 4.7903e+06
0.341 1.5879e+07 4.7835e+06
0.342 1.8404e+07 4.7767e+06
0.343 2.2079e+07 4.77e+06
0.344 1.1626e+07 4.7633e+06
0.345 1.4171e+07 4.7566e+06
0.346 2.6473e+07 4.75e+06
0.347 1.811e+07 4.7434e+06
0.348 1.8344e+07 4.7368e+06
0.349 1.7803e+07 4.7302e+06
0.35 2.0066e+07 4.7237e+06
0.351 1.8801e+07 4.7172e+06
0.352 1.4446e+07 4.7107e+06
0.353 2.5238e+07 4.7043e+06
0.354 2.1601e+07 4.6979e+06
0.355 1.8688e+07 4.6915e+06
0.356 1.7879e+07 4.6851e+06
0.357 1.9509e+07 4.6788e+06
0.358 1.6588e+07 4.6725e+06
0.359 1.6803e+07 4.6662e+06
0.36 2.7616e+07 4.6599e+06
0.361 2.4693e+07 4.6537e+06
0.362 1.5619e+07 4.6475e+06
0.363 2.9605e+07 4.6413e+06
0.364 2.4142e+07 4.6352e+06
0.365 2.3332e+07 4.629e+06
0.366 1.5657e+07 4.6229e+06
0.367 2.6791e+07 4.6168e+06
0.368 2.2317e+07 4.6108e+06
0.369 1.4542e+07 4.6047e+06
0.37 2.6322e+07 4.5987e+06
0.371 2.8554e+07 4.5927e+06
0.372 2.3365e+07 4.5867e+06
0.373 1.7526e+07 4.5808e+06
0.374 2.428e+07 4.5749e+06
0.375 2.0158e+07 4.5689e+06
0.376 1.9386e+07 4.5631e+06
0.377 2.4494e+07 4.5572e+06
0.378 1.9971e+07 4.5514e+06
0.379 1.9733e+07 4.5455e+06
0.38 2.6283e+07 4.5397e+06
0.381 2.4127e+07 4.534e+06
0.382 2.1259e+07 4.5282e+06
0.383 2.8197e+07 4.5225e+06
0.384 1.7651e+07 4.5167e+06
0.385 2.0536e+07 4.511e+06
0.386 1.4281e+07 4.5054e+06
0.387 2.2148e+07 4.4997e+06
0.388 2.8208e+07 4.4941e+06
0.389 1.9236e+07 4.4885e+06
0.39 2.5976e+07 4.4829e+06
0.391 2.2098e+07 4.4773e+06
0.392 2.8746e+07 4.4717e+06
0.393 2.5202e+07 4.4662e+06
0.394 1.969e+07 4.4607e+06
0.395 2.879e+07 4.4551e+06
0.396 2.7802e+07 4.4497e+06
0.397 2.217e+07 4.4442e+06
0.398 2.751e+07 4.4387e+06
0.399 2.737e+07 4.4333e+06
0.4 2.7415e+07 4.4279e+06
0.401 2.7058e+07 4.4225e+06
0.402 1.6548e+07 4.4171e+06
0.403 2.5024e+07 4.4118e+06
0.404 3.1128e+07 4.4064e+06
0.405 2.8606e+07 4.4011e+06
0.406 3.195e+07 4.3958e+06
0.407 3.5182e+07 4.3905e+06
0.408 2.7022e+07 4.3852e+06
0.409 2.5799e+07 4.38e+06
0.41 3.3103e+07 4.3747e+06
0.411 2.7917e+07 4.3695e+06
0.412 2.3645e+07 4.3643e+06
0.413 2.6331e+07 4.3591e+06
0.414 2.7174e+07 4.3539e+06
0.415 2.2786e+07 4.3488e+06
0.416 2.6458e+07 4.3436e+06
0.417 2.2563e+07 4.3385e+06
0.418 2.7891e+07 4.3334e+06
0.419 3.1425e+07 4.3283e+06
0.42 2.887e+07 4.3232e+06
0.421 2.3617e+07 4.3182e+06
0.422 3.0027e+07 4.3131e+06
0.423 2.9906e+07 4.3081e+06
0.424 2.3195e+07 4.3031e+06
0.425 2.9781e+07 4.2981e+06
0.426 1.848e+07 4.2931e+06
0.427 3.1912e+07 4.2881e+06
0.428 2.9452e+07 4.2831e+06
0.429 2.0788e+07 4.2782e+06
0.43 2.4303e+07 4.2733e+06
0.431 2.2476e+07 4.2684e+06
0.432 2.542e+07 4.2635e+06
0.433 3.5467e+07 4.2586e+06
0.434 3.1839e+07 4.2537e+06
0.435 3.305e+07 4.2488e+06
0.436 3.4885e+07 4.244e+06
0.437 2.8807e+07 4.2392e+06
0.438 2.9193e+07 4.2344e+06
0.439 2.7775e+07 4.2296e+06
0.44 3.9421e+07 4.2248e+06
0.441 2.9591e+07 4.22e+06
0.442 2.5484e+07 4.2152e+06
0.443 2.302e+07 4.2105e+06
0.444 3.0283e+07 4.2058e+06
0.445 2.8089e+07 4.2011e+06
0.446 2.8226e+07 4.1964e+06
0.447 3.4418e+07 4.1917e+06
0.448 2.9434e+07 4.187e+06
0.449 3.5469e+07 4.1823e+06
0.45 2.766e+07 4.1777e+06
0.451 2.2862e+07 4.173e+06
0.452 2.4838e+07 4.1684e+06
0.453 2.9384e+07 4.1638e+06
0.454 3.5048e+07 4.1592e+06
0.455 3.3846e+07 4.1546e+06
0.456 2.8447e+07 4.1501e+06
0.457 2.4374e+07 4.1455e+06
0.458 2.5089e+07 4.141e+06
0.459 3.1937e+07 4.1364e+06
0.46 2.4443e+07 4.1319e+06
0.461 2.7195e+07 4.1274e+06
0.462 2.5736e+07 4.1229e+06
0.463 2.6772e+07 4.1184e+06
0.464 3.1463e+07 4.114e+06
0.465 2.2213e+07 4.1095e+06
0.466 2.2274e+07 4.1051e+06
0.467 3.5849e+07 4.1006e+06
0.468 3.151e+07 4.0962e+06
0.469 3.3097e+07 4.0918e+06
0.47 2.415e+07 4.0874e+06
0.471 2.3837e+07 4.083e+06
0.472 3.0852e+07 4.0787e+06
0.473 2.8301e+07 4.0743e+06
0.474 2.8772e+07 4.07e+06
0.475 3.2685e+07 4.0657e+06
0.476 2.7497e+07 4.0614e+06
0.477 3.3223e+07 4.057e+06
0.478 3.0117e+07 4.0528e+06
0.479 2.9448e+07 4.0485e+06
0.48 2.9313e+07 4.0442e+06
0.481 2.4461e+07 4.04e+06
0.482 3.3616e+07 4.0357e+06
0.483 3.1135e+07 4.0315e+06
0.484 2.9764e+07 4.0273e+06
0.485 2.4111e+07 4.0231e+06
0.486 2.0381e+07 4.0189e+06
0.487 2.5609e+07 4.0147e+06
0.488 2.8758e+07 4.0105e+06
0.489 2.5434e+07 4.0064e+06
0.49 2.3185e+07 4.0023e+06
0.491 3.1149e+07 3.9981e+06
0.492 3.63e+07 3.994e+06
0.493 3.2969e+07 3.9899e+06
0.494 2.6691e+07 3.9858e+06
0.495 3.1175e+07 3.9817e+06
0.496 2.729e+07 3.9777e+06
0.497 3.2203e+07 3.9736e+06
0.498 2.3811e+07 3.9696e+06
0.499 2.8664e+07 3.9655e+06
0.5 3.0418e+07 3.9615e+06
