0.001 2.5836e+09 1.4785e+08
0.002 2.3665e+09 1.0454e+08
0.003 2.4627e+09 8.5344e+07
0.004 2.4643e+09 7.3896e+07
0.005 2.3405e+09 6.6078e+07
0.006 2.4383e+09 6.0302e+07
0.007 2.5132e+09 5.5809e+07
0.008 2.3298e+09 5.2183e+07
0.009 2.3755e+09 4.9175e+07
0.01 2.3503e+09 4.6627e+07
0.011 2.3886e+09 4.4431e+07
0.012 2.3387e+09 4.2513e+07
0.013 2.3871e+09 4.0817e+07
0.014 2.3976e+09 3.9302e+07
0.015 2.3714e+09 3.7939e+07
0.016 2.3736e+09 3.6703e+07
0.017 2.3227e+09 3.5575e+07
0.018 2.3708e+09 3.4539e+07
0.019 2.3408e+09 3.3584e+07
0.02 2.3855e+09 3.2699e+07
0.021 2.3433e+09 3.1875e+07
0.022 2.2958e+09 3.1106e+07
0.023 2.3421e+09 3.0385e+07
0.024 2.3382e+09 2.9707e+07
0.025 2.2994e+09 2.9068e+07
0.026 2.2843e+09 2.8464e+07
0.027 2.2671e+09 2.7892e+07
0.028 2.2045e+09 2.7349e+07
0.029 2.2427e+09 2.6832e+07
0.03 2.2469e+09 2.6339e+07
0.031 2.2113e+09 2.5869e+07
0.032 2.1906e+09 2.5419e+07
0.033 2.1649e+09 2.4987e+07
0.034 2.1511e+09 2.4573e+07
0.035 2.1416e+09 2.4176e+07
0.036 2.1355e+09 2.3793e+07
0.037 2.1472e+09 2.3424e+07
0.038 2.1732e+09 2.3069e+07
0.039 2.1409e+09 2.2725e+07
0.04 2.1268e+09 2.2393e+07
0.041 2.1057e+09 2.2072e+07
0.042 2.0806e+09 2.1761e+07
0.043 2.0731e+09 2.146e+07
0.044 2.022e+09 2.1167e+07
0.045 2.0092e+09 2.0883e+07
0.046 2.0164e+09 2.0608e+07
0.047 1.9724e+09 2.0339e+07
0.048 1.9774e+09 2.0078e+07
0.049 1.9623e+09 1.9824e+07
0.05 1.9258e+09 1.9576e+07
0.051 1.926e+09 1.9335e+07
0.052 1.874e+09 1.91e+07
0.053 1.8615e+09 1.887e+07
0.054 1.8236e+09 1.8646e+07
0.055 1.8423e+09 1.8426e+07
0.056 1.8128e+09 1.8212e+07
0.057 1.8118e+09 1.8003e+07
0.058 1.7756e+09 1.7798e+07
0.059 1.7585e+09 1.7598e+07
0.06 1.7577e+09 1.7401e+07
0.061 1.7484e+09 1.7209e+07
0.062 1.7208e+09 1.7021e+07
0.063 1.6766e+09 1.6837e+07
0.064 1.6752e+09 1.6656e+07
0.065 1.6421e+09 1.6479e+07
0.066 1.6214e+09 1.6305e+07
0.067 1.6007e+09 1.6134e+07
0.068 1.586e+09 1.5967e+07
0.069 1.5912e+09 1.5803e+07
0.07 1.5453e+09 1.5641e+07
0.071 1.5258e+09 1.5483e+07
0.072 1.5244e+09 1.5327e+07
0.073 1.5064e+09 1.5175e+07
0.074 1.4701e+09 1.5025e+07
0.075 1.4512e+09 1.4877e+07
0.076 1.4511e+09 1.4732e+07
0.077 1.4225e+09 1.459e+07
0.078 1.393e+09 1.4449e+07
0.079 1.3711e+09 1.4312e+07
0.08 1.3754e+09 1.4176e+07
0.081 1.3341e+09 1.4043e+07
0.082 1.2835e+09 1.3912e+07
0.083 1.3083e+09 1.3783e+07
0.084 1.2704e+09 1.3656e+07
0.085 1.2453e+09 1.3532e+07
0.086 1.2311e+09 1.3409e+07
0.087 1.2076e+09 1.3288e+07
0.088 1.2168e+09 1.3169e+07
0.089 1.1834e+09 1.3052e+07
0.09 1.1361e+09 1.2937e+07
0.091 1.1757e+09 1.2824e+07
0.092 1.1283e+09 1.2712e+07
0.093 1.1089e+09 1.2603e+07
0.094 1.1035e+09 1.2495e+07
0.095 1.0877e+09 1.2388e+07
0.096 1.0684e+09 1.2284e+07
0.097 1.0264e+09 1.218e+07
0.098 1.0368e+09 1.2079e+07
0.099 9.9991e+08 1.1979e+07
0.1 1.001e+09 1.1881e+07
0.101 9.9036e+08 1.1784e+07
0.102 9.7852e+08 1.1689e+07
0.103 9.5337e+08 1.1595e+07
0.104 9.4163e+08 1.1502e+07
0.105 9.1278e+08 1.1411e+07
0.106 9.1186e+08 1.1322e+07
0.107 8.6696e+08 1.1234e+07
0.108 8.5262e+08 1.1147e+07
0.109 8.554e+08 1.1061e+07
0.11 8.129e+08 1.0977e+07
0.111 8.2386e+08 1.0895e+07
0.112 8.2039e+08 1.0813e+07
0.113 7.8431e+08 1.0733e+07
0.114 7.7762e+08 1.0654e+07
0.115 7.5819e+08 1.0576e+07
0.116 7.4237e+08 1.0499e+07
0.117 7.3979e+08 1.0424e+07
0.118 7.2608e+08 1.035e+07
0.119 7.0154e+08 1.0277e+07
0.12 6.9128e+08 1.0205e+07
0.121 6.708e+08 1.0134e+07
0.122 6.6351e+08 1.0064e+07
0.123 6.5484e+08 9.9957e+06
0.124 6.4916e+08 9.9281e+06
0.125 6.1145e+08 9.8617e+06
0.126 6.3787e+08 9.7963e+06
0.127 6.2269e+08 9.7319e+06
0.128 6.0371e+08 9.6685e+06
0.129 5.7937e+08 9.6061e+06
0.13 5.7921e+08 9.5447e+06
0.131 5.7017e+08 9.4842e+06
0.132 5.6278e+08 9.4247e+06
0.133 5.3641e+08 9.3662e+06
0.134 5.2763e+08 9.3085e+06
0.135 5.3751e+08 9.2518e+06
0.136 5.1343e+08 9.1959e+06
0.137 4.8369e+08 9.141e+06
0.138 4.9529e+08 9.0868e+06
0.139 4.8476e+08 9.0336e+06
0.14 4.7721e+08 8.9811e+06
0.141 4.6102e+08 8.9295e+06
0.142 4.5889e+08 8.8787e+06
0.143 4.4404e+08 8.8287e+06
0.144 4.4414e+08 8.7794e+06
0.145 4.2864e+08 8.7309e+06
0.146 4.1965e+08 8.6832e+06
0.147 4.1018e+08 8.6362e+06
0.148 3.9457e+08 8.5899e+06
0.149 4.1316e+08 8.5443e+06
0.15 3.8841e+08 8.4994e+06
0.151 3.8071e+08 8.4552e+06
0.152 3.6778e+08 8.4117e+06
0.153 3.6322e+08 8.3688e+06
0.154 3.6121e+08 8.3266e+06
0.155 3.5303e+08 8.285e+06
0.156 3.3675e+08 8.244e+06
0.157 3.3581e+08 8.2037e+06
0.158 3.161e+08 8.1639e+06
0.159 3.1391e+08 8.1247e+06
0.16 3.137e+08 8.0861e+06
0.161 3.1257e+08 8.0481e+06
0.162 3.1104e+08 8.0106e+06
0.163 3.1457e+08 7.9736e+06
0.164 2.8694e+08 7.9372e+06
0.165 2.6673e+08 7.9013e+06
0.166 2.9279e+08 7.8659e+06
0.167 2.8211e+08 7.831e+06
0.168 2.7859e+08 7.7966e+06
0.169 2.7154e+08 7.7627e+06
0.17 2.6832e+08 7.7293e+06
0.171 2.5135e+08 7.6963e+06
0.172 2.4626e+08 7.6637e+06
0.173 2.4373e+08 7.6316e+06
0.174 2.3295e+08 7.5999e+06
0.175 2.3413e+08 7.5687e+06
0.176 2.3915e+08 7.5378e+06
0.177 2.2572e+08 7.5074e+06
0.178 2.267e+08 7.4774e+06
0.179 2.1703e+08 7.4477e+06
0.18 2.0527e+08 7.4185e+06
0.181 2.1633e+08 7.3896e+06
0.182 2.0153e+08 7.361e+06
0.183 1.9318e+08 7.3328e+06
0.184 1.8945e+08 7.305e+06
0.185 1.9707e+08 7.2775e+06
0.186 1.8182e+08 7.2504e+06
0.187 1.9409e+08 7.2236e+06
0.188 1.8206e+08 7.1971e+06
0.189 1.7788e+08 7.1709e+06
0.19 1.754e+08 7.145e+06
0.191 1.777e+08 7.1194e+06
0.192 1.6154e+08 7.0941e+06
0.193 1.6478e+08 7.0692e+06
0.194 1.711e+08 7.0445e+06
0.195 1.6111e+08 7.02e+06
0.196 1.5567e+08 6.9959e+06
0.197 1.5318e+08 6.972e+06
0.198 1.4138e+08 6.9484e+06
0.199 1.4518e+08 6.9251e+06
0.2 1.4775e+08 6.902e+06
0.201 1.5059e+08 6.8791e+06
0.202 1.3439e+08 6.8565e+06
0.203 1.2976e+08 6.8342e+06
0.204 1.2723e+08 6.812e+06
0.205 1.2911e+08 6.7901e+06
0.206 1.3362e+08 6.7685e+06
0.207 1.2625e+08 6.747e+06
0.208 1.2554e+08 6.7258e+06
0.209 1.1039e+08 6.7048e+06
0.21 1.1484e+08 6.684e+06
0.211 1.2096e+08 6.6635e+06
0.212 1.0764e+08 6.6431e+06
0.213 1.0992e+08 6.6229e+06
0.214 9.9969e+07 6.603e+06
0.215 9.583e+07 6.5832e+06
0.216 1.0211e+08 6.5636e+06
0.217 9.814e+07 6.5443e+06
0.218 1.086e+08 6.5251e+06
0.219 9.8391e+07 6.5061e+06
0.22 9.1751e+07 6.4873e+06
0.221 8.7551e+07 6.4686e+06
0.222 9.0449e+07 6.4502e+06
0.223 8.7838e+07 6.4319e+06
0.224 9.3411e+07 6.4138e+06
0.225 9.2693e+07 6.3959e+06
0.226 8.3475e+07 6.3781e+06
0.227 8.6428e+07 6.3605e+06
0.228 7.5076e+07 6.3431e+06
0.229 8.092e+07 6.3258e+06
0.23 7.2776e+07 6.3087e+06
0.231 6.3348e+07 6.2918e+06
0.232 6.6756e+07 6.275e+06
0.233 7.41e+07 6.2584e+06
0.234 7.2434e+07 6.2419e+06
0.235 6.8158e+07 6.2256e+06
0.236 5.7868e+07 6.2095e+06
0.237 6.7135e+07 6.1935e+06
0.238 5.8264e+07 6.1776e+06
0.239 6.0358e+07 6.1619e+06
0.24 5.2693e+07 6.1463e+06
0.241 5.8757e+07 6.1309e+06
0.242 5.922e+07 6.1156e+06
0.243 5.517e+07 6.1005e+06
0.244 5.3999e+07 6.0855e+06
0.245 5.9859e+07 6.0706e+06
0.246 4.9132e+07 6.0559e+06
0.247 4.1747e+07 6.0413e+06
0.248 4.9602e+07 6.0269e+06
0.249 5.5052e+07 6.0126e+06
0.25 5.2053e+07 5.9984e+06
0.251 5.5341e+07 5.9843e+06
0.252 3.9748e+07 5.9704e+06
0.253 3.5655e+07 5.9566e+06
0.254 4.2433e+07 5.9429e+06
0.255 4.2702e+07 5.9294e+06
0.256 2.9107e+07 5.916e+06
0.257 3.909e+07 5.9027e+06
0.258 3.9838e+07 5.8895e+06
0.259 3.8342e+07 5.8764e+06
0.26 3.5918e+07 5.8635e+06
0.261 3.2116e+07 5.8507e+06
0.262 3.7496e+07 5.8379e+06
0.263 2.8828e+07 5.8254e+06
0.264 3.3392e+07 5.8129e+06
0.265 2.8708e+07 5.8005e+06
0.266 2.7864e+07 5.7883e+06
0.267 2.6138e+07 5.7761e+06
0.268 2.2428e+07 5.7641e+06
0.269 3.2225e+07 5.7521e+06
0.27 2.1676e+07 5.7403e+06
0.271 2.2177e+07 5.7286e+06
0.272 1.6637e+07 5.717e+06
0.273 2.0135e+07 5.7055e+06
0.274 2.0953e+07 5.6941e+06
0.275 2.5605e+07 5.6827e+06
0.276 2.0624e+07 5.6715e+06
0.277 3.1052e+07 5.6604e+06
0.278 2.5282e+07 5.6494e+06
0.279 1.3535e+07 5.6385e+06
0.28 2.7856e+07 5.6276e+06
0.281 1.3271e+07 5.6169e+06
0.282 2.2157e+07 5.6062e+06
0.283 2.1748e+07 5.5957e+06
0.284 2.4521e+07 5.5852e+06
0.285 1.6576e+07 5.5748e+06
0.286 1.2921e+07 5.5645e+06
0.287 1.5203e+07 5.5543e+06
0.288 1.7552e+07 5.5441e+06
0.289 1.3964e+07 5.5341e+06
0.29 1.6549e+07 5.5241e+06
0.291 5.1725e+06 5.5142e+06
0.292 1.752e+07 5.5044e+06
0.293 1.1993e+07 5.4947e+06
0.294 1.7019e+07 5.485e+06
0.295 9.9188e+06 5.4754e+06
0.296 1.4837e+07 5.4659e+06
0.297 1.886e+07 5.4565e+06
0.298 2.0302e+07 5.4471e+06
0.299 9.1693e+06 5.4378e+06
0.3 1.2e+07 5.4286e+06
0.301 1.807e+07 5.4194e+06
0.302 1.347e+07 5.4103e+06
0.303 1.5037e+07 5.4013e+06
0.304 2.2843e+07 5.3923e+06
0.305 1.3045e+07 5.3834e+06
0.306 1.3522e+07 5.3745e+06
0.307 2.1847e+07 5.3658e+06
0.308 9.1883e+06 5.357e+06
0.309 8.6542e+06 5.3484e+06
0.31 1.5794e+07 5.3398e+06
0.311 2.3333e+07 5.3312e+06
0.312 7.5121e+06 5.3227e+06
0.313 1.4825e+07 5.3143e+06
0.314 2.1158e+07 5.3059e+06
0.315 2.6733e+07 5.2976e+06
0.316 1.2662e+07 5.2893e+06
0.317 1.5051e+07 5.2811e+06
0.318 2.1834e+07 5.2729e+06
0.319 1.4988e+07 5.2648e+06
0.32 1.782e+07 5.2567e+06
0.321 1.3005e+07 5.2486e+06
0.322 1.4413e+07 5.2407e+06
0.323 1.5322e+07 5.2327e+06
0.324 1.7046e+07 5.2248e+06
0.325 1.5387e+07 5.217e+06
0.326 1.9387e+07 5.2092e+06
0.327 1.6666e+07 5.2014e+06
0.328 1.6206e+07 5.1937e+06
0.329 1.4751e+07 5.186e+06
0.33 2.5968e+07 5.1784e+06
0.331 9.0212e+06 5.1708e+06
0.332 1.7541e+07 5.1632e+06
0.333 2.1337e+07 5.1557e+06
0.334 1.9324e+07 5.1482e+06
0.335 1.2141e+07 5.1408e+06
0.336 1.7138e+07 5.1334e+06
0.337 1.3518e+07 5.126e+06
0.338 2.781e+07 5.1187e+06
0.339 2.7886e+07 5.1114e+06
0.34 1.8518e+07 5.1041e+06
0.341 2.0994e+07 5.0969e+06
0.342 1.6388e+07 5.0897e+06
0.343 2.2012e+07 5.0825e+06
0.344 1.6415e+07 5.0754e+06
0.345 2.686e+07 5.0683e+06
0.346 1.8556e+07 5.0613e+06
0.347 2.8984e+07 5.0542e+06
0.348 2.948e+07 5.0472e+06
0.349 2.4066e+07 5.0403e+06
0.35 2.1095e+07 5.0333e+06
0.351 2.3616e+07 5.0264e+06
0.352 1.8463e+07 5.0195e+06
0.353 1.2016e+07 5.0127e+06
0.354 2.1289e+07 5.0059e+06
0.355 1.898e+07 4.9991e+06
0.356 2.8149e+07 4.9923e+06
0.357 2.221e+07 4.9856e+06
0.358 2.6995e+07 4.9788e+06
0.359 2.4216e+07 4.9722e+06
0.36 2.2768e+07 4.9655e+06
0.361 8.4165e+06 4.9589e+06
0.362 1.5005e+07 4.9523e+06
0.363 2.4777e+07 4.9457e+06
0.364 3.0155e+07 4.9391e+06
0.365 2.5975e+07 4.9326e+06
0.366 2.7291e+07 4.9261e+06
0.367 2.0339e+07 4.9196e+06
0.368 2.4315e+07 4.9132e+06
0.369 2.414e+07 4.9067e+06
0.37 2.5982e+07 4.9003e+06
0.371 2.4268e+07 4.894e+06
0.372 2.2104e+07 4.8876e+06
0.373 1.3119e+07 4.8813e+06
0.374 1.0421e+07 4.875e+06
0.375 2.4763e+07 4.8687e+06
0.376 1.8984e+07 4.8624e+06
0.377 3.2959e+07 4.8562e+06
0.378 2.2359e+07 4.8499e+06
0.379 2.4487e+07 4.8437e+06
0.38 2.1162e+07 4.8376e+06
0.381 2.8275e+07 4.8314e+06
0.382 2.4619e+07 4.8253e+06
0.383 2.3277e+07 4.8192e+06
0.384 2.9898e+07 4.8131e+06
0.385 3.3438e+07 4.807e+06
0.386 2.5081e+07 4.801e+06
0.387 2.4276e+07 4.7949e+06
0.388 2.3728e+07 4.7889e+06
0.389 3.4622e+07 4.7829e+06
0.39 2.1749e+07 4.777e+06
0.391 2.8419e+07 4.771e+06
0.392 2.3439e+07 4.7651e+06
0.393 2.5039e+07 4.7592e+06
0.394 3.4475e+07 4.7533e+06
0.395 1.6878e+07 4.7475e+06
0.396 3.3338e+07 4.7416e+06
0.397 2.6877e+07 4.7358e+06
0.398 2.0201e+07 4.73e+06
0.399 3.1264e+07 4.7242e+06
0.4 3.6527e+07 4.7184e+06
0.401 2.852e+07 4.7127e+06
0.402 2.7827e+07 4.7069e+06
0.403 2.4282e+07 4.7012e+06
0.404 2.6027e+07 4.6955e+06
0.405 2.9103e+07 4.6899e+06
0.406 3.5472e+07 4.6842e+06
0.407 2.7228e+07 4.6786e+06
0.408 3.3556e+07 4.6729e+06
0.409 3.4473e+07 4.6673e+06
0.41 3.2874e+07 4.6618e+06
0.411 2.8661e+07 4.6562e+06
0.412 3.4578e+07 4.6506e+06
0.413 1.9454e+07 4.6451e+06
0.414 2.712e+07 4.6396e+06
0.415 2.571e+07 4.6341e+06
0.416 3.0357e+07 4.6286e+06
0.417 2.8093e+07 4.6231e+06
0.418 2.5551e+07 4.6177e+06
0.419 4.157e+07 4.6122e+06
0.42 3.2328e+07 4.6068e+06
0.421 2.6303e+07 4.6014e+06
0.422 3.5164e+07 4.596e+06
0.423 3.1281e+07 4.5907e+06
0.424 2.8769e+07 4.5853e+06
0.425 2.5155e+07 4.58e+06
0.426 2.4734e+07 4.5747e+06
0.427 2.3819e+07 4.5694e+06
0.428 3.3014e+07 4.5641e+06
0.429 2.5647e+07 4.5588e+06
0.43 2.8367e+07 4.5535e+06
0.431 3.4137e+07 4.5483e+06
0.432 3.3753e+07 4.5431e+06
0.433 2.9016e+07 4.5379e+06
0.434 3.1687e+07 4.5327e+06
0.435 3.9677e+07 4.5275e+06
0.436 3.175e+07 4.5223e+06
0.437 3.5118e+07 4.5172e+06
0.438 2.3551e+07 4.512e+06
0.439 3.205e+07 4.5069e+06
0.44 3.4471e+07 4.5018e+06
0.441 2.5516e+07 4.4967e+06
0.442 2.3719e+07 4.4916e+06
0.443 2.2873e+07 4.4866e+06
0.444 2.5194e+07 4.4815e+06
0.445 3.6563e+07 4.4765e+06
0.446 3.6106e+07 4.4715e+06
0.447 2.9503e+07 4.4665e+06
0.448 2.433e+07 4.4615e+06
0.449 2.7649e+07 4.4565e+06
0.45 2.2389e+07 4.4515e+06
0.451 2.2887e+07 4.4466e+06
0.452 3.3822e+07 4.4417e+06
0.453 2.9389e+07 4.4367e+06
0.454 3.0342e+07 4.4318e+06
0.455 2.5967e+07 4.4269e+06
0.456 3.2751e+07 4.4221e+06
0.457 3.3052e+07 4.4172e+06
0.458 2.8734e+07 4.4124e+06
0.459 2.9215e+07 4.4075e+06
0.46 2.8611e+07 4.4027e+06
0.461 3.0169e+07 4.3979e+06
0.462 2.5587e+07 4.3931e+06
0.463 2.8903e+07 4.3883e+06
0.464 1.8307e+07 4.3836e+06
0.465 3.4646e+07 4.3788e+06
0.466 2.8033e+07 4.3741e+06
0.467 3.3604e+07 4.3693e+06
0.468 2.6713e+07 4.3646e+06
0.469 2.2968e+07 4.3599e+06
0.47 3.252e+07 4.3552e+06
0.471 3.5356e+07 4.3506e+06
0.472 2.5786e+07 4.3459e+06
0.473 2.9022e+07 4.3413e+06
0.474 2.5065e+07 4.3366e+06
0.475 1.8498e+07 4.332e+06
0.476 2.6314e+07 4.3274e+06
0.477 3.9883e+07 4.3228e+06
0.478 2.8773e+07 4.3183e+06
0.479 2.6449e+07 4.3137e+06
0.48 3.162e+07 4.3091e+06
0.481 2.8288e+07 4.3046e+06
0.482 3.1964e+07 4.3001e+06
0.483 3.311e+07 4.2956e+06
0.484 3.2606e+07 4.2911e+06
0.485 3.5265e+07 4.2866e+06
0.486 3.3574e+07 4.2821e+06
0.487 2.3121e+07 4.2777e+06
0.488 2.8942e+07 4.2732e+06
0.489 2.7097e+07 4.2688e+06
0.49 3.4595e+07 4.2644e+06
0.491 2.9833e+07 4.26e+06
0.492 3.1498e+07 4.2556e+06
0.493 2.1517e+07 4.2512e+06
0.494 3.0129e+07 4.2468e+06
0.495 2.749e+07 4.2425e+06
0.496 2.7441e+07 4.2381e+06
0.497 2.3271e+07 4.2338e+06
0.498 3.1103e+07 4.2295e+06
0.499 3.9035e+07 4.2252e+06
0.5 3.4199e+07 4.2209e+06
