0.001 2.0086e+10 4.0172e+08
0.002 1.9915e+10 3.9829e+08
0.003 1.8936e+10 3.7873e+08
0.004 1.8235e+10 3.647e+08
0.005 1.8435e+10 3.687e+08
0.006 1.9353e+10 3.8705e+08
0.007 1.8764e+10 3.7529e+08
0.008 1.9183e+10 3.8367e+08
0.009 1.8547e+10 3.7094e+08
0.01 1.8686e+10 3.7373e+08
0.011 1.8369e+10 3.6739e+08
0.012 1.8405e+10 3.681e+08
0.013 1.8243e+10 3.6487e+08
0.014 1.8536e+10 3.7072e+08
0.015 1.8254e+10 3.6508e+08
0.016 1.7812e+10 3.5624e+08
0.017 1.8112e+10 3.6224e+08
0.018 1.7444e+10 3.4887e+08
0.019 1.7537e+10 3.5074e+08
0.02 1.7672e+10 3.5344e+08
0.021 1.7706e+10 3.5413e+08
0.022 1.7377e+10 3.4753e+08
0.023 1.7142e+10 3.4284e+08
0.024 1.6906e+10 3.3811e+08
0.025 1.7031e+10 3.4062e+08
0.026 1.6687e+10 3.3375e+08
0.027 1.6645e+10 3.329e+08
0.028 1.6269e+10 3.2539e+08
0.029 1.6372e+10 3.2743e+08
0.03 1.5942e+10 3.1883e+08
0.031 1.5962e+10 3.1925e+08
0.032 1.5777e+10 3.1553e+08
0.033 1.5469e+10 3.0938e+08
0.034 1.5434e+10 3.0868e+08
0.035 1.5076e+10 3.0152e+08
0.036 1.4893e+10 2.9786e+08
0.037 1.475e+10 2.9501e+08
0.038 1.4522e+10 2.9043e+08
0.039 1.4369e+10 2.8738e+08
0.04 1.4096e+10 2.8193e+08
0.041 1.3607e+10 2.7213e+08
0.042 1.3693e+10 2.7386e+08
0.043 1.3436e+10 2.6873e+08
0.044 1.3427e+10 2.6854e+08
0.045 1.294e+10 2.588e+08
0.046 1.262e+10 2.524e+08
0.047 1.2396e+10 2.4792e+08
0.048 1.2468e+10 2.4935e+08
0.049 1.2149e+10 2.4297e+08
0.05 1.1791e+10 2.3581e+08
0.051 1.1462e+10 2.2925e+08
0.052 1.1394e+10 2.2788e+08
0.053 1.1036e+10 2.2072e+08
0.054 1.1028e+10 2.2056e+08
0.055 1.0815e+10 2.163e+08
0.056 1.0386e+10 2.0771e+08
0.057 1.0231e+10 2.0462e+08
0.058 1.0056e+10 2.0112e+08
0.059 9.936e+09 1.9872e+08
0.06 9.7074e+09 1.9415e+08
0.061 9.4119e+09 1.8824e+08
0.062 9.0178e+09 1.8036e+08
0.063 8.9343e+09 1.7869e+08
0.064 8.7124e+09 1.7425e+08
0.065 8.5412e+09 1.7082e+08
0.066 8.3552e+09 1.671e+08
0.067 8.1145e+09 1.6229e+08
0.068 7.8199e+09 1.564e+08
0.069 7.7913e+09 1.5583e+08
0.07 7.504e+09 1.5008e+08
0.071 7.2453e+09 1.4491e+08
0.072 7.0372e+09 1.4074e+08
0.073 6.8302e+09 1.366e+08
0.074 6.7273e+09 1.3455e+08
0.075 6.4108e+09 1.2822e+08
0.076 6.2482e+09 1.2496e+08
0.077 6.0697e+09 1.2139e+08
0.078 5.7473e+09 1.1495e+08
0.079 5.7306e+09 1.1461e+08
0.08 5.5343e+09 1.1069e+08
0.081 5.4028e+09 1.0806e+08
0.082 5.2401e+09 1.048e+08
0.083 5.1543e+09 1.0309e+08
0.084 4.9292e+09 9.8584e+07
0.085 4.7814e+09 9.5628e+07
0.086 4.6203e+09 9.2407e+07
0.087 4.5221e+09 9.0441e+07
0.088 4.3557e+09 8.7114e+07
0.089 4.196e+09 8.392e+07
0.09 3.9485e+09 7.897e+07
0.091 3.9051e+09 7.8102e+07
0.092 3.7415e+09 7.483e+07
0.093 3.6366e+09 7.2732e+07
0.094 3.4418e+09 6.8836e+07
0.095 3.3731e+09 6.7462e+07
0.096 3.3354e+09 6.6708e+07
0.097 3.1418e+09 6.2836e+07
0.098 3.0188e+09 6.0376e+07
0.099 2.9732e+09 5.9465e+07
0.1 2.8216e+09 5.6432e+07
0.101 2.7574e+09 5.5147e+07
0.102 2.6466e+09 5.2933e+07
0.103 2.4166e+09 4.8333e+07
0.104 2.4569e+09 4.9139e+07
0.105 2.408e+09 4.816e+07
0.106 2.2521e+09 4.5042e+07
0.107 2.1738e+09 4.3476e+07
0.108 2.1021e+09 4.2041e+07
0.109 2.0025e+09 4.0049e+07
0.11 1.9208e+09 3.8417e+07
0.111 1.894e+09 3.788e+07
0.112 1.773e+09 3.546e+07
0.113 1.7285e+09 3.457e+07
0.114 1.6503e+09 3.3005e+07
0.115 1.5305e+09 3.061e+07
0.116 1.5526e+09 3.1053e+07
0.117 1.4439e+09 2.8878e+07
0.118 1.4623e+09 2.9246e+07
0.119 1.3542e+09 2.7083e+07
0.12 1.296e+09 2.592e+07
0.121 1.2708e+09 2.5416e+07
0.122 1.1641e+09 2.3282e+07
0.123 1.1185e+09 2.2371e+07
0.124 1.1719e+09 2.3438e+07
0.125 1.1239e+09 2.2478e+07
0.126 9.9497e+08 1.9899e+07
0.127 9.8663e+08 1.9733e+07
0.128 9.2002e+08 1.84e+07
0.129 9.1671e+08 1.8334e+07
0.13 8.7952e+08 1.759e+07
0.131 8.4006e+08 1.6801e+07
0.132 8.1444e+08 1.6289e+07
0.133 7.8924e+08 1.5785e+07
0.134 7.5181e+08 1.5036e+07
0.135 7.8033e+08 1.5607e+07
0.136 6.8253e+08 1.3651e+07
0.137 6.4901e+08 1.298e+07
0.138 7.0453e+08 1.4091e+07
0.139 6.6108e+08 1.3222e+07
0.14 5.9287e+08 1.1857e+07
0.141 5.9184e+08 1.1837e+07
0.142 5.5457e+08 1.1091e+07
0.143 5.285e+08 1.057e+07
0.144 5.4534e+08 1.0907e+07
0.145 4.7539e+08 9.5079e+06
0.146 4.9717e+08 9.9434e+06
0.147 4.8669e+08 9.7339e+06
0.148 4.7786e+08 9.5572e+06
0.149 4.2807e+08 8.5614e+06
0.15 4.1448e+08 8.2895e+06
0.151 4.4545e+08 8.909e+06
0.152 3.9319e+08 7.8638e+06
0.153 4.2072e+08 8.4144e+06
0.154 4.2061e+08 8.4121e+06
0.155 3.649e+08 7.2981e+06
0.156 3.6111e+08 7.2222e+06
0.157 3.5509e+08 7.1018e+06
0.158 3.6608e+08 7.3216e+06
0.159 3.5037e+08 7.0073e+06
0.16 3.1353e+08 6.2707e+06
0.161 3.0983e+08 6.1966e+06
0.162 3.3459e+08 6.6919e+06
0.163 2.7085e+08 5.4171e+06
0.164 2.8299e+08 5.6599e+06
0.165 2.8146e+08 5.6293e+06
0.166 2.4817e+08 4.9634e+06
0.167 3.0288e+08 6.0575e+06
0.168 2.98e+08 5.96e+06
0.169 2.6788e+08 5.3576e+06
0.17 2.5437e+08 5.0874e+06
0.171 2.5447e+08 5.0895e+06
0.172 2.7282e+08 5.4564e+06
0.173 2.6776e+08 5.3553e+06
0.174 2.4668e+08 4.9337e+06
0.175 2.5243e+08 5.0486e+06
0.176 2.2757e+08 4.5515e+06
0.177 1.9785e+08 3.957e+06
0.178 1.947e+08 3.8941e+06
0.179 1.8517e+08 3.7034e+06
0.18 1.9994e+08 3.9988e+06
0.181 1.9832e+08 3.9665e+06
0.182 2.0158e+08 4.0317e+06
0.183 1.8988e+08 3.7976e+06
0.184 1.8366e+08 3.6733e+06
0.185 1.8279e+08 3.6557e+06
0.186 1.7802e+08 3.5605e+06
0.187 1.9663e+08 3.9326e+06
0.188 1.5818e+08 3.1635e+06
0.189 1.7699e+08 3.5398e+06
0.19 1.2413e+08 2.4826e+06
0.191 1.8463e+08 3.6926e+06
0.192 1.551e+08 3.1019e+06
0.193 1.2951e+08 2.5902e+06
0.194 1.5946e+08 3.1891e+06
0.195 1.2602e+08 2.5204e+06
0.196 1.3328e+08 2.6657e+06
0.197 1.3646e+08 2.7293e+06
0.198 1.2973e+08 2.5946e+06
0.199 1.1683e+08 2.3366e+06
0.2 1.4945e+08 2.989e+06
0.201 8.5933e+07 1.7187e+06
0.202 1.3127e+08 2.6253e+06
0.203 1.1954e+08 2.3908e+06
0.204 1.1991e+08 2.3981e+06
0.205 1.6543e+08 3.3085e+06
0.206 1.3625e+08 2.7251e+06
0.207 1.3648e+08 2.7297e+06
0.208 1.2302e+08 2.4603e+06
0.209 1.1801e+08 2.3601e+06
0.21 1.1038e+08 2.2077e+06
0.211 1.3002e+08 2.6005e+06
0.212 9.9305e+07 1.9861e+06
0.213 9.771e+07 1.9542e+06
0.214 6.47e+07 1.294e+06
0.215 9.2538e+07 1.8508e+06
0.216 1.0708e+08 2.1415e+06
0.217 1.0347e+08 2.0693e+06
0.218 9.9321e+07 1.9864e+06
0.219 1.0894e+08 2.1788e+06
0.22 8.4141e+07 1.6828e+06
0.221 9.8191e+07 1.9638e+06
0.222 8.1844e+07 1.6369e+06
0.223 7.8092e+07 1.5618e+06
0.224 9.0822e+07 1.8164e+06
0.225 8.1896e+07 1.6379e+06
0.226 8.392e+07 1.6784e+06
0.227 6.6015e+07 1.3203e+06
0.228 1.0332e+08 2.0664e+06
0.229 1.11e+08 2.22e+06
0.23 6.3766e+07 1.2753e+06
0.231 8.8138e+07 1.7628e+06
0.232 8.0805e+07 1.6161e+06
0.233 7.7904e+07 1.5581e+06
0.234 9.0389e+07 1.8078e+06
0.235 6.0372e+07 1.2074e+06
0.236 4.7725e+07 9.5451e+05
0.237 6.1317e+07 1.2263e+06
0.238 8.4073e+07 1.6815e+06
0.239 1.2382e+08 2.4765e+06
0.24 6.478e+07 1.2956e+06
0.241 8.0505e+07 1.6101e+06
0.242 4.7186e+07 9.4372e+05
0.243 5.6216e+07 1.1243e+06
0.244 7.3231e+07 1.4646e+06
0.245 9.0149e+07 1.803e+06
0.246 9.55e+07 1.91e+06
0.247 9.5532e+07 1.9106e+06
0.248 5.9624e+07 1.1925e+06
0.249 2.9801e+07 5.9603e+05
0.25 7.4362e+07 1.4872e+06
0.251 4.2314e+07 8.4628e+05
0.252 8.4586e+07 1.6917e+06
0.253 5.8565e+07 1.1713e+06
0.254 6.6772e+07 1.3354e+06
0.255 5.5279e+07 1.1056e+06
0.256 6.0277e+07 1.2055e+06
0.257 8.4161e+07 1.6832e+06
0.258 4.5585e+07 9.117e+05
0.259 4.9121e+07 9.8242e+05
0.26 5.9865e+07 1.1973e+06
0.261 5.1302e+07 1.026e+06
0.262 6.7892e+07 1.3578e+06
0.263 5.1566e+07 1.0313e+06
0.264 6.1692e+07 1.2338e+06
0.265 6.256e+07 1.2512e+06
0.266 7.9302e+07 1.586e+06
0.267 7.0965e+07 1.4193e+06
0.268 8.1679e+07 1.6336e+06
0.269 7.6881e+07 1.5376e+06
0.27 9.5439e+07 1.9088e+06
0.271 6.9762e+07 1.3952e+06
0.272 4.0346e+07 8.0693e+05
0.273 8.1768e+07 1.6354e+06
0.274 6.6319e+07 1.3264e+06
0.275 4.5031e+07 9.0063e+05
0.276 6.7971e+07 1.3594e+06
0.277 7.0806e+07 1.4161e+06
0.278 1.1398e+08 2.2796e+06
0.279 7.481e+07 1.4962e+06
0.28 7.6897e+07 1.5379e+06
0.281 8.0321e+07 1.6064e+06
0.282 5.2682e+07 1.0536e+06
0.283 7.9156e+07 1.5831e+06
0.284 7.8011e+07 1.5602e+06
0.285 7.6142e+07 1.5228e+06
0.286 9.6572e+07 1.9314e+06
0.287 4.5615e+07 9.123e+05
0.288 8.4143e+07 1.6829e+06
0.289 6.7557e+07 1.3511e+06
0.29 7.2548e+07 1.451e+06
0.291 7.5728e+07 1.5146e+06
0.292 5.6236e+07 1.1247e+06
0.293 6.9165e+07 1.3833e+06
0.294 6.7976e+07 1.3595e+06
0.295 7.8742e+07 1.5748e+06
0.296 8.0214e+07 1.6043e+06
0.297 5.5281e+07 1.1056e+06
0.298 6.2936e+07 1.2587e+06
0.299 6.1673e+07 1.2335e+06
0.3 7.2183e+07 1.4437e+06
0.301 6.7038e+07 1.3408e+06
0.302 1.0621e+08 2.1242e+06
0.303 9.5488e+07 1.9098e+06
0.304 8.648e+07 1.7296e+06
0.305 8.1423e+07 1.6285e+06
0.306 7.5121e+07 1.5024e+06
0.307 6.8075e+07 1.3615e+06
0.308 7.3008e+07 1.4602e+06
0.309 7.5188e+07 1.5038e+06
0.31 7.8469e+07 1.5694e+06
0.311 6.7093e+07 1.3419e+06
0.312 7.5461e+07 1.5092e+06
0.313 5.5253e+07 1.1051e+06
0.314 8.6017e+07 1.7203e+06
0.315 9.1528e+07 1.8306e+06
0.316 3.8015e+07 7.603e+05
0.317 5.0195e+07 1.0039e+06
0.318 6.7078e+07 1.3416e+06
0.319 8.5177e+07 1.7035e+06
0.32 7.1521e+07 1.4304e+06
0.321 9.1701e+07 1.834e+06
0.322 4.5264e+07 9.0528e+05
0.323 7.1266e+07 1.4253e+06
0.324 7.2239e+07 1.4448e+06
0.325 5.9159e+07 1.1832e+06
0.326 7.9494e+07 1.5899e+06
0.327 7.2356e+07 1.4471e+06
0.328 6.3473e+07 1.2695e+06
0.329 8.4813e+07 1.6963e+06
0.33 5.9957e+07 1.1991e+06
0.331 8.3314e+07 1.6663e+06
0.332 7.6755e+07 1.5351e+06
0.333 6.7227e+07 1.3445e+06
0.334 7.6957e+07 1.5391e+06
0.335 6.8469e+07 1.3694e+06
0.336 5.7415e+07 1.1483e+06
0.337 5.6108e+07 1.1222e+06
0.338 7.0611e+07 1.4122e+06
0.339 6.6332e+07 1.3266e+06
0.34 4.4282e+07 8.8564e+05
0.341 6.7346e+07 1.3469e+06
0.342 6.0897e+07 1.2179e+06
0.343 1.8822e+07 3.7643e+05
0.344 3.9982e+07 7.9964e+05
0.345 5.0944e+07 1.0189e+06
0.346 6.8519e+07 1.3704e+06
0.347 4.9116e+07 9.8232e+05
0.348 5.4525e+07 1.0905e+06
0.349 5.9123e+07 1.1825e+06
0.35 4.595e+07 9.19e+05
0.351 4.0054e+07 8.0108e+05
0.352 7.2067e+07 1.4413e+06
0.353 6.396e+07 1.2792e+06
0.354 6.3669e+07 1.2734e+06
0.355 8.2412e+07 1.6482e+06
0.356 7.196e+07 1.4392e+06
0.357 4.4254e+07 8.8508e+05
0.358 2.0448e+07 4.0897e+05
0.359 4.8588e+07 9.7177e+05
0.36 4.33e+07 8.6599e+05
0.361 4.3862e+07 8.7724e+05
0.362 4.0959e+07 8.1918e+05
0.363 4.5599e+07 9.1198e+05
0.364 3.5962e+07 7.1925e+05
0.365 3.7119e+07 7.4237e+05
0.366 2.1303e+07 4.2605e+05
0.367 3.0981e+07 6.1962e+05
0.368 5.897e+07 1.1794e+06
0.369 2.7607e+07 5.5215e+05
0.37 4.1505e+07 8.3011e+05
0.371 7.4778e+07 1.4956e+06
0.372 4.2693e+07 8.5386e+05
0.373 3.7898e+07 7.5796e+05
0.374 4.5364e+07 9.0728e+05
0.375 3.2242e+07 6.4483e+05
0.376 4.5626e+07 9.1252e+05
0.377 5.8789e+07 1.1758e+06
0.378 4.2176e+07 8.4353e+05
0.379 4.1102e+07 8.2203e+05
0.38 3.9775e+07 7.9551e+05
0.381 3.2628e+07 6.5256e+05
0.382 5.0387e+07 1.0077e+06
0.383 1.7126e+07 3.4253e+05
0.384 2.9534e+07 5.9069e+05
0.385 2.6663e+07 5.3326e+05
0.386 5.2486e+07 1.0497e+06
0.387 2.5483e+07 5.0967e+05
0.388 4.04e+07 8.0799e+05
0.389 4.7094e+07 9.4188e+05
0.39 3.6951e+07 7.3902e+05
0.391 4.9971e+07 9.9941e+05
0.392 3.214e+07 6.4281e+05
0.393 3.878e+07 7.7559e+05
0.394 3.2892e+07 6.5783e+05
0.395 4.6819e+07 9.3638e+05
0.396 4.652e+07 9.304e+05
0.397 5.5664e+07 1.1133e+06
0.398 2.4076e+07 4.8152e+05
0.399 5.2074e+07 1.0415e+06
0.4 3.601e+07 7.202e+05
0.401 4.166e+07 8.332e+05
0.402 2.3784e+07 4.7567e+05
0.403 3.5853e+07 7.1706e+05
0.404 4.3149e+07 8.6298e+05
0.405 4.1754e+07 8.3508e+05
0.406 6.8803e+07 1.3761e+06
0.407 4.1445e+07 8.2889e+05
0.408 3.7021e+07 7.4043e+05
0.409 3.3938e+07 6.7875e+05
0.41 3.4136e+07 6.8271e+05
0.411 2.5419e+07 5.0839e+05
0.412 4.847e+07 9.6941e+05
0.413 3.5947e+07 7.1893e+05
0.414 4.6809e+07 9.3617e+05
0.415 3.7785e+07 7.5571e+05
0.416 4.582e+07 9.164e+05
0.417 4.3881e+07 8.7761e+05
0.418 3.8258e+07 7.6515e+05
0.419 3.5299e+07 7.0599e+05
0.42 2.3037e+07 4.6073e+05
0.421 3.4049e+07 6.8098e+05
0.422 2.4498e+07 4.8996e+05
0.423 5.5683e+07 1.1137e+06
0.424 3.1511e+07 6.3022e+05
0.425 2.1019e+07 4.2039e+05
0.426 3.512e+07 7.0239e+05
0.427 3.8811e+07 7.7621e+05
0.428 3.2619e+07 6.5239e+05
0.429 4.7759e+07 9.5518e+05
0.43 3.4209e+07 6.8419e+05
0.431 2.8118e+07 5.6237e+05
0.432 3.9537e+07 7.9074e+05
0.433 2.9202e+07 5.8404e+05
0.434 3.564e+07 7.1281e+05
0.435 3.4521e+07 6.9041e+05
0.436 3.2495e+07 6.4991e+05
0.437 3.6586e+07 7.3173e+05
0.438 5.0654e+07 1.0131e+06
0.439 3.4181e+07 6.8363e+05
0.44 4.9802e+07 9.9605e+05
0.441 4.9182e+07 9.8364e+05
0.442 3.9363e+07 7.8725e+05
0.443 4.9325e+07 9.865e+05
0.444 5.2613e+07 1.0523e+06
0.445 3.8276e+07 7.6552e+05
0.446 4.5923e+07 9.1847e+05
0.447 5.6563e+07 1.1313e+06
0.448 5.1736e+07 1.0347e+06
0.449 2.6977e+07 5.3955e+05
0.45 2.007e+07 4.0139e+05
0.451 4.6482e+07 9.2963e+05
0.452 4.6904e+07 9.3808e+05
0.453 3.6641e+07 7.3281e+05
0.454 4.7492e+07 9.4983e+05
0.455 2.9608e+07 5.9217e+05
0.456 3.2662e+07 6.5324e+05
0.457 5.2881e+07 1.0576e+06
0.458 4.4028e+07 8.8055e+05
0.459 3.2291e+07 6.4582e+05
0.46 3.1852e+07 6.3704e+05
0.461 4.144e+07 8.288e+05
0.462 5.5121e+07 1.1024e+06
0.463 6.1559e+07 1.2312e+06
0.464 5.7771e+07 1.1554e+06
0.465 6.2426e+07 1.2485e+06
0.466 2.5916e+07 5.1833e+05
0.467 4.6451e+07 9.2903e+05
0.468 2.693e+07 5.386e+05
0.469 3.3093e+07 6.6186e+05
0.47 3.8282e+07 7.6565e+05
0.471 3.0222e+07 6.0445e+05
0.472 6.1985e+07 1.2397e+06
0.473 4.3049e+07 8.6098e+05
0.474 6.0608e+07 1.2122e+06
0.475 4.4058e+07 8.8117e+05
0.476 4.4139e+07 8.8278e+05
0.477 4.9652e+07 9.9304e+05
0.478 5.0248e+07 1.005e+06
0.479 4.6871e+07 9.3743e+05
0.48 7.006e+07 1.4012e+06
0.481 5.0517e+07 1.0103e+06
0.482 1.2649e+07 2.5298e+05
0.483 5.7454e+07 1.1491e+06
0.484 4.4659e+07 8.9317e+05
0.485 5.2788e+07 1.0558e+06
0.486 4.4947e+07 8.9895e+05
0.487 6.1169e+07 1.2234e+06
0.488 6.8674e+07 1.3735e+06
0.489 5.1823e+07 1.0365e+06
0.49 5.3865e+07 1.0773e+06
0.491 5.2617e+07 1.0523e+06
0.492 3.0949e+07 6.1897e+05
0.493 5.7273e+07 1.1455e+06
0.494 5.2373e+07 1.0475e+06
0.495 4.9609e+07 9.9217e+05
0.496 5.3497e+07 1.0699e+06
0.497 4.9132e+07 9.8263e+05
0.498 4.4619e+07 8.9238e+05
0.499 5.545e+07 1.109e+06
0.5 5.7715e+07 1.1543e+06
