0.001 1.3066e+10 2.6132e+08
0.002 1.2168e+10 2.4336e+08
0.003 1.177e+10 2.3541e+08
0.004 1.29e+10 2.58e+08
0.005 1.2263e+10 2.4527e+08
0.006 1.2341e+10 2.4681e+08
0.007 1.2676e+10 2.5353e+08
0.008 1.2871e+10 2.5742e+08
0.009 1.2333e+10 2.4666e+08
0.01 1.2576e+10 2.5152e+08
0.011 1.2456e+10 2.4913e+08
0.012 1.244e+10 2.488e+08
0.013 1.2817e+10 2.5634e+08
0.014 1.2357e+10 2.4714e+08
0.015 1.2175e+10 2.435e+08
0.016 1.2196e+10 2.4392e+08
0.017 1.2008e+10 2.4016e+08
0.018 1.2311e+10 2.4623e+08
0.019 1.203e+10 2.406e+08
0.02 1.1813e+10 2.3626e+08
0.021 1.1859e+10 2.3718e+08
0.022 1.1664e+10 2.3327e+08
0.023 1.1912e+10 2.3824e+08
0.024 1.1942e+10 2.3885e+08
0.025 1.18e+10 2.3599e+08
0.026 1.1645e+10 2.329e+08
0.027 1.1668e+10 2.3335e+08
0.028 1.1673e+10 2.3347e+08
0.029 1.1649e+10 2.3298e+08
0.03 1.1519e+10 2.3037e+08
0.031 1.1527e+10 2.3055e+08
0.032 1.1462e+10 2.2923e+08
0.033 1.1399e+10 2.2798e+08
0.034 1.1179e+10 2.2358e+08
0.035 1.1204e+10 2.2409e+08
0.036 1.111e+10 2.2221e+08
0.037 1.1077e+10 2.2155e+08
0.038 1.0876e+10 2.1752e+08
0.039 1.0831e+10 2.1663e+08
0.04 1.0828e+10 2.1656e+08
0.041 1.0644e+10 2.1288e+08
0.042 1.0654e+10 2.1308e+08
0.043 1.054e+10 2.1081e+08
0.044 1.0479e+10 2.0957e+08
0.045 1.034e+10 2.068e+08
0.046 1.0046e+10 2.0093e+08
0.047 1.0044e+10 2.0088e+08
0.048 9.9501e+09 1.99e+08
0.049 9.9511e+09 1.9902e+08
0.05 9.9098e+09 1.982e+08
0.051 9.8325e+09 1.9665e+08
0.052 9.7543e+09 1.9509e+08
0.053 9.6839e+09 1.9368e+08
0.054 9.3953e+09 1.8791e+08
0.055 9.2461e+09 1.8492e+08
0.056 9.2244e+09 1.8449e+08
0.057 9.2474e+09 1.8495e+08
0.058 9.1158e+09 1.8232e+08
0.059 8.9303e+09 1.7861e+08
0.06 8.7816e+09 1.7563e+08
0.061 8.7768e+09 1.7554e+08
0.062 8.696e+09 1.7392e+08
0.063 8.6946e+09 1.7389e+08
0.064 8.4415e+09 1.6883e+08
0.065 8.4214e+09 1.6843e+08
0.066 8.213e+09 1.6426e+08
0.067 8.1165e+09 1.6233e+08
0.068 7.9793e+09 1.5959e+08
0.069 7.886e+09 1.5772e+08
0.07 7.9779e+09 1.5956e+08
0.071 7.587e+09 1.5174e+08
0.072 7.6012e+09 1.5202e+08
0.073 7.576e+09 1.5152e+08
0.074 7.3864e+09 1.4773e+08
0.075 7.2889e+09 1.4578e+08
0.076 7.1357e+09 1.4271e+08
0.077 7.1271e+09 1.4254e+08
0.078 6.9337e+09 1.3867e+08
0.079 6.8388e+09 1.3678e+08
0.08 6.7974e+09 1.3595e+08
0.081 6.6247e+09 1.3249e+08
0.082 6.5169e+09 1.3034e+08
0.083 6.3704e+09 1.2741e+08
0.084 6.3991e+09 1.2798e+08
0.085 6.142e+09 1.2284e+08
0.086 6.1579e+09 1.2316e+08
0.087 6.0527e+09 1.2105e+08
0.088 5.9753e+09 1.1951e+08
0.089 5.7459e+09 1.1492e+08
0.09 5.7089e+09 1.1418e+08
0.091 5.5706e+09 1.1141e+08
0.092 5.4921e+09 1.0984e+08
0.093 5.3925e+09 1.0785e+08
0.094 5.3016e+09 1.0603e+08
0.095 5.1785e+09 1.0357e+08
0.096 5.0764e+09 1.0153e+08
0.097 5.0011e+09 1.0002e+08
0.098 4.874e+09 9.748e+07
0.099 4.7847e+09 9.5693e+07
0.1 4.6642e+09 9.3285e+07
0.101 4.6124e+09 9.2248e+07
0.102 4.5119e+09 9.0239e+07
0.103 4.4228e+09 8.8455e+07
0.104 4.3525e+09 8.7051e+07
0.105 4.2723e+09 8.5446e+07
0.106 4.1776e+09 8.3552e+07
0.107 4.0752e+09 8.1504e+07
0.108 3.873e+09 7.7461e+07
0.109 3.8591e+09 7.7183e+07
0.11 3.6933e+09 7.3866e+07
0.111 3.7033e+09 7.4065e+07
0.112 3.5275e+09 7.0551e+07
0.113 3.5067e+09 7.0135e+07
0.114 3.4386e+09 6.8772e+07
0.115 3.3411e+09 6.6822e+07
0.116 3.2817e+09 6.5634e+07
0.117 3.1625e+09 6.3251e+07
0.118 3.069e+09 6.1379e+07
0.119 3.0059e+09 6.0118e+07
0.12 2.9275e+09 5.8551e+07
0.121 2.8934e+09 5.7868e+07
0.122 2.7918e+09 5.5835e+07
0.123 2.7334e+09 5.4669e+07
0.124 2.6106e+09 5.2211e+07
0.125 2.5781e+09 5.1562e+07
0.126 2.5161e+09 5.0323e+07
0.127 2.4205e+09 4.841e+07
0.128 2.3725e+09 4.745e+07
0.129 2.2706e+09 4.5412e+07
0.13 2.2607e+09 4.5214e+07
0.131 2.1464e+09 4.2928e+07
0.132 2.132e+09 4.2639e+07
0.133 2.1293e+09 4.2586e+07
0.134 1.9999e+09 3.9999e+07
0.135 1.9136e+09 3.8272e+07
0.136 1.8817e+09 3.7633e+07
0.137 1.8412e+09 3.6824e+07
0.138 1.7739e+09 3.5478e+07
0.139 1.6791e+09 3.3582e+07
0.14 1.6976e+09 3.3952e+07
0.141 1.6132e+09 3.2264e+07
0.142 1.5626e+09 3.1251e+07
0.143 1.524e+09 3.0481e+07
0.144 1.4279e+09 2.8558e+07
0.145 1.3573e+09 2.7147e+07
0.146 1.408e+09 2.816e+07
0.147 1.2934e+09 2.5869e+07
0.148 1.2826e+09 2.5652e+07
0.149 1.2112e+09 2.4224e+07
0.15 1.1778e+09 2.3556e+07
0.151 1.1546e+09 2.3092e+07
0.152 1.0896e+09 2.1791e+07
0.153 1.078e+09 2.156e+07
0.154 1.0565e+09 2.1131e+07
0.155 9.6714e+08 1.9343e+07
0.156 9.2901e+08 1.858e+07
0.157 9.0822e+08 1.8164e+07
0.158 8.7508e+08 1.7502e+07
0.159 8.5589e+08 1.7118e+07
0.16 8.0814e+08 1.6163e+07
0.161 8.0138e+08 1.6028e+07
0.162 7.5116e+08 1.5023e+07
0.163 7.7956e+08 1.5591e+07
0.164 7.2514e+08 1.4503e+07
0.165 6.7003e+08 1.3401e+07
0.166 6.5048e+08 1.301e+07
0.167 6.3119e+08 1.2624e+07
0.168 6.3401e+08 1.268e+07
0.169 5.9354e+08 1.1871e+07
0.17 5.4601e+08 1.092e+07
0.171 5.4366e+08 1.0873e+07
0.172 5.4195e+08 1.0839e+07
0.173 4.7328e+08 9.4657e+06
0.174 4.5079e+08 9.0158e+06
0.175 4.637e+08 9.274e+06
0.176 4.5918e+08 9.1836e+06
0.177 3.9962e+08 7.9925e+06
0.178 4.222e+08 8.4441e+06
0.179 4.0643e+08 8.1286e+06
0.18 4.0833e+08 8.1667e+06
0.181 3.3062e+08 6.6125e+06
0.182 2.8256e+08 5.6512e+06
0.183 3.1571e+08 6.3141e+06
0.184 3.2867e+08 6.5735e+06
0.185 3.2896e+08 6.5793e+06
0.186 3.1287e+08 6.2574e+06
0.187 2.7817e+08 5.5634e+06
0.188 2.5952e+08 5.1905e+06
0.189 2.7441e+08 5.4882e+06
0.19 2.4596e+08 4.9192e+06
0.191 2.3191e+08 4.6383e+06
0.192 2.31e+08 4.62e+06
0.193 2.2713e+08 4.5426e+06
0.194 2.0559e+08 4.1117e+06
0.195 1.8014e+08 3.6028e+06
0.196 1.9315e+08 3.8629e+06
0.197 2.045e+08 4.09e+06
0.198 1.601e+08 3.202e+06
0.199 1.4258e+08 2.8516e+06
0.2 1.6972e+08 3.3945e+06
0.201 1.9806e+08 3.9612e+06
0.202 1.4491e+08 2.8981e+06
0.203 1.3892e+08 2.7785e+06
0.204 1.6017e+08 3.2034e+06
0.205 1.8802e+08 3.7604e+06
0.206 1.3959e+08 2.7918e+06
0.207 1.2867e+08 2.5734e+06
0.208 1.4423e+08 2.8846e+06
0.209 1.6591e+08 3.3182e+06
0.21 1.4064e+08 2.8127e+06
0.211 1.4495e+08 2.899e+06
0.212 1.1235e+08 2.2471e+06
0.213 1.5213e+08 3.0426e+06
0.214 1.3482e+08 2.6963e+06
0.215 1.5425e+08 3.085e+06
0.216 1.1591e+08 2.3182e+06
0.217 1.4113e+08 2.8226e+06
0.218 1.1891e+08 2.3782e+06
0.219 1.3742e+08 2.7483e+06
0.22 1.3841e+08 2.7683e+06
0.221 1.2503e+08 2.5005e+06
0.222 1.1652e+08 2.3304e+06
0.223 1.3336e+08 2.6671e+06
0.224 9.9154e+07 1.9831e+06
0.225 1.1994e+08 2.3988e+06
0.226 1.0789e+08 2.1578e+06
0.227 1.0923e+08 2.1846e+06
0.228 9.4463e+07 1.8893e+06
0.229 1.0611e+08 2.1222e+06
0.23 1.2659e+08 2.5317e+06
0.231 1.5264e+08 3.0528e+06
0.232 1.3292e+08 2.6585e+06
0.233 1.0783e+08 2.1565e+06
0.234 1.0068e+08 2.0136e+06
0.235 1.1841e+08 2.3682e+06
0.236 1.5212e+08 3.0425e+06
0.237 1.1703e+08 2.3406e+06
0.238 1.2505e+08 2.5011e+06
0.239 1.2727e+08 2.5454e+06
0.24 1.3669e+08 2.7337e+06
0.241 1.4694e+08 2.9389e+06
0.242 1.3588e+08 2.7176e+06
0.243 1.356e+08 2.7121e+06
0.244 1.0965e+08 2.193e+06
0.245 1.2956e+08 2.5912e+06
0.246 1.2544e+08 2.5088e+06
0.247 1.4232e+08 2.8465e+06
0.248 1.2391e+08 2.4781e+06
0.249 1.3997e+08 2.7993e+06
0.25 1.2998e+08 2.5996e+06
0.251 1.503e+08 3.006e+06
0.252 1.4908e+08 2.9816e+06
0.253 1.4042e+08 2.8084e+06
0.254 1.4042e+08 2.8083e+06
0.255 1.384e+08 2.7679e+06
0.256 1.1368e+08 2.2736e+06
0.257 1.2931e+08 2.5863e+06
0.258 1.4442e+08 2.8883e+06
0.259 1.251e+08 2.502e+06
0.26 1.3869e+08 2.7739e+06
0.261 1.4376e+08 2.8753e+06
0.262 1.6188e+08 3.2377e+06
0.263 1.437e+08 2.8741e+06
0.264 1.5234e+08 3.0468e+06
0.265 1.3038e+08 2.6076e+06
0.266 1.582e+08 3.164e+06
0.267 1.4023e+08 2.8046e+06
0.268 1.4695e+08 2.9391e+06
0.269 1.6975e+08 3.3949e+06
0.27 1.227e+08 2.454e+06
0.271 1.3816e+08 2.7632e+06
0.272 1.5578e+08 3.1156e+06
0.273 1.5428e+08 3.0857e+06
0.274 1.27e+08 2.5401e+06
0.275 1.2368e+08 2.4737e+06
0.276 1.4097e+08 2.8194e+06
0.277 1.3492e+08 2.6984e+06
0.278 1.5892e+08 3.1785e+06
0.279 1.5886e+08 3.1771e+06
0.28 1.3389e+08 2.6778e+06
0.281 1.6679e+08 3.3357e+06
0.282 1.3521e+08 2.7042e+06
0.283 1.4769e+08 2.9538e+06
0.284 1.2692e+08 2.5385e+06
0.285 1.6968e+08 3.3935e+06
0.286 1.1781e+08 2.3563e+06
0.287 9.9296e+07 1.9859e+06
0.288 1.2463e+08 2.4926e+06
0.289 1.1664e+08 2.3327e+06
0.29 1.439e+08 2.878e+06
0.291 1.36e+08 2.7201e+06
0.292 1.3645e+08 2.7291e+06
0.293 1.2911e+08 2.5823e+06
0.294 1.4508e+08 2.9016e+06
0.295 1.2398e+08 2.4795e+06
0.296 1.1709e+08 2.3418e+06
0.297 1.1679e+08 2.3357e+06
0.298 1.3835e+08 2.767e+06
0.299 1.2012e+08 2.4025e+06
0.3 1.1538e+08 2.3077e+06
0.301 1.3015e+08 2.6029e+06
0.302 1.2753e+08 2.5506e+06
0.303 1.0971e+08 2.1943e+06
0.304 1.4083e+08 2.8166e+06
0.305 1.3241e+08 2.6481e+06
0.306 9.5885e+07 1.9177e+06
0.307 1.1511e+08 2.3021e+06
0.308 9.7808e+07 1.9562e+06
0.309 1.2162e+08 2.4324e+06
0.31 1.0154e+08 2.0308e+06
0.311 1.4171e+08 2.8343e+06
0.312 9.6061e+07 1.9212e+06
0.313 1.1584e+08 2.3169e+06
0.314 1.0642e+08 2.1284e+06
0.315 1.1943e+08 2.3885e+06
0.316 1.0785e+08 2.157e+06
0.317 1.1433e+08 2.2867e+06
0.318 1.1786e+08 2.3573e+06
0.319 8.2719e+07 1.6544e+06
0.32 9.9933e+07 1.9987e+06
0.321 9.9118e+07 1.9824e+06
0.322 9.674e+07 1.9348e+06
0.323 1.2365e+08 2.4731e+06
0.324 7.0803e+07 1.4161e+06
0.325 1.1284e+08 2.2569e+06
0.326 7.6499e+07 1.53e+06
0.327 8.9678e+07 1.7936e+06
0.328 7.6983e+07 1.5397e+06
0.329 1.0852e+08 2.1705e+06
0.33 1.0089e+08 2.0178e+06
0.331 7.3893e+07 1.4779e+06
0.332 7.4321e+07 1.4864e+06
0.333 1.0078e+08 2.0157e+06
0.334 8.7317e+07 1.7463e+06
0.335 7.8919e+07 1.5784e+06
0.336 1.0197e+08 2.0394e+06
0.337 7.5373e+07 1.5075e+06
0.338 1.0552e+08 2.1104e+06
0.339 8.0178e+07 1.6036e+06
0.34 8.8102e+07 1.762e+06
0.341 7.917e+07 1.5834e+06
0.342 9.0558e+07 1.8112e+06
0.343 8.713e+07 1.7426e+06
0.344 8.9195e+07 1.7839e+06
0.345 7.959e+07 1.5918e+06
0.346 9.8847e+07 1.9769e+06
0.347 6.8473e+07 1.3695e+06
0.348 5.6019e+07 1.1204e+06
0.349 7.8983e+07 1.5797e+06
0.35 9.7508e+07 1.9502e+06
0.351 6.4673e+07 1.2935e+06
0.352 6.2274e+07 1.2455e+06
0.353 8.79e+07 1.758e+06
0.354 8.4738e+07 1.6948e+06
0.355 8.7208e+07 1.7442e+06
0.356 9.0225e+07 1.8045e+06
0.357 8.8187e+07 1.7637e+06
0.358 8.5846e+07 1.7169e+06
0.359 8.4149e+07 1.683e+06
0.36 6.7511e+07 1.3502e+06
0.361 7.8328e+07 1.5666e+06
0.362 9.0631e+07 1.8126e+06
0.363 7.7083e+07 1.5417e+06
0.364 5.8083e+07 1.1617e+06
0.365 5.4955e+07 1.0991e+06
0.366 6.9554e+07 1.3911e+06
0.367 6.083e+07 1.2166e+06
0.368 7.746e+07 1.5492e+06
0.369 8.189e+07 1.6378e+06
0.37 8.2976e+07 1.6595e+06
0.371 7.6699e+07 1.534e+06
0.372 7.991e+07 1.5982e+06
0.373 8.4597e+07 1.6919e+06
0.374 7.1749e+07 1.435e+06
0.375 8.7529e+07 1.7506e+06
0.376 4.9449e+07 9.8898e+05
0.377 5.4526e+07 1.0905e+06
0.378 9.2109e+07 1.8422e+06
0.379 5.8265e+07 1.1653e+06
0.38 5.656e+07 1.1312e+06
0.381 5.9556e+07 1.1911e+06
0.382 3.9442e+07 7.8884e+05
0.383 8.926e+07 1.7852e+06
0.384 8.1252e+07 1.625e+06
0.385 5.3953e+07 1.0791e+06
0.386 4.7095e+07 9.419e+05
0.387 7.0581e+07 1.4116e+06
0.388 6.8962e+07 1.3792e+06
0.389 7.6322e+07 1.5264e+06
0.39 4.894e+07 9.7881e+05
0.391 7.8866e+07 1.5773e+06
0.392 5.7959e+07 1.1592e+06
0.393 5.6835e+07 1.1367e+06
0.394 6.6253e+07 1.3251e+06
0.395 5.3478e+07 1.0696e+06
0.396 7.9478e+07 1.5896e+06
0.397 6.1378e+07 1.2276e+06
0.398 6.2419e+07 1.2484e+06
0.399 9.1334e+07 1.8267e+06
0.4 6.7664e+07 1.3533e+06
0.401 9.123e+07 1.8246e+06
0.402 6.6817e+07 1.3363e+06
0.403 6.4808e+07 1.2962e+06
0.404 6.7977e+07 1.3595e+06
0.405 6.416e+07 1.2832e+06
0.406 7.4964e+07 1.4993e+06
0.407 8.4782e+07 1.6956e+06
0.408 8.2312e+07 1.6462e+06
0.409 7.0573e+07 1.4115e+06
0.41 6.095e+07 1.219e+06
0.411 6.7609e+07 1.3522e+06
0.412 7.9165e+07 1.5833e+06
0.413 6.48e+07 1.296e+06
0.414 7.1362e+07 1.4272e+06
0.415 7.3634e+07 1.4727e+06
0.416 6.79e+07 1.358e+06
0.417 5.9847e+07 1.1969e+06
0.418 7.516e+07 1.5032e+06
0.419 5.3381e+07 1.0676e+06
0.42 8.5236e+07 1.7047e+06
0.421 7.1067e+07 1.4213e+06
0.422 9.363e+07 1.8726e+06
0.423 8.6978e+07 1.7396e+06
0.424 6.1274e+07 1.2255e+06
0.425 6.5912e+07 1.3182e+06
0.426 7.4279e+07 1.4856e+06
0.427 7.1144e+07 1.4229e+06
0.428 8.9003e+07 1.7801e+06
0.429 8.5526e+07 1.7105e+06
0.43 5.7927e+07 1.1585e+06
0.431 6.3708e+07 1.2742e+06
0.432 7.0125e+07 1.4025e+06
0.433 5.3407e+07 1.0681e+06
0.434 5.9379e+07 1.1876e+06
0.435 8.0254e+07 1.6051e+06
0.436 6.9948e+07 1.399e+06
0.437 6.679e+07 1.3358e+06
0.438 8.9004e+07 1.7801e+06
0.439 6.5922e+07 1.3184e+06
0.44 9.3404e+07 1.8681e+06
0.441 6.328e+07 1.2656e+06
0.442 4.5601e+07 9.1201e+05
0.443 7.1089e+07 1.4218e+06
0.444 9.0564e+07 1.8113e+06
0.445 7.9135e+07 1.5827e+06
0.446 6.1717e+07 1.2343e+06
0.447 5.0804e+07 1.0161e+06
0.448 5.2527e+07 1.0505e+06
0.449 4.9022e+07 9.8044e+05
0.45 6.0396e+07 1.2079e+06
0.451 7.3763e+07 1.4753e+06
0.452 4.7685e+07 9.5371e+05
0.453 5.0152e+07 1.003e+06
0.454 6.6081e+07 1.3216e+06
0.455 5.9082e+07 1.1816e+06
0.456 6.4793e+07 1.2959e+06
0.457 4.427e+07 8.854e+05
0.458 8.3131e+07 1.6626e+06
0.459 6.9785e+07 1.3957e+06
0.46 5.3849e+07 1.077e+06
0.461 7.0064e+07 1.4013e+06
0.462 7.8433e+07 1.5687e+06
0.463 7.0147e+07 1.4029e+06
0.464 8.5404e+07 1.7081e+06
0.465 5.9653e+07 1.1931e+06
0.466 7.9713e+07 1.5943e+06
0.467 6.9455e+07 1.3891e+06
0.468 8.1093e+07 1.6219e+06
0.469 5.1216e+07 1.0243e+06
0.47 6.0378e+07 1.2076e+06
0.471 6.386e+07 1.2772e+06
0.472 4.7194e+07 9.4387e+05
0.473 7.104e+07 1.4208e+06
0.474 7.0487e+07 1.4097e+06
0.475 5.982e+07 1.1964e+06
0.476 5.3713e+07 1.0743e+06
0.477 4.9572e+07 9.9144e+05
0.478 4.6246e+07 9.2492e+05
0.479 7.9255e+07 1.5851e+06
0.48 5.8205e+07 1.1641e+06
0.481 7.7565e+07 1.5513e+06
0.482 6.8403e+07 1.3681e+06
0.483 6.568e+07 1.3136e+06
0.484 6.0903e+07 1.2181e+06
0.485 8.2332e+07 1.6466e+06
0.486 5.4662e+07 1.0932e+06
0.487 5.9616e+07 1.1923e+06
0.488 6.0693e+07 1.2139e+06
0.489 5.3783e+07 1.0757e+06
0.49 6.0364e+07 1.2073e+06
0.491 5.1216e+07 1.0243e+06
0.492 6.1866e+07 1.2373e+06
0.493 5.3501e+07 1.07e+06
0.494 4.6878e+07 9.3756e+05
0.495 4.8764e+07 9.7528e+05
0.496 5.8098e+07 1.162e+06
0.497 5.6583e+07 1.1317e+06
0.498 5.5675e+07 1.1135e+06
0.499 3.6424e+07 7.2848e+05
0.5 7.2724e+07 1.4545e+06
