0.001 1.5376e+10 3.0752e+08
0.002 1.4066e+10 2.8133e+08
0.003 1.4851e+10 2.9702e+08
0.004 1.4839e+10 2.9677e+08
0.005 1.4737e+10 2.9474e+08
0.006 1.4546e+10 2.9092e+08
0.007 1.4012e+10 2.8024e+08
0.008 1.3832e+10 2.7665e+08
0.009 1.3865e+10 2.773e+08
0.01 1.4309e+10 2.8618e+08
0.011 1.3794e+10 2.7587e+08
0.012 1.4176e+10 2.8352e+08
0.013 1.3921e+10 2.7841e+08
0.014 1.3889e+10 2.7778e+08
0.015 1.4349e+10 2.8697e+08
0.016 1.4092e+10 2.8184e+08
0.017 1.4099e+10 2.8198e+08
0.018 1.3853e+10 2.7707e+08
0.019 1.4018e+10 2.8036e+08
0.02 1.3943e+10 2.7887e+08
0.021 1.3838e+10 2.7675e+08
0.022 1.3787e+10 2.7574e+08
0.023 1.3887e+10 2.7774e+08
0.024 1.3791e+10 2.7581e+08
0.025 1.3418e+10 2.6836e+08
0.026 1.3388e+10 2.6776e+08
0.027 1.3738e+10 2.7476e+08
0.028 1.3419e+10 2.6838e+08
0.029 1.3354e+10 2.6707e+08
0.03 1.3239e+10 2.6479e+08
0.031 1.3164e+10 2.6328e+08
0.032 1.2958e+10 2.5917e+08
0.033 1.299e+10 2.5979e+08
0.034 1.2926e+10 2.5853e+08
0.035 1.2894e+10 2.5788e+08
0.036 1.2847e+10 2.5694e+08
0.037 1.2773e+10 2.5547e+08
0.038 1.2428e+10 2.4856e+08
0.039 1.2687e+10 2.5375e+08
0.04 1.2542e+10 2.5084e+08
0.041 1.2321e+10 2.4642e+08
0.042 1.2073e+10 2.4146e+08
0.043 1.2054e+10 2.4109e+08
0.044 1.2096e+10 2.4192e+08
0.045 1.1893e+10 2.3786e+08
0.046 1.1757e+10 2.3514e+08
0.047 1.173e+10 2.346e+08
0.048 1.1685e+10 2.3369e+08
0.049 1.1459e+10 2.2918e+08
0.05 1.1494e+10 2.2987e+08
0.051 1.1184e+10 2.2369e+08
0.052 1.0985e+10 2.1971e+08
0.053 1.1032e+10 2.2063e+08
0.054 1.0879e+10 2.1758e+08
0.055 1.0719e+10 2.1438e+08
0.056 1.0633e+10 2.1267e+08
0.057 1.0592e+10 2.1183e+08
0.058 1.0595e+10 2.119e+08
0.059 1.0303e+10 2.0605e+08
0.06 1.0176e+10 2.0352e+08
0.061 1.0091e+10 2.0183e+08
0.062 1.0033e+10 2.0066e+08
0.063 9.8553e+09 1.9711e+08
0.064 9.7157e+09 1.9431e+08
0.065 9.4321e+09 1.8864e+08
0.066 9.3531e+09 1.8706e+08
0.067 9.2325e+09 1.8465e+08
0.068 9.2122e+09 1.8424e+08
0.069 8.9113e+09 1.7823e+08
0.07 8.8477e+09 1.7695e+08
0.071 8.8672e+09 1.7734e+08
0.072 8.5909e+09 1.7182e+08
0.073 8.5745e+09 1.7149e+08
0.074 8.5052e+09 1.701e+08
0.075 8.2632e+09 1.6526e+08
0.076 8.2518e+09 1.6504e+08
0.077 8.1006e+09 1.6201e+08
0.078 7.9593e+09 1.5919e+08
0.079 7.7718e+09 1.5544e+08
0.08 7.7052e+09 1.541e+08
0.081 7.6382e+09 1.5276e+08
0.082 7.492e+09 1.4984e+08
0.083 7.4e+09 1.48e+08
0.084 7.2851e+09 1.457e+08
0.085 7.1127e+09 1.4225e+08
0.086 6.9846e+09 1.3969e+08
0.087 6.8585e+09 1.3717e+08
0.088 6.8841e+09 1.3768e+08
0.089 6.579e+09 1.3158e+08
0.09 6.5698e+09 1.314e+08
0.091 6.3624e+09 1.2725e+08
0.092 6.2515e+09 1.2503e+08
0.093 6.2302e+09 1.246e+08
0.094 6.0077e+09 1.2015e+08
0.095 6.0173e+09 1.2035e+08
0.096 5.7855e+09 1.1571e+08
0.097 5.7768e+09 1.1554e+08
0.098 5.6085e+09 1.1217e+08
0.099 5.4531e+09 1.0906e+08
0.1 5.4059e+09 1.0812e+08
0.101 5.318e+09 1.0636e+08
0.102 5.1621e+09 1.0324e+08
0.103 5.0013e+09 1.0003e+08
0.104 4.9399e+09 9.8799e+07
0.105 4.9418e+09 9.8835e+07
0.106 4.7867e+09 9.5734e+07
0.107 4.5584e+09 9.1168e+07
0.108 4.4973e+09 8.9945e+07
0.109 4.3641e+09 8.7282e+07
0.11 4.3924e+09 8.7848e+07
0.111 4.2491e+09 8.4982e+07
0.112 4.1324e+09 8.2649e+07
0.113 4.1152e+09 8.2303e+07
0.114 3.9496e+09 7.8991e+07
0.115 3.8423e+09 7.6845e+07
0.116 3.7407e+09 7.4814e+07
0.117 3.6145e+09 7.229e+07
0.118 3.5733e+09 7.1467e+07
0.119 3.4383e+09 6.8766e+07
0.12 3.368e+09 6.736e+07
0.121 3.3429e+09 6.6857e+07
0.122 3.1749e+09 6.3499e+07
0.123 3.0608e+09 6.1217e+07
0.124 3.0516e+09 6.1033e+07
0.125 3.0204e+09 6.0407e+07
0.126 2.8429e+09 5.6859e+07
0.127 2.8e+09 5.6e+07
0.128 2.7468e+09 5.4935e+07
0.129 2.5682e+09 5.1363e+07
0.13 2.6283e+09 5.2565e+07
0.131 2.4989e+09 4.9978e+07
0.132 2.464e+09 4.928e+07
0.133 2.3401e+09 4.6802e+07
0.134 2.2783e+09 4.5566e+07
0.135 2.2168e+09 4.4337e+07
0.136 2.193e+09 4.386e+07
0.137 2.005e+09 4.0101e+07
0.138 2.0318e+09 4.0636e+07
0.139 2.0434e+09 4.0867e+07
0.14 1.8595e+09 3.7191e+07
0.141 1.8129e+09 3.6258e+07
0.142 1.7818e+09 3.5636e+07
0.143 1.7704e+09 3.5408e+07
0.144 1.639e+09 3.2781e+07
0.145 1.635e+09 3.2701e+07
0.146 1.5488e+09 3.0976e+07
0.147 1.5231e+09 3.0462e+07
0.148 1.408e+09 2.816e+07
0.149 1.3861e+09 2.7723e+07
0.15 1.3429e+09 2.6858e+07
0.151 1.3089e+09 2.6177e+07
0.152 1.2814e+09 2.5629e+07
0.153 1.2106e+09 2.4211e+07
0.154 1.2033e+09 2.4065e+07
0.155 1.1847e+09 2.3695e+07
0.156 1.1269e+09 2.2538e+07
0.157 1.0682e+09 2.1363e+07
0.158 1.0272e+09 2.0543e+07
0.159 1.0179e+09 2.0357e+07
0.16 9.2436e+08 1.8487e+07
0.161 9.2573e+08 1.8515e+07
0.162 9.0777e+08 1.8155e+07
0.163 8.015e+08 1.603e+07
0.164 7.7303e+08 1.5461e+07
0.165 8.128e+08 1.6256e+07
0.166 7.6128e+08 1.5226e+07
0.167 7.2316e+08 1.4463e+07
0.168 6.8804e+08 1.3761e+07
0.169 6.9167e+08 1.3833e+07
0.17 6.1791e+08 1.2358e+07
0.171 6.1016e+08 1.2203e+07
0.172 5.8774e+08 1.1755e+07
0.173 6.0379e+08 1.2076e+07
0.174 5.6153e+08 1.1231e+07
0.175 5.2659e+08 1.0532e+07
0.176 5.2617e+08 1.0523e+07
0.177 4.9508e+08 9.9017e+06
0.178 4.638e+08 9.276e+06
0.179 4.3969e+08 8.7939e+06
0.18 4.2342e+08 8.4683e+06
0.181 4.1787e+08 8.3575e+06
0.182 4.4358e+08 8.8715e+06
0.183 3.7834e+08 7.5669e+06
0.184 4.0276e+08 8.0553e+06
0.185 2.9864e+08 5.9729e+06
0.186 3.66e+08 7.32e+06
0.187 3.2706e+08 6.5412e+06
0.188 3.5101e+08 7.0202e+06
0.189 3.2463e+08 6.4925e+06
0.19 2.8434e+08 5.6867e+06
0.191 2.2881e+08 4.5762e+06
0.192 2.8582e+08 5.7164e+06
0.193 2.504e+08 5.0081e+06
0.194 2.5573e+08 5.1146e+06
0.195 2.3895e+08 4.779e+06
0.196 2.4283e+08 4.8567e+06
0.197 2.2898e+08 4.5796e+06
0.198 2.0446e+08 4.0892e+06
0.199 2.3441e+08 4.6883e+06
0.2 1.9767e+08 3.9535e+06
0.201 2.3934e+08 4.7868e+06
0.202 1.8275e+08 3.6551e+06
0.203 1.6301e+08 3.2603e+06
0.204 1.7251e+08 3.4503e+06
0.205 2.0759e+08 4.1518e+06
0.206 1.521e+08 3.042e+06
0.207 1.5416e+08 3.0832e+06
0.208 1.5598e+08 3.1195e+06
0.209 1.4997e+08 2.9995e+06
0.21 1.451e+08 2.902e+06
0.211 1.9507e+08 3.9014e+06
0.212 1.5394e+08 3.0789e+06
0.213 1.6488e+08 3.2975e+06
0.214 1.2958e+08 2.5916e+06
0.215 1.2092e+08 2.4184e+06
0.216 1.0995e+08 2.199e+06
0.217 1.9048e+08 3.8096e+06
0.218 1.3973e+08 2.7945e+06
0.219 9.7744e+07 1.9549e+06
0.22 1.464e+08 2.928e+06
0.221 1.2584e+08 2.5169e+06
0.222 1.4985e+08 2.997e+06
0.223 1.9216e+08 3.8432e+06
0.224 1.2122e+08 2.4244e+06
0.225 1.407e+08 2.8139e+06
0.226 1.7962e+08 3.5924e+06
0.227 1.4062e+08 2.8124e+06
0.228 1.4674e+08 2.9348e+06
0.229 1.5474e+08 3.0948e+06
0.23 1.7893e+08 3.5787e+06
0.231 1.3516e+08 2.7032e+06
0.232 1.3678e+08 2.7356e+06
0.233 1.6993e+08 3.3986e+06
0.234 1.4709e+08 2.9418e+06
0.235 1.5955e+08 3.191e+06
0.236 1.1453e+08 2.2906e+06
0.237 1.4448e+08 2.8895e+06
0.238 1.2344e+08 2.4688e+06
0.239 1.3463e+08 2.6926e+06
0.24 1.4202e+08 2.8404e+06
0.241 1.3336e+08 2.6672e+06
0.242 1.2892e+08 2.5784e+06
0.243 1.5479e+08 3.0959e+06
0.244 1.4215e+08 2.8431e+06
0.245 1.6858e+08 3.3716e+06
0.246 1.2764e+08 2.5527e+06
0.247 1.4211e+08 2.8423e+06
0.248 1.2964e+08 2.5928e+06
0.249 1.4649e+08 2.9299e+06
0.25 1.6595e+08 3.319e+06
0.251 1.2663e+08 2.5326e+06
0.252 1.5385e+08 3.0769e+06
0.253 1.6473e+08 3.2945e+06
0.254 1.1905e+08 2.3809e+06
0.255 1.5718e+08 3.1436e+06
0.256 1.7385e+08 3.4771e+06
0.257 1.7642e+08 3.5284e+06
0.258 1.4362e+08 2.8725e+06
0.259 1.5069e+08 3.0139e+06
0.26 1.6994e+08 3.3988e+06
0.261 1.7049e+08 3.4098e+06
0.262 1.6348e+08 3.2697e+06
0.263 1.3478e+08 2.6956e+06
0.264 1.5518e+08 3.1036e+06
0.265 1.6434e+08 3.2868e+06
0.266 1.5352e+08 3.0704e+06
0.267 1.4844e+08 2.9688e+06
0.268 1.7178e+08 3.4356e+06
0.269 1.5069e+08 3.0139e+06
0.27 1.5181e+08 3.0362e+06
0.271 1.6253e+08 3.2506e+06
0.272 1.6051e+08 3.2102e+06
0.273 1.7487e+08 3.4975e+06
0.274 1.5726e+08 3.1452e+06
0.275 1.7905e+08 3.5811e+06
0.276 1.5452e+08 3.0905e+06
0.277 1.537e+08 3.074e+06
0.278 1.6384e+08 3.2768e+06
0.279 1.7763e+08 3.5526e+06
0.28 1.2881e+08 2.5762e+06
0.281 2.0145e+08 4.029e+06
0.282 1.6269e+08 3.2538e+06
0.283 1.6531e+08 3.3062e+06
0.284 1.403e+08 2.8059e+06
0.285 1.3869e+08 2.7738e+06
0.286 1.676e+08 3.3521e+06
0.287 1.3356e+08 2.6712e+06
0.288 1.5659e+08 3.1319e+06
0.289 1.6184e+08 3.2368e+06
0.29 1.6065e+08 3.2129e+06
0.291 1.6701e+08 3.3401e+06
0.292 1.4975e+08 2.995e+06
0.293 1.6587e+08 3.3174e+06
0.294 1.4939e+08 2.9877e+06
0.295 1.2648e+08 2.5296e+06
0.296 1.4959e+08 2.9918e+06
0.297 1.4536e+08 2.9072e+06
0.298 1.1694e+08 2.3388e+06
0.299 1.3268e+08 2.6537e+06
0.3 1.5181e+08 3.0361e+06
0.301 1.6484e+08 3.2967e+06
0.302 1.3551e+08 2.7102e+06
0.303 1.4772e+08 2.9544e+06
0.304 1.659e+08 3.318e+06
0.305 1.2734e+08 2.5468e+06
0.306 1.3665e+08 2.733e+06
0.307 1.0054e+08 2.0107e+06
0.308 1.091e+08 2.182e+06
0.309 1.1067e+08 2.2133e+06
0.31 1.353e+08 2.7061e+06
0.311 1.3985e+08 2.7971e+06
0.312 1.3451e+08 2.6903e+06
0.313 1.1309e+08 2.2619e+06
0.314 9.3361e+07 1.8672e+06
0.315 1.1786e+08 2.3573e+06
0.316 1.3432e+08 2.6864e+06
0.317 1.0748e+08 2.1497e+06
0.318 1.212e+08 2.4239e+06
0.319 9.2289e+07 1.8458e+06
0.32 1.1223e+08 2.2446e+06
0.321 1.2349e+08 2.4698e+06
0.322 1.2607e+08 2.5214e+06
0.323 1.1895e+08 2.379e+06
0.324 1.1625e+08 2.325e+06
0.325 1.0264e+08 2.0527e+06
0.326 1.0373e+08 2.0746e+06
0.327 1.1287e+08 2.2573e+06
0.328 1.0211e+08 2.0423e+06
0.329 1.1299e+08 2.2598e+06
0.33 1.011e+08 2.0221e+06
0.331 1.2281e+08 2.4563e+06
0.332 9.3179e+07 1.8636e+06
0.333 9.4873e+07 1.8975e+06
0.334 7.7378e+07 1.5476e+06
0.335 8.6745e+07 1.7349e+06
0.336 9.2971e+07 1.8594e+06
0.337 7.6006e+07 1.5201e+06
0.338 7.827e+07 1.5654e+06
0.339 8.523e+07 1.7046e+06
0.34 9.6221e+07 1.9244e+06
0.341 9.1685e+07 1.8337e+06
0.342 9.3485e+07 1.8697e+06
0.343 9.698e+07 1.9396e+06
0.344 1.0412e+08 2.0825e+06
0.345 1.05e+08 2.1e+06
0.346 6.872e+07 1.3744e+06
0.347 7.7901e+07 1.558e+06
0.348 1.2286e+08 2.4573e+06
0.349 8.7907e+07 1.7581e+06
0.35 8.4684e+07 1.6937e+06
0.351 7.2798e+07 1.456e+06
0.352 7.1956e+07 1.4391e+06
0.353 6.08e+07 1.216e+06
0.354 7.4373e+07 1.4875e+06
0.355 7.1974e+07 1.4395e+06
0.356 8.6643e+07 1.7329e+06
0.357 1.0437e+08 2.0873e+06
0.358 7.9597e+07 1.5919e+06
0.359 7.9334e+07 1.5867e+06
0.36 7.102e+07 1.4204e+06
0.361 6.6728e+07 1.3346e+06
0.362 1.0303e+08 2.0607e+06
0.363 7.0646e+07 1.4129e+06
0.364 5.2205e+07 1.0441e+06
0.365 6.5135e+07 1.3027e+06
0.366 7.2127e+07 1.4425e+06
0.367 8.2534e+07 1.6507e+06
0.368 9.5485e+07 1.9097e+06
0.369 8.1465e+07 1.6293e+06
0.37 4.796e+07 9.592e+05
0.371 8.2396e+07 1.6479e+06
0.372 7.0558e+07 1.4112e+06
0.373 8.5866e+07 1.7173e+06
0.374 5.3995e+07 1.0799e+06
0.375 7.2342e+07 1.4468e+06
0.376 9.5083e+07 1.9017e+06
0.377 1.0574e+08 2.1147e+06
0.378 7.4808e+07 1.4962e+06
0.379 7.8392e+07 1.5678e+06
0.38 5.8304e+07 1.1661e+06
0.381 8.0497e+07 1.6099e+06
0.382 7.2865e+07 1.4573e+06
0.383 6.8888e+07 1.3778e+06
0.384 8.5059e+07 1.7012e+06
0.385 7.4709e+07 1.4942e+06
0.386 5.6768e+07 1.1354e+06
0.387 7.6801e+07 1.536e+06
0.388 4.8861e+07 9.7722e+05
0.389 1.1072e+08 2.2143e+06
0.39 7.3739e+07 1.4748e+06
0.391 5.1478e+07 1.0296e+06
0.392 7.4861e+07 1.4972e+06
0.393 7.559e+07 1.5118e+06
0.394 6.7059e+07 1.3412e+06
0.395 6.7025e+07 1.3405e+06
0.396 9.0732e+07 1.8146e+06
0.397 9.7784e+07 1.9557e+06
0.398 9.6396e+07 1.9279e+06
0.399 6.3163e+07 1.2633e+06
0.4 8.3409e+07 1.6682e+06
0.401 4.8343e+07 9.6686e+05
0.402 6.6054e+07 1.3211e+06
0.403 7.0517e+07 1.4103e+06
0.404 9.6881e+07 1.9376e+06
0.405 6.6136e+07 1.3227e+06
0.406 6.3872e+07 1.2774e+06
0.407 7.5948e+07 1.519e+06
0.408 8.1387e+07 1.6277e+06
0.409 7.7113e+07 1.5423e+06
0.41 1.1133e+08 2.2267e+06
0.411 7.9885e+07 1.5977e+06
0.412 7.2993e+07 1.4599e+06
0.413 8.4476e+07 1.6895e+06
0.414 7.9574e+07 1.5915e+06
0.415 8.6719e+07 1.7344e+06
0.416 8.8312e+07 1.7662e+06
0.417 9.7528e+07 1.9506e+06
0.418 8.2226e+07 1.6445e+06
0.419 8.2027e+07 1.6405e+06
0.42 4.0672e+07 8.1343e+05
0.421 1.0502e+08 2.1003e+06
0.422 9.0831e+07 1.8166e+06
0.423 8.3022e+07 1.6604e+06
0.424 1.0006e+08 2.0011e+06
0.425 7.7932e+07 1.5586e+06
0.426 8.024e+07 1.6048e+06
0.427 8.1225e+07 1.6245e+06
0.428 7.6948e+07 1.539e+06
0.429 6.3848e+07 1.277e+06
0.43 8.8457e+07 1.7691e+06
0.431 7.107e+07 1.4214e+06
0.432 9.818e+07 1.9636e+06
0.433 8.028e+07 1.6056e+06
0.434 7.7337e+07 1.5467e+06
0.435 9.608e+07 1.9216e+06
0.436 8.1719e+07 1.6344e+06
0.437 7.7814e+07 1.5563e+06
0.438 1.007e+08 2.014e+06
0.439 7.7807e+07 1.5561e+06
0.44 6.392e+07 1.2784e+06
0.441 6.1258e+07 1.2252e+06
0.442 8.1929e+07 1.6386e+06
0.443 7.5443e+07 1.5089e+06
0.444 8.9724e+07 1.7945e+06
0.445 5.7057e+07 1.1411e+06
0.446 7.4534e+07 1.4907e+06
0.447 8.1668e+07 1.6334e+06
0.448 7.3763e+07 1.4753e+06
0.449 7.5861e+07 1.5172e+06
0.45 8.4325e+07 1.6865e+06
0.451 9.8308e+07 1.9662e+06
0.452 6.7317e+07 1.3463e+06
0.453 9.6557e+07 1.9311e+06
0.454 7.3606e+07 1.4721e+06
0.455 8.2757e+07 1.6551e+06
0.456 8.3708e+07 1.6742e+06
0.457 6.6019e+07 1.3204e+06
0.458 9.5658e+07 1.9132e+06
0.459 7.877e+07 1.5754e+06
0.46 7.6983e+07 1.5397e+06
0.461 7.5317e+07 1.5063e+06
0.462 6.6775e+07 1.3355e+06
0.463 8.1924e+07 1.6385e+06
0.464 8.2574e+07 1.6515e+06
0.465 8.3202e+07 1.664e+06
0.466 8.2642e+07 1.6528e+06
0.467 6.64e+07 1.328e+06
0.468 7.2785e+07 1.4557e+06
0.469 7.6749e+07 1.535e+06
0.47 5.5048e+07 1.101e+06
0.471 9.4598e+07 1.892e+06
0.472 8.8036e+07 1.7607e+06
0.473 6.5493e+07 1.3099e+06
0.474 5.9774e+07 1.1955e+06
0.475 7.2996e+07 1.4599e+06
0.476 8.0222e+07 1.6044e+06
0.477 7.59e+07 1.518e+06
0.478 7.7169e+07 1.5434e+06
0.479 6.8106e+07 1.3621e+06
0.48 1.0039e+08 2.0077e+06
0.481 6.2328e+07 1.2466e+06
0.482 7.3663e+07 1.4733e+06
0.483 7.1662e+07 1.4332e+06
0.484 6.725e+07 1.345e+06
0.485 6.9733e+07 1.3947e+06
0.486 4.6463e+07 9.2926e+05
0.487 7.5203e+07 1.5041e+06
0.488 4.5646e+07 9.1291e+05
0.489 7.1008e+07 1.4202e+06
0.49 8.7462e+07 1.7492e+06
0.491 5.1996e+07 1.0399e+06
0.492 8.2067e+07 1.6413e+06
0.493 5.7615e+07 1.1523e+06
0.494 4.8662e+07 9.7325e+05
0.495 6.4372e+07 1.2874e+06
0.496 7.4566e+07 1.4913e+06
0.497 5.2063e+07 1.0413e+06
0.498 2.9073e+07 5.8146e+05
0.499 6.4196e+07 1.2839e+06
0.5 6.0438e+07 1.2088e+06
