0.001 8.027e+09 1.6054e+08
0.002 8.3995e+09 1.6799e+08
0.003 8.1865e+09 1.6373e+08
0.004 8.5746e+09 1.7149e+08
0.005 8.4282e+09 1.6856e+08
0.006 8.5113e+09 1.7023e+08
0.007 8.3636e+09 1.6727e+08
0.008 8.483e+09 1.6966e+08
0.009 8.4409e+09 1.6882e+08
0.01 8.2801e+09 1.656e+08
0.011 8.5956e+09 1.7191e+08
0.012 8.3972e+09 1.6794e+08
0.013 8.1447e+09 1.6289e+08
0.014 8.0344e+09 1.6069e+08
0.015 8.1546e+09 1.6309e+08
0.016 7.8773e+09 1.5755e+08
0.017 7.9987e+09 1.5997e+08
0.018 7.9144e+09 1.5829e+08
0.019 8.0188e+09 1.6038e+08
0.02 7.9186e+09 1.5837e+08
0.021 7.9072e+09 1.5814e+08
0.022 7.8383e+09 1.5677e+08
0.023 7.7648e+09 1.553e+08
0.024 7.7588e+09 1.5518e+08
0.025 7.6989e+09 1.5398e+08
0.026 7.4692e+09 1.4938e+08
0.027 7.5691e+09 1.5138e+08
0.028 7.3135e+09 1.4627e+08
0.029 7.4513e+09 1.4903e+08
0.03 7.445e+09 1.489e+08
0.031 7.246e+09 1.4492e+08
0.032 7.2821e+09 1.4564e+08
0.033 7.1651e+09 1.433e+08
0.034 7.1143e+09 1.4229e+08
0.035 7.08e+09 1.416e+08
0.036 6.9576e+09 1.3915e+08
0.037 6.8853e+09 1.3771e+08
0.038 6.8116e+09 1.3623e+08
0.039 6.6911e+09 1.3382e+08
0.04 6.8175e+09 1.3635e+08
0.041 6.5624e+09 1.3125e+08
0.042 6.3822e+09 1.2764e+08
0.043 6.4299e+09 1.286e+08
0.044 6.3882e+09 1.2776e+08
0.045 6.2683e+09 1.2537e+08
0.046 6.2125e+09 1.2425e+08
0.047 6.1372e+09 1.2274e+08
0.048 6.0478e+09 1.2096e+08
0.049 5.9631e+09 1.1926e+08
0.05 5.8994e+09 1.1799e+08
0.051 5.7333e+09 1.1467e+08
0.052 5.7122e+09 1.1424e+08
0.053 5.6487e+09 1.1297e+08
0.054 5.4676e+09 1.0935e+08
0.055 5.4031e+09 1.0806e+08
0.056 5.2998e+09 1.06e+08
0.057 5.2298e+09 1.046e+08
0.058 5.0905e+09 1.0181e+08
0.059 5.0535e+09 1.0107e+08
0.06 5.0193e+09 1.0039e+08
0.061 4.9042e+09 9.8085e+07
0.062 4.8206e+09 9.6411e+07
0.063 4.721e+09 9.442e+07
0.064 4.5474e+09 9.0948e+07
0.065 4.6391e+09 9.2782e+07
0.066 4.5281e+09 9.0562e+07
0.067 4.4434e+09 8.8869e+07
0.068 4.2805e+09 8.5611e+07
0.069 4.273e+09 8.5461e+07
0.07 4.1827e+09 8.3655e+07
0.071 4.0734e+09 8.1468e+07
0.072 3.9263e+09 7.8527e+07
0.073 3.8481e+09 7.6962e+07
0.074 3.8427e+09 7.6854e+07
0.075 3.7408e+09 7.4815e+07
0.076 3.692e+09 7.384e+07
0.077 3.6168e+09 7.2336e+07
0.078 3.5032e+09 7.0064e+07
0.079 3.4154e+09 6.8308e+07
0.08 3.3228e+09 6.6457e+07
0.081 3.269e+09 6.538e+07
0.082 3.1959e+09 6.3917e+07
0.083 3.092e+09 6.184e+07
0.084 3.1476e+09 6.2953e+07
0.085 2.9631e+09 5.9262e+07
0.086 2.9025e+09 5.805e+07
0.087 2.8698e+09 5.7395e+07
0.088 2.717e+09 5.434e+07
0.089 2.7257e+09 5.4514e+07
0.09 2.7037e+09 5.4073e+07
0.091 2.6001e+09 5.2002e+07
0.092 2.5654e+09 5.1309e+07
0.093 2.4362e+09 4.8724e+07
0.094 2.399e+09 4.798e+07
0.095 2.2827e+09 4.5653e+07
0.096 2.2142e+09 4.4284e+07
0.097 2.2068e+09 4.4136e+07
0.098 2.1385e+09 4.277e+07
0.099 2.08e+09 4.16e+07
0.1 2.009e+09 4.018e+07
0.101 1.9978e+09 3.9956e+07
0.102 1.9208e+09 3.8416e+07
0.103 1.8781e+09 3.7562e+07
0.104 1.8132e+09 3.6265e+07
0.105 1.7747e+09 3.5494e+07
0.106 1.7032e+09 3.4063e+07
0.107 1.7182e+09 3.4363e+07
0.108 1.6003e+09 3.2007e+07
0.109 1.5958e+09 3.1917e+07
0.11 1.5021e+09 3.0042e+07
0.111 1.5006e+09 3.0012e+07
0.112 1.4669e+09 2.9338e+07
0.113 1.4233e+09 2.8466e+07
0.114 1.3508e+09 2.7016e+07
0.115 1.3311e+09 2.6623e+07
0.116 1.3063e+09 2.6127e+07
0.117 1.2354e+09 2.4707e+07
0.118 1.1867e+09 2.3735e+07
0.119 1.1726e+09 2.3453e+07
0.12 1.1343e+09 2.2685e+07
0.121 1.1127e+09 2.2255e+07
0.122 1.0446e+09 2.0892e+07
0.123 1.0435e+09 2.0869e+07
0.124 1.0402e+09 2.0803e+07
0.125 9.3211e+08 1.8642e+07
0.126 9.5058e+08 1.9012e+07
0.127 9.3049e+08 1.861e+07
0.128 9.0113e+08 1.8023e+07
0.129 8.7356e+08 1.7471e+07
0.13 8.314e+08 1.6628e+07
0.131 8.2182e+08 1.6436e+07
0.132 7.8502e+08 1.57e+07
0.133 7.8195e+08 1.5639e+07
0.134 7.4219e+08 1.4844e+07
0.135 7.4606e+08 1.4921e+07
0.136 7.3168e+08 1.4634e+07
0.137 6.816e+08 1.3632e+07
0.138 6.7995e+08 1.3599e+07
0.139 6.7158e+08 1.3432e+07
0.14 5.9926e+08 1.1985e+07
0.141 6.2405e+08 1.2481e+07
0.142 5.6326e+08 1.1265e+07
0.143 5.6535e+08 1.1307e+07
0.144 5.5122e+08 1.1024e+07
0.145 5.2273e+08 1.0455e+07
0.146 5.3646e+08 1.0729e+07
0.147 5.271e+08 1.0542e+07
0.148 4.577e+08 9.1539e+06
0.149 4.7263e+08 9.4526e+06
0.15 4.3669e+08 8.7337e+06
0.151 4.5334e+08 9.0667e+06
0.152 4.3481e+08 8.6963e+06
0.153 4.2351e+08 8.4701e+06
0.154 4.323e+08 8.646e+06
0.155 4.0466e+08 8.0933e+06
0.156 4.0593e+08 8.1185e+06
0.157 4.094e+08 8.1879e+06
0.158 3.5779e+08 7.1558e+06
0.159 3.429e+08 6.858e+06
0.16 3.5362e+08 7.0724e+06
0.161 3.1984e+08 6.3968e+06
0.162 3.2774e+08 6.5548e+06
0.163 3.3182e+08 6.6364e+06
0.164 2.9095e+08 5.8189e+06
0.165 2.9463e+08 5.8926e+06
0.166 3.1844e+08 6.3688e+06
0.167 2.6785e+08 5.3569e+06
0.168 2.7599e+08 5.5197e+06
0.169 2.6958e+08 5.3915e+06
0.17 2.6705e+08 5.341e+06
0.171 2.7327e+08 5.4655e+06
0.172 2.3397e+08 4.6794e+06
0.173 2.3602e+08 4.7203e+06
0.174 2.4745e+08 4.949e+06
0.175 2.4044e+08 4.8087e+06
0.176 2.2646e+08 4.5292e+06
0.177 2.3743e+08 4.7486e+06
0.178 2.253e+08 4.5061e+06
0.179 2.0405e+08 4.0811e+06
0.18 2.2181e+08 4.4361e+06
0.181 2.0158e+08 4.0317e+06
0.182 1.736e+08 3.4719e+06
0.183 1.813e+08 3.626e+06
0.184 2.0329e+08 4.0659e+06
0.185 1.7754e+08 3.5507e+06
0.186 1.8649e+08 3.7298e+06
0.187 1.5521e+08 3.1041e+06
0.188 1.7324e+08 3.4648e+06
0.189 1.6461e+08 3.2922e+06
0.19 1.6342e+08 3.2683e+06
0.191 1.2629e+08 2.5258e+06
0.192 1.5855e+08 3.1711e+06
0.193 1.5076e+08 3.0152e+06
0.194 1.2689e+08 2.5379e+06
0.195 1.4574e+08 2.9148e+06
0.196 1.4615e+08 2.9229e+06
0.197 1.3284e+08 2.6568e+06
0.198 1.2257e+08 2.4514e+06
0.199 1.3104e+08 2.6209e+06
0.2 1.2752e+08 2.5504e+06
0.201 1.359e+08 2.7181e+06
0.202 1.0292e+08 2.0583e+06
0.203 1.3659e+08 2.7318e+06
0.204 1.1482e+08 2.2964e+06
0.205 1.4259e+08 2.8517e+06
0.206 1.2509e+08 2.5018e+06
0.207 1.0532e+08 2.1065e+06
0.208 1.1193e+08 2.2386e+06
0.209 1.0586e+08 2.1171e+06
0.21 9.6427e+07 1.9285e+06
0.211 1.0507e+08 2.1013e+06
0.212 8.8939e+07 1.7788e+06
0.213 1.1295e+08 2.2589e+06
0.214 1.3104e+08 2.6208e+06
0.215 9.6538e+07 1.9308e+06
0.216 9.1072e+07 1.8214e+06
0.217 1.0438e+08 2.0877e+06
0.218 9.343e+07 1.8686e+06
0.219 1.2263e+08 2.4526e+06
0.22 9.3702e+07 1.874e+06
0.221 9.5653e+07 1.9131e+06
0.222 1.0366e+08 2.0732e+06
0.223 9.3255e+07 1.8651e+06
0.224 8.7819e+07 1.7564e+06
0.225 7.5607e+07 1.5121e+06
0.226 9.7267e+07 1.9453e+06
0.227 8.097e+07 1.6194e+06
0.228 8.9939e+07 1.7988e+06
0.229 7.6423e+07 1.5285e+06
0.23 9.6823e+07 1.9365e+06
0.231 7.7603e+07 1.5521e+06
0.232 7.5689e+07 1.5138e+06
0.233 6.8769e+07 1.3754e+06
0.234 8.0788e+07 1.6158e+06
0.235 6.9457e+07 1.3891e+06
0.236 6.548e+07 1.3096e+06
0.237 5.7625e+07 1.1525e+06
0.238 6.3584e+07 1.2717e+06
0.239 7.3586e+07 1.4717e+06
0.24 5.4685e+07 1.0937e+06
0.241 7.0509e+07 1.4102e+06
0.242 6.8857e+07 1.3771e+06
0.243 5.523e+07 1.1046e+06
0.244 7.0291e+07 1.4058e+06
0.245 6.8369e+07 1.3674e+06
0.246 5.4073e+07 1.0815e+06
0.247 4.9248e+07 9.8495e+05
0.248 7.2296e+07 1.4459e+06
0.249 6.0765e+07 1.2153e+06
0.25 6.3398e+07 1.268e+06
0.251 4.4281e+07 8.8561e+05
0.252 5.7705e+07 1.1541e+06
0.253 5.2659e+07 1.0532e+06
0.254 5.7562e+07 1.1512e+06
0.255 4.641e+07 9.2821e+05
0.256 6.1627e+07 1.2325e+06
0.257 3.7887e+07 7.5773e+05
0.258 5.9185e+07 1.1837e+06
0.259 6.3671e+07 1.2734e+06
0.26 4.6192e+07 9.2383e+05
0.261 4.1971e+07 8.3942e+05
0.262 6.9286e+07 1.3857e+06
0.263 4.8993e+07 9.7986e+05
0.264 8.0095e+07 1.6019e+06
0.265 4.6966e+07 9.3932e+05
0.266 4.7689e+07 9.5378e+05
0.267 5.7716e+07 1.1543e+06
0.268 4.6187e+07 9.2374e+05
0.269 6.7359e+07 1.3472e+06
0.27 4.5414e+07 9.0829e+05
0.271 6.1742e+07 1.2348e+06
0.272 5.0278e+07 1.0056e+06
0.273 4.9378e+07 9.8757e+05
0.274 5.907e+07 1.1814e+06
0.275 3.7367e+07 7.4734e+05
0.276 4.9516e+07 9.9031e+05
0.277 3.4782e+07 6.9563e+05
0.278 4.1313e+07 8.2627e+05
0.279 5.1299e+07 1.026e+06
0.28 4.4932e+07 8.9864e+05
0.281 3.7608e+07 7.5217e+05
0.282 3.2459e+07 6.4917e+05
0.283 6.0806e+07 1.2161e+06
0.284 4.0823e+07 8.1645e+05
0.285 2.1426e+07 4.2852e+05
0.286 3.7337e+07 7.4674e+05
0.287 4.6704e+07 9.3407e+05
0.288 3.6617e+07 7.3234e+05
0.289 3.7037e+07 7.4074e+05
0.29 3.7935e+07 7.5871e+05
0.291 5.5973e+07 1.1195e+06
0.292 4.3359e+07 8.6717e+05
0.293 4.7565e+07 9.5131e+05
0.294 4.3919e+07 8.7838e+05
0.295 3.8054e+07 7.6108e+05
0.296 3.2047e+07 6.4094e+05
0.297 5.2242e+07 1.0448e+06
0.298 3.7267e+07 7.4534e+05
0.299 2.1685e+07 4.3369e+05
0.3 3.5168e+07 7.0336e+05
0.301 5.1193e+07 1.0239e+06
0.302 3.6212e+07 7.2424e+05
0.303 5.0844e+07 1.0169e+06
0.304 3.1794e+07 6.3588e+05
0.305 5.0944e+07 1.0189e+06
0.306 3.8514e+07 7.7028e+05
0.307 3.2001e+07 6.4003e+05
0.308 3.6225e+07 7.2449e+05
0.309 3.9454e+07 7.8907e+05
0.31 3.3079e+07 6.6159e+05
0.311 2.8659e+07 5.7318e+05
0.312 3.2917e+07 6.5833e+05
0.313 4.4296e+07 8.8591e+05
0.314 3.9066e+07 7.8133e+05
0.315 3.3255e+07 6.651e+05
0.316 3.5923e+07 7.1846e+05
0.317 2.3826e+07 4.7652e+05
0.318 2.7116e+07 5.4231e+05
0.319 4.3577e+07 8.7154e+05
0.32 2.6555e+07 5.311e+05
0.321 3.8223e+07 7.6446e+05
0.322 3.967e+07 7.934e+05
0.323 4.5487e+07 9.0974e+05
0.324 2.8469e+07 5.6937e+05
0.325 2.315e+07 4.63e+05
0.326 3.7574e+07 7.5148e+05
0.327 2.5337e+07 5.0673e+05
0.328 1.5329e+07 3.0658e+05
0.329 5.3827e+07 1.0765e+06
0.33 3.791e+07 7.582e+05
0.331 3.4669e+07 6.9337e+05
0.332 2.3183e+07 4.6365e+05
0.333 4.0991e+07 8.1983e+05
0.334 3.8824e+07 7.7648e+05
0.335 3.5235e+07 7.0471e+05
0.336 3.8674e+07 7.7347e+05
0.337 2.4281e+07 4.8562e+05
0.338 4.4968e+07 8.9935e+05
0.339 3.5503e+07 7.1006e+05
0.34 3.1308e+07 6.2616e+05
0.341 5.1172e+07 1.0234e+06
0.342 3.4602e+07 6.9204e+05
0.343 3.3784e+07 6.7569e+05
0.344 2.8369e+07 5.6738e+05
0.345 2.2588e+07 4.5176e+05
0.346 3.4032e+07 6.8063e+05
0.347 3.8686e+07 7.7371e+05
0.348 4.1946e+07 8.3892e+05
0.349 2.9986e+07 5.9971e+05
0.35 3.7039e+07 7.4078e+05
0.351 2.9484e+07 5.8968e+05
0.352 1.6426e+07 3.2851e+05
0.353 3.3937e+07 6.7874e+05
0.354 3.9902e+07 7.9803e+05
0.355 3.7145e+07 7.4291e+05
0.356 2.7776e+07 5.5552e+05
0.357 2.6284e+07 5.2568e+05
0.358 2.4033e+07 4.8065e+05
0.359 3.1687e+07 6.3375e+05
0.36 3.9659e+07 7.9319e+05
0.361 4.8516e+07 9.7031e+05
0.362 2.646e+07 5.292e+05
0.363 4.9803e+07 9.9607e+05
0.364 5.0645e+07 1.0129e+06
0.365 3.0918e+07 6.1837e+05
0.366 3.2955e+07 6.5909e+05
0.367 4.8197e+07 9.6394e+05
0.368 1.1378e+07 2.2756e+05
0.369 3.8433e+07 7.6867e+05
0.37 2.0353e+07 4.0707e+05
0.371 3.9465e+07 7.8929e+05
0.372 1.6061e+07 3.2122e+05
0.373 2.4377e+07 4.8754e+05
0.374 2.061e+07 4.1221e+05
0.375 3.7264e+07 7.4527e+05
0.376 1.8619e+07 3.7239e+05
0.377 3.6296e+07 7.2591e+05
0.378 3.5999e+07 7.1998e+05
0.379 3.513e+07 7.0259e+05
0.38 2.8484e+07 5.6967e+05
0.381 4.0262e+07 8.0524e+05
0.382 2.305e+07 4.6099e+05
0.383 3.9156e+07 7.8312e+05
0.384 3.4704e+07 6.9408e+05
0.385 3.327e+07 6.6541e+05
0.386 2.3908e+07 4.7816e+05
0.387 3.3147e+07 6.6294e+05
0.388 3.0085e+07 6.017e+05
0.389 3.1994e+07 6.3987e+05
0.39 4.2768e+07 8.5537e+05
0.391 3.1471e+07 6.2942e+05
0.392 2.2586e+07 4.5172e+05
0.393 4.1552e+07 8.3103e+05
0.394 2.4404e+07 4.8808e+05
0.395 4.1347e+07 8.2693e+05
0.396 4.0635e+07 8.1271e+05
0.397 4.123e+07 8.2459e+05
0.398 1.3754e+07 2.7507e+05
0.399 2.0161e+07 4.0322e+05
0.4 2.9023e+07 5.8045e+05
0.401 3.4333e+07 6.8667e+05
0.402 3.5712e+07 7.1424e+05
0.403 3.2803e+07 6.5605e+05
0.404 2.5945e+07 5.1889e+05
0.405 1.2713e+07 2.5427e+05
0.406 2.2166e+07 4.4332e+05
0.407 2.5424e+07 5.0847e+05
0.408 1.4465e+07 2.8929e+05
0.409 2.7355e+07 5.4709e+05
0.41 4.1866e+07 8.3732e+05
0.411 2.2143e+07 4.4286e+05
0.412 2.2201e+07 4.4402e+05
0.413 2.1551e+07 4.3102e+05
0.414 1.6874e+07 3.3748e+05
0.415 3.1986e+07 6.3972e+05
0.416 3.3119e+07 6.6238e+05
0.417 3.6567e+07 7.3133e+05
0.418 1.917e+07 3.834e+05
0.419 1.9452e+07 3.8904e+05
0.42 2.8655e+07 5.7309e+05
0.421 1.9904e+07 3.9808e+05
0.422 2.7725e+07 5.5451e+05
0.423 2.9557e+07 5.9114e+05
0.424 3.2912e+07 6.5825e+05
0.425 2.7407e+07 5.4815e+05
0.426 1.5712e+07 3.1425e+05
0.427 2.5274e+07 5.0548e+05
0.428 5.5923e+06 1.1185e+05
0.429 4.1547e+07 8.3094e+05
0.43 2.1819e+07 4.3638e+05
0.431 2.9923e+07 5.9845e+05
0.432 2.3345e+07 4.669e+05
0.433 2.6234e+07 5.2467e+05
0.434 2.3779e+07 4.7558e+05
0.435 3.4029e+07 6.8057e+05
0.436 1.1242e+07 2.2484e+05
0.437 1.8018e+07 3.6037e+05
0.438 3.1783e+07 6.3566e+05
0.439 2.1836e+07 4.3671e+05
0.44 1.2118e+07 2.4236e+05
0.441 2.6022e+07 5.2044e+05
0.442 2.8704e+07 5.7408e+05
0.443 3.9489e+07 7.8977e+05
0.444 1.8406e+07 3.6811e+05
0.445 2.631e+07 5.262e+05
0.446 3.2015e+07 6.4031e+05
0.447 2.6741e+07 5.3483e+05
0.448 3.3226e+07 6.6453e+05
0.449 2.7678e+07 5.5356e+05
0.45 1.6449e+07 3.2898e+05
0.451 3.0125e+07 6.025e+05
0.452 1.6392e+07 3.2784e+05
0.453 2.0426e+07 4.0851e+05
0.454 3.1614e+07 6.3229e+05
0.455 1.6967e+07 3.3934e+05
0.456 2.6025e+07 5.205e+05
0.457 2.6436e+07 5.2872e+05
0.458 2.0081e+07 4.0161e+05
0.459 2.821e+07 5.642e+05
0.46 2.9019e+07 5.8039e+05
0.461 3.7317e+07 7.4633e+05
0.462 2.6605e+07 5.3211e+05
0.463 2.7994e+07 5.5987e+05
0.464 1.8687e+06 37373
0.465 3.2456e+07 6.4912e+05
0.466 2.5258e+07 5.0515e+05
0.467 2.8185e+07 5.637e+05
0.468 2.6189e+07 5.2378e+05
0.469 6.6169e+06 1.3234e+05
0.47 3.1014e+07 6.2028e+05
0.471 3.5789e+07 7.1579e+05
0.472 1.7111e+07 3.4221e+05
0.473 2.8024e+07 5.6048e+05
0.474 1.5331e+07 3.0662e+05
0.475 2.1458e+07 4.2916e+05
0.476 2.1942e+07 4.3885e+05
0.477 2.1998e+07 4.3997e+05
0.478 2.2301e+07 4.4601e+05
0.479 3.3021e+07 6.6042e+05
0.48 2.1126e+07 4.2252e+05
0.481 1.7196e+07 3.4391e+05
0.482 1.4234e+07 2.8468e+05
0.483 2.227e+07 4.454e+05
0.484 2.4729e+07 4.9457e+05
0.485 3.6618e+07 7.3236e+05
0.486 2.5923e+07 5.1845e+05
0.487 2.631e+07 5.262e+05
0.488 1.6789e+07 3.3579e+05
0.489 2.4273e+07 4.8545e+05
0.49 2.4849e+07 4.9699e+05
0.491 2.9294e+07 5.8588e+05
0.492 3.2917e+07 6.5834e+05
0.493 3.4031e+07 6.8061e+05
0.494 2.0861e+07 4.1723e+05
0.495 4.3757e+07 8.7515e+05
0.496 2.3448e+07 4.6895e+05
0.497 2.2107e+07 4.4213e+05
0.498 2.5703e+07 5.1405e+05
0.499 3.373e+07 6.7461e+05
0.5 2.0875e+07 4.1751e+05
