0.001 7.466e+09 1.4932e+08
0.002 7.196e+09 1.4392e+08
0.003 7.5746e+09 1.5149e+08
0.004 7.346e+09 1.4692e+08
0.005 7.4527e+09 1.4905e+08
0.006 7.4953e+09 1.4991e+08
0.007 7.4547e+09 1.4909e+08
0.008 7.5591e+09 1.5118e+08
0.009 7.3396e+09 1.4679e+08
0.01 7.2126e+09 1.4425e+08
0.011 7.2287e+09 1.4457e+08
0.012 7.381e+09 1.4762e+08
0.013 7.347e+09 1.4694e+08
0.014 7.2283e+09 1.4457e+08
0.015 7.1707e+09 1.4341e+08
0.016 7.1092e+09 1.4218e+08
0.017 7.1608e+09 1.4322e+08
0.018 7.1892e+09 1.4378e+08
0.019 7.0356e+09 1.4071e+08
0.02 7.0177e+09 1.4035e+08
0.021 6.9858e+09 1.3972e+08
0.022 7.0175e+09 1.4035e+08
0.023 6.8908e+09 1.3782e+08
0.024 6.8281e+09 1.3656e+08
0.025 6.824e+09 1.3648e+08
0.026 6.8095e+09 1.3619e+08
0.027 6.7564e+09 1.3513e+08
0.028 6.625e+09 1.325e+08
0.029 6.6781e+09 1.3356e+08
0.03 6.4997e+09 1.2999e+08
0.031 6.4694e+09 1.2939e+08
0.032 6.4042e+09 1.2808e+08
0.033 6.3569e+09 1.2714e+08
0.034 6.3209e+09 1.2642e+08
0.035 6.2714e+09 1.2543e+08
0.036 6.1949e+09 1.239e+08
0.037 6.1426e+09 1.2285e+08
0.038 6.1302e+09 1.226e+08
0.039 5.9832e+09 1.1966e+08
0.04 6.1313e+09 1.2263e+08
0.041 5.9517e+09 1.1903e+08
0.042 5.8704e+09 1.1741e+08
0.043 5.726e+09 1.1452e+08
0.044 5.7311e+09 1.1462e+08
0.045 5.6882e+09 1.1376e+08
0.046 5.5138e+09 1.1028e+08
0.047 5.4447e+09 1.0889e+08
0.048 5.4476e+09 1.0895e+08
0.049 5.3969e+09 1.0794e+08
0.05 5.3048e+09 1.061e+08
0.051 5.2173e+09 1.0435e+08
0.052 5.1928e+09 1.0386e+08
0.053 5.0976e+09 1.0195e+08
0.054 4.9009e+09 9.8017e+07
0.055 4.9465e+09 9.8929e+07
0.056 4.8526e+09 9.7053e+07
0.057 4.7545e+09 9.509e+07
0.058 4.6681e+09 9.3363e+07
0.059 4.5042e+09 9.0083e+07
0.06 4.5376e+09 9.0753e+07
0.061 4.4802e+09 8.9603e+07
0.062 4.3088e+09 8.6177e+07
0.063 4.349e+09 8.6979e+07
0.064 4.2681e+09 8.5362e+07
0.065 4.2008e+09 8.4015e+07
0.066 4.1266e+09 8.2532e+07
0.067 4.0584e+09 8.1167e+07
0.068 3.8995e+09 7.799e+07
0.069 3.8409e+09 7.6818e+07
0.07 3.7756e+09 7.5511e+07
0.071 3.7449e+09 7.4897e+07
0.072 3.5977e+09 7.1953e+07
0.073 3.5662e+09 7.1324e+07
0.074 3.5528e+09 7.1055e+07
0.075 3.4193e+09 6.8386e+07
0.076 3.3656e+09 6.7312e+07
0.077 3.2715e+09 6.5429e+07
0.078 3.2291e+09 6.4583e+07
0.079 3.1266e+09 6.2532e+07
0.08 3.0515e+09 6.103e+07
0.081 3.0369e+09 6.0739e+07
0.082 2.9503e+09 5.9005e+07
0.083 2.9158e+09 5.8315e+07
0.084 2.8236e+09 5.6472e+07
0.085 2.7615e+09 5.5231e+07
0.086 2.6765e+09 5.353e+07
0.087 2.637e+09 5.2739e+07
0.088 2.6078e+09 5.2156e+07
0.089 2.5246e+09 5.0491e+07
0.09 2.4486e+09 4.8972e+07
0.091 2.3226e+09 4.6453e+07
0.092 2.2919e+09 4.5837e+07
0.093 2.3167e+09 4.6333e+07
0.094 2.2245e+09 4.449e+07
0.095 2.1534e+09 4.3068e+07
0.096 2.0897e+09 4.1793e+07
0.097 2.0224e+09 4.0448e+07
0.098 2.0226e+09 4.0451e+07
0.099 1.95e+09 3.9e+07
0.1 1.8532e+09 3.7064e+07
0.101 1.8457e+09 3.6914e+07
0.102 1.783e+09 3.566e+07
0.103 1.7458e+09 3.4917e+07
0.104 1.6693e+09 3.3386e+07
0.105 1.6577e+09 3.3154e+07
0.106 1.5952e+09 3.1903e+07
0.107 1.5454e+09 3.0909e+07
0.108 1.5198e+09 3.0396e+07
0.109 1.4904e+09 2.9808e+07
0.11 1.4141e+09 2.8282e+07
0.111 1.3645e+09 2.729e+07
0.112 1.3827e+09 2.7655e+07
0.113 1.3363e+09 2.6727e+07
0.114 1.2726e+09 2.5452e+07
0.115 1.248e+09 2.4961e+07
0.116 1.1591e+09 2.3181e+07
0.117 1.1904e+09 2.3807e+07
0.118 1.1434e+09 2.2869e+07
0.119 1.1275e+09 2.255e+07
0.12 1.0612e+09 2.1225e+07
0.121 1.0295e+09 2.059e+07
0.122 9.9046e+08 1.9809e+07
0.123 9.8344e+08 1.9669e+07
0.124 9.3538e+08 1.8708e+07
0.125 9.0526e+08 1.8105e+07
0.126 8.8994e+08 1.7799e+07
0.127 8.3889e+08 1.6778e+07
0.128 8.6001e+08 1.72e+07
0.129 8.1206e+08 1.6241e+07
0.13 8.0075e+08 1.6015e+07
0.131 7.4929e+08 1.4986e+07
0.132 7.2987e+08 1.4597e+07
0.133 7.0094e+08 1.4019e+07
0.134 6.9697e+08 1.3939e+07
0.135 6.6578e+08 1.3316e+07
0.136 6.4839e+08 1.2968e+07
0.137 6.2646e+08 1.2529e+07
0.138 6.2415e+08 1.2483e+07
0.139 5.8092e+08 1.1618e+07
0.14 5.8691e+08 1.1738e+07
0.141 5.3387e+08 1.0677e+07
0.142 5.3811e+08 1.0762e+07
0.143 5.3137e+08 1.0627e+07
0.144 5.1589e+08 1.0318e+07
0.145 4.8385e+08 9.6771e+06
0.146 4.8613e+08 9.7227e+06
0.147 4.4598e+08 8.9195e+06
0.148 4.1508e+08 8.3015e+06
0.149 4.0702e+08 8.1403e+06
0.15 4.2248e+08 8.4497e+06
0.151 3.9112e+08 7.8224e+06
0.152 3.8178e+08 7.6357e+06
0.153 3.8505e+08 7.701e+06
0.154 3.7508e+08 7.5015e+06
0.155 3.5822e+08 7.1644e+06
0.156 3.4005e+08 6.801e+06
0.157 3.344e+08 6.688e+06
0.158 3.3202e+08 6.6405e+06
0.159 3.1396e+08 6.2792e+06
0.16 3.2705e+08 6.541e+06
0.161 3.1804e+08 6.3608e+06
0.162 2.9359e+08 5.8717e+06
0.163 2.9249e+08 5.8498e+06
0.164 2.5727e+08 5.1453e+06
0.165 2.5715e+08 5.143e+06
0.166 2.4189e+08 4.8378e+06
0.167 2.5712e+08 5.1425e+06
0.168 2.488e+08 4.9761e+06
0.169 2.3124e+08 4.6249e+06
0.17 2.185e+08 4.3699e+06
0.171 2.1163e+08 4.2325e+06
0.172 2.097e+08 4.1941e+06
0.173 2.3474e+08 4.6948e+06
0.174 2.206e+08 4.412e+06
0.175 1.9384e+08 3.8768e+06
0.176 2.0228e+08 4.0456e+06
0.177 1.8862e+08 3.7725e+06
0.178 1.7742e+08 3.5484e+06
0.179 1.9072e+08 3.8143e+06
0.18 1.4972e+08 2.9945e+06
0.181 1.7368e+08 3.4737e+06
0.182 1.7893e+08 3.5786e+06
0.183 1.5663e+08 3.1326e+06
0.184 1.3726e+08 2.7451e+06
0.185 1.5392e+08 3.0784e+06
0.186 1.4454e+08 2.8907e+06
0.187 1.4592e+08 2.9184e+06
0.188 1.4792e+08 2.9584e+06
0.189 1.5922e+08 3.1843e+06
0.19 1.3898e+08 2.7795e+06
0.191 1.2971e+08 2.5943e+06
0.192 1.0872e+08 2.1744e+06
0.193 1.3861e+08 2.7721e+06
0.194 1.1855e+08 2.3711e+06
0.195 1.4688e+08 2.9377e+06
0.196 1.0817e+08 2.1634e+06
0.197 1.1239e+08 2.2478e+06
0.198 1.1949e+08 2.3899e+06
0.199 1.1351e+08 2.2701e+06
0.2 1.1068e+08 2.2136e+06
0.201 1.1172e+08 2.2343e+06
0.202 1.1856e+08 2.3711e+06
0.203 1.0725e+08 2.145e+06
0.204 1.1041e+08 2.2083e+06
0.205 8.8601e+07 1.772e+06
0.206 1.0571e+08 2.1142e+06
0.207 9.9852e+07 1.997e+06
0.208 1.1777e+08 2.3554e+06
0.209 1.0975e+08 2.195e+06
0.21 1.1556e+08 2.3112e+06
0.211 6.4604e+07 1.2921e+06
0.212 7.1074e+07 1.4215e+06
0.213 9.1884e+07 1.8377e+06
0.214 7.5102e+07 1.502e+06
0.215 9.9877e+07 1.9975e+06
0.216 7.1059e+07 1.4212e+06
0.217 8.538e+07 1.7076e+06
0.218 9.6298e+07 1.926e+06
0.219 9.1247e+07 1.8249e+06
0.22 8.5884e+07 1.7177e+06
0.221 8.1876e+07 1.6375e+06
0.222 6.6093e+07 1.3219e+06
0.223 7.4404e+07 1.4881e+06
0.224 8.3904e+07 1.6781e+06
0.225 8.3989e+07 1.6798e+06
0.226 6.171e+07 1.2342e+06
0.227 9.073e+07 1.8146e+06
0.228 5.8798e+07 1.176e+06
0.229 5.7768e+07 1.1554e+06
0.23 8.0061e+07 1.6012e+06
0.231 7.0105e+07 1.4021e+06
0.232 6.7294e+07 1.3459e+06
0.233 7.9599e+07 1.592e+06
0.234 5.7631e+07 1.1526e+06
0.235 5.3757e+07 1.0751e+06
0.236 7.3201e+07 1.464e+06
0.237 5.5751e+07 1.115e+06
0.238 7.6766e+07 1.5353e+06
0.239 6.3992e+07 1.2798e+06
0.24 7.1075e+07 1.4215e+06
0.241 6.0167e+07 1.2033e+06
0.242 4.8451e+07 9.6903e+05
0.243 6.2142e+07 1.2428e+06
0.244 4.3197e+07 8.6394e+05
0.245 7.1424e+07 1.4285e+06
0.246 5.4835e+07 1.0967e+06
0.247 4.6836e+07 9.3672e+05
0.248 7.0213e+07 1.4043e+06
0.249 4.6657e+07 9.3314e+05
0.25 4.9526e+07 9.9053e+05
0.251 5.0734e+07 1.0147e+06
0.252 5.7364e+07 1.1473e+06
0.253 3.8487e+07 7.6975e+05
0.254 6.5772e+07 1.3154e+06
0.255 6.563e+07 1.3126e+06
0.256 5.3797e+07 1.0759e+06
0.257 3.9126e+07 7.8252e+05
0.258 5.3493e+07 1.0699e+06
0.259 4.3891e+07 8.7782e+05
0.26 6.1288e+07 1.2258e+06
0.261 6.7642e+07 1.3528e+06
0.262 5.3957e+07 1.0791e+06
0.263 4.5682e+07 9.1363e+05
0.264 4.387e+07 8.7741e+05
0.265 6.0009e+07 1.2002e+06
0.266 4.0642e+07 8.1284e+05
0.267 3.5799e+07 7.1599e+05
0.268 4.5071e+07 9.0142e+05
0.269 3.0925e+07 6.1849e+05
0.27 4.1681e+07 8.3362e+05
0.271 4.4272e+07 8.8544e+05
0.272 5.2357e+07 1.0471e+06
0.273 3.2909e+07 6.5819e+05
0.274 4.1483e+07 8.2965e+05
0.275 4.8575e+07 9.7149e+05
0.276 5.9139e+07 1.1828e+06
0.277 2.6061e+07 5.2122e+05
0.278 3.4519e+07 6.9037e+05
0.279 3.6877e+07 7.3753e+05
0.28 5.252e+07 1.0504e+06
0.281 4.4266e+07 8.8532e+05
0.282 3.5672e+07 7.1344e+05
0.283 4.897e+07 9.7941e+05
0.284 4.2367e+07 8.4734e+05
0.285 3.8101e+07 7.6203e+05
0.286 4.9214e+07 9.8428e+05
0.287 4.014e+07 8.0281e+05
0.288 4.9005e+07 9.8011e+05
0.289 4.0032e+07 8.0065e+05
0.29 3.4319e+07 6.8639e+05
0.291 3.5105e+07 7.021e+05
0.292 4.5337e+07 9.0674e+05
0.293 3.8659e+07 7.7319e+05
0.294 4.7561e+07 9.5122e+05
0.295 2.7813e+07 5.5626e+05
0.296 2.6839e+07 5.3677e+05
0.297 3.6368e+07 7.2736e+05
0.298 4.1142e+07 8.2284e+05
0.299 3.1013e+07 6.2025e+05
0.3 2.6734e+07 5.3468e+05
0.301 3.1002e+07 6.2004e+05
0.302 3.8096e+07 7.6192e+05
0.303 2.934e+07 5.8679e+05
0.304 4.1506e+07 8.3011e+05
0.305 5.4975e+07 1.0995e+06
0.306 2.9241e+07 5.8483e+05
0.307 4.0201e+07 8.0402e+05
0.308 2.3569e+07 4.7139e+05
0.309 1.3869e+07 2.7738e+05
0.31 4.0251e+07 8.0501e+05
0.311 2.8951e+07 5.7902e+05
0.312 3.7674e+07 7.5347e+05
0.313 3.0011e+07 6.0023e+05
0.314 3.7116e+07 7.4233e+05
0.315 2.7425e+07 5.485e+05
0.316 4.3765e+07 8.7529e+05
0.317 1.4818e+07 2.9637e+05
0.318 4.1137e+07 8.2273e+05
0.319 3.7457e+07 7.4914e+05
0.32 4.252e+07 8.504e+05
0.321 3.6866e+07 7.3731e+05
0.322 3.1136e+07 6.2272e+05
0.323 2.9229e+07 5.8457e+05
0.324 3.0982e+07 6.1963e+05
0.325 2.825e+07 5.6499e+05
0.326 4.2146e+07 8.4292e+05
0.327 3.4294e+07 6.8587e+05
0.328 2.5772e+07 5.1543e+05
0.329 2.9943e+07 5.9887e+05
0.33 3.8795e+07 7.7589e+05
0.331 2.8232e+07 5.6463e+05
0.332 3.5329e+07 7.0658e+05
0.333 2.242e+07 4.4839e+05
0.334 4.7439e+07 9.4878e+05
0.335 3.0663e+07 6.1325e+05
0.336 2.022e+07 4.044e+05
0.337 2.8857e+07 5.7713e+05
0.338 3.2442e+07 6.4884e+05
0.339 1.4425e+07 2.8851e+05
0.34 3.0095e+07 6.019e+05
0.341 2.5556e+07 5.1112e+05
0.342 2.7039e+07 5.4077e+05
0.343 2.8799e+07 5.7598e+05
0.344 3.4854e+07 6.9709e+05
0.345 3.0738e+07 6.1476e+05
0.346 2.5896e+07 5.1791e+05
0.347 4.0742e+07 8.1485e+05
0.348 2.0833e+07 4.1666e+05
0.349 2.3674e+07 4.7349e+05
0.35 4.1686e+07 8.3373e+05
0.351 3.0237e+07 6.0474e+05
0.352 2.1522e+07 4.3043e+05
0.353 2.5723e+07 5.1445e+05
0.354 3.138e+07 6.276e+05
0.355 2.9339e+07 5.8679e+05
0.356 2.5341e+07 5.0682e+05
0.357 3.601e+07 7.202e+05
0.358 3.3172e+07 6.6345e+05
0.359 3.7454e+07 7.4908e+05
0.36 1.7872e+07 3.5744e+05
0.361 2.7967e+07 5.5935e+05
0.362 3.2464e+07 6.4927e+05
0.363 2.1936e+07 4.3871e+05
0.364 3.537e+07 7.074e+05
0.365 2.6979e+07 5.3959e+05
0.366 4.8672e+07 9.7343e+05
0.367 1.8698e+07 3.7397e+05
0.368 1.7958e+07 3.5916e+05
0.369 2.8456e+07 5.6912e+05
0.37 2.192e+07 4.3839e+05
0.371 3.6354e+07 7.2709e+05
0.372 1.3093e+07 2.6185e+05
0.373 3.1942e+07 6.3884e+05
0.374 3.0306e+07 6.0612e+05
0.375 3.5369e+07 7.0738e+05
0.376 2.2743e+07 4.5486e+05
0.377 3.8757e+07 7.7513e+05
0.378 2.6192e+07 5.2384e+05
0.379 3.4796e+07 6.9593e+05
0.38 3.6759e+07 7.3517e+05
0.381 2.6084e+07 5.2168e+05
0.382 3.3692e+07 6.7384e+05
0.383 2.6198e+07 5.2396e+05
0.384 3.2213e+07 6.4426e+05
0.385 2.0919e+07 4.1838e+05
0.386 3.0204e+07 6.0409e+05
0.387 2.9336e+07 5.8672e+05
0.388 3.1175e+07 6.235e+05
0.389 3.0957e+07 6.1913e+05
0.39 2.5447e+07 5.0893e+05
0.391 3.0074e+07 6.0149e+05
0.392 2.9795e+07 5.9591e+05
0.393 5.014e+07 1.0028e+06
0.394 2.9187e+07 5.8374e+05
0.395 3.8762e+07 7.7524e+05
0.396 1.1806e+07 2.3612e+05
0.397 2.9022e+07 5.8045e+05
0.398 3.9274e+07 7.8548e+05
0.399 2.8108e+07 5.6216e+05
0.4 1.9335e+07 3.867e+05
0.401 1.474e+07 2.9481e+05
0.402 2.1038e+07 4.2075e+05
0.403 3.5003e+07 7.0007e+05
0.404 1.133e+07 2.2659e+05
0.405 1.8229e+07 3.6459e+05
0.406 1.6165e+07 3.233e+05
0.407 2.1317e+07 4.2634e+05
0.408 2.6956e+07 5.3911e+05
0.409 3.1263e+07 6.2526e+05
0.41 1.4272e+07 2.8544e+05
0.411 3.8312e+07 7.6624e+05
0.412 2.3241e+07 4.6481e+05
0.413 2.0355e+07 4.0709e+05
0.414 2.0764e+07 4.1529e+05
0.415 3.1336e+07 6.2673e+05
0.416 2.9022e+07 5.8044e+05
0.417 1.4324e+07 2.8647e+05
0.418 1.1086e+07 2.2171e+05
0.419 2.7253e+07 5.4507e+05
0.42 2.3887e+07 4.7773e+05
0.421 2.288e+07 4.5759e+05
0.422 2.1674e+07 4.3348e+05
0.423 2.9804e+07 5.9608e+05
0.424 2.4007e+07 4.8015e+05
0.425 2.7855e+07 5.571e+05
0.426 1.5537e+07 3.1075e+05
0.427 2.2894e+07 4.5789e+05
0.428 3.5529e+07 7.1058e+05
0.429 1.0148e+07 2.0296e+05
0.43 2.0782e+07 4.1564e+05
0.431 2.0798e+07 4.1597e+05
0.432 1.87e+07 3.7399e+05
0.433 1.6361e+07 3.2722e+05
0.434 2.7145e+07 5.429e+05
0.435 2.6869e+07 5.3737e+05
0.436 1.3183e+07 2.6367e+05
0.437 2.9435e+07 5.887e+05
0.438 2.0937e+07 4.1875e+05
0.439 1.4464e+07 2.8928e+05
0.44 2.2495e+07 4.4989e+05
0.441 2.0512e+07 4.1023e+05
0.442 2.6411e+07 5.2823e+05
0.443 1.6376e+07 3.2752e+05
0.444 2.8124e+07 5.6247e+05
0.445 3.9296e+07 7.8593e+05
0.446 1.8254e+07 3.6507e+05
0.447 2.0224e+07 4.0448e+05
0.448 3.3598e+07 6.7197e+05
0.449 5.3883e+06 1.0777e+05
0.45 2.6965e+07 5.393e+05
0.451 1.2414e+07 2.4828e+05
0.452 2.6721e+07 5.3442e+05
0.453 1.6795e+07 3.3589e+05
0.454 2.711e+07 5.4221e+05
0.455 2.6404e+07 5.2808e+05
0.456 9.4597e+06 1.8919e+05
0.457 1.7155e+07 3.4311e+05
0.458 2.6056e+07 5.2111e+05
0.459 2.8219e+07 5.6438e+05
0.46 1.2405e+07 2.481e+05
0.461 1.7136e+07 3.4271e+05
0.462 2.6279e+07 5.2558e+05
0.463 2.5352e+07 5.0704e+05
0.464 2.552e+07 5.1039e+05
0.465 1.0664e+07 2.1327e+05
0.466 2.873e+07 5.746e+05
0.467 2.4306e+07 4.8612e+05
0.468 3.0635e+07 6.1269e+05
0.469 1.0532e+07 2.1065e+05
0.47 9.943e+06 1.9886e+05
0.471 2.2578e+07 4.5156e+05
0.472 3.056e+07 6.1121e+05
0.473 3.286e+07 6.572e+05
0.474 2.0976e+07 4.1951e+05
0.475 8.7764e+06 1.7553e+05
0.476 2.1407e+07 4.2814e+05
0.477 2.4968e+07 4.9935e+05
0.478 2.3257e+07 4.6514e+05
0.479 1.7454e+07 3.4908e+05
0.48 3.0705e+07 6.1409e+05
0.481 7.6628e+06 1.5326e+05
0.482 2.4068e+07 4.8136e+05
0.483 2.6496e+07 5.2992e+05
0.484 1.595e+07 3.1901e+05
0.485 2.2895e+07 4.579e+05
0.486 3.0628e+07 6.1256e+05
0.487 3.0211e+07 6.0423e+05
0.488 2.8103e+07 5.6206e+05
0.489 1.8154e+07 3.6307e+05
0.49 2.9528e+07 5.9056e+05
0.491 3.2435e+07 6.4871e+05
0.492 1.2803e+07 2.5607e+05
0.493 2.165e+07 4.3299e+05
0.494 2.0031e+07 4.0062e+05
0.495 2.6547e+07 5.3095e+05
0.496 3.2221e+07 6.4442e+05
0.497 2.2871e+07 4.5743e+05
0.498 1.4538e+07 2.9077e+05
0.499 2.8773e+07 5.7546e+05
0.5 2.0646e+07 4.1292e+05
