0.001 1.0402e+10 2.0804e+08
0.002 1.1304e+10 2.2609e+08
0.003 1.0457e+10 2.0913e+08
0.004 1.089e+10 2.178e+08
0.005 1.0429e+10 2.0858e+08
0.006 1.0397e+10 2.0794e+08
0.007 9.9543e+09 1.9909e+08
0.008 1.0452e+10 2.0905e+08
0.009 1.0101e+10 2.0201e+08
0.01 1.0427e+10 2.0854e+08
0.011 1.0478e+10 2.0956e+08
0.012 1.0218e+10 2.0437e+08
0.013 1.0271e+10 2.0542e+08
0.014 1.0356e+10 2.0712e+08
0.015 1.0386e+10 2.0772e+08
0.016 1.0065e+10 2.0131e+08
0.017 1.0005e+10 2.0011e+08
0.018 1.0149e+10 2.0299e+08
0.019 9.9424e+09 1.9885e+08
0.02 9.813e+09 1.9626e+08
0.021 1.0092e+10 2.0184e+08
0.022 9.6903e+09 1.9381e+08
0.023 9.6296e+09 1.9259e+08
0.024 9.5362e+09 1.9072e+08
0.025 9.6982e+09 1.9396e+08
0.026 9.4153e+09 1.8831e+08
0.027 9.4636e+09 1.8927e+08
0.028 9.3834e+09 1.8767e+08
0.029 9.1602e+09 1.832e+08
0.03 9.2379e+09 1.8476e+08
0.031 9.1533e+09 1.8307e+08
0.032 9.0913e+09 1.8183e+08
0.033 9.0079e+09 1.8016e+08
0.034 8.7992e+09 1.7598e+08
0.035 8.8499e+09 1.77e+08
0.036 8.6584e+09 1.7317e+08
0.037 8.7027e+09 1.7405e+08
0.038 8.5897e+09 1.7179e+08
0.039 8.3393e+09 1.6679e+08
0.04 8.3045e+09 1.6609e+08
0.041 8.1701e+09 1.634e+08
0.042 8.113e+09 1.6226e+08
0.043 8.0783e+09 1.6157e+08
0.044 7.9174e+09 1.5835e+08
0.045 7.7725e+09 1.5545e+08
0.046 7.775e+09 1.555e+08
0.047 7.4696e+09 1.4939e+08
0.048 7.4272e+09 1.4854e+08
0.049 7.4244e+09 1.4849e+08
0.05 7.1966e+09 1.4393e+08
0.051 7.1889e+09 1.4378e+08
0.052 7.1584e+09 1.4317e+08
0.053 7.0171e+09 1.4034e+08
0.054 6.8157e+09 1.3631e+08
0.055 6.7791e+09 1.3558e+08
0.056 6.7277e+09 1.3455e+08
0.057 6.4648e+09 1.293e+08
0.058 6.4034e+09 1.2807e+08
0.059 6.242e+09 1.2484e+08
0.06 6.1436e+09 1.2287e+08
0.061 6.0741e+09 1.2148e+08
0.062 6.0059e+09 1.2012e+08
0.063 5.7327e+09 1.1465e+08
0.064 5.7363e+09 1.1473e+08
0.065 5.7201e+09 1.144e+08
0.066 5.5265e+09 1.1053e+08
0.067 5.4341e+09 1.0868e+08
0.068 5.3095e+09 1.0619e+08
0.069 5.1714e+09 1.0343e+08
0.07 5.1765e+09 1.0353e+08
0.071 4.9769e+09 9.9538e+07
0.072 4.8756e+09 9.7513e+07
0.073 4.8381e+09 9.6762e+07
0.074 4.6834e+09 9.3669e+07
0.075 4.5136e+09 9.0273e+07
0.076 4.5973e+09 9.1947e+07
0.077 4.3234e+09 8.6469e+07
0.078 4.3551e+09 8.7102e+07
0.079 4.1516e+09 8.3032e+07
0.08 4.1507e+09 8.3014e+07
0.081 4.1238e+09 8.2476e+07
0.082 3.906e+09 7.812e+07
0.083 3.8473e+09 7.6946e+07
0.084 3.8142e+09 7.6285e+07
0.085 3.6554e+09 7.3109e+07
0.086 3.5849e+09 7.1697e+07
0.087 3.4693e+09 6.9387e+07
0.088 3.4385e+09 6.877e+07
0.089 3.3682e+09 6.7365e+07
0.09 3.2535e+09 6.5071e+07
0.091 3.2852e+09 6.5704e+07
0.092 3.0764e+09 6.1527e+07
0.093 3.0319e+09 6.0638e+07
0.094 2.9369e+09 5.8739e+07
0.095 2.8859e+09 5.7718e+07
0.096 2.8256e+09 5.6511e+07
0.097 2.733e+09 5.466e+07
0.098 2.6236e+09 5.2472e+07
0.099 2.6156e+09 5.2313e+07
0.1 2.5609e+09 5.1218e+07
0.101 2.4471e+09 4.8941e+07
0.102 2.399e+09 4.7979e+07
0.103 2.3462e+09 4.6924e+07
0.104 2.2957e+09 4.5914e+07
0.105 2.2233e+09 4.4466e+07
0.106 2.1815e+09 4.363e+07
0.107 2.0908e+09 4.1816e+07
0.108 2.0968e+09 4.1936e+07
0.109 1.9939e+09 3.9879e+07
0.11 1.9262e+09 3.8525e+07
0.111 1.8574e+09 3.7147e+07
0.112 1.7788e+09 3.5576e+07
0.113 1.8083e+09 3.6166e+07
0.114 1.6854e+09 3.3707e+07
0.115 1.7341e+09 3.4681e+07
0.116 1.6766e+09 3.3533e+07
0.117 1.5243e+09 3.0486e+07
0.118 1.5236e+09 3.0472e+07
0.119 1.5167e+09 3.0334e+07
0.12 1.5064e+09 3.0128e+07
0.121 1.4571e+09 2.9142e+07
0.122 1.3689e+09 2.7379e+07
0.123 1.3598e+09 2.7196e+07
0.124 1.3144e+09 2.6288e+07
0.125 1.224e+09 2.448e+07
0.126 1.2231e+09 2.4462e+07
0.127 1.2457e+09 2.4915e+07
0.128 1.203e+09 2.4061e+07
0.129 1.1325e+09 2.2651e+07
0.13 1.0988e+09 2.1976e+07
0.131 1.0709e+09 2.1419e+07
0.132 1.0719e+09 2.1439e+07
0.133 1.0161e+09 2.0323e+07
0.134 9.8401e+08 1.968e+07
0.135 1.0013e+09 2.0026e+07
0.136 9.0494e+08 1.8099e+07
0.137 9.2301e+08 1.846e+07
0.138 8.7939e+08 1.7588e+07
0.139 8.6331e+08 1.7266e+07
0.14 8.2867e+08 1.6573e+07
0.141 8.2538e+08 1.6508e+07
0.142 7.9702e+08 1.594e+07
0.143 8.0954e+08 1.6191e+07
0.144 8.2298e+08 1.646e+07
0.145 7.1111e+08 1.4222e+07
0.146 7.3697e+08 1.4739e+07
0.147 7.0013e+08 1.4003e+07
0.148 7.1962e+08 1.4392e+07
0.149 6.6228e+08 1.3246e+07
0.15 6.6643e+08 1.3329e+07
0.151 6.0044e+08 1.2009e+07
0.152 6.069e+08 1.2138e+07
0.153 5.7893e+08 1.1579e+07
0.154 5.6929e+08 1.1386e+07
0.155 5.8141e+08 1.1628e+07
0.156 5.7634e+08 1.1527e+07
0.157 5.2853e+08 1.0571e+07
0.158 5.1619e+08 1.0324e+07
0.159 5.4076e+08 1.0815e+07
0.16 5.2303e+08 1.0461e+07
0.161 4.8143e+08 9.6286e+06
0.162 4.6481e+08 9.2962e+06
0.163 4.7645e+08 9.529e+06
0.164 4.5655e+08 9.1311e+06
0.165 4.4943e+08 8.9887e+06
0.166 4.4335e+08 8.8669e+06
0.167 4.2524e+08 8.5048e+06
0.168 4.0347e+08 8.0694e+06
0.169 4.3658e+08 8.7315e+06
0.17 3.9382e+08 7.8763e+06
0.171 3.7642e+08 7.5285e+06
0.172 3.7302e+08 7.4604e+06
0.173 3.7868e+08 7.5736e+06
0.174 3.3605e+08 6.721e+06
0.175 3.4129e+08 6.8259e+06
0.176 3.3555e+08 6.711e+06
0.177 3.5548e+08 7.1095e+06
0.178 3.3245e+08 6.6489e+06
0.179 3.1628e+08 6.3255e+06
0.18 2.7537e+08 5.5073e+06
0.181 2.9998e+08 5.9997e+06
0.182 2.7894e+08 5.5789e+06
0.183 2.8553e+08 5.7105e+06
0.184 3.0666e+08 6.1331e+06
0.185 2.841e+08 5.682e+06
0.186 2.786e+08 5.572e+06
0.187 2.4477e+08 4.8953e+06
0.188 2.6622e+08 5.3244e+06
0.189 2.6898e+08 5.3795e+06
0.19 2.7211e+08 5.4422e+06
0.191 2.448e+08 4.8961e+06
0.192 2.3816e+08 4.7632e+06
0.193 2.0685e+08 4.137e+06
0.194 2.2116e+08 4.4232e+06
0.195 2.001e+08 4.002e+06
0.196 2.3118e+08 4.6237e+06
0.197 2.1224e+08 4.2448e+06
0.198 1.9003e+08 3.8006e+06
0.199 2.1893e+08 4.3786e+06
0.2 1.9713e+08 3.9425e+06
0.201 1.9775e+08 3.955e+06
0.202 2.0058e+08 4.0117e+06
0.203 1.9572e+08 3.9144e+06
0.204 2.0364e+08 4.0727e+06
0.205 1.9336e+08 3.8672e+06
0.206 1.7173e+08 3.4347e+06
0.207 1.7095e+08 3.4191e+06
0.208 1.7684e+08 3.5368e+06
0.209 1.673e+08 3.3461e+06
0.21 1.6671e+08 3.3342e+06
0.211 1.6404e+08 3.2809e+06
0.212 1.5327e+08 3.0653e+06
0.213 1.6385e+08 3.2769e+06
0.214 1.3901e+08 2.7802e+06
0.215 1.5327e+08 3.0654e+06
0.216 1.3112e+08 2.6223e+06
0.217 1.3297e+08 2.6594e+06
0.218 1.2759e+08 2.5517e+06
0.219 1.1963e+08 2.3926e+06
0.22 1.424e+08 2.848e+06
0.221 1.307e+08 2.6139e+06
0.222 1.4564e+08 2.9127e+06
0.223 1.0199e+08 2.0398e+06
0.224 1.474e+08 2.948e+06
0.225 1.191e+08 2.3819e+06
0.226 1.2465e+08 2.4931e+06
0.227 1.1732e+08 2.3464e+06
0.228 9.4579e+07 1.8916e+06
0.229 1.2918e+08 2.5837e+06
0.23 1.1106e+08 2.2212e+06
0.231 1.3299e+08 2.6598e+06
0.232 1.1411e+08 2.2822e+06
0.233 7.9288e+07 1.5858e+06
0.234 9.9558e+07 1.9912e+06
0.235 1.1733e+08 2.3466e+06
0.236 1.1139e+08 2.2277e+06
0.237 1.1209e+08 2.2417e+06
0.238 8.8405e+07 1.7681e+06
0.239 1.0055e+08 2.011e+06
0.24 1.2031e+08 2.4062e+06
0.241 1.0197e+08 2.0395e+06
0.242 9.4663e+07 1.8933e+06
0.243 9.5097e+07 1.9019e+06
0.244 8.9262e+07 1.7852e+06
0.245 8.8507e+07 1.7701e+06
0.246 8.39e+07 1.678e+06
0.247 7.7264e+07 1.5453e+06
0.248 8.2962e+07 1.6592e+06
0.249 6.5449e+07 1.309e+06
0.25 9.5641e+07 1.9128e+06
0.251 1.1167e+08 2.2334e+06
0.252 7.3766e+07 1.4753e+06
0.253 7.7071e+07 1.5414e+06
0.254 6.9773e+07 1.3955e+06
0.255 7.4719e+07 1.4944e+06
0.256 6.4124e+07 1.2825e+06
0.257 8.6269e+07 1.7254e+06
0.258 7.9826e+07 1.5965e+06
0.259 8.7664e+07 1.7533e+06
0.26 6.6555e+07 1.3311e+06
0.261 5.6765e+07 1.1353e+06
0.262 8.1923e+07 1.6385e+06
0.263 6.4345e+07 1.2869e+06
0.264 9.3952e+07 1.879e+06
0.265 8.0344e+07 1.6069e+06
0.266 5.685e+07 1.137e+06
0.267 7.9666e+07 1.5933e+06
0.268 4.1499e+07 8.2998e+05
0.269 6.3763e+07 1.2753e+06
0.27 8.092e+07 1.6184e+06
0.271 8.0399e+07 1.608e+06
0.272 5.0984e+07 1.0197e+06
0.273 7.5748e+07 1.515e+06
0.274 5.26e+07 1.052e+06
0.275 7.3565e+07 1.4713e+06
0.276 2.4053e+07 4.8106e+05
0.277 6.3025e+07 1.2605e+06
0.278 7.2145e+07 1.4429e+06
0.279 4.9487e+07 9.8974e+05
0.28 7.4075e+07 1.4815e+06
0.281 5.2496e+07 1.0499e+06
0.282 6.6803e+07 1.3361e+06
0.283 5.4153e+07 1.0831e+06
0.284 4.6571e+07 9.3143e+05
0.285 5.8166e+07 1.1633e+06
0.286 6.6878e+07 1.3376e+06
0.287 9.1305e+07 1.8261e+06
0.288 5.1482e+07 1.0296e+06
0.289 6.6037e+07 1.3207e+06
0.29 8.9451e+07 1.789e+06
0.291 5.7931e+07 1.1586e+06
0.292 6.2192e+07 1.2438e+06
0.293 5.9938e+07 1.1988e+06
0.294 5.1318e+07 1.0264e+06
0.295 8.0602e+07 1.612e+06
0.296 6.1561e+07 1.2312e+06
0.297 3.9432e+07 7.8864e+05
0.298 6.8091e+07 1.3618e+06
0.299 5.8084e+07 1.1617e+06
0.3 4.6243e+07 9.2485e+05
0.301 5.4393e+07 1.0879e+06
0.302 6.956e+07 1.3912e+06
0.303 5.4087e+07 1.0817e+06
0.304 4.9232e+07 9.8463e+05
0.305 4.0501e+07 8.1001e+05
0.306 5.8012e+07 1.1602e+06
0.307 6.1828e+07 1.2366e+06
0.308 3.85e+07 7.7e+05
0.309 4.0618e+07 8.1237e+05
0.31 5.8299e+07 1.166e+06
0.311 3.8453e+07 7.6905e+05
0.312 5.6364e+07 1.1273e+06
0.313 5.3751e+07 1.075e+06
0.314 4.6542e+07 9.3084e+05
0.315 6.0362e+07 1.2072e+06
0.316 4.4509e+07 8.9017e+05
0.317 5.3384e+07 1.0677e+06
0.318 4.5317e+07 9.0633e+05
0.319 4.9805e+07 9.961e+05
0.32 3.328e+07 6.656e+05
0.321 2.105e+07 4.21e+05
0.322 2.9325e+07 5.8651e+05
0.323 5.3456e+07 1.0691e+06
0.324 4.2593e+07 8.5185e+05
0.325 5.2054e+07 1.0411e+06
0.326 4.6312e+07 9.2624e+05
0.327 3.9391e+07 7.8781e+05
0.328 5.8496e+07 1.1699e+06
0.329 1.7786e+07 3.5572e+05
0.33 5.1832e+07 1.0366e+06
0.331 4.2156e+07 8.4311e+05
0.332 2.4504e+07 4.9007e+05
0.333 3.9729e+07 7.9458e+05
0.334 2.6969e+07 5.3938e+05
0.335 4.4468e+07 8.8936e+05
0.336 6.2721e+07 1.2544e+06
0.337 3.0433e+07 6.0866e+05
0.338 3.1883e+07 6.3766e+05
0.339 7.1489e+07 1.4298e+06
0.34 4.3724e+07 8.7447e+05
0.341 2.9525e+07 5.9051e+05
0.342 3.5078e+07 7.0156e+05
0.343 3.5455e+07 7.0911e+05
0.344 3.2541e+07 6.5081e+05
0.345 8.878e+06 1.7756e+05
0.346 4.0123e+07 8.0246e+05
0.347 6.1279e+07 1.2256e+06
0.348 5.1415e+07 1.0283e+06
0.349 4.564e+07 9.1279e+05
0.35 3.1436e+07 6.2873e+05
0.351 3.0693e+07 6.1385e+05
0.352 3.4187e+07 6.8374e+05
0.353 4.4803e+07 8.9606e+05
0.354 4.1987e+07 8.3973e+05
0.355 4.5837e+07 9.1675e+05
0.356 3.0405e+07 6.081e+05
0.357 3.5658e+07 7.1317e+05
0.358 3.2134e+07 6.4268e+05
0.359 6.4661e+07 1.2932e+06
0.36 7.1073e+07 1.4215e+06
0.361 5.4794e+07 1.0959e+06
0.362 5.633e+07 1.1266e+06
0.363 6.8814e+07 1.3763e+06
0.364 6.2117e+07 1.2423e+06
0.365 4.9949e+07 9.9898e+05
0.366 5.3188e+07 1.0638e+06
0.367 6.2765e+07 1.2553e+06
0.368 5.2126e+07 1.0425e+06
0.369 4.9161e+07 9.8321e+05
0.37 5.0517e+07 1.0103e+06
0.371 3.3084e+07 6.6168e+05
0.372 5.4778e+07 1.0956e+06
0.373 6.1638e+07 1.2328e+06
0.374 2.555e+07 5.1099e+05
0.375 4.0399e+07 8.0797e+05
0.376 2.8485e+07 5.6971e+05
0.377 5.2204e+07 1.0441e+06
0.378 5.1452e+07 1.029e+06
0.379 3.7785e+07 7.5571e+05
0.38 4.8077e+07 9.6154e+05
0.381 6.3904e+07 1.2781e+06
0.382 2.5185e+07 5.037e+05
0.383 6.0882e+07 1.2176e+06
0.384 3.9159e+07 7.8318e+05
0.385 3.7776e+07 7.5552e+05
0.386 4.7526e+07 9.5051e+05
0.387 4.121e+07 8.2421e+05
0.388 4.8905e+07 9.781e+05
0.389 1.5056e+07 3.0111e+05
0.39 4.808e+07 9.616e+05
0.391 5.1092e+07 1.0218e+06
0.392 3.215e+07 6.43e+05
0.393 4.0973e+07 8.1947e+05
0.394 5.1762e+07 1.0352e+06
0.395 3.6774e+07 7.3547e+05
0.396 6.0699e+07 1.214e+06
0.397 3.8951e+07 7.7902e+05
0.398 4.3098e+07 8.6196e+05
0.399 3.2404e+07 6.4808e+05
0.4 4.2911e+07 8.5822e+05
0.401 2.7369e+07 5.4739e+05
0.402 3.4889e+07 6.9777e+05
0.403 2.9876e+07 5.9753e+05
0.404 2.8104e+07 5.6207e+05
0.405 6.7553e+06 1.3511e+05
0.406 5.5631e+07 1.1126e+06
0.407 2.517e+06 50339
0.408 2.7645e+07 5.529e+05
0.409 5.1439e+07 1.0288e+06
0.41 3.9599e+07 7.9198e+05
0.411 4.8507e+07 9.7014e+05
0.412 5.361e+07 1.0722e+06
0.413 5.1705e+07 1.0341e+06
0.414 4.7212e+07 9.4424e+05
0.415 1.4219e+07 2.8437e+05
0.416 3.1703e+07 6.3406e+05
0.417 2.4996e+07 4.9991e+05
0.418 4.0766e+07 8.1532e+05
0.419 3.553e+07 7.1059e+05
0.42 2.4937e+07 4.9875e+05
0.421 3.5809e+07 7.1618e+05
0.422 4.9519e+07 9.9038e+05
0.423 2.1248e+07 4.2496e+05
0.424 2.6819e+07 5.3638e+05
0.425 2.9278e+07 5.8557e+05
0.426 4.6316e+07 9.2631e+05
0.427 1.3661e+07 2.7323e+05
0.428 4.9737e+07 9.9473e+05
0.429 3.0661e+07 6.1321e+05
0.43 2.9082e+07 5.8164e+05
0.431 4.8191e+07 9.6381e+05
0.432 2.8531e+07 5.7063e+05
0.433 5.1165e+07 1.0233e+06
0.434 4.1545e+07 8.309e+05
0.435 3.5233e+07 7.0466e+05
0.436 2.9874e+07 5.9749e+05
0.437 4.4354e+07 8.8708e+05
0.438 2.902e+07 5.804e+05
0.439 2.45e+07 4.9e+05
0.44 1.0962e+07 2.1923e+05
0.441 2.4722e+07 4.9444e+05
0.442 2.8884e+07 5.7769e+05
0.443 4.0897e+07 8.1793e+05
0.444 3.3904e+07 6.7807e+05
0.445 4.4754e+07 8.9507e+05
0.446 3.5548e+07 7.1096e+05
0.447 5.19e+07 1.038e+06
0.448 5.0309e+07 1.0062e+06
0.449 2.3719e+07 4.7438e+05
0.45 2.5913e+07 5.1827e+05
0.451 1.0763e+07 2.1525e+05
0.452 1.4539e+07 2.9077e+05
0.453 2.4097e+07 4.8193e+05
0.454 3.7521e+07 7.5041e+05
0.455 4.4747e+07 8.9493e+05
0.456 2.6017e+07 5.2034e+05
0.457 4.2251e+07 8.4502e+05
0.458 3.0232e+07 6.0465e+05
0.459 1.5749e+07 3.1498e+05
0.46 5.1928e+07 1.0386e+06
0.461 3.2801e+07 6.5602e+05
0.462 2.4299e+07 4.8598e+05
0.463 5.3042e+07 1.0608e+06
0.464 3.0802e+07 6.1603e+05
0.465 3.6521e+07 7.3042e+05
0.466 1.4646e+07 2.9292e+05
0.467 2.4205e+07 4.8411e+05
0.468 2.7775e+07 5.555e+05
0.469 2.6165e+07 5.2331e+05
0.47 2.8622e+07 5.7245e+05
0.471 1.7952e+07 3.5903e+05
0.472 2.4327e+07 4.8653e+05
0.473 1.1707e+07 2.3415e+05
0.474 2.9817e+07 5.9634e+05
0.475 2.6024e+07 5.2047e+05
0.476 5.4648e+07 1.093e+06
0.477 1.0979e+07 2.1958e+05
0.478 2.24e+07 4.4799e+05
0.479 2.7874e+07 5.5749e+05
0.48 2.1186e+07 4.2371e+05
0.481 2.2689e+07 4.5379e+05
0.482 2.8634e+07 5.7267e+05
0.483 2.5889e+07 5.1778e+05
0.484 4.5815e+07 9.1629e+05
0.485 3.1607e+07 6.3214e+05
0.486 3.5812e+07 7.1624e+05
0.487 3.7867e+07 7.5734e+05
0.488 1.9447e+07 3.8894e+05
0.489 4.1426e+07 8.2852e+05
0.49 4.2585e+07 8.5171e+05
0.491 2.96e+07 5.92e+05
0.492 4.7974e+07 9.5947e+05
0.493 3.714e+07 7.428e+05
0.494 3.4682e+07 6.9365e+05
0.495 8.6178e+06 1.7236e+05
0.496 2.7888e+07 5.5777e+05
0.497 2.2256e+07 4.4513e+05
0.498 3.7719e+07 7.5438e+05
0.499 1.8957e+07 3.7913e+05
0.5 2.1296e+07 4.2592e+05
