0.001 2.2068e+10 9.6685e+08
0.002 2.0359e+10 6.8348e+08
0.003 2.0356e+10 5.5779e+08
0.004 1.896e+10 4.8275e+08
0.005 2.0147e+10 4.3142e+08
0.006 1.9976e+10 3.9342e+08
0.007 1.8583e+10 3.638e+08
0.008 1.9078e+10 3.3982e+08
0.009 1.9445e+10 3.1988e+08
0.01 2.0036e+10 3.0293e+08
0.011 1.9085e+10 2.8826e+08
0.012 1.926e+10 2.754e+08
0.013 1.8776e+10 2.6398e+08
0.014 1.8683e+10 2.5373e+08
0.015 1.8689e+10 2.4447e+08
0.016 1.8539e+10 2.3602e+08
0.017 1.8569e+10 2.2827e+08
0.018 1.8309e+10 2.2112e+08
0.019 1.8655e+10 2.1448e+08
0.02 1.8074e+10 2.083e+08
0.021 1.8074e+10 2.025e+08
0.022 1.7652e+10 1.9706e+08
0.023 1.7507e+10 1.9193e+08
0.024 1.759e+10 1.8707e+08
0.025 1.6964e+10 1.8246e+08
0.026 1.7084e+10 1.7808e+08
0.027 1.6915e+10 1.739e+08
0.028 1.6606e+10 1.699e+08
0.029 1.6474e+10 1.6607e+08
0.03 1.6372e+10 1.624e+08
0.031 1.631e+10 1.5887e+08
0.032 1.5786e+10 1.5546e+08
0.033 1.5527e+10 1.5218e+08
0.034 1.5484e+10 1.4902e+08
0.035 1.539e+10 1.4595e+08
0.036 1.5098e+10 1.4298e+08
0.037 1.477e+10 1.4011e+08
0.038 1.4619e+10 1.3731e+08
0.039 1.4481e+10 1.346e+08
0.04 1.426e+10 1.3197e+08
0.041 1.4006e+10 1.294e+08
0.042 1.3605e+10 1.269e+08
0.043 1.3588e+10 1.2447e+08
0.044 1.3169e+10 1.2209e+08
0.045 1.319e+10 1.1978e+08
0.046 1.2681e+10 1.1751e+08
0.047 1.238e+10 1.153e+08
0.048 1.2554e+10 1.1314e+08
0.049 1.2019e+10 1.1103e+08
0.05 1.1799e+10 1.0897e+08
0.051 1.1606e+10 1.0695e+08
0.052 1.1315e+10 1.0497e+08
0.053 1.0949e+10 1.0303e+08
0.054 1.0724e+10 1.0113e+08
0.055 1.0782e+10 9.9274e+07
0.056 1.0219e+10 9.7453e+07
0.057 1.006e+10 9.5669e+07
0.058 9.9275e+09 9.3919e+07
0.059 9.7204e+09 9.2205e+07
0.06 9.5374e+09 9.0523e+07
0.061 9.2561e+09 8.8875e+07
0.062 8.8803e+09 8.7258e+07
0.063 8.9006e+09 8.5673e+07
0.064 8.5554e+09 8.4119e+07
0.065 8.4759e+09 8.2594e+07
0.066 8.1587e+09 8.1099e+07
0.067 8.0516e+09 7.9633e+07
0.068 7.8036e+09 7.8195e+07
0.069 7.594e+09 7.6785e+07
0.07 7.3058e+09 7.5402e+07
0.071 7.1167e+09 7.4047e+07
0.072 6.9306e+09 7.2718e+07
0.073 6.6631e+09 7.1415e+07
0.074 6.5312e+09 7.0138e+07
0.075 6.2996e+09 6.8886e+07
0.076 6.0917e+09 6.766e+07
0.077 5.8569e+09 6.6458e+07
0.078 5.81e+09 6.5281e+07
0.079 5.6657e+09 6.4128e+07
0.08 5.4357e+09 6.2998e+07
0.081 5.353e+09 6.1893e+07
0.082 5.2255e+09 6.081e+07
0.083 5.0492e+09 5.9751e+07
0.084 4.8401e+09 5.8714e+07
0.085 4.6934e+09 5.77e+07
0.086 4.5135e+09 5.6708e+07
0.087 4.4915e+09 5.5738e+07
0.088 4.2192e+09 5.4789e+07
0.089 4.0585e+09 5.3862e+07
0.09 3.8887e+09 5.2956e+07
0.091 3.7952e+09 5.2071e+07
0.092 3.692e+09 5.1206e+07
0.093 3.6269e+09 5.0362e+07
0.094 3.4415e+09 4.9538e+07
0.095 3.3391e+09 4.8734e+07
0.096 3.2688e+09 4.7949e+07
0.097 3.2205e+09 4.7183e+07
0.098 3.0187e+09 4.6436e+07
0.099 2.868e+09 4.5709e+07
0.1 2.8622e+09 4.4999e+07
0.101 2.7408e+09 4.4307e+07
0.102 2.6444e+09 4.3634e+07
0.103 2.5442e+09 4.2978e+07
0.104 2.4648e+09 4.2339e+07
0.105 2.4128e+09 4.1717e+07
0.106 2.2867e+09 4.1112e+07
0.107 2.2491e+09 4.0523e+07
0.108 2.1855e+09 3.995e+07
0.109 2.1254e+09 3.9392e+07
0.11 1.9778e+09 3.885e+07
0.111 1.9327e+09 3.8323e+07
0.112 1.8076e+09 3.7811e+07
0.113 1.7646e+09 3.7314e+07
0.114 1.7302e+09 3.683e+07
0.115 1.6789e+09 3.636e+07
0.116 1.6854e+09 3.5904e+07
0.117 1.5559e+09 3.5461e+07
0.118 1.5101e+09 3.503e+07
0.119 1.4835e+09 3.4612e+07
0.12 1.4274e+09 3.4206e+07
0.121 1.3421e+09 3.3812e+07
0.122 1.2867e+09 3.343e+07
0.123 1.3116e+09 3.3058e+07
0.124 1.2827e+09 3.2698e+07
0.125 1.2028e+09 3.2348e+07
0.126 1.0947e+09 3.2008e+07
0.127 1.0986e+09 3.1678e+07
0.128 1.0711e+09 3.1358e+07
0.129 1.071e+09 3.1048e+07
0.13 1.0442e+09 3.0746e+07
0.131 9.6883e+08 3.0453e+07
0.132 9.5378e+08 3.0168e+07
0.133 8.5994e+08 2.9892e+07
0.134 8.6577e+08 2.9623e+07
0.135 8.5173e+08 2.9362e+07
0.136 8.517e+08 2.9109e+07
0.137 7.646e+08 2.8862e+07
0.138 8.1384e+08 2.8623e+07
0.139 7.3112e+08 2.839e+07
0.14 7.4812e+08 2.8163e+07
0.141 7.2878e+08 2.7943e+07
0.142 7.2913e+08 2.7728e+07
0.143 7.1026e+08 2.752e+07
0.144 6.2614e+08 2.7317e+07
0.145 6.4621e+08 2.7119e+07
0.146 5.979e+08 2.6926e+07
0.147 6.1527e+08 2.6738e+07
0.148 5.6128e+08 2.6555e+07
0.149 5.8264e+08 2.6376e+07
0.15 5.4598e+08 2.6202e+07
0.151 5.4846e+08 2.6032e+07
0.152 5.323e+08 2.5866e+07
0.153 5.0576e+08 2.5704e+07
0.154 5.2826e+08 2.5545e+07
0.155 4.8039e+08 2.5391e+07
0.156 4.5162e+08 2.524e+07
0.157 4.1633e+08 2.5092e+07
0.158 4.7367e+08 2.4947e+07
0.159 4.5793e+08 2.4806e+07
0.16 3.8208e+08 2.4667e+07
0.161 3.9802e+08 2.4532e+07
0.162 4.1483e+08 2.4399e+07
0.163 3.9254e+08 2.4269e+07
0.164 3.6804e+08 2.4141e+07
0.165 3.7882e+08 2.4016e+07
0.166 3.5754e+08 2.3893e+07
0.167 3.8882e+08 2.3773e+07
0.168 3.7837e+08 2.3655e+07
0.169 3.6056e+08 2.3539e+07
0.17 3.1574e+08 2.3425e+07
0.171 2.7704e+08 2.3314e+07
0.172 2.9358e+08 2.3204e+07
0.173 3.1908e+08 2.3096e+07
0.174 3.5962e+08 2.299e+07
0.175 2.8444e+08 2.2886e+07
0.176 3.0067e+08 2.2783e+07
0.177 2.6587e+08 2.2682e+07
0.178 2.4123e+08 2.2583e+07
0.179 2.9181e+08 2.2486e+07
0.18 2.7971e+08 2.2389e+07
0.181 2.3794e+08 2.2295e+07
0.182 2.7421e+08 2.2202e+07
0.183 2.4128e+08 2.211e+07
0.184 2.4484e+08 2.2019e+07
0.185 2.5664e+08 2.193e+07
0.186 2.0599e+08 2.1843e+07
0.187 2.0935e+08 2.1756e+07
0.188 1.9893e+08 2.1671e+07
0.189 2.3103e+08 2.1587e+07
0.19 2.0731e+08 2.1504e+07
0.191 1.8819e+08 2.1422e+07
0.192 2.1365e+08 2.1342e+07
0.193 1.7314e+08 2.1262e+07
0.194 1.8032e+08 2.1184e+07
0.195 1.9677e+08 2.1106e+07
0.196 1.4355e+08 2.103e+07
0.197 1.8635e+08 2.0954e+07
0.198 1.5122e+08 2.088e+07
0.199 1.334e+08 2.0807e+07
0.2 1.7969e+08 2.0734e+07
0.201 1.7864e+08 2.0662e+07
0.202 1.1957e+08 2.0592e+07
0.203 1.8054e+08 2.0522e+07
0.204 1.4791e+08 2.0453e+07
0.205 1.6887e+08 2.0385e+07
0.206 9.4494e+07 2.0318e+07
0.207 1.4124e+08 2.0252e+07
0.208 1.3178e+08 2.0187e+07
0.209 1.2637e+08 2.0122e+07
0.21 9.2531e+07 2.0058e+07
0.211 1.3647e+08 1.9995e+07
0.212 1.4274e+08 1.9933e+07
0.213 9.2681e+07 1.9871e+07
0.214 1.0305e+08 1.9811e+07
0.215 1.1025e+08 1.9751e+07
0.216 9.4129e+07 1.9692e+07
0.217 9.7537e+07 1.9633e+07
0.218 1.0325e+08 1.9576e+07
0.219 1.0827e+08 1.9519e+07
0.22 1.1198e+08 1.9462e+07
0.221 1.0542e+08 1.9407e+07
0.222 1.5235e+08 1.9352e+07
0.223 6.5762e+07 1.9298e+07
0.224 1.0284e+08 1.9244e+07
0.225 8.1379e+07 1.9191e+07
0.226 1.2532e+08 1.9139e+07
0.227 7.917e+07 1.9088e+07
0.228 5.8602e+07 1.9037e+07
0.229 8.1091e+07 1.8987e+07
0.23 5.8068e+07 1.8937e+07
0.231 9.2124e+07 1.8888e+07
0.232 2.7022e+07 1.884e+07
0.233 6.769e+07 1.8792e+07
0.234 4.3599e+07 1.8745e+07
0.235 7.7829e+07 1.8698e+07
0.236 7.7457e+07 1.8652e+07
0.237 7.514e+07 1.8607e+07
0.238 4.7477e+07 1.8562e+07
0.239 9.2497e+07 1.8517e+07
0.24 8.7508e+07 1.8474e+07
0.241 3.0107e+07 1.843e+07
0.242 7.6652e+07 1.8388e+07
0.243 9.0359e+07 1.8345e+07
0.244 4.8517e+07 1.8304e+07
0.245 5.3629e+07 1.8263e+07
0.246 5.3911e+07 1.8222e+07
0.247 5.541e+07 1.8182e+07
0.248 5.8062e+07 1.8142e+07
0.249 8.1808e+07 1.8103e+07
0.25 6.2425e+07 1.8064e+07
0.251 9.2887e+07 1.8025e+07
0.252 5.0387e+07 1.7987e+07
0.253 5.3575e+07 1.795e+07
0.254 6.291e+07 1.7912e+07
0.255 8.5079e+07 1.7876e+07
0.256 3.2574e+07 1.7839e+07
0.257 7.3349e+07 1.7803e+07
0.258 7.7946e+07 1.7767e+07
0.259 4.2273e+07 1.7732e+07
0.26 4.645e+07 1.7697e+07
0.261 4.4277e+07 1.7662e+07
0.262 5.7032e+07 1.7628e+07
0.263 6.3826e+07 1.7594e+07
0.264 3.0944e+07 1.756e+07
0.265 5.0483e+07 1.7527e+07
0.266 3.3202e+07 1.7494e+07
0.267 4.3245e+07 1.7461e+07
0.268 2.6881e+07 1.7428e+07
0.269 3.8458e+07 1.7396e+07
0.27 5.4391e+07 1.7364e+07
0.271 3.795e+07 1.7332e+07
0.272 1.8509e+07 1.73e+07
0.273 6.6665e+07 1.7269e+07
0.274 4.5805e+07 1.7238e+07
0.275 4.4159e+07 1.7207e+07
0.276 9.8412e+07 1.7176e+07
0.277 7.9423e+07 1.7145e+07
0.278 6.0521e+07 1.7115e+07
0.279 4.1678e+07 1.7085e+07
0.28 6.3879e+07 1.7055e+07
0.281 5.5831e+07 1.7025e+07
0.282 4.4736e+07 1.6995e+07
0.283 6.3182e+07 1.6966e+07
0.284 6.9181e+07 1.6936e+07
0.285 5.9589e+07 1.6907e+07
0.286 6.0788e+07 1.6878e+07
0.287 7.9613e+07 1.6849e+07
0.288 6.5221e+07 1.682e+07
0.289 7.3785e+07 1.6791e+07
0.29 2.4344e+07 1.6762e+07
0.291 4.7412e+07 1.6734e+07
0.292 8.6235e+07 1.6706e+07
0.293 3.793e+07 1.6677e+07
0.294 5.5615e+07 1.6649e+07
0.295 6.8698e+07 1.6621e+07
0.296 5.1298e+07 1.6593e+07
0.297 6.6834e+07 1.6565e+07
0.298 6.9771e+07 1.6538e+07
0.299 5.2368e+07 1.651e+07
0.3 5.7563e+07 1.6483e+07
0.301 7.9133e+07 1.6455e+07
0.302 7.6385e+07 1.6428e+07
0.303 6.8116e+07 1.6401e+07
0.304 4.3899e+07 1.6373e+07
0.305 5.8046e+07 1.6346e+07
0.306 7.7686e+07 1.6319e+07
0.307 7.1619e+07 1.6293e+07
0.308 5.4374e+07 1.6266e+07
0.309 2.9523e+07 1.6239e+07
0.31 6.1657e+07 1.6213e+07
0.311 5.3164e+07 1.6186e+07
0.312 6.3138e+07 1.616e+07
0.313 3.0147e+07 1.6134e+07
0.314 6.5952e+07 1.6107e+07
0.315 4.1783e+07 1.6081e+07
0.316 4.7037e+07 1.6055e+07
0.317 3.5745e+07 1.603e+07
0.318 1.8535e+07 1.6004e+07
0.319 6.2564e+07 1.5978e+07
0.32 5.3702e+07 1.5953e+07
0.321 6.2006e+07 1.5927e+07
0.322 8.9228e+07 1.5902e+07
0.323 4.8837e+07 1.5876e+07
0.324 5.9729e+07 1.5851e+07
0.325 4.9873e+07 1.5826e+07
0.326 6.577e+07 1.5801e+07
0.327 6.4333e+07 1.5776e+07
0.328 5.3965e+07 1.5752e+07
0.329 5.0157e+07 1.5727e+07
0.33 5.0479e+07 1.5702e+07
0.331 1.5523e+07 1.5678e+07
0.332 5.3193e+07 1.5654e+07
0.333 5.32e+07 1.5629e+07
0.334 6.5768e+07 1.5605e+07
0.335 3.047e+07 1.5581e+07
0.336 4.9551e+07 1.5557e+07
0.337 4.4167e+07 1.5533e+07
0.338 5.7692e+07 1.551e+07
0.339 4.8112e+07 1.5486e+07
0.34 6.0102e+07 1.5462e+07
0.341 6.1953e+07 1.5439e+07
0.342 4.4022e+07 1.5416e+07
0.343 4.1691e+07 1.5392e+07
0.344 8.7071e+07 1.5369e+07
0.345 5.1668e+07 1.5346e+07
0.346 2.9494e+07 1.5323e+07
0.347 1.9488e+07 1.5301e+07
0.348 4.6285e+07 1.5278e+07
0.349 5.0863e+07 1.5255e+07
0.35 4.0093e+07 1.5233e+07
0.351 7.462e+07 1.521e+07
0.352 5.1855e+07 1.5188e+07
0.353 3.5225e+07 1.5166e+07
0.354 5.6095e+07 1.5144e+07
0.355 5.4604e+07 1.5122e+07
0.356 5.2377e+07 1.51e+07
0.357 5.2541e+07 1.5078e+07
0.358 4.2312e+07 1.5056e+07
0.359 4.7709e+07 1.5034e+07
0.36 3.0058e+07 1.5013e+07
0.361 5.2984e+07 1.4991e+07
0.362 4.4302e+07 1.497e+07
0.363 4.9565e+07 1.4948e+07
0.364 6.0934e+07 1.4927e+07
0.365 4.0312e+07 1.4906e+07
0.366 2.9037e+07 1.4885e+07
0.367 5.5019e+07 1.4864e+07
0.368 5.6778e+07 1.4843e+07
0.369 3.3685e+07 1.4822e+07
0.37 1.939e+07 1.4802e+07
0.371 2.4084e+07 1.4781e+07
0.372 5.9281e+07 1.476e+07
0.373 5.9143e+07 1.474e+07
0.374 4.4193e+07 1.4719e+07
0.375 4.5287e+07 1.4699e+07
0.376 6.4311e+07 1.4679e+07
0.377 3.7947e+07 1.4659e+07
0.378 6.6057e+07 1.4639e+07
0.379 3.8481e+07 1.4619e+07
0.38 3.5245e+07 1.4599e+07
0.381 5.8821e+07 1.4579e+07
0.382 2.887e+07 1.4559e+07
0.383 3.9064e+07 1.4539e+07
0.384 4.0123e+07 1.452e+07
0.385 3.7978e+07 1.45e+07
0.386 6.5299e+07 1.4481e+07
0.387 5.9669e+07 1.4461e+07
0.388 3.7645e+07 1.4442e+07
0.389 3.1039e+07 1.4423e+07
0.39 4.451e+07 1.4403e+07
0.391 5.9658e+07 1.4384e+07
0.392 4.2475e+07 1.4365e+07
0.393 3.7207e+07 1.4346e+07
0.394 5.6386e+07 1.4328e+07
0.395 4.4378e+07 1.4309e+07
0.396 6.9155e+07 1.429e+07
0.397 3.4844e+07 1.4271e+07
0.398 4.6375e+07 1.4253e+07
0.399 1.813e+07 1.4234e+07
0.4 4.3686e+07 1.4216e+07
0.401 3.5124e+07 1.4198e+07
0.402 7.2453e+07 1.4179e+07
0.403 3.7224e+07 1.4161e+07
0.404 4.7351e+07 1.4143e+07
0.405 4.3634e+07 1.4125e+07
0.406 2.4782e+07 1.4107e+07
0.407 3.0381e+07 1.4089e+07
0.408 5.1078e+07 1.4072e+07
0.409 4.4756e+07 1.4054e+07
0.41 5.514e+07 1.4036e+07
0.411 3.9566e+07 1.4019e+07
0.412 4.8734e+07 1.4001e+07
0.413 6.0656e+07 1.3984e+07
0.414 2.8583e+07 1.3967e+07
0.415 2.318e+07 1.3949e+07
0.416 2.5559e+07 1.3932e+07
0.417 3.4359e+07 1.3915e+07
0.418 4.1687e+07 1.3898e+07
0.419 2.795e+07 1.3881e+07
0.42 5.5632e+07 1.3865e+07
0.421 1.9023e+07 1.3848e+07
0.422 3.4401e+07 1.3831e+07
0.423 2.8057e+07 1.3815e+07
0.424 2.2908e+07 1.3798e+07
0.425 6.4593e+07 1.3782e+07
0.426 4.1728e+07 1.3766e+07
0.427 5.371e+07 1.3749e+07
0.428 1.7941e+07 1.3733e+07
0.429 6.0643e+07 1.3717e+07
0.43 6.678e+07 1.3701e+07
0.431 3.3647e+07 1.3685e+07
0.432 2.7503e+07 1.367e+07
0.433 4.4877e+07 1.3654e+07
0.434 4.7318e+07 1.3638e+07
0.435 4.0653e+07 1.3623e+07
0.436 4.4509e+07 1.3607e+07
0.437 4.5187e+07 1.3592e+07
0.438 5.4443e+07 1.3576e+07
0.439 3.5846e+07 1.3561e+07
0.44 2.5792e+07 1.3546e+07
0.441 4.1205e+07 1.3531e+07
0.442 3.3016e+07 1.3516e+07
0.443 3.9951e+07 1.3501e+07
0.444 5.6582e+07 1.3486e+07
0.445 5.6628e+07 1.3471e+07
0.446 1.6806e+07 1.3456e+07
0.447 2.5233e+07 1.3441e+07
0.448 3.346e+07 1.3426e+07
0.449 3.5592e+07 1.3412e+07
0.45 3.7882e+07 1.3397e+07
0.451 3.9981e+07 1.3383e+07
0.452 3.4398e+07 1.3368e+07
0.453 2.9263e+07 1.3354e+07
0.454 3.7034e+07 1.334e+07
0.455 3.0243e+07 1.3325e+07
0.456 4.7706e+07 1.3311e+07
0.457 4.0768e+07 1.3297e+07
0.458 3.584e+07 1.3283e+07
0.459 4.8959e+07 1.3269e+07
0.46 3.1888e+07 1.3255e+07
0.461 2.49e+07 1.3241e+07
0.462 3.5234e+07 1.3227e+07
0.463 3.8606e+07 1.3213e+07
0.464 1.9456e+07 1.3199e+07
0.465 3.4237e+07 1.3186e+07
0.466 9.2222e+06 1.3172e+07
0.467 4.1137e+07 1.3158e+07
0.468 3.4441e+07 1.3144e+07
0.469 5.6053e+07 1.3131e+07
0.47 5.1471e+07 1.3117e+07
0.471 6.4894e+06 1.3104e+07
0.472 4.1146e+07 1.309e+07
0.473 1.967e+07 1.3077e+07
0.474 3.2971e+07 1.3063e+07
0.475 4.7204e+07 1.305e+07
0.476 4.7362e+07 1.3036e+07
0.477 6.0922e+07 1.3023e+07
0.478 5.0003e+07 1.301e+07
0.479 4.8239e+06 1.2996e+07
0.48 4.8069e+07 1.2983e+07
0.481 6.2335e+07 1.297e+07
0.482 4.3157e+07 1.2957e+07
0.483 4.7596e+07 1.2944e+07
0.484 4.7874e+07 1.293e+07
0.485 4.9535e+07 1.2917e+07
0.486 4.9954e+07 1.2904e+07
0.487 3.9118e+07 1.2891e+07
0.488 2.7005e+07 1.2878e+07
0.489 3.463e+07 1.2865e+07
0.49 3.9276e+07 1.2852e+07
0.491 3.5803e+07 1.2839e+07
0.492 4.5741e+07 1.2826e+07
0.493 5.3623e+07 1.2813e+07
0.494 4.1729e+07 1.28e+07
0.495 6.0171e+07 1.2787e+07
0.496 6.8294e+07 1.2774e+07
0.497 6.3615e+07 1.2761e+07
0.498 3.3846e+07 1.2748e+07
0.499 4.5701e+07 1.2736e+07
0.5 5.1422e+07 1.2723e+07
