0.001 2.3279e+10 1.0935e+09
0.002 2.2052e+10 7.7298e+08
0.003 2.262e+10 6.3083e+08
0.004 2.2228e+10 5.4594e+08
0.005 2.2451e+10 4.8788e+08
0.006 2.1484e+10 4.449e+08
0.007 2.2364e+10 4.1138e+08
0.008 2.1754e+10 3.8425e+08
0.009 2.1318e+10 3.6168e+08
0.01 2.1503e+10 3.4248e+08
0.011 2.1509e+10 3.2588e+08
0.012 2.1588e+10 3.1132e+08
0.013 2.1486e+10 2.9838e+08
0.014 2.1922e+10 2.8678e+08
0.015 2.0889e+10 2.7628e+08
0.016 2.0988e+10 2.667e+08
0.017 2.0891e+10 2.5792e+08
0.018 2.0646e+10 2.4981e+08
0.019 2.039e+10 2.4228e+08
0.02 2.0183e+10 2.3526e+08
0.021 2.0262e+10 2.2869e+08
0.022 2.0383e+10 2.2251e+08
0.023 2.0539e+10 2.1668e+08
0.024 1.9804e+10 2.1116e+08
0.025 1.9464e+10 2.0593e+08
0.026 1.9003e+10 2.0094e+08
0.027 1.9182e+10 1.9619e+08
0.028 1.9141e+10 1.9165e+08
0.029 1.8844e+10 1.8729e+08
0.03 1.8256e+10 1.8311e+08
0.031 1.8107e+10 1.791e+08
0.032 1.7994e+10 1.7522e+08
0.033 1.7532e+10 1.7149e+08
0.034 1.7555e+10 1.6788e+08
0.035 1.6964e+10 1.6439e+08
0.036 1.6779e+10 1.6101e+08
0.037 1.6469e+10 1.5774e+08
0.038 1.6186e+10 1.5455e+08
0.039 1.6072e+10 1.5146e+08
0.04 1.5976e+10 1.4846e+08
0.041 1.5691e+10 1.4554e+08
0.042 1.5393e+10 1.4269e+08
0.043 1.4884e+10 1.3991e+08
0.044 1.4776e+10 1.372e+08
0.045 1.4743e+10 1.3456e+08
0.046 1.4123e+10 1.3198e+08
0.047 1.4078e+10 1.2946e+08
0.048 1.3871e+10 1.27e+08
0.049 1.3424e+10 1.2459e+08
0.05 1.3221e+10 1.2224e+08
0.051 1.3134e+10 1.1993e+08
0.052 1.2758e+10 1.1768e+08
0.053 1.2179e+10 1.1547e+08
0.054 1.2071e+10 1.1331e+08
0.055 1.1778e+10 1.1119e+08
0.056 1.146e+10 1.0911e+08
0.057 1.1094e+10 1.0708e+08
0.058 1.1069e+10 1.0509e+08
0.059 1.0793e+10 1.0314e+08
0.06 1.0481e+10 1.0122e+08
0.061 1.0441e+10 9.9346e+07
0.062 1.0183e+10 9.7505e+07
0.063 9.7766e+09 9.5702e+07
0.064 9.5001e+09 9.3934e+07
0.065 9.196e+09 9.22e+07
0.066 8.9223e+09 9.0501e+07
0.067 8.6724e+09 8.8835e+07
0.068 8.5165e+09 8.7201e+07
0.069 8.2595e+09 8.56e+07
0.07 8.0694e+09 8.4031e+07
0.071 7.834e+09 8.2493e+07
0.072 7.6374e+09 8.0986e+07
0.073 7.4033e+09 7.9509e+07
0.074 7.2203e+09 7.8062e+07
0.075 6.9932e+09 7.6645e+07
0.076 6.7108e+09 7.5257e+07
0.077 6.5794e+09 7.3898e+07
0.078 6.3536e+09 7.2567e+07
0.079 6.2143e+09 7.1264e+07
0.08 5.912e+09 6.9989e+07
0.081 5.8684e+09 6.8742e+07
0.082 5.7805e+09 6.7521e+07
0.083 5.4126e+09 6.6327e+07
0.084 5.14e+09 6.516e+07
0.085 5.0735e+09 6.4019e+07
0.086 4.9732e+09 6.2903e+07
0.087 4.8067e+09 6.1813e+07
0.088 4.5658e+09 6.0748e+07
0.089 4.4257e+09 5.9708e+07
0.09 4.3572e+09 5.8693e+07
0.091 4.1422e+09 5.7701e+07
0.092 4.027e+09 5.6733e+07
0.093 3.9321e+09 5.5789e+07
0.094 3.8043e+09 5.4869e+07
0.095 3.7184e+09 5.397e+07
0.096 3.6491e+09 5.3095e+07
0.097 3.4407e+09 5.2242e+07
0.098 3.3283e+09 5.141e+07
0.099 3.1744e+09 5.0601e+07
0.1 3.005e+09 4.9812e+07
0.101 2.943e+09 4.9044e+07
0.102 2.8637e+09 4.8296e+07
0.103 2.7547e+09 4.7569e+07
0.104 2.5997e+09 4.6861e+07
0.105 2.5627e+09 4.6173e+07
0.106 2.4256e+09 4.5503e+07
0.107 2.3883e+09 4.4853e+07
0.108 2.3125e+09 4.422e+07
0.109 2.2896e+09 4.3605e+07
0.11 2.1393e+09 4.3007e+07
0.111 2.0352e+09 4.2427e+07
0.112 1.9455e+09 4.1863e+07
0.113 1.8782e+09 4.1315e+07
0.114 1.8553e+09 4.0784e+07
0.115 1.8459e+09 4.0267e+07
0.116 1.8298e+09 3.9766e+07
0.117 1.6872e+09 3.9279e+07
0.118 1.6513e+09 3.8807e+07
0.119 1.6006e+09 3.8348e+07
0.12 1.5083e+09 3.7903e+07
0.121 1.504e+09 3.7471e+07
0.122 1.4003e+09 3.7052e+07
0.123 1.3812e+09 3.6645e+07
0.124 1.3229e+09 3.625e+07
0.125 1.3145e+09 3.5867e+07
0.126 1.2709e+09 3.5495e+07
0.127 1.2354e+09 3.5133e+07
0.128 1.1919e+09 3.4782e+07
0.129 1.169e+09 3.4442e+07
0.13 1.0782e+09 3.4111e+07
0.131 1.0432e+09 3.3789e+07
0.132 1.0063e+09 3.3477e+07
0.133 9.9503e+08 3.3174e+07
0.134 9.7014e+08 3.2879e+07
0.135 9.0832e+08 3.2592e+07
0.136 8.8405e+08 3.2313e+07
0.137 8.6934e+08 3.2042e+07
0.138 8.1848e+08 3.1778e+07
0.139 8.4342e+08 3.1522e+07
0.14 8.2196e+08 3.1272e+07
0.141 7.5753e+08 3.1029e+07
0.142 7.7866e+08 3.0792e+07
0.143 7.4431e+08 3.0561e+07
0.144 6.7201e+08 3.0336e+07
0.145 7.101e+08 3.0117e+07
0.146 6.6507e+08 2.9903e+07
0.147 6.7749e+08 2.9695e+07
0.148 6.4918e+08 2.9491e+07
0.149 6.9542e+08 2.9292e+07
0.15 6.0007e+08 2.9098e+07
0.151 6.5943e+08 2.8909e+07
0.152 5.9756e+08 2.8724e+07
0.153 6.4906e+08 2.8543e+07
0.154 5.638e+08 2.8366e+07
0.155 5.2619e+08 2.8193e+07
0.156 4.9082e+08 2.8024e+07
0.157 4.7561e+08 2.7858e+07
0.158 4.6136e+08 2.7696e+07
0.159 4.6032e+08 2.7537e+07
0.16 4.2727e+08 2.7382e+07
0.161 3.8815e+08 2.723e+07
0.162 4.509e+08 2.708e+07
0.163 3.9944e+08 2.6934e+07
0.164 3.933e+08 2.6791e+07
0.165 4.3239e+08 2.665e+07
0.166 3.8567e+08 2.6512e+07
0.167 4.3304e+08 2.6376e+07
0.168 3.7619e+08 2.6243e+07
0.169 3.3786e+08 2.6113e+07
0.17 4.0454e+08 2.5985e+07
0.171 3.2292e+08 2.5859e+07
0.172 3.4792e+08 2.5735e+07
0.173 3.0077e+08 2.5614e+07
0.174 3.2194e+08 2.5494e+07
0.175 3.2753e+08 2.5377e+07
0.176 3.5025e+08 2.5261e+07
0.177 3.0257e+08 2.5148e+07
0.178 3.0589e+08 2.5036e+07
0.179 2.3662e+08 2.4926e+07
0.18 2.8363e+08 2.4818e+07
0.181 2.6416e+08 2.4712e+07
0.182 2.724e+08 2.4607e+07
0.183 3.1701e+08 2.4504e+07
0.184 2.4691e+08 2.4402e+07
0.185 2.3802e+08 2.4302e+07
0.186 2.3312e+08 2.4204e+07
0.187 1.9616e+08 2.4107e+07
0.188 1.9931e+08 2.4011e+07
0.189 2.3569e+08 2.3917e+07
0.19 2.5713e+08 2.3824e+07
0.191 1.9679e+08 2.3733e+07
0.192 1.8295e+08 2.3643e+07
0.193 1.8733e+08 2.3554e+07
0.194 2.1306e+08 2.3466e+07
0.195 2.0477e+08 2.338e+07
0.196 1.8064e+08 2.3295e+07
0.197 1.7062e+08 2.3211e+07
0.198 1.7736e+08 2.3128e+07
0.199 1.8078e+08 2.3046e+07
0.2 1.6959e+08 2.2965e+07
0.201 1.7399e+08 2.2886e+07
0.202 2.0361e+08 2.2807e+07
0.203 1.8199e+08 2.273e+07
0.204 1.7739e+08 2.2654e+07
0.205 1.6016e+08 2.2578e+07
0.206 1.8732e+08 2.2504e+07
0.207 1.4782e+08 2.243e+07
0.208 1.5442e+08 2.2358e+07
0.209 1.3325e+08 2.2286e+07
0.21 1.2041e+08 2.2216e+07
0.211 9.8245e+07 2.2146e+07
0.212 1.4776e+08 2.2077e+07
0.213 1.2321e+08 2.2009e+07
0.214 1.4431e+08 2.1942e+07
0.215 1.4278e+08 2.1876e+07
0.216 1.0275e+08 2.181e+07
0.217 1.1696e+08 2.1746e+07
0.218 1.1183e+08 2.1682e+07
0.219 8.4207e+07 2.1619e+07
0.22 1.5307e+08 2.1557e+07
0.221 1.1458e+08 2.1496e+07
0.222 1.1296e+08 2.1435e+07
0.223 1.2697e+08 2.1376e+07
0.224 1.1322e+08 2.1317e+07
0.225 7.9598e+07 2.1258e+07
0.226 9.9652e+07 2.1201e+07
0.227 7.7505e+07 2.1144e+07
0.228 9.8326e+07 2.1088e+07
0.229 9.4598e+07 2.1033e+07
0.23 8.3694e+07 2.0978e+07
0.231 6.4491e+07 2.0924e+07
0.232 8.9714e+07 2.0871e+07
0.233 6.3488e+07 2.0818e+07
0.234 8.152e+07 2.0766e+07
0.235 1.1285e+08 2.0715e+07
0.236 1.2088e+08 2.0664e+07
0.237 8.8512e+07 2.0614e+07
0.238 6.834e+07 2.0565e+07
0.239 7.6724e+07 2.0516e+07
0.24 8.8892e+07 2.0468e+07
0.241 9.2883e+07 2.042e+07
0.242 6.4387e+07 2.0373e+07
0.243 4.814e+07 2.0327e+07
0.244 7.6426e+07 2.0281e+07
0.245 5.3389e+07 2.0235e+07
0.246 7.4936e+07 2.0191e+07
0.247 7.706e+07 2.0146e+07
0.248 6.8943e+07 2.0103e+07
0.249 7.2841e+07 2.0059e+07
0.25 8.4997e+07 2.0017e+07
0.251 9.1176e+07 1.9974e+07
0.252 6.8779e+07 1.9932e+07
0.253 5.9304e+07 1.9891e+07
0.254 6.3816e+07 1.985e+07
0.255 8.9035e+07 1.981e+07
0.256 6.165e+07 1.977e+07
0.257 6.0092e+07 1.973e+07
0.258 7.8584e+07 1.9691e+07
0.259 4.7148e+07 1.9652e+07
0.26 5.2375e+07 1.9613e+07
0.261 8.3878e+07 1.9575e+07
0.262 7.6279e+07 1.9537e+07
0.263 5.5445e+07 1.95e+07
0.264 9.5977e+07 1.9463e+07
0.265 4.903e+07 1.9426e+07
0.266 6.5962e+07 1.9389e+07
0.267 4.5427e+07 1.9353e+07
0.268 5.129e+07 1.9317e+07
0.269 5.6775e+07 1.9282e+07
0.27 6.4998e+06 1.9246e+07
0.271 7.1061e+07 1.9211e+07
0.272 7.6869e+07 1.9176e+07
0.273 7.8542e+07 1.9142e+07
0.274 4.6301e+07 1.9107e+07
0.275 4.1189e+07 1.9073e+07
0.276 6.6669e+07 1.9039e+07
0.277 7.9142e+07 1.9006e+07
0.278 1.0946e+08 1.8972e+07
0.279 5.1315e+07 1.8939e+07
0.28 8.1006e+07 1.8905e+07
0.281 6.9982e+07 1.8872e+07
0.282 8.6389e+07 1.884e+07
0.283 5.8777e+07 1.8807e+07
0.284 6.1451e+07 1.8774e+07
0.285 5.102e+07 1.8742e+07
0.286 5.2872e+07 1.871e+07
0.287 7.6494e+07 1.8678e+07
0.288 7.8402e+07 1.8646e+07
0.289 7.036e+07 1.8614e+07
0.29 4.4039e+07 1.8582e+07
0.291 5.9497e+07 1.8551e+07
0.292 6.899e+07 1.8519e+07
0.293 7.0466e+07 1.8488e+07
0.294 4.419e+07 1.8457e+07
0.295 7.9073e+07 1.8426e+07
0.296 4.0559e+07 1.8395e+07
0.297 4.8078e+07 1.8364e+07
0.298 7.3561e+07 1.8333e+07
0.299 5.5567e+07 1.8302e+07
0.3 6.8259e+07 1.8272e+07
0.301 4.5702e+07 1.8241e+07
0.302 6.5077e+07 1.8211e+07
0.303 6.7991e+07 1.8181e+07
0.304 8.964e+07 1.8151e+07
0.305 5.9329e+07 1.812e+07
0.306 5.8805e+07 1.8091e+07
0.307 5.7734e+07 1.8061e+07
0.308 7.7442e+07 1.8031e+07
0.309 3.2156e+07 1.8001e+07
0.31 6.4477e+07 1.7972e+07
0.311 7.3527e+07 1.7942e+07
0.312 6.3272e+07 1.7913e+07
0.313 8.9083e+07 1.7884e+07
0.314 4.968e+07 1.7854e+07
0.315 7.0518e+07 1.7825e+07
0.316 7.2399e+07 1.7796e+07
0.317 7.8191e+07 1.7768e+07
0.318 3.4578e+07 1.7739e+07
0.319 3.8346e+07 1.771e+07
0.32 6.58e+07 1.7682e+07
0.321 5.4672e+07 1.7653e+07
0.322 4.748e+07 1.7625e+07
0.323 6.1027e+07 1.7597e+07
0.324 3.4727e+07 1.7569e+07
0.325 3.1849e+07 1.7541e+07
0.326 5.6916e+07 1.7513e+07
0.327 6.7737e+07 1.7485e+07
0.328 4.2945e+07 1.7458e+07
0.329 7.2574e+07 1.743e+07
0.33 6.8426e+07 1.7403e+07
0.331 8.3236e+07 1.7376e+07
0.332 5.6976e+07 1.7348e+07
0.333 5.2949e+07 1.7321e+07
0.334 4.7589e+07 1.7295e+07
0.335 9.3885e+07 1.7268e+07
0.336 9.5544e+07 1.7241e+07
0.337 5.7931e+07 1.7215e+07
0.338 4.2541e+07 1.7188e+07
0.339 2.8289e+07 1.7162e+07
0.34 5.6117e+07 1.7136e+07
0.341 4.3098e+07 1.7109e+07
0.342 4.0305e+07 1.7083e+07
0.343 4.3531e+07 1.7058e+07
0.344 3.9201e+07 1.7032e+07
0.345 7.7974e+07 1.7006e+07
0.346 5.8438e+07 1.6981e+07
0.347 7.2977e+07 1.6955e+07
0.348 2.9799e+07 1.693e+07
0.349 7.7643e+07 1.6905e+07
0.35 4.6379e+07 1.688e+07
0.351 6.4376e+07 1.6855e+07
0.352 6.3866e+07 1.683e+07
0.353 5.9637e+07 1.6805e+07
0.354 5.8938e+07 1.6781e+07
0.355 4.9304e+07 1.6756e+07
0.356 5.9831e+07 1.6732e+07
0.357 3.6883e+07 1.6707e+07
0.358 6.0746e+07 1.6683e+07
0.359 6.6641e+07 1.6659e+07
0.36 8.6785e+07 1.6635e+07
0.361 7.8982e+07 1.6611e+07
0.362 5.2873e+07 1.6587e+07
0.363 6.2792e+07 1.6564e+07
0.364 2.1596e+07 1.654e+07
0.365 5.0729e+07 1.6517e+07
0.366 4.9608e+07 1.6493e+07
0.367 4.9872e+07 1.647e+07
0.368 4.8314e+07 1.6447e+07
0.369 6.4264e+07 1.6424e+07
0.37 5.7229e+07 1.6401e+07
0.371 5.2288e+07 1.6378e+07
0.372 5.5668e+07 1.6355e+07
0.373 3.8822e+07 1.6332e+07
0.374 4.1825e+07 1.6309e+07
0.375 3.2309e+07 1.6287e+07
0.376 4.0748e+07 1.6264e+07
0.377 4.7677e+07 1.6242e+07
0.378 6.7764e+07 1.6219e+07
0.379 4.2167e+07 1.6197e+07
0.38 3.6307e+07 1.6175e+07
0.381 3.8588e+07 1.6153e+07
0.382 6.1206e+07 1.6131e+07
0.383 6.6845e+07 1.6109e+07
0.384 4.6758e+07 1.6087e+07
0.385 5.0234e+07 1.6066e+07
0.386 6.3085e+07 1.6044e+07
0.387 4.4644e+07 1.6022e+07
0.388 4.402e+07 1.6001e+07
0.389 3.6663e+07 1.598e+07
0.39 5.6466e+07 1.5958e+07
0.391 3.2515e+07 1.5937e+07
0.392 4.9052e+07 1.5916e+07
0.393 3.8066e+07 1.5895e+07
0.394 5.002e+07 1.5874e+07
0.395 4.0058e+07 1.5853e+07
0.396 5.3936e+07 1.5832e+07
0.397 3.5957e+07 1.5812e+07
0.398 4.401e+07 1.5791e+07
0.399 4.1338e+07 1.577e+07
0.4 4.2943e+07 1.575e+07
0.401 5.4217e+07 1.573e+07
0.402 3.4732e+07 1.5709e+07
0.403 4.6864e+07 1.5689e+07
0.404 3.629e+07 1.5669e+07
0.405 6.7866e+07 1.5649e+07
0.406 6.1549e+07 1.5629e+07
0.407 2.0488e+07 1.5609e+07
0.408 5.7676e+07 1.559e+07
0.409 5.7558e+07 1.557e+07
0.41 4.8568e+07 1.555e+07
0.411 5.2674e+07 1.5531e+07
0.412 5.0683e+07 1.5512e+07
0.413 3.7453e+07 1.5492e+07
0.414 7.5039e+07 1.5473e+07
0.415 3.9929e+07 1.5454e+07
0.416 5.9472e+07 1.5435e+07
0.417 5.3724e+07 1.5416e+07
0.418 4.6156e+07 1.5397e+07
0.419 3.1854e+07 1.5379e+07
0.42 4.8152e+07 1.536e+07
0.421 4.3973e+07 1.5342e+07
0.422 3.5521e+07 1.5323e+07
0.423 4.5619e+07 1.5305e+07
0.424 8.0248e+07 1.5287e+07
0.425 6.5665e+07 1.5269e+07
0.426 3.6861e+07 1.5251e+07
0.427 6.0934e+07 1.5233e+07
0.428 2.822e+07 1.5215e+07
0.429 5.4912e+07 1.5197e+07
0.43 6.918e+07 1.5179e+07
0.431 6.2737e+07 1.5162e+07
0.432 4.2337e+07 1.5144e+07
0.433 3.2376e+07 1.5127e+07
0.434 4.0875e+07 1.511e+07
0.435 4.6218e+07 1.5092e+07
0.436 3.1681e+07 1.5075e+07
0.437 2.7398e+07 1.5058e+07
0.438 5.7027e+07 1.5041e+07
0.439 2.9292e+07 1.5024e+07
0.44 3.3657e+07 1.5008e+07
0.441 3.7614e+07 1.4991e+07
0.442 5.0423e+07 1.4974e+07
0.443 5.5526e+07 1.4958e+07
0.444 2.6476e+07 1.4941e+07
0.445 4.2115e+07 1.4925e+07
0.446 4.637e+07 1.4909e+07
0.447 7.4519e+07 1.4892e+07
0.448 6.5845e+07 1.4876e+07
0.449 5.426e+07 1.486e+07
0.45 5.0707e+07 1.4844e+07
0.451 3.9586e+07 1.4828e+07
0.452 3.3935e+07 1.4812e+07
0.453 5.4609e+07 1.4796e+07
0.454 6.5476e+07 1.4781e+07
0.455 1.606e+07 1.4765e+07
0.456 5.8519e+07 1.4749e+07
0.457 4.0001e+07 1.4734e+07
0.458 1.9104e+07 1.4718e+07
0.459 4.0282e+07 1.4703e+07
0.46 3.8293e+07 1.4687e+07
0.461 5.0102e+07 1.4672e+07
0.462 4.3027e+07 1.4657e+07
0.463 6.0708e+07 1.4641e+07
0.464 4.6542e+07 1.4626e+07
0.465 5.2719e+07 1.4611e+07
0.466 4.492e+07 1.4596e+07
0.467 3.1308e+07 1.4581e+07
0.468 5.7282e+07 1.4566e+07
0.469 3.4289e+07 1.4551e+07
0.47 6.7433e+07 1.4536e+07
0.471 5.4186e+07 1.4521e+07
0.472 5.6417e+07 1.4506e+07
0.473 5.3935e+07 1.4491e+07
0.474 6.3885e+07 1.4476e+07
0.475 3.6255e+07 1.4462e+07
0.476 6.669e+07 1.4447e+07
0.477 4.904e+07 1.4432e+07
0.478 5.3238e+07 1.4417e+07
0.479 3.1441e+07 1.4403e+07
0.48 2.2624e+07 1.4388e+07
0.481 4.7702e+07 1.4373e+07
0.482 7.123e+07 1.4359e+07
0.483 6.1264e+07 1.4344e+07
0.484 4.948e+07 1.433e+07
0.485 7.9627e+07 1.4315e+07
0.486 1.8581e+07 1.4301e+07
0.487 3.5517e+07 1.4286e+07
0.488 5.1011e+07 1.4272e+07
0.489 6.0154e+07 1.4257e+07
0.49 3.4573e+07 1.4243e+07
0.491 6.68e+07 1.4229e+07
0.492 9.3671e+07 1.4214e+07
0.493 3.3827e+07 1.42e+07
0.494 3.5424e+07 1.4185e+07
0.495 6.0676e+07 1.4171e+07
0.496 6.7308e+07 1.4157e+07
0.497 5.8326e+07 1.4143e+07
0.498 4.4001e+07 1.4128e+07
0.499 4.2619e+07 1.4114e+07
0.5 2.626e+07 1.41e+07
