0.001 6.4473e+09 4.2972e+08
0.002 7.1086e+09 3.0382e+08
0.003 7.0092e+09 2.4802e+08
0.004 7.0746e+09 2.1474e+08
0.005 7.3126e+09 1.92e+08
0.006 7.3215e+09 1.752e+08
0.007 7.1661e+09 1.6212e+08
0.008 7.2873e+09 1.5157e+08
0.009 7.1895e+09 1.4281e+08
0.01 7.2133e+09 1.3538e+08
0.011 7.3833e+09 1.2898e+08
0.012 7.1972e+09 1.2338e+08
0.013 7.1782e+09 1.1843e+08
0.014 7.0507e+09 1.14e+08
0.015 7.107e+09 1.1002e+08
0.016 6.9914e+09 1.064e+08
0.017 6.9746e+09 1.031e+08
0.018 6.9444e+09 1.0006e+08
0.019 6.9585e+09 9.7257e+07
0.02 6.8866e+09 9.4658e+07
0.021 6.9041e+09 9.2236e+07
0.022 6.9697e+09 8.9972e+07
0.023 6.7839e+09 8.7849e+07
0.024 6.6773e+09 8.5851e+07
0.025 6.7128e+09 8.3965e+07
0.026 6.7523e+09 8.2182e+07
0.027 6.5858e+09 8.049e+07
0.028 6.706e+09 7.8882e+07
0.029 6.5343e+09 7.7351e+07
0.03 6.4089e+09 7.5889e+07
0.031 6.5054e+09 7.4492e+07
0.032 6.3992e+09 7.3154e+07
0.033 6.4358e+09 7.1871e+07
0.034 6.3463e+09 7.0638e+07
0.035 6.3214e+09 6.9453e+07
0.036 6.297e+09 6.8311e+07
0.037 6.122e+09 6.721e+07
0.038 6.2184e+09 6.6148e+07
0.039 6.1558e+09 6.5121e+07
0.04 6.0012e+09 6.4127e+07
0.041 6.0194e+09 6.3165e+07
0.042 5.8694e+09 6.2233e+07
0.043 5.9941e+09 6.1329e+07
0.044 5.7802e+09 6.0451e+07
0.045 5.7709e+09 5.9598e+07
0.046 5.5489e+09 5.8769e+07
0.047 5.5967e+09 5.7963e+07
0.048 5.6056e+09 5.7178e+07
0.049 5.5502e+09 5.6414e+07
0.05 5.4774e+09 5.5669e+07
0.051 5.3804e+09 5.4942e+07
0.052 5.3336e+09 5.4234e+07
0.053 5.32e+09 5.3542e+07
0.054 5.2803e+09 5.2867e+07
0.055 5.2432e+09 5.2207e+07
0.056 5.1385e+09 5.1562e+07
0.057 5.0434e+09 5.0932e+07
0.058 5.0335e+09 5.0316e+07
0.059 4.8014e+09 4.9713e+07
0.06 4.8324e+09 4.9123e+07
0.061 4.7218e+09 4.8545e+07
0.062 4.664e+09 4.798e+07
0.063 4.5653e+09 4.7426e+07
0.064 4.6215e+09 4.6883e+07
0.065 4.5404e+09 4.6352e+07
0.066 4.4062e+09 4.5831e+07
0.067 4.3367e+09 4.532e+07
0.068 4.2669e+09 4.4819e+07
0.069 4.2246e+09 4.4328e+07
0.07 4.1985e+09 4.3847e+07
0.071 4.073e+09 4.3375e+07
0.072 4.0663e+09 4.2911e+07
0.073 4.0464e+09 4.2457e+07
0.074 3.955e+09 4.201e+07
0.075 3.9507e+09 4.1573e+07
0.076 3.8224e+09 4.1143e+07
0.077 3.7074e+09 4.0721e+07
0.078 3.6799e+09 4.0307e+07
0.079 3.6313e+09 3.9901e+07
0.08 3.5745e+09 3.9502e+07
0.081 3.5355e+09 3.911e+07
0.082 3.5292e+09 3.8725e+07
0.083 3.4505e+09 3.8347e+07
0.084 3.3936e+09 3.7976e+07
0.085 3.3637e+09 3.7612e+07
0.086 3.23e+09 3.7254e+07
0.087 3.2514e+09 3.6902e+07
0.088 3.1811e+09 3.6557e+07
0.089 3.0913e+09 3.6218e+07
0.09 3.0491e+09 3.5885e+07
0.091 3.0234e+09 3.5558e+07
0.092 2.9414e+09 3.5236e+07
0.093 2.8457e+09 3.4921e+07
0.094 2.879e+09 3.4611e+07
0.095 2.801e+09 3.4306e+07
0.096 2.746e+09 3.4007e+07
0.097 2.664e+09 3.3713e+07
0.098 2.6057e+09 3.3424e+07
0.099 2.576e+09 3.314e+07
0.1 2.5646e+09 3.2861e+07
0.101 2.4944e+09 3.2588e+07
0.102 2.481e+09 3.2319e+07
0.103 2.4086e+09 3.2054e+07
0.104 2.4022e+09 3.1794e+07
0.105 2.3126e+09 3.1539e+07
0.106 2.2901e+09 3.1289e+07
0.107 2.2906e+09 3.1042e+07
0.108 2.1534e+09 3.08e+07
0.109 2.1793e+09 3.0562e+07
0.11 2.1422e+09 3.0329e+07
0.111 2.1145e+09 3.0099e+07
0.112 2.0247e+09 2.9873e+07
0.113 2.0073e+09 2.9651e+07
0.114 1.9752e+09 2.9433e+07
0.115 1.9571e+09 2.9219e+07
0.116 1.9031e+09 2.9009e+07
0.117 1.8569e+09 2.8802e+07
0.118 1.8317e+09 2.8598e+07
0.119 1.8287e+09 2.8398e+07
0.12 1.8136e+09 2.8202e+07
0.121 1.7503e+09 2.8008e+07
0.122 1.7009e+09 2.7818e+07
0.123 1.71e+09 2.7631e+07
0.124 1.5972e+09 2.7448e+07
0.125 1.5957e+09 2.7267e+07
0.126 1.57e+09 2.7089e+07
0.127 1.5343e+09 2.6914e+07
0.128 1.518e+09 2.6743e+07
0.129 1.4899e+09 2.6573e+07
0.13 1.4242e+09 2.6407e+07
0.131 1.4382e+09 2.6243e+07
0.132 1.3815e+09 2.6082e+07
0.133 1.4271e+09 2.5924e+07
0.134 1.3e+09 2.5768e+07
0.135 1.4316e+09 2.5614e+07
0.136 1.3115e+09 2.5463e+07
0.137 1.31e+09 2.5314e+07
0.138 1.2727e+09 2.5168e+07
0.139 1.266e+09 2.5024e+07
0.14 1.2272e+09 2.4881e+07
0.141 1.195e+09 2.4742e+07
0.142 1.2279e+09 2.4604e+07
0.143 1.1434e+09 2.4468e+07
0.144 1.1149e+09 2.4334e+07
0.145 1.1606e+09 2.4202e+07
0.146 1.0517e+09 2.4073e+07
0.147 1.0708e+09 2.3945e+07
0.148 1.0377e+09 2.3818e+07
0.149 1.0763e+09 2.3694e+07
0.15 9.9443e+08 2.3572e+07
0.151 9.7508e+08 2.3451e+07
0.152 1.0325e+09 2.3331e+07
0.153 9.6079e+08 2.3214e+07
0.154 9.5547e+08 2.3098e+07
0.155 9.3744e+08 2.2984e+07
0.156 8.9203e+08 2.2871e+07
0.157 9.0209e+08 2.2759e+07
0.158 8.8519e+08 2.2649e+07
0.159 9.0012e+08 2.2541e+07
0.16 8.3242e+08 2.2434e+07
0.161 7.9706e+08 2.2329e+07
0.162 8.1746e+08 2.2224e+07
0.163 7.642e+08 2.2121e+07
0.164 7.4791e+08 2.202e+07
0.165 7.6024e+08 2.1919e+07
0.166 7.4292e+08 2.182e+07
0.167 7.2256e+08 2.1723e+07
0.168 7.4398e+08 2.1626e+07
0.169 7.0202e+08 2.153e+07
0.17 6.6955e+08 2.1436e+07
0.171 6.4311e+08 2.1343e+07
0.172 6.6414e+08 2.1251e+07
0.173 6.4066e+08 2.116e+07
0.174 6.2443e+08 2.107e+07
0.175 6.5791e+08 2.0982e+07
0.176 5.9149e+08 2.0894e+07
0.177 5.7185e+08 2.0807e+07
0.178 5.5143e+08 2.0722e+07
0.179 5.8652e+08 2.0637e+07
0.18 5.5674e+08 2.0553e+07
0.181 5.0736e+08 2.047e+07
0.182 5.6623e+08 2.0389e+07
0.183 5.5017e+08 2.0308e+07
0.184 4.8722e+08 2.0228e+07
0.185 4.8374e+08 2.0149e+07
0.186 5.1746e+08 2.0071e+07
0.187 5.2471e+08 1.9994e+07
0.188 5.0972e+08 1.9918e+07
0.189 4.3629e+08 1.9842e+07
0.19 4.6445e+08 1.9768e+07
0.191 4.3889e+08 1.9694e+07
0.192 3.9989e+08 1.9621e+07
0.193 4.1426e+08 1.9549e+07
0.194 4.0904e+08 1.9478e+07
0.195 3.9126e+08 1.9407e+07
0.196 4.0879e+08 1.9337e+07
0.197 4.2389e+08 1.9269e+07
0.198 3.8167e+08 1.92e+07
0.199 3.5042e+08 1.9133e+07
0.2 3.4969e+08 1.9066e+07
0.201 3.5367e+08 1.9001e+07
0.202 3.5807e+08 1.8936e+07
0.203 3.6564e+08 1.8871e+07
0.204 3.1434e+08 1.8807e+07
0.205 3.1107e+08 1.8745e+07
0.206 3.0566e+08 1.8682e+07
0.207 3.0993e+08 1.8621e+07
0.208 2.9482e+08 1.856e+07
0.209 2.9783e+08 1.85e+07
0.21 2.8512e+08 1.844e+07
0.211 2.8439e+08 1.8381e+07
0.212 2.5816e+08 1.8323e+07
0.213 2.6368e+08 1.8266e+07
0.214 2.4794e+08 1.8209e+07
0.215 2.6266e+08 1.8153e+07
0.216 2.3657e+08 1.8097e+07
0.217 2.6164e+08 1.8042e+07
0.218 2.1149e+08 1.7988e+07
0.219 2.1394e+08 1.7934e+07
0.22 2.3065e+08 1.7881e+07
0.221 1.9893e+08 1.7828e+07
0.222 2.1447e+08 1.7776e+07
0.223 1.9874e+08 1.7725e+07
0.224 2.0981e+08 1.7674e+07
0.225 2.2174e+08 1.7624e+07
0.226 1.8283e+08 1.7574e+07
0.227 1.8708e+08 1.7525e+07
0.228 1.9006e+08 1.7476e+07
0.229 2.0469e+08 1.7428e+07
0.23 1.6431e+08 1.7381e+07
0.231 1.3996e+08 1.7334e+07
0.232 1.9873e+08 1.7287e+07
0.233 1.5156e+08 1.7241e+07
0.234 1.6582e+08 1.7196e+07
0.235 1.388e+08 1.7151e+07
0.236 1.4446e+08 1.7106e+07
0.237 1.36e+08 1.7062e+07
0.238 1.4582e+08 1.7019e+07
0.239 9.7636e+07 1.6976e+07
0.24 1.4112e+08 1.6933e+07
0.241 1.1334e+08 1.6891e+07
0.242 1.404e+08 1.6849e+07
0.243 1.0388e+08 1.6808e+07
0.244 1.267e+08 1.6767e+07
0.245 9.4287e+07 1.6727e+07
0.246 9.2438e+07 1.6687e+07
0.247 8.8556e+07 1.6647e+07
0.248 9.2165e+07 1.6608e+07
0.249 9.914e+07 1.657e+07
0.25 8.6249e+07 1.6531e+07
0.251 7.4582e+07 1.6493e+07
0.252 7.1381e+07 1.6456e+07
0.253 9.1505e+07 1.6419e+07
0.254 9.9707e+07 1.6382e+07
0.255 7.462e+07 1.6346e+07
0.256 7.6751e+07 1.631e+07
0.257 1.001e+08 1.6274e+07
0.258 7.2212e+07 1.6239e+07
0.259 7.608e+07 1.6204e+07
0.26 7.7387e+07 1.6169e+07
0.261 7.7226e+07 1.6135e+07
0.262 3.3781e+07 1.6101e+07
0.263 9.0041e+07 1.6067e+07
0.264 6.4748e+07 1.6034e+07
0.265 6.9903e+07 1.6001e+07
0.266 5.3034e+07 1.5968e+07
0.267 6.4268e+07 1.5935e+07
0.268 7.4116e+07 1.5903e+07
0.269 2.8903e+07 1.5872e+07
0.27 6.4853e+07 1.584e+07
0.271 6.5503e+07 1.5809e+07
0.272 5.5943e+07 1.5778e+07
0.273 4.3308e+07 1.5747e+07
0.274 7.2706e+07 1.5717e+07
0.275 4.9371e+07 1.5686e+07
0.276 4.6051e+07 1.5656e+07
0.277 5.8019e+07 1.5627e+07
0.278 2.7737e+07 1.5597e+07
0.279 3.6589e+07 1.5568e+07
0.28 7.3372e+07 1.5539e+07
0.281 5.5372e+07 1.5511e+07
0.282 5.1376e+07 1.5482e+07
0.283 6.1967e+07 1.5454e+07
0.284 4.9584e+07 1.5426e+07
0.285 3.8312e+07 1.5398e+07
0.286 7.0362e+07 1.537e+07
0.287 3.1291e+07 1.5343e+07
0.288 7.1942e+07 1.5316e+07
0.289 3.3039e+07 1.5289e+07
0.29 5.1917e+07 1.5262e+07
0.291 4.55e+07 1.5236e+07
0.292 4.7166e+07 1.5209e+07
0.293 5.8012e+07 1.5183e+07
0.294 5.7652e+07 1.5157e+07
0.295 4.0505e+07 1.5131e+07
0.296 4.9111e+07 1.5106e+07
0.297 4.4465e+07 1.508e+07
0.298 5.7931e+07 1.5055e+07
0.299 4.423e+07 1.503e+07
0.3 6.3921e+07 1.5005e+07
0.301 3.6676e+07 1.498e+07
0.302 4.9593e+07 1.4955e+07
0.303 2.1997e+07 1.4931e+07
0.304 1.3752e+07 1.4907e+07
0.305 5.6023e+07 1.4882e+07
0.306 6.1196e+07 1.4858e+07
0.307 3.5652e+07 1.4834e+07
0.308 6.9302e+07 1.4811e+07
0.309 4.1515e+07 1.4787e+07
0.31 2.6724e+07 1.4764e+07
0.311 3.5652e+07 1.474e+07
0.312 2.4426e+07 1.4717e+07
0.313 2.3062e+07 1.4694e+07
0.314 5.9191e+07 1.4671e+07
0.315 4.4293e+07 1.4648e+07
0.316 5.1615e+07 1.4626e+07
0.317 4.5236e+07 1.4603e+07
0.318 6.2074e+07 1.4581e+07
0.319 2.9515e+07 1.4558e+07
0.32 5.4642e+07 1.4536e+07
0.321 3.252e+07 1.4514e+07
0.322 6.4194e+07 1.4492e+07
0.323 4.7243e+07 1.447e+07
0.324 8.1689e+07 1.4449e+07
0.325 7.6208e+07 1.4427e+07
0.326 6.1092e+07 1.4405e+07
0.327 3.1388e+07 1.4384e+07
0.328 7.8279e+07 1.4363e+07
0.329 7.1141e+07 1.4341e+07
0.33 6.3246e+07 1.432e+07
0.331 6.745e+07 1.4299e+07
0.332 3.9356e+07 1.4278e+07
0.333 3.9039e+07 1.4257e+07
0.334 6.9575e+07 1.4237e+07
0.335 5.8533e+07 1.4216e+07
0.336 7.349e+07 1.4195e+07
0.337 5.6193e+07 1.4175e+07
0.338 6.0342e+07 1.4154e+07
0.339 5.2339e+07 1.4134e+07
0.34 6.3916e+07 1.4114e+07
0.341 7.4109e+07 1.4094e+07
0.342 4.6663e+07 1.4074e+07
0.343 3.5602e+07 1.4054e+07
0.344 6.7307e+07 1.4034e+07
0.345 3.2766e+07 1.4014e+07
0.346 4.0413e+07 1.3994e+07
0.347 6.2659e+07 1.3975e+07
0.348 2.9981e+07 1.3955e+07
0.349 7.5421e+07 1.3935e+07
0.35 6.5502e+07 1.3916e+07
0.351 4.2626e+07 1.3897e+07
0.352 5.2057e+07 1.3877e+07
0.353 5.8339e+07 1.3858e+07
0.354 6.0744e+07 1.3839e+07
0.355 7.8697e+07 1.382e+07
0.356 8.9753e+07 1.3801e+07
0.357 7.7836e+07 1.3782e+07
0.358 7.2685e+07 1.3763e+07
0.359 6.4914e+07 1.3744e+07
0.36 5.0504e+07 1.3726e+07
0.361 5.7731e+07 1.3707e+07
0.362 6.7927e+07 1.3688e+07
0.363 6.0131e+07 1.367e+07
0.364 6.2889e+07 1.3651e+07
0.365 5.6161e+07 1.3633e+07
0.366 6.4017e+07 1.3615e+07
0.367 7.4256e+07 1.3597e+07
0.368 4.655e+07 1.3578e+07
0.369 4.6312e+07 1.356e+07
0.37 6.6926e+07 1.3542e+07
0.371 6.2745e+07 1.3524e+07
0.372 6.1875e+07 1.3506e+07
0.373 6.9894e+07 1.3488e+07
0.374 7.7427e+07 1.3471e+07
0.375 6.9517e+07 1.3453e+07
0.376 4.7753e+07 1.3435e+07
0.377 7.3553e+07 1.3418e+07
0.378 8.2106e+07 1.34e+07
0.379 6.4511e+07 1.3383e+07
0.38 7.1006e+07 1.3365e+07
0.381 5.4136e+07 1.3348e+07
0.382 7.5091e+07 1.333e+07
0.383 6.8327e+07 1.3313e+07
0.384 6.9267e+07 1.3296e+07
0.385 6.374e+07 1.3279e+07
0.386 5.0913e+07 1.3262e+07
0.387 8.5286e+07 1.3245e+07
0.388 8.1353e+07 1.3228e+07
0.389 3.9726e+07 1.3211e+07
0.39 8.8788e+07 1.3194e+07
0.391 6.7043e+07 1.3177e+07
0.392 6.2085e+07 1.3161e+07
0.393 6.9193e+07 1.3144e+07
0.394 5.9142e+07 1.3127e+07
0.395 8.0673e+07 1.3111e+07
0.396 9.3142e+07 1.3094e+07
0.397 8.3634e+07 1.3078e+07
0.398 5.9394e+07 1.3062e+07
0.399 9.2205e+07 1.3045e+07
0.4 3.3876e+07 1.3029e+07
0.401 6.6159e+07 1.3013e+07
0.402 6.7286e+07 1.2997e+07
0.403 7.9347e+07 1.2981e+07
0.404 8.0195e+07 1.2965e+07
0.405 6.1852e+07 1.2949e+07
0.406 4.9539e+07 1.2933e+07
0.407 7.5367e+07 1.2917e+07
0.408 7.7469e+07 1.2901e+07
0.409 7.1803e+07 1.2885e+07
0.41 7.3531e+07 1.2869e+07
0.411 3.4953e+07 1.2854e+07
0.412 5.6537e+07 1.2838e+07
0.413 6.4146e+07 1.2823e+07
0.414 5.1012e+07 1.2807e+07
0.415 7.8449e+07 1.2792e+07
0.416 6.071e+07 1.2776e+07
0.417 6.0909e+07 1.2761e+07
0.418 7.6084e+07 1.2745e+07
0.419 9.1399e+07 1.273e+07
0.42 8.8645e+07 1.2715e+07
0.421 6.6205e+07 1.27e+07
0.422 8.2375e+07 1.2685e+07
0.423 6.2107e+07 1.267e+07
0.424 8.4275e+07 1.2655e+07
0.425 4.8443e+07 1.264e+07
0.426 7.7367e+07 1.2625e+07
0.427 7.5015e+07 1.261e+07
0.428 6.5581e+07 1.2595e+07
0.429 7.8487e+07 1.258e+07
0.43 6.8657e+07 1.2566e+07
0.431 6.898e+07 1.2551e+07
0.432 7.4565e+07 1.2536e+07
0.433 6.1639e+07 1.2522e+07
0.434 5.1603e+07 1.2507e+07
0.435 4.9196e+07 1.2493e+07
0.436 7.0733e+07 1.2478e+07
0.437 6.582e+07 1.2464e+07
0.438 5.9571e+07 1.245e+07
0.439 6.1057e+07 1.2435e+07
0.44 9.4912e+07 1.2421e+07
0.441 7.6551e+07 1.2407e+07
0.442 8.4184e+07 1.2393e+07
0.443 7.3817e+07 1.2378e+07
0.444 4.836e+07 1.2364e+07
0.445 5.2414e+07 1.235e+07
0.446 6.1418e+07 1.2336e+07
0.447 3.9714e+07 1.2322e+07
0.448 7.5841e+07 1.2308e+07
0.449 5.5576e+07 1.2295e+07
0.45 5.9675e+07 1.2281e+07
0.451 7.0474e+07 1.2267e+07
0.452 5.9e+07 1.2253e+07
0.453 7.5047e+07 1.224e+07
0.454 6.4321e+07 1.2226e+07
0.455 6.5594e+07 1.2212e+07
0.456 5.9033e+07 1.2199e+07
0.457 7.5336e+07 1.2185e+07
0.458 6.8007e+07 1.2172e+07
0.459 8.1731e+07 1.2158e+07
0.46 6.6598e+07 1.2145e+07
0.461 6.9657e+07 1.2132e+07
0.462 6.676e+07 1.2118e+07
0.463 6.0727e+07 1.2105e+07
0.464 4.9654e+07 1.2092e+07
0.465 5.7238e+07 1.2078e+07
0.466 7.0138e+07 1.2065e+07
0.467 7.1528e+07 1.2052e+07
0.468 5.9828e+07 1.2039e+07
0.469 5.4677e+07 1.2026e+07
0.47 4.6973e+07 1.2013e+07
0.471 7.4524e+07 1.2e+07
0.472 6.1583e+07 1.1987e+07
0.473 7.067e+07 1.1974e+07
0.474 4.6378e+07 1.1961e+07
0.475 5.5956e+07 1.1949e+07
0.476 6.805e+07 1.1936e+07
0.477 5.1879e+07 1.1923e+07
0.478 6.2636e+07 1.191e+07
0.479 5.013e+07 1.1898e+07
0.48 2.9822e+07 1.1885e+07
0.481 6.1466e+07 1.1873e+07
0.482 7.4517e+07 1.186e+07
0.483 6.7148e+07 1.1848e+07
0.484 6.1747e+07 1.1835e+07
0.485 6.7805e+07 1.1823e+07
0.486 5.7525e+07 1.181e+07
0.487 3.289e+07 1.1798e+07
0.488 5.063e+07 1.1786e+07
0.489 8.2559e+07 1.1773e+07
0.49 6.6004e+07 1.1761e+07
0.491 6.656e+07 1.1749e+07
0.492 5.9354e+07 1.1737e+07
0.493 6.5552e+07 1.1725e+07
0.494 6.6094e+07 1.1713e+07
0.495 9.2508e+07 1.17e+07
0.496 7.1563e+07 1.1688e+07
0.497 3.9193e+07 1.1676e+07
0.498 6.8959e+07 1.1665e+07
0.499 4.0548e+07 1.1653e+07
0.5 6.4583e+07 1.1641e+07
