0.001 4.4514e+09 2.2822e+08
0.002 4.2432e+09 1.6136e+08
0.003 4.3742e+09 1.3171e+08
0.004 4.0135e+09 1.1403e+08
0.005 4.1488e+09 1.0195e+08
0.006 4.1662e+09 9.3014e+07
0.007 4.0744e+09 8.6059e+07
0.008 4.0238e+09 8.0443e+07
0.009 4.0844e+09 7.578e+07
0.01 4.0093e+09 7.1825e+07
0.011 3.9612e+09 6.8412e+07
0.012 4.0503e+09 6.5427e+07
0.013 4.0896e+09 6.2784e+07
0.014 3.9841e+09 6.0422e+07
0.015 4.0647e+09 5.8291e+07
0.016 3.9833e+09 5.6356e+07
0.017 3.9918e+09 5.4587e+07
0.018 4.0174e+09 5.296e+07
0.019 3.8658e+09 5.1456e+07
0.02 3.9722e+09 5.006e+07
0.021 3.9642e+09 4.8758e+07
0.022 3.8832e+09 4.7539e+07
0.023 3.8128e+09 4.6395e+07
0.024 3.7653e+09 4.5317e+07
0.025 3.7891e+09 4.4298e+07
0.026 3.8271e+09 4.3334e+07
0.027 3.723e+09 4.2418e+07
0.028 3.7363e+09 4.1546e+07
0.029 3.7694e+09 4.0714e+07
0.03 3.696e+09 3.992e+07
0.031 3.681e+09 3.9159e+07
0.032 3.6748e+09 3.843e+07
0.033 3.5339e+09 3.773e+07
0.034 3.5328e+09 3.7056e+07
0.035 3.5614e+09 3.6407e+07
0.036 3.4523e+09 3.5781e+07
0.037 3.4671e+09 3.5177e+07
0.038 3.4097e+09 3.4593e+07
0.039 3.3634e+09 3.4028e+07
0.04 3.4196e+09 3.348e+07
0.041 3.2039e+09 3.295e+07
0.042 3.312e+09 3.2434e+07
0.043 3.2427e+09 3.1934e+07
0.044 3.2329e+09 3.1448e+07
0.045 3.1584e+09 3.0975e+07
0.046 3.1342e+09 3.0514e+07
0.047 3.0397e+09 3.0065e+07
0.048 3.0824e+09 2.9628e+07
0.049 3.0258e+09 2.9202e+07
0.05 2.9589e+09 2.8786e+07
0.051 2.8805e+09 2.838e+07
0.052 2.8501e+09 2.7983e+07
0.053 2.8746e+09 2.7596e+07
0.054 2.7975e+09 2.7217e+07
0.055 2.7622e+09 2.6846e+07
0.056 2.7493e+09 2.6484e+07
0.057 2.6884e+09 2.6129e+07
0.058 2.6669e+09 2.5782e+07
0.059 2.6107e+09 2.5441e+07
0.06 2.5932e+09 2.5108e+07
0.061 2.5373e+09 2.4782e+07
0.062 2.4811e+09 2.4462e+07
0.063 2.4188e+09 2.4149e+07
0.064 2.4016e+09 2.3841e+07
0.065 2.4006e+09 2.354e+07
0.066 2.3856e+09 2.3244e+07
0.067 2.3179e+09 2.2954e+07
0.068 2.2777e+09 2.267e+07
0.069 2.2251e+09 2.239e+07
0.07 2.1698e+09 2.2116e+07
0.071 2.1741e+09 2.1848e+07
0.072 2.117e+09 2.1584e+07
0.073 2.0848e+09 2.1325e+07
0.074 2.0424e+09 2.1071e+07
0.075 1.9886e+09 2.0821e+07
0.076 1.9615e+09 2.0576e+07
0.077 1.9522e+09 2.0335e+07
0.078 1.9047e+09 2.0099e+07
0.079 1.8368e+09 1.9867e+07
0.08 1.8242e+09 1.964e+07
0.081 1.7863e+09 1.9416e+07
0.082 1.7647e+09 1.9197e+07
0.083 1.6988e+09 1.8981e+07
0.084 1.6663e+09 1.8769e+07
0.085 1.623e+09 1.8562e+07
0.086 1.6233e+09 1.8358e+07
0.087 1.5598e+09 1.8157e+07
0.088 1.5518e+09 1.7961e+07
0.089 1.4999e+09 1.7768e+07
0.09 1.51e+09 1.7578e+07
0.091 1.4382e+09 1.7392e+07
0.092 1.4347e+09 1.721e+07
0.093 1.3895e+09 1.7031e+07
0.094 1.3751e+09 1.6855e+07
0.095 1.326e+09 1.6682e+07
0.096 1.3116e+09 1.6513e+07
0.097 1.2879e+09 1.6347e+07
0.098 1.2542e+09 1.6184e+07
0.099 1.2287e+09 1.6024e+07
0.1 1.1904e+09 1.5867e+07
0.101 1.1565e+09 1.5713e+07
0.102 1.1612e+09 1.5562e+07
0.103 1.0972e+09 1.5414e+07
0.104 1.0993e+09 1.5268e+07
0.105 1.1141e+09 1.5126e+07
0.106 1.0528e+09 1.4986e+07
0.107 1.0296e+09 1.4849e+07
0.108 9.8539e+08 1.4714e+07
0.109 9.7634e+08 1.4583e+07
0.11 9.7297e+08 1.4453e+07
0.111 9.1959e+08 1.4326e+07
0.112 9.0035e+08 1.4202e+07
0.113 9.0575e+08 1.408e+07
0.114 8.8336e+08 1.3961e+07
0.115 8.7797e+08 1.3844e+07
0.116 8.0352e+08 1.3729e+07
0.117 8.2535e+08 1.3616e+07
0.118 7.8161e+08 1.3506e+07
0.119 8.1713e+08 1.3397e+07
0.12 7.8391e+08 1.3291e+07
0.121 7.5694e+08 1.3187e+07
0.122 7.2699e+08 1.3085e+07
0.123 7.3512e+08 1.2985e+07
0.124 7.0084e+08 1.2887e+07
0.125 6.874e+08 1.2791e+07
0.126 6.6341e+08 1.2697e+07
0.127 6.6482e+08 1.2604e+07
0.128 6.1863e+08 1.2514e+07
0.129 5.992e+08 1.2425e+07
0.13 6.0456e+08 1.2338e+07
0.131 5.9563e+08 1.2252e+07
0.132 5.8973e+08 1.2168e+07
0.133 5.7056e+08 1.2086e+07
0.134 5.6339e+08 1.2006e+07
0.135 5.7248e+08 1.1926e+07
0.136 5.5933e+08 1.1849e+07
0.137 5.3393e+08 1.1772e+07
0.138 5.1392e+08 1.1698e+07
0.139 4.8267e+08 1.1624e+07
0.14 5.0885e+08 1.1552e+07
0.141 4.8382e+08 1.1481e+07
0.142 4.7877e+08 1.1412e+07
0.143 4.453e+08 1.1344e+07
0.144 4.526e+08 1.1277e+07
0.145 4.4828e+08 1.1211e+07
0.146 4.333e+08 1.1146e+07
0.147 4.3179e+08 1.1083e+07
0.148 4.1166e+08 1.102e+07
0.149 4.0464e+08 1.0959e+07
0.15 4.0948e+08 1.0899e+07
0.151 3.9504e+08 1.0839e+07
0.152 3.8101e+08 1.0781e+07
0.153 3.7588e+08 1.0724e+07
0.154 3.6543e+08 1.0667e+07
0.155 3.3934e+08 1.0612e+07
0.156 3.4681e+08 1.0557e+07
0.157 3.4484e+08 1.0503e+07
0.158 3.2824e+08 1.045e+07
0.159 3.3615e+08 1.0398e+07
0.16 3.2459e+08 1.0347e+07
0.161 3.2314e+08 1.0296e+07
0.162 3.1146e+08 1.0246e+07
0.163 3.1655e+08 1.0197e+07
0.164 2.956e+08 1.0149e+07
0.165 2.8703e+08 1.0101e+07
0.166 2.7976e+08 1.0054e+07
0.167 2.8195e+08 1.0008e+07
0.168 2.8501e+08 9.9624e+06
0.169 2.6727e+08 9.9174e+06
0.17 2.6226e+08 9.873e+06
0.171 2.4135e+08 9.8292e+06
0.172 2.3512e+08 9.786e+06
0.173 2.4571e+08 9.7434e+06
0.174 2.4469e+08 9.7013e+06
0.175 2.3514e+08 9.6598e+06
0.176 2.3064e+08 9.6188e+06
0.177 2.4158e+08 9.5784e+06
0.178 2.1839e+08 9.5385e+06
0.179 2.209e+08 9.499e+06
0.18 2.3211e+08 9.4601e+06
0.181 2.2216e+08 9.4217e+06
0.182 2.0397e+08 9.3837e+06
0.183 2.1239e+08 9.3462e+06
0.184 2.074e+08 9.3091e+06
0.185 1.8661e+08 9.2725e+06
0.186 1.7475e+08 9.2364e+06
0.187 1.9133e+08 9.2007e+06
0.188 1.7783e+08 9.1654e+06
0.189 1.7409e+08 9.1305e+06
0.19 1.6653e+08 9.096e+06
0.191 1.6676e+08 9.0619e+06
0.192 1.756e+08 9.0283e+06
0.193 1.5168e+08 8.995e+06
0.194 1.4585e+08 8.9621e+06
0.195 1.6833e+08 8.9296e+06
0.196 1.4749e+08 8.8975e+06
0.197 1.6284e+08 8.8658e+06
0.198 1.4363e+08 8.8344e+06
0.199 1.4371e+08 8.8033e+06
0.2 1.3894e+08 8.7727e+06
0.201 1.2675e+08 8.7423e+06
0.202 1.3739e+08 8.7124e+06
0.203 1.3362e+08 8.6827e+06
0.204 1.2461e+08 8.6535e+06
0.205 1.2166e+08 8.6245e+06
0.206 1.0962e+08 8.5959e+06
0.207 1.1242e+08 8.5676e+06
0.208 1.1148e+08 8.5396e+06
0.209 1.1612e+08 8.5119e+06
0.21 1.1218e+08 8.4846e+06
0.211 1.0342e+08 8.4575e+06
0.212 1.0408e+08 8.4308e+06
0.213 9.6149e+07 8.4044e+06
0.214 1.0131e+08 8.3783e+06
0.215 8.8847e+07 8.3524e+06
0.216 1.0218e+08 8.3269e+06
0.217 8.8614e+07 8.3016e+06
0.218 8.1765e+07 8.2767e+06
0.219 8.8265e+07 8.252e+06
0.22 7.3449e+07 8.2276e+06
0.221 6.3594e+07 8.2035e+06
0.222 9.5692e+07 8.1796e+06
0.223 7.5199e+07 8.1561e+06
0.224 8.1167e+07 8.1328e+06
0.225 6.5724e+07 8.1097e+06
0.226 6.5102e+07 8.0869e+06
0.227 6.7526e+07 8.0644e+06
0.228 6.2721e+07 8.0421e+06
0.229 7.2661e+07 8.0201e+06
0.23 5.22e+07 7.9983e+06
0.231 6.3175e+07 7.9768e+06
0.232 4.375e+07 7.9555e+06
0.233 5.0317e+07 7.9344e+06
0.234 5.1062e+07 7.9136e+06
0.235 4.4026e+07 7.893e+06
0.236 5.3547e+07 7.8727e+06
0.237 4.5014e+07 7.8525e+06
0.238 6.1827e+07 7.8326e+06
0.239 4.3865e+07 7.8129e+06
0.24 5.1978e+07 7.7934e+06
0.241 3.9222e+07 7.7742e+06
0.242 3.2153e+07 7.7551e+06
0.243 4.9223e+07 7.7362e+06
0.244 4.2703e+07 7.7176e+06
0.245 4.5844e+07 7.6991e+06
0.246 4.5354e+07 7.6809e+06
0.247 3.5734e+07 7.6628e+06
0.248 3.7547e+07 7.6449e+06
0.249 3.0549e+07 7.6272e+06
0.25 4.5429e+07 7.6097e+06
0.251 2.29e+07 7.5924e+06
0.252 4.5776e+07 7.5753e+06
0.253 3.5963e+07 7.5583e+06
0.254 3.7122e+07 7.5415e+06
0.255 2.4314e+07 7.5249e+06
0.256 4.233e+07 7.5084e+06
0.257 3.6729e+07 7.4921e+06
0.258 2.4157e+07 7.476e+06
0.259 3.2661e+07 7.46e+06
0.26 1.7827e+07 7.4442e+06
0.261 3.1389e+07 7.4285e+06
0.262 4.4872e+07 7.413e+06
0.263 3.4716e+07 7.3976e+06
0.264 2.6341e+07 7.3824e+06
0.265 2.6015e+07 7.3673e+06
0.266 3.2035e+07 7.3523e+06
0.267 1.2835e+07 7.3375e+06
0.268 1.6412e+07 7.3229e+06
0.269 2.2457e+07 7.3083e+06
0.27 2.6076e+07 7.2939e+06
0.271 3.3172e+07 7.2796e+06
0.272 2.4646e+07 7.2654e+06
0.273 3.0492e+07 7.2514e+06
0.274 1.6381e+07 7.2374e+06
0.275 2.1795e+07 7.2236e+06
0.276 3.0526e+07 7.2099e+06
0.277 1.5606e+07 7.1963e+06
0.278 2.5331e+07 7.1829e+06
0.279 7.2192e+06 7.1695e+06
0.28 2.5756e+07 7.1562e+06
0.281 1.7749e+07 7.1431e+06
0.282 2.1457e+07 7.13e+06
0.283 2.7067e+07 7.1171e+06
0.284 1.8029e+07 7.1042e+06
0.285 1.8555e+07 7.0914e+06
0.286 2.7655e+07 7.0788e+06
0.287 1.9555e+07 7.0662e+06
0.288 2.7383e+07 7.0537e+06
0.289 1.9548e+07 7.0413e+06
0.29 1.8033e+07 7.029e+06
0.291 1.7339e+07 7.0168e+06
0.292 1.0181e+07 7.0047e+06
0.293 2.6549e+07 6.9926e+06
0.294 2.0582e+07 6.9806e+06
0.295 2.0551e+07 6.9687e+06
0.296 2.1958e+07 6.9569e+06
0.297 4.0003e+07 6.9452e+06
0.298 2.1246e+07 6.9335e+06
0.299 1.9465e+07 6.9219e+06
0.3 2.0516e+07 6.9104e+06
0.301 2.3122e+07 6.899e+06
0.302 1.8777e+07 6.8876e+06
0.303 1.9144e+07 6.8763e+06
0.304 2.6582e+07 6.865e+06
0.305 1.4892e+07 6.8538e+06
0.306 2.5586e+07 6.8427e+06
0.307 1.2575e+07 6.8317e+06
0.308 1.3635e+07 6.8207e+06
0.309 9.9416e+06 6.8098e+06
0.31 2.2169e+07 6.7989e+06
0.311 3.1757e+07 6.7881e+06
0.312 2.2534e+07 6.7773e+06
0.313 1.7821e+07 6.7666e+06
0.314 2.8407e+07 6.756e+06
0.315 2.8234e+07 6.7454e+06
0.316 2.1497e+07 6.7349e+06
0.317 2.3973e+07 6.7244e+06
0.318 1.9054e+07 6.714e+06
0.319 3.0114e+07 6.7036e+06
0.32 2.1019e+07 6.6933e+06
0.321 2.6088e+07 6.683e+06
0.322 1.0131e+07 6.6728e+06
0.323 1.4064e+07 6.6626e+06
0.324 1.0776e+07 6.6525e+06
0.325 2.2991e+07 6.6424e+06
0.326 1.4829e+07 6.6324e+06
0.327 2.6871e+07 6.6224e+06
0.328 2.5455e+07 6.6124e+06
0.329 2.0917e+07 6.6025e+06
0.33 3.4201e+07 6.5927e+06
0.331 3.065e+07 6.5829e+06
0.332 2.3633e+07 6.5731e+06
0.333 2.8013e+07 6.5634e+06
0.334 2.8902e+07 6.5537e+06
0.335 2.1292e+07 6.544e+06
0.336 2.2463e+07 6.5344e+06
0.337 1.8933e+07 6.5249e+06
0.338 1.8702e+07 6.5153e+06
0.339 2.7116e+07 6.5058e+06
0.34 6.7787e+06 6.4964e+06
0.341 2.2061e+07 6.487e+06
0.342 4.6587e+06 6.4776e+06
0.343 1.9026e+07 6.4683e+06
0.344 2.8486e+07 6.459e+06
0.345 2.0936e+07 6.4497e+06
0.346 1.5175e+07 6.4405e+06
0.347 2.1233e+07 6.4313e+06
0.348 1.4976e+07 6.4221e+06
0.349 8.1033e+06 6.413e+06
0.35 1.82e+07 6.4039e+06
0.351 1.6616e+07 6.3949e+06
0.352 1.1479e+07 6.3859e+06
0.353 1.0306e+07 6.3769e+06
0.354 2.964e+07 6.3679e+06
0.355 2.7696e+07 6.359e+06
0.356 2.2037e+07 6.3501e+06
0.357 2.22e+07 6.3413e+06
0.358 2.4238e+07 6.3325e+06
0.359 1.9493e+07 6.3237e+06
0.36 2.5822e+07 6.3149e+06
0.361 2.7452e+07 6.3062e+06
0.362 2.491e+07 6.2975e+06
0.363 2.0255e+07 6.2889e+06
0.364 2.7982e+07 6.2802e+06
0.365 3.0607e+07 6.2717e+06
0.366 2.64e+07 6.2631e+06
0.367 1.8928e+07 6.2546e+06
0.368 2.6806e+07 6.2461e+06
0.369 1.9209e+07 6.2376e+06
0.37 1.996e+07 6.2292e+06
0.371 2.4817e+07 6.2208e+06
0.372 2.0497e+07 6.2124e+06
0.373 2.6911e+07 6.2041e+06
0.374 1.6261e+07 6.1958e+06
0.375 2.8345e+07 6.1875e+06
0.376 1.8709e+07 6.1792e+06
0.377 2.2606e+07 6.171e+06
0.378 2.419e+07 6.1628e+06
0.379 2.1709e+07 6.1546e+06
0.38 3.1617e+07 6.1465e+06
0.381 2.5385e+07 6.1384e+06
0.382 1.4583e+07 6.1303e+06
0.383 2.5658e+07 6.1223e+06
0.384 1.1747e+07 6.1143e+06
0.385 3.1151e+07 6.1063e+06
0.386 1.7916e+07 6.0983e+06
0.387 2.9947e+07 6.0904e+06
0.388 1.0777e+07 6.0825e+06
0.389 2.0015e+07 6.0747e+06
0.39 2.226e+07 6.0668e+06
0.391 2.7413e+07 6.059e+06
0.392 1.9432e+07 6.0512e+06
0.393 8.766e+06 6.0435e+06
0.394 1.8923e+07 6.0357e+06
0.395 2.3355e+07 6.028e+06
0.396 1.9713e+07 6.0204e+06
0.397 2.3767e+07 6.0127e+06
0.398 2.1138e+07 6.0051e+06
0.399 2.4458e+07 5.9975e+06
0.4 2.4888e+07 5.99e+06
0.401 2.7694e+07 5.9824e+06
0.402 2.1764e+07 5.9749e+06
0.403 8.6863e+06 5.9674e+06
0.404 1.9828e+07 5.96e+06
0.405 2.4849e+07 5.9526e+06
0.406 2.4209e+07 5.9452e+06
0.407 2.4972e+07 5.9378e+06
0.408 1.4647e+07 5.9304e+06
0.409 2.5266e+07 5.9231e+06
0.41 2.7323e+07 5.9158e+06
0.411 3.4657e+07 5.9086e+06
0.412 2.1416e+07 5.9013e+06
0.413 1.8626e+07 5.8941e+06
0.414 1.9276e+07 5.8869e+06
0.415 2.2594e+07 5.8797e+06
0.416 3.1879e+07 5.8726e+06
0.417 2.436e+07 5.8655e+06
0.418 2.1898e+07 5.8584e+06
0.419 1.4512e+07 5.8513e+06
0.42 1.3909e+07 5.8443e+06
0.421 2.2303e+07 5.8373e+06
0.422 2.293e+07 5.8303e+06
0.423 2.1687e+07 5.8233e+06
0.424 2.0145e+07 5.8164e+06
0.425 2.0703e+07 5.8095e+06
0.426 2.4683e+07 5.8026e+06
0.427 2.2416e+07 5.7957e+06
0.428 1.7075e+07 5.7888e+06
0.429 1.799e+07 5.782e+06
0.43 2.35e+07 5.7752e+06
0.431 2.9752e+07 5.7684e+06
0.432 1.6645e+07 5.7617e+06
0.433 2.2802e+07 5.755e+06
0.434 2.0778e+07 5.7482e+06
0.435 2.3155e+07 5.7416e+06
0.436 2.3065e+07 5.7349e+06
0.437 1.5859e+07 5.7283e+06
0.438 2.0203e+07 5.7216e+06
0.439 2.2385e+07 5.7151e+06
0.44 2.9683e+07 5.7085e+06
0.441 1.2406e+07 5.7019e+06
0.442 2.1127e+07 5.6954e+06
0.443 2.6405e+07 5.6889e+06
0.444 2.2087e+07 5.6824e+06
0.445 2.9079e+07 5.676e+06
0.446 2.2475e+07 5.6695e+06
0.447 2.0104e+07 5.6631e+06
0.448 2.9573e+07 5.6567e+06
0.449 2.4404e+07 5.6503e+06
0.45 8.5808e+06 5.644e+06
0.451 1.7772e+07 5.6377e+06
0.452 2.3982e+07 5.6313e+06
0.453 1.9032e+07 5.6251e+06
0.454 2.4177e+07 5.6188e+06
0.455 1.355e+07 5.6125e+06
0.456 1.8098e+07 5.6063e+06
0.457 2.4065e+07 5.6001e+06
0.458 2.948e+07 5.5939e+06
0.459 8.8022e+06 5.5878e+06
0.46 1.6666e+07 5.5816e+06
0.461 1.8663e+07 5.5755e+06
0.462 2.2862e+07 5.5694e+06
0.463 2.0708e+07 5.5633e+06
0.464 1.5552e+07 5.5572e+06
0.465 1.017e+07 5.5512e+06
0.466 2.027e+07 5.5452e+06
0.467 2.2962e+07 5.5392e+06
0.468 1.9617e+07 5.5332e+06
0.469 1.4855e+07 5.5272e+06
0.47 1.6424e+07 5.5213e+06
0.471 1.7541e+07 5.5154e+06
0.472 2.5192e+07 5.5095e+06
0.473 2.014e+07 5.5036e+06
0.474 1.9194e+07 5.4977e+06
0.475 1.6114e+07 5.4919e+06
0.476 1.6262e+07 5.4861e+06
0.477 1.6813e+07 5.4803e+06
0.478 1.3194e+07 5.4745e+06
0.479 1.9242e+07 5.4687e+06
0.48 2.3856e+07 5.463e+06
0.481 3.079e+07 5.4572e+06
0.482 1.4088e+07 5.4515e+06
0.483 1.6728e+07 5.4458e+06
0.484 1.6129e+07 5.4402e+06
0.485 3.1478e+07 5.4345e+06
0.486 1.7796e+07 5.4289e+06
0.487 7.1705e+06 5.4233e+06
0.488 1.8107e+07 5.4177e+06
0.489 2.6881e+07 5.4121e+06
0.49 1.8853e+07 5.4065e+06
0.491 7.3405e+06 5.401e+06
0.492 2.0657e+07 5.3955e+06
0.493 1.6264e+07 5.39e+06
0.494 3.2388e+07 5.3845e+06
0.495 1.8139e+07 5.379e+06
0.496 2.7698e+07 5.3735e+06
0.497 1.8436e+07 5.3681e+06
0.498 1.2423e+07 5.3627e+06
0.499 1.9039e+07 5.3573e+06
0.5 1.3292e+07 5.3519e+06
