0.001 3.1651e+09 1.7633e+08
0.002 3.1986e+09 1.2467e+08
0.003 3.1906e+09 1.0177e+08
0.004 3.1552e+09 8.8109e+07
0.005 3.062e+09 7.8778e+07
0.006 2.9929e+09 7.1881e+07
0.007 3.2013e+09 6.6513e+07
0.008 3.143e+09 6.2179e+07
0.009 3.047e+09 5.8582e+07
0.01 3.1401e+09 5.5532e+07
0.011 3.0352e+09 5.2901e+07
0.012 3.0468e+09 5.0601e+07
0.013 3.1788e+09 4.8566e+07
0.014 2.9949e+09 4.6747e+07
0.015 3.0134e+09 4.5108e+07
0.016 3.0992e+09 4.362e+07
0.017 2.9874e+09 4.2261e+07
0.018 3.0112e+09 4.1011e+07
0.019 3.0722e+09 3.9857e+07
0.02 2.9481e+09 3.8786e+07
0.021 2.9186e+09 3.7788e+07
0.022 2.9751e+09 3.6855e+07
0.023 2.914e+09 3.5979e+07
0.024 2.922e+09 3.5155e+07
0.025 2.8916e+09 3.4376e+07
0.026 2.8734e+09 3.364e+07
0.027 2.8821e+09 3.2941e+07
0.028 2.8874e+09 3.2276e+07
0.029 2.8483e+09 3.1643e+07
0.03 2.8009e+09 3.1038e+07
0.031 2.809e+09 3.0459e+07
0.032 2.736e+09 2.9905e+07
0.033 2.7286e+09 2.9373e+07
0.034 2.7211e+09 2.8862e+07
0.035 2.6917e+09 2.837e+07
0.036 2.6433e+09 2.7896e+07
0.037 2.6581e+09 2.7438e+07
0.038 2.6457e+09 2.6996e+07
0.039 2.5431e+09 2.6569e+07
0.04 2.6179e+09 2.6155e+07
0.041 2.5676e+09 2.5755e+07
0.042 2.5487e+09 2.5366e+07
0.043 2.5156e+09 2.4989e+07
0.044 2.4486e+09 2.4622e+07
0.045 2.473e+09 2.4266e+07
0.046 2.4458e+09 2.392e+07
0.047 2.4034e+09 2.3582e+07
0.048 2.3814e+09 2.3254e+07
0.049 2.379e+09 2.2933e+07
0.05 2.3302e+09 2.2621e+07
0.051 2.2879e+09 2.2316e+07
0.052 2.2831e+09 2.2018e+07
0.053 2.2625e+09 2.1728e+07
0.054 2.2737e+09 2.1444e+07
0.055 2.1743e+09 2.1166e+07
0.056 2.1625e+09 2.0895e+07
0.057 2.1125e+09 2.0629e+07
0.058 2.116e+09 2.0369e+07
0.059 2.089e+09 2.0114e+07
0.06 2.0249e+09 1.9865e+07
0.061 2.0555e+09 1.9621e+07
0.062 2.0367e+09 1.9382e+07
0.063 1.9904e+09 1.9147e+07
0.064 1.9484e+09 1.8917e+07
0.065 1.9175e+09 1.8692e+07
0.066 1.8944e+09 1.847e+07
0.067 1.8304e+09 1.8253e+07
0.068 1.8241e+09 1.8041e+07
0.069 1.7852e+09 1.7832e+07
0.07 1.7593e+09 1.7627e+07
0.071 1.74e+09 1.7425e+07
0.072 1.6911e+09 1.7228e+07
0.073 1.6846e+09 1.7034e+07
0.074 1.6736e+09 1.6843e+07
0.075 1.6249e+09 1.6656e+07
0.076 1.6119e+09 1.6472e+07
0.077 1.5641e+09 1.6292e+07
0.078 1.5534e+09 1.6115e+07
0.079 1.5352e+09 1.594e+07
0.08 1.537e+09 1.5769e+07
0.081 1.4666e+09 1.5601e+07
0.082 1.4397e+09 1.5436e+07
0.083 1.452e+09 1.5274e+07
0.084 1.4255e+09 1.5114e+07
0.085 1.3877e+09 1.4958e+07
0.086 1.3397e+09 1.4804e+07
0.087 1.3512e+09 1.4652e+07
0.088 1.2873e+09 1.4504e+07
0.089 1.2607e+09 1.4357e+07
0.09 1.278e+09 1.4214e+07
0.091 1.2384e+09 1.4073e+07
0.092 1.2248e+09 1.3934e+07
0.093 1.1741e+09 1.3798e+07
0.094 1.1964e+09 1.3664e+07
0.095 1.1844e+09 1.3532e+07
0.096 1.1095e+09 1.3403e+07
0.097 1.1021e+09 1.3276e+07
0.098 1.0947e+09 1.3151e+07
0.099 1.0413e+09 1.3029e+07
0.1 1.0427e+09 1.2908e+07
0.101 1.039e+09 1.279e+07
0.102 9.9586e+08 1.2673e+07
0.103 9.5625e+08 1.2559e+07
0.104 9.7041e+08 1.2447e+07
0.105 9.3743e+08 1.2336e+07
0.106 9.213e+08 1.2228e+07
0.107 9.2005e+08 1.2122e+07
0.108 9.3536e+08 1.2017e+07
0.109 8.6388e+08 1.1914e+07
0.11 8.6325e+08 1.1813e+07
0.111 8.2678e+08 1.1714e+07
0.112 8.2016e+08 1.1617e+07
0.113 8.1115e+08 1.1521e+07
0.114 7.8043e+08 1.1427e+07
0.115 7.7142e+08 1.1335e+07
0.116 7.7337e+08 1.1244e+07
0.117 7.3647e+08 1.1155e+07
0.118 7.1649e+08 1.1068e+07
0.119 6.943e+08 1.0982e+07
0.12 6.9759e+08 1.0898e+07
0.121 6.7898e+08 1.0815e+07
0.122 6.6981e+08 1.0733e+07
0.123 6.5839e+08 1.0653e+07
0.124 6.2608e+08 1.0575e+07
0.125 6.107e+08 1.0498e+07
0.126 6.0378e+08 1.0422e+07
0.127 6.0334e+08 1.0348e+07
0.128 5.8424e+08 1.0274e+07
0.129 5.5583e+08 1.0202e+07
0.13 5.657e+08 1.0132e+07
0.131 5.4842e+08 1.0062e+07
0.132 5.5962e+08 9.9943e+06
0.133 5.1887e+08 9.9274e+06
0.134 5.1393e+08 9.8615e+06
0.135 5.0575e+08 9.7968e+06
0.136 4.9556e+08 9.7333e+06
0.137 4.9069e+08 9.6708e+06
0.138 4.9071e+08 9.6094e+06
0.139 4.748e+08 9.549e+06
0.14 4.5685e+08 9.4896e+06
0.141 4.4235e+08 9.4313e+06
0.142 4.3183e+08 9.3739e+06
0.143 4.0322e+08 9.3175e+06
0.144 4.0665e+08 9.262e+06
0.145 4.0507e+08 9.2075e+06
0.146 3.872e+08 9.1538e+06
0.147 4.0586e+08 9.101e+06
0.148 3.7792e+08 9.049e+06
0.149 3.9741e+08 8.9979e+06
0.15 3.5664e+08 8.9477e+06
0.151 3.7671e+08 8.8982e+06
0.152 3.4802e+08 8.8495e+06
0.153 3.3325e+08 8.8015e+06
0.154 3.3633e+08 8.7543e+06
0.155 3.2522e+08 8.7079e+06
0.156 3.3847e+08 8.6621e+06
0.157 3.1579e+08 8.6171e+06
0.158 3.028e+08 8.5727e+06
0.159 3.0277e+08 8.529e+06
0.16 2.9175e+08 8.486e+06
0.161 2.8193e+08 8.4436e+06
0.162 2.7737e+08 8.4018e+06
0.163 2.6639e+08 8.3606e+06
0.164 2.8306e+08 8.3201e+06
0.165 2.8249e+08 8.2801e+06
0.166 2.7473e+08 8.2406e+06
0.167 2.5234e+08 8.2018e+06
0.168 2.3489e+08 8.1635e+06
0.169 2.4463e+08 8.1257e+06
0.17 2.4077e+08 8.0885e+06
0.171 2.3561e+08 8.0517e+06
0.172 2.3766e+08 8.0155e+06
0.173 2.1891e+08 7.9798e+06
0.174 2.1666e+08 7.9445e+06
0.175 2.2454e+08 7.9097e+06
0.176 2.2859e+08 7.8754e+06
0.177 1.938e+08 7.8416e+06
0.178 2.0795e+08 7.8082e+06
0.179 1.9541e+08 7.7752e+06
0.18 1.9308e+08 7.7426e+06
0.181 1.9042e+08 7.7105e+06
0.182 1.7692e+08 7.6788e+06
0.183 1.7862e+08 7.6475e+06
0.184 1.7476e+08 7.6166e+06
0.185 1.8814e+08 7.5861e+06
0.186 1.7434e+08 7.556e+06
0.187 1.6479e+08 7.5262e+06
0.188 1.7473e+08 7.4969e+06
0.189 1.4757e+08 7.4679e+06
0.19 1.615e+08 7.4392e+06
0.191 1.6287e+08 7.411e+06
0.192 1.4309e+08 7.383e+06
0.193 1.4018e+08 7.3554e+06
0.194 1.4393e+08 7.3282e+06
0.195 1.3274e+08 7.3013e+06
0.196 1.401e+08 7.2747e+06
0.197 1.2652e+08 7.2484e+06
0.198 1.2242e+08 7.2225e+06
0.199 1.2754e+08 7.1968e+06
0.2 1.1555e+08 7.1715e+06
0.201 1.1234e+08 7.1465e+06
0.202 1.1045e+08 7.1218e+06
0.203 1.1744e+08 7.0974e+06
0.204 1.0651e+08 7.0732e+06
0.205 9.7404e+07 7.0494e+06
0.206 9.6034e+07 7.0259e+06
0.207 8.5262e+07 7.0026e+06
0.208 1.0106e+08 6.9796e+06
0.209 9.828e+07 6.9569e+06
0.21 8.915e+07 6.9344e+06
0.211 9.3996e+07 6.9123e+06
0.212 9.729e+07 6.8903e+06
0.213 9.711e+07 6.8687e+06
0.214 7.7939e+07 6.8473e+06
0.215 8.4553e+07 6.8261e+06
0.216 8.3474e+07 6.8052e+06
0.217 8.313e+07 6.7846e+06
0.218 7.6575e+07 6.7642e+06
0.219 7.4831e+07 6.744e+06
0.22 7.1103e+07 6.7241e+06
0.221 7.9633e+07 6.7044e+06
0.222 6.1488e+07 6.6849e+06
0.223 6.3618e+07 6.6657e+06
0.224 6.1823e+07 6.6466e+06
0.225 5.7757e+07 6.6278e+06
0.226 5.9391e+07 6.6093e+06
0.227 5.7726e+07 6.5909e+06
0.228 6.6386e+07 6.5727e+06
0.229 4.8882e+07 6.5548e+06
0.23 5.4955e+07 6.5371e+06
0.231 5.6019e+07 6.5195e+06
0.232 4.3195e+07 6.5022e+06
0.233 5.4799e+07 6.485e+06
0.234 4.2417e+07 6.4681e+06
0.235 4.7119e+07 6.4513e+06
0.236 4.9228e+07 6.4348e+06
0.237 4.3884e+07 6.4184e+06
0.238 5.1808e+07 6.4022e+06
0.239 3.8806e+07 6.3862e+06
0.24 3.3903e+07 6.3703e+06
0.241 4.2399e+07 6.3547e+06
0.242 4.4074e+07 6.3392e+06
0.243 3.6272e+07 6.3238e+06
0.244 4.1111e+07 6.3087e+06
0.245 4.4901e+07 6.2937e+06
0.246 2.6087e+07 6.2788e+06
0.247 2.3659e+07 6.2641e+06
0.248 2.5524e+07 6.2496e+06
0.249 3.4184e+07 6.2352e+06
0.25 3.0941e+07 6.221e+06
0.251 3.0199e+07 6.2069e+06
0.252 2.6963e+07 6.193e+06
0.253 2.8771e+07 6.1792e+06
0.254 3.4465e+07 6.1655e+06
0.255 2.8942e+07 6.152e+06
0.256 2.9333e+07 6.1386e+06
0.257 3.0187e+07 6.1254e+06
0.258 2.3196e+07 6.1123e+06
0.259 2.2504e+07 6.0993e+06
0.26 2.3574e+07 6.0864e+06
0.261 2.7748e+07 6.0736e+06
0.262 1.8216e+07 6.061e+06
0.263 2.1076e+07 6.0485e+06
0.264 2.4403e+07 6.0361e+06
0.265 2.4705e+07 6.0238e+06
0.266 2.0425e+07 6.0116e+06
0.267 2.1587e+07 5.9996e+06
0.268 2.1614e+07 5.9876e+06
0.269 1.9353e+07 5.9757e+06
0.27 2.7755e+07 5.964e+06
0.271 2.1426e+07 5.9523e+06
0.272 2.8074e+07 5.9408e+06
0.273 2.5963e+07 5.9293e+06
0.274 2.5105e+07 5.9179e+06
0.275 2.85e+07 5.9067e+06
0.276 3.1637e+07 5.8955e+06
0.277 9.6934e+06 5.8844e+06
0.278 2.7848e+07 5.8734e+06
0.279 2.0054e+07 5.8625e+06
0.28 9.9394e+06 5.8516e+06
0.281 1.3859e+07 5.8409e+06
0.282 1.9203e+07 5.8302e+06
0.283 1.4977e+07 5.8196e+06
0.284 4.7616e+06 5.8091e+06
0.285 1.6705e+07 5.7987e+06
0.286 1.806e+07 5.7883e+06
0.287 1.7907e+07 5.778e+06
0.288 1.6476e+07 5.7678e+06
0.289 1.9596e+07 5.7576e+06
0.29 1.7593e+07 5.7475e+06
0.291 1.5216e+07 5.7375e+06
0.292 2.33e+07 5.7276e+06
0.293 1.9879e+07 5.7177e+06
0.294 1.6741e+07 5.7078e+06
0.295 1.2333e+07 5.6981e+06
0.296 2.7724e+07 5.6884e+06
0.297 1.7457e+07 5.6787e+06
0.298 1.7075e+07 5.6692e+06
0.299 1.5502e+07 5.6596e+06
0.3 1.6623e+07 5.6502e+06
0.301 1.8499e+07 5.6408e+06
0.302 1.2651e+07 5.6314e+06
0.303 1.6792e+07 5.6221e+06
0.304 1.6019e+07 5.6129e+06
0.305 1.8864e+07 5.6037e+06
0.306 1.4385e+07 5.5945e+06
0.307 2.1322e+07 5.5854e+06
0.308 1.5862e+07 5.5764e+06
0.309 1.6635e+07 5.5674e+06
0.31 2.2784e+07 5.5585e+06
0.311 1.1862e+07 5.5496e+06
0.312 1.7265e+07 5.5407e+06
0.313 9.2159e+06 5.5319e+06
0.314 1.2353e+07 5.5231e+06
0.315 8.7408e+06 5.5144e+06
0.316 2.0895e+07 5.5057e+06
0.317 1.9769e+07 5.4971e+06
0.318 1.5465e+07 5.4885e+06
0.319 2.5392e+07 5.48e+06
0.32 1.4824e+07 5.4715e+06
0.321 2.0825e+07 5.463e+06
0.322 2.5289e+07 5.4546e+06
0.323 2.2367e+07 5.4462e+06
0.324 9.5859e+06 5.4379e+06
0.325 2.4663e+07 5.4296e+06
0.326 1.2331e+07 5.4213e+06
0.327 5.8468e+06 5.4131e+06
0.328 2.8542e+07 5.4049e+06
0.329 2.8174e+07 5.3967e+06
0.33 2.0137e+07 5.3886e+06
0.331 1.846e+07 5.3805e+06
0.332 2.4719e+07 5.3725e+06
0.333 1.2249e+07 5.3645e+06
0.334 9.9995e+06 5.3565e+06
0.335 1.9036e+07 5.3485e+06
0.336 2.289e+07 5.3406e+06
0.337 8.1623e+06 5.3328e+06
0.338 1.2885e+07 5.3249e+06
0.339 2.9968e+07 5.3171e+06
0.34 2.5817e+07 5.3093e+06
0.341 1.8892e+07 5.3016e+06
0.342 1.6748e+07 5.2939e+06
0.343 1.5063e+07 5.2862e+06
0.344 1.9306e+07 5.2786e+06
0.345 1.1174e+07 5.271e+06
0.346 2.5857e+07 5.2634e+06
0.347 1.6021e+07 5.2558e+06
0.348 1.4046e+07 5.2483e+06
0.349 1.2017e+07 5.2408e+06
0.35 9.3129e+06 5.2334e+06
0.351 1.6578e+07 5.2259e+06
0.352 2.513e+07 5.2185e+06
0.353 2.8375e+07 5.2112e+06
0.354 2.0545e+07 5.2038e+06
0.355 1.7195e+07 5.1965e+06
0.356 2.8341e+07 5.1892e+06
0.357 2.0131e+07 5.182e+06
0.358 1.9716e+07 5.1747e+06
0.359 1.013e+07 5.1675e+06
0.36 2.2675e+07 5.1604e+06
0.361 2.0052e+07 5.1532e+06
0.362 2.3331e+07 5.1461e+06
0.363 2.3729e+07 5.139e+06
0.364 2.4382e+07 5.132e+06
0.365 2.3194e+07 5.1249e+06
0.366 2.6694e+07 5.1179e+06
0.367 1.9401e+07 5.111e+06
0.368 1.708e+07 5.104e+06
0.369 2.2877e+07 5.0971e+06
0.37 2.7039e+07 5.0902e+06
0.371 2.0984e+07 5.0833e+06
0.372 1.7601e+07 5.0764e+06
0.373 2.1256e+07 5.0696e+06
0.374 2.7187e+07 5.0628e+06
0.375 1.4503e+07 5.0561e+06
0.376 1.6073e+07 5.0493e+06
0.377 1.6082e+07 5.0426e+06
0.378 2.0714e+07 5.0359e+06
0.379 2.1142e+07 5.0292e+06
0.38 1.8121e+07 5.0226e+06
0.381 2.5174e+07 5.0159e+06
0.382 1.908e+07 5.0094e+06
0.383 1.107e+07 5.0028e+06
0.384 1.9631e+07 4.9962e+06
0.385 2.1603e+07 4.9897e+06
0.386 2.5439e+07 4.9832e+06
0.387 2.7433e+07 4.9767e+06
0.388 1.6002e+07 4.9703e+06
0.389 2.3571e+07 4.9638e+06
0.39 1.7664e+07 4.9574e+06
0.391 1.5299e+07 4.951e+06
0.392 1.6266e+07 4.9447e+06
0.393 1.7679e+07 4.9383e+06
0.394 1.5935e+07 4.932e+06
0.395 1.8456e+07 4.9257e+06
0.396 2.4171e+07 4.9195e+06
0.397 1.8249e+07 4.9132e+06
0.398 1.947e+07 4.907e+06
0.399 1.8343e+07 4.9008e+06
0.4 1.3632e+07 4.8946e+06
0.401 2.3237e+07 4.8884e+06
0.402 1.5643e+07 4.8823e+06
0.403 2.222e+07 4.8762e+06
0.404 1.9209e+07 4.8701e+06
0.405 2.1773e+07 4.864e+06
0.406 2.6956e+07 4.858e+06
0.407 1.5696e+07 4.8519e+06
0.408 2.037e+07 4.8459e+06
0.409 1.9508e+07 4.8399e+06
0.41 2.3235e+07 4.834e+06
0.411 1.5162e+07 4.828e+06
0.412 1.9639e+07 4.8221e+06
0.413 1.5295e+07 4.8162e+06
0.414 1.7018e+07 4.8103e+06
0.415 1.896e+07 4.8045e+06
0.416 1.8083e+07 4.7986e+06
0.417 2.0437e+07 4.7928e+06
0.418 2.1554e+07 4.787e+06
0.419 1.6459e+07 4.7812e+06
0.42 1.7138e+07 4.7754e+06
0.421 1.6713e+07 4.7697e+06
0.422 2.2192e+07 4.764e+06
0.423 2.1906e+07 4.7583e+06
0.424 1.9911e+07 4.7526e+06
0.425 1.4244e+07 4.7469e+06
0.426 2.104e+07 4.7413e+06
0.427 1.8785e+07 4.7357e+06
0.428 2.2552e+07 4.7301e+06
0.429 2.0169e+07 4.7245e+06
0.43 2.3881e+07 4.7189e+06
0.431 1.8354e+07 4.7134e+06
0.432 2.0793e+07 4.7079e+06
0.433 1.5924e+07 4.7023e+06
0.434 1.3342e+07 4.6969e+06
0.435 1.7746e+07 4.6914e+06
0.436 2.031e+07 4.6859e+06
0.437 1.7941e+07 4.6805e+06
0.438 2.0985e+07 4.6751e+06
0.439 3.0407e+07 4.6697e+06
0.44 1.3703e+07 4.6643e+06
0.441 2.6359e+07 4.659e+06
0.442 1.6247e+07 4.6536e+06
0.443 1.912e+07 4.6483e+06
0.444 1.7265e+07 4.643e+06
0.445 1.103e+07 4.6377e+06
0.446 1.5122e+07 4.6324e+06
0.447 3.3349e+07 4.6272e+06
0.448 1.8782e+07 4.622e+06
0.449 1.6635e+07 4.6168e+06
0.45 1.3238e+07 4.6116e+06
0.451 1.2741e+07 4.6064e+06
0.452 1.1964e+07 4.6012e+06
0.453 9.2083e+06 4.5961e+06
0.454 1.9808e+07 4.591e+06
0.455 1.3236e+07 4.5859e+06
0.456 1.6654e+07 4.5808e+06
0.457 8.6496e+06 4.5757e+06
0.458 1.3361e+07 4.5707e+06
0.459 2.0217e+07 4.5656e+06
0.46 1.7979e+07 4.5606e+06
0.461 9.37e+06 4.5556e+06
0.462 2.1353e+07 4.5506e+06
0.463 1.9781e+07 4.5457e+06
0.464 1.9125e+07 4.5407e+06
0.465 1.5306e+07 4.5358e+06
0.466 1.5662e+07 4.5309e+06
0.467 2.3797e+07 4.526e+06
0.468 1.483e+07 4.5211e+06
0.469 1.1537e+07 4.5162e+06
0.47 1.5796e+07 4.5114e+06
0.471 1.877e+07 4.5066e+06
0.472 2.0153e+07 4.5017e+06
0.473 1.9004e+07 4.4969e+06
0.474 1.9459e+07 4.4922e+06
0.475 1.2987e+07 4.4874e+06
0.476 1.215e+07 4.4827e+06
0.477 1.3145e+07 4.4779e+06
0.478 2.4807e+07 4.4732e+06
0.479 2.47e+07 4.4685e+06
0.48 2.2123e+07 4.4638e+06
0.481 1.2674e+07 4.4592e+06
0.482 1.3812e+07 4.4545e+06
0.483 1.9612e+07 4.4499e+06
0.484 1.7643e+07 4.4453e+06
0.485 1.322e+07 4.4407e+06
0.486 1.5981e+07 4.4361e+06
0.487 1.1056e+07 4.4315e+06
0.488 2.2117e+07 4.427e+06
0.489 1.4308e+07 4.4224e+06
0.49 1.629e+07 4.4179e+06
0.491 1.6185e+07 4.4134e+06
0.492 1.4852e+07 4.4089e+06
0.493 1.6014e+07 4.4044e+06
0.494 1.0409e+07 4.3999e+06
0.495 2.1839e+07 4.3955e+06
0.496 2.0619e+07 4.3911e+06
0.497 1.0663e+07 4.3866e+06
0.498 9.7511e+06 4.3822e+06
0.499 1.3613e+07 4.3778e+06
0.5 1.0554e+07 4.3735e+06
