0.001 5.2968e+09 3.2218e+08
0.002 5.9921e+09 2.2778e+08
0.003 5.72e+09 1.8594e+08
0.004 5.7946e+09 1.6097e+08
0.005 5.6707e+09 1.4391e+08
0.006 5.6771e+09 1.3131e+08
0.007 5.8095e+09 1.2149e+08
0.008 5.6678e+09 1.1356e+08
0.009 5.8899e+09 1.0698e+08
0.01 5.7059e+09 1.014e+08
0.011 5.6469e+09 9.6579e+07
0.012 5.5643e+09 9.2366e+07
0.013 5.551e+09 8.8636e+07
0.014 5.6434e+09 8.5301e+07
0.015 5.7685e+09 8.2294e+07
0.016 5.639e+09 7.9563e+07
0.017 5.6998e+09 7.7066e+07
0.018 5.4574e+09 7.477e+07
0.019 5.5636e+09 7.2648e+07
0.02 5.4757e+09 7.0678e+07
0.021 5.4312e+09 6.8841e+07
0.022 5.3552e+09 6.7121e+07
0.023 5.4414e+09 6.5507e+07
0.024 5.38e+09 6.3986e+07
0.025 5.3597e+09 6.255e+07
0.026 5.3085e+09 6.1189e+07
0.027 5.2332e+09 5.9897e+07
0.028 5.1469e+09 5.8667e+07
0.029 5.1784e+09 5.7495e+07
0.03 5.1206e+09 5.6375e+07
0.031 5.1134e+09 5.5302e+07
0.032 5.0736e+09 5.4274e+07
0.033 4.9751e+09 5.3287e+07
0.034 4.9348e+09 5.2337e+07
0.035 4.9e+09 5.1423e+07
0.036 4.8985e+09 5.0541e+07
0.037 4.8772e+09 4.969e+07
0.038 4.7277e+09 4.8867e+07
0.039 4.6229e+09 4.8071e+07
0.04 4.6427e+09 4.73e+07
0.041 4.6378e+09 4.6552e+07
0.042 4.5475e+09 4.5827e+07
0.043 4.4957e+09 4.5122e+07
0.044 4.4214e+09 4.4438e+07
0.045 4.3735e+09 4.3772e+07
0.046 4.3455e+09 4.3124e+07
0.047 4.3045e+09 4.2493e+07
0.048 4.3062e+09 4.1878e+07
0.049 4.2489e+09 4.1279e+07
0.05 4.1372e+09 4.0694e+07
0.051 3.9901e+09 4.0123e+07
0.052 3.9833e+09 3.9565e+07
0.053 3.9688e+09 3.9021e+07
0.054 3.9021e+09 3.8488e+07
0.055 3.8675e+09 3.7968e+07
0.056 3.7602e+09 3.7459e+07
0.057 3.7477e+09 3.6961e+07
0.058 3.7524e+09 3.6474e+07
0.059 3.6231e+09 3.5996e+07
0.06 3.5388e+09 3.5529e+07
0.061 3.5129e+09 3.5072e+07
0.062 3.4333e+09 3.4623e+07
0.063 3.3559e+09 3.4184e+07
0.064 3.352e+09 3.3753e+07
0.065 3.3195e+09 3.3331e+07
0.066 3.2958e+09 3.2917e+07
0.067 3.2183e+09 3.2511e+07
0.068 3.1466e+09 3.2113e+07
0.069 3.1364e+09 3.1722e+07
0.07 2.9985e+09 3.1339e+07
0.071 2.9734e+09 3.0963e+07
0.072 2.9168e+09 3.0594e+07
0.073 2.9206e+09 3.0233e+07
0.074 2.784e+09 2.9878e+07
0.075 2.7868e+09 2.9529e+07
0.076 2.6838e+09 2.9187e+07
0.077 2.6758e+09 2.8851e+07
0.078 2.6497e+09 2.8522e+07
0.079 2.583e+09 2.8199e+07
0.08 2.5091e+09 2.7881e+07
0.081 2.4969e+09 2.757e+07
0.082 2.4146e+09 2.7264e+07
0.083 2.3467e+09 2.6964e+07
0.084 2.3478e+09 2.6669e+07
0.085 2.3278e+09 2.638e+07
0.086 2.2489e+09 2.6097e+07
0.087 2.2287e+09 2.5818e+07
0.088 2.1542e+09 2.5545e+07
0.089 2.1363e+09 2.5277e+07
0.09 2.0634e+09 2.5014e+07
0.091 2.0665e+09 2.4756e+07
0.092 1.9605e+09 2.4502e+07
0.093 1.9899e+09 2.4254e+07
0.094 1.8899e+09 2.401e+07
0.095 1.8882e+09 2.3771e+07
0.096 1.8541e+09 2.3536e+07
0.097 1.8109e+09 2.3306e+07
0.098 1.7434e+09 2.308e+07
0.099 1.6809e+09 2.2858e+07
0.1 1.693e+09 2.2641e+07
0.101 1.6226e+09 2.2428e+07
0.102 1.6221e+09 2.2219e+07
0.103 1.5437e+09 2.2014e+07
0.104 1.5398e+09 2.1813e+07
0.105 1.508e+09 2.1616e+07
0.106 1.4507e+09 2.1423e+07
0.107 1.396e+09 2.1233e+07
0.108 1.3629e+09 2.1047e+07
0.109 1.4263e+09 2.0865e+07
0.11 1.3531e+09 2.0687e+07
0.111 1.3187e+09 2.0512e+07
0.112 1.2634e+09 2.034e+07
0.113 1.2656e+09 2.0172e+07
0.114 1.2578e+09 2.0007e+07
0.115 1.1697e+09 1.9845e+07
0.116 1.1572e+09 1.9686e+07
0.117 1.1541e+09 1.9531e+07
0.118 1.1537e+09 1.9378e+07
0.119 1.1107e+09 1.9229e+07
0.12 1.0864e+09 1.9083e+07
0.121 1.0416e+09 1.8939e+07
0.122 1.0175e+09 1.8798e+07
0.123 1.0027e+09 1.866e+07
0.124 9.8619e+08 1.8525e+07
0.125 9.892e+08 1.8392e+07
0.126 9.6144e+08 1.8262e+07
0.127 9.4578e+08 1.8134e+07
0.128 9.1466e+08 1.8009e+07
0.129 8.6881e+08 1.7886e+07
0.13 8.4543e+08 1.7765e+07
0.131 8.3711e+08 1.7647e+07
0.132 8.3263e+08 1.7531e+07
0.133 8.2594e+08 1.7417e+07
0.134 7.9381e+08 1.7306e+07
0.135 8.0383e+08 1.7196e+07
0.136 7.816e+08 1.7088e+07
0.137 7.5599e+08 1.6983e+07
0.138 7.4536e+08 1.6879e+07
0.139 7.2329e+08 1.6777e+07
0.14 7.3297e+08 1.6677e+07
0.141 6.7214e+08 1.6579e+07
0.142 6.7115e+08 1.6482e+07
0.143 6.7305e+08 1.6387e+07
0.144 6.5608e+08 1.6294e+07
0.145 6.4653e+08 1.6202e+07
0.146 6.3652e+08 1.6112e+07
0.147 6.1461e+08 1.6024e+07
0.148 5.9926e+08 1.5937e+07
0.149 5.9632e+08 1.5851e+07
0.15 5.8828e+08 1.5767e+07
0.151 5.9098e+08 1.5684e+07
0.152 5.5457e+08 1.5602e+07
0.153 5.4205e+08 1.5522e+07
0.154 5.3097e+08 1.5442e+07
0.155 5.3992e+08 1.5365e+07
0.156 5.0513e+08 1.5288e+07
0.157 4.9427e+08 1.5212e+07
0.158 4.9708e+08 1.5138e+07
0.159 4.7355e+08 1.5065e+07
0.16 4.4346e+08 1.4992e+07
0.161 4.7758e+08 1.4921e+07
0.162 4.5495e+08 1.4851e+07
0.163 4.5168e+08 1.4782e+07
0.164 4.3534e+08 1.4713e+07
0.165 4.1477e+08 1.4646e+07
0.166 4.3568e+08 1.4579e+07
0.167 4.1609e+08 1.4514e+07
0.168 4.062e+08 1.4449e+07
0.169 3.9978e+08 1.4385e+07
0.17 4.0337e+08 1.4322e+07
0.171 3.7057e+08 1.426e+07
0.172 3.772e+08 1.4199e+07
0.173 3.6875e+08 1.4138e+07
0.174 3.486e+08 1.4078e+07
0.175 3.3906e+08 1.4019e+07
0.176 3.5114e+08 1.3961e+07
0.177 3.1412e+08 1.3903e+07
0.178 3.4274e+08 1.3846e+07
0.179 3.1672e+08 1.379e+07
0.18 3.2544e+08 1.3734e+07
0.181 2.9487e+08 1.3679e+07
0.182 3.1525e+08 1.3625e+07
0.183 3.0026e+08 1.3571e+07
0.184 2.971e+08 1.3518e+07
0.185 2.9118e+08 1.3465e+07
0.186 2.7474e+08 1.3413e+07
0.187 2.7319e+08 1.3362e+07
0.188 2.6243e+08 1.3311e+07
0.189 2.6125e+08 1.3261e+07
0.19 2.5808e+08 1.3212e+07
0.191 2.4896e+08 1.3163e+07
0.192 2.1428e+08 1.3114e+07
0.193 2.6472e+08 1.3066e+07
0.194 2.2689e+08 1.3019e+07
0.195 2.416e+08 1.2972e+07
0.196 2.2923e+08 1.2926e+07
0.197 2.0056e+08 1.288e+07
0.198 2.0673e+08 1.2835e+07
0.199 2.1234e+08 1.279e+07
0.2 1.941e+08 1.2745e+07
0.201 1.9417e+08 1.2702e+07
0.202 1.8602e+08 1.2658e+07
0.203 1.8574e+08 1.2615e+07
0.204 1.9309e+08 1.2573e+07
0.205 1.6835e+08 1.2531e+07
0.206 1.688e+08 1.249e+07
0.207 1.9575e+08 1.2449e+07
0.208 1.7354e+08 1.2408e+07
0.209 1.7022e+08 1.2368e+07
0.21 1.6053e+08 1.2328e+07
0.211 1.3849e+08 1.2289e+07
0.212 1.565e+08 1.225e+07
0.213 1.55e+08 1.2212e+07
0.214 1.4284e+08 1.2174e+07
0.215 1.4483e+08 1.2136e+07
0.216 1.3603e+08 1.2099e+07
0.217 1.4995e+08 1.2063e+07
0.218 1.0798e+08 1.2026e+07
0.219 1.2682e+08 1.199e+07
0.22 1.085e+08 1.1955e+07
0.221 1.3387e+08 1.192e+07
0.222 1.3265e+08 1.1885e+07
0.223 1.0431e+08 1.1851e+07
0.224 1.1879e+08 1.1817e+07
0.225 1.0994e+08 1.1783e+07
0.226 1.0301e+08 1.175e+07
0.227 1.0049e+08 1.1717e+07
0.228 9.7747e+07 1.1685e+07
0.229 1.0162e+08 1.1653e+07
0.23 1.0691e+08 1.1621e+07
0.231 1.0835e+08 1.1589e+07
0.232 9.7254e+07 1.1558e+07
0.233 7.772e+07 1.1528e+07
0.234 7.0849e+07 1.1497e+07
0.235 8.7163e+07 1.1467e+07
0.236 7.5554e+07 1.1438e+07
0.237 8.9569e+07 1.1408e+07
0.238 6.958e+07 1.1379e+07
0.239 5.9858e+07 1.135e+07
0.24 5.0017e+07 1.1322e+07
0.241 6.539e+07 1.1294e+07
0.242 7.5835e+07 1.1266e+07
0.243 7.5327e+07 1.1238e+07
0.244 6.9574e+07 1.1211e+07
0.245 6.9211e+07 1.1184e+07
0.246 5.9397e+07 1.1157e+07
0.247 5.1524e+07 1.1131e+07
0.248 6.8764e+07 1.1105e+07
0.249 3.4891e+07 1.1079e+07
0.25 5.2931e+07 1.1054e+07
0.251 5.148e+07 1.1028e+07
0.252 2.5772e+07 1.1003e+07
0.253 4.6511e+07 1.0978e+07
0.254 5.1114e+07 1.0954e+07
0.255 3.8518e+07 1.093e+07
0.256 5.7582e+07 1.0905e+07
0.257 4.1329e+07 1.0882e+07
0.258 3.2125e+07 1.0858e+07
0.259 2.9602e+07 1.0835e+07
0.26 3.5778e+07 1.0812e+07
0.261 6.1864e+07 1.0789e+07
0.262 5.365e+07 1.0766e+07
0.263 4.3883e+07 1.0744e+07
0.264 3.1173e+07 1.0721e+07
0.265 3.4504e+07 1.0699e+07
0.266 4.3538e+07 1.0677e+07
0.267 2.679e+07 1.0656e+07
0.268 3.6203e+07 1.0634e+07
0.269 6.3829e+07 1.0613e+07
0.27 6.7781e+07 1.0592e+07
0.271 1.8105e+07 1.0571e+07
0.272 4.2878e+07 1.0551e+07
0.273 2.2464e+07 1.053e+07
0.274 2.807e+07 1.051e+07
0.275 2.4591e+07 1.049e+07
0.276 2.1336e+07 1.047e+07
0.277 3.5794e+07 1.045e+07
0.278 -1.8295e+06 1.043e+07
0.279 3.6036e+07 1.0411e+07
0.28 3.3979e+07 1.0392e+07
0.281 9.1356e+06 1.0372e+07
0.282 5.0712e+07 1.0353e+07
0.283 3.8293e+07 1.0335e+07
0.284 3.2287e+07 1.0316e+07
0.285 1.2224e+07 1.0297e+07
0.286 3.0487e+07 1.0279e+07
0.287 2.4969e+07 1.0261e+07
0.288 1.3923e+07 1.0243e+07
0.289 1.1541e+07 1.0225e+07
0.29 3.2939e+07 1.0207e+07
0.291 4.5193e+07 1.0189e+07
0.292 2.8847e+07 1.0171e+07
0.293 2.4179e+07 1.0154e+07
0.294 3.608e+07 1.0136e+07
0.295 7.8225e+06 1.0119e+07
0.296 2.6819e+07 1.0102e+07
0.297 1.9302e+07 1.0085e+07
0.298 3.0553e+07 1.0068e+07
0.299 1.1996e+07 1.0051e+07
0.3 1.8242e+07 1.0035e+07
0.301 4.2053e+07 1.0018e+07
0.302 3.5504e+07 1.0002e+07
0.303 3.1302e+07 9.9854e+06
0.304 2.0207e+07 9.9691e+06
0.305 3.6441e+07 9.953e+06
0.306 4.5671e+07 9.9369e+06
0.307 3.2044e+07 9.921e+06
0.308 3.7907e+07 9.9051e+06
0.309 2.9955e+07 9.8893e+06
0.31 3.6332e+07 9.8736e+06
0.311 2.6741e+07 9.858e+06
0.312 4.2275e+07 9.8425e+06
0.313 2.7737e+07 9.8271e+06
0.314 2.017e+07 9.8118e+06
0.315 3.1002e+07 9.7965e+06
0.316 5.7362e+07 9.7813e+06
0.317 3.6637e+07 9.7662e+06
0.318 1.3416e+07 9.7512e+06
0.319 3.0479e+07 9.7362e+06
0.32 3.2259e+07 9.7214e+06
0.321 3.7399e+07 9.7066e+06
0.322 2.0663e+07 9.6919e+06
0.323 2.3694e+07 9.6772e+06
0.324 2.3459e+07 9.6626e+06
0.325 3.4989e+07 9.6481e+06
0.326 2.8051e+07 9.6337e+06
0.327 2.8107e+07 9.6193e+06
0.328 2.7753e+07 9.605e+06
0.329 2.6649e+07 9.5907e+06
0.33 2.9682e+07 9.5765e+06
0.331 3.6159e+07 9.5624e+06
0.332 2.4743e+07 9.5483e+06
0.333 3.3305e+07 9.5343e+06
0.334 3.581e+07 9.5204e+06
0.335 2.1489e+07 9.5065e+06
0.336 2.4495e+07 9.4927e+06
0.337 3.4659e+07 9.4789e+06
0.338 4.7087e+07 9.4652e+06
0.339 2.8126e+07 9.4516e+06
0.34 3.059e+07 9.438e+06
0.341 3.9941e+07 9.4244e+06
0.342 2.5307e+07 9.4109e+06
0.343 1.5067e+07 9.3975e+06
0.344 3.6391e+07 9.3841e+06
0.345 2.9197e+07 9.3708e+06
0.346 5.2424e+07 9.3575e+06
0.347 2.2468e+07 9.3443e+06
0.348 2.5951e+07 9.3311e+06
0.349 2.4391e+07 9.318e+06
0.35 2.4765e+07 9.3049e+06
0.351 4.6315e+07 9.2918e+06
0.352 2.9693e+07 9.2789e+06
0.353 2.715e+07 9.2659e+06
0.354 3.4082e+07 9.253e+06
0.355 2.8005e+07 9.2402e+06
0.356 5.6574e+07 9.2274e+06
0.357 1.8363e+07 9.2147e+06
0.358 3.8129e+07 9.202e+06
0.359 4.2327e+07 9.1893e+06
0.36 3.5665e+07 9.1767e+06
0.361 2.0814e+07 9.1641e+06
0.362 2.2665e+07 9.1516e+06
0.363 2.397e+07 9.1391e+06
0.364 4.7468e+07 9.1267e+06
0.365 3.6961e+07 9.1143e+06
0.366 2.4673e+07 9.102e+06
0.367 4.8665e+07 9.0897e+06
0.368 2.2173e+07 9.0774e+06
0.369 3.6786e+07 9.0652e+06
0.37 3.439e+07 9.0531e+06
0.371 1.4381e+07 9.0409e+06
0.372 4.3606e+07 9.0289e+06
0.373 2.6272e+07 9.0168e+06
0.374 2.1534e+07 9.0048e+06
0.375 4.3542e+07 8.9929e+06
0.376 5.9969e+07 8.981e+06
0.377 4.4005e+07 8.9691e+06
0.378 3.2663e+07 8.9573e+06
0.379 4.2255e+07 8.9455e+06
0.38 3.0958e+07 8.9338e+06
0.381 5.3261e+07 8.9221e+06
0.382 4.6848e+07 8.9104e+06
0.383 4.6105e+07 8.8988e+06
0.384 3.2853e+07 8.8872e+06
0.385 4.7711e+07 8.8757e+06
0.386 2.802e+07 8.8642e+06
0.387 2.6552e+07 8.8527e+06
0.388 3.8772e+07 8.8413e+06
0.389 3.9063e+07 8.8299e+06
0.39 4.033e+07 8.8186e+06
0.391 3.9316e+07 8.8073e+06
0.392 4.6044e+07 8.7961e+06
0.393 5.3246e+07 8.7849e+06
0.394 2.2026e+07 8.7737e+06
0.395 2.9906e+07 8.7626e+06
0.396 2.6105e+07 8.7515e+06
0.397 3.4299e+07 8.7404e+06
0.398 4.2553e+07 8.7294e+06
0.399 3.89e+07 8.7184e+06
0.4 4.6532e+07 8.7075e+06
0.401 4.2784e+07 8.6966e+06
0.402 3.2673e+07 8.6857e+06
0.403 3.2809e+07 8.6749e+06
0.404 4.0751e+07 8.6641e+06
0.405 5.4334e+07 8.6534e+06
0.406 3.2864e+07 8.6427e+06
0.407 2.9624e+07 8.632e+06
0.408 4.1887e+07 8.6214e+06
0.409 3.5793e+07 8.6108e+06
0.41 2.3421e+07 8.6002e+06
0.411 3.6279e+07 8.5897e+06
0.412 1.6836e+07 8.5792e+06
0.413 3.723e+07 8.5688e+06
0.414 4.0749e+07 8.5584e+06
0.415 3.5709e+07 8.548e+06
0.416 1.669e+07 8.5377e+06
0.417 3.9269e+07 8.5274e+06
0.418 1.8578e+07 8.5171e+06
0.419 2.2174e+07 8.5069e+06
0.42 3.3362e+07 8.4967e+06
0.421 4.1164e+07 8.4865e+06
0.422 3.2636e+07 8.4764e+06
0.423 4.8424e+07 8.4663e+06
0.424 2.7368e+07 8.4562e+06
0.425 4.6485e+07 8.4462e+06
0.426 2.2281e+07 8.4362e+06
0.427 3.9396e+07 8.4263e+06
0.428 2.9948e+07 8.4163e+06
0.429 5.092e+07 8.4064e+06
0.43 3.4521e+07 8.3966e+06
0.431 3.3374e+07 8.3868e+06
0.432 3.0705e+07 8.377e+06
0.433 3.7885e+07 8.3672e+06
0.434 2.571e+07 8.3575e+06
0.435 4.4936e+07 8.3478e+06
0.436 2.4503e+07 8.3381e+06
0.437 3.5764e+07 8.3285e+06
0.438 2.8414e+07 8.3189e+06
0.439 3.6089e+07 8.3093e+06
0.44 4.4367e+07 8.2998e+06
0.441 4.2287e+07 8.2903e+06
0.442 4.5372e+07 8.2808e+06
0.443 3.6895e+07 8.2714e+06
0.444 3.2342e+07 8.262e+06
0.445 4.4794e+07 8.2526e+06
0.446 4.0052e+07 8.2432e+06
0.447 2.434e+07 8.2339e+06
0.448 2.4758e+07 8.2246e+06
0.449 2.3526e+07 8.2153e+06
0.45 4.1838e+07 8.2061e+06
0.451 3.4552e+07 8.1969e+06
0.452 2.4659e+07 8.1877e+06
0.453 4.6588e+07 8.1786e+06
0.454 2.3042e+07 8.1695e+06
0.455 4.9071e+07 8.1604e+06
0.456 2.8665e+07 8.1513e+06
0.457 3.4142e+07 8.1423e+06
0.458 4.262e+07 8.1333e+06
0.459 2.6894e+07 8.1243e+06
0.46 4.8635e+07 8.1154e+06
0.461 3.2632e+07 8.1065e+06
0.462 3.2538e+07 8.0976e+06
0.463 2.9337e+07 8.0887e+06
0.464 3.5915e+07 8.0799e+06
0.465 3.17e+07 8.0711e+06
0.466 3.0646e+07 8.0623e+06
0.467 3.8958e+07 8.0535e+06
0.468 4.2402e+07 8.0448e+06
0.469 2.8368e+07 8.0361e+06
0.47 3.8922e+07 8.0275e+06
0.471 3.3508e+07 8.0188e+06
0.472 3.0553e+07 8.0102e+06
0.473 3.5872e+07 8.0016e+06
0.474 3.5791e+07 7.9931e+06
0.475 2.9931e+07 7.9845e+06
0.476 4.1257e+07 7.976e+06
0.477 3.2811e+07 7.9675e+06
0.478 3.1024e+07 7.9591e+06
0.479 3.6017e+07 7.9507e+06
0.48 3.0648e+07 7.9423e+06
0.481 3.4095e+07 7.9339e+06
0.482 3.0515e+07 7.9255e+06
0.483 3.7374e+07 7.9172e+06
0.484 2.6438e+07 7.9089e+06
0.485 4.1954e+07 7.9007e+06
0.486 3.5354e+07 7.8924e+06
0.487 3.1643e+07 7.8842e+06
0.488 3.6698e+07 7.876e+06
0.489 2.7361e+07 7.8678e+06
0.49 4.5516e+07 7.8597e+06
0.491 4.2799e+07 7.8516e+06
0.492 4.5987e+07 7.8435e+06
0.493 3.3236e+07 7.8354e+06
0.494 1.8677e+07 7.8274e+06
0.495 2.8058e+07 7.8194e+06
0.496 3.3504e+07 7.8114e+06
0.497 3.2615e+07 7.8034e+06
0.498 2.128e+07 7.7955e+06
0.499 3.3015e+07 7.7875e+06
0.5 3.7802e+07 7.7796e+06
