0.001 6.8003e+09 4.1942e+08
0.002 7.4035e+09 2.9655e+08
0.003 7.0409e+09 2.4209e+08
0.004 6.808e+09 2.0962e+08
0.005 6.8441e+09 1.8744e+08
0.006 7.1471e+09 1.7105e+08
0.007 6.876e+09 1.583e+08
0.008 7.0976e+09 1.4801e+08
0.009 7.1456e+09 1.3947e+08
0.01 6.8108e+09 1.3224e+08
0.011 6.9781e+09 1.2601e+08
0.012 6.8204e+09 1.2056e+08
0.013 6.9764e+09 1.1575e+08
0.014 7.0743e+09 1.1145e+08
0.015 6.7901e+09 1.0758e+08
0.016 6.6645e+09 1.0407e+08
0.017 6.9337e+09 1.0086e+08
0.018 6.7166e+09 9.7921e+07
0.019 6.7996e+09 9.5206e+07
0.02 6.7534e+09 9.269e+07
0.021 6.8289e+09 9.0348e+07
0.022 6.6732e+09 8.816e+07
0.023 6.7894e+09 8.611e+07
0.024 6.7686e+09 8.4182e+07
0.025 6.4927e+09 8.2365e+07
0.026 6.7009e+09 8.0647e+07
0.027 6.4805e+09 7.9019e+07
0.028 6.7065e+09 7.7472e+07
0.029 6.4968e+09 7.6001e+07
0.03 6.6282e+09 7.4598e+07
0.031 6.2764e+09 7.3258e+07
0.032 6.3774e+09 7.1975e+07
0.033 6.251e+09 7.0746e+07
0.034 6.1962e+09 6.9566e+07
0.035 6.3184e+09 6.8433e+07
0.036 6.264e+09 6.7342e+07
0.037 6.2564e+09 6.629e+07
0.038 6.2175e+09 6.5276e+07
0.039 6.147e+09 6.4296e+07
0.04 6.1697e+09 6.3349e+07
0.041 5.833e+09 6.2433e+07
0.042 5.9811e+09 6.1545e+07
0.043 5.8427e+09 6.0685e+07
0.044 5.8111e+09 5.985e+07
0.045 5.8173e+09 5.9039e+07
0.046 5.7355e+09 5.8251e+07
0.047 5.7079e+09 5.7484e+07
0.048 5.6848e+09 5.6739e+07
0.049 5.6219e+09 5.6013e+07
0.05 5.5867e+09 5.5305e+07
0.051 5.5253e+09 5.4615e+07
0.052 5.4478e+09 5.3942e+07
0.053 5.413e+09 5.3285e+07
0.054 5.3516e+09 5.2644e+07
0.055 5.3121e+09 5.2018e+07
0.056 5.2504e+09 5.1405e+07
0.057 5.197e+09 5.0806e+07
0.058 5.1155e+09 5.0221e+07
0.059 5.0725e+09 4.9648e+07
0.06 4.9804e+09 4.9086e+07
0.061 4.9716e+09 4.8537e+07
0.062 4.9076e+09 4.7999e+07
0.063 4.8541e+09 4.7471e+07
0.064 4.8183e+09 4.6954e+07
0.065 4.7318e+09 4.6447e+07
0.066 4.6479e+09 4.595e+07
0.067 4.6193e+09 4.5462e+07
0.068 4.6102e+09 4.4983e+07
0.069 4.5364e+09 4.4513e+07
0.07 4.4916e+09 4.4052e+07
0.071 4.3981e+09 4.3599e+07
0.072 4.2879e+09 4.3155e+07
0.073 4.2762e+09 4.2718e+07
0.074 4.2312e+09 4.2288e+07
0.075 4.2143e+09 4.1867e+07
0.076 4.1132e+09 4.1452e+07
0.077 4.093e+09 4.1045e+07
0.078 4.0261e+09 4.0644e+07
0.079 3.9623e+09 4.0251e+07
0.08 3.8588e+09 3.9864e+07
0.081 3.8209e+09 3.9483e+07
0.082 3.7981e+09 3.9108e+07
0.083 3.7357e+09 3.874e+07
0.084 3.7423e+09 3.8378e+07
0.085 3.6361e+09 3.8021e+07
0.086 3.5728e+09 3.7671e+07
0.087 3.5318e+09 3.7326e+07
0.088 3.579e+09 3.6986e+07
0.089 3.4228e+09 3.6652e+07
0.09 3.3675e+09 3.6324e+07
0.091 3.3289e+09 3.6e+07
0.092 3.1866e+09 3.5682e+07
0.093 3.2226e+09 3.5368e+07
0.094 3.2077e+09 3.506e+07
0.095 3.1124e+09 3.4756e+07
0.096 3.0762e+09 3.4457e+07
0.097 3.0016e+09 3.4163e+07
0.098 3.0098e+09 3.3874e+07
0.099 2.9059e+09 3.3589e+07
0.1 2.8426e+09 3.3308e+07
0.101 2.8373e+09 3.3032e+07
0.102 2.8371e+09 3.276e+07
0.103 2.7074e+09 3.2492e+07
0.104 2.7064e+09 3.2228e+07
0.105 2.6313e+09 3.1969e+07
0.106 2.5743e+09 3.1713e+07
0.107 2.5512e+09 3.1462e+07
0.108 2.4789e+09 3.1214e+07
0.109 2.426e+09 3.097e+07
0.11 2.4241e+09 3.073e+07
0.111 2.3648e+09 3.0494e+07
0.112 2.3461e+09 3.0261e+07
0.113 2.3286e+09 3.0032e+07
0.114 2.2694e+09 2.9806e+07
0.115 2.1609e+09 2.9584e+07
0.116 2.1826e+09 2.9365e+07
0.117 2.1247e+09 2.915e+07
0.118 2.0734e+09 2.8938e+07
0.119 2.0245e+09 2.8729e+07
0.12 2.0257e+09 2.8524e+07
0.121 2.0072e+09 2.8322e+07
0.122 1.9287e+09 2.8122e+07
0.123 1.9219e+09 2.7926e+07
0.124 1.8645e+09 2.7733e+07
0.125 1.804e+09 2.7543e+07
0.126 1.8172e+09 2.7356e+07
0.127 1.7608e+09 2.7171e+07
0.128 1.7166e+09 2.699e+07
0.129 1.688e+09 2.6811e+07
0.13 1.6619e+09 2.6635e+07
0.131 1.6457e+09 2.6462e+07
0.132 1.6083e+09 2.6291e+07
0.133 1.5658e+09 2.6123e+07
0.134 1.5543e+09 2.5957e+07
0.135 1.5392e+09 2.5795e+07
0.136 1.4755e+09 2.5634e+07
0.137 1.4833e+09 2.5476e+07
0.138 1.4371e+09 2.532e+07
0.139 1.398e+09 2.5167e+07
0.14 1.3682e+09 2.5016e+07
0.141 1.3454e+09 2.4867e+07
0.142 1.3557e+09 2.4721e+07
0.143 1.3557e+09 2.4576e+07
0.144 1.2819e+09 2.4434e+07
0.145 1.2527e+09 2.4294e+07
0.146 1.2496e+09 2.4156e+07
0.147 1.2117e+09 2.402e+07
0.148 1.1714e+09 2.3886e+07
0.149 1.1752e+09 2.3754e+07
0.15 1.1262e+09 2.3624e+07
0.151 1.1396e+09 2.3496e+07
0.152 1.085e+09 2.337e+07
0.153 1.0623e+09 2.3246e+07
0.154 1.0637e+09 2.3123e+07
0.155 1.0529e+09 2.3002e+07
0.156 1.0395e+09 2.2883e+07
0.157 9.7869e+08 2.2766e+07
0.158 9.2039e+08 2.265e+07
0.159 9.5468e+08 2.2536e+07
0.16 9.1913e+08 2.2423e+07
0.161 9.5344e+08 2.2312e+07
0.162 8.8193e+08 2.2203e+07
0.163 8.7426e+08 2.2095e+07
0.164 8.8769e+08 2.1988e+07
0.165 8.3126e+08 2.1884e+07
0.166 8.1181e+08 2.178e+07
0.167 8.2935e+08 2.1678e+07
0.168 7.7285e+08 2.1577e+07
0.169 7.7643e+08 2.1478e+07
0.17 7.9975e+08 2.138e+07
0.171 7.5182e+08 2.1283e+07
0.172 7.1014e+08 2.1188e+07
0.173 7.4231e+08 2.1093e+07
0.174 7.0395e+08 2.1001e+07
0.175 6.7607e+08 2.0909e+07
0.176 6.4264e+08 2.0818e+07
0.177 6.6969e+08 2.0729e+07
0.178 6.6305e+08 2.0641e+07
0.179 5.8728e+08 2.0554e+07
0.18 6.2339e+08 2.0468e+07
0.181 5.9295e+08 2.0383e+07
0.182 6.0269e+08 2.0299e+07
0.183 5.2308e+08 2.0216e+07
0.184 5.7067e+08 2.0134e+07
0.185 5.1978e+08 2.0054e+07
0.186 5.0176e+08 1.9974e+07
0.187 5.2322e+08 1.9895e+07
0.188 5.1348e+08 1.9818e+07
0.189 4.459e+08 1.9741e+07
0.19 4.999e+08 1.9665e+07
0.191 4.444e+08 1.959e+07
0.192 4.512e+08 1.9516e+07
0.193 4.4414e+08 1.9443e+07
0.194 4.1938e+08 1.937e+07
0.195 4.3168e+08 1.9299e+07
0.196 3.8699e+08 1.9228e+07
0.197 4.3187e+08 1.9159e+07
0.198 3.5439e+08 1.909e+07
0.199 3.7719e+08 1.9022e+07
0.2 3.8405e+08 1.8954e+07
0.201 3.2736e+08 1.8888e+07
0.202 3.5113e+08 1.8822e+07
0.203 3.3663e+08 1.8757e+07
0.204 3.8113e+08 1.8693e+07
0.205 3.1829e+08 1.8629e+07
0.206 3.1084e+08 1.8567e+07
0.207 3.5669e+08 1.8505e+07
0.208 2.9196e+08 1.8443e+07
0.209 2.8767e+08 1.8383e+07
0.21 2.6783e+08 1.8323e+07
0.211 2.6885e+08 1.8264e+07
0.212 2.9236e+08 1.8205e+07
0.213 2.8319e+08 1.8147e+07
0.214 2.8989e+08 1.809e+07
0.215 2.2657e+08 1.8034e+07
0.216 2.3516e+08 1.7978e+07
0.217 2.5248e+08 1.7923e+07
0.218 2.3186e+08 1.7868e+07
0.219 2.2701e+08 1.7814e+07
0.22 2.0618e+08 1.776e+07
0.221 1.7965e+08 1.7708e+07
0.222 2.0288e+08 1.7656e+07
0.223 1.9877e+08 1.7604e+07
0.224 1.9031e+08 1.7553e+07
0.225 1.6634e+08 1.7502e+07
0.226 1.9272e+08 1.7453e+07
0.227 1.6346e+08 1.7403e+07
0.228 2.0051e+08 1.7355e+07
0.229 1.5093e+08 1.7306e+07
0.23 1.7278e+08 1.7259e+07
0.231 1.3437e+08 1.7212e+07
0.232 1.2321e+08 1.7165e+07
0.233 1.5065e+08 1.7119e+07
0.234 1.3144e+08 1.7073e+07
0.235 1.4249e+08 1.7028e+07
0.236 1.4246e+08 1.6984e+07
0.237 1.6698e+08 1.694e+07
0.238 1.2732e+08 1.6896e+07
0.239 1.3303e+08 1.6853e+07
0.24 1.2603e+08 1.6811e+07
0.241 8.4306e+07 1.6769e+07
0.242 1.0129e+08 1.6727e+07
0.243 8.7528e+07 1.6686e+07
0.244 1.2754e+08 1.6645e+07
0.245 8.8666e+07 1.6605e+07
0.246 9.5751e+07 1.6565e+07
0.247 8.7821e+07 1.6526e+07
0.248 8.8115e+07 1.6487e+07
0.249 7.8991e+07 1.6448e+07
0.25 5.3071e+07 1.641e+07
0.251 6.7871e+07 1.6372e+07
0.252 9.773e+07 1.6335e+07
0.253 1.0628e+08 1.6298e+07
0.254 7.8965e+07 1.6262e+07
0.255 4.2909e+07 1.6225e+07
0.256 7.8356e+07 1.619e+07
0.257 5.0251e+07 1.6154e+07
0.258 7.0987e+07 1.6119e+07
0.259 7.7459e+07 1.6085e+07
0.26 7.8995e+07 1.6051e+07
0.261 5.9699e+07 1.6017e+07
0.262 6.9597e+07 1.5983e+07
0.263 5.2241e+07 1.595e+07
0.264 4.7944e+07 1.5917e+07
0.265 3.4144e+07 1.5885e+07
0.266 5.5904e+07 1.5853e+07
0.267 5.9614e+07 1.5821e+07
0.268 5.5162e+07 1.5789e+07
0.269 4.9115e+07 1.5758e+07
0.27 4.2794e+07 1.5727e+07
0.271 5.7409e+07 1.5697e+07
0.272 6.1361e+07 1.5666e+07
0.273 5.7234e+07 1.5636e+07
0.274 2.1971e+07 1.5607e+07
0.275 5.319e+07 1.5577e+07
0.276 3.4726e+07 1.5548e+07
0.277 4.2221e+07 1.5519e+07
0.278 4.1241e+07 1.549e+07
0.279 1.6274e+07 1.5462e+07
0.28 4.1474e+07 1.5434e+07
0.281 5.1409e+07 1.5406e+07
0.282 2.8774e+07 1.5378e+07
0.283 2.8134e+07 1.5351e+07
0.284 3.8289e+07 1.5324e+07
0.285 5.544e+07 1.5297e+07
0.286 5.3606e+07 1.527e+07
0.287 3.4325e+07 1.5244e+07
0.288 4.382e+07 1.5218e+07
0.289 2.9553e+07 1.5192e+07
0.29 3.9058e+07 1.5166e+07
0.291 5.7875e+07 1.514e+07
0.292 6.8252e+06 1.5115e+07
0.293 3.0822e+07 1.509e+07
0.294 4.0069e+07 1.5065e+07
0.295 4.9293e+07 1.504e+07
0.296 5.6509e+07 1.5015e+07
0.297 6.0461e+07 1.4991e+07
0.298 1.5334e+07 1.4966e+07
0.299 3.1068e+07 1.4942e+07
0.3 6.4975e+07 1.4918e+07
0.301 6.8903e+07 1.4895e+07
0.302 4.7187e+07 1.4871e+07
0.303 6.1523e+07 1.4848e+07
0.304 8.4879e+07 1.4824e+07
0.305 5.8083e+07 1.4801e+07
0.306 3.3568e+07 1.4778e+07
0.307 3.6394e+07 1.4755e+07
0.308 5.0879e+07 1.4733e+07
0.309 7.6707e+07 1.471e+07
0.31 7.6737e+07 1.4688e+07
0.311 4.4684e+07 1.4665e+07
0.312 5.5554e+07 1.4643e+07
0.313 5.3061e+07 1.4621e+07
0.314 5.1132e+07 1.4599e+07
0.315 4.9594e+07 1.4578e+07
0.316 6.6973e+07 1.4556e+07
0.317 5.8221e+07 1.4535e+07
0.318 9.9781e+07 1.4513e+07
0.319 5.4806e+07 1.4492e+07
0.32 4.8923e+07 1.4471e+07
0.321 8.1658e+07 1.445e+07
0.322 6.1624e+07 1.4429e+07
0.323 6.9694e+07 1.4408e+07
0.324 1.1058e+08 1.4387e+07
0.325 6.5318e+07 1.4366e+07
0.326 6.2928e+07 1.4346e+07
0.327 6.5743e+07 1.4325e+07
0.328 7.6451e+07 1.4305e+07
0.329 7.5909e+07 1.4285e+07
0.33 5.7666e+07 1.4265e+07
0.331 8.6768e+07 1.4244e+07
0.332 7.0769e+07 1.4224e+07
0.333 6.6484e+07 1.4205e+07
0.334 8.6636e+07 1.4185e+07
0.335 7.3808e+07 1.4165e+07
0.336 8.8782e+07 1.4145e+07
0.337 6.3259e+07 1.4126e+07
0.338 9.9572e+07 1.4106e+07
0.339 7.8302e+07 1.4087e+07
0.34 9.0372e+07 1.4067e+07
0.341 8.1336e+07 1.4048e+07
0.342 7.0987e+07 1.4029e+07
0.343 7.8825e+07 1.401e+07
0.344 8.1383e+07 1.3991e+07
0.345 7.7103e+07 1.3972e+07
0.346 9.7597e+07 1.3953e+07
0.347 9.6502e+07 1.3934e+07
0.348 7.7201e+07 1.3915e+07
0.349 9.5388e+07 1.3897e+07
0.35 8.1722e+07 1.3878e+07
0.351 1.0035e+08 1.3859e+07
0.352 8.1385e+07 1.3841e+07
0.353 7.0309e+07 1.3822e+07
0.354 9.3559e+07 1.3804e+07
0.355 1.0448e+08 1.3786e+07
0.356 1.1091e+08 1.3767e+07
0.357 9.8873e+07 1.3749e+07
0.358 9.5847e+07 1.3731e+07
0.359 8.8435e+07 1.3713e+07
0.36 1.2048e+08 1.3695e+07
0.361 9.6994e+07 1.3677e+07
0.362 9.4821e+07 1.3659e+07
0.363 7.6933e+07 1.3641e+07
0.364 9.8571e+07 1.3623e+07
0.365 9.2369e+07 1.3606e+07
0.366 9.0401e+07 1.3588e+07
0.367 1.2662e+08 1.357e+07
0.368 1.0987e+08 1.3553e+07
0.369 9.616e+07 1.3535e+07
0.37 1.1116e+08 1.3518e+07
0.371 1.0658e+08 1.35e+07
0.372 7.1537e+07 1.3483e+07
0.373 9.957e+07 1.3466e+07
0.374 1.0259e+08 1.3448e+07
0.375 9.7245e+07 1.3431e+07
0.376 9.7293e+07 1.3414e+07
0.377 1.3713e+08 1.3397e+07
0.378 9.0986e+07 1.338e+07
0.379 1.0224e+08 1.3363e+07
0.38 1.3044e+08 1.3346e+07
0.381 8.6174e+07 1.3329e+07
0.382 8.0687e+07 1.3312e+07
0.383 1.0465e+08 1.3295e+07
0.384 1.1107e+08 1.3278e+07
0.385 1.1674e+08 1.3261e+07
0.386 1.1885e+08 1.3244e+07
0.387 1.1103e+08 1.3228e+07
0.388 1.0874e+08 1.3211e+07
0.389 1.2113e+08 1.3195e+07
0.39 1.1122e+08 1.3178e+07
0.391 1.0409e+08 1.3161e+07
0.392 9.9154e+07 1.3145e+07
0.393 1.1381e+08 1.3129e+07
0.394 1.094e+08 1.3112e+07
0.395 1.229e+08 1.3096e+07
0.396 1.1475e+08 1.308e+07
0.397 1.1594e+08 1.3063e+07
0.398 9.3168e+07 1.3047e+07
0.399 1.0297e+08 1.3031e+07
0.4 1.1333e+08 1.3015e+07
0.401 1.201e+08 1.2999e+07
0.402 1.1029e+08 1.2983e+07
0.403 1.1171e+08 1.2967e+07
0.404 1.201e+08 1.2951e+07
0.405 8.408e+07 1.2935e+07
0.406 1.1984e+08 1.2919e+07
0.407 1.1428e+08 1.2903e+07
0.408 9.3171e+07 1.2887e+07
0.409 1.1406e+08 1.2871e+07
0.41 1.1471e+08 1.2856e+07
0.411 1.1204e+08 1.284e+07
0.412 9.9775e+07 1.2824e+07
0.413 9.7169e+07 1.2809e+07
0.414 1.3109e+08 1.2793e+07
0.415 1.0286e+08 1.2778e+07
0.416 1.1452e+08 1.2762e+07
0.417 1.2008e+08 1.2747e+07
0.418 1.0351e+08 1.2731e+07
0.419 8.9035e+07 1.2716e+07
0.42 1.4298e+08 1.2701e+07
0.421 1.0793e+08 1.2685e+07
0.422 9.3429e+07 1.267e+07
0.423 1.0162e+08 1.2655e+07
0.424 1.3098e+08 1.264e+07
0.425 1.0712e+08 1.2625e+07
0.426 1.0511e+08 1.2609e+07
0.427 1.3238e+08 1.2594e+07
0.428 1.0609e+08 1.2579e+07
0.429 1.2349e+08 1.2564e+07
0.43 1.1208e+08 1.2549e+07
0.431 1.1117e+08 1.2535e+07
0.432 1.1148e+08 1.252e+07
0.433 1.0542e+08 1.2505e+07
0.434 9.616e+07 1.249e+07
0.435 9.7826e+07 1.2475e+07
0.436 9.6659e+07 1.2461e+07
0.437 9.2395e+07 1.2446e+07
0.438 1.0179e+08 1.2431e+07
0.439 9.715e+07 1.2417e+07
0.44 8.9954e+07 1.2402e+07
0.441 8.5737e+07 1.2388e+07
0.442 1.2027e+08 1.2373e+07
0.443 1.0418e+08 1.2359e+07
0.444 1.1106e+08 1.2344e+07
0.445 9.4399e+07 1.233e+07
0.446 9.7202e+07 1.2316e+07
0.447 1.112e+08 1.2301e+07
0.448 8.0854e+07 1.2287e+07
0.449 8.7231e+07 1.2273e+07
0.45 8.9333e+07 1.2259e+07
0.451 9.4387e+07 1.2245e+07
0.452 1.0577e+08 1.2231e+07
0.453 7.977e+07 1.2216e+07
0.454 1.0905e+08 1.2203e+07
0.455 9.8231e+07 1.2189e+07
0.456 9.8711e+07 1.2175e+07
0.457 1.093e+08 1.2161e+07
0.458 7.3472e+07 1.2147e+07
0.459 1.0247e+08 1.2133e+07
0.46 9.4695e+07 1.2119e+07
0.461 6.5066e+07 1.2106e+07
0.462 1.0905e+08 1.2092e+07
0.463 9.5556e+07 1.2078e+07
0.464 8.2234e+07 1.2065e+07
0.465 8.2185e+07 1.2051e+07
0.466 1.071e+08 1.2038e+07
0.467 9.1616e+07 1.2024e+07
0.468 8.1058e+07 1.2011e+07
0.469 1.0133e+08 1.1997e+07
0.47 9.6856e+07 1.1984e+07
0.471 7.5194e+07 1.1971e+07
0.472 9.0005e+07 1.1958e+07
0.473 1.0522e+08 1.1944e+07
0.474 1.1397e+08 1.1931e+07
0.475 9.276e+07 1.1918e+07
0.476 1.0628e+08 1.1905e+07
0.477 7.8591e+07 1.1892e+07
0.478 8.1253e+07 1.1879e+07
0.479 9.5323e+07 1.1866e+07
0.48 9.1544e+07 1.1853e+07
0.481 9.4436e+07 1.184e+07
0.482 6.9185e+07 1.1827e+07
0.483 9.3223e+07 1.1815e+07
0.484 8.665e+07 1.1802e+07
0.485 8.5151e+07 1.1789e+07
0.486 1.1964e+08 1.1776e+07
0.487 8.7012e+07 1.1764e+07
0.488 8.0271e+07 1.1751e+07
0.489 9.7126e+07 1.1739e+07
0.49 9.4124e+07 1.1726e+07
0.491 8.2823e+07 1.1714e+07
0.492 1.0496e+08 1.1701e+07
0.493 7.4562e+07 1.1689e+07
0.494 7.3176e+07 1.1676e+07
0.495 7.2109e+07 1.1664e+07
0.496 9.662e+07 1.1652e+07
0.497 9.0845e+07 1.164e+07
0.498 6.4729e+07 1.1627e+07
0.499 8.1286e+07 1.1615e+07
0.5 9.0145e+07 1.1603e+07
