0.001 5.3469e+09 3.1131e+08
0.002 5.0566e+09 2.2011e+08
0.003 5.2519e+09 1.7969e+08
0.004 5.1874e+09 1.5558e+08
0.005 5.5742e+09 1.3911e+08
0.006 5.4016e+09 1.2694e+08
0.007 5.5068e+09 1.1747e+08
0.008 5.4887e+09 1.0982e+08
0.009 5.3125e+09 1.0348e+08
0.01 5.2222e+09 9.8104e+07
0.011 5.3759e+09 9.3469e+07
0.012 5.3011e+09 8.9418e+07
0.013 5.2443e+09 8.5835e+07
0.014 5.1887e+09 8.2634e+07
0.015 5.4677e+09 7.9751e+07
0.016 5.3119e+09 7.7135e+07
0.017 5.3572e+09 7.4746e+07
0.018 5.1861e+09 7.2551e+07
0.019 5.0716e+09 7.0525e+07
0.02 5.1844e+09 6.8647e+07
0.021 5.1948e+09 6.6897e+07
0.022 5.1747e+09 6.5262e+07
0.023 5.0988e+09 6.3728e+07
0.024 5.1766e+09 6.2285e+07
0.025 5.0677e+09 6.0924e+07
0.026 5.0635e+09 5.9636e+07
0.027 4.9833e+09 5.8415e+07
0.028 4.9356e+09 5.7255e+07
0.029 4.9684e+09 5.6149e+07
0.03 5.0585e+09 5.5095e+07
0.031 4.9153e+09 5.4087e+07
0.032 4.7992e+09 5.3122e+07
0.033 4.7818e+09 5.2196e+07
0.034 4.7535e+09 5.1307e+07
0.035 4.8179e+09 5.0451e+07
0.036 4.6512e+09 4.9628e+07
0.037 4.7635e+09 4.8833e+07
0.038 4.6709e+09 4.8067e+07
0.039 4.6494e+09 4.7325e+07
0.04 4.5652e+09 4.6608e+07
0.041 4.4872e+09 4.5914e+07
0.042 4.5e+09 4.5241e+07
0.043 4.456e+09 4.4588e+07
0.044 4.3813e+09 4.3954e+07
0.045 4.4488e+09 4.3337e+07
0.046 4.4213e+09 4.2738e+07
0.047 4.2586e+09 4.2155e+07
0.048 4.2742e+09 4.1587e+07
0.049 4.2555e+09 4.1034e+07
0.05 4.2431e+09 4.0494e+07
0.051 4.1978e+09 3.9968e+07
0.052 4.1017e+09 3.9454e+07
0.053 4.1313e+09 3.8952e+07
0.054 4.0218e+09 3.8461e+07
0.055 3.9329e+09 3.7982e+07
0.056 3.9007e+09 3.7513e+07
0.057 3.8789e+09 3.7055e+07
0.058 3.7577e+09 3.6606e+07
0.059 3.7614e+09 3.6166e+07
0.06 3.6815e+09 3.5736e+07
0.061 3.7254e+09 3.5314e+07
0.062 3.6652e+09 3.4901e+07
0.063 3.6348e+09 3.4495e+07
0.064 3.5209e+09 3.4098e+07
0.065 3.452e+09 3.3708e+07
0.066 3.4224e+09 3.3326e+07
0.067 3.4559e+09 3.295e+07
0.068 3.4392e+09 3.2582e+07
0.069 3.2981e+09 3.222e+07
0.07 3.2924e+09 3.1865e+07
0.071 3.2297e+09 3.1516e+07
0.072 3.1705e+09 3.1173e+07
0.073 3.1164e+09 3.0837e+07
0.074 3.0591e+09 3.0506e+07
0.075 2.9985e+09 3.0181e+07
0.076 3.0104e+09 2.9861e+07
0.077 2.8949e+09 2.9547e+07
0.078 2.9041e+09 2.9238e+07
0.079 2.8349e+09 2.8934e+07
0.08 2.822e+09 2.8636e+07
0.081 2.7188e+09 2.8342e+07
0.082 2.7652e+09 2.8054e+07
0.083 2.6627e+09 2.777e+07
0.084 2.6229e+09 2.749e+07
0.085 2.6155e+09 2.7215e+07
0.086 2.5242e+09 2.6945e+07
0.087 2.5116e+09 2.6679e+07
0.088 2.4407e+09 2.6418e+07
0.089 2.4275e+09 2.6161e+07
0.09 2.4069e+09 2.5908e+07
0.091 2.3529e+09 2.5659e+07
0.092 2.3021e+09 2.5414e+07
0.093 2.2725e+09 2.5173e+07
0.094 2.2094e+09 2.4936e+07
0.095 2.1858e+09 2.4702e+07
0.096 2.1757e+09 2.4473e+07
0.097 2.0832e+09 2.4247e+07
0.098 2.1084e+09 2.4025e+07
0.099 2.0621e+09 2.3807e+07
0.1 1.9818e+09 2.3592e+07
0.101 1.9718e+09 2.338e+07
0.102 1.9039e+09 2.3172e+07
0.103 1.9014e+09 2.2967e+07
0.104 1.8301e+09 2.2766e+07
0.105 1.8319e+09 2.2568e+07
0.106 1.8045e+09 2.2373e+07
0.107 1.7608e+09 2.2182e+07
0.108 1.7481e+09 2.1993e+07
0.109 1.6585e+09 2.1808e+07
0.11 1.6537e+09 2.1626e+07
0.111 1.588e+09 2.1446e+07
0.112 1.6101e+09 2.127e+07
0.113 1.5436e+09 2.1097e+07
0.114 1.5425e+09 2.0926e+07
0.115 1.4913e+09 2.0758e+07
0.116 1.436e+09 2.0594e+07
0.117 1.4272e+09 2.0431e+07
0.118 1.4462e+09 2.0272e+07
0.119 1.3943e+09 2.0115e+07
0.12 1.3599e+09 1.9961e+07
0.121 1.33e+09 1.9809e+07
0.122 1.2981e+09 1.966e+07
0.123 1.2668e+09 1.9514e+07
0.124 1.2537e+09 1.937e+07
0.125 1.2331e+09 1.9228e+07
0.126 1.187e+09 1.9089e+07
0.127 1.1645e+09 1.8952e+07
0.128 1.1669e+09 1.8817e+07
0.129 1.0672e+09 1.8685e+07
0.13 1.0577e+09 1.8555e+07
0.131 1.0521e+09 1.8427e+07
0.132 1.026e+09 1.8301e+07
0.133 1.0178e+09 1.8178e+07
0.134 9.9417e+08 1.8056e+07
0.135 9.8766e+08 1.7937e+07
0.136 9.8477e+08 1.7819e+07
0.137 9.2079e+08 1.7704e+07
0.138 8.9483e+08 1.759e+07
0.139 9.1643e+08 1.7479e+07
0.14 8.919e+08 1.7369e+07
0.141 8.9135e+08 1.7261e+07
0.142 8.5517e+08 1.7155e+07
0.143 8.2706e+08 1.705e+07
0.144 8.2307e+08 1.6948e+07
0.145 8.1037e+08 1.6847e+07
0.146 7.8127e+08 1.6748e+07
0.147 7.4154e+08 1.665e+07
0.148 7.2797e+08 1.6554e+07
0.149 7.251e+08 1.6459e+07
0.15 7.2026e+08 1.6366e+07
0.151 7.1714e+08 1.6275e+07
0.152 6.9431e+08 1.6185e+07
0.153 6.5723e+08 1.6097e+07
0.154 6.6704e+08 1.6009e+07
0.155 6.3172e+08 1.5924e+07
0.156 6.3268e+08 1.5839e+07
0.157 6.2579e+08 1.5756e+07
0.158 5.9076e+08 1.5675e+07
0.159 5.3946e+08 1.5594e+07
0.16 5.811e+08 1.5515e+07
0.161 5.5358e+08 1.5437e+07
0.162 5.6988e+08 1.536e+07
0.163 5.3334e+08 1.5284e+07
0.164 4.9074e+08 1.521e+07
0.165 5.2288e+08 1.5136e+07
0.166 5.1631e+08 1.5064e+07
0.167 4.7799e+08 1.4993e+07
0.168 4.7123e+08 1.4923e+07
0.169 4.8261e+08 1.4854e+07
0.17 4.6478e+08 1.4785e+07
0.171 4.4872e+08 1.4718e+07
0.172 4.0966e+08 1.4652e+07
0.173 4.4426e+08 1.4587e+07
0.174 3.9948e+08 1.4522e+07
0.175 3.926e+08 1.4459e+07
0.176 4.0387e+08 1.4396e+07
0.177 3.8776e+08 1.4334e+07
0.178 3.7184e+08 1.4273e+07
0.179 3.76e+08 1.4213e+07
0.18 3.9466e+08 1.4154e+07
0.181 3.5785e+08 1.4095e+07
0.182 3.5939e+08 1.4038e+07
0.183 3.1676e+08 1.3981e+07
0.184 3.1828e+08 1.3924e+07
0.185 3.1676e+08 1.3869e+07
0.186 3.0242e+08 1.3814e+07
0.187 3.0698e+08 1.376e+07
0.188 3.0961e+08 1.3707e+07
0.189 3.02e+08 1.3654e+07
0.19 2.833e+08 1.3602e+07
0.191 2.8979e+08 1.355e+07
0.192 2.655e+08 1.3499e+07
0.193 2.5436e+08 1.3449e+07
0.194 2.759e+08 1.34e+07
0.195 2.6677e+08 1.3351e+07
0.196 2.5477e+08 1.3302e+07
0.197 2.2733e+08 1.3254e+07
0.198 2.3109e+08 1.3207e+07
0.199 2.3087e+08 1.316e+07
0.2 2.3763e+08 1.3114e+07
0.201 2.355e+08 1.3068e+07
0.202 2.1023e+08 1.3023e+07
0.203 2.2042e+08 1.2979e+07
0.204 2.0887e+08 1.2935e+07
0.205 1.9088e+08 1.2891e+07
0.206 1.799e+08 1.2848e+07
0.207 1.8374e+08 1.2805e+07
0.208 1.855e+08 1.2763e+07
0.209 1.7105e+08 1.2722e+07
0.21 1.9243e+08 1.2681e+07
0.211 1.9924e+08 1.264e+07
0.212 1.894e+08 1.26e+07
0.213 1.6669e+08 1.256e+07
0.214 1.7389e+08 1.2521e+07
0.215 1.6375e+08 1.2482e+07
0.216 1.3935e+08 1.2443e+07
0.217 1.5335e+08 1.2405e+07
0.218 1.5204e+08 1.2368e+07
0.219 1.6383e+08 1.2331e+07
0.22 1.3235e+08 1.2294e+07
0.221 1.3314e+08 1.2257e+07
0.222 1.4052e+08 1.2221e+07
0.223 1.4954e+08 1.2186e+07
0.224 1.1021e+08 1.2151e+07
0.225 1.0332e+08 1.2116e+07
0.226 1.2855e+08 1.2082e+07
0.227 1.1249e+08 1.2048e+07
0.228 1.0882e+08 1.2014e+07
0.229 1.0377e+08 1.1981e+07
0.23 9.9868e+07 1.1948e+07
0.231 1.1134e+08 1.1915e+07
0.232 9.448e+07 1.1883e+07
0.233 7.9994e+07 1.1851e+07
0.234 8.6965e+07 1.182e+07
0.235 7.0108e+07 1.1789e+07
0.236 6.1611e+07 1.1758e+07
0.237 8.2889e+07 1.1728e+07
0.238 7.3248e+07 1.1698e+07
0.239 9.4945e+07 1.1668e+07
0.24 7.7022e+07 1.1638e+07
0.241 6.5275e+07 1.1609e+07
0.242 7.4408e+07 1.158e+07
0.243 5.1291e+07 1.1552e+07
0.244 6.839e+07 1.1524e+07
0.245 7.2555e+07 1.1496e+07
0.246 5.9084e+07 1.1468e+07
0.247 6.1986e+07 1.1441e+07
0.248 6.9886e+07 1.1414e+07
0.249 3.2017e+07 1.1388e+07
0.25 5.5353e+07 1.1361e+07
0.251 8.6111e+07 1.1335e+07
0.252 5.6383e+07 1.1309e+07
0.253 5.2225e+07 1.1284e+07
0.254 4.9315e+07 1.1259e+07
0.255 4.3762e+07 1.1234e+07
0.256 5.1227e+07 1.1209e+07
0.257 3.5763e+07 1.1185e+07
0.258 3.7492e+07 1.116e+07
0.259 3.7727e+07 1.1136e+07
0.26 5.7669e+07 1.1113e+07
0.261 3.022e+07 1.1089e+07
0.262 4.4981e+07 1.1066e+07
0.263 3.5596e+07 1.1043e+07
0.264 4.951e+07 1.1021e+07
0.265 4.7798e+07 1.0998e+07
0.266 2.4476e+07 1.0976e+07
0.267 3.4025e+07 1.0954e+07
0.268 3.7517e+07 1.0932e+07
0.269 3.9266e+07 1.091e+07
0.27 4.3423e+07 1.0889e+07
0.271 3.7913e+07 1.0868e+07
0.272 3.2041e+07 1.0847e+07
0.273 1.2691e+07 1.0826e+07
0.274 4.7812e+07 1.0806e+07
0.275 3.345e+07 1.0785e+07
0.276 3.7987e+07 1.0765e+07
0.277 2.9401e+07 1.0745e+07
0.278 2.0444e+07 1.0725e+07
0.279 3.4871e+07 1.0706e+07
0.28 2.4131e+07 1.0686e+07
0.281 4.3464e+07 1.0667e+07
0.282 3.8838e+07 1.0648e+07
0.283 2.9209e+07 1.0629e+07
0.284 3.7136e+07 1.061e+07
0.285 4.218e+07 1.0592e+07
0.286 2.825e+07 1.0573e+07
0.287 2.7461e+07 1.0555e+07
0.288 2.4916e+07 1.0537e+07
0.289 1.7137e+07 1.0519e+07
0.29 1.5155e+07 1.0501e+07
0.291 1.8767e+07 1.0484e+07
0.292 2.8044e+07 1.0466e+07
0.293 1.0133e+07 1.0449e+07
0.294 3.5649e+07 1.0431e+07
0.295 2.8634e+07 1.0414e+07
0.296 3.0679e+07 1.0397e+07
0.297 5.6787e+07 1.038e+07
0.298 3.5042e+07 1.0363e+07
0.299 3.4481e+07 1.0347e+07
0.3 3.2924e+07 1.033e+07
0.301 1.745e+07 1.0314e+07
0.302 4.2581e+07 1.0297e+07
0.303 5.7945e+07 1.0281e+07
0.304 3.9106e+07 1.0265e+07
0.305 1.6212e+07 1.0249e+07
0.306 4.1366e+07 1.0233e+07
0.307 1.915e+07 1.0217e+07
0.308 2.9079e+07 1.0202e+07
0.309 4.8495e+07 1.0186e+07
0.31 2.7983e+07 1.0171e+07
0.311 4.4911e+07 1.0155e+07
0.312 4.6368e+07 1.014e+07
0.313 5.8093e+07 1.0125e+07
0.314 3.3846e+07 1.011e+07
0.315 3.4827e+07 1.0094e+07
0.316 4.6792e+07 1.008e+07
0.317 4.4135e+07 1.0065e+07
0.318 3.2264e+07 1.005e+07
0.319 4.4374e+07 1.0035e+07
0.32 3.1493e+07 1.002e+07
0.321 4.1041e+07 1.0006e+07
0.322 4.6914e+07 9.9912e+06
0.323 4.0836e+07 9.9768e+06
0.324 5.2352e+07 9.9624e+06
0.325 4.9911e+07 9.948e+06
0.326 4.5869e+07 9.9338e+06
0.327 4.8465e+07 9.9196e+06
0.328 5.7629e+07 9.9055e+06
0.329 4.7318e+07 9.8914e+06
0.33 4.7398e+07 9.8774e+06
0.331 3.349e+07 9.8635e+06
0.332 5.318e+07 9.8496e+06
0.333 5.0841e+07 9.8358e+06
0.334 6.6862e+07 9.822e+06
0.335 4.6513e+07 9.8083e+06
0.336 6.0731e+07 9.7947e+06
0.337 5.7234e+07 9.7811e+06
0.338 6.8133e+07 9.7675e+06
0.339 4.6207e+07 9.754e+06
0.34 5.9399e+07 9.7406e+06
0.341 5.6898e+07 9.7272e+06
0.342 5.1924e+07 9.7139e+06
0.343 5.3256e+07 9.7006e+06
0.344 5.4279e+07 9.6874e+06
0.345 7.4881e+07 9.6742e+06
0.346 5.8125e+07 9.661e+06
0.347 4.4019e+07 9.6479e+06
0.348 6.3148e+07 9.6349e+06
0.349 6.4181e+07 9.6219e+06
0.35 6.3459e+07 9.6089e+06
0.351 4.9514e+07 9.596e+06
0.352 5.6424e+07 9.5832e+06
0.353 6.0304e+07 9.5704e+06
0.354 5.8981e+07 9.5576e+06
0.355 6.2418e+07 9.5448e+06
0.356 6.5264e+07 9.5321e+06
0.357 4.761e+07 9.5195e+06
0.358 5.563e+07 9.5069e+06
0.359 4.9606e+07 9.4943e+06
0.36 7.5256e+07 9.4818e+06
0.361 5.9387e+07 9.4693e+06
0.362 5.6999e+07 9.4569e+06
0.363 7.9054e+07 9.4444e+06
0.364 6.9612e+07 9.4321e+06
0.365 5.3167e+07 9.4197e+06
0.366 6.3753e+07 9.4074e+06
0.367 6.0699e+07 9.3952e+06
0.368 5.5266e+07 9.383e+06
0.369 8.067e+07 9.3708e+06
0.37 7.0901e+07 9.3586e+06
0.371 7.0475e+07 9.3465e+06
0.372 5.4037e+07 9.3345e+06
0.373 5.8921e+07 9.3224e+06
0.374 5.9338e+07 9.3104e+06
0.375 6.3002e+07 9.2984e+06
0.376 7.9975e+07 9.2865e+06
0.377 6.9575e+07 9.2746e+06
0.378 7.963e+07 9.2627e+06
0.379 6.3194e+07 9.2509e+06
0.38 6.5776e+07 9.2391e+06
0.381 5.453e+07 9.2273e+06
0.382 7.702e+07 9.2156e+06
0.383 8.0171e+07 9.2039e+06
0.384 6.331e+07 9.1922e+06
0.385 6.9883e+07 9.1806e+06
0.386 6.9047e+07 9.169e+06
0.387 7.6762e+07 9.1574e+06
0.388 7.2173e+07 9.1459e+06
0.389 8.4836e+07 9.1344e+06
0.39 8.0919e+07 9.1229e+06
0.391 6.812e+07 9.1115e+06
0.392 8.2085e+07 9.1e+06
0.393 6.3117e+07 9.0887e+06
0.394 6.3294e+07 9.0773e+06
0.395 7.5625e+07 9.066e+06
0.396 5.9803e+07 9.0547e+06
0.397 7.824e+07 9.0434e+06
0.398 6.9354e+07 9.0322e+06
0.399 8.7774e+07 9.021e+06
0.4 8.0696e+07 9.0098e+06
0.401 6.3963e+07 8.9986e+06
0.402 7.457e+07 8.9875e+06
0.403 7.467e+07 8.9764e+06
0.404 7.7897e+07 8.9653e+06
0.405 7.5338e+07 8.9543e+06
0.406 7.1719e+07 8.9433e+06
0.407 5.6652e+07 8.9323e+06
0.408 7.8211e+07 8.9213e+06
0.409 6.175e+07 8.9104e+06
0.41 7.647e+07 8.8995e+06
0.411 8.9939e+07 8.8886e+06
0.412 6.5045e+07 8.8778e+06
0.413 7.4937e+07 8.867e+06
0.414 7.2089e+07 8.8562e+06
0.415 7.3509e+07 8.8454e+06
0.416 8.3205e+07 8.8347e+06
0.417 7.4029e+07 8.824e+06
0.418 8.0157e+07 8.8133e+06
0.419 7.3525e+07 8.8026e+06
0.42 7.3149e+07 8.792e+06
0.421 7.8175e+07 8.7814e+06
0.422 7.6282e+07 8.7708e+06
0.423 7.4295e+07 8.7603e+06
0.424 7.5396e+07 8.7497e+06
0.425 6.7292e+07 8.7392e+06
0.426 6.1705e+07 8.7288e+06
0.427 7.1955e+07 8.7183e+06
0.428 6.9536e+07 8.7079e+06
0.429 6.2732e+07 8.6975e+06
0.43 7.349e+07 8.6871e+06
0.431 7.1322e+07 8.6768e+06
0.432 7.2085e+07 8.6665e+06
0.433 6.1038e+07 8.6562e+06
0.434 7.9429e+07 8.6459e+06
0.435 7.0038e+07 8.6357e+06
0.436 6.4402e+07 8.6255e+06
0.437 6.3528e+07 8.6153e+06
0.438 7.2573e+07 8.6051e+06
0.439 6.9648e+07 8.595e+06
0.44 6.4452e+07 8.5849e+06
0.441 6.5048e+07 8.5748e+06
0.442 4.955e+07 8.5648e+06
0.443 5.8387e+07 8.5548e+06
0.444 8.7633e+07 8.5448e+06
0.445 6.7177e+07 8.5348e+06
0.446 7.2554e+07 8.5249e+06
0.447 7.2282e+07 8.515e+06
0.448 6.8122e+07 8.5051e+06
0.449 7.3616e+07 8.4952e+06
0.45 5.4998e+07 8.4854e+06
0.451 7.4066e+07 8.4756e+06
0.452 5.6664e+07 8.4658e+06
0.453 5.8227e+07 8.4561e+06
0.454 6.8322e+07 8.4463e+06
0.455 5.7356e+07 8.4367e+06
0.456 7.987e+07 8.427e+06
0.457 7.2601e+07 8.4174e+06
0.458 7.048e+07 8.4077e+06
0.459 6.4788e+07 8.3982e+06
0.46 8.3152e+07 8.3886e+06
0.461 6.9764e+07 8.3791e+06
0.462 6.6527e+07 8.3696e+06
0.463 6.4976e+07 8.3601e+06
0.464 7.2983e+07 8.3507e+06
0.465 6.5393e+07 8.3413e+06
0.466 5.7118e+07 8.3319e+06
0.467 6.8525e+07 8.3226e+06
0.468 5.7166e+07 8.3132e+06
0.469 5.753e+07 8.304e+06
0.47 6.0558e+07 8.2947e+06
0.471 5.8811e+07 8.2855e+06
0.472 5.5955e+07 8.2762e+06
0.473 5.8453e+07 8.2671e+06
0.474 4.553e+07 8.2579e+06
0.475 5.6144e+07 8.2488e+06
0.476 5.7652e+07 8.2397e+06
0.477 6.2332e+07 8.2307e+06
0.478 6.1743e+07 8.2216e+06
0.479 4.565e+07 8.2126e+06
0.48 5.2266e+07 8.2037e+06
0.481 5.124e+07 8.1947e+06
0.482 5.6083e+07 8.1858e+06
0.483 5.1969e+07 8.1769e+06
0.484 4.0819e+07 8.1681e+06
0.485 6.1143e+07 8.1592e+06
0.486 6.4288e+07 8.1505e+06
0.487 6.1702e+07 8.1417e+06
0.488 6.6559e+07 8.1329e+06
0.489 6.0749e+07 8.1242e+06
0.49 6.1534e+07 8.1156e+06
0.491 5.8263e+07 8.1069e+06
0.492 5.4844e+07 8.0983e+06
0.493 7.0693e+07 8.0897e+06
0.494 6.5314e+07 8.0811e+06
0.495 5.2948e+07 8.0726e+06
0.496 5.5075e+07 8.0641e+06
0.497 4.4341e+07 8.0556e+06
0.498 4.6055e+07 8.0472e+06
0.499 5.7157e+07 8.0388e+06
0.5 3.9715e+07 8.0304e+06
