0.001 6.5028e+09 3.9115e+08
0.002 6.7823e+09 2.7656e+08
0.003 6.6698e+09 2.2578e+08
0.004 6.4718e+09 1.9549e+08
0.005 6.646e+09 1.748e+08
0.006 6.6993e+09 1.5952e+08
0.007 6.5668e+09 1.4762e+08
0.008 6.6249e+09 1.3803e+08
0.009 6.8463e+09 1.3006e+08
0.01 6.6753e+09 1.2332e+08
0.011 6.5112e+09 1.175e+08
0.012 6.537e+09 1.1242e+08
0.013 6.5572e+09 1.0793e+08
0.014 6.3747e+09 1.0391e+08
0.015 6.3636e+09 1.003e+08
0.016 6.2977e+09 9.7025e+07
0.017 6.2826e+09 9.4033e+07
0.018 6.3025e+09 9.1286e+07
0.019 6.357e+09 8.8752e+07
0.02 6.3878e+09 8.6402e+07
0.021 6.2371e+09 8.4215e+07
0.022 6.1775e+09 8.2171e+07
0.023 6.3129e+09 8.0256e+07
0.024 6.3545e+09 7.8455e+07
0.025 6.2318e+09 7.6757e+07
0.026 6.1009e+09 7.5151e+07
0.027 6.0619e+09 7.3629e+07
0.028 6.2619e+09 7.2184e+07
0.029 6.133e+09 7.0808e+07
0.03 6.1296e+09 6.9496e+07
0.031 6.0485e+09 6.8242e+07
0.032 5.8925e+09 6.7042e+07
0.033 5.9503e+09 6.5892e+07
0.034 5.8993e+09 6.4789e+07
0.035 5.9263e+09 6.3727e+07
0.036 5.8509e+09 6.2706e+07
0.037 5.8629e+09 6.1722e+07
0.038 5.8625e+09 6.0772e+07
0.039 5.6716e+09 5.9855e+07
0.04 5.6145e+09 5.8968e+07
0.041 5.6131e+09 5.8109e+07
0.042 5.5276e+09 5.7277e+07
0.043 5.5392e+09 5.6471e+07
0.044 5.4514e+09 5.5688e+07
0.045 5.4058e+09 5.4928e+07
0.046 5.4731e+09 5.4189e+07
0.047 5.4163e+09 5.3471e+07
0.048 5.3332e+09 5.2771e+07
0.049 5.2101e+09 5.209e+07
0.05 5.0577e+09 5.1426e+07
0.051 5.1822e+09 5.0779e+07
0.052 5.136e+09 5.0148e+07
0.053 5.0681e+09 4.9531e+07
0.054 4.9745e+09 4.8929e+07
0.055 4.8785e+09 4.8341e+07
0.056 4.9087e+09 4.7766e+07
0.057 4.8852e+09 4.7204e+07
0.058 4.8011e+09 4.6654e+07
0.059 4.7544e+09 4.6115e+07
0.06 4.6435e+09 4.5588e+07
0.061 4.562e+09 4.5072e+07
0.062 4.6017e+09 4.4566e+07
0.063 4.5917e+09 4.4071e+07
0.064 4.5173e+09 4.3585e+07
0.065 4.5407e+09 4.3109e+07
0.066 4.3916e+09 4.2641e+07
0.067 4.3249e+09 4.2183e+07
0.068 4.3323e+09 4.1733e+07
0.069 4.2063e+09 4.1291e+07
0.07 4.1069e+09 4.0858e+07
0.071 4.0622e+09 4.0432e+07
0.072 4.0081e+09 4.0014e+07
0.073 3.9698e+09 3.9603e+07
0.074 3.8871e+09 3.9199e+07
0.075 3.8399e+09 3.8803e+07
0.076 3.8288e+09 3.8413e+07
0.077 3.7715e+09 3.803e+07
0.078 3.7195e+09 3.7654e+07
0.079 3.7008e+09 3.7283e+07
0.08 3.5801e+09 3.6919e+07
0.081 3.6334e+09 3.6561e+07
0.082 3.5357e+09 3.6209e+07
0.083 3.4566e+09 3.5863e+07
0.084 3.4143e+09 3.5523e+07
0.085 3.3557e+09 3.5188e+07
0.086 3.3297e+09 3.4858e+07
0.087 3.2882e+09 3.4534e+07
0.088 3.2113e+09 3.4215e+07
0.089 3.098e+09 3.3901e+07
0.09 3.1007e+09 3.3592e+07
0.091 3.0639e+09 3.3288e+07
0.092 2.9969e+09 3.2989e+07
0.093 2.9798e+09 3.2694e+07
0.094 2.939e+09 3.2404e+07
0.095 2.9042e+09 3.2119e+07
0.096 2.8228e+09 3.1839e+07
0.097 2.7576e+09 3.1562e+07
0.098 2.7366e+09 3.129e+07
0.099 2.6508e+09 3.1023e+07
0.1 2.6029e+09 3.0759e+07
0.101 2.5607e+09 3.05e+07
0.102 2.5392e+09 3.0245e+07
0.103 2.5207e+09 2.9994e+07
0.104 2.4409e+09 2.9746e+07
0.105 2.414e+09 2.9503e+07
0.106 2.304e+09 2.9263e+07
0.107 2.3512e+09 2.9028e+07
0.108 2.3033e+09 2.8795e+07
0.109 2.1867e+09 2.8567e+07
0.11 2.162e+09 2.8342e+07
0.111 2.1811e+09 2.8121e+07
0.112 2.187e+09 2.7903e+07
0.113 2.1098e+09 2.7688e+07
0.114 2.103e+09 2.7477e+07
0.115 2.0332e+09 2.7269e+07
0.116 1.9759e+09 2.7065e+07
0.117 1.9664e+09 2.6863e+07
0.118 1.8735e+09 2.6665e+07
0.119 1.8842e+09 2.647e+07
0.12 1.863e+09 2.6278e+07
0.121 1.782e+09 2.6089e+07
0.122 1.7904e+09 2.5903e+07
0.123 1.7448e+09 2.572e+07
0.124 1.6915e+09 2.554e+07
0.125 1.6851e+09 2.5363e+07
0.126 1.6276e+09 2.5188e+07
0.127 1.6577e+09 2.5016e+07
0.128 1.5966e+09 2.4847e+07
0.129 1.5791e+09 2.468e+07
0.13 1.5459e+09 2.4516e+07
0.131 1.495e+09 2.4355e+07
0.132 1.4653e+09 2.4196e+07
0.133 1.4543e+09 2.404e+07
0.134 1.3903e+09 2.3886e+07
0.135 1.4096e+09 2.3734e+07
0.136 1.3098e+09 2.3585e+07
0.137 1.3216e+09 2.3438e+07
0.138 1.3128e+09 2.3294e+07
0.139 1.235e+09 2.3151e+07
0.14 1.2968e+09 2.3011e+07
0.141 1.2139e+09 2.2873e+07
0.142 1.2154e+09 2.2737e+07
0.143 1.1816e+09 2.2604e+07
0.144 1.1527e+09 2.2472e+07
0.145 1.1472e+09 2.2342e+07
0.146 1.1281e+09 2.2214e+07
0.147 1.0628e+09 2.2088e+07
0.148 1.0643e+09 2.1964e+07
0.149 1.0414e+09 2.1842e+07
0.15 1.0427e+09 2.1722e+07
0.151 1.0009e+09 2.1604e+07
0.152 9.9784e+08 2.1487e+07
0.153 9.5506e+08 2.1372e+07
0.154 9.2937e+08 2.1259e+07
0.155 9.1264e+08 2.1147e+07
0.156 9.101e+08 2.1037e+07
0.157 9.1314e+08 2.0929e+07
0.158 8.5595e+08 2.0822e+07
0.159 8.4799e+08 2.0716e+07
0.16 8.6044e+08 2.0613e+07
0.161 7.9369e+08 2.051e+07
0.162 8.0425e+08 2.041e+07
0.163 7.871e+08 2.031e+07
0.164 7.5423e+08 2.0212e+07
0.165 7.5313e+08 2.0115e+07
0.166 7.3916e+08 2.002e+07
0.167 7.0377e+08 1.9926e+07
0.168 6.711e+08 1.9833e+07
0.169 6.988e+08 1.9742e+07
0.17 6.8348e+08 1.9652e+07
0.171 6.9135e+08 1.9563e+07
0.172 6.3144e+08 1.9475e+07
0.173 6.1887e+08 1.9388e+07
0.174 6.2232e+08 1.9303e+07
0.175 6.1642e+08 1.9219e+07
0.176 5.7762e+08 1.9135e+07
0.177 5.9559e+08 1.9053e+07
0.178 5.5349e+08 1.8972e+07
0.179 5.623e+08 1.8892e+07
0.18 5.1401e+08 1.8813e+07
0.181 5.0907e+08 1.8735e+07
0.182 5.5023e+08 1.8658e+07
0.183 5.0071e+08 1.8582e+07
0.184 5.1781e+08 1.8507e+07
0.185 4.9002e+08 1.8433e+07
0.186 4.7476e+08 1.836e+07
0.187 4.2985e+08 1.8288e+07
0.188 4.6354e+08 1.8216e+07
0.189 4.2339e+08 1.8146e+07
0.19 4.2686e+08 1.8076e+07
0.191 4.1745e+08 1.8007e+07
0.192 4.2223e+08 1.7939e+07
0.193 3.6742e+08 1.7872e+07
0.194 4.2454e+08 1.7806e+07
0.195 3.5965e+08 1.774e+07
0.196 3.3517e+08 1.7676e+07
0.197 3.6611e+08 1.7612e+07
0.198 3.5527e+08 1.7548e+07
0.199 3.6334e+08 1.7486e+07
0.2 3.3017e+08 1.7424e+07
0.201 3.3481e+08 1.7363e+07
0.202 3.0872e+08 1.7303e+07
0.203 3.2613e+08 1.7243e+07
0.204 2.734e+08 1.7184e+07
0.205 2.9872e+08 1.7126e+07
0.206 2.9962e+08 1.7068e+07
0.207 3.0074e+08 1.7011e+07
0.208 2.5768e+08 1.6955e+07
0.209 2.6489e+08 1.69e+07
0.21 2.6778e+08 1.6845e+07
0.211 2.2177e+08 1.679e+07
0.212 2.3933e+08 1.6736e+07
0.213 2.2058e+08 1.6683e+07
0.214 2.3268e+08 1.6631e+07
0.215 2.0034e+08 1.6579e+07
0.216 2.1959e+08 1.6528e+07
0.217 2.2892e+08 1.6477e+07
0.218 1.9382e+08 1.6427e+07
0.219 2.1585e+08 1.6377e+07
0.22 1.8861e+08 1.6328e+07
0.221 1.9691e+08 1.628e+07
0.222 1.9853e+08 1.6232e+07
0.223 1.9297e+08 1.6184e+07
0.224 1.8924e+08 1.6137e+07
0.225 1.7898e+08 1.6091e+07
0.226 1.8381e+08 1.6045e+07
0.227 1.8162e+08 1.6e+07
0.228 1.48e+08 1.5955e+07
0.229 1.6673e+08 1.5911e+07
0.23 1.5928e+08 1.5867e+07
0.231 1.4802e+08 1.5824e+07
0.232 1.3433e+08 1.5781e+07
0.233 1.4764e+08 1.5739e+07
0.234 1.4141e+08 1.5697e+07
0.235 1.3175e+08 1.5655e+07
0.236 1.0232e+08 1.5614e+07
0.237 1.139e+08 1.5574e+07
0.238 1.059e+08 1.5534e+07
0.239 9.6054e+07 1.5494e+07
0.24 9.6104e+07 1.5455e+07
0.241 8.9155e+07 1.5417e+07
0.242 8.3924e+07 1.5378e+07
0.243 8.8904e+07 1.534e+07
0.244 1.0626e+08 1.5303e+07
0.245 8.5079e+07 1.5266e+07
0.246 7.8394e+07 1.5229e+07
0.247 6.4368e+07 1.5193e+07
0.248 8.9191e+07 1.5157e+07
0.249 7.6725e+07 1.5122e+07
0.25 7.4488e+07 1.5087e+07
0.251 7.5491e+07 1.5052e+07
0.252 9.8565e+07 1.5018e+07
0.253 6.074e+07 1.4984e+07
0.254 6.8592e+07 1.4951e+07
0.255 3.2644e+07 1.4917e+07
0.256 6.4028e+07 1.4885e+07
0.257 6.656e+07 1.4852e+07
0.258 2.5354e+07 1.482e+07
0.259 1.898e+07 1.4788e+07
0.26 6.6048e+07 1.4757e+07
0.261 5.6428e+07 1.4726e+07
0.262 5.0489e+07 1.4695e+07
0.263 4.9452e+07 1.4664e+07
0.264 8.0564e+07 1.4634e+07
0.265 3.2019e+07 1.4604e+07
0.266 6.638e+07 1.4575e+07
0.267 6.7773e+07 1.4545e+07
0.268 5.062e+07 1.4516e+07
0.269 3.0452e+07 1.4488e+07
0.27 6.0558e+07 1.4459e+07
0.271 5.1055e+07 1.4431e+07
0.272 3.5336e+07 1.4403e+07
0.273 2.1601e+07 1.4376e+07
0.274 4.5781e+07 1.4349e+07
0.275 3.1115e+07 1.4321e+07
0.276 3.502e+07 1.4295e+07
0.277 3.6163e+07 1.4268e+07
0.278 4.9063e+07 1.4242e+07
0.279 4.9038e+07 1.4216e+07
0.28 3.8839e+07 1.419e+07
0.281 4.6424e+07 1.4164e+07
0.282 2.8448e+07 1.4139e+07
0.283 4.6996e+07 1.4114e+07
0.284 6.9358e+07 1.4089e+07
0.285 5.0133e+07 1.4064e+07
0.286 2.8159e+07 1.404e+07
0.287 4.3925e+07 1.4015e+07
0.288 3.7586e+07 1.3991e+07
0.289 4.7347e+07 1.3967e+07
0.29 4.0394e+07 1.3943e+07
0.291 2.8345e+06 1.392e+07
0.292 4.1344e+07 1.3897e+07
0.293 2.2797e+07 1.3873e+07
0.294 4.1343e+07 1.385e+07
0.295 3.6021e+07 1.3828e+07
0.296 9.9367e+06 1.3805e+07
0.297 5.5437e+07 1.3783e+07
0.298 3.3404e+07 1.376e+07
0.299 3.1434e+07 1.3738e+07
0.3 3.9697e+07 1.3716e+07
0.301 5.2525e+07 1.3694e+07
0.302 5.1387e+07 1.3673e+07
0.303 3.8881e+07 1.3651e+07
0.304 2.8177e+07 1.363e+07
0.305 6.5812e+07 1.3608e+07
0.306 6.126e+07 1.3587e+07
0.307 6.0685e+07 1.3566e+07
0.308 4.3142e+07 1.3545e+07
0.309 2.5698e+07 1.3525e+07
0.31 5.5544e+07 1.3504e+07
0.311 4.4417e+07 1.3484e+07
0.312 3.4678e+07 1.3463e+07
0.313 6.5143e+07 1.3443e+07
0.314 2.8907e+07 1.3423e+07
0.315 7.3898e+07 1.3403e+07
0.316 6.2376e+07 1.3383e+07
0.317 6.6999e+07 1.3363e+07
0.318 4.9437e+07 1.3344e+07
0.319 5.6934e+07 1.3324e+07
0.32 6.7611e+07 1.3304e+07
0.321 8.0439e+07 1.3285e+07
0.322 5.4282e+07 1.3266e+07
0.323 8.8827e+07 1.3247e+07
0.324 4.4934e+07 1.3228e+07
0.325 4.3275e+07 1.3209e+07
0.326 7.7556e+07 1.319e+07
0.327 5.5656e+07 1.3171e+07
0.328 5.6991e+07 1.3152e+07
0.329 6.6559e+07 1.3133e+07
0.33 5.3542e+07 1.3115e+07
0.331 6.829e+07 1.3096e+07
0.332 6.0281e+07 1.3078e+07
0.333 7.4368e+07 1.306e+07
0.334 6.2562e+07 1.3042e+07
0.335 5.873e+07 1.3023e+07
0.336 8.5225e+07 1.3005e+07
0.337 5.9535e+07 1.2987e+07
0.338 6.9806e+07 1.2969e+07
0.339 6.9294e+07 1.2951e+07
0.34 7.5961e+07 1.2934e+07
0.341 6.0405e+07 1.2916e+07
0.342 1.0343e+08 1.2898e+07
0.343 7.4872e+07 1.2881e+07
0.344 7.4867e+07 1.2863e+07
0.345 9.6945e+07 1.2846e+07
0.346 6.5152e+07 1.2828e+07
0.347 8.3027e+07 1.2811e+07
0.348 8.5734e+07 1.2794e+07
0.349 8.5295e+07 1.2776e+07
0.35 7.315e+07 1.2759e+07
0.351 8.7422e+07 1.2742e+07
0.352 1.072e+08 1.2725e+07
0.353 8.2334e+07 1.2708e+07
0.354 9.2151e+07 1.2691e+07
0.355 6.7625e+07 1.2674e+07
0.356 6.3476e+07 1.2658e+07
0.357 8.0099e+07 1.2641e+07
0.358 9.2854e+07 1.2624e+07
0.359 7.1413e+07 1.2608e+07
0.36 8.0903e+07 1.2591e+07
0.361 7.9388e+07 1.2574e+07
0.362 1.0427e+08 1.2558e+07
0.363 8.4297e+07 1.2542e+07
0.364 7.5834e+07 1.2525e+07
0.365 1.2025e+08 1.2509e+07
0.366 8.8167e+07 1.2493e+07
0.367 9.1056e+07 1.2476e+07
0.368 8.5709e+07 1.246e+07
0.369 8.679e+07 1.2444e+07
0.37 9.4803e+07 1.2428e+07
0.371 7.5672e+07 1.2412e+07
0.372 1.034e+08 1.2396e+07
0.373 7.8617e+07 1.238e+07
0.374 1.1017e+08 1.2364e+07
0.375 9.6505e+07 1.2348e+07
0.376 8.3935e+07 1.2332e+07
0.377 9.6891e+07 1.2317e+07
0.378 9.6535e+07 1.2301e+07
0.379 1.1315e+08 1.2285e+07
0.38 9.323e+07 1.2269e+07
0.381 8.5665e+07 1.2254e+07
0.382 9.8987e+07 1.2238e+07
0.383 8.8017e+07 1.2223e+07
0.384 8.8864e+07 1.2207e+07
0.385 9.583e+07 1.2192e+07
0.386 1.2613e+08 1.2177e+07
0.387 8.8328e+07 1.2161e+07
0.388 9.1518e+07 1.2146e+07
0.389 1.0991e+08 1.2131e+07
0.39 7.4955e+07 1.2115e+07
0.391 8.3633e+07 1.21e+07
0.392 9.0485e+07 1.2085e+07
0.393 9.0113e+07 1.207e+07
0.394 1.1988e+08 1.2055e+07
0.395 1.0077e+08 1.204e+07
0.396 1.0199e+08 1.2025e+07
0.397 9.9756e+07 1.201e+07
0.398 8.3192e+07 1.1995e+07
0.399 1.085e+08 1.198e+07
0.4 8.2699e+07 1.1965e+07
0.401 9.0194e+07 1.1951e+07
0.402 1.0754e+08 1.1936e+07
0.403 9.0326e+07 1.1921e+07
0.404 9.2574e+07 1.1906e+07
0.405 9.4339e+07 1.1892e+07
0.406 9.9919e+07 1.1877e+07
0.407 9.6344e+07 1.1863e+07
0.408 9.3018e+07 1.1848e+07
0.409 9.2396e+07 1.1834e+07
0.41 9.3333e+07 1.1819e+07
0.411 9.7543e+07 1.1805e+07
0.412 9.2104e+07 1.179e+07
0.413 9.95e+07 1.1776e+07
0.414 1.1362e+08 1.1762e+07
0.415 9.4248e+07 1.1747e+07
0.416 1.0502e+08 1.1733e+07
0.417 8.3805e+07 1.1719e+07
0.418 7.4739e+07 1.1705e+07
0.419 1.1817e+08 1.1691e+07
0.42 1.1318e+08 1.1676e+07
0.421 9.974e+07 1.1662e+07
0.422 9.399e+07 1.1648e+07
0.423 1.0424e+08 1.1634e+07
0.424 1.0435e+08 1.162e+07
0.425 8.8928e+07 1.1606e+07
0.426 8.2845e+07 1.1593e+07
0.427 8.9678e+07 1.1579e+07
0.428 8.767e+07 1.1565e+07
0.429 8.3485e+07 1.1551e+07
0.43 1.2045e+08 1.1537e+07
0.431 1.1802e+08 1.1524e+07
0.432 1.037e+08 1.151e+07
0.433 1.0979e+08 1.1496e+07
0.434 9.4863e+07 1.1483e+07
0.435 1.0003e+08 1.1469e+07
0.436 8.1989e+07 1.1456e+07
0.437 9.4974e+07 1.1442e+07
0.438 9.633e+07 1.1429e+07
0.439 1.0058e+08 1.1415e+07
0.44 8.9816e+07 1.1402e+07
0.441 8.9433e+07 1.1389e+07
0.442 8.6497e+07 1.1375e+07
0.443 1.192e+08 1.1362e+07
0.444 9.367e+07 1.1349e+07
0.445 1.1498e+08 1.1336e+07
0.446 9.7607e+07 1.1322e+07
0.447 9.8913e+07 1.1309e+07
0.448 8.4571e+07 1.1296e+07
0.449 9.6655e+07 1.1283e+07
0.45 1.0848e+08 1.127e+07
0.451 8.9011e+07 1.1257e+07
0.452 6.9477e+07 1.1244e+07
0.453 9.4926e+07 1.1231e+07
0.454 8.6173e+07 1.1218e+07
0.455 8.0256e+07 1.1205e+07
0.456 8.3178e+07 1.1193e+07
0.457 1.009e+08 1.118e+07
0.458 7.2973e+07 1.1167e+07
0.459 8.4132e+07 1.1154e+07
0.46 7.4186e+07 1.1142e+07
0.461 9.2928e+07 1.1129e+07
0.462 8.3973e+07 1.1117e+07
0.463 1.0328e+08 1.1104e+07
0.464 8.2541e+07 1.1092e+07
0.465 9.7408e+07 1.1079e+07
0.466 8.606e+07 1.1067e+07
0.467 7.2342e+07 1.1054e+07
0.468 7.1967e+07 1.1042e+07
0.469 7.7513e+07 1.103e+07
0.47 7.8506e+07 1.1017e+07
0.471 8.2979e+07 1.1005e+07
0.472 7.0592e+07 1.0993e+07
0.473 7.9864e+07 1.0981e+07
0.474 8.1898e+07 1.0969e+07
0.475 8.2478e+07 1.0957e+07
0.476 7.5044e+07 1.0945e+07
0.477 7.7736e+07 1.0933e+07
0.478 8.4107e+07 1.0921e+07
0.479 8.9695e+07 1.0909e+07
0.48 7.4488e+07 1.0897e+07
0.481 7.7477e+07 1.0885e+07
0.482 8.8068e+07 1.0873e+07
0.483 6.3114e+07 1.0861e+07
0.484 7.8735e+07 1.085e+07
0.485 9.1723e+07 1.0838e+07
0.486 8.6877e+07 1.0826e+07
0.487 7.1686e+07 1.0815e+07
0.488 5.9506e+07 1.0803e+07
0.489 9.0146e+07 1.0792e+07
0.49 8.0762e+07 1.078e+07
0.491 8.0993e+07 1.0769e+07
0.492 8.6256e+07 1.0757e+07
0.493 7.5855e+07 1.0746e+07
0.494 7.5327e+07 1.0734e+07
0.495 8.9869e+07 1.0723e+07
0.496 6.4902e+07 1.0712e+07
0.497 6.6136e+07 1.0701e+07
0.498 1.0691e+08 1.0689e+07
0.499 9.4832e+07 1.0678e+07
0.5 6.9004e+07 1.0667e+07
