0.001 2.2793e+10 4.5587e+08
0.002 2.0868e+10 4.1737e+08
0.003 2.1708e+10 4.3416e+08
0.004 2.2777e+10 4.5554e+08
0.005 2.2926e+10 4.5851e+08
0.006 2.228e+10 4.456e+08
0.007 2.2288e+10 4.4575e+08
0.008 2.2052e+10 4.4104e+08
0.009 2.2817e+10 4.5634e+08
0.01 2.2741e+10 4.5482e+08
0.011 2.2573e+10 4.5146e+08
0.012 2.2019e+10 4.4038e+08
0.013 2.1348e+10 4.2697e+08
0.014 2.1601e+10 4.3201e+08
0.015 2.1771e+10 4.3541e+08
0.016 2.1666e+10 4.3331e+08
0.017 2.1754e+10 4.3508e+08
0.018 2.1066e+10 4.2133e+08
0.019 2.0948e+10 4.1895e+08
0.02 2.0936e+10 4.1872e+08
0.021 2.0727e+10 4.1454e+08
0.022 2.1024e+10 4.2047e+08
0.023 2.0327e+10 4.0653e+08
0.024 2.0694e+10 4.1388e+08
0.025 2.0083e+10 4.0166e+08
0.026 2.0012e+10 4.0024e+08
0.027 2.0119e+10 4.0238e+08
0.028 1.9525e+10 3.9051e+08
0.029 1.9362e+10 3.8723e+08
0.03 1.9441e+10 3.8881e+08
0.031 1.8824e+10 3.7649e+08
0.032 1.8998e+10 3.7996e+08
0.033 1.8431e+10 3.6861e+08
0.034 1.8692e+10 3.7384e+08
0.035 1.8092e+10 3.6185e+08
0.036 1.8042e+10 3.6083e+08
0.037 1.7449e+10 3.4898e+08
0.038 1.7691e+10 3.5381e+08
0.039 1.7082e+10 3.4164e+08
0.04 1.6896e+10 3.3792e+08
0.041 1.6418e+10 3.2836e+08
0.042 1.6319e+10 3.2637e+08
0.043 1.6283e+10 3.2566e+08
0.044 1.5856e+10 3.1712e+08
0.045 1.5599e+10 3.1198e+08
0.046 1.537e+10 3.0739e+08
0.047 1.52e+10 3.04e+08
0.048 1.5043e+10 3.0087e+08
0.049 1.4643e+10 2.9287e+08
0.05 1.4431e+10 2.8862e+08
0.051 1.4057e+10 2.8113e+08
0.052 1.3797e+10 2.7595e+08
0.053 1.3776e+10 2.7552e+08
0.054 1.335e+10 2.6699e+08
0.055 1.2948e+10 2.5896e+08
0.056 1.2679e+10 2.5357e+08
0.057 1.2465e+10 2.493e+08
0.058 1.2212e+10 2.4424e+08
0.059 1.2143e+10 2.4286e+08
0.06 1.1756e+10 2.3513e+08
0.061 1.154e+10 2.308e+08
0.062 1.1108e+10 2.2217e+08
0.063 1.0868e+10 2.1736e+08
0.064 1.0709e+10 2.1417e+08
0.065 1.062e+10 2.1241e+08
0.066 1.0061e+10 2.0122e+08
0.067 9.9704e+09 1.9941e+08
0.068 9.7652e+09 1.953e+08
0.069 9.3993e+09 1.8799e+08
0.07 9.3206e+09 1.8641e+08
0.071 9.0866e+09 1.8173e+08
0.072 8.824e+09 1.7648e+08
0.073 8.753e+09 1.7506e+08
0.074 8.3011e+09 1.6602e+08
0.075 8.1347e+09 1.6269e+08
0.076 7.8425e+09 1.5685e+08
0.077 7.6775e+09 1.5355e+08
0.078 7.2459e+09 1.4492e+08
0.079 7.2442e+09 1.4488e+08
0.08 7.0817e+09 1.4163e+08
0.081 6.9267e+09 1.3853e+08
0.082 6.6995e+09 1.3399e+08
0.083 6.3479e+09 1.2696e+08
0.084 6.278e+09 1.2556e+08
0.085 6.0943e+09 1.2189e+08
0.086 5.907e+09 1.1814e+08
0.087 5.7148e+09 1.143e+08
0.088 5.4849e+09 1.097e+08
0.089 5.4481e+09 1.0896e+08
0.09 5.1693e+09 1.0339e+08
0.091 5.034e+09 1.0068e+08
0.092 4.9607e+09 9.9214e+07
0.093 4.6163e+09 9.2327e+07
0.094 4.6e+09 9.2e+07
0.095 4.4767e+09 8.9533e+07
0.096 4.1718e+09 8.3436e+07
0.097 4.1747e+09 8.3494e+07
0.098 3.971e+09 7.9419e+07
0.099 3.866e+09 7.732e+07
0.1 3.7509e+09 7.5017e+07
0.101 3.6662e+09 7.3324e+07
0.102 3.5651e+09 7.1302e+07
0.103 3.3594e+09 6.7187e+07
0.104 3.2732e+09 6.5464e+07
0.105 3.1342e+09 6.2684e+07
0.106 3.0927e+09 6.1855e+07
0.107 2.9547e+09 5.9094e+07
0.108 2.8219e+09 5.6439e+07
0.109 2.6406e+09 5.2811e+07
0.11 2.6573e+09 5.3146e+07
0.111 2.5162e+09 5.0324e+07
0.112 2.4455e+09 4.891e+07
0.113 2.3055e+09 4.611e+07
0.114 2.3357e+09 4.6715e+07
0.115 2.2376e+09 4.4753e+07
0.116 2.1289e+09 4.2577e+07
0.117 2.0138e+09 4.0277e+07
0.118 2.0098e+09 4.0196e+07
0.119 1.9548e+09 3.9097e+07
0.12 1.7638e+09 3.5275e+07
0.121 1.7244e+09 3.4487e+07
0.122 1.7297e+09 3.4594e+07
0.123 1.682e+09 3.3641e+07
0.124 1.5366e+09 3.0732e+07
0.125 1.5485e+09 3.097e+07
0.126 1.4745e+09 2.9491e+07
0.127 1.405e+09 2.8099e+07
0.128 1.3925e+09 2.785e+07
0.129 1.3416e+09 2.6833e+07
0.13 1.2866e+09 2.5731e+07
0.131 1.1821e+09 2.3643e+07
0.132 1.225e+09 2.4501e+07
0.133 1.1061e+09 2.2123e+07
0.134 1.0951e+09 2.1902e+07
0.135 1.0322e+09 2.0644e+07
0.136 1.0048e+09 2.0097e+07
0.137 9.4887e+08 1.8977e+07
0.138 9.9114e+08 1.9823e+07
0.139 9.5192e+08 1.9038e+07
0.14 8.5293e+08 1.7059e+07
0.141 9.0105e+08 1.8021e+07
0.142 8.0096e+08 1.6019e+07
0.143 7.945e+08 1.589e+07
0.144 7.7278e+08 1.5456e+07
0.145 7.047e+08 1.4094e+07
0.146 7.5741e+08 1.5148e+07
0.147 7.1833e+08 1.4367e+07
0.148 6.678e+08 1.3356e+07
0.149 6.4898e+08 1.298e+07
0.15 6.5154e+08 1.3031e+07
0.151 5.8696e+08 1.1739e+07
0.152 5.9256e+08 1.1851e+07
0.153 6.137e+08 1.2274e+07
0.154 5.5236e+08 1.1047e+07
0.155 5.3729e+08 1.0746e+07
0.156 5.302e+08 1.0604e+07
0.157 5.3376e+08 1.0675e+07
0.158 5.047e+08 1.0094e+07
0.159 5.3585e+08 1.0717e+07
0.16 4.4689e+08 8.9378e+06
0.161 4.9569e+08 9.9137e+06
0.162 4.7052e+08 9.4104e+06
0.163 4.3952e+08 8.7903e+06
0.164 4.1934e+08 8.3867e+06
0.165 4.2461e+08 8.4922e+06
0.166 4.1875e+08 8.375e+06
0.167 3.6509e+08 7.3018e+06
0.168 3.4492e+08 6.8984e+06
0.169 4.0156e+08 8.0311e+06
0.17 3.6407e+08 7.2813e+06
0.171 3.5259e+08 7.0517e+06
0.172 3.6739e+08 7.3478e+06
0.173 3.3441e+08 6.6881e+06
0.174 2.7062e+08 5.4125e+06
0.175 3.4944e+08 6.9889e+06
0.176 3.0004e+08 6.0008e+06
0.177 3.05e+08 6.1001e+06
0.178 2.533e+08 5.066e+06
0.179 2.9659e+08 5.9317e+06
0.18 2.5035e+08 5.0069e+06
0.181 2.7086e+08 5.4173e+06
0.182 2.7992e+08 5.5984e+06
0.183 2.6114e+08 5.2228e+06
0.184 2.3416e+08 4.6833e+06
0.185 2.43e+08 4.86e+06
0.186 2.299e+08 4.598e+06
0.187 2.3668e+08 4.7336e+06
0.188 2.0985e+08 4.1969e+06
0.189 2.1014e+08 4.2029e+06
0.19 1.7661e+08 3.5322e+06
0.191 2.1461e+08 4.2923e+06
0.192 2.1736e+08 4.3471e+06
0.193 1.9938e+08 3.9876e+06
0.194 1.8991e+08 3.7982e+06
0.195 1.9835e+08 3.9671e+06
0.196 2.006e+08 4.012e+06
0.197 1.7147e+08 3.4293e+06
0.198 1.5574e+08 3.1149e+06
0.199 1.4574e+08 2.9147e+06
0.2 1.5617e+08 3.1234e+06
0.201 1.3057e+08 2.6113e+06
0.202 1.5655e+08 3.131e+06
0.203 1.3292e+08 2.6583e+06
0.204 1.7669e+08 3.5338e+06
0.205 1.4963e+08 2.9927e+06
0.206 1.6347e+08 3.2694e+06
0.207 1.0147e+08 2.0295e+06
0.208 1.4742e+08 2.9485e+06
0.209 1.3228e+08 2.6456e+06
0.21 1.54e+08 3.08e+06
0.211 1.3753e+08 2.7506e+06
0.212 1.2631e+08 2.5263e+06
0.213 1.6005e+08 3.201e+06
0.214 1.2814e+08 2.5627e+06
0.215 1.2626e+08 2.5251e+06
0.216 1.1098e+08 2.2196e+06
0.217 1.2532e+08 2.5063e+06
0.218 1.0422e+08 2.0845e+06
0.219 1.1975e+08 2.3951e+06
0.22 1.1743e+08 2.3486e+06
0.221 9.689e+07 1.9378e+06
0.222 1.0676e+08 2.1352e+06
0.223 1.0639e+08 2.1278e+06
0.224 7.5444e+07 1.5089e+06
0.225 9.2386e+07 1.8477e+06
0.226 8.0245e+07 1.6049e+06
0.227 1.0744e+08 2.1487e+06
0.228 7.6041e+07 1.5208e+06
0.229 8.898e+07 1.7796e+06
0.23 1.2417e+08 2.4835e+06
0.231 8.2913e+07 1.6583e+06
0.232 7.3464e+07 1.4693e+06
0.233 8.9135e+07 1.7827e+06
0.234 1.0536e+08 2.1072e+06
0.235 9.0489e+07 1.8098e+06
0.236 8.7822e+07 1.7564e+06
0.237 9.4423e+07 1.8885e+06
0.238 7.8077e+07 1.5615e+06
0.239 1.0155e+08 2.0309e+06
0.24 9.5212e+07 1.9042e+06
0.241 9.0111e+07 1.8022e+06
0.242 1.0557e+08 2.1115e+06
0.243 9.568e+07 1.9136e+06
0.244 9.0794e+07 1.8159e+06
0.245 9.642e+07 1.9284e+06
0.246 1.0256e+08 2.0513e+06
0.247 1.3603e+08 2.7205e+06
0.248 1.0541e+08 2.1082e+06
0.249 1.0248e+08 2.0496e+06
0.25 1.0092e+08 2.0183e+06
0.251 9.1097e+07 1.8219e+06
0.252 6.9736e+07 1.3947e+06
0.253 6.8804e+07 1.3761e+06
0.254 1.1586e+08 2.3171e+06
0.255 7.5999e+07 1.52e+06
0.256 5.7871e+07 1.1574e+06
0.257 7.7327e+07 1.5465e+06
0.258 1.0912e+08 2.1825e+06
0.259 7.4205e+07 1.4841e+06
0.26 9.6819e+07 1.9364e+06
0.261 8.674e+07 1.7348e+06
0.262 9.3894e+07 1.8779e+06
0.263 8.4445e+07 1.6889e+06
0.264 5.616e+07 1.1232e+06
0.265 9.4485e+07 1.8897e+06
0.266 1.0777e+08 2.1554e+06
0.267 6.2e+07 1.24e+06
0.268 1.105e+08 2.2099e+06
0.269 7.9702e+07 1.594e+06
0.27 8.8611e+07 1.7722e+06
0.271 9.2919e+07 1.8584e+06
0.272 7.3377e+07 1.4675e+06
0.273 1.0086e+08 2.0171e+06
0.274 1.0337e+08 2.0675e+06
0.275 8.0025e+07 1.6005e+06
0.276 1.0832e+08 2.1664e+06
0.277 1.2144e+08 2.4289e+06
0.278 5.6347e+07 1.1269e+06
0.279 1.056e+08 2.112e+06
0.28 7.1298e+07 1.426e+06
0.281 1.1274e+08 2.2548e+06
0.282 1.2241e+08 2.4483e+06
0.283 8.4186e+07 1.6837e+06
0.284 1.0611e+08 2.1222e+06
0.285 7.9548e+07 1.591e+06
0.286 9.5644e+07 1.9129e+06
0.287 9.5087e+07 1.9017e+06
0.288 1.1786e+08 2.3572e+06
0.289 8.1986e+07 1.6397e+06
0.29 1.1229e+08 2.2458e+06
0.291 1.0962e+08 2.1923e+06
0.292 1.021e+08 2.0419e+06
0.293 9.7674e+07 1.9535e+06
0.294 1.063e+08 2.1259e+06
0.295 9.3356e+07 1.8671e+06
0.296 1.1081e+08 2.2162e+06
0.297 9.8663e+07 1.9733e+06
0.298 9.9277e+07 1.9855e+06
0.299 1.023e+08 2.046e+06
0.3 9.7583e+07 1.9517e+06
0.301 1.0477e+08 2.0953e+06
0.302 9.3939e+07 1.8788e+06
0.303 9.3403e+07 1.8681e+06
0.304 1.0764e+08 2.1528e+06
0.305 8.6023e+07 1.7205e+06
0.306 7.8731e+07 1.5746e+06
0.307 9.7604e+07 1.9521e+06
0.308 1.0298e+08 2.0595e+06
0.309 1.2032e+08 2.4064e+06
0.31 1.057e+08 2.1141e+06
0.311 9.5957e+07 1.9191e+06
0.312 1.3075e+08 2.6149e+06
0.313 5.2092e+07 1.0418e+06
0.314 9.3816e+07 1.8763e+06
0.315 7.1509e+07 1.4302e+06
0.316 7.7663e+07 1.5533e+06
0.317 1.1365e+08 2.273e+06
0.318 8.5541e+07 1.7108e+06
0.319 1.1021e+08 2.2043e+06
0.32 6.8629e+07 1.3726e+06
0.321 1.0899e+08 2.1797e+06
0.322 9.4685e+07 1.8937e+06
0.323 6.5778e+07 1.3156e+06
0.324 8.9367e+07 1.7873e+06
0.325 6.3301e+07 1.266e+06
0.326 9.4287e+07 1.8857e+06
0.327 7.7091e+07 1.5418e+06
0.328 7.0124e+07 1.4025e+06
0.329 8.9429e+07 1.7886e+06
0.33 9.0383e+07 1.8077e+06
0.331 9.3633e+07 1.8727e+06
0.332 9.0174e+07 1.8035e+06
0.333 7.084e+07 1.4168e+06
0.334 8.126e+07 1.6252e+06
0.335 8.1684e+07 1.6337e+06
0.336 5.9994e+07 1.1999e+06
0.337 7.5141e+07 1.5028e+06
0.338 7.8493e+07 1.5699e+06
0.339 5.985e+07 1.197e+06
0.34 7.3277e+07 1.4655e+06
0.341 4.0021e+07 8.0042e+05
0.342 9.9666e+07 1.9933e+06
0.343 1.0748e+08 2.1495e+06
0.344 9.1833e+07 1.8367e+06
0.345 8.8754e+07 1.7751e+06
0.346 6.8974e+07 1.3795e+06
0.347 5.4512e+07 1.0902e+06
0.348 5.6165e+07 1.1233e+06
0.349 7.7514e+07 1.5503e+06
0.35 6.5198e+07 1.304e+06
0.351 7.2844e+07 1.4569e+06
0.352 6.4612e+07 1.2922e+06
0.353 5.5824e+07 1.1165e+06
0.354 6.4397e+07 1.2879e+06
0.355 3.8481e+07 7.6963e+05
0.356 6.4506e+07 1.2901e+06
0.357 8.5215e+07 1.7043e+06
0.358 4.4492e+07 8.8984e+05
0.359 4.5151e+07 9.0303e+05
0.36 8.2278e+07 1.6456e+06
0.361 7.5149e+07 1.503e+06
0.362 7.5933e+07 1.5187e+06
0.363 5.0665e+07 1.0133e+06
0.364 5.6346e+07 1.1269e+06
0.365 5.8437e+07 1.1687e+06
0.366 3.1758e+07 6.3517e+05
0.367 6.701e+07 1.3402e+06
0.368 2.9704e+07 5.9409e+05
0.369 7.5739e+07 1.5148e+06
0.37 4.7836e+07 9.5672e+05
0.371 5.5478e+07 1.1096e+06
0.372 6.4466e+07 1.2893e+06
0.373 5.2793e+07 1.0559e+06
0.374 5.5201e+07 1.104e+06
0.375 4.9663e+07 9.9326e+05
0.376 7.3461e+07 1.4692e+06
0.377 3.6644e+07 7.3288e+05
0.378 6.3521e+07 1.2704e+06
0.379 4.0346e+07 8.0692e+05
0.38 6.5773e+07 1.3155e+06
0.381 5.1978e+07 1.0396e+06
0.382 6.4713e+07 1.2943e+06
0.383 6.0559e+07 1.2112e+06
0.384 7.8089e+07 1.5618e+06
0.385 5.249e+07 1.0498e+06
0.386 4.5304e+07 9.0608e+05
0.387 5.9295e+07 1.1859e+06
0.388 4.8962e+07 9.7924e+05
0.389 2.8601e+07 5.7202e+05
0.39 3.427e+07 6.854e+05
0.391 3.375e+07 6.75e+05
0.392 4.022e+07 8.044e+05
0.393 4.5739e+07 9.1479e+05
0.394 2.8513e+07 5.7025e+05
0.395 5.4106e+07 1.0821e+06
0.396 3.0197e+07 6.0395e+05
0.397 4.3603e+07 8.7207e+05
0.398 6.5044e+07 1.3009e+06
0.399 4.8162e+07 9.6324e+05
0.4 4.0765e+07 8.1529e+05
0.401 5.2927e+07 1.0585e+06
0.402 3.7066e+07 7.4132e+05
0.403 5.3504e+07 1.0701e+06
0.404 3.6415e+07 7.2831e+05
0.405 1.8792e+07 3.7584e+05
0.406 8.3634e+07 1.6727e+06
0.407 3.6285e+07 7.257e+05
0.408 2.3577e+07 4.7153e+05
0.409 2.7119e+07 5.4239e+05
0.41 7.3921e+07 1.4784e+06
0.411 4.1799e+07 8.3598e+05
0.412 2.6519e+07 5.3039e+05
0.413 6.3052e+07 1.261e+06
0.414 3.9326e+07 7.8652e+05
0.415 3.9315e+07 7.8631e+05
0.416 3.9549e+07 7.9099e+05
0.417 3.9846e+07 7.9692e+05
0.418 3.4159e+07 6.8319e+05
0.419 4.3256e+07 8.6511e+05
0.42 4.9069e+07 9.8138e+05
0.421 4.5221e+07 9.0441e+05
0.422 4.0587e+07 8.1174e+05
0.423 4.3451e+07 8.6901e+05
0.424 2.5373e+07 5.0746e+05
0.425 5.3266e+07 1.0653e+06
0.426 5.6752e+07 1.135e+06
0.427 4.1971e+07 8.3941e+05
0.428 5.2273e+07 1.0455e+06
0.429 4.0213e+07 8.0427e+05
0.43 4.4091e+07 8.8181e+05
0.431 3.2209e+07 6.4418e+05
0.432 6.4342e+07 1.2868e+06
0.433 6.7286e+07 1.3457e+06
0.434 6.6888e+07 1.3378e+06
0.435 7.36e+07 1.472e+06
0.436 2.7438e+07 5.4876e+05
0.437 6.5004e+07 1.3001e+06
0.438 4.7578e+07 9.5157e+05
0.439 6.6675e+07 1.3335e+06
0.44 5.207e+07 1.0414e+06
0.441 5.7342e+07 1.1468e+06
0.442 4.5742e+07 9.1485e+05
0.443 3.4935e+07 6.9871e+05
0.444 6.7894e+07 1.3579e+06
0.445 5.6306e+07 1.1261e+06
0.446 5.8948e+07 1.179e+06
0.447 7.8579e+07 1.5716e+06
0.448 6.6423e+07 1.3285e+06
0.449 6.0381e+07 1.2076e+06
0.45 5.4693e+07 1.0939e+06
0.451 6.9055e+07 1.3811e+06
0.452 4.0245e+07 8.049e+05
0.453 4.2423e+07 8.4846e+05
0.454 7.6929e+07 1.5386e+06
0.455 6.7338e+07 1.3468e+06
0.456 6.0542e+07 1.2108e+06
0.457 4.0299e+07 8.0599e+05
0.458 5.9381e+07 1.1876e+06
0.459 7.3426e+07 1.4685e+06
0.46 5.373e+07 1.0746e+06
0.461 6.0257e+07 1.2051e+06
0.462 6.7919e+07 1.3584e+06
0.463 4.2e+07 8.4e+05
0.464 4.1808e+07 8.3615e+05
0.465 6.876e+07 1.3752e+06
0.466 4.7078e+07 9.4157e+05
0.467 5.6767e+07 1.1353e+06
0.468 5.6438e+07 1.1288e+06
0.469 6.6098e+07 1.322e+06
0.47 6.9692e+07 1.3938e+06
0.471 4.6907e+07 9.3815e+05
0.472 6.0164e+07 1.2033e+06
0.473 2.3132e+07 4.6264e+05
0.474 8.2391e+07 1.6478e+06
0.475 6.5021e+07 1.3004e+06
0.476 6.0973e+07 1.2195e+06
0.477 4.5109e+07 9.0217e+05
0.478 6.09e+07 1.218e+06
0.479 4.1513e+07 8.3025e+05
0.48 4.1292e+07 8.2585e+05
0.481 5.992e+07 1.1984e+06
0.482 3.9421e+07 7.8842e+05
0.483 6.3479e+07 1.2696e+06
0.484 8.5912e+07 1.7182e+06
0.485 5.9625e+07 1.1925e+06
0.486 4.9658e+07 9.9317e+05
0.487 5.6979e+07 1.1396e+06
0.488 6.7919e+07 1.3584e+06
0.489 7.4891e+07 1.4978e+06
0.49 4.9555e+07 9.911e+05
0.491 6.5678e+07 1.3136e+06
0.492 6.5649e+07 1.313e+06
0.493 6.7147e+07 1.3429e+06
0.494 4.3422e+07 8.6844e+05
0.495 5.4409e+07 1.0882e+06
0.496 5.4151e+07 1.083e+06
0.497 6.0875e+07 1.2175e+06
0.498 4.337e+07 8.6741e+05
0.499 9.6945e+07 1.9389e+06
0.5 6.4484e+07 1.2897e+06
