0.001 2.6273e+09 1.6153e+08
0.002 3.1925e+09 1.1421e+08
0.003 2.9551e+09 9.323e+07
0.004 2.9648e+09 8.0715e+07
0.005 2.9725e+09 7.2167e+07
0.006 2.9358e+09 6.5849e+07
0.007 3.011e+09 6.0931e+07
0.008 2.9826e+09 5.696e+07
0.009 2.9322e+09 5.3664e+07
0.01 2.8773e+09 5.087e+07
0.011 2.9233e+09 4.846e+07
0.012 2.9114e+09 4.6352e+07
0.013 2.9325e+09 4.4487e+07
0.014 2.8751e+09 4.2821e+07
0.015 2.8937e+09 4.1319e+07
0.016 2.9269e+09 3.9955e+07
0.017 2.8228e+09 3.8709e+07
0.018 2.8327e+09 3.7564e+07
0.019 2.8333e+09 3.6506e+07
0.02 2.8307e+09 3.5524e+07
0.021 2.8641e+09 3.4609e+07
0.022 2.8766e+09 3.3753e+07
0.023 2.8586e+09 3.295e+07
0.024 2.835e+09 3.2194e+07
0.025 2.751e+09 3.148e+07
0.026 2.7686e+09 3.0804e+07
0.027 2.7344e+09 3.0162e+07
0.028 2.7042e+09 2.9552e+07
0.029 2.7534e+09 2.897e+07
0.03 2.6882e+09 2.8414e+07
0.031 2.7152e+09 2.7883e+07
0.032 2.6415e+09 2.7373e+07
0.033 2.6825e+09 2.6884e+07
0.034 2.5987e+09 2.6414e+07
0.035 2.5736e+09 2.5961e+07
0.036 2.5838e+09 2.5525e+07
0.037 2.5447e+09 2.5104e+07
0.038 2.5369e+09 2.4696e+07
0.039 2.5046e+09 2.4303e+07
0.04 2.4809e+09 2.3921e+07
0.041 2.4548e+09 2.3551e+07
0.042 2.5029e+09 2.3192e+07
0.043 2.4246e+09 2.2844e+07
0.044 2.3982e+09 2.2505e+07
0.045 2.3615e+09 2.2175e+07
0.046 2.3498e+09 2.1855e+07
0.047 2.3374e+09 2.1542e+07
0.048 2.3154e+09 2.1237e+07
0.049 2.3144e+09 2.094e+07
0.05 2.2552e+09 2.065e+07
0.051 2.2298e+09 2.0367e+07
0.052 2.1707e+09 2.009e+07
0.053 2.1738e+09 1.9819e+07
0.054 2.1575e+09 1.9554e+07
0.055 2.1085e+09 1.9295e+07
0.056 2.0835e+09 1.9042e+07
0.057 2.0952e+09 1.8793e+07
0.058 2.0346e+09 1.855e+07
0.059 2.0301e+09 1.8311e+07
0.06 1.9989e+09 1.8078e+07
0.061 1.9722e+09 1.7848e+07
0.062 1.954e+09 1.7623e+07
0.063 1.9315e+09 1.7403e+07
0.064 1.8976e+09 1.7186e+07
0.065 1.8482e+09 1.6973e+07
0.066 1.8383e+09 1.6764e+07
0.067 1.7977e+09 1.6559e+07
0.068 1.786e+09 1.6357e+07
0.069 1.761e+09 1.6159e+07
0.07 1.722e+09 1.5964e+07
0.071 1.7048e+09 1.5773e+07
0.072 1.6823e+09 1.5584e+07
0.073 1.6575e+09 1.5399e+07
0.074 1.6248e+09 1.5217e+07
0.075 1.5718e+09 1.5038e+07
0.076 1.5499e+09 1.4862e+07
0.077 1.5458e+09 1.4689e+07
0.078 1.5111e+09 1.4518e+07
0.079 1.4761e+09 1.435e+07
0.08 1.4785e+09 1.4185e+07
0.081 1.4471e+09 1.4023e+07
0.082 1.4119e+09 1.3863e+07
0.083 1.3914e+09 1.3706e+07
0.084 1.3706e+09 1.3551e+07
0.085 1.3512e+09 1.3399e+07
0.086 1.3005e+09 1.3249e+07
0.087 1.3187e+09 1.3101e+07
0.088 1.2459e+09 1.2956e+07
0.089 1.2295e+09 1.2813e+07
0.09 1.2191e+09 1.2672e+07
0.091 1.2144e+09 1.2534e+07
0.092 1.1604e+09 1.2398e+07
0.093 1.1427e+09 1.2264e+07
0.094 1.1217e+09 1.2132e+07
0.095 1.1013e+09 1.2002e+07
0.096 1.0797e+09 1.1874e+07
0.097 1.0555e+09 1.1748e+07
0.098 1.0161e+09 1.1625e+07
0.099 1.0301e+09 1.1503e+07
0.1 9.9552e+08 1.1383e+07
0.101 9.6413e+08 1.1265e+07
0.102 9.5665e+08 1.1149e+07
0.103 9.2223e+08 1.1036e+07
0.104 9.1989e+08 1.0923e+07
0.105 9.0284e+08 1.0813e+07
0.106 8.8284e+08 1.0705e+07
0.107 8.5822e+08 1.0598e+07
0.108 8.2768e+08 1.0493e+07
0.109 8.1764e+08 1.039e+07
0.11 8.0619e+08 1.0289e+07
0.111 7.7188e+08 1.0189e+07
0.112 7.5257e+08 1.0091e+07
0.113 7.3666e+08 9.9952e+06
0.114 7.3146e+08 9.9007e+06
0.115 7.2005e+08 9.8078e+06
0.116 6.7827e+08 9.7165e+06
0.117 6.6833e+08 9.6268e+06
0.118 6.7369e+08 9.5387e+06
0.119 6.2945e+08 9.4522e+06
0.12 6.3284e+08 9.3673e+06
0.121 6.1895e+08 9.2838e+06
0.122 5.9588e+08 9.2019e+06
0.123 5.9173e+08 9.1214e+06
0.124 5.6051e+08 9.0424e+06
0.125 5.7249e+08 8.9649e+06
0.126 5.2603e+08 8.8888e+06
0.127 5.1755e+08 8.814e+06
0.128 5.0532e+08 8.7407e+06
0.129 5.0487e+08 8.6688e+06
0.13 4.8521e+08 8.5981e+06
0.131 4.6853e+08 8.5289e+06
0.132 4.5444e+08 8.4609e+06
0.133 4.5226e+08 8.3942e+06
0.134 4.4993e+08 8.3288e+06
0.135 4.3242e+08 8.2646e+06
0.136 4.21e+08 8.2016e+06
0.137 4.1428e+08 8.1399e+06
0.138 4.0706e+08 8.0793e+06
0.139 4.0313e+08 8.0199e+06
0.14 3.7439e+08 7.9617e+06
0.141 3.6818e+08 7.9046e+06
0.142 3.6635e+08 7.8486e+06
0.143 3.493e+08 7.7936e+06
0.144 3.4942e+08 7.7398e+06
0.145 3.418e+08 7.687e+06
0.146 3.1588e+08 7.6352e+06
0.147 3.0965e+08 7.5844e+06
0.148 3.1538e+08 7.5346e+06
0.149 3.0756e+08 7.4858e+06
0.15 2.8111e+08 7.4379e+06
0.151 2.7895e+08 7.391e+06
0.152 2.8307e+08 7.345e+06
0.153 2.7627e+08 7.2998e+06
0.154 2.6872e+08 7.2556e+06
0.155 2.4627e+08 7.2122e+06
0.156 2.3585e+08 7.1696e+06
0.157 2.5176e+08 7.1278e+06
0.158 2.3776e+08 7.0869e+06
0.159 2.282e+08 7.0467e+06
0.16 2.2461e+08 7.0073e+06
0.161 2.1118e+08 6.9686e+06
0.162 2.0888e+08 6.9307e+06
0.163 2.0737e+08 6.8934e+06
0.164 2.0035e+08 6.8569e+06
0.165 1.8789e+08 6.8211e+06
0.166 1.9544e+08 6.7859e+06
0.167 1.9159e+08 6.7513e+06
0.168 1.8565e+08 6.7174e+06
0.169 1.8308e+08 6.6841e+06
0.17 1.7733e+08 6.6514e+06
0.171 1.7813e+08 6.6193e+06
0.172 1.701e+08 6.5877e+06
0.173 1.6159e+08 6.5568e+06
0.174 1.5257e+08 6.5263e+06
0.175 1.6285e+08 6.4964e+06
0.176 1.4643e+08 6.467e+06
0.177 1.5183e+08 6.4381e+06
0.178 1.4685e+08 6.4097e+06
0.179 1.4173e+08 6.3817e+06
0.18 1.3567e+08 6.3543e+06
0.181 1.2906e+08 6.3273e+06
0.182 1.1668e+08 6.3007e+06
0.183 1.2525e+08 6.2745e+06
0.184 1.2229e+08 6.2488e+06
0.185 1.2094e+08 6.2235e+06
0.186 1.2749e+08 6.1986e+06
0.187 1.1833e+08 6.1741e+06
0.188 1.1366e+08 6.1499e+06
0.189 1.1029e+08 6.1261e+06
0.19 1.1672e+08 6.1027e+06
0.191 1.0804e+08 6.0796e+06
0.192 9.2776e+07 6.0569e+06
0.193 9.6233e+07 6.0345e+06
0.194 9.3437e+07 6.0124e+06
0.195 9.0119e+07 5.9907e+06
0.196 9.5463e+07 5.9692e+06
0.197 9.2975e+07 5.9481e+06
0.198 8.2639e+07 5.9272e+06
0.199 9.5134e+07 5.9067e+06
0.2 8.081e+07 5.8864e+06
0.201 9.9017e+07 5.8664e+06
0.202 8.2871e+07 5.8467e+06
0.203 7.5775e+07 5.8272e+06
0.204 7.718e+07 5.808e+06
0.205 6.8826e+07 5.789e+06
0.206 7.5971e+07 5.7703e+06
0.207 6.3471e+07 5.7518e+06
0.208 7.7247e+07 5.7336e+06
0.209 7.1259e+07 5.7156e+06
0.21 7.0047e+07 5.6978e+06
0.211 6.9667e+07 5.6803e+06
0.212 6.7111e+07 5.663e+06
0.213 6.5133e+07 5.6458e+06
0.214 6.3601e+07 5.6289e+06
0.215 6.8004e+07 5.6122e+06
0.216 6.5435e+07 5.5957e+06
0.217 5.5692e+07 5.5794e+06
0.218 5.9774e+07 5.5633e+06
0.219 4.6755e+07 5.5474e+06
0.22 6.0427e+07 5.5317e+06
0.221 5.1505e+07 5.5162e+06
0.222 5.7667e+07 5.5008e+06
0.223 4.9183e+07 5.4856e+06
0.224 5.5044e+07 5.4706e+06
0.225 5.158e+07 5.4558e+06
0.226 6.1818e+07 5.4412e+06
0.227 4.5582e+07 5.4267e+06
0.228 4.1074e+07 5.4124e+06
0.229 4.7693e+07 5.3982e+06
0.23 4.8866e+07 5.3842e+06
0.231 4.6413e+07 5.3704e+06
0.232 4.5108e+07 5.3567e+06
0.233 4.6978e+07 5.3432e+06
0.234 3.5771e+07 5.3298e+06
0.235 4.2219e+07 5.3166e+06
0.236 4.0553e+07 5.3035e+06
0.237 2.2686e+07 5.2905e+06
0.238 3.393e+07 5.2778e+06
0.239 3.9067e+07 5.2651e+06
0.24 3.2463e+07 5.2526e+06
0.241 5.0568e+07 5.2402e+06
0.242 3.5842e+07 5.228e+06
0.243 3.5729e+07 5.2158e+06
0.244 3.101e+07 5.2039e+06
0.245 4.1589e+07 5.192e+06
0.246 3.6339e+07 5.1803e+06
0.247 3.3677e+07 5.1687e+06
0.248 4.103e+07 5.1572e+06
0.249 3.4523e+07 5.1458e+06
0.25 3e+07 5.1346e+06
0.251 3.8816e+07 5.1234e+06
0.252 3.9071e+07 5.1124e+06
0.253 2.7766e+07 5.1015e+06
0.254 3.0321e+07 5.0907e+06
0.255 2.2649e+07 5.08e+06
0.256 3.0769e+07 5.0695e+06
0.257 3.2931e+07 5.059e+06
0.258 2.185e+07 5.0486e+06
0.259 3.34e+07 5.0384e+06
0.26 3.335e+07 5.0282e+06
0.261 3.0602e+07 5.0181e+06
0.262 3.4095e+07 5.0081e+06
0.263 2.9002e+07 4.9983e+06
0.264 2.8117e+07 4.9885e+06
0.265 3.4424e+07 4.9788e+06
0.266 2.8164e+07 4.9692e+06
0.267 2.6275e+07 4.9596e+06
0.268 2.6986e+07 4.9502e+06
0.269 3.5039e+07 4.9408e+06
0.27 3.0372e+07 4.9315e+06
0.271 3.3228e+07 4.9223e+06
0.272 3.0347e+07 4.9132e+06
0.273 2.8903e+07 4.9042e+06
0.274 2.4042e+07 4.8952e+06
0.275 3.1055e+07 4.8863e+06
0.276 3.2772e+07 4.8775e+06
0.277 3.7227e+07 4.8687e+06
0.278 3.516e+07 4.86e+06
0.279 2.6607e+07 4.8514e+06
0.28 4.1359e+07 4.8428e+06
0.281 2.9071e+07 4.8343e+06
0.282 3.3679e+07 4.8259e+06
0.283 3.2604e+07 4.8175e+06
0.284 1.9784e+07 4.8092e+06
0.285 2.7603e+07 4.8009e+06
0.286 3.3879e+07 4.7927e+06
0.287 2.9809e+07 4.7845e+06
0.288 2.398e+07 4.7764e+06
0.289 2.7509e+07 4.7684e+06
0.29 2.3129e+07 4.7604e+06
0.291 3.5134e+07 4.7524e+06
0.292 3.2359e+07 4.7445e+06
0.293 3.2804e+07 4.7366e+06
0.294 2.8763e+07 4.7288e+06
0.295 3.1525e+07 4.721e+06
0.296 2.3232e+07 4.7133e+06
0.297 3.0772e+07 4.7056e+06
0.298 3.4007e+07 4.6979e+06
0.299 3.04e+07 4.6903e+06
0.3 2.3977e+07 4.6827e+06
0.301 2.9305e+07 4.6752e+06
0.302 3.5871e+07 4.6676e+06
0.303 3.1199e+07 4.6602e+06
0.304 2.6388e+07 4.6527e+06
0.305 3.1137e+07 4.6453e+06
0.306 2.7335e+07 4.6379e+06
0.307 3.2164e+07 4.6306e+06
0.308 3.085e+07 4.6232e+06
0.309 3.1981e+07 4.6159e+06
0.31 3.8106e+07 4.6087e+06
0.311 3.1161e+07 4.6014e+06
0.312 3.0292e+07 4.5942e+06
0.313 3.241e+07 4.587e+06
0.314 2.9379e+07 4.5799e+06
0.315 2.6012e+07 4.5727e+06
0.316 3.4618e+07 4.5656e+06
0.317 2.5831e+07 4.5585e+06
0.318 3.7035e+07 4.5515e+06
0.319 3.9642e+07 4.5444e+06
0.32 3.7457e+07 4.5374e+06
0.321 2.3397e+07 4.5304e+06
0.322 3.1644e+07 4.5234e+06
0.323 3.2723e+07 4.5165e+06
0.324 2.5897e+07 4.5095e+06
0.325 2.9334e+07 4.5026e+06
0.326 3.7897e+07 4.4957e+06
0.327 2.8987e+07 4.4889e+06
0.328 2.7541e+07 4.482e+06
0.329 3.2863e+07 4.4752e+06
0.33 3.4692e+07 4.4684e+06
0.331 3.0326e+07 4.4616e+06
0.332 4.4769e+07 4.4548e+06
0.333 3.1956e+07 4.448e+06
0.334 3.7042e+07 4.4413e+06
0.335 3.1078e+07 4.4346e+06
0.336 3.596e+07 4.4279e+06
0.337 2.7386e+07 4.4212e+06
0.338 3.5181e+07 4.4146e+06
0.339 3.7267e+07 4.4079e+06
0.34 3.4664e+07 4.4013e+06
0.341 2.9134e+07 4.3947e+06
0.342 2.7758e+07 4.3881e+06
0.343 3.6159e+07 4.3815e+06
0.344 2.8649e+07 4.375e+06
0.345 3.0794e+07 4.3685e+06
0.346 3.4023e+07 4.362e+06
0.347 3.2466e+07 4.3555e+06
0.348 3.5275e+07 4.349e+06
0.349 3.2453e+07 4.3426e+06
0.35 3.8162e+07 4.3362e+06
0.351 3.2395e+07 4.3297e+06
0.352 3.724e+07 4.3234e+06
0.353 3.6382e+07 4.317e+06
0.354 3.4995e+07 4.3106e+06
0.355 3.8045e+07 4.3043e+06
0.356 2.4187e+07 4.298e+06
0.357 3.6204e+07 4.2917e+06
0.358 2.6967e+07 4.2855e+06
0.359 3.3319e+07 4.2792e+06
0.36 3.5837e+07 4.273e+06
0.361 3.5017e+07 4.2668e+06
0.362 2.7282e+07 4.2606e+06
0.363 3.2273e+07 4.2545e+06
0.364 3.4914e+07 4.2483e+06
0.365 3.0279e+07 4.2422e+06
0.366 3.1834e+07 4.2361e+06
0.367 3.0871e+07 4.2301e+06
0.368 3.0538e+07 4.224e+06
0.369 2.4973e+07 4.218e+06
0.37 2.5899e+07 4.212e+06
0.371 2.463e+07 4.206e+06
0.372 3.3852e+07 4.2001e+06
0.373 3.0012e+07 4.1941e+06
0.374 2.7311e+07 4.1882e+06
0.375 2.6381e+07 4.1823e+06
0.376 3.3692e+07 4.1765e+06
0.377 2.8989e+07 4.1706e+06
0.378 3.1299e+07 4.1648e+06
0.379 3.725e+07 4.159e+06
0.38 2.4202e+07 4.1533e+06
0.381 2.6945e+07 4.1475e+06
0.382 2.4939e+07 4.1418e+06
0.383 2.6029e+07 4.1361e+06
0.384 2.8199e+07 4.1304e+06
0.385 2.7566e+07 4.1248e+06
0.386 2.9071e+07 4.1191e+06
0.387 2.4279e+07 4.1135e+06
0.388 2.4244e+07 4.1079e+06
0.389 3.3652e+07 4.1024e+06
0.39 3.1843e+07 4.0968e+06
0.391 3.2914e+07 4.0913e+06
0.392 2.5258e+07 4.0858e+06
0.393 2.4941e+07 4.0804e+06
0.394 2.0185e+07 4.0749e+06
0.395 2.6551e+07 4.0695e+06
0.396 2.7858e+07 4.0641e+06
0.397 2.0123e+07 4.0587e+06
0.398 2.8254e+07 4.0534e+06
0.399 2.2615e+07 4.0481e+06
0.4 3.0005e+07 4.0428e+06
0.401 2.374e+07 4.0375e+06
0.402 2.0895e+07 4.0322e+06
0.403 2.7349e+07 4.027e+06
0.404 1.9715e+07 4.0218e+06
0.405 2.9013e+07 4.0166e+06
0.406 2.9109e+07 4.0114e+06
0.407 1.9233e+07 4.0063e+06
0.408 1.9584e+07 4.0011e+06
0.409 2.3764e+07 3.996e+06
0.41 2.8616e+07 3.9909e+06
0.411 2.461e+07 3.9859e+06
0.412 2.5312e+07 3.9808e+06
0.413 2.8153e+07 3.9758e+06
0.414 2.2555e+07 3.9708e+06
0.415 1.9578e+07 3.9658e+06
0.416 2.9108e+07 3.9609e+06
0.417 2.3206e+07 3.956e+06
0.418 2.369e+07 3.951e+06
0.419 2.524e+07 3.9461e+06
0.42 1.9099e+07 3.9413e+06
0.421 1.7641e+07 3.9364e+06
0.422 2.0427e+07 3.9316e+06
0.423 2.8502e+07 3.9267e+06
0.424 2.3734e+07 3.9219e+06
0.425 2.5478e+07 3.9172e+06
0.426 2.232e+07 3.9124e+06
0.427 2.6885e+07 3.9076e+06
0.428 1.5573e+07 3.9029e+06
0.429 2.1562e+07 3.8982e+06
0.43 2.3921e+07 3.8935e+06
0.431 2.4026e+07 3.8888e+06
0.432 1.8809e+07 3.8842e+06
0.433 2.5166e+07 3.8796e+06
0.434 2.0359e+07 3.8749e+06
0.435 2.1242e+07 3.8703e+06
0.436 1.6639e+07 3.8657e+06
0.437 1.9806e+07 3.8612e+06
0.438 1.8793e+07 3.8566e+06
0.439 1.5139e+07 3.8521e+06
0.44 2.7211e+07 3.8476e+06
0.441 2.3025e+07 3.8431e+06
0.442 1.9259e+07 3.8386e+06
0.443 2.383e+07 3.8341e+06
0.444 1.4978e+07 3.8296e+06
0.445 2.5079e+07 3.8252e+06
0.446 1.754e+07 3.8208e+06
0.447 1.9053e+07 3.8163e+06
0.448 1.8493e+07 3.8119e+06
0.449 2.0097e+07 3.8076e+06
0.45 1.3648e+07 3.8032e+06
0.451 2.3564e+07 3.7988e+06
0.452 2.5034e+07 3.7945e+06
0.453 1.6698e+07 3.7902e+06
0.454 1.9126e+07 3.7858e+06
0.455 2.7436e+07 3.7815e+06
0.456 2.4114e+07 3.7773e+06
0.457 2.46e+07 3.773e+06
0.458 2.2076e+07 3.7687e+06
0.459 1.7544e+07 3.7645e+06
0.46 1.9838e+07 3.7603e+06
0.461 2.1273e+07 3.756e+06
0.462 2.2152e+07 3.7518e+06
0.463 1.5291e+07 3.7476e+06
0.464 2.2466e+07 3.7435e+06
0.465 2.0192e+07 3.7393e+06
0.466 1.6589e+07 3.7351e+06
0.467 2.5792e+07 3.731e+06
0.468 1.9264e+07 3.7269e+06
0.469 1.7809e+07 3.7227e+06
0.47 1.5603e+07 3.7186e+06
0.471 2.0083e+07 3.7146e+06
0.472 1.8604e+07 3.7105e+06
0.473 1.9664e+07 3.7064e+06
0.474 1.5198e+07 3.7024e+06
0.475 3.0867e+07 3.6983e+06
0.476 2.0493e+07 3.6943e+06
0.477 1.8327e+07 3.6903e+06
0.478 2.1482e+07 3.6863e+06
0.479 2.4342e+07 3.6823e+06
0.48 1.9377e+07 3.6783e+06
0.481 1.9364e+07 3.6743e+06
0.482 2.5462e+07 3.6704e+06
0.483 2.5534e+07 3.6664e+06
0.484 1.8218e+07 3.6625e+06
0.485 1.7098e+07 3.6586e+06
0.486 1.9178e+07 3.6546e+06
0.487 2.2026e+07 3.6508e+06
0.488 1.749e+07 3.6469e+06
0.489 2.382e+07 3.643e+06
0.49 2.4187e+07 3.6391e+06
0.491 2.2833e+07 3.6353e+06
0.492 1.1904e+07 3.6314e+06
0.493 2.3757e+07 3.6276e+06
0.494 1.3553e+07 3.6238e+06
0.495 1.2437e+07 3.62e+06
0.496 7.7195e+06 3.6162e+06
0.497 1.926e+07 3.6124e+06
0.498 1.5829e+07 3.6087e+06
0.499 2.0142e+07 3.6049e+06
0.5 1.2712e+07 3.6012e+06
