0.001 1.2071e+09 2.4142e+07
0.002 1.3039e+09 2.6077e+07
0.003 1.2621e+09 2.5242e+07
0.004 1.3406e+09 2.6813e+07
0.005 1.2965e+09 2.5931e+07
0.006 1.2448e+09 2.4896e+07
0.007 1.2883e+09 2.5767e+07
0.008 1.3106e+09 2.6212e+07
0.009 1.28e+09 2.5599e+07
0.01 1.3101e+09 2.6202e+07
0.011 1.2642e+09 2.5285e+07
0.012 1.2893e+09 2.5786e+07
0.013 1.2832e+09 2.5663e+07
0.014 1.3049e+09 2.6099e+07
0.015 1.2502e+09 2.5004e+07
0.016 1.2826e+09 2.5653e+07
0.017 1.293e+09 2.5861e+07
0.018 1.2955e+09 2.5911e+07
0.019 1.265e+09 2.53e+07
0.02 1.2542e+09 2.5084e+07
0.021 1.2559e+09 2.5118e+07
0.022 1.2677e+09 2.5353e+07
0.023 1.2474e+09 2.4948e+07
0.024 1.2433e+09 2.4866e+07
0.025 1.214e+09 2.4279e+07
0.026 1.2193e+09 2.4386e+07
0.027 1.2462e+09 2.4924e+07
0.028 1.2153e+09 2.4307e+07
0.029 1.2049e+09 2.4099e+07
0.03 1.2117e+09 2.4234e+07
0.031 1.1954e+09 2.3908e+07
0.032 1.2172e+09 2.4344e+07
0.033 1.1745e+09 2.3489e+07
0.034 1.1932e+09 2.3863e+07
0.035 1.1985e+09 2.3969e+07
0.036 1.2044e+09 2.4087e+07
0.037 1.1645e+09 2.329e+07
0.038 1.1765e+09 2.3529e+07
0.039 1.1819e+09 2.3637e+07
0.04 1.1711e+09 2.3422e+07
0.041 1.1416e+09 2.2832e+07
0.042 1.1332e+09 2.2665e+07
0.043 1.1446e+09 2.2893e+07
0.044 1.1588e+09 2.3177e+07
0.045 1.1231e+09 2.2462e+07
0.046 1.1278e+09 2.2557e+07
0.047 1.0997e+09 2.1993e+07
0.048 1.101e+09 2.202e+07
0.049 1.0968e+09 2.1936e+07
0.05 1.076e+09 2.1521e+07
0.051 1.0682e+09 2.1364e+07
0.052 1.0697e+09 2.1394e+07
0.053 1.0747e+09 2.1494e+07
0.054 1.0562e+09 2.1123e+07
0.055 1.0627e+09 2.1255e+07
0.056 1.0372e+09 2.0745e+07
0.057 1.0252e+09 2.0503e+07
0.058 1.0163e+09 2.0325e+07
0.059 9.9112e+08 1.9822e+07
0.06 9.7994e+08 1.9599e+07
0.061 1.0164e+09 2.0327e+07
0.062 1.0029e+09 2.0059e+07
0.063 9.9024e+08 1.9805e+07
0.064 9.7883e+08 1.9577e+07
0.065 9.8468e+08 1.9694e+07
0.066 9.5875e+08 1.9175e+07
0.067 9.625e+08 1.925e+07
0.068 9.4042e+08 1.8808e+07
0.069 9.3626e+08 1.8725e+07
0.07 9.4263e+08 1.8853e+07
0.071 9.2848e+08 1.857e+07
0.072 8.9076e+08 1.7815e+07
0.073 8.8417e+08 1.7683e+07
0.074 8.9237e+08 1.7847e+07
0.075 8.8435e+08 1.7687e+07
0.076 8.8594e+08 1.7719e+07
0.077 8.6297e+08 1.7259e+07
0.078 8.514e+08 1.7028e+07
0.079 8.4133e+08 1.6827e+07
0.08 8.3579e+08 1.6716e+07
0.081 8.3969e+08 1.6794e+07
0.082 8.1295e+08 1.6259e+07
0.083 8.0541e+08 1.6108e+07
0.084 8.2192e+08 1.6438e+07
0.085 7.9159e+08 1.5832e+07
0.086 7.9041e+08 1.5808e+07
0.087 7.8713e+08 1.5743e+07
0.088 7.6526e+08 1.5305e+07
0.089 7.664e+08 1.5328e+07
0.09 7.4464e+08 1.4893e+07
0.091 7.4364e+08 1.4873e+07
0.092 7.2298e+08 1.446e+07
0.093 7.3463e+08 1.4693e+07
0.094 6.9464e+08 1.3893e+07
0.095 6.8873e+08 1.3775e+07
0.096 6.945e+08 1.389e+07
0.097 6.8265e+08 1.3653e+07
0.098 6.794e+08 1.3588e+07
0.099 6.5896e+08 1.3179e+07
0.1 6.7513e+08 1.3503e+07
0.101 6.531e+08 1.3062e+07
0.102 6.3857e+08 1.2771e+07
0.103 6.3361e+08 1.2672e+07
0.104 6.254e+08 1.2508e+07
0.105 6.2193e+08 1.2439e+07
0.106 6.2291e+08 1.2458e+07
0.107 6.026e+08 1.2052e+07
0.108 5.8547e+08 1.1709e+07
0.109 6.0029e+08 1.2006e+07
0.11 5.7444e+08 1.1489e+07
0.111 5.6307e+08 1.1261e+07
0.112 5.6447e+08 1.1289e+07
0.113 5.4505e+08 1.0901e+07
0.114 5.3746e+08 1.0749e+07
0.115 5.2859e+08 1.0572e+07
0.116 5.3226e+08 1.0645e+07
0.117 5.2757e+08 1.0551e+07
0.118 5.1794e+08 1.0359e+07
0.119 5.0108e+08 1.0022e+07
0.12 4.945e+08 9.89e+06
0.121 4.8717e+08 9.7434e+06
0.122 4.886e+08 9.772e+06
0.123 4.7421e+08 9.4843e+06
0.124 4.7009e+08 9.4018e+06
0.125 4.7126e+08 9.4252e+06
0.126 4.6301e+08 9.2602e+06
0.127 4.5068e+08 9.0135e+06
0.128 4.429e+08 8.8579e+06
0.129 4.4336e+08 8.8673e+06
0.13 4.2267e+08 8.4534e+06
0.131 4.15e+08 8.3e+06
0.132 4.0612e+08 8.1224e+06
0.133 4.1491e+08 8.2982e+06
0.134 4.0535e+08 8.107e+06
0.135 3.9382e+08 7.8764e+06
0.136 3.822e+08 7.6441e+06
0.137 3.7829e+08 7.5659e+06
0.138 3.6642e+08 7.3285e+06
0.139 3.69e+08 7.38e+06
0.14 3.4761e+08 6.9523e+06
0.141 3.5809e+08 7.1619e+06
0.142 3.4154e+08 6.8308e+06
0.143 3.4882e+08 6.9765e+06
0.144 3.3543e+08 6.7086e+06
0.145 3.3093e+08 6.6185e+06
0.146 3.2837e+08 6.5674e+06
0.147 3.1645e+08 6.3289e+06
0.148 3.1026e+08 6.2053e+06
0.149 3.0157e+08 6.0314e+06
0.15 2.9796e+08 5.9592e+06
0.151 3.0177e+08 6.0354e+06
0.152 2.8882e+08 5.7764e+06
0.153 2.813e+08 5.6261e+06
0.154 2.7542e+08 5.5084e+06
0.155 2.7563e+08 5.5126e+06
0.156 2.7209e+08 5.4419e+06
0.157 2.7081e+08 5.4161e+06
0.158 2.64e+08 5.28e+06
0.159 2.6127e+08 5.2253e+06
0.16 2.5281e+08 5.0562e+06
0.161 2.529e+08 5.058e+06
0.162 2.5137e+08 5.0274e+06
0.163 2.411e+08 4.8221e+06
0.164 2.3202e+08 4.6404e+06
0.165 2.3243e+08 4.6487e+06
0.166 2.3247e+08 4.6495e+06
0.167 2.2612e+08 4.5224e+06
0.168 2.131e+08 4.2621e+06
0.169 2.1875e+08 4.3749e+06
0.17 2.1562e+08 4.3125e+06
0.171 2.0261e+08 4.0523e+06
0.172 1.9841e+08 3.9683e+06
0.173 2.0054e+08 4.0107e+06
0.174 2.0015e+08 4.0031e+06
0.175 1.9524e+08 3.9047e+06
0.176 1.8593e+08 3.7185e+06
0.177 1.8834e+08 3.7668e+06
0.178 1.8351e+08 3.6702e+06
0.179 1.8037e+08 3.6074e+06
0.18 1.7774e+08 3.5549e+06
0.181 1.7014e+08 3.4027e+06
0.182 1.7395e+08 3.479e+06
0.183 1.6674e+08 3.3348e+06
0.184 1.5999e+08 3.1999e+06
0.185 1.6103e+08 3.2205e+06
0.186 1.5752e+08 3.1503e+06
0.187 1.5361e+08 3.0721e+06
0.188 1.5824e+08 3.1649e+06
0.189 1.3979e+08 2.7957e+06
0.19 1.4406e+08 2.8813e+06
0.191 1.4537e+08 2.9075e+06
0.192 1.3423e+08 2.6847e+06
0.193 1.2706e+08 2.5412e+06
0.194 1.3015e+08 2.603e+06
0.195 1.3012e+08 2.6024e+06
0.196 1.2808e+08 2.5616e+06
0.197 1.2436e+08 2.4872e+06
0.198 1.2832e+08 2.5664e+06
0.199 1.2277e+08 2.4555e+06
0.2 1.2439e+08 2.4878e+06
0.201 1.1322e+08 2.2644e+06
0.202 1.2251e+08 2.4502e+06
0.203 1.108e+08 2.216e+06
0.204 1.1349e+08 2.2699e+06
0.205 1.0285e+08 2.057e+06
0.206 1.0223e+08 2.0447e+06
0.207 1.0019e+08 2.0038e+06
0.208 1.0216e+08 2.0431e+06
0.209 1.0561e+08 2.1123e+06
0.21 9.5178e+07 1.9036e+06
0.211 1.0586e+08 2.1173e+06
0.212 9.2904e+07 1.8581e+06
0.213 9.1332e+07 1.8266e+06
0.214 8.9626e+07 1.7925e+06
0.215 8.7498e+07 1.75e+06
0.216 8.8171e+07 1.7634e+06
0.217 8.7992e+07 1.7598e+06
0.218 8.4719e+07 1.6944e+06
0.219 8.851e+07 1.7702e+06
0.22 8.5866e+07 1.7173e+06
0.221 7.7679e+07 1.5536e+06
0.222 7.8973e+07 1.5795e+06
0.223 7.6919e+07 1.5384e+06
0.224 7.1083e+07 1.4217e+06
0.225 7.3636e+07 1.4727e+06
0.226 7.6756e+07 1.5351e+06
0.227 7.1571e+07 1.4314e+06
0.228 7.2411e+07 1.4482e+06
0.229 7.3859e+07 1.4772e+06
0.23 7.0434e+07 1.4087e+06
0.231 6.0243e+07 1.2049e+06
0.232 6.1059e+07 1.2212e+06
0.233 5.6632e+07 1.1326e+06
0.234 6.2835e+07 1.2567e+06
0.235 6.7166e+07 1.3433e+06
0.236 5.9874e+07 1.1975e+06
0.237 5.7744e+07 1.1549e+06
0.238 5.818e+07 1.1636e+06
0.239 6.3185e+07 1.2637e+06
0.24 5.0682e+07 1.0136e+06
0.241 5.4235e+07 1.0847e+06
0.242 5.9503e+07 1.1901e+06
0.243 5.9068e+07 1.1814e+06
0.244 5.0989e+07 1.0198e+06
0.245 4.9606e+07 9.9213e+05
0.246 4.5064e+07 9.0127e+05
0.247 4.7394e+07 9.4788e+05
0.248 5.027e+07 1.0054e+06
0.249 4.9082e+07 9.8165e+05
0.25 4.7398e+07 9.4795e+05
0.251 4.5487e+07 9.0975e+05
0.252 4.5866e+07 9.1733e+05
0.253 4.3591e+07 8.7183e+05
0.254 3.7938e+07 7.5875e+05
0.255 3.9375e+07 7.875e+05
0.256 5.0252e+07 1.005e+06
0.257 3.9745e+07 7.949e+05
0.258 4.1692e+07 8.3384e+05
0.259 3.8936e+07 7.7872e+05
0.26 4.4312e+07 8.8625e+05
0.261 3.6576e+07 7.3153e+05
0.262 3.7282e+07 7.4563e+05
0.263 3.4415e+07 6.883e+05
0.264 3.6348e+07 7.2696e+05
0.265 3.3903e+07 6.7805e+05
0.266 2.9175e+07 5.8351e+05
0.267 3.3304e+07 6.6609e+05
0.268 2.9161e+07 5.8321e+05
0.269 2.4948e+07 4.9896e+05
0.27 3.0296e+07 6.0593e+05
0.271 3.2929e+07 6.5858e+05
0.272 2.7765e+07 5.5529e+05
0.273 1.8712e+07 3.7424e+05
0.274 3.1769e+07 6.3537e+05
0.275 2.1678e+07 4.3357e+05
0.276 3.5179e+07 7.0358e+05
0.277 2.4492e+07 4.8985e+05
0.278 2.8749e+07 5.7498e+05
0.279 3.0272e+07 6.0543e+05
0.28 3.0954e+07 6.1909e+05
0.281 3.0703e+07 6.1405e+05
0.282 2.5382e+07 5.0765e+05
0.283 2.3214e+07 4.6427e+05
0.284 2.3419e+07 4.6837e+05
0.285 1.9074e+07 3.8148e+05
0.286 2.3786e+07 4.7571e+05
0.287 2.6886e+07 5.3773e+05
0.288 1.531e+07 3.0621e+05
0.289 1.5978e+07 3.1955e+05
0.29 2.1288e+07 4.2576e+05
0.291 1.8769e+07 3.7538e+05
0.292 2.3494e+07 4.6987e+05
0.293 2.2254e+07 4.4509e+05
0.294 2.1629e+07 4.3258e+05
0.295 1.9493e+07 3.8987e+05
0.296 1.4955e+07 2.9909e+05
0.297 1.999e+07 3.998e+05
0.298 1.5517e+07 3.1034e+05
0.299 1.9664e+07 3.9329e+05
0.3 1.8695e+07 3.739e+05
0.301 2.2043e+07 4.4085e+05
0.302 1.7646e+07 3.5293e+05
0.303 1.6663e+07 3.3326e+05
0.304 1.3801e+07 2.7602e+05
0.305 2.4295e+07 4.8589e+05
0.306 1.9301e+07 3.8601e+05
0.307 1.6397e+07 3.2795e+05
0.308 2.0011e+07 4.0023e+05
0.309 1.4002e+07 2.8004e+05
0.31 1.4913e+07 2.9826e+05
0.311 1.6066e+07 3.2132e+05
0.312 1.5805e+07 3.161e+05
0.313 1.6786e+07 3.3572e+05
0.314 8.6929e+06 1.7386e+05
0.315 1.2971e+07 2.5941e+05
0.316 1.3821e+07 2.7642e+05
0.317 1.595e+07 3.1901e+05
0.318 1.6664e+07 3.3328e+05
0.319 1.5743e+07 3.1486e+05
0.32 1.3217e+07 2.6434e+05
0.321 1.0121e+07 2.0242e+05
0.322 1.2709e+07 2.5418e+05
0.323 1.3462e+07 2.6924e+05
0.324 1.3478e+07 2.6955e+05
0.325 1.121e+07 2.242e+05
0.326 1.4464e+07 2.8927e+05
0.327 7.3287e+06 1.4657e+05
0.328 1.1784e+07 2.3569e+05
0.329 1.1677e+07 2.3353e+05
0.33 1.5023e+07 3.0047e+05
0.331 1.1938e+07 2.3876e+05
0.332 1.0549e+07 2.1099e+05
0.333 7.785e+06 1.557e+05
0.334 1.0308e+07 2.0617e+05
0.335 1.8804e+07 3.7608e+05
0.336 1.4181e+07 2.8363e+05
0.337 1.0225e+07 2.045e+05
0.338 9.1654e+06 1.8331e+05
0.339 1.3578e+07 2.7156e+05
0.34 1.1273e+07 2.2547e+05
0.341 1.3539e+07 2.7078e+05
0.342 7.4677e+06 1.4935e+05
0.343 1.3864e+07 2.7728e+05
0.344 1.1313e+07 2.2626e+05
0.345 1.0845e+07 2.1689e+05
0.346 1.2688e+07 2.5375e+05
0.347 1.4802e+07 2.9605e+05
0.348 1.1504e+07 2.3009e+05
0.349 1.2345e+07 2.469e+05
0.35 1.433e+07 2.8661e+05
0.351 8.2853e+06 1.6571e+05
0.352 1.6347e+07 3.2695e+05
0.353 1.0834e+07 2.1668e+05
0.354 1.266e+07 2.532e+05
0.355 1.23e+07 2.46e+05
0.356 9.1694e+06 1.8339e+05
0.357 1.5524e+07 3.1048e+05
0.358 1.5301e+07 3.0602e+05
0.359 1.4184e+07 2.8367e+05
0.36 1.5162e+07 3.0324e+05
0.361 1.316e+07 2.632e+05
0.362 1.4637e+07 2.9275e+05
0.363 1.1472e+07 2.2945e+05
0.364 1.1249e+07 2.2498e+05
0.365 1.4031e+07 2.8062e+05
0.366 1.4806e+07 2.9612e+05
0.367 1.2825e+07 2.5649e+05
0.368 1.6289e+07 3.2579e+05
0.369 1.0302e+07 2.0603e+05
0.37 1.2536e+07 2.5072e+05
0.371 1.2314e+07 2.4627e+05
0.372 1.3939e+07 2.7879e+05
0.373 1.4671e+07 2.9343e+05
0.374 1.6202e+07 3.2403e+05
0.375 1.864e+07 3.728e+05
0.376 1.895e+07 3.79e+05
0.377 1.4666e+07 2.9332e+05
0.378 1.6841e+07 3.3681e+05
0.379 1.3765e+07 2.7531e+05
0.38 1.8121e+07 3.6243e+05
0.381 1.0844e+07 2.1688e+05
0.382 1.3191e+07 2.6383e+05
0.383 1.4497e+07 2.8993e+05
0.384 1.7749e+07 3.5498e+05
0.385 1.4235e+07 2.8469e+05
0.386 1.8177e+07 3.6355e+05
0.387 1.3764e+07 2.7528e+05
0.388 1.4267e+07 2.8534e+05
0.389 1.4875e+07 2.975e+05
0.39 1.8187e+07 3.6373e+05
0.391 1.7851e+07 3.5702e+05
0.392 1.6835e+07 3.367e+05
0.393 1.6894e+07 3.3788e+05
0.394 1.3357e+07 2.6714e+05
0.395 1.9628e+07 3.9257e+05
0.396 1.525e+07 3.05e+05
0.397 1.5812e+07 3.1624e+05
0.398 1.6141e+07 3.2282e+05
0.399 1.6605e+07 3.321e+05
0.4 1.7476e+07 3.4952e+05
0.401 1.3483e+07 2.6966e+05
0.402 2.3664e+07 4.7329e+05
0.403 1.962e+07 3.9241e+05
0.404 1.4552e+07 2.9104e+05
0.405 2.0228e+07 4.0455e+05
0.406 1.5463e+07 3.0925e+05
0.407 1.5195e+07 3.039e+05
0.408 1.7257e+07 3.4514e+05
0.409 2.091e+07 4.1819e+05
0.41 2.0329e+07 4.0658e+05
0.411 1.6278e+07 3.2555e+05
0.412 1.885e+07 3.7701e+05
0.413 1.7839e+07 3.5678e+05
0.414 1.2041e+07 2.4082e+05
0.415 2.1249e+07 4.2498e+05
0.416 2.0822e+07 4.1645e+05
0.417 1.5705e+07 3.141e+05
0.418 2.0609e+07 4.1219e+05
0.419 1.8509e+07 3.7018e+05
0.42 1.521e+07 3.042e+05
0.421 1.3352e+07 2.6704e+05
0.422 1.7576e+07 3.5153e+05
0.423 1.5806e+07 3.1613e+05
0.424 2.0665e+07 4.1331e+05
0.425 1.5542e+07 3.1085e+05
0.426 2.2952e+07 4.5903e+05
0.427 1.5424e+07 3.0848e+05
0.428 1.6669e+07 3.3338e+05
0.429 1.501e+07 3.0021e+05
0.43 2.2956e+07 4.5911e+05
0.431 1.6155e+07 3.231e+05
0.432 2.2371e+07 4.4741e+05
0.433 1.6773e+07 3.3546e+05
0.434 1.7564e+07 3.5128e+05
0.435 1.9182e+07 3.8364e+05
0.436 1.5308e+07 3.0616e+05
0.437 1.9462e+07 3.8924e+05
0.438 1.708e+07 3.416e+05
0.439 2.109e+07 4.218e+05
0.44 2.1414e+07 4.2828e+05
0.441 1.9833e+07 3.9667e+05
0.442 2.2037e+07 4.4074e+05
0.443 1.6939e+07 3.3878e+05
0.444 2.0654e+07 4.1309e+05
0.445 2.3057e+07 4.6115e+05
0.446 1.9212e+07 3.8424e+05
0.447 2.4717e+07 4.9433e+05
0.448 2.0972e+07 4.1943e+05
0.449 2.3281e+07 4.6563e+05
0.45 2.1281e+07 4.2562e+05
0.451 2.0053e+07 4.0107e+05
0.452 1.6743e+07 3.3485e+05
0.453 1.8341e+07 3.6682e+05
0.454 1.6497e+07 3.2993e+05
0.455 1.9042e+07 3.8084e+05
0.456 1.8661e+07 3.7322e+05
0.457 1.5762e+07 3.1524e+05
0.458 1.883e+07 3.7661e+05
0.459 2.0017e+07 4.0034e+05
0.46 1.8553e+07 3.7106e+05
0.461 1.8883e+07 3.7766e+05
0.462 2.0992e+07 4.1985e+05
0.463 2.3124e+07 4.6248e+05
0.464 1.9204e+07 3.8407e+05
0.465 1.6531e+07 3.3061e+05
0.466 2.2225e+07 4.4449e+05
0.467 1.7949e+07 3.5898e+05
0.468 1.7461e+07 3.4922e+05
0.469 1.3362e+07 2.6723e+05
0.47 1.632e+07 3.2641e+05
0.471 2.0533e+07 4.1065e+05
0.472 2.2562e+07 4.5124e+05
0.473 1.5752e+07 3.1505e+05
0.474 1.4745e+07 2.9489e+05
0.475 2.2855e+07 4.5711e+05
0.476 1.8167e+07 3.6334e+05
0.477 2.0325e+07 4.0649e+05
0.478 2.0161e+07 4.0323e+05
0.479 2.4745e+07 4.949e+05
0.48 1.5534e+07 3.1067e+05
0.481 1.9063e+07 3.8125e+05
0.482 1.4472e+07 2.8944e+05
0.483 2.0033e+07 4.0066e+05
0.484 1.9824e+07 3.9648e+05
0.485 1.511e+07 3.0219e+05
0.486 1.6882e+07 3.3765e+05
0.487 1.5108e+07 3.0215e+05
0.488 1.7597e+07 3.5193e+05
0.489 1.9458e+07 3.8916e+05
0.49 1.8725e+07 3.7449e+05
0.491 2.3392e+07 4.6784e+05
0.492 1.9019e+07 3.8037e+05
0.493 1.3961e+07 2.7922e+05
0.494 1.4706e+07 2.9412e+05
0.495 2.023e+07 4.0461e+05
0.496 1.9169e+07 3.8338e+05
0.497 1.4271e+07 2.8543e+05
0.498 2.1686e+07 4.3372e+05
0.499 1.6678e+07 3.3356e+05
0.5 1.6981e+07 3.3962e+05
