0.001 2.5996e+09 5.1993e+07
0.002 2.4819e+09 4.9638e+07
0.003 2.4369e+09 4.8739e+07
0.004 2.5366e+09 5.0732e+07
0.005 2.4067e+09 4.8134e+07
0.006 2.3793e+09 4.7585e+07
0.007 2.4732e+09 4.9464e+07
0.008 2.5461e+09 5.0922e+07
0.009 2.4717e+09 4.9434e+07
0.01 2.5756e+09 5.1512e+07
0.011 2.3701e+09 4.7402e+07
0.012 2.4679e+09 4.9358e+07
0.013 2.426e+09 4.8521e+07
0.014 2.3099e+09 4.6199e+07
0.015 2.3908e+09 4.7817e+07
0.016 2.4509e+09 4.9018e+07
0.017 2.4498e+09 4.8997e+07
0.018 2.4788e+09 4.9576e+07
0.019 2.4763e+09 4.9526e+07
0.02 2.5103e+09 5.0205e+07
0.021 2.3576e+09 4.7153e+07
0.022 2.3817e+09 4.7634e+07
0.023 2.3721e+09 4.7441e+07
0.024 2.4453e+09 4.8906e+07
0.025 2.3856e+09 4.7712e+07
0.026 2.3202e+09 4.6404e+07
0.027 2.3492e+09 4.6984e+07
0.028 2.299e+09 4.5979e+07
0.029 2.3981e+09 4.7962e+07
0.03 2.3443e+09 4.6886e+07
0.031 2.257e+09 4.5141e+07
0.032 2.3356e+09 4.6712e+07
0.033 2.3698e+09 4.7396e+07
0.034 2.3298e+09 4.6597e+07
0.035 2.2906e+09 4.5812e+07
0.036 2.3141e+09 4.6283e+07
0.037 2.2666e+09 4.5332e+07
0.038 2.333e+09 4.666e+07
0.039 2.2577e+09 4.5153e+07
0.04 2.2879e+09 4.5758e+07
0.041 2.2277e+09 4.4553e+07
0.042 2.2967e+09 4.5935e+07
0.043 2.218e+09 4.436e+07
0.044 2.2129e+09 4.4258e+07
0.045 2.231e+09 4.462e+07
0.046 2.2376e+09 4.4752e+07
0.047 2.2427e+09 4.4855e+07
0.048 2.2406e+09 4.4812e+07
0.049 2.2029e+09 4.4057e+07
0.05 2.1907e+09 4.3815e+07
0.051 2.1549e+09 4.3099e+07
0.052 2.1496e+09 4.2993e+07
0.053 2.13e+09 4.26e+07
0.054 2.1327e+09 4.2655e+07
0.055 2.1133e+09 4.2266e+07
0.056 2.0937e+09 4.1875e+07
0.057 2.1139e+09 4.2278e+07
0.058 2.1246e+09 4.2492e+07
0.059 2.064e+09 4.128e+07
0.06 2.0654e+09 4.1308e+07
0.061 2.0679e+09 4.1357e+07
0.062 2.0237e+09 4.0475e+07
0.063 2.0232e+09 4.0464e+07
0.064 2.0012e+09 4.0024e+07
0.065 1.9947e+09 3.9894e+07
0.066 1.9662e+09 3.9324e+07
0.067 1.9927e+09 3.9854e+07
0.068 1.9419e+09 3.8837e+07
0.069 1.9919e+09 3.9838e+07
0.07 1.9228e+09 3.8456e+07
0.071 1.9266e+09 3.8532e+07
0.072 1.87e+09 3.74e+07
0.073 1.8565e+09 3.7131e+07
0.074 1.8832e+09 3.7664e+07
0.075 1.8493e+09 3.6985e+07
0.076 1.8029e+09 3.6057e+07
0.077 1.8383e+09 3.6765e+07
0.078 1.7993e+09 3.5986e+07
0.079 1.7711e+09 3.5423e+07
0.08 1.7994e+09 3.5988e+07
0.081 1.7575e+09 3.515e+07
0.082 1.7534e+09 3.5068e+07
0.083 1.7554e+09 3.5108e+07
0.084 1.7015e+09 3.4031e+07
0.085 1.7073e+09 3.4146e+07
0.086 1.7021e+09 3.4043e+07
0.087 1.6975e+09 3.3949e+07
0.088 1.6567e+09 3.3133e+07
0.089 1.6345e+09 3.2689e+07
0.09 1.6348e+09 3.2695e+07
0.091 1.643e+09 3.2861e+07
0.092 1.5841e+09 3.1683e+07
0.093 1.6114e+09 3.2228e+07
0.094 1.5934e+09 3.1868e+07
0.095 1.5886e+09 3.1772e+07
0.096 1.5719e+09 3.1439e+07
0.097 1.499e+09 2.998e+07
0.098 1.5307e+09 3.0614e+07
0.099 1.5191e+09 3.0382e+07
0.1 1.4837e+09 2.9675e+07
0.101 1.4673e+09 2.9346e+07
0.102 1.4512e+09 2.9024e+07
0.103 1.4807e+09 2.9615e+07
0.104 1.4575e+09 2.9149e+07
0.105 1.4494e+09 2.8989e+07
0.106 1.4056e+09 2.8111e+07
0.107 1.3497e+09 2.6993e+07
0.108 1.3861e+09 2.7723e+07
0.109 1.3817e+09 2.7634e+07
0.11 1.3599e+09 2.7198e+07
0.111 1.333e+09 2.6659e+07
0.112 1.3327e+09 2.6655e+07
0.113 1.3169e+09 2.6338e+07
0.114 1.2768e+09 2.5537e+07
0.115 1.2925e+09 2.5851e+07
0.116 1.2733e+09 2.5467e+07
0.117 1.2362e+09 2.4725e+07
0.118 1.2534e+09 2.5067e+07
0.119 1.239e+09 2.4779e+07
0.12 1.2089e+09 2.4178e+07
0.121 1.1947e+09 2.3893e+07
0.122 1.1982e+09 2.3964e+07
0.123 1.1877e+09 2.3755e+07
0.124 1.1678e+09 2.3356e+07
0.125 1.1188e+09 2.2376e+07
0.126 1.1436e+09 2.2872e+07
0.127 1.119e+09 2.2381e+07
0.128 1.1019e+09 2.2038e+07
0.129 1.1198e+09 2.2396e+07
0.13 1.0773e+09 2.1546e+07
0.131 1.0652e+09 2.1304e+07
0.132 1.0755e+09 2.151e+07
0.133 1.0543e+09 2.1086e+07
0.134 1.0557e+09 2.1113e+07
0.135 1.0538e+09 2.1077e+07
0.136 1.0151e+09 2.0301e+07
0.137 1.0065e+09 2.0129e+07
0.138 9.7916e+08 1.9583e+07
0.139 9.8423e+08 1.9685e+07
0.14 9.3806e+08 1.8761e+07
0.141 9.9151e+08 1.983e+07
0.142 9.6285e+08 1.9257e+07
0.143 9.2728e+08 1.8546e+07
0.144 8.9886e+08 1.7977e+07
0.145 8.9972e+08 1.7994e+07
0.146 8.7771e+08 1.7554e+07
0.147 9.2127e+08 1.8425e+07
0.148 8.7766e+08 1.7553e+07
0.149 8.5245e+08 1.7049e+07
0.15 8.1815e+08 1.6363e+07
0.151 8.0297e+08 1.6059e+07
0.152 8.2163e+08 1.6433e+07
0.153 8.1734e+08 1.6347e+07
0.154 8.171e+08 1.6342e+07
0.155 8.0712e+08 1.6142e+07
0.156 7.7744e+08 1.5549e+07
0.157 7.9336e+08 1.5867e+07
0.158 7.9585e+08 1.5917e+07
0.159 7.5946e+08 1.5189e+07
0.16 7.4172e+08 1.4834e+07
0.161 7.4331e+08 1.4866e+07
0.162 7.4334e+08 1.4867e+07
0.163 7.1806e+08 1.4361e+07
0.164 6.9167e+08 1.3833e+07
0.165 6.9533e+08 1.3907e+07
0.166 6.7354e+08 1.3471e+07
0.167 6.8866e+08 1.3773e+07
0.168 6.6418e+08 1.3284e+07
0.169 6.5099e+08 1.302e+07
0.17 6.366e+08 1.2732e+07
0.171 6.237e+08 1.2474e+07
0.172 6.2285e+08 1.2457e+07
0.173 6.3374e+08 1.2675e+07
0.174 5.8317e+08 1.1663e+07
0.175 5.8713e+08 1.1743e+07
0.176 5.8584e+08 1.1717e+07
0.177 5.9868e+08 1.1974e+07
0.178 5.8533e+08 1.1707e+07
0.179 5.7192e+08 1.1438e+07
0.18 5.4938e+08 1.0988e+07
0.181 5.4876e+08 1.0975e+07
0.182 5.3787e+08 1.0757e+07
0.183 5.3541e+08 1.0708e+07
0.184 5.0416e+08 1.0083e+07
0.185 5.185e+08 1.037e+07
0.186 4.93e+08 9.86e+06
0.187 5.2056e+08 1.0411e+07
0.188 4.8519e+08 9.7037e+06
0.189 4.7001e+08 9.4003e+06
0.19 4.849e+08 9.698e+06
0.191 4.7711e+08 9.5422e+06
0.192 4.6245e+08 9.2489e+06
0.193 4.6554e+08 9.3107e+06
0.194 4.5167e+08 9.0334e+06
0.195 4.4873e+08 8.9746e+06
0.196 4.4563e+08 8.9126e+06
0.197 4.2917e+08 8.5834e+06
0.198 4.2609e+08 8.5218e+06
0.199 4.2042e+08 8.4083e+06
0.2 4.0492e+08 8.0983e+06
0.201 4.091e+08 8.182e+06
0.202 3.9623e+08 7.9245e+06
0.203 3.6715e+08 7.3431e+06
0.204 3.7639e+08 7.5277e+06
0.205 3.7728e+08 7.5455e+06
0.206 3.6351e+08 7.2702e+06
0.207 3.732e+08 7.464e+06
0.208 3.6043e+08 7.2086e+06
0.209 3.6959e+08 7.3917e+06
0.21 3.3008e+08 6.6017e+06
0.211 3.3573e+08 6.7146e+06
0.212 3.429e+08 6.8579e+06
0.213 3.4744e+08 6.9488e+06
0.214 3.2321e+08 6.4643e+06
0.215 3.0932e+08 6.1865e+06
0.216 3.2384e+08 6.4768e+06
0.217 3.0707e+08 6.1413e+06
0.218 3.1736e+08 6.3473e+06
0.219 3.1934e+08 6.3868e+06
0.22 3.0096e+08 6.0192e+06
0.221 2.7417e+08 5.4835e+06
0.222 2.7711e+08 5.5422e+06
0.223 2.8693e+08 5.7386e+06
0.224 2.8546e+08 5.7092e+06
0.225 2.6764e+08 5.3527e+06
0.226 2.5608e+08 5.1215e+06
0.227 2.7771e+08 5.5542e+06
0.228 2.4151e+08 4.8302e+06
0.229 2.5511e+08 5.1021e+06
0.23 2.4185e+08 4.837e+06
0.231 2.5028e+08 5.0056e+06
0.232 2.2094e+08 4.4188e+06
0.233 2.4065e+08 4.8129e+06
0.234 2.4014e+08 4.8028e+06
0.235 2.2872e+08 4.5745e+06
0.236 2.0371e+08 4.0743e+06
0.237 2.3846e+08 4.7691e+06
0.238 2.2416e+08 4.4833e+06
0.239 1.9056e+08 3.8111e+06
0.24 2.13e+08 4.2601e+06
0.241 1.9875e+08 3.975e+06
0.242 1.9025e+08 3.8049e+06
0.243 1.9318e+08 3.8635e+06
0.244 1.76e+08 3.52e+06
0.245 1.795e+08 3.5899e+06
0.246 1.8789e+08 3.7579e+06
0.247 1.8785e+08 3.757e+06
0.248 1.3941e+08 2.7882e+06
0.249 1.8117e+08 3.6233e+06
0.25 1.6401e+08 3.2801e+06
0.251 1.5378e+08 3.0757e+06
0.252 1.5782e+08 3.1563e+06
0.253 1.5822e+08 3.1644e+06
0.254 1.5603e+08 3.1207e+06
0.255 1.6089e+08 3.2179e+06
0.256 1.2871e+08 2.5742e+06
0.257 1.4447e+08 2.8895e+06
0.258 1.4975e+08 2.9949e+06
0.259 1.3726e+08 2.7452e+06
0.26 1.4909e+08 2.9817e+06
0.261 1.4754e+08 2.9508e+06
0.262 1.1977e+08 2.3953e+06
0.263 1.1695e+08 2.339e+06
0.264 1.2271e+08 2.4542e+06
0.265 1.2365e+08 2.473e+06
0.266 1.011e+08 2.022e+06
0.267 1.1216e+08 2.2433e+06
0.268 1.0936e+08 2.1871e+06
0.269 1.0657e+08 2.1314e+06
0.27 9.5322e+07 1.9064e+06
0.271 1.1042e+08 2.2083e+06
0.272 1.0563e+08 2.1127e+06
0.273 9.9662e+07 1.9932e+06
0.274 1.0167e+08 2.0334e+06
0.275 1.0895e+08 2.1791e+06
0.276 8.9935e+07 1.7987e+06
0.277 8.2406e+07 1.6481e+06
0.278 1.0188e+08 2.0377e+06
0.279 1.0034e+08 2.0067e+06
0.28 9.498e+07 1.8996e+06
0.281 8.1583e+07 1.6317e+06
0.282 8.9336e+07 1.7867e+06
0.283 8.8757e+07 1.7751e+06
0.284 7.3401e+07 1.468e+06
0.285 9.6765e+07 1.9353e+06
0.286 7.0748e+07 1.415e+06
0.287 8.8122e+07 1.7624e+06
0.288 7.604e+07 1.5208e+06
0.289 6.7158e+07 1.3432e+06
0.29 9.1822e+07 1.8364e+06
0.291 8.2371e+07 1.6474e+06
0.292 7.2034e+07 1.4407e+06
0.293 6.5688e+07 1.3138e+06
0.294 6.2094e+07 1.2419e+06
0.295 6.262e+07 1.2524e+06
0.296 7.6259e+07 1.5252e+06
0.297 7.5972e+07 1.5194e+06
0.298 4.1323e+07 8.2646e+05
0.299 4.8323e+07 9.6646e+05
0.3 6.4206e+07 1.2841e+06
0.301 5.5036e+07 1.1007e+06
0.302 5.1948e+07 1.039e+06
0.303 6.4267e+07 1.2853e+06
0.304 6.221e+07 1.2442e+06
0.305 5.5005e+07 1.1001e+06
0.306 5.2678e+07 1.0536e+06
0.307 5.5709e+07 1.1142e+06
0.308 5.668e+07 1.1336e+06
0.309 5.4377e+07 1.0875e+06
0.31 4.1773e+07 8.3547e+05
0.311 4.4922e+07 8.9845e+05
0.312 4.6882e+07 9.3763e+05
0.313 5.301e+07 1.0602e+06
0.314 4.8837e+07 9.7674e+05
0.315 4.3531e+07 8.7063e+05
0.316 4.2753e+07 8.5506e+05
0.317 2.7176e+07 5.4353e+05
0.318 3.3393e+07 6.6786e+05
0.319 3.2109e+07 6.4218e+05
0.32 3.3118e+07 6.6236e+05
0.321 3.7724e+07 7.5448e+05
0.322 3.4479e+07 6.8958e+05
0.323 3.3874e+07 6.7748e+05
0.324 4.311e+07 8.622e+05
0.325 3.3461e+07 6.6922e+05
0.326 4.2369e+07 8.4737e+05
0.327 4.6458e+07 9.2916e+05
0.328 1.9718e+07 3.9436e+05
0.329 3.9616e+07 7.9231e+05
0.33 2.9498e+07 5.8996e+05
0.331 8.8944e+06 1.7789e+05
0.332 2.5101e+07 5.0202e+05
0.333 3.1219e+07 6.2439e+05
0.334 1.9912e+07 3.9823e+05
0.335 3.1133e+07 6.2266e+05
0.336 4.1748e+07 8.3496e+05
0.337 2.0548e+07 4.1095e+05
0.338 2.6924e+07 5.3848e+05
0.339 2.1745e+07 4.3489e+05
0.34 2.0154e+07 4.0308e+05
0.341 2.3628e+07 4.7257e+05
0.342 2.5133e+07 5.0267e+05
0.343 1.9015e+07 3.8029e+05
0.344 4.1928e+07 8.3856e+05
0.345 2.5665e+07 5.1329e+05
0.346 1.5385e+07 3.0769e+05
0.347 9.0738e+06 1.8148e+05
0.348 3.3315e+07 6.6631e+05
0.349 2.6832e+07 5.3664e+05
0.35 1.9433e+07 3.8866e+05
0.351 3.1693e+07 6.3386e+05
0.352 2.9109e+07 5.8218e+05
0.353 3.2876e+07 6.5753e+05
0.354 2.2631e+07 4.5261e+05
0.355 2.7623e+07 5.5245e+05
0.356 1.8804e+07 3.7608e+05
0.357 9.5843e+06 1.9169e+05
0.358 2.6333e+07 5.2666e+05
0.359 2.2106e+07 4.4212e+05
0.36 1.7807e+07 3.5615e+05
0.361 2.5532e+07 5.1064e+05
0.362 2.6295e+07 5.259e+05
0.363 4.2816e+07 8.5632e+05
0.364 3.0249e+07 6.0497e+05
0.365 2.4717e+07 4.9435e+05
0.366 1.1598e+07 2.3197e+05
0.367 1.907e+07 3.8141e+05
0.368 3.3552e+07 6.7104e+05
0.369 3.3126e+07 6.6253e+05
0.37 2.3065e+07 4.6131e+05
0.371 1.7922e+07 3.5845e+05
0.372 3.7754e+07 7.5507e+05
0.373 3.7362e+07 7.4724e+05
0.374 1.9223e+07 3.8446e+05
0.375 4.9143e+07 9.8287e+05
0.376 2.0537e+07 4.1073e+05
0.377 2.2476e+07 4.4953e+05
0.378 4.3129e+07 8.6257e+05
0.379 2.8666e+07 5.7332e+05
0.38 3.1344e+07 6.2688e+05
0.381 3.3452e+07 6.6904e+05
0.382 1.2587e+07 2.5175e+05
0.383 3.5077e+07 7.0155e+05
0.384 4.144e+07 8.288e+05
0.385 3.2618e+07 6.5237e+05
0.386 2.814e+07 5.6279e+05
0.387 4.3769e+07 8.7539e+05
0.388 2.919e+07 5.838e+05
0.389 2.4246e+07 4.8493e+05
0.39 3.5559e+07 7.1119e+05
0.391 3.5056e+07 7.0113e+05
0.392 3.3289e+07 6.6578e+05
0.393 3.409e+07 6.818e+05
0.394 2.2115e+07 4.4231e+05
0.395 3.3301e+07 6.6601e+05
0.396 3.5909e+07 7.1818e+05
0.397 3.0918e+07 6.1836e+05
0.398 3.4534e+07 6.9068e+05
0.399 2.9578e+07 5.9157e+05
0.4 4.2232e+07 8.4464e+05
0.401 4.9802e+07 9.9605e+05
0.402 4.9562e+07 9.9124e+05
0.403 3.7863e+07 7.5726e+05
0.404 4.3832e+07 8.7664e+05
0.405 4.7605e+07 9.521e+05
0.406 4.8181e+07 9.6361e+05
0.407 2.5812e+07 5.1624e+05
0.408 3.4887e+07 6.9773e+05
0.409 4.9998e+07 9.9996e+05
0.41 3.776e+07 7.5521e+05
0.411 2.7242e+07 5.4484e+05
0.412 5.1822e+07 1.0364e+06
0.413 4.1214e+07 8.2427e+05
0.414 3.1893e+07 6.3786e+05
0.415 4.87e+07 9.7401e+05
0.416 2.6231e+07 5.2461e+05
0.417 4.2478e+07 8.4956e+05
0.418 3.5208e+07 7.0416e+05
0.419 2.0737e+07 4.1475e+05
0.42 4.2555e+07 8.5109e+05
0.421 5.3718e+07 1.0744e+06
0.422 4.4542e+07 8.9084e+05
0.423 3.7585e+07 7.517e+05
0.424 3.81e+07 7.62e+05
0.425 4.8883e+07 9.7766e+05
0.426 3.3639e+07 6.7278e+05
0.427 4.7649e+07 9.5298e+05
0.428 5.2897e+07 1.0579e+06
0.429 3.5225e+07 7.045e+05
0.43 4.285e+07 8.5701e+05
0.431 5.9809e+07 1.1962e+06
0.432 4.3533e+07 8.7066e+05
0.433 4.1502e+07 8.3005e+05
0.434 3.7448e+07 7.4897e+05
0.435 5.0533e+07 1.0107e+06
0.436 2.262e+07 4.524e+05
0.437 5.7064e+07 1.1413e+06
0.438 6.3633e+07 1.2727e+06
0.439 3.6941e+07 7.3882e+05
0.44 4.4523e+07 8.9046e+05
0.441 4.8428e+07 9.6856e+05
0.442 3.9723e+07 7.9445e+05
0.443 5.261e+07 1.0522e+06
0.444 4.8927e+07 9.7854e+05
0.445 4.7338e+07 9.4675e+05
0.446 3.7781e+07 7.5563e+05
0.447 5.1836e+07 1.0367e+06
0.448 5.3223e+07 1.0645e+06
0.449 7.2203e+07 1.4441e+06
0.45 4.4147e+07 8.8293e+05
0.451 4.8455e+07 9.691e+05
0.452 5.4321e+07 1.0864e+06
0.453 4.9057e+07 9.8113e+05
0.454 4.8633e+07 9.7266e+05
0.455 4.6797e+07 9.3594e+05
0.456 5.8021e+07 1.1604e+06
0.457 4.7116e+07 9.4232e+05
0.458 5.0633e+07 1.0127e+06
0.459 6.2898e+07 1.258e+06
0.46 5.8609e+07 1.1722e+06
0.461 5.5224e+07 1.1045e+06
0.462 5.1716e+07 1.0343e+06
0.463 4.047e+07 8.0939e+05
0.464 4.3746e+07 8.7492e+05
0.465 5.0335e+07 1.0067e+06
0.466 4.7986e+07 9.5973e+05
0.467 6.5088e+07 1.3018e+06
0.468 5.8248e+07 1.165e+06
0.469 5.1834e+07 1.0367e+06
0.47 6.1564e+07 1.2313e+06
0.471 2.7739e+07 5.5478e+05
0.472 5.8789e+07 1.1758e+06
0.473 5.1526e+07 1.0305e+06
0.474 5.9886e+07 1.1977e+06
0.475 4.6654e+07 9.3309e+05
0.476 6.1243e+07 1.2249e+06
0.477 4.9738e+07 9.9476e+05
0.478 5.4622e+07 1.0924e+06
0.479 4.804e+07 9.608e+05
0.48 6.735e+07 1.347e+06
0.481 6.6344e+07 1.3269e+06
0.482 5.5872e+07 1.1174e+06
0.483 6.0926e+07 1.2185e+06
0.484 5.8652e+07 1.173e+06
0.485 5.7275e+07 1.1455e+06
0.486 5.2859e+07 1.0572e+06
0.487 5.1586e+07 1.0317e+06
0.488 5.295e+07 1.059e+06
0.489 6.0131e+07 1.2026e+06
0.49 6.3032e+07 1.2606e+06
0.491 5.0813e+07 1.0163e+06
0.492 6.0964e+07 1.2193e+06
0.493 4.8698e+07 9.7396e+05
0.494 5.0224e+07 1.0045e+06
0.495 4.7864e+07 9.5729e+05
0.496 4.4054e+07 8.8109e+05
0.497 5.687e+07 1.1374e+06
0.498 4.0123e+07 8.0246e+05
0.499 5.0597e+07 1.0119e+06
0.5 5.8505e+07 1.1701e+06
