0.001 3.5414e+09 6.3294e+07
0.002 3.5907e+09 4.4751e+07
0.003 3.4669e+09 3.6533e+07
0.004 3.4943e+09 3.1631e+07
0.005 3.4641e+09 2.8283e+07
0.006 3.5111e+09 2.581e+07
0.007 3.4925e+09 2.3885e+07
0.008 3.4968e+09 2.2331e+07
0.009 3.4661e+09 2.1042e+07
0.01 3.467e+09 1.9949e+07
0.011 3.4501e+09 1.9008e+07
0.012 3.4304e+09 1.8185e+07
0.013 3.4447e+09 1.7457e+07
0.014 3.4444e+09 1.6807e+07
0.015 3.4091e+09 1.6221e+07
0.016 3.382e+09 1.569e+07
0.017 3.391e+09 1.5205e+07
0.018 3.3583e+09 1.4759e+07
0.019 3.3883e+09 1.4348e+07
0.02 3.3781e+09 1.3967e+07
0.021 3.3381e+09 1.3612e+07
0.022 3.3458e+09 1.328e+07
0.023 3.3333e+09 1.2969e+07
0.024 3.3201e+09 1.2676e+07
0.025 3.3302e+09 1.24e+07
0.026 3.2619e+09 1.2139e+07
0.027 3.2475e+09 1.1892e+07
0.028 3.2406e+09 1.1657e+07
0.029 3.2228e+09 1.1433e+07
0.03 3.2008e+09 1.1219e+07
0.031 3.1734e+09 1.1015e+07
0.032 3.1583e+09 1.0819e+07
0.033 3.1497e+09 1.0632e+07
0.034 3.1317e+09 1.0452e+07
0.035 3.0931e+09 1.0279e+07
0.036 3.0653e+09 1.0112e+07
0.037 3.0674e+09 9.9513e+06
0.038 3.024e+09 9.7961e+06
0.039 3.0007e+09 9.6462e+06
0.04 2.9958e+09 9.5011e+06
0.041 2.9714e+09 9.3606e+06
0.042 2.9392e+09 9.2244e+06
0.043 2.9174e+09 9.0923e+06
0.044 2.8837e+09 8.964e+06
0.045 2.8664e+09 8.8394e+06
0.046 2.8485e+09 8.7182e+06
0.047 2.8134e+09 8.6002e+06
0.048 2.7993e+09 8.4853e+06
0.049 2.7462e+09 8.3734e+06
0.05 2.7387e+09 8.2642e+06
0.051 2.7112e+09 8.1577e+06
0.052 2.6954e+09 8.0538e+06
0.053 2.6613e+09 7.9522e+06
0.054 2.6188e+09 7.853e+06
0.055 2.604e+09 7.756e+06
0.056 2.576e+09 7.6611e+06
0.057 2.5321e+09 7.5683e+06
0.058 2.5105e+09 7.4774e+06
0.059 2.4852e+09 7.3884e+06
0.06 2.4625e+09 7.3012e+06
0.061 2.4353e+09 7.2158e+06
0.062 2.4098e+09 7.132e+06
0.063 2.3695e+09 7.0499e+06
0.064 2.3337e+09 6.9693e+06
0.065 2.3095e+09 6.8902e+06
0.066 2.2852e+09 6.8126e+06
0.067 2.2548e+09 6.7365e+06
0.068 2.2209e+09 6.6617e+06
0.069 2.1905e+09 6.5882e+06
0.07 2.1731e+09 6.5161e+06
0.071 2.1398e+09 6.4452e+06
0.072 2.1031e+09 6.3755e+06
0.073 2.0826e+09 6.307e+06
0.074 2.0531e+09 6.2397e+06
0.075 2.0201e+09 6.1735e+06
0.076 1.996e+09 6.1084e+06
0.077 1.9582e+09 6.0443e+06
0.078 1.9212e+09 5.9814e+06
0.079 1.9155e+09 5.9194e+06
0.08 1.8792e+09 5.8585e+06
0.081 1.8431e+09 5.7985e+06
0.082 1.822e+09 5.7395e+06
0.083 1.7883e+09 5.6815e+06
0.084 1.7518e+09 5.6243e+06
0.085 1.7295e+09 5.5681e+06
0.086 1.6977e+09 5.5127e+06
0.087 1.6682e+09 5.4582e+06
0.088 1.6532e+09 5.4046e+06
0.089 1.625e+09 5.3518e+06
0.09 1.5888e+09 5.2998e+06
0.091 1.5652e+09 5.2487e+06
0.092 1.5493e+09 5.1983e+06
0.093 1.5055e+09 5.1487e+06
0.094 1.482e+09 5.0999e+06
0.095 1.4607e+09 5.0518e+06
0.096 1.4239e+09 5.0045e+06
0.097 1.4033e+09 4.9579e+06
0.098 1.3867e+09 4.9121e+06
0.099 1.3642e+09 4.8669e+06
0.1 1.3425e+09 4.8225e+06
0.101 1.3108e+09 4.7787e+06
0.102 1.2889e+09 4.7356e+06
0.103 1.2615e+09 4.6932e+06
0.104 1.2386e+09 4.6515e+06
0.105 1.2163e+09 4.6104e+06
0.106 1.1893e+09 4.5699e+06
0.107 1.1678e+09 4.5301e+06
0.108 1.1356e+09 4.4909e+06
0.109 1.1245e+09 4.4523e+06
0.11 1.0988e+09 4.4144e+06
0.111 1.0781e+09 4.377e+06
0.112 1.0569e+09 4.3402e+06
0.113 1.0323e+09 4.304e+06
0.114 1.0147e+09 4.2684e+06
0.115 9.9318e+08 4.2334e+06
0.116 9.7422e+08 4.1989e+06
0.117 9.499e+08 4.165e+06
0.118 9.3791e+08 4.1316e+06
0.119 9.0965e+08 4.0988e+06
0.12 8.8827e+08 4.0665e+06
0.121 8.7518e+08 4.0347e+06
0.122 8.644e+08 4.0035e+06
0.123 8.3142e+08 3.9728e+06
0.124 8.1604e+08 3.9425e+06
0.125 8.121e+08 3.9128e+06
0.126 7.9234e+08 3.8835e+06
0.127 7.6723e+08 3.8548e+06
0.128 7.4552e+08 3.8265e+06
0.129 7.3503e+08 3.7987e+06
0.13 7.1874e+08 3.7713e+06
0.131 7.0304e+08 3.7445e+06
0.132 6.8292e+08 3.718e+06
0.133 6.7897e+08 3.692e+06
0.134 6.5915e+08 3.6665e+06
0.135 6.4411e+08 3.6413e+06
0.136 6.3443e+08 3.6166e+06
0.137 6.2292e+08 3.5923e+06
0.138 5.9949e+08 3.5685e+06
0.139 5.9442e+08 3.545e+06
0.14 5.78e+08 3.5219e+06
0.141 5.6667e+08 3.4992e+06
0.142 5.5497e+08 3.4769e+06
0.143 5.3223e+08 3.455e+06
0.144 5.2762e+08 3.4335e+06
0.145 5.1419e+08 3.4123e+06
0.146 5.0323e+08 3.3915e+06
0.147 4.8135e+08 3.371e+06
0.148 4.817e+08 3.3509e+06
0.149 4.6473e+08 3.3311e+06
0.15 4.5897e+08 3.3117e+06
0.151 4.4537e+08 3.2925e+06
0.152 4.3704e+08 3.2737e+06
0.153 4.3049e+08 3.2553e+06
0.154 4.2239e+08 3.2371e+06
0.155 4.0516e+08 3.2192e+06
0.156 3.9843e+08 3.2017e+06
0.157 3.925e+08 3.1844e+06
0.158 3.7956e+08 3.1674e+06
0.159 3.7131e+08 3.1507e+06
0.16 3.6192e+08 3.1343e+06
0.161 3.5123e+08 3.1181e+06
0.162 3.4769e+08 3.1023e+06
0.163 3.3911e+08 3.0866e+06
0.164 3.3536e+08 3.0713e+06
0.165 3.2637e+08 3.0561e+06
0.166 3.1813e+08 3.0413e+06
0.167 3.0521e+08 3.0266e+06
0.168 2.9951e+08 3.0122e+06
0.169 2.9681e+08 2.998e+06
0.17 2.8977e+08 2.9841e+06
0.171 2.8105e+08 2.9703e+06
0.172 2.7499e+08 2.9568e+06
0.173 2.7547e+08 2.9435e+06
0.174 2.6045e+08 2.9304e+06
0.175 2.5647e+08 2.9175e+06
0.176 2.507e+08 2.9048e+06
0.177 2.4642e+08 2.8923e+06
0.178 2.4343e+08 2.8799e+06
0.179 2.3321e+08 2.8678e+06
0.18 2.3193e+08 2.8558e+06
0.181 2.2059e+08 2.8441e+06
0.182 2.1631e+08 2.8324e+06
0.183 2.1362e+08 2.821e+06
0.184 2.0743e+08 2.8097e+06
0.185 2.0615e+08 2.7986e+06
0.186 2.0173e+08 2.7876e+06
0.187 1.9462e+08 2.7768e+06
0.188 1.8584e+08 2.7662e+06
0.189 1.8771e+08 2.7556e+06
0.19 1.8055e+08 2.7453e+06
0.191 1.7946e+08 2.735e+06
0.192 1.7164e+08 2.7249e+06
0.193 1.7576e+08 2.715e+06
0.194 1.7137e+08 2.7052e+06
0.195 1.6243e+08 2.6955e+06
0.196 1.6042e+08 2.6859e+06
0.197 1.5681e+08 2.6764e+06
0.198 1.5123e+08 2.6671e+06
0.199 1.5358e+08 2.6579e+06
0.2 1.4361e+08 2.6488e+06
0.201 1.4207e+08 2.6398e+06
0.202 1.4163e+08 2.631e+06
0.203 1.3786e+08 2.6222e+06
0.204 1.3735e+08 2.6136e+06
0.205 1.3087e+08 2.605e+06
0.206 1.2352e+08 2.5966e+06
0.207 1.2441e+08 2.5882e+06
0.208 1.2163e+08 2.58e+06
0.209 1.2397e+08 2.5718e+06
0.21 1.1599e+08 2.5637e+06
0.211 1.1663e+08 2.5558e+06
0.212 1.1002e+08 2.5479e+06
0.213 1.0377e+08 2.5401e+06
0.214 1.0234e+08 2.5324e+06
0.215 1.0747e+08 2.5248e+06
0.216 1.0159e+08 2.5173e+06
0.217 1.0003e+08 2.5098e+06
0.218 9.7696e+07 2.5025e+06
0.219 9.2073e+07 2.4952e+06
0.22 9.1634e+07 2.488e+06
0.221 9.4552e+07 2.4809e+06
0.222 9.1837e+07 2.4738e+06
0.223 8.2744e+07 2.4668e+06
0.224 8.3876e+07 2.4599e+06
0.225 8.3306e+07 2.4531e+06
0.226 8.011e+07 2.4463e+06
0.227 8.0125e+07 2.4396e+06
0.228 7.2236e+07 2.433e+06
0.229 7.7435e+07 2.4265e+06
0.23 7.3527e+07 2.42e+06
0.231 7.3677e+07 2.4136e+06
0.232 7.4488e+07 2.4072e+06
0.233 7.0228e+07 2.4009e+06
0.234 6.9092e+07 2.3947e+06
0.235 6.8799e+07 2.3886e+06
0.236 6.7206e+07 2.3825e+06
0.237 6.2208e+07 2.3764e+06
0.238 6.0855e+07 2.3704e+06
0.239 6.0466e+07 2.3645e+06
0.24 5.8988e+07 2.3587e+06
0.241 5.9699e+07 2.3529e+06
0.242 5.5173e+07 2.3471e+06
0.243 5.4548e+07 2.3414e+06
0.244 5.4306e+07 2.3358e+06
0.245 5.4774e+07 2.3302e+06
0.246 4.9298e+07 2.3247e+06
0.247 4.9546e+07 2.3192e+06
0.248 5.0227e+07 2.3138e+06
0.249 4.9034e+07 2.3084e+06
0.25 4.7031e+07 2.3031e+06
0.251 4.4629e+07 2.2978e+06
0.252 4.2107e+07 2.2926e+06
0.253 3.7984e+07 2.2874e+06
0.254 4.3904e+07 2.2823e+06
0.255 4.062e+07 2.2772e+06
0.256 4.1445e+07 2.2722e+06
0.257 3.8803e+07 2.2672e+06
0.258 3.6464e+07 2.2623e+06
0.259 3.9763e+07 2.2574e+06
0.26 3.6199e+07 2.2525e+06
0.261 3.4516e+07 2.2477e+06
0.262 3.531e+07 2.243e+06
0.263 3.6726e+07 2.2383e+06
0.264 3.5911e+07 2.2336e+06
0.265 3.5847e+07 2.229e+06
0.266 3.701e+07 2.2244e+06
0.267 3.3666e+07 2.2198e+06
0.268 3.5594e+07 2.2153e+06
0.269 3.4791e+07 2.2109e+06
0.27 3.3055e+07 2.2064e+06
0.271 3.3509e+07 2.202e+06
0.272 3.0252e+07 2.1977e+06
0.273 3.023e+07 2.1934e+06
0.274 2.9222e+07 2.1891e+06
0.275 3.0086e+07 2.1848e+06
0.276 2.7699e+07 2.1806e+06
0.277 3.0456e+07 2.1764e+06
0.278 2.6922e+07 2.1723e+06
0.279 2.2547e+07 2.1682e+06
0.28 2.8291e+07 2.1641e+06
0.281 2.7672e+07 2.1601e+06
0.282 2.4291e+07 2.1561e+06
0.283 3.1388e+07 2.1521e+06
0.284 2.2365e+07 2.1482e+06
0.285 2.674e+07 2.1442e+06
0.286 2.4219e+07 2.1404e+06
0.287 2.8162e+07 2.1365e+06
0.288 2.8248e+07 2.1327e+06
0.289 2.8406e+07 2.1289e+06
0.29 2.5719e+07 2.1251e+06
0.291 2.528e+07 2.1214e+06
0.292 2.6967e+07 2.1177e+06
0.293 2.5794e+07 2.114e+06
0.294 2.5681e+07 2.1103e+06
0.295 2.5418e+07 2.1067e+06
0.296 2.4098e+07 2.1031e+06
0.297 2.7696e+07 2.0995e+06
0.298 2.9084e+07 2.096e+06
0.299 2.2861e+07 2.0924e+06
0.3 2.6599e+07 2.0889e+06
0.301 2.7686e+07 2.0854e+06
0.302 2.512e+07 2.082e+06
0.303 2.505e+07 2.0785e+06
0.304 2.4319e+07 2.0751e+06
0.305 2.7908e+07 2.0717e+06
0.306 2.422e+07 2.0684e+06
0.307 2.6175e+07 2.065e+06
0.308 2.5919e+07 2.0617e+06
0.309 2.3826e+07 2.0584e+06
0.31 2.5207e+07 2.0551e+06
0.311 2.2754e+07 2.0518e+06
0.312 2.7356e+07 2.0486e+06
0.313 2.3983e+07 2.0454e+06
0.314 2.4844e+07 2.0421e+06
0.315 2.4506e+07 2.039e+06
0.316 2.8932e+07 2.0358e+06
0.317 2.2538e+07 2.0326e+06
0.318 2.7009e+07 2.0295e+06
0.319 2.5856e+07 2.0264e+06
0.32 2.6312e+07 2.0233e+06
0.321 2.3705e+07 2.0202e+06
0.322 2.4217e+07 2.0171e+06
0.323 2.3942e+07 2.0141e+06
0.324 2.6049e+07 2.011e+06
0.325 2.938e+07 2.008e+06
0.326 2.4991e+07 2.005e+06
0.327 2.6821e+07 2.002e+06
0.328 2.4487e+07 1.9991e+06
0.329 2.5977e+07 1.9961e+06
0.33 2.6184e+07 1.9931e+06
0.331 2.7114e+07 1.9902e+06
0.332 2.5625e+07 1.9873e+06
0.333 2.946e+07 1.9844e+06
0.334 3.1755e+07 1.9815e+06
0.335 3.0567e+07 1.9786e+06
0.336 2.9709e+07 1.9758e+06
0.337 2.9742e+07 1.9729e+06
0.338 2.9899e+07 1.9701e+06
0.339 3.1295e+07 1.9673e+06
0.34 2.9401e+07 1.9645e+06
0.341 2.8573e+07 1.9617e+06
0.342 2.9927e+07 1.9589e+06
0.343 2.8803e+07 1.9561e+06
0.344 3.2005e+07 1.9534e+06
0.345 2.9584e+07 1.9506e+06
0.346 3.1782e+07 1.9479e+06
0.347 3.0398e+07 1.9452e+06
0.348 3.3809e+07 1.9425e+06
0.349 3.1887e+07 1.9398e+06
0.35 3.3337e+07 1.9371e+06
0.351 3.5649e+07 1.9344e+06
0.352 2.8108e+07 1.9318e+06
0.353 3.294e+07 1.9291e+06
0.354 2.9325e+07 1.9265e+06
0.355 3.0071e+07 1.9238e+06
0.356 3.3474e+07 1.9212e+06
0.357 3.3577e+07 1.9186e+06
0.358 3.3883e+07 1.916e+06
0.359 3.0205e+07 1.9134e+06
0.36 3.4731e+07 1.9108e+06
0.361 3.3501e+07 1.9083e+06
0.362 2.9348e+07 1.9057e+06
0.363 3.2001e+07 1.9032e+06
0.364 3.1747e+07 1.9006e+06
0.365 3.4676e+07 1.8981e+06
0.366 3.4227e+07 1.8956e+06
0.367 3.0704e+07 1.8931e+06
0.368 3.1627e+07 1.8906e+06
0.369 3.645e+07 1.8881e+06
0.37 3.2112e+07 1.8856e+06
0.371 3.6496e+07 1.8831e+06
0.372 3.1214e+07 1.8807e+06
0.373 3.47e+07 1.8782e+06
0.374 3.3481e+07 1.8758e+06
0.375 3.5384e+07 1.8733e+06
0.376 3.8617e+07 1.8709e+06
0.377 3.383e+07 1.8685e+06
0.378 3.2166e+07 1.8661e+06
0.379 3.3821e+07 1.8637e+06
0.38 3.7192e+07 1.8613e+06
0.381 3.7555e+07 1.8589e+06
0.382 3.4885e+07 1.8565e+06
0.383 3.4479e+07 1.8541e+06
0.384 3.512e+07 1.8518e+06
0.385 3.4591e+07 1.8494e+06
0.386 3.5825e+07 1.8471e+06
0.387 3.4188e+07 1.8447e+06
0.388 3.5988e+07 1.8424e+06
0.389 3.3654e+07 1.8401e+06
0.39 3.5948e+07 1.8378e+06
0.391 3.8366e+07 1.8355e+06
0.392 3.5636e+07 1.8332e+06
0.393 3.8126e+07 1.8309e+06
0.394 3.5668e+07 1.8286e+06
0.395 3.6739e+07 1.8263e+06
0.396 3.5502e+07 1.8241e+06
0.397 3.456e+07 1.8218e+06
0.398 3.661e+07 1.8195e+06
0.399 3.3289e+07 1.8173e+06
0.4 3.7241e+07 1.8151e+06
0.401 4.0423e+07 1.8128e+06
0.402 3.4908e+07 1.8106e+06
0.403 3.6379e+07 1.8084e+06
0.404 3.6965e+07 1.8062e+06
0.405 3.3648e+07 1.804e+06
0.406 4.1079e+07 1.8018e+06
0.407 3.8369e+07 1.7996e+06
0.408 3.5986e+07 1.7974e+06
0.409 3.4819e+07 1.7952e+06
0.41 3.5893e+07 1.793e+06
0.411 3.7848e+07 1.7909e+06
0.412 3.3643e+07 1.7887e+06
0.413 3.7864e+07 1.7866e+06
0.414 3.3711e+07 1.7844e+06
0.415 3.9357e+07 1.7823e+06
0.416 3.7572e+07 1.7802e+06
0.417 3.8367e+07 1.778e+06
0.418 3.4446e+07 1.7759e+06
0.419 3.819e+07 1.7738e+06
0.42 3.9019e+07 1.7717e+06
0.421 3.4474e+07 1.7696e+06
0.422 3.7425e+07 1.7675e+06
0.423 3.5916e+07 1.7654e+06
0.424 3.6396e+07 1.7633e+06
0.425 3.9475e+07 1.7612e+06
0.426 3.7243e+07 1.7592e+06
0.427 3.7786e+07 1.7571e+06
0.428 3.8058e+07 1.755e+06
0.429 3.7801e+07 1.753e+06
0.43 3.9461e+07 1.7509e+06
0.431 3.5667e+07 1.7489e+06
0.432 3.8359e+07 1.7468e+06
0.433 3.5076e+07 1.7448e+06
0.434 3.6515e+07 1.7428e+06
0.435 3.7257e+07 1.7408e+06
0.436 3.4037e+07 1.7388e+06
0.437 3.5882e+07 1.7367e+06
0.438 3.5655e+07 1.7347e+06
0.439 3.4347e+07 1.7327e+06
0.44 3.3356e+07 1.7308e+06
0.441 3.8904e+07 1.7288e+06
0.442 3.6892e+07 1.7268e+06
0.443 3.8464e+07 1.7248e+06
0.444 3.8314e+07 1.7228e+06
0.445 3.6251e+07 1.7209e+06
0.446 3.6283e+07 1.7189e+06
0.447 3.6243e+07 1.717e+06
0.448 3.1948e+07 1.715e+06
0.449 3.3132e+07 1.7131e+06
0.45 3.6649e+07 1.7111e+06
0.451 3.447e+07 1.7092e+06
0.452 3.7587e+07 1.7073e+06
0.453 3.6577e+07 1.7054e+06
0.454 3.5272e+07 1.7035e+06
0.455 3.6002e+07 1.7015e+06
0.456 3.5836e+07 1.6996e+06
0.457 3.2465e+07 1.6977e+06
0.458 3.7446e+07 1.6958e+06
0.459 3.6155e+07 1.694e+06
0.46 3.4298e+07 1.6921e+06
0.461 3.5391e+07 1.6902e+06
0.462 3.6215e+07 1.6883e+06
0.463 3.5315e+07 1.6865e+06
0.464 3.6031e+07 1.6846e+06
0.465 3.4557e+07 1.6828e+06
0.466 3.5876e+07 1.6809e+06
0.467 3.362e+07 1.6791e+06
0.468 3.3287e+07 1.6772e+06
0.469 3.2927e+07 1.6754e+06
0.47 3.3926e+07 1.6736e+06
0.471 3.5321e+07 1.6717e+06
0.472 3.5446e+07 1.6699e+06
0.473 3.5518e+07 1.6681e+06
0.474 3.5405e+07 1.6663e+06
0.475 3.1254e+07 1.6645e+06
0.476 3.3897e+07 1.6627e+06
0.477 3.2206e+07 1.6609e+06
0.478 3.3064e+07 1.6591e+06
0.479 3.4351e+07 1.6574e+06
0.48 3.1518e+07 1.6556e+06
0.481 3.3342e+07 1.6538e+06
0.482 3.3196e+07 1.6521e+06
0.483 3.5086e+07 1.6503e+06
0.484 3.3871e+07 1.6485e+06
0.485 3.2205e+07 1.6468e+06
0.486 3.357e+07 1.6451e+06
0.487 2.9436e+07 1.6433e+06
0.488 3.2463e+07 1.6416e+06
0.489 3.3866e+07 1.6399e+06
0.49 3.3219e+07 1.6381e+06
0.491 2.8452e+07 1.6364e+06
0.492 3.3548e+07 1.6347e+06
0.493 3.3471e+07 1.633e+06
0.494 3.2832e+07 1.6313e+06
0.495 3.0684e+07 1.6296e+06
0.496 3.3116e+07 1.6279e+06
0.497 3.0105e+07 1.6263e+06
0.498 3.0219e+07 1.6246e+06
0.499 3.0917e+07 1.6229e+06
0.5 3.1419e+07 1.6212e+06
