0.001 1.7297e+09 1.03e+08
0.002 1.6096e+09 7.283e+07
0.003 1.6643e+09 5.946e+07
0.004 1.7069e+09 5.1486e+07
0.005 1.5914e+09 4.6042e+07
0.006 1.6536e+09 4.2021e+07
0.007 1.6253e+09 3.8894e+07
0.008 1.6327e+09 3.6371e+07
0.009 1.6874e+09 3.4279e+07
0.01 1.6801e+09 3.2507e+07
0.011 1.7198e+09 3.0981e+07
0.012 1.6261e+09 2.9649e+07
0.013 1.6235e+09 2.8471e+07
0.014 1.6281e+09 2.7421e+07
0.015 1.5779e+09 2.6475e+07
0.016 1.6214e+09 2.5619e+07
0.017 1.6335e+09 2.4837e+07
0.018 1.615e+09 2.412e+07
0.019 1.6128e+09 2.346e+07
0.02 1.6163e+09 2.2848e+07
0.021 1.6092e+09 2.2279e+07
0.022 1.612e+09 2.1748e+07
0.023 1.5599e+09 2.1251e+07
0.024 1.5633e+09 2.0784e+07
0.025 1.5613e+09 2.0344e+07
0.026 1.5935e+09 1.9929e+07
0.027 1.5735e+09 1.9536e+07
0.028 1.5546e+09 1.9163e+07
0.029 1.5884e+09 1.8808e+07
0.03 1.5663e+09 1.847e+07
0.031 1.5625e+09 1.8148e+07
0.032 1.5588e+09 1.784e+07
0.033 1.5269e+09 1.7545e+07
0.034 1.5172e+09 1.7263e+07
0.035 1.5249e+09 1.6991e+07
0.036 1.4845e+09 1.6731e+07
0.037 1.4881e+09 1.6479e+07
0.038 1.5079e+09 1.6237e+07
0.039 1.5114e+09 1.6004e+07
0.04 1.4638e+09 1.5779e+07
0.041 1.4671e+09 1.5561e+07
0.042 1.4835e+09 1.535e+07
0.043 1.4605e+09 1.5145e+07
0.044 1.4403e+09 1.4947e+07
0.045 1.454e+09 1.4755e+07
0.046 1.429e+09 1.4569e+07
0.047 1.3996e+09 1.4388e+07
0.048 1.41e+09 1.4211e+07
0.049 1.4071e+09 1.404e+07
0.05 1.4042e+09 1.3873e+07
0.051 1.3835e+09 1.371e+07
0.052 1.3728e+09 1.3552e+07
0.053 1.3632e+09 1.3397e+07
0.054 1.343e+09 1.3246e+07
0.055 1.3488e+09 1.3099e+07
0.056 1.3264e+09 1.2955e+07
0.057 1.2941e+09 1.2814e+07
0.058 1.2967e+09 1.2676e+07
0.059 1.2994e+09 1.2542e+07
0.06 1.2853e+09 1.241e+07
0.061 1.262e+09 1.2281e+07
0.062 1.2436e+09 1.2155e+07
0.063 1.23e+09 1.2031e+07
0.064 1.2411e+09 1.1909e+07
0.065 1.2289e+09 1.179e+07
0.066 1.2181e+09 1.1674e+07
0.067 1.2007e+09 1.1559e+07
0.068 1.2123e+09 1.1447e+07
0.069 1.1828e+09 1.1337e+07
0.07 1.1818e+09 1.1228e+07
0.071 1.1584e+09 1.1122e+07
0.072 1.1216e+09 1.1017e+07
0.073 1.131e+09 1.0915e+07
0.074 1.1294e+09 1.0814e+07
0.075 1.1138e+09 1.0714e+07
0.076 1.1048e+09 1.0617e+07
0.077 1.0999e+09 1.0521e+07
0.078 1.0769e+09 1.0426e+07
0.079 1.0641e+09 1.0333e+07
0.08 1.0376e+09 1.0242e+07
0.081 1.0298e+09 1.0152e+07
0.082 1.013e+09 1.0063e+07
0.083 1.0193e+09 9.9756e+06
0.084 9.9554e+08 9.8896e+06
0.085 1.0044e+09 9.8049e+06
0.086 9.824e+08 9.7215e+06
0.087 9.8474e+08 9.6394e+06
0.088 9.5373e+08 9.5584e+06
0.089 9.4818e+08 9.4786e+06
0.09 9.2179e+08 9.4e+06
0.091 9.1884e+08 9.3225e+06
0.092 9.1174e+08 9.2462e+06
0.093 9.1453e+08 9.1709e+06
0.094 8.7285e+08 9.0966e+06
0.095 8.652e+08 9.0234e+06
0.096 8.664e+08 8.9513e+06
0.097 8.3145e+08 8.8801e+06
0.098 8.3236e+08 8.81e+06
0.099 8.2426e+08 8.7408e+06
0.1 8.0568e+08 8.6725e+06
0.101 7.9838e+08 8.6052e+06
0.102 7.9644e+08 8.5388e+06
0.103 7.8153e+08 8.4733e+06
0.104 7.7012e+08 8.4086e+06
0.105 7.633e+08 8.3449e+06
0.106 7.3706e+08 8.282e+06
0.107 7.3778e+08 8.2199e+06
0.108 7.2552e+08 8.1587e+06
0.109 7.1415e+08 8.0983e+06
0.11 7.0938e+08 8.0387e+06
0.111 6.9309e+08 7.9799e+06
0.112 6.9055e+08 7.9219e+06
0.113 6.587e+08 7.8647e+06
0.114 6.5866e+08 7.8082e+06
0.115 6.4427e+08 7.7525e+06
0.116 6.4845e+08 7.6975e+06
0.117 6.2975e+08 7.6432e+06
0.118 6.1521e+08 7.5897e+06
0.119 6.1298e+08 7.5369e+06
0.12 5.8137e+08 7.4847e+06
0.121 5.8429e+08 7.4333e+06
0.122 5.7852e+08 7.3825e+06
0.123 5.5167e+08 7.3325e+06
0.124 5.7106e+08 7.283e+06
0.125 5.4184e+08 7.2343e+06
0.126 5.4128e+08 7.1862e+06
0.127 5.1853e+08 7.1387e+06
0.128 5.2184e+08 7.0919e+06
0.129 4.9817e+08 7.0457e+06
0.13 5.0358e+08 7.0001e+06
0.131 4.6945e+08 6.9551e+06
0.132 4.8893e+08 6.9107e+06
0.133 4.7181e+08 6.8669e+06
0.134 4.6046e+08 6.8237e+06
0.135 4.6527e+08 6.7811e+06
0.136 4.4653e+08 6.7391e+06
0.137 4.3089e+08 6.6976e+06
0.138 4.2957e+08 6.6567e+06
0.139 4.1358e+08 6.6163e+06
0.14 4.1157e+08 6.5765e+06
0.141 4.0516e+08 6.5372e+06
0.142 4.0214e+08 6.4985e+06
0.143 3.9597e+08 6.4603e+06
0.144 3.7834e+08 6.4226e+06
0.145 3.7425e+08 6.3854e+06
0.146 3.6379e+08 6.3488e+06
0.147 3.6352e+08 6.3126e+06
0.148 3.5896e+08 6.277e+06
0.149 3.4736e+08 6.2418e+06
0.15 3.4007e+08 6.2071e+06
0.151 3.3155e+08 6.1729e+06
0.152 3.2672e+08 6.1391e+06
0.153 3.1483e+08 6.1059e+06
0.154 3.1818e+08 6.073e+06
0.155 2.9607e+08 6.0407e+06
0.156 2.9339e+08 6.0088e+06
0.157 2.9532e+08 5.9773e+06
0.158 2.9591e+08 5.9463e+06
0.159 2.7835e+08 5.9157e+06
0.16 2.7202e+08 5.8855e+06
0.161 2.6736e+08 5.8558e+06
0.162 2.6695e+08 5.8264e+06
0.163 2.5609e+08 5.7975e+06
0.164 2.4716e+08 5.769e+06
0.165 2.4883e+08 5.7408e+06
0.166 2.4136e+08 5.7131e+06
0.167 2.3226e+08 5.6858e+06
0.168 2.3243e+08 5.6588e+06
0.169 2.2485e+08 5.6322e+06
0.17 2.1137e+08 5.606e+06
0.171 2.182e+08 5.5801e+06
0.172 2.1567e+08 5.5546e+06
0.173 2.008e+08 5.5295e+06
0.174 2.0098e+08 5.5047e+06
0.175 1.9544e+08 5.4802e+06
0.176 1.9825e+08 5.4561e+06
0.177 1.9165e+08 5.4324e+06
0.178 1.9197e+08 5.4089e+06
0.179 1.7778e+08 5.3858e+06
0.18 1.7441e+08 5.363e+06
0.181 1.6735e+08 5.3405e+06
0.182 1.7746e+08 5.3183e+06
0.183 1.5977e+08 5.2965e+06
0.184 1.6387e+08 5.2749e+06
0.185 1.5972e+08 5.2536e+06
0.186 1.5031e+08 5.2326e+06
0.187 1.4233e+08 5.2119e+06
0.188 1.4478e+08 5.1915e+06
0.189 1.3843e+08 5.1714e+06
0.19 1.3408e+08 5.1515e+06
0.191 1.3969e+08 5.1319e+06
0.192 1.3472e+08 5.1125e+06
0.193 1.303e+08 5.0935e+06
0.194 1.268e+08 5.0746e+06
0.195 1.2249e+08 5.056e+06
0.196 1.1876e+08 5.0377e+06
0.197 1.1736e+08 5.0196e+06
0.198 1.1603e+08 5.0018e+06
0.199 1.2071e+08 4.9841e+06
0.2 1.1261e+08 4.9667e+06
0.201 1.1038e+08 4.9496e+06
0.202 1.0873e+08 4.9326e+06
0.203 9.9899e+07 4.9159e+06
0.204 9.9153e+07 4.8994e+06
0.205 1.0541e+08 4.8831e+06
0.206 8.6561e+07 4.867e+06
0.207 9.4503e+07 4.851e+06
0.208 9.4876e+07 4.8353e+06
0.209 8.3599e+07 4.8198e+06
0.21 8.4328e+07 4.8045e+06
0.211 8.7293e+07 4.7894e+06
0.212 7.6441e+07 4.7744e+06
0.213 7.7297e+07 4.7597e+06
0.214 8.1622e+07 4.7451e+06
0.215 7.7852e+07 4.7307e+06
0.216 7.0901e+07 4.7164e+06
0.217 6.7938e+07 4.7024e+06
0.218 6.7535e+07 4.6885e+06
0.219 6.2561e+07 4.6747e+06
0.22 6.0469e+07 4.6611e+06
0.221 5.9089e+07 4.6477e+06
0.222 6.0614e+07 4.6344e+06
0.223 6.4943e+07 4.6213e+06
0.224 5.445e+07 4.6083e+06
0.225 6.3985e+07 4.5955e+06
0.226 5.0503e+07 4.5828e+06
0.227 5.4533e+07 4.5703e+06
0.228 5.5434e+07 4.5579e+06
0.229 5.429e+07 4.5456e+06
0.23 5.3482e+07 4.5335e+06
0.231 4.7804e+07 4.5214e+06
0.232 5.3878e+07 4.5096e+06
0.233 4.5102e+07 4.4978e+06
0.234 4.7442e+07 4.4862e+06
0.235 4.3225e+07 4.4747e+06
0.236 5.1128e+07 4.4633e+06
0.237 4.2376e+07 4.452e+06
0.238 4.6632e+07 4.4408e+06
0.239 4.323e+07 4.4298e+06
0.24 4.7443e+07 4.4188e+06
0.241 3.4696e+07 4.408e+06
0.242 4.4155e+07 4.3973e+06
0.243 3.4315e+07 4.3867e+06
0.244 3.4888e+07 4.3762e+06
0.245 3.8148e+07 4.3657e+06
0.246 2.9176e+07 4.3554e+06
0.247 3.667e+07 4.3452e+06
0.248 3.787e+07 4.3351e+06
0.249 2.6603e+07 4.3251e+06
0.25 3.477e+07 4.3152e+06
0.251 4.0236e+07 4.3053e+06
0.252 2.9959e+07 4.2956e+06
0.253 2.9981e+07 4.2859e+06
0.254 3.3434e+07 4.2764e+06
0.255 2.6749e+07 4.2669e+06
0.256 3.9347e+07 4.2575e+06
0.257 3.0677e+07 4.2482e+06
0.258 3.2602e+07 4.2389e+06
0.259 3.0547e+07 4.2298e+06
0.26 2.3198e+07 4.2207e+06
0.261 2.6101e+07 4.2117e+06
0.262 2.5385e+07 4.2028e+06
0.263 2.6556e+07 4.194e+06
0.264 2.2943e+07 4.1852e+06
0.265 2.8053e+07 4.1766e+06
0.266 1.8346e+07 4.1679e+06
0.267 1.8424e+07 4.1594e+06
0.268 2.0755e+07 4.1509e+06
0.269 1.5669e+07 4.1425e+06
0.27 2.642e+07 4.1342e+06
0.271 1.7737e+07 4.1259e+06
0.272 2.5396e+07 4.1177e+06
0.273 2.0814e+07 4.1096e+06
0.274 2.4846e+07 4.1016e+06
0.275 1.6804e+07 4.0936e+06
0.276 1.9446e+07 4.0856e+06
0.277 2.1219e+07 4.0777e+06
0.278 1.7724e+07 4.0699e+06
0.279 1.6369e+07 4.0622e+06
0.28 2.0044e+07 4.0545e+06
0.281 1.6822e+07 4.0469e+06
0.282 1.9061e+07 4.0393e+06
0.283 2.1601e+07 4.0318e+06
0.284 1.9638e+07 4.0243e+06
0.285 1.6936e+07 4.0169e+06
0.286 1.9563e+07 4.0096e+06
0.287 1.567e+07 4.0023e+06
0.288 1.5278e+07 3.9951e+06
0.289 2.5095e+07 3.9879e+06
0.29 1.2977e+07 3.9807e+06
0.291 1.5503e+07 3.9737e+06
0.292 1.4961e+07 3.9666e+06
0.293 1.4179e+07 3.9597e+06
0.294 1.4201e+07 3.9528e+06
0.295 1.3319e+07 3.9459e+06
0.296 2.0478e+07 3.9391e+06
0.297 1.1005e+07 3.9323e+06
0.298 1.9278e+07 3.9255e+06
0.299 1.3556e+07 3.9189e+06
0.3 1.82e+07 3.9122e+06
0.301 1.3693e+07 3.9056e+06
0.302 9.9091e+06 3.8991e+06
0.303 5.1268e+06 3.8926e+06
0.304 1.8209e+07 3.8861e+06
0.305 1.6678e+07 3.8797e+06
0.306 2.0994e+07 3.8734e+06
0.307 2.0642e+07 3.867e+06
0.308 1.8154e+07 3.8608e+06
0.309 1.7128e+07 3.8545e+06
0.31 1.303e+07 3.8483e+06
0.311 1.0145e+07 3.8422e+06
0.312 1.6489e+07 3.836e+06
0.313 1.0329e+07 3.83e+06
0.314 9.8632e+06 3.8239e+06
0.315 1.2461e+07 3.8179e+06
0.316 1.942e+07 3.812e+06
0.317 1.6143e+07 3.806e+06
0.318 1.1873e+07 3.8001e+06
0.319 1.396e+07 3.7943e+06
0.32 8.8935e+06 3.7885e+06
0.321 1.5426e+07 3.7827e+06
0.322 1.1207e+07 3.7769e+06
0.323 1.7052e+07 3.7712e+06
0.324 1.4475e+07 3.7655e+06
0.325 1.5701e+07 3.7599e+06
0.326 1.7332e+07 3.7543e+06
0.327 1.2763e+07 3.7487e+06
0.328 2.1089e+07 3.7432e+06
0.329 1.5246e+07 3.7376e+06
0.33 2.3048e+07 3.7321e+06
0.331 1.664e+07 3.7267e+06
0.332 1.7831e+07 3.7213e+06
0.333 1.7362e+07 3.7159e+06
0.334 1.8528e+07 3.7105e+06
0.335 2.0245e+07 3.7052e+06
0.336 2.0839e+07 3.6999e+06
0.337 1.1607e+07 3.6946e+06
0.338 2.586e+07 3.6893e+06
0.339 1.9964e+07 3.6841e+06
0.34 2.1721e+07 3.6789e+06
0.341 2.0691e+07 3.6737e+06
0.342 2.3856e+07 3.6686e+06
0.343 2.5597e+07 3.6635e+06
0.344 1.663e+07 3.6584e+06
0.345 2.0092e+07 3.6533e+06
0.346 2.2852e+07 3.6483e+06
0.347 2.4962e+07 3.6432e+06
0.348 1.1863e+07 3.6382e+06
0.349 1.2101e+07 3.6333e+06
0.35 1.3105e+07 3.6283e+06
0.351 2.0425e+07 3.6234e+06
0.352 1.7298e+07 3.6185e+06
0.353 1.1487e+07 3.6136e+06
0.354 2.0101e+07 3.6087e+06
0.355 2.2321e+07 3.6039e+06
0.356 1.6489e+07 3.5991e+06
0.357 1.365e+07 3.5943e+06
0.358 2.2258e+07 3.5895e+06
0.359 2.6779e+07 3.5847e+06
0.36 2.5325e+07 3.58e+06
0.361 2.6389e+07 3.5753e+06
0.362 2.46e+07 3.5706e+06
0.363 2.7018e+07 3.5659e+06
0.364 2.1377e+07 3.5612e+06
0.365 2.7509e+07 3.5566e+06
0.366 2.3376e+07 3.552e+06
0.367 2.2559e+07 3.5474e+06
0.368 2.5049e+07 3.5428e+06
0.369 2.2742e+07 3.5382e+06
0.37 2.5038e+07 3.5336e+06
0.371 2.3047e+07 3.5291e+06
0.372 2.3228e+07 3.5246e+06
0.373 2.0471e+07 3.5201e+06
0.374 2.4037e+07 3.5156e+06
0.375 2.2631e+07 3.5111e+06
0.376 2.3414e+07 3.5066e+06
0.377 1.8236e+07 3.5022e+06
0.378 2.8358e+07 3.4977e+06
0.379 2.637e+07 3.4933e+06
0.38 2.6722e+07 3.4889e+06
0.381 2.5554e+07 3.4845e+06
0.382 3.1135e+07 3.4802e+06
0.383 2.5634e+07 3.4758e+06
0.384 2.7132e+07 3.4715e+06
0.385 2.3235e+07 3.4671e+06
0.386 2.6153e+07 3.4628e+06
0.387 2.1051e+07 3.4585e+06
0.388 2.9365e+07 3.4542e+06
0.389 3.0621e+07 3.45e+06
0.39 2.8774e+07 3.4457e+06
0.391 2.488e+07 3.4414e+06
0.392 2.9581e+07 3.4372e+06
0.393 2.962e+07 3.433e+06
0.394 2.864e+07 3.4288e+06
0.395 2.8668e+07 3.4246e+06
0.396 2.7304e+07 3.4204e+06
0.397 2.8287e+07 3.4162e+06
0.398 2.8017e+07 3.412e+06
0.399 2.2099e+07 3.4079e+06
0.4 2.3892e+07 3.4037e+06
0.401 3.1558e+07 3.3996e+06
0.402 2.4803e+07 3.3955e+06
0.403 3.3656e+07 3.3914e+06
0.404 2.9689e+07 3.3873e+06
0.405 3.2303e+07 3.3832e+06
0.406 2.5858e+07 3.3791e+06
0.407 3.3913e+07 3.3751e+06
0.408 2.6499e+07 3.371e+06
0.409 2.6902e+07 3.367e+06
0.41 2.8586e+07 3.363e+06
0.411 2.6541e+07 3.359e+06
0.412 3.226e+07 3.355e+06
0.413 2.6474e+07 3.351e+06
0.414 2.563e+07 3.347e+06
0.415 2.5727e+07 3.343e+06
0.416 3.9622e+07 3.339e+06
0.417 2.5957e+07 3.3351e+06
0.418 2.8997e+07 3.3312e+06
0.419 2.5932e+07 3.3272e+06
0.42 3.3317e+07 3.3233e+06
0.421 3.521e+07 3.3194e+06
0.422 2.5759e+07 3.3155e+06
0.423 2.8816e+07 3.3116e+06
0.424 2.6312e+07 3.3077e+06
0.425 3.0794e+07 3.3039e+06
0.426 2.9663e+07 3.3e+06
0.427 3.2184e+07 3.2962e+06
0.428 2.5382e+07 3.2923e+06
0.429 3.2205e+07 3.2885e+06
0.43 2.6074e+07 3.2847e+06
0.431 2.2472e+07 3.2809e+06
0.432 2.9525e+07 3.2771e+06
0.433 3.2422e+07 3.2733e+06
0.434 2.8063e+07 3.2696e+06
0.435 3.0465e+07 3.2658e+06
0.436 3.2032e+07 3.262e+06
0.437 2.7658e+07 3.2583e+06
0.438 3.2753e+07 3.2546e+06
0.439 2.6213e+07 3.2508e+06
0.44 3.4477e+07 3.2471e+06
0.441 2.4797e+07 3.2434e+06
0.442 3.0844e+07 3.2397e+06
0.443 2.523e+07 3.2361e+06
0.444 2.5659e+07 3.2324e+06
0.445 3.2391e+07 3.2287e+06
0.446 2.8273e+07 3.2251e+06
0.447 2.8724e+07 3.2214e+06
0.448 2.1475e+07 3.2178e+06
0.449 2.4013e+07 3.2142e+06
0.45 2.7515e+07 3.2106e+06
0.451 2.5514e+07 3.207e+06
0.452 2.4139e+07 3.2034e+06
0.453 2.5014e+07 3.1998e+06
0.454 3.3184e+07 3.1963e+06
0.455 3.5495e+07 3.1927e+06
0.456 3.015e+07 3.1892e+06
0.457 3.4041e+07 3.1856e+06
0.458 2.4386e+07 3.1821e+06
0.459 3.552e+07 3.1786e+06
0.46 3.3799e+07 3.1751e+06
0.461 2.7147e+07 3.1716e+06
0.462 2.9683e+07 3.1681e+06
0.463 3.0629e+07 3.1646e+06
0.464 3.047e+07 3.1611e+06
0.465 3.186e+07 3.1577e+06
0.466 3.275e+07 3.1542e+06
0.467 2.6729e+07 3.1508e+06
0.468 2.7164e+07 3.1474e+06
0.469 2.9885e+07 3.1439e+06
0.47 3.6159e+07 3.1405e+06
0.471 2.7765e+07 3.1371e+06
0.472 3.0701e+07 3.1338e+06
0.473 2.9326e+07 3.1304e+06
0.474 3.0774e+07 3.127e+06
0.475 2.8866e+07 3.1236e+06
0.476 2.887e+07 3.1203e+06
0.477 2.8816e+07 3.117e+06
0.478 2.9015e+07 3.1136e+06
0.479 2.9717e+07 3.1103e+06
0.48 2.7333e+07 3.107e+06
0.481 2.784e+07 3.1037e+06
0.482 2.612e+07 3.1004e+06
0.483 2.9292e+07 3.0971e+06
0.484 2.9388e+07 3.0939e+06
0.485 2.6934e+07 3.0906e+06
0.486 2.6102e+07 3.0873e+06
0.487 2.6686e+07 3.0841e+06
0.488 2.7294e+07 3.0809e+06
0.489 2.7592e+07 3.0776e+06
0.49 3.033e+07 3.0744e+06
0.491 2.4404e+07 3.0712e+06
0.492 2.8272e+07 3.068e+06
0.493 2.8206e+07 3.0648e+06
0.494 2.1965e+07 3.0617e+06
0.495 2.4231e+07 3.0585e+06
0.496 2.3479e+07 3.0553e+06
0.497 3.3169e+07 3.0522e+06
0.498 2.5193e+07 3.049e+06
0.499 2.4415e+07 3.0459e+06
0.5 2.0594e+07 3.0428e+06
