0.001 6.5048e+09 1.301e+08
0.002 6.26e+09 1.252e+08
0.003 6.3249e+09 1.265e+08
0.004 6.565e+09 1.313e+08
0.005 6.4267e+09 1.2853e+08
0.006 6.467e+09 1.2934e+08
0.007 6.4324e+09 1.2865e+08
0.008 6.4225e+09 1.2845e+08
0.009 6.4738e+09 1.2948e+08
0.01 6.4549e+09 1.291e+08
0.011 6.264e+09 1.2528e+08
0.012 6.2432e+09 1.2486e+08
0.013 6.1733e+09 1.2347e+08
0.014 6.1454e+09 1.2291e+08
0.015 6.1988e+09 1.2398e+08
0.016 6.4627e+09 1.2925e+08
0.017 6.3045e+09 1.2609e+08
0.018 6.1733e+09 1.2347e+08
0.019 6.3629e+09 1.2726e+08
0.02 6.0037e+09 1.2007e+08
0.021 6.0158e+09 1.2032e+08
0.022 6.0841e+09 1.2168e+08
0.023 6.0848e+09 1.217e+08
0.024 6.0283e+09 1.2057e+08
0.025 6.0726e+09 1.2145e+08
0.026 5.9795e+09 1.1959e+08
0.027 6.0646e+09 1.2129e+08
0.028 6.0115e+09 1.2023e+08
0.029 5.8828e+09 1.1766e+08
0.03 5.9715e+09 1.1943e+08
0.031 5.8405e+09 1.1681e+08
0.032 5.7598e+09 1.152e+08
0.033 5.7492e+09 1.1498e+08
0.034 5.7789e+09 1.1558e+08
0.035 5.6761e+09 1.1352e+08
0.036 5.7434e+09 1.1487e+08
0.037 5.7034e+09 1.1407e+08
0.038 5.5929e+09 1.1186e+08
0.039 5.4963e+09 1.0993e+08
0.04 5.5769e+09 1.1154e+08
0.041 5.4863e+09 1.0973e+08
0.042 5.5098e+09 1.102e+08
0.043 5.3594e+09 1.0719e+08
0.044 5.362e+09 1.0724e+08
0.045 5.402e+09 1.0804e+08
0.046 5.2922e+09 1.0584e+08
0.047 5.2794e+09 1.0559e+08
0.048 5.1569e+09 1.0314e+08
0.049 5.2317e+09 1.0463e+08
0.05 5.0922e+09 1.0184e+08
0.051 5.092e+09 1.0184e+08
0.052 4.981e+09 9.962e+07
0.053 4.9767e+09 9.9533e+07
0.054 4.8716e+09 9.7433e+07
0.055 4.8998e+09 9.7996e+07
0.056 4.9116e+09 9.8232e+07
0.057 4.7659e+09 9.5318e+07
0.058 4.8471e+09 9.6941e+07
0.059 4.5973e+09 9.1947e+07
0.06 4.6883e+09 9.3765e+07
0.061 4.6022e+09 9.2045e+07
0.062 4.4857e+09 8.9715e+07
0.063 4.4534e+09 8.9069e+07
0.064 4.4501e+09 8.9001e+07
0.065 4.3535e+09 8.707e+07
0.066 4.3711e+09 8.7423e+07
0.067 4.2665e+09 8.533e+07
0.068 4.2395e+09 8.479e+07
0.069 4.194e+09 8.3879e+07
0.07 4.1214e+09 8.2429e+07
0.071 4.1756e+09 8.3512e+07
0.072 3.9173e+09 7.8345e+07
0.073 3.9603e+09 7.9205e+07
0.074 3.972e+09 7.944e+07
0.075 3.8836e+09 7.7672e+07
0.076 3.8964e+09 7.7927e+07
0.077 3.7469e+09 7.4939e+07
0.078 3.7755e+09 7.5511e+07
0.079 3.784e+09 7.568e+07
0.08 3.6596e+09 7.3192e+07
0.081 3.6289e+09 7.2578e+07
0.082 3.5631e+09 7.1263e+07
0.083 3.5055e+09 7.011e+07
0.084 3.4993e+09 6.9985e+07
0.085 3.4329e+09 6.8657e+07
0.086 3.3974e+09 6.7947e+07
0.087 3.3052e+09 6.6104e+07
0.088 3.2476e+09 6.4951e+07
0.089 3.1933e+09 6.3866e+07
0.09 3.1399e+09 6.2799e+07
0.091 3.1633e+09 6.3267e+07
0.092 3.0519e+09 6.1037e+07
0.093 3.0015e+09 6.0029e+07
0.094 2.989e+09 5.978e+07
0.095 2.8886e+09 5.7771e+07
0.096 2.8586e+09 5.7172e+07
0.097 2.8143e+09 5.6287e+07
0.098 2.8117e+09 5.6235e+07
0.099 2.7342e+09 5.4684e+07
0.1 2.6928e+09 5.3855e+07
0.101 2.5749e+09 5.1498e+07
0.102 2.6545e+09 5.3091e+07
0.103 2.6085e+09 5.217e+07
0.104 2.5056e+09 5.0111e+07
0.105 2.4915e+09 4.9829e+07
0.106 2.4798e+09 4.9597e+07
0.107 2.4084e+09 4.8167e+07
0.108 2.4055e+09 4.8109e+07
0.109 2.2741e+09 4.5482e+07
0.11 2.2681e+09 4.5363e+07
0.111 2.266e+09 4.532e+07
0.112 2.2393e+09 4.4785e+07
0.113 2.2251e+09 4.4501e+07
0.114 2.1608e+09 4.3217e+07
0.115 2.096e+09 4.1919e+07
0.116 2.0648e+09 4.1296e+07
0.117 2.0537e+09 4.1074e+07
0.118 2.0085e+09 4.017e+07
0.119 1.953e+09 3.906e+07
0.12 1.9292e+09 3.8583e+07
0.121 1.8755e+09 3.7509e+07
0.122 1.7969e+09 3.5937e+07
0.123 1.8565e+09 3.713e+07
0.124 1.742e+09 3.4839e+07
0.125 1.7115e+09 3.4231e+07
0.126 1.7513e+09 3.5026e+07
0.127 1.724e+09 3.4481e+07
0.128 1.6619e+09 3.3238e+07
0.129 1.6515e+09 3.303e+07
0.13 1.6036e+09 3.2073e+07
0.131 1.5956e+09 3.1912e+07
0.132 1.5172e+09 3.0345e+07
0.133 1.5109e+09 3.0218e+07
0.134 1.4946e+09 2.9891e+07
0.135 1.4724e+09 2.9448e+07
0.136 1.4105e+09 2.821e+07
0.137 1.4259e+09 2.8519e+07
0.138 1.4162e+09 2.8324e+07
0.139 1.3624e+09 2.7248e+07
0.14 1.3431e+09 2.6861e+07
0.141 1.3057e+09 2.6114e+07
0.142 1.2796e+09 2.5591e+07
0.143 1.2619e+09 2.5238e+07
0.144 1.2185e+09 2.4371e+07
0.145 1.1996e+09 2.3992e+07
0.146 1.1837e+09 2.3674e+07
0.147 1.1759e+09 2.3519e+07
0.148 1.1434e+09 2.2869e+07
0.149 1.1372e+09 2.2745e+07
0.15 1.114e+09 2.2279e+07
0.151 1.0855e+09 2.171e+07
0.152 1.0827e+09 2.1653e+07
0.153 1.0515e+09 2.103e+07
0.154 1.0495e+09 2.0989e+07
0.155 1.0213e+09 2.0426e+07
0.156 1.0053e+09 2.0106e+07
0.157 1.0045e+09 2.0089e+07
0.158 1.0092e+09 2.0183e+07
0.159 9.7772e+08 1.9554e+07
0.16 9.0666e+08 1.8133e+07
0.161 9.3333e+08 1.8667e+07
0.162 9.2509e+08 1.8502e+07
0.163 8.7655e+08 1.7531e+07
0.164 8.5113e+08 1.7023e+07
0.165 8.2763e+08 1.6553e+07
0.166 8.0339e+08 1.6068e+07
0.167 8.5102e+08 1.702e+07
0.168 7.5933e+08 1.5187e+07
0.169 7.9958e+08 1.5992e+07
0.17 7.7654e+08 1.5531e+07
0.171 7.947e+08 1.5894e+07
0.172 7.8103e+08 1.5621e+07
0.173 7.4866e+08 1.4973e+07
0.174 7.2729e+08 1.4546e+07
0.175 6.9707e+08 1.3941e+07
0.176 6.4193e+08 1.2839e+07
0.177 6.8959e+08 1.3792e+07
0.178 6.6975e+08 1.3395e+07
0.179 6.3913e+08 1.2783e+07
0.18 6.3021e+08 1.2604e+07
0.181 6.4331e+08 1.2866e+07
0.182 6.1661e+08 1.2332e+07
0.183 6.2004e+08 1.2401e+07
0.184 5.9511e+08 1.1902e+07
0.185 5.6151e+08 1.123e+07
0.186 6.0286e+08 1.2057e+07
0.187 5.5917e+08 1.1183e+07
0.188 5.5319e+08 1.1064e+07
0.189 5.2483e+08 1.0497e+07
0.19 5.4222e+08 1.0844e+07
0.191 5.0026e+08 1.0005e+07
0.192 5.1496e+08 1.0299e+07
0.193 4.906e+08 9.8121e+06
0.194 4.9734e+08 9.9469e+06
0.195 5.1434e+08 1.0287e+07
0.196 4.8286e+08 9.6571e+06
0.197 4.6521e+08 9.3042e+06
0.198 4.6018e+08 9.2036e+06
0.199 4.5945e+08 9.1889e+06
0.2 4.4757e+08 8.9514e+06
0.201 4.3462e+08 8.6924e+06
0.202 4.3179e+08 8.6358e+06
0.203 4.3065e+08 8.6131e+06
0.204 4.3688e+08 8.7376e+06
0.205 4.476e+08 8.952e+06
0.206 4.0367e+08 8.0735e+06
0.207 3.7318e+08 7.4637e+06
0.208 4.0361e+08 8.0722e+06
0.209 3.825e+08 7.65e+06
0.21 3.9271e+08 7.8542e+06
0.211 3.507e+08 7.0139e+06
0.212 3.2406e+08 6.4813e+06
0.213 3.6004e+08 7.2008e+06
0.214 3.6255e+08 7.251e+06
0.215 3.6175e+08 7.2349e+06
0.216 3.6553e+08 7.3106e+06
0.217 3.2341e+08 6.4681e+06
0.218 3.1053e+08 6.2105e+06
0.219 3.5913e+08 7.1827e+06
0.22 3.2479e+08 6.4958e+06
0.221 2.9315e+08 5.8629e+06
0.222 2.7422e+08 5.4843e+06
0.223 2.8568e+08 5.7137e+06
0.224 2.8102e+08 5.6205e+06
0.225 2.611e+08 5.2219e+06
0.226 2.9097e+08 5.8194e+06
0.227 2.8951e+08 5.7903e+06
0.228 2.8782e+08 5.7564e+06
0.229 2.3185e+08 4.637e+06
0.23 2.445e+08 4.8901e+06
0.231 2.4962e+08 4.9923e+06
0.232 2.3248e+08 4.6496e+06
0.233 2.3666e+08 4.7332e+06
0.234 2.0429e+08 4.0859e+06
0.235 1.9933e+08 3.9865e+06
0.236 2.3162e+08 4.6324e+06
0.237 2.0269e+08 4.0539e+06
0.238 1.8813e+08 3.7625e+06
0.239 2.2292e+08 4.4583e+06
0.24 2.1905e+08 4.381e+06
0.241 1.8924e+08 3.7848e+06
0.242 1.9365e+08 3.8731e+06
0.243 2.3076e+08 4.6151e+06
0.244 1.7055e+08 3.411e+06
0.245 1.777e+08 3.5539e+06
0.246 1.7669e+08 3.5337e+06
0.247 1.615e+08 3.2299e+06
0.248 1.7276e+08 3.4552e+06
0.249 1.4505e+08 2.901e+06
0.25 1.4878e+08 2.9756e+06
0.251 1.6017e+08 3.2034e+06
0.252 1.1234e+08 2.2467e+06
0.253 1.5638e+08 3.1276e+06
0.254 1.4088e+08 2.8176e+06
0.255 1.146e+08 2.292e+06
0.256 1.2489e+08 2.4978e+06
0.257 1.1399e+08 2.2798e+06
0.258 1.3956e+08 2.7911e+06
0.259 1.3693e+08 2.7385e+06
0.26 1.374e+08 2.7479e+06
0.261 1.2303e+08 2.4607e+06
0.262 1.2331e+08 2.4662e+06
0.263 1.3564e+08 2.7128e+06
0.264 9.691e+07 1.9382e+06
0.265 1.2843e+08 2.5686e+06
0.266 1.0149e+08 2.0297e+06
0.267 1.1495e+08 2.299e+06
0.268 8.85e+07 1.77e+06
0.269 7.8756e+07 1.5751e+06
0.27 1.0481e+08 2.0962e+06
0.271 8.8786e+07 1.7757e+06
0.272 8.633e+07 1.7266e+06
0.273 9.3249e+07 1.865e+06
0.274 1.0378e+08 2.0757e+06
0.275 5.7112e+07 1.1422e+06
0.276 8.0922e+07 1.6184e+06
0.277 4.8371e+07 9.6742e+05
0.278 1.1713e+08 2.3425e+06
0.279 6.8375e+07 1.3675e+06
0.28 7.701e+07 1.5402e+06
0.281 9.8246e+07 1.9649e+06
0.282 5.82e+07 1.164e+06
0.283 9.4975e+07 1.8995e+06
0.284 7.3078e+07 1.4616e+06
0.285 7.0799e+07 1.416e+06
0.286 7.6194e+07 1.5239e+06
0.287 5.5039e+07 1.1008e+06
0.288 9.0976e+07 1.8195e+06
0.289 5.2479e+07 1.0496e+06
0.29 5.5483e+07 1.1097e+06
0.291 8.6305e+07 1.7261e+06
0.292 3.7383e+07 7.4767e+05
0.293 5.4495e+07 1.0899e+06
0.294 7.1448e+07 1.429e+06
0.295 2.4946e+07 4.9893e+05
0.296 4.4848e+07 8.9695e+05
0.297 5.5758e+07 1.1152e+06
0.298 5.2951e+07 1.059e+06
0.299 4.0726e+07 8.1452e+05
0.3 8.1788e+07 1.6358e+06
0.301 4.9199e+07 9.8399e+05
0.302 5.4525e+07 1.0905e+06
0.303 5.7933e+07 1.1587e+06
0.304 6.4023e+07 1.2805e+06
0.305 6.4549e+07 1.291e+06
0.306 5.3792e+07 1.0758e+06
0.307 6.6356e+07 1.3271e+06
0.308 5.6247e+07 1.1249e+06
0.309 4.1485e+07 8.297e+05
0.31 4.3154e+07 8.6308e+05
0.311 3.5929e+07 7.1858e+05
0.312 7.7976e+07 1.5595e+06
0.313 4.6993e+07 9.3987e+05
0.314 4.373e+07 8.746e+05
0.315 4.0639e+07 8.1278e+05
0.316 5.1613e+07 1.0323e+06
0.317 5.1771e+07 1.0354e+06
0.318 7.6991e+07 1.5398e+06
0.319 3.8428e+07 7.6855e+05
0.32 4.0418e+07 8.0835e+05
0.321 5.7235e+07 1.1447e+06
0.322 3.3376e+07 6.6752e+05
0.323 5.12e+07 1.024e+06
0.324 3.8462e+07 7.6924e+05
0.325 5.506e+07 1.1012e+06
0.326 8.643e+07 1.7286e+06
0.327 3.9065e+07 7.8129e+05
0.328 4.9207e+07 9.8414e+05
0.329 5.753e+07 1.1506e+06
0.33 5.0479e+07 1.0096e+06
0.331 2.3978e+07 4.7956e+05
0.332 2.4832e+07 4.9663e+05
0.333 4.949e+07 9.898e+05
0.334 3.339e+07 6.6781e+05
0.335 4.3261e+07 8.6521e+05
0.336 4.4858e+07 8.9716e+05
0.337 7.7844e+07 1.5569e+06
0.338 8.6512e+07 1.7302e+06
0.339 3.6785e+07 7.3571e+05
0.34 1.5202e+07 3.0405e+05
0.341 6.6318e+07 1.3264e+06
0.342 1.4341e+07 2.8682e+05
0.343 3.3242e+07 6.6485e+05
0.344 5.1677e+07 1.0335e+06
0.345 2.3734e+07 4.7467e+05
0.346 6.7433e+07 1.3487e+06
0.347 3.0405e+07 6.0811e+05
0.348 5.0311e+07 1.0062e+06
0.349 5.4453e+07 1.0891e+06
0.35 1.1987e+07 2.3974e+05
0.351 3.0922e+07 6.1843e+05
0.352 2.9752e+07 5.9504e+05
0.353 4.6564e+07 9.3127e+05
0.354 4.6061e+07 9.2121e+05
0.355 3.4739e+07 6.9477e+05
0.356 4.7323e+07 9.4646e+05
0.357 2.4549e+07 4.9098e+05
0.358 4.4282e+07 8.8565e+05
0.359 5.8553e+07 1.1711e+06
0.36 6.5152e+07 1.303e+06
0.361 4.6588e+07 9.3176e+05
0.362 7.1485e+07 1.4297e+06
0.363 4.5466e+07 9.0932e+05
0.364 6.29e+07 1.258e+06
0.365 5.4322e+07 1.0864e+06
0.366 4.9561e+07 9.9121e+05
0.367 6.3364e+07 1.2673e+06
0.368 5.6255e+07 1.1251e+06
0.369 6.7526e+07 1.3505e+06
0.37 7.9199e+07 1.584e+06
0.371 2.8332e+07 5.6663e+05
0.372 7.8912e+07 1.5782e+06
0.373 5.5794e+07 1.1159e+06
0.374 5.8357e+07 1.1671e+06
0.375 4.5829e+07 9.1658e+05
0.376 5.0037e+07 1.0007e+06
0.377 6.6063e+07 1.3213e+06
0.378 4.9647e+07 9.9293e+05
0.379 5.4424e+07 1.0885e+06
0.38 6.006e+07 1.2012e+06
0.381 2.6602e+07 5.3204e+05
0.382 7.4086e+07 1.4817e+06
0.383 6.7856e+07 1.3571e+06
0.384 4.4537e+07 8.9073e+05
0.385 2.2912e+07 4.5823e+05
0.386 6.9645e+07 1.3929e+06
0.387 4.6565e+07 9.313e+05
0.388 5.6428e+07 1.1286e+06
0.389 5.5921e+07 1.1184e+06
0.39 3.4641e+07 6.9282e+05
0.391 6.0033e+07 1.2007e+06
0.392 5.8484e+07 1.1697e+06
0.393 7.1345e+07 1.4269e+06
0.394 5.7958e+07 1.1592e+06
0.395 5.7704e+07 1.1541e+06
0.396 5.91e+07 1.182e+06
0.397 5.3191e+07 1.0638e+06
0.398 6.7791e+07 1.3558e+06
0.399 6.3164e+07 1.2633e+06
0.4 5.5632e+07 1.1126e+06
0.401 9.4528e+07 1.8906e+06
0.402 6.8732e+07 1.3746e+06
0.403 6.0499e+07 1.21e+06
0.404 7.011e+07 1.4022e+06
0.405 8.6163e+07 1.7233e+06
0.406 5.0466e+07 1.0093e+06
0.407 4.1361e+07 8.2723e+05
0.408 7.7157e+07 1.5431e+06
0.409 5.9205e+07 1.1841e+06
0.41 8.1924e+07 1.6385e+06
0.411 4.6728e+07 9.3456e+05
0.412 6.0532e+07 1.2106e+06
0.413 7.893e+07 1.5786e+06
0.414 6.0327e+07 1.2065e+06
0.415 6.1766e+07 1.2353e+06
0.416 6.4678e+07 1.2936e+06
0.417 8.362e+07 1.6724e+06
0.418 6.3508e+07 1.2702e+06
0.419 6.1235e+07 1.2247e+06
0.42 6.7031e+07 1.3406e+06
0.421 7.2186e+07 1.4437e+06
0.422 6.9018e+07 1.3804e+06
0.423 8.2586e+07 1.6517e+06
0.424 6.8009e+07 1.3602e+06
0.425 7.3612e+07 1.4722e+06
0.426 6.7664e+07 1.3533e+06
0.427 8.6489e+07 1.7298e+06
0.428 8.6856e+07 1.7371e+06
0.429 9.0755e+07 1.8151e+06
0.43 6.7654e+07 1.3531e+06
0.431 6.9877e+07 1.3975e+06
0.432 1.0188e+08 2.0376e+06
0.433 6.5148e+07 1.303e+06
0.434 5.7075e+07 1.1415e+06
0.435 6.9796e+07 1.3959e+06
0.436 8.6472e+07 1.7294e+06
0.437 5.6564e+07 1.1313e+06
0.438 7.8068e+07 1.5614e+06
0.439 6.9014e+07 1.3803e+06
0.44 9.2336e+07 1.8467e+06
0.441 6.8396e+07 1.3679e+06
0.442 5.7364e+07 1.1473e+06
0.443 8.9243e+07 1.7849e+06
0.444 1.0286e+08 2.0572e+06
0.445 7.183e+07 1.4366e+06
0.446 6.7586e+07 1.3517e+06
0.447 9.6432e+07 1.9286e+06
0.448 5.9963e+07 1.1993e+06
0.449 9.3625e+07 1.8725e+06
0.45 6.4468e+07 1.2894e+06
0.451 1.1129e+08 2.2258e+06
0.452 5.9572e+07 1.1914e+06
0.453 8.1947e+07 1.6389e+06
0.454 7.6823e+07 1.5365e+06
0.455 7.3759e+07 1.4752e+06
0.456 7.6661e+07 1.5332e+06
0.457 9.2156e+07 1.8431e+06
0.458 7.3682e+07 1.4736e+06
0.459 8.9987e+07 1.7997e+06
0.46 9.7399e+07 1.948e+06
0.461 8.1835e+07 1.6367e+06
0.462 8.3225e+07 1.6645e+06
0.463 7.2196e+07 1.4439e+06
0.464 8.5248e+07 1.705e+06
0.465 6.7594e+07 1.3519e+06
0.466 9.4572e+07 1.8914e+06
0.467 6.8437e+07 1.3687e+06
0.468 7.1132e+07 1.4226e+06
0.469 9.0434e+07 1.8087e+06
0.47 8.076e+07 1.6152e+06
0.471 7.9079e+07 1.5816e+06
0.472 8.5143e+07 1.7029e+06
0.473 8.304e+07 1.6608e+06
0.474 6.6707e+07 1.3341e+06
0.475 1.0147e+08 2.0293e+06
0.476 6.3262e+07 1.2652e+06
0.477 8.9512e+07 1.7902e+06
0.478 8.9584e+07 1.7917e+06
0.479 8.0455e+07 1.6091e+06
0.48 7.782e+07 1.5564e+06
0.481 7.392e+07 1.4784e+06
0.482 4.7239e+07 9.4477e+05
0.483 1.0086e+08 2.0173e+06
0.484 8.7735e+07 1.7547e+06
0.485 9.2263e+07 1.8453e+06
0.486 7.0819e+07 1.4164e+06
0.487 1.0637e+08 2.1274e+06
0.488 9.7517e+07 1.9503e+06
0.489 9.7185e+07 1.9437e+06
0.49 8.1309e+07 1.6262e+06
0.491 7.9736e+07 1.5947e+06
0.492 9.1166e+07 1.8233e+06
0.493 7.6736e+07 1.5347e+06
0.494 8.0572e+07 1.6114e+06
0.495 7.2165e+07 1.4433e+06
0.496 7.0462e+07 1.4092e+06
0.497 7.2192e+07 1.4438e+06
0.498 8.4381e+07 1.6876e+06
0.499 9.2937e+07 1.8587e+06
0.5 8.8119e+07 1.7624e+06
