0.001 9.5445e+09 1.9089e+08
0.002 9.707e+09 1.9414e+08
0.003 9.5511e+09 1.9102e+08
0.004 9.1145e+09 1.8229e+08
0.005 9.2839e+09 1.8568e+08
0.006 9.7013e+09 1.9403e+08
0.007 9.3435e+09 1.8687e+08
0.008 9.5094e+09 1.9019e+08
0.009 9.6576e+09 1.9315e+08
0.01 9.5855e+09 1.9171e+08
0.011 9.3385e+09 1.8677e+08
0.012 9.3547e+09 1.8709e+08
0.013 9.6998e+09 1.94e+08
0.014 9.2894e+09 1.8579e+08
0.015 9.3186e+09 1.8637e+08
0.016 9.1016e+09 1.8203e+08
0.017 9.0347e+09 1.8069e+08
0.018 9.4456e+09 1.8891e+08
0.019 9.1565e+09 1.8313e+08
0.02 9.1115e+09 1.8223e+08
0.021 9.2307e+09 1.8461e+08
0.022 9.0553e+09 1.8111e+08
0.023 9.1131e+09 1.8226e+08
0.024 9.24e+09 1.848e+08
0.025 8.782e+09 1.7564e+08
0.026 8.9173e+09 1.7835e+08
0.027 8.8693e+09 1.7739e+08
0.028 8.8748e+09 1.775e+08
0.029 8.9815e+09 1.7963e+08
0.03 8.7399e+09 1.748e+08
0.031 8.7359e+09 1.7472e+08
0.032 8.6697e+09 1.7339e+08
0.033 8.7298e+09 1.746e+08
0.034 8.6099e+09 1.722e+08
0.035 8.6724e+09 1.7345e+08
0.036 8.4221e+09 1.6844e+08
0.037 8.4584e+09 1.6917e+08
0.038 8.4737e+09 1.6947e+08
0.039 8.4564e+09 1.6913e+08
0.04 8.2902e+09 1.658e+08
0.041 8.3101e+09 1.662e+08
0.042 8.0835e+09 1.6167e+08
0.043 8.1996e+09 1.6399e+08
0.044 7.939e+09 1.5878e+08
0.045 7.8898e+09 1.578e+08
0.046 7.9489e+09 1.5898e+08
0.047 7.9398e+09 1.588e+08
0.048 7.8653e+09 1.5731e+08
0.049 7.6479e+09 1.5296e+08
0.05 7.6284e+09 1.5257e+08
0.051 7.5302e+09 1.506e+08
0.052 7.4668e+09 1.4934e+08
0.053 7.5194e+09 1.5039e+08
0.054 7.4347e+09 1.4869e+08
0.055 7.301e+09 1.4602e+08
0.056 7.32e+09 1.464e+08
0.057 7.2308e+09 1.4462e+08
0.058 7.1723e+09 1.4345e+08
0.059 7.0908e+09 1.4182e+08
0.06 7.0582e+09 1.4116e+08
0.061 6.8502e+09 1.37e+08
0.062 6.8261e+09 1.3652e+08
0.063 6.8073e+09 1.3615e+08
0.064 6.6729e+09 1.3346e+08
0.065 6.4973e+09 1.2995e+08
0.066 6.5265e+09 1.3053e+08
0.067 6.4813e+09 1.2963e+08
0.068 6.2877e+09 1.2575e+08
0.069 6.3361e+09 1.2672e+08
0.07 6.1349e+09 1.227e+08
0.071 6.1646e+09 1.2329e+08
0.072 6.0129e+09 1.2026e+08
0.073 6.0595e+09 1.2119e+08
0.074 5.8032e+09 1.1606e+08
0.075 5.8165e+09 1.1633e+08
0.076 5.8072e+09 1.1614e+08
0.077 5.4881e+09 1.0976e+08
0.078 5.6623e+09 1.1325e+08
0.079 5.4817e+09 1.0963e+08
0.08 5.4166e+09 1.0833e+08
0.081 5.3867e+09 1.0773e+08
0.082 5.3104e+09 1.0621e+08
0.083 5.2751e+09 1.055e+08
0.084 5.2618e+09 1.0524e+08
0.085 5.2346e+09 1.0469e+08
0.086 5.0592e+09 1.0118e+08
0.087 4.9537e+09 9.9073e+07
0.088 4.9108e+09 9.8217e+07
0.089 4.8463e+09 9.6926e+07
0.09 4.757e+09 9.514e+07
0.091 4.7854e+09 9.5708e+07
0.092 4.6445e+09 9.2891e+07
0.093 4.6182e+09 9.2364e+07
0.094 4.4409e+09 8.8818e+07
0.095 4.4628e+09 8.9257e+07
0.096 4.3442e+09 8.6883e+07
0.097 4.3165e+09 8.633e+07
0.098 4.2135e+09 8.427e+07
0.099 4.1082e+09 8.2164e+07
0.1 4.1165e+09 8.233e+07
0.101 4.043e+09 8.086e+07
0.102 4.0139e+09 8.0277e+07
0.103 3.8961e+09 7.7922e+07
0.104 3.9146e+09 7.8291e+07
0.105 3.7085e+09 7.417e+07
0.106 3.7051e+09 7.4102e+07
0.107 3.7476e+09 7.4953e+07
0.108 3.6051e+09 7.2101e+07
0.109 3.5547e+09 7.1095e+07
0.11 3.4523e+09 6.9047e+07
0.111 3.4582e+09 6.9165e+07
0.112 3.3605e+09 6.7209e+07
0.113 3.2977e+09 6.5953e+07
0.114 3.2467e+09 6.4933e+07
0.115 3.2741e+09 6.5482e+07
0.116 3.189e+09 6.3779e+07
0.117 3.131e+09 6.262e+07
0.118 3.1191e+09 6.2382e+07
0.119 3.0153e+09 6.0307e+07
0.12 3.0379e+09 6.0758e+07
0.121 2.9243e+09 5.8486e+07
0.122 2.8349e+09 5.6698e+07
0.123 2.812e+09 5.624e+07
0.124 2.7341e+09 5.4683e+07
0.125 2.6824e+09 5.3648e+07
0.126 2.7486e+09 5.4972e+07
0.127 2.6139e+09 5.2279e+07
0.128 2.6638e+09 5.3276e+07
0.129 2.5483e+09 5.0966e+07
0.13 2.4211e+09 4.8422e+07
0.131 2.5495e+09 5.099e+07
0.132 2.4808e+09 4.9616e+07
0.133 2.3301e+09 4.6602e+07
0.134 2.4168e+09 4.8336e+07
0.135 2.328e+09 4.656e+07
0.136 2.2962e+09 4.5925e+07
0.137 2.1905e+09 4.3811e+07
0.138 2.1721e+09 4.3443e+07
0.139 2.1556e+09 4.3113e+07
0.14 2.1219e+09 4.2439e+07
0.141 2.0644e+09 4.1287e+07
0.142 2.0326e+09 4.0651e+07
0.143 1.9991e+09 3.9982e+07
0.144 1.9519e+09 3.9037e+07
0.145 1.8622e+09 3.7244e+07
0.146 1.9082e+09 3.8164e+07
0.147 1.8484e+09 3.6968e+07
0.148 1.854e+09 3.7081e+07
0.149 1.7822e+09 3.5644e+07
0.15 1.7772e+09 3.5544e+07
0.151 1.7632e+09 3.5264e+07
0.152 1.6839e+09 3.3678e+07
0.153 1.6519e+09 3.3038e+07
0.154 1.6946e+09 3.3893e+07
0.155 1.6457e+09 3.2913e+07
0.156 1.5281e+09 3.0562e+07
0.157 1.5293e+09 3.0586e+07
0.158 1.485e+09 2.97e+07
0.159 1.4947e+09 2.9894e+07
0.16 1.484e+09 2.968e+07
0.161 1.4625e+09 2.9251e+07
0.162 1.4612e+09 2.9224e+07
0.163 1.395e+09 2.79e+07
0.164 1.3698e+09 2.7395e+07
0.165 1.3626e+09 2.7252e+07
0.166 1.3588e+09 2.7175e+07
0.167 1.2939e+09 2.5878e+07
0.168 1.2748e+09 2.5497e+07
0.169 1.3011e+09 2.6022e+07
0.17 1.2191e+09 2.4382e+07
0.171 1.2078e+09 2.4157e+07
0.172 1.1728e+09 2.3456e+07
0.173 1.1645e+09 2.329e+07
0.174 1.0958e+09 2.1916e+07
0.175 1.0656e+09 2.1312e+07
0.176 1.0781e+09 2.1561e+07
0.177 1.1159e+09 2.2318e+07
0.178 1.0923e+09 2.1846e+07
0.179 1.0108e+09 2.0216e+07
0.18 1.0049e+09 2.0099e+07
0.181 1.0238e+09 2.0476e+07
0.182 1.0108e+09 2.0216e+07
0.183 9.8822e+08 1.9764e+07
0.184 9.3916e+08 1.8783e+07
0.185 9.5837e+08 1.9167e+07
0.186 9.2751e+08 1.855e+07
0.187 9.4946e+08 1.8989e+07
0.188 9.1626e+08 1.8325e+07
0.189 8.6321e+08 1.7264e+07
0.19 8.3025e+08 1.6605e+07
0.191 9.2062e+08 1.8412e+07
0.192 8.4546e+08 1.6909e+07
0.193 8.3686e+08 1.6737e+07
0.194 8.6504e+08 1.7301e+07
0.195 7.3003e+08 1.4601e+07
0.196 8.0586e+08 1.6117e+07
0.197 7.8176e+08 1.5635e+07
0.198 7.5202e+08 1.504e+07
0.199 7.2608e+08 1.4522e+07
0.2 7.2332e+08 1.4466e+07
0.201 6.7809e+08 1.3562e+07
0.202 7.1158e+08 1.4232e+07
0.203 6.7567e+08 1.3513e+07
0.204 6.8601e+08 1.372e+07
0.205 6.5144e+08 1.3029e+07
0.206 6.4577e+08 1.2915e+07
0.207 7.3788e+08 1.4758e+07
0.208 6.0175e+08 1.2035e+07
0.209 6.241e+08 1.2482e+07
0.21 6.0691e+08 1.2138e+07
0.211 6.0032e+08 1.2006e+07
0.212 5.4141e+08 1.0828e+07
0.213 5.1972e+08 1.0394e+07
0.214 5.2564e+08 1.0513e+07
0.215 5.5399e+08 1.108e+07
0.216 5.8397e+08 1.1679e+07
0.217 5.1955e+08 1.0391e+07
0.218 5.155e+08 1.031e+07
0.219 4.8757e+08 9.7513e+06
0.22 4.9953e+08 9.9907e+06
0.221 4.6362e+08 9.2725e+06
0.222 4.5781e+08 9.1562e+06
0.223 4.7345e+08 9.469e+06
0.224 4.7244e+08 9.4487e+06
0.225 4.2251e+08 8.4502e+06
0.226 4.7277e+08 9.4553e+06
0.227 4.3979e+08 8.7959e+06
0.228 4.3668e+08 8.7337e+06
0.229 4.1312e+08 8.2624e+06
0.23 4.1834e+08 8.3667e+06
0.231 3.9995e+08 7.999e+06
0.232 4.0882e+08 8.1765e+06
0.233 3.7065e+08 7.4129e+06
0.234 3.3347e+08 6.6695e+06
0.235 3.5018e+08 7.0036e+06
0.236 3.3584e+08 6.7168e+06
0.237 3.5806e+08 7.1612e+06
0.238 3.252e+08 6.5039e+06
0.239 3.6717e+08 7.3433e+06
0.24 3.1444e+08 6.2888e+06
0.241 3.0104e+08 6.0208e+06
0.242 2.7883e+08 5.5765e+06
0.243 3.2789e+08 6.5579e+06
0.244 2.5214e+08 5.0427e+06
0.245 2.8701e+08 5.7403e+06
0.246 2.3614e+08 4.7227e+06
0.247 2.4142e+08 4.8285e+06
0.248 2.738e+08 5.476e+06
0.249 2.5894e+08 5.1788e+06
0.25 2.8744e+08 5.7488e+06
0.251 2.6164e+08 5.2328e+06
0.252 2.2756e+08 4.5511e+06
0.253 2.4788e+08 4.9577e+06
0.254 2.2504e+08 4.5009e+06
0.255 2.3388e+08 4.6777e+06
0.256 2.1327e+08 4.2654e+06
0.257 2.1813e+08 4.3626e+06
0.258 2.1006e+08 4.2012e+06
0.259 2.1378e+08 4.2756e+06
0.26 1.725e+08 3.4501e+06
0.261 1.8697e+08 3.7394e+06
0.262 1.5344e+08 3.0688e+06
0.263 1.8549e+08 3.7097e+06
0.264 1.2989e+08 2.5979e+06
0.265 1.9647e+08 3.9295e+06
0.266 1.5175e+08 3.0351e+06
0.267 2.0306e+08 4.0612e+06
0.268 1.6748e+08 3.3496e+06
0.269 1.8369e+08 3.6738e+06
0.27 1.6579e+08 3.3159e+06
0.271 1.4234e+08 2.8467e+06
0.272 2.0437e+08 4.0873e+06
0.273 1.6624e+08 3.3248e+06
0.274 1.486e+08 2.9721e+06
0.275 1.3513e+08 2.7026e+06
0.276 1.6846e+08 3.3691e+06
0.277 1.2365e+08 2.473e+06
0.278 1.8082e+08 3.6165e+06
0.279 1.2597e+08 2.5195e+06
0.28 1.2898e+08 2.5797e+06
0.281 9.9143e+07 1.9829e+06
0.282 8.3677e+07 1.6735e+06
0.283 1.0239e+08 2.0478e+06
0.284 9.2515e+07 1.8503e+06
0.285 1.0852e+08 2.1704e+06
0.286 1.125e+08 2.2501e+06
0.287 1.2816e+08 2.5632e+06
0.288 7.8019e+07 1.5604e+06
0.289 9.6578e+07 1.9316e+06
0.29 1.0998e+08 2.1995e+06
0.291 1.2841e+08 2.5683e+06
0.292 3.5917e+07 7.1834e+05
0.293 5.9322e+07 1.1864e+06
0.294 9.2682e+07 1.8536e+06
0.295 6.5274e+07 1.3055e+06
0.296 1.02e+08 2.0401e+06
0.297 8.3813e+07 1.6763e+06
0.298 8.1917e+07 1.6383e+06
0.299 6.7294e+07 1.3459e+06
0.3 7.3875e+07 1.4775e+06
0.301 1.0388e+08 2.0776e+06
0.302 9.9502e+07 1.99e+06
0.303 7.098e+07 1.4196e+06
0.304 3.9858e+07 7.9717e+05
0.305 7.0136e+07 1.4027e+06
0.306 6.9202e+07 1.384e+06
0.307 7.0429e+07 1.4086e+06
0.308 6.7426e+07 1.3485e+06
0.309 6.1317e+07 1.2263e+06
0.31 5.6244e+07 1.1249e+06
0.311 1.1502e+08 2.3003e+06
0.312 8.6599e+07 1.732e+06
0.313 6.0377e+07 1.2075e+06
0.314 1.2133e+08 2.4266e+06
0.315 9.5792e+07 1.9158e+06
0.316 4.7513e+07 9.5025e+05
0.317 5.8516e+07 1.1703e+06
0.318 8.0899e+07 1.618e+06
0.319 7.0148e+07 1.403e+06
0.32 3.9072e+07 7.8145e+05
0.321 4.5643e+07 9.1286e+05
0.322 5.6521e+07 1.1304e+06
0.323 5.9979e+07 1.1996e+06
0.324 4.2903e+07 8.5806e+05
0.325 3.7397e+07 7.4794e+05
0.326 6.2105e+07 1.2421e+06
0.327 3.7345e+07 7.4691e+05
0.328 5.9763e+07 1.1953e+06
0.329 8.8699e+07 1.774e+06
0.33 7.672e+07 1.5344e+06
0.331 6.7482e+07 1.3496e+06
0.332 8.146e+07 1.6292e+06
0.333 6.9525e+07 1.3905e+06
0.334 3.2092e+07 6.4184e+05
0.335 5.1738e+07 1.0348e+06
0.336 2.7018e+07 5.4037e+05
0.337 9.2497e+07 1.8499e+06
0.338 6.4129e+07 1.2826e+06
0.339 8.6016e+07 1.7203e+06
0.34 4.7409e+07 9.4819e+05
0.341 8.7695e+07 1.7539e+06
0.342 1.9298e+07 3.8595e+05
0.343 4.2393e+07 8.4785e+05
0.344 6.758e+07 1.3516e+06
0.345 5.2293e+07 1.0459e+06
0.346 9.8705e+07 1.9741e+06
0.347 5.1099e+07 1.022e+06
0.348 9.1864e+07 1.8373e+06
0.349 9.6174e+07 1.9235e+06
0.35 6.5188e+07 1.3038e+06
0.351 8.3455e+07 1.6691e+06
0.352 3.7931e+07 7.5861e+05
0.353 7.398e+07 1.4796e+06
0.354 1.0274e+08 2.0548e+06
0.355 6.578e+07 1.3156e+06
0.356 7.2481e+07 1.4496e+06
0.357 6.3341e+07 1.2668e+06
0.358 5.9308e+07 1.1862e+06
0.359 8.296e+07 1.6592e+06
0.36 8.6246e+07 1.7249e+06
0.361 1.5611e+08 3.1221e+06
0.362 4.9191e+07 9.8381e+05
0.363 6.975e+07 1.395e+06
0.364 1.4737e+08 2.9474e+06
0.365 9.4621e+07 1.8924e+06
0.366 6.5815e+07 1.3163e+06
0.367 9.6282e+07 1.9256e+06
0.368 6.8353e+07 1.3671e+06
0.369 1.1761e+08 2.3523e+06
0.37 5.7491e+07 1.1498e+06
0.371 5.8937e+07 1.1787e+06
0.372 7.5247e+07 1.5049e+06
0.373 5.5357e+07 1.1071e+06
0.374 8.808e+07 1.7616e+06
0.375 8.0766e+07 1.6153e+06
0.376 8.8251e+07 1.765e+06
0.377 8.5922e+07 1.7184e+06
0.378 7.7456e+07 1.5491e+06
0.379 9.9332e+07 1.9866e+06
0.38 1.1925e+08 2.385e+06
0.381 6.7798e+07 1.356e+06
0.382 5.6377e+07 1.1275e+06
0.383 1.1521e+08 2.3041e+06
0.384 1.1302e+08 2.2604e+06
0.385 8.2781e+07 1.6556e+06
0.386 7.757e+07 1.5514e+06
0.387 1.1146e+08 2.2291e+06
0.388 1.0594e+08 2.1188e+06
0.389 9.8763e+07 1.9753e+06
0.39 7.721e+07 1.5442e+06
0.391 1.0779e+08 2.1559e+06
0.392 6.9932e+07 1.3986e+06
0.393 9.2608e+07 1.8522e+06
0.394 7.1729e+07 1.4346e+06
0.395 8.3534e+07 1.6707e+06
0.396 9.8949e+07 1.979e+06
0.397 8.9652e+07 1.793e+06
0.398 8.0568e+07 1.6114e+06
0.399 5.3686e+07 1.0737e+06
0.4 9.644e+07 1.9288e+06
0.401 1.3239e+08 2.6477e+06
0.402 8.9315e+07 1.7863e+06
0.403 1.1016e+08 2.2033e+06
0.404 1.2176e+08 2.4352e+06
0.405 1.1959e+08 2.3919e+06
0.406 1.2365e+08 2.4731e+06
0.407 9.7343e+07 1.9469e+06
0.408 7.7639e+07 1.5528e+06
0.409 1.2193e+08 2.4387e+06
0.41 1.1899e+08 2.3798e+06
0.411 1.0145e+08 2.0289e+06
0.412 9.975e+07 1.995e+06
0.413 1.3414e+08 2.6827e+06
0.414 1.2011e+08 2.4023e+06
0.415 9.3049e+07 1.861e+06
0.416 9.8417e+07 1.9683e+06
0.417 1.345e+08 2.6901e+06
0.418 1.0066e+08 2.0132e+06
0.419 1.1576e+08 2.3151e+06
0.42 1.4374e+08 2.8748e+06
0.421 8.5905e+07 1.7181e+06
0.422 1.2166e+08 2.4332e+06
0.423 9.2175e+07 1.8435e+06
0.424 1.1905e+08 2.381e+06
0.425 1.2317e+08 2.4634e+06
0.426 1.0142e+08 2.0285e+06
0.427 1.0508e+08 2.1016e+06
0.428 1.0671e+08 2.1342e+06
0.429 1.1793e+08 2.3586e+06
0.43 9.1873e+07 1.8375e+06
0.431 1.3704e+08 2.7407e+06
0.432 7.7118e+07 1.5424e+06
0.433 1.0368e+08 2.0737e+06
0.434 1.6028e+08 3.2055e+06
0.435 1.29e+08 2.58e+06
0.436 1.241e+08 2.4821e+06
0.437 1.7395e+08 3.4791e+06
0.438 1.1541e+08 2.3082e+06
0.439 1.367e+08 2.7339e+06
0.44 1.1621e+08 2.3241e+06
0.441 1.1258e+08 2.2516e+06
0.442 1.287e+08 2.5741e+06
0.443 1.1103e+08 2.2206e+06
0.444 1.2828e+08 2.5656e+06
0.445 1.1728e+08 2.3456e+06
0.446 1.4403e+08 2.8807e+06
0.447 1.1136e+08 2.2273e+06
0.448 1.0768e+08 2.1535e+06
0.449 1.3583e+08 2.7166e+06
0.45 1.2274e+08 2.4548e+06
0.451 1.098e+08 2.1959e+06
0.452 1.7056e+08 3.4112e+06
0.453 1.1246e+08 2.2492e+06
0.454 1.1773e+08 2.3546e+06
0.455 1.3642e+08 2.7284e+06
0.456 1.2998e+08 2.5995e+06
0.457 1.4281e+08 2.8562e+06
0.458 1.3214e+08 2.6429e+06
0.459 1.2524e+08 2.5047e+06
0.46 1.0623e+08 2.1246e+06
0.461 1.3831e+08 2.7661e+06
0.462 1.3882e+08 2.7765e+06
0.463 1.2115e+08 2.423e+06
0.464 1.456e+08 2.912e+06
0.465 1.5122e+08 3.0243e+06
0.466 1.1501e+08 2.3003e+06
0.467 1.4445e+08 2.889e+06
0.468 1.8235e+08 3.647e+06
0.469 1.2798e+08 2.5596e+06
0.47 1.4378e+08 2.8756e+06
0.471 1.1404e+08 2.2809e+06
0.472 1.2362e+08 2.4725e+06
0.473 1.4571e+08 2.9142e+06
0.474 1.4141e+08 2.8281e+06
0.475 9.7244e+07 1.9449e+06
0.476 1.4944e+08 2.9889e+06
0.477 1.4945e+08 2.989e+06
0.478 1.0724e+08 2.1448e+06
0.479 1.4449e+08 2.8898e+06
0.48 1.1703e+08 2.3406e+06
0.481 1.2602e+08 2.5205e+06
0.482 1.3175e+08 2.6351e+06
0.483 1.5373e+08 3.0746e+06
0.484 1.427e+08 2.854e+06
0.485 1.0125e+08 2.0251e+06
0.486 1.3301e+08 2.6601e+06
0.487 8.5528e+07 1.7106e+06
0.488 9.2787e+07 1.8557e+06
0.489 1.1239e+08 2.2479e+06
0.49 1.377e+08 2.7541e+06
0.491 1.1096e+08 2.2193e+06
0.492 1.3691e+08 2.7382e+06
0.493 1.1918e+08 2.3835e+06
0.494 1.4081e+08 2.8163e+06
0.495 1.631e+08 3.262e+06
0.496 1.2141e+08 2.4282e+06
0.497 1.3472e+08 2.6943e+06
0.498 1.6478e+08 3.2956e+06
0.499 1.1224e+08 2.2448e+06
0.5 9.6019e+07 1.9204e+06
