0.001 6.8514e+09 1.3703e+08
0.002 7.9452e+09 1.589e+08
0.003 8.0059e+09 1.6012e+08
0.004 8.1935e+09 1.6387e+08
0.005 7.7526e+09 1.5505e+08
0.006 8.1342e+09 1.6268e+08
0.007 7.8455e+09 1.5691e+08
0.008 7.8403e+09 1.5681e+08
0.009 7.9262e+09 1.5852e+08
0.01 7.9944e+09 1.5989e+08
0.011 7.7957e+09 1.5591e+08
0.012 8.0303e+09 1.6061e+08
0.013 7.851e+09 1.5702e+08
0.014 7.8284e+09 1.5657e+08
0.015 7.6692e+09 1.5338e+08
0.016 7.9437e+09 1.5887e+08
0.017 7.8646e+09 1.5729e+08
0.018 7.7878e+09 1.5576e+08
0.019 7.6336e+09 1.5267e+08
0.02 7.5752e+09 1.515e+08
0.021 7.698e+09 1.5396e+08
0.022 7.694e+09 1.5388e+08
0.023 7.4804e+09 1.4961e+08
0.024 7.3972e+09 1.4794e+08
0.025 7.4888e+09 1.4978e+08
0.026 7.4456e+09 1.4891e+08
0.027 7.5119e+09 1.5024e+08
0.028 7.3801e+09 1.476e+08
0.029 7.3433e+09 1.4687e+08
0.03 7.4179e+09 1.4836e+08
0.031 7.3605e+09 1.4721e+08
0.032 7.227e+09 1.4454e+08
0.033 7.2882e+09 1.4576e+08
0.034 7.1472e+09 1.4294e+08
0.035 7.1999e+09 1.44e+08
0.036 7.0286e+09 1.4057e+08
0.037 7.1543e+09 1.4309e+08
0.038 7.0762e+09 1.4152e+08
0.039 6.9791e+09 1.3958e+08
0.04 6.8791e+09 1.3758e+08
0.041 6.8523e+09 1.3705e+08
0.042 6.8182e+09 1.3636e+08
0.043 6.6991e+09 1.3398e+08
0.044 6.5832e+09 1.3166e+08
0.045 6.7221e+09 1.3444e+08
0.046 6.6205e+09 1.3241e+08
0.047 6.5335e+09 1.3067e+08
0.048 6.4437e+09 1.2887e+08
0.049 6.5376e+09 1.3075e+08
0.05 6.3353e+09 1.2671e+08
0.051 6.3313e+09 1.2663e+08
0.052 6.2347e+09 1.2469e+08
0.053 6.2419e+09 1.2484e+08
0.054 6.1549e+09 1.231e+08
0.055 6.137e+09 1.2274e+08
0.056 6.0372e+09 1.2074e+08
0.057 5.9896e+09 1.1979e+08
0.058 5.8697e+09 1.1739e+08
0.059 5.8839e+09 1.1768e+08
0.06 5.8953e+09 1.1791e+08
0.061 5.8749e+09 1.175e+08
0.062 5.6285e+09 1.1257e+08
0.063 5.6216e+09 1.1243e+08
0.064 5.511e+09 1.1022e+08
0.065 5.5697e+09 1.1139e+08
0.066 5.4397e+09 1.0879e+08
0.067 5.427e+09 1.0854e+08
0.068 5.334e+09 1.0668e+08
0.069 5.2913e+09 1.0583e+08
0.07 5.2069e+09 1.0414e+08
0.071 5.1521e+09 1.0304e+08
0.072 5.1384e+09 1.0277e+08
0.073 5.011e+09 1.0022e+08
0.074 4.9882e+09 9.9764e+07
0.075 4.9556e+09 9.9113e+07
0.076 4.9067e+09 9.8134e+07
0.077 4.7383e+09 9.4767e+07
0.078 4.7362e+09 9.4724e+07
0.079 4.6154e+09 9.2309e+07
0.08 4.5447e+09 9.0895e+07
0.081 4.4226e+09 8.8452e+07
0.082 4.4559e+09 8.9117e+07
0.083 4.3397e+09 8.6794e+07
0.084 4.401e+09 8.8019e+07
0.085 4.274e+09 8.548e+07
0.086 4.2406e+09 8.4812e+07
0.087 4.1089e+09 8.2179e+07
0.088 4.0992e+09 8.1984e+07
0.089 4.0031e+09 8.0062e+07
0.09 3.94e+09 7.8801e+07
0.091 3.9115e+09 7.823e+07
0.092 3.8106e+09 7.6212e+07
0.093 3.7821e+09 7.5642e+07
0.094 3.6903e+09 7.3805e+07
0.095 3.6639e+09 7.3279e+07
0.096 3.6653e+09 7.3307e+07
0.097 3.5685e+09 7.137e+07
0.098 3.5117e+09 7.0235e+07
0.099 3.436e+09 6.872e+07
0.1 3.4542e+09 6.9084e+07
0.101 3.3781e+09 6.7562e+07
0.102 3.2787e+09 6.5574e+07
0.103 3.2102e+09 6.4203e+07
0.104 3.2071e+09 6.4141e+07
0.105 3.1311e+09 6.2622e+07
0.106 3.0946e+09 6.1893e+07
0.107 3.0606e+09 6.1213e+07
0.108 2.9906e+09 5.9811e+07
0.109 2.9529e+09 5.9058e+07
0.11 2.8791e+09 5.7583e+07
0.111 2.8636e+09 5.7272e+07
0.112 2.87e+09 5.7401e+07
0.113 2.7898e+09 5.5795e+07
0.114 2.7554e+09 5.5108e+07
0.115 2.6919e+09 5.3837e+07
0.116 2.5882e+09 5.1765e+07
0.117 2.6087e+09 5.2174e+07
0.118 2.5232e+09 5.0464e+07
0.119 2.4798e+09 4.9596e+07
0.12 2.4479e+09 4.8959e+07
0.121 2.391e+09 4.7819e+07
0.122 2.3078e+09 4.6156e+07
0.123 2.2639e+09 4.5277e+07
0.124 2.263e+09 4.526e+07
0.125 2.2424e+09 4.4849e+07
0.126 2.2053e+09 4.4105e+07
0.127 2.1705e+09 4.3409e+07
0.128 2.1103e+09 4.2206e+07
0.129 2.0644e+09 4.1288e+07
0.13 2.0744e+09 4.1488e+07
0.131 2.0243e+09 4.0487e+07
0.132 1.9666e+09 3.9332e+07
0.133 1.924e+09 3.8481e+07
0.134 1.9444e+09 3.8887e+07
0.135 1.8097e+09 3.6195e+07
0.136 1.8118e+09 3.6236e+07
0.137 1.845e+09 3.6901e+07
0.138 1.755e+09 3.5099e+07
0.139 1.7273e+09 3.4546e+07
0.14 1.738e+09 3.476e+07
0.141 1.6778e+09 3.3556e+07
0.142 1.6744e+09 3.3488e+07
0.143 1.6602e+09 3.3204e+07
0.144 1.5875e+09 3.175e+07
0.145 1.5896e+09 3.1793e+07
0.146 1.4743e+09 2.9486e+07
0.147 1.5007e+09 3.0014e+07
0.148 1.4319e+09 2.8638e+07
0.149 1.447e+09 2.8939e+07
0.15 1.4176e+09 2.8351e+07
0.151 1.4116e+09 2.8232e+07
0.152 1.3745e+09 2.749e+07
0.153 1.375e+09 2.75e+07
0.154 1.2926e+09 2.5851e+07
0.155 1.2584e+09 2.5168e+07
0.156 1.2855e+09 2.571e+07
0.157 1.304e+09 2.6081e+07
0.158 1.247e+09 2.4939e+07
0.159 1.2332e+09 2.4664e+07
0.16 1.1702e+09 2.3405e+07
0.161 1.2147e+09 2.4294e+07
0.162 1.1905e+09 2.381e+07
0.163 1.1562e+09 2.3123e+07
0.164 1.108e+09 2.2161e+07
0.165 1.0869e+09 2.1738e+07
0.166 1.0812e+09 2.1623e+07
0.167 1.1002e+09 2.2004e+07
0.168 9.9647e+08 1.9929e+07
0.169 1.0387e+09 2.0775e+07
0.17 1.0624e+09 2.1248e+07
0.171 9.6714e+08 1.9343e+07
0.172 9.6702e+08 1.934e+07
0.173 1.0137e+09 2.0275e+07
0.174 9.5541e+08 1.9108e+07
0.175 8.9122e+08 1.7824e+07
0.176 9.1522e+08 1.8304e+07
0.177 8.8673e+08 1.7735e+07
0.178 8.8441e+08 1.7688e+07
0.179 8.7702e+08 1.754e+07
0.18 8.4051e+08 1.681e+07
0.181 8.2335e+08 1.6467e+07
0.182 8.0276e+08 1.6055e+07
0.183 8.0348e+08 1.607e+07
0.184 7.838e+08 1.5676e+07
0.185 7.6452e+08 1.529e+07
0.186 7.7257e+08 1.5451e+07
0.187 7.5687e+08 1.5137e+07
0.188 7.2505e+08 1.4501e+07
0.189 7.2876e+08 1.4575e+07
0.19 7.5053e+08 1.5011e+07
0.191 6.3752e+08 1.275e+07
0.192 6.9894e+08 1.3979e+07
0.193 6.7646e+08 1.3529e+07
0.194 6.3076e+08 1.2615e+07
0.195 6.4059e+08 1.2812e+07
0.196 6.6563e+08 1.3313e+07
0.197 6.0636e+08 1.2127e+07
0.198 5.3234e+08 1.0647e+07
0.199 6.0713e+08 1.2143e+07
0.2 5.9154e+08 1.1831e+07
0.201 5.7262e+08 1.1452e+07
0.202 5.6731e+08 1.1346e+07
0.203 5.6518e+08 1.1304e+07
0.204 5.4858e+08 1.0972e+07
0.205 5.4142e+08 1.0828e+07
0.206 5.5873e+08 1.1175e+07
0.207 4.8461e+08 9.6921e+06
0.208 4.8656e+08 9.7312e+06
0.209 5.3915e+08 1.0783e+07
0.21 4.7966e+08 9.5932e+06
0.211 4.8878e+08 9.7756e+06
0.212 4.4271e+08 8.8541e+06
0.213 4.6168e+08 9.2336e+06
0.214 4.8825e+08 9.7649e+06
0.215 4.3097e+08 8.6194e+06
0.216 4.3683e+08 8.7367e+06
0.217 4.505e+08 9.01e+06
0.218 3.9253e+08 7.8507e+06
0.219 3.8713e+08 7.7426e+06
0.22 4.2581e+08 8.5162e+06
0.221 4.2324e+08 8.4649e+06
0.222 4.1772e+08 8.3545e+06
0.223 3.9865e+08 7.973e+06
0.224 3.7899e+08 7.5798e+06
0.225 3.6721e+08 7.3441e+06
0.226 3.4671e+08 6.9341e+06
0.227 3.3451e+08 6.6901e+06
0.228 2.9502e+08 5.9004e+06
0.229 3.1055e+08 6.2111e+06
0.23 3.2839e+08 6.5679e+06
0.231 3.1174e+08 6.2347e+06
0.232 3.212e+08 6.424e+06
0.233 3.1127e+08 6.2254e+06
0.234 2.6841e+08 5.3682e+06
0.235 2.9103e+08 5.8206e+06
0.236 2.6881e+08 5.3762e+06
0.237 3.1983e+08 6.3966e+06
0.238 2.5338e+08 5.0676e+06
0.239 2.6307e+08 5.2615e+06
0.24 2.7424e+08 5.4848e+06
0.241 2.9677e+08 5.9354e+06
0.242 2.4821e+08 4.9642e+06
0.243 2.5489e+08 5.0978e+06
0.244 2.3599e+08 4.7197e+06
0.245 2.2112e+08 4.4225e+06
0.246 2.142e+08 4.284e+06
0.247 1.9528e+08 3.9057e+06
0.248 2.3199e+08 4.6398e+06
0.249 2.2351e+08 4.4702e+06
0.25 1.9757e+08 3.9515e+06
0.251 1.8842e+08 3.7683e+06
0.252 2.3032e+08 4.6064e+06
0.253 1.9156e+08 3.8312e+06
0.254 2.0676e+08 4.1352e+06
0.255 1.822e+08 3.6441e+06
0.256 1.7186e+08 3.4372e+06
0.257 1.632e+08 3.264e+06
0.258 1.5394e+08 3.0788e+06
0.259 1.6491e+08 3.2983e+06
0.26 1.433e+08 2.866e+06
0.261 1.6293e+08 3.2586e+06
0.262 1.8337e+08 3.6674e+06
0.263 1.4904e+08 2.9809e+06
0.264 1.2141e+08 2.4282e+06
0.265 1.1115e+08 2.223e+06
0.266 1.3757e+08 2.7514e+06
0.267 1.6986e+08 3.3971e+06
0.268 1.6187e+08 3.2375e+06
0.269 9.3649e+07 1.873e+06
0.27 1.007e+08 2.014e+06
0.271 1.2349e+08 2.4698e+06
0.272 1.3598e+08 2.7196e+06
0.273 1.0628e+08 2.1255e+06
0.274 1.2332e+08 2.4665e+06
0.275 9.5047e+07 1.9009e+06
0.276 1.1718e+08 2.3436e+06
0.277 1.0987e+08 2.1974e+06
0.278 1.5421e+08 3.0841e+06
0.279 8.0649e+07 1.613e+06
0.28 8.5303e+07 1.7061e+06
0.281 9.8481e+07 1.9696e+06
0.282 1.2174e+08 2.4348e+06
0.283 1.0427e+08 2.0855e+06
0.284 6.2524e+07 1.2505e+06
0.285 1.1809e+08 2.3619e+06
0.286 1.0584e+08 2.1168e+06
0.287 1.2106e+08 2.4211e+06
0.288 7.3669e+07 1.4734e+06
0.289 8.5397e+07 1.7079e+06
0.29 8.5484e+07 1.7097e+06
0.291 6.4121e+07 1.2824e+06
0.292 1.9299e+07 3.8599e+05
0.293 8.2327e+07 1.6465e+06
0.294 7.5365e+07 1.5073e+06
0.295 6.4329e+07 1.2866e+06
0.296 8.2269e+07 1.6454e+06
0.297 5.6037e+07 1.1207e+06
0.298 7.0083e+07 1.4017e+06
0.299 7.3974e+07 1.4795e+06
0.3 7.4752e+07 1.495e+06
0.301 2.8199e+07 5.6398e+05
0.302 6.385e+07 1.277e+06
0.303 6.182e+07 1.2364e+06
0.304 4.6509e+07 9.3018e+05
0.305 7.8153e+07 1.5631e+06
0.306 6.2565e+07 1.2513e+06
0.307 4.3371e+07 8.6741e+05
0.308 8.5632e+07 1.7126e+06
0.309 6.0533e+07 1.2107e+06
0.31 8.3677e+07 1.6735e+06
0.311 4.3789e+07 8.7578e+05
0.312 4.2257e+07 8.4515e+05
0.313 7.8004e+07 1.5601e+06
0.314 6.6111e+07 1.3222e+06
0.315 5.4988e+07 1.0998e+06
0.316 5.5059e+07 1.1012e+06
0.317 9.4936e+07 1.8987e+06
0.318 6.4048e+07 1.281e+06
0.319 3.8519e+07 7.7037e+05
0.32 5.3013e+07 1.0603e+06
0.321 5.453e+07 1.0906e+06
0.322 1.0854e+08 2.1707e+06
0.323 8.6198e+07 1.724e+06
0.324 7.1639e+07 1.4328e+06
0.325 1.5996e+07 3.1991e+05
0.326 5.7772e+07 1.1554e+06
0.327 3.6437e+07 7.2873e+05
0.328 6.764e+07 1.3528e+06
0.329 3.3116e+07 6.6231e+05
0.33 2.3877e+07 4.7754e+05
0.331 4.273e+07 8.5461e+05
0.332 7.2024e+07 1.4405e+06
0.333 4.8354e+07 9.6708e+05
0.334 7.6183e+07 1.5237e+06
0.335 3.2095e+07 6.419e+05
0.336 9.3541e+07 1.8708e+06
0.337 6.442e+07 1.2884e+06
0.338 6.1044e+07 1.2209e+06
0.339 7.4721e+07 1.4944e+06
0.34 8.8071e+07 1.7614e+06
0.341 5.2452e+07 1.049e+06
0.342 3.9359e+07 7.8719e+05
0.343 8.3133e+07 1.6627e+06
0.344 4.258e+07 8.516e+05
0.345 4.5622e+07 9.1243e+05
0.346 6.1482e+07 1.2296e+06
0.347 7.8217e+07 1.5643e+06
0.348 2.8479e+07 5.6958e+05
0.349 3.7718e+07 7.5436e+05
0.35 5.1049e+07 1.021e+06
0.351 3.3775e+07 6.7551e+05
0.352 9.9531e+07 1.9906e+06
0.353 6.1482e+07 1.2296e+06
0.354 6.1266e+07 1.2253e+06
0.355 8.0191e+07 1.6038e+06
0.356 5.6384e+07 1.1277e+06
0.357 8.0556e+07 1.6111e+06
0.358 7.4379e+07 1.4876e+06
0.359 7.5712e+07 1.5142e+06
0.36 4.9015e+07 9.8031e+05
0.361 8.8511e+07 1.7702e+06
0.362 8.8697e+07 1.7739e+06
0.363 5.3756e+07 1.0751e+06
0.364 8.2454e+07 1.6491e+06
0.365 1.0798e+08 2.1596e+06
0.366 4.8036e+07 9.6072e+05
0.367 4.9687e+07 9.9375e+05
0.368 9.0141e+07 1.8028e+06
0.369 8.4669e+07 1.6934e+06
0.37 4.8835e+07 9.767e+05
0.371 7.2038e+07 1.4408e+06
0.372 4.4406e+07 8.8813e+05
0.373 6.6386e+07 1.3277e+06
0.374 6.944e+07 1.3888e+06
0.375 6.46e+07 1.292e+06
0.376 8.1915e+07 1.6383e+06
0.377 6.0071e+07 1.2014e+06
0.378 7.9577e+07 1.5915e+06
0.379 5.3108e+07 1.0622e+06
0.38 5.72e+07 1.144e+06
0.381 6.4341e+07 1.2868e+06
0.382 7.4908e+07 1.4982e+06
0.383 8.8022e+07 1.7604e+06
0.384 7.0195e+07 1.4039e+06
0.385 7.0866e+07 1.4173e+06
0.386 1.0012e+08 2.0024e+06
0.387 7.4211e+07 1.4842e+06
0.388 9.6213e+07 1.9243e+06
0.389 8.5497e+07 1.7099e+06
0.39 8.093e+07 1.6186e+06
0.391 7.1175e+07 1.4235e+06
0.392 7.0704e+07 1.4141e+06
0.393 6.9452e+07 1.389e+06
0.394 8.42e+07 1.684e+06
0.395 5.1764e+07 1.0353e+06
0.396 8.0367e+07 1.6073e+06
0.397 8.7902e+07 1.758e+06
0.398 8.8352e+07 1.767e+06
0.399 1.1803e+08 2.3605e+06
0.4 5.989e+07 1.1978e+06
0.401 6.1775e+07 1.2355e+06
0.402 9.9756e+07 1.9951e+06
0.403 7.3707e+07 1.4741e+06
0.404 1.0658e+08 2.1316e+06
0.405 7.9229e+07 1.5846e+06
0.406 7.7641e+07 1.5528e+06
0.407 8.8057e+07 1.7611e+06
0.408 9.9547e+07 1.9909e+06
0.409 7.9797e+07 1.5959e+06
0.41 8.5294e+07 1.7059e+06
0.411 6.9091e+07 1.3818e+06
0.412 9.6796e+07 1.9359e+06
0.413 7.3433e+07 1.4687e+06
0.414 6.3158e+07 1.2632e+06
0.415 1.0563e+08 2.1126e+06
0.416 9.1336e+07 1.8267e+06
0.417 8.4202e+07 1.684e+06
0.418 8.4362e+07 1.6872e+06
0.419 7.9237e+07 1.5847e+06
0.42 1.0909e+08 2.1818e+06
0.421 1.0405e+08 2.0809e+06
0.422 9.682e+07 1.9364e+06
0.423 8.4519e+07 1.6904e+06
0.424 1.1288e+08 2.2577e+06
0.425 8.2805e+07 1.6561e+06
0.426 1.0033e+08 2.0067e+06
0.427 7.7107e+07 1.5421e+06
0.428 8.7545e+07 1.7509e+06
0.429 8.6939e+07 1.7388e+06
0.43 1.0726e+08 2.1451e+06
0.431 9.9281e+07 1.9856e+06
0.432 9.1591e+07 1.8318e+06
0.433 8.5339e+07 1.7068e+06
0.434 8.5673e+07 1.7135e+06
0.435 1.0557e+08 2.1114e+06
0.436 8.0098e+07 1.602e+06
0.437 6.8541e+07 1.3708e+06
0.438 8.6375e+07 1.7275e+06
0.439 1.2752e+08 2.5503e+06
0.44 1.2008e+08 2.4016e+06
0.441 1.1227e+08 2.2453e+06
0.442 9.3474e+07 1.8695e+06
0.443 9.7364e+07 1.9473e+06
0.444 9.6425e+07 1.9285e+06
0.445 1.1591e+08 2.3182e+06
0.446 8.7687e+07 1.7537e+06
0.447 1.0426e+08 2.0852e+06
0.448 1.3272e+08 2.6544e+06
0.449 9.0175e+07 1.8035e+06
0.45 1.0952e+08 2.1903e+06
0.451 8.1376e+07 1.6275e+06
0.452 1.1106e+08 2.2213e+06
0.453 1.1274e+08 2.2547e+06
0.454 1.1785e+08 2.3571e+06
0.455 1.1405e+08 2.281e+06
0.456 1.1827e+08 2.3654e+06
0.457 8.8887e+07 1.7777e+06
0.458 1.177e+08 2.354e+06
0.459 8.6153e+07 1.7231e+06
0.46 7.6833e+07 1.5367e+06
0.461 1.0874e+08 2.1748e+06
0.462 7.6972e+07 1.5394e+06
0.463 1.0863e+08 2.1725e+06
0.464 8.0479e+07 1.6096e+06
0.465 1.1046e+08 2.2093e+06
0.466 8.9514e+07 1.7903e+06
0.467 1.0132e+08 2.0263e+06
0.468 1.2437e+08 2.4873e+06
0.469 8.7467e+07 1.7493e+06
0.47 9.527e+07 1.9054e+06
0.471 1.0422e+08 2.0845e+06
0.472 9.9029e+07 1.9806e+06
0.473 1.0082e+08 2.0164e+06
0.474 1.1521e+08 2.3041e+06
0.475 1.092e+08 2.1839e+06
0.476 9.6161e+07 1.9232e+06
0.477 7.3432e+07 1.4686e+06
0.478 1.1467e+08 2.2934e+06
0.479 1.0067e+08 2.0135e+06
0.48 1.0154e+08 2.0308e+06
0.481 1.3076e+08 2.6151e+06
0.482 1.1465e+08 2.2929e+06
0.483 9.9899e+07 1.998e+06
0.484 1.0581e+08 2.1161e+06
0.485 1.1558e+08 2.3116e+06
0.486 1.2092e+08 2.4183e+06
0.487 8.407e+07 1.6814e+06
0.488 1.1967e+08 2.3934e+06
0.489 7.9554e+07 1.5911e+06
0.49 9.5763e+07 1.9153e+06
0.491 7.8118e+07 1.5624e+06
0.492 1.1469e+08 2.2937e+06
0.493 1.0496e+08 2.0991e+06
0.494 1.011e+08 2.0221e+06
0.495 9.0715e+07 1.8143e+06
0.496 1.0688e+08 2.1377e+06
0.497 1.3183e+08 2.6366e+06
0.498 8.5475e+07 1.7095e+06
0.499 1.1621e+08 2.3243e+06
0.5 9.8802e+07 1.976e+06
