0.001 3.5562e+10 1.8044e+09
0.002 3.7309e+10 1.2756e+09
0.003 3.5622e+10 1.0411e+09
0.004 3.5102e+10 9.0118e+08
0.005 3.4681e+10 8.0551e+08
0.006 3.5403e+10 7.3473e+08
0.007 3.4773e+10 6.7958e+08
0.008 3.5383e+10 6.3499e+08
0.009 3.4807e+10 5.9793e+08
0.01 3.3672e+10 5.6645e+08
0.011 3.3832e+10 5.3926e+08
0.012 3.4443e+10 5.1543e+08
0.013 3.441e+10 4.9431e+08
0.014 3.3888e+10 4.7539e+08
0.015 3.3976e+10 4.583e+08
0.016 3.4538e+10 4.4274e+08
0.017 3.376e+10 4.285e+08
0.018 3.3896e+10 4.1537e+08
0.019 3.3128e+10 4.0321e+08
0.02 3.3798e+10 3.9189e+08
0.021 3.3178e+10 3.8131e+08
0.022 3.2938e+10 3.7139e+08
0.023 3.1998e+10 3.6206e+08
0.024 3.2733e+10 3.5324e+08
0.025 3.234e+10 3.449e+08
0.026 3.1926e+10 3.3697e+08
0.027 3.0875e+10 3.2943e+08
0.028 3.1757e+10 3.2223e+08
0.029 3.0491e+10 3.1535e+08
0.03 3.052e+10 3.0876e+08
0.031 2.9927e+10 3.0244e+08
0.032 2.9747e+10 2.9637e+08
0.033 2.9424e+10 2.9052e+08
0.034 2.8975e+10 2.8489e+08
0.035 2.8791e+10 2.7945e+08
0.036 2.8872e+10 2.7419e+08
0.037 2.7952e+10 2.6911e+08
0.038 2.7765e+10 2.6418e+08
0.039 2.6945e+10 2.5941e+08
0.04 2.6874e+10 2.5478e+08
0.041 2.6627e+10 2.5028e+08
0.042 2.6835e+10 2.459e+08
0.043 2.5548e+10 2.4165e+08
0.044 2.5494e+10 2.3751e+08
0.045 2.4977e+10 2.3348e+08
0.046 2.4919e+10 2.2954e+08
0.047 2.4869e+10 2.2571e+08
0.048 2.4194e+10 2.2197e+08
0.049 2.3522e+10 2.1832e+08
0.05 2.3808e+10 2.1475e+08
0.051 2.3166e+10 2.1127e+08
0.052 2.2652e+10 2.0786e+08
0.053 2.2137e+10 2.0453e+08
0.054 2.2014e+10 2.0127e+08
0.055 2.1593e+10 1.9809e+08
0.056 2.1167e+10 1.9497e+08
0.057 2.0557e+10 1.9192e+08
0.058 2.0581e+10 1.8893e+08
0.059 2.0172e+10 1.86e+08
0.06 1.982e+10 1.8314e+08
0.061 1.9181e+10 1.8033e+08
0.062 1.8978e+10 1.7758e+08
0.063 1.8722e+10 1.7488e+08
0.064 1.8144e+10 1.7224e+08
0.065 1.7808e+10 1.6965e+08
0.066 1.7592e+10 1.6711e+08
0.067 1.7419e+10 1.6462e+08
0.068 1.7037e+10 1.6218e+08
0.069 1.672e+10 1.5979e+08
0.07 1.5996e+10 1.5745e+08
0.071 1.6079e+10 1.5515e+08
0.072 1.5866e+10 1.5289e+08
0.073 1.5212e+10 1.5068e+08
0.074 1.4927e+10 1.4852e+08
0.075 1.4398e+10 1.4639e+08
0.076 1.414e+10 1.4431e+08
0.077 1.39e+10 1.4226e+08
0.078 1.3718e+10 1.4026e+08
0.079 1.3465e+10 1.383e+08
0.08 1.3085e+10 1.3637e+08
0.081 1.284e+10 1.3448e+08
0.082 1.2542e+10 1.3263e+08
0.083 1.2031e+10 1.3082e+08
0.084 1.2081e+10 1.2904e+08
0.085 1.1683e+10 1.273e+08
0.086 1.125e+10 1.2559e+08
0.087 1.1107e+10 1.2391e+08
0.088 1.0937e+10 1.2227e+08
0.089 1.0837e+10 1.2066e+08
0.09 1.0299e+10 1.1909e+08
0.091 1.0104e+10 1.1754e+08
0.092 1.0031e+10 1.1603e+08
0.093 9.5475e+09 1.1454e+08
0.094 9.4964e+09 1.1309e+08
0.095 9.1403e+09 1.1167e+08
0.096 9.1372e+09 1.1027e+08
0.097 9.0081e+09 1.089e+08
0.098 8.7562e+09 1.0756e+08
0.099 8.4124e+09 1.0625e+08
0.1 8.1772e+09 1.0496e+08
0.101 8.1602e+09 1.0371e+08
0.102 7.787e+09 1.0247e+08
0.103 7.4979e+09 1.0126e+08
0.104 7.5327e+09 1.0008e+08
0.105 7.2181e+09 9.8918e+07
0.106 7.1147e+09 9.7781e+07
0.107 7.0743e+09 9.6668e+07
0.108 6.7736e+09 9.5577e+07
0.109 6.4287e+09 9.4509e+07
0.11 6.3883e+09 9.3462e+07
0.111 6.1566e+09 9.2437e+07
0.112 6.1712e+09 9.1432e+07
0.113 6.089e+09 9.0448e+07
0.114 5.9281e+09 8.9484e+07
0.115 5.6814e+09 8.8539e+07
0.116 5.3992e+09 8.7613e+07
0.117 5.4763e+09 8.6706e+07
0.118 5.4406e+09 8.5818e+07
0.119 5.0842e+09 8.4947e+07
0.12 5.0971e+09 8.4093e+07
0.121 5.0572e+09 8.3257e+07
0.122 4.9397e+09 8.2437e+07
0.123 4.5195e+09 8.1633e+07
0.124 4.506e+09 8.0846e+07
0.125 4.3632e+09 8.0074e+07
0.126 4.4873e+09 7.9317e+07
0.127 4.2733e+09 7.8575e+07
0.128 4.0475e+09 7.7848e+07
0.129 3.8794e+09 7.7134e+07
0.13 3.864e+09 7.6435e+07
0.131 3.6797e+09 7.5749e+07
0.132 3.5498e+09 7.5077e+07
0.133 3.5241e+09 7.4417e+07
0.134 3.475e+09 7.3771e+07
0.135 3.2511e+09 7.3136e+07
0.136 3.2854e+09 7.2514e+07
0.137 3.2218e+09 7.1904e+07
0.138 3.1699e+09 7.1305e+07
0.139 3.0723e+09 7.0718e+07
0.14 3.0941e+09 7.0141e+07
0.141 2.883e+09 6.9576e+07
0.142 2.906e+09 6.9022e+07
0.143 2.6917e+09 6.8478e+07
0.144 2.6703e+09 6.7944e+07
0.145 2.6465e+09 6.742e+07
0.146 2.4751e+09 6.6906e+07
0.147 2.6272e+09 6.6401e+07
0.148 2.3759e+09 6.5906e+07
0.149 2.4018e+09 6.5421e+07
0.15 2.2413e+09 6.4944e+07
0.151 2.3307e+09 6.4477e+07
0.152 2.1868e+09 6.4018e+07
0.153 2.1352e+09 6.3567e+07
0.154 1.9852e+09 6.3125e+07
0.155 2.0574e+09 6.2692e+07
0.156 1.991e+09 6.2266e+07
0.157 1.6831e+09 6.1848e+07
0.158 1.8003e+09 6.1439e+07
0.159 1.786e+09 6.1036e+07
0.16 1.7383e+09 6.0642e+07
0.161 1.5787e+09 6.0254e+07
0.162 1.6236e+09 5.9874e+07
0.163 1.5405e+09 5.9502e+07
0.164 1.4703e+09 5.9136e+07
0.165 1.5011e+09 5.8777e+07
0.166 1.3992e+09 5.8424e+07
0.167 1.3667e+09 5.8079e+07
0.168 1.4372e+09 5.774e+07
0.169 1.3301e+09 5.7407e+07
0.17 1.291e+09 5.708e+07
0.171 1.1872e+09 5.676e+07
0.172 1.1966e+09 5.6446e+07
0.173 1.2067e+09 5.6138e+07
0.174 1.0847e+09 5.5835e+07
0.175 1.1423e+09 5.5538e+07
0.176 9.83e+08 5.5247e+07
0.177 1.005e+09 5.4962e+07
0.178 1.0998e+09 5.4681e+07
0.179 9.1323e+08 5.4406e+07
0.18 9.0271e+08 5.4137e+07
0.181 8.6773e+08 5.3872e+07
0.182 8.7786e+08 5.3612e+07
0.183 8.186e+08 5.3358e+07
0.184 8.4498e+08 5.3108e+07
0.185 7.1707e+08 5.2863e+07
0.186 7.607e+08 5.2622e+07
0.187 7.3314e+08 5.2386e+07
0.188 8.5503e+08 5.2154e+07
0.189 6.4309e+08 5.1927e+07
0.19 6.9629e+08 5.1704e+07
0.191 5.9478e+08 5.1485e+07
0.192 6.1428e+08 5.127e+07
0.193 5.494e+08 5.106e+07
0.194 6.7143e+08 5.0853e+07
0.195 7.314e+08 5.065e+07
0.196 5.6039e+08 5.045e+07
0.197 6.0116e+08 5.0255e+07
0.198 5.8544e+08 5.0063e+07
0.199 5.5432e+08 4.9874e+07
0.2 4.6303e+08 4.9689e+07
0.201 4.8477e+08 4.9507e+07
0.202 4.5612e+08 4.9328e+07
0.203 5.3592e+08 4.9153e+07
0.204 4.7524e+08 4.898e+07
0.205 4.0542e+08 4.8811e+07
0.206 4.0741e+08 4.8645e+07
0.207 3.7928e+08 4.8481e+07
0.208 4.1493e+08 4.832e+07
0.209 3.8761e+08 4.8163e+07
0.21 4.1128e+08 4.8007e+07
0.211 3.6067e+08 4.7855e+07
0.212 3.9615e+08 4.7705e+07
0.213 3.2841e+08 4.7557e+07
0.214 3.8357e+08 4.7412e+07
0.215 3.5579e+08 4.727e+07
0.216 3.714e+08 4.7129e+07
0.217 2.955e+08 4.6991e+07
0.218 3.7304e+08 4.6855e+07
0.219 4.1881e+08 4.6721e+07
0.22 2.9031e+08 4.659e+07
0.221 2.0325e+08 4.646e+07
0.222 2.5893e+08 4.6333e+07
0.223 2.2259e+08 4.6207e+07
0.224 2.6095e+08 4.6083e+07
0.225 3.0628e+08 4.5961e+07
0.226 2.484e+08 4.5841e+07
0.227 3.0606e+08 4.5722e+07
0.228 2.8666e+08 4.5606e+07
0.229 2.3757e+08 4.5491e+07
0.23 2.3274e+08 4.5377e+07
0.231 1.4976e+08 4.5265e+07
0.232 3.2999e+08 4.5155e+07
0.233 2.7747e+08 4.5046e+07
0.234 2.0987e+08 4.4939e+07
0.235 2.4013e+08 4.4833e+07
0.236 2.0899e+08 4.4728e+07
0.237 2.3923e+08 4.4625e+07
0.238 2.2693e+08 4.4522e+07
0.239 2.4302e+08 4.4422e+07
0.24 1.6769e+08 4.4322e+07
0.241 2.5498e+08 4.4224e+07
0.242 2.1704e+08 4.4126e+07
0.243 2.3973e+08 4.403e+07
0.244 2.4275e+08 4.3935e+07
0.245 2.6997e+08 4.3841e+07
0.246 2.6108e+08 4.3748e+07
0.247 1.4333e+08 4.3656e+07
0.248 2.2093e+08 4.3565e+07
0.249 1.4707e+08 4.3475e+07
0.25 1.5105e+08 4.3386e+07
0.251 2.39e+08 4.3297e+07
0.252 1.7019e+08 4.321e+07
0.253 2.3346e+08 4.3123e+07
0.254 1.6527e+08 4.3037e+07
0.255 2.4579e+08 4.2952e+07
0.256 2.0985e+08 4.2868e+07
0.257 2.9999e+08 4.2784e+07
0.258 9.4318e+07 4.2701e+07
0.259 1.9849e+08 4.2618e+07
0.26 2.429e+08 4.2537e+07
0.261 1.8848e+08 4.2456e+07
0.262 2.3975e+08 4.2375e+07
0.263 2.864e+08 4.2295e+07
0.264 2.1142e+08 4.2216e+07
0.265 2.4196e+08 4.2137e+07
0.266 1.5635e+08 4.2059e+07
0.267 2.0637e+08 4.1981e+07
0.268 2.2841e+08 4.1904e+07
0.269 1.485e+08 4.1827e+07
0.27 2.9547e+08 4.1751e+07
0.271 1.7421e+08 4.1675e+07
0.272 1.5723e+08 4.1599e+07
0.273 3.3042e+08 4.1524e+07
0.274 2.3063e+08 4.145e+07
0.275 2.4174e+08 4.1375e+07
0.276 1.8887e+08 4.1301e+07
0.277 2.1116e+08 4.1228e+07
0.278 2.0951e+08 4.1155e+07
0.279 2.4903e+08 4.1082e+07
0.28 1.8747e+08 4.1009e+07
0.281 2.2362e+08 4.0937e+07
0.282 1.628e+08 4.0865e+07
0.283 1.8748e+08 4.0793e+07
0.284 1.5595e+08 4.0722e+07
0.285 2.1185e+08 4.0651e+07
0.286 1.2587e+08 4.058e+07
0.287 2.1358e+08 4.051e+07
0.288 2.6218e+08 4.0439e+07
0.289 2.3528e+08 4.0369e+07
0.29 2.3924e+08 4.03e+07
0.291 2.1737e+08 4.023e+07
0.292 3.3595e+08 4.0161e+07
0.293 2.2406e+08 4.0092e+07
0.294 1.9506e+08 4.0023e+07
0.295 2.5937e+08 3.9955e+07
0.296 3.0421e+08 3.9886e+07
0.297 2.6245e+08 3.9818e+07
0.298 1.4605e+08 3.975e+07
0.299 2.0935e+08 3.9683e+07
0.3 1.4539e+08 3.9615e+07
0.301 2.2041e+08 3.9548e+07
0.302 1.5992e+08 3.9481e+07
0.303 1.9734e+08 3.9415e+07
0.304 2.449e+08 3.9348e+07
0.305 2.2823e+08 3.9282e+07
0.306 1.693e+08 3.9216e+07
0.307 1.8283e+08 3.915e+07
0.308 2.4547e+08 3.9084e+07
0.309 1.6546e+08 3.9019e+07
0.31 2.2458e+08 3.8954e+07
0.311 2.4844e+08 3.8889e+07
0.312 1.5932e+08 3.8824e+07
0.313 1.7549e+08 3.8759e+07
0.314 2.954e+08 3.8695e+07
0.315 2.8745e+08 3.8631e+07
0.316 1.7686e+08 3.8567e+07
0.317 2.0385e+08 3.8504e+07
0.318 2.3657e+08 3.844e+07
0.319 2.0843e+08 3.8377e+07
0.32 2.5883e+08 3.8314e+07
0.321 2.14e+08 3.8252e+07
0.322 2.165e+08 3.8189e+07
0.323 2.571e+08 3.8127e+07
0.324 2.2466e+08 3.8065e+07
0.325 2.1364e+08 3.8004e+07
0.326 2.1662e+08 3.7942e+07
0.327 2.4476e+08 3.7881e+07
0.328 1.7175e+08 3.782e+07
0.329 1.4082e+08 3.776e+07
0.33 2.2854e+08 3.7699e+07
0.331 1.8761e+08 3.7639e+07
0.332 1.0941e+08 3.7579e+07
0.333 2.5277e+08 3.752e+07
0.334 2.3971e+08 3.746e+07
0.335 1.1853e+08 3.7401e+07
0.336 2.097e+08 3.7343e+07
0.337 2.2365e+08 3.7284e+07
0.338 2.5389e+08 3.7226e+07
0.339 1.1663e+08 3.7168e+07
0.34 1.9018e+08 3.711e+07
0.341 2.1744e+08 3.7052e+07
0.342 1.5561e+08 3.6995e+07
0.343 2.077e+08 3.6938e+07
0.344 1.9277e+08 3.6881e+07
0.345 2.0129e+08 3.6825e+07
0.346 1.6801e+08 3.6769e+07
0.347 9.3022e+07 3.6713e+07
0.348 2.4253e+08 3.6657e+07
0.349 1.6277e+08 3.6602e+07
0.35 1.7951e+08 3.6546e+07
0.351 1.7877e+08 3.6492e+07
0.352 1.8228e+08 3.6437e+07
0.353 1.7574e+08 3.6383e+07
0.354 1.6223e+08 3.6328e+07
0.355 2.2139e+08 3.6275e+07
0.356 1.1171e+08 3.6221e+07
0.357 1.8392e+08 3.6168e+07
0.358 1.4771e+08 3.6114e+07
0.359 1.5673e+08 3.6062e+07
0.36 1.7131e+08 3.6009e+07
0.361 1.1666e+08 3.5957e+07
0.362 1.6423e+08 3.5905e+07
0.363 1.6042e+08 3.5853e+07
0.364 1.4274e+08 3.5801e+07
0.365 1.5431e+08 3.575e+07
0.366 1.4705e+08 3.5699e+07
0.367 1.3722e+08 3.5648e+07
0.368 1.8528e+08 3.5597e+07
0.369 1.3129e+08 3.5547e+07
0.37 1.2127e+08 3.5497e+07
0.371 1.2242e+08 3.5447e+07
0.372 1.5373e+08 3.5397e+07
0.373 1.6836e+08 3.5348e+07
0.374 2.3809e+08 3.5298e+07
0.375 1.9989e+08 3.5249e+07
0.376 1.4258e+08 3.5201e+07
0.377 1.6454e+08 3.5152e+07
0.378 1.5403e+08 3.5104e+07
0.379 1.5907e+08 3.5056e+07
0.38 1.4366e+08 3.5008e+07
0.381 2.2878e+08 3.496e+07
0.382 2.2591e+08 3.4913e+07
0.383 1.3242e+08 3.4866e+07
0.384 1.5063e+08 3.4819e+07
0.385 1.5032e+08 3.4772e+07
0.386 9.8887e+07 3.4726e+07
0.387 1.8818e+08 3.4679e+07
0.388 2.1014e+08 3.4633e+07
0.389 1.8733e+08 3.4587e+07
0.39 1.573e+08 3.4542e+07
0.391 1.4423e+08 3.4496e+07
0.392 1.0241e+08 3.4451e+07
0.393 1.7695e+08 3.4406e+07
0.394 1.6754e+08 3.4361e+07
0.395 1.2848e+08 3.4317e+07
0.396 1.5053e+08 3.4272e+07
0.397 1.3665e+08 3.4228e+07
0.398 1.5562e+08 3.4184e+07
0.399 1.6128e+08 3.414e+07
0.4 1.5384e+08 3.4097e+07
0.401 1.7062e+08 3.4053e+07
0.402 1.2788e+08 3.401e+07
0.403 1.848e+08 3.3967e+07
0.404 1.4725e+08 3.3924e+07
0.405 1.7064e+08 3.3882e+07
0.406 1.6558e+08 3.384e+07
0.407 1.4006e+08 3.3797e+07
0.408 1.1811e+08 3.3755e+07
0.409 1.7257e+08 3.3714e+07
0.41 1.8654e+08 3.3672e+07
0.411 1.0669e+08 3.3631e+07
0.412 1.259e+08 3.3589e+07
0.413 9.3833e+07 3.3548e+07
0.414 1.2554e+08 3.3508e+07
0.415 1.4707e+08 3.3467e+07
0.416 1.655e+08 3.3426e+07
0.417 1.5441e+08 3.3386e+07
0.418 1.4209e+08 3.3346e+07
0.419 1.2861e+08 3.3306e+07
0.42 1.4447e+08 3.3266e+07
0.421 1.2964e+08 3.3227e+07
0.422 1.1074e+08 3.3188e+07
0.423 9.029e+07 3.3148e+07
0.424 1.5003e+08 3.3109e+07
0.425 1.6683e+08 3.3071e+07
0.426 1.099e+08 3.3032e+07
0.427 1.4108e+08 3.2994e+07
0.428 1.607e+08 3.2955e+07
0.429 1.7755e+08 3.2917e+07
0.43 7.7736e+07 3.2879e+07
0.431 1.6173e+08 3.2841e+07
0.432 1.4711e+08 3.2804e+07
0.433 1.192e+08 3.2766e+07
0.434 1.821e+08 3.2729e+07
0.435 1.2711e+08 3.2692e+07
0.436 1.3196e+08 3.2655e+07
0.437 1.5733e+08 3.2618e+07
0.438 8.1693e+07 3.2581e+07
0.439 1.1715e+08 3.2545e+07
0.44 1.5075e+08 3.2508e+07
0.441 1.778e+08 3.2472e+07
0.442 1.1744e+08 3.2436e+07
0.443 9.3542e+07 3.24e+07
0.444 1.4874e+08 3.2364e+07
0.445 1.1712e+08 3.2329e+07
0.446 1.6035e+08 3.2293e+07
0.447 1.9328e+08 3.2258e+07
0.448 1.1103e+08 3.2222e+07
0.449 1.4585e+08 3.2187e+07
0.45 1.6365e+08 3.2152e+07
0.451 9.5168e+07 3.2118e+07
0.452 1.4704e+08 3.2083e+07
0.453 1.9101e+08 3.2048e+07
0.454 1.1488e+08 3.2014e+07
0.455 1.8209e+08 3.1979e+07
0.456 1.0805e+08 3.1945e+07
0.457 1.4723e+08 3.1911e+07
0.458 1.4938e+08 3.1877e+07
0.459 1.1407e+08 3.1843e+07
0.46 1.0244e+08 3.1809e+07
0.461 1.0517e+08 3.1775e+07
0.462 1.6581e+08 3.1742e+07
0.463 9.8923e+07 3.1708e+07
0.464 1.6253e+08 3.1675e+07
0.465 1.3756e+08 3.1641e+07
0.466 1.6901e+08 3.1608e+07
0.467 1.3248e+08 3.1575e+07
0.468 1.8683e+08 3.1542e+07
0.469 1.6527e+08 3.1509e+07
0.47 8.8242e+07 3.1476e+07
0.471 1.5218e+08 3.1443e+07
0.472 1.4272e+08 3.1411e+07
0.473 2.0209e+08 3.1378e+07
0.474 1.6523e+08 3.1346e+07
0.475 1.2479e+08 3.1313e+07
0.476 1.9391e+08 3.1281e+07
0.477 1.4599e+08 3.1248e+07
0.478 1.2421e+08 3.1216e+07
0.479 1.7066e+08 3.1184e+07
0.48 1.5041e+08 3.1152e+07
0.481 1.046e+08 3.112e+07
0.482 1.3453e+08 3.1088e+07
0.483 1.7202e+08 3.1056e+07
0.484 1.8893e+08 3.1024e+07
0.485 1.469e+08 3.0993e+07
0.486 1.7839e+08 3.0961e+07
0.487 9.6049e+07 3.093e+07
0.488 1.6567e+08 3.0898e+07
0.489 1.8888e+08 3.0867e+07
0.49 1.8253e+08 3.0835e+07
0.491 1.7412e+08 3.0804e+07
0.492 1.0042e+08 3.0773e+07
0.493 1.4642e+08 3.0741e+07
0.494 1.3954e+08 3.071e+07
0.495 2.0385e+08 3.0679e+07
0.496 1.1648e+08 3.0648e+07
0.497 1.9528e+08 3.0617e+07
0.498 1.2075e+08 3.0586e+07
0.499 1.5296e+08 3.0556e+07
0.5 1.2512e+08 3.0525e+07
