0.001 3.1041e+10 1.627e+09
0.002 3.2393e+10 1.1502e+09
0.003 3.1649e+10 9.3878e+08
0.004 3.3075e+10 8.1256e+08
0.005 3.2657e+10 7.2626e+08
0.006 3.1367e+10 6.6241e+08
0.007 3.2846e+10 6.1265e+08
0.008 3.1701e+10 5.724e+08
0.009 3.0848e+10 5.3895e+08
0.01 3.2074e+10 5.1053e+08
0.011 3.1931e+10 4.8597e+08
0.012 3.1692e+10 4.6445e+08
0.013 3.0871e+10 4.4536e+08
0.014 3.15e+10 4.2825e+08
0.015 3.0831e+10 4.128e+08
0.016 3.0186e+10 3.9873e+08
0.017 3.0214e+10 3.8583e+08
0.018 3.0244e+10 3.7395e+08
0.019 3.0113e+10 3.6293e+08
0.02 2.9828e+10 3.5267e+08
0.021 2.9403e+10 3.4309e+08
0.022 2.9904e+10 3.3409e+08
0.023 2.8809e+10 3.2562e+08
0.024 2.9081e+10 3.1762e+08
0.025 2.8865e+10 3.1004e+08
0.026 2.9107e+10 3.0283e+08
0.027 2.7953e+10 2.9598e+08
0.028 2.7869e+10 2.8943e+08
0.029 2.8123e+10 2.8317e+08
0.03 2.7609e+10 2.7717e+08
0.031 2.7344e+10 2.7142e+08
0.032 2.6635e+10 2.6588e+08
0.033 2.6379e+10 2.6055e+08
0.034 2.6026e+10 2.5541e+08
0.035 2.5665e+10 2.5045e+08
0.036 2.5496e+10 2.4565e+08
0.037 2.5362e+10 2.4101e+08
0.038 2.5316e+10 2.3651e+08
0.039 2.4749e+10 2.3214e+08
0.04 2.4106e+10 2.2791e+08
0.041 2.4116e+10 2.2379e+08
0.042 2.3658e+10 2.1979e+08
0.043 2.3451e+10 2.159e+08
0.044 2.2873e+10 2.121e+08
0.045 2.2582e+10 2.0841e+08
0.046 2.216e+10 2.0481e+08
0.047 2.2038e+10 2.0129e+08
0.048 2.1423e+10 1.9786e+08
0.049 2.1206e+10 1.9451e+08
0.05 2.0785e+10 1.9124e+08
0.051 2.0511e+10 1.8804e+08
0.052 2.0253e+10 1.8492e+08
0.053 1.9726e+10 1.8186e+08
0.054 1.9245e+10 1.7887e+08
0.055 1.9468e+10 1.7595e+08
0.056 1.9078e+10 1.7308e+08
0.057 1.8503e+10 1.7028e+08
0.058 1.8141e+10 1.6754e+08
0.059 1.7732e+10 1.6485e+08
0.06 1.7393e+10 1.6222e+08
0.061 1.7051e+10 1.5964e+08
0.062 1.6677e+10 1.5711e+08
0.063 1.6499e+10 1.5463e+08
0.064 1.6036e+10 1.5221e+08
0.065 1.5783e+10 1.4983e+08
0.066 1.5428e+10 1.475e+08
0.067 1.5354e+10 1.4521e+08
0.068 1.4632e+10 1.4297e+08
0.069 1.4636e+10 1.4078e+08
0.07 1.4078e+10 1.3863e+08
0.071 1.3784e+10 1.3652e+08
0.072 1.3454e+10 1.3445e+08
0.073 1.2848e+10 1.3243e+08
0.074 1.2908e+10 1.3044e+08
0.075 1.28e+10 1.2849e+08
0.076 1.2288e+10 1.2659e+08
0.077 1.1905e+10 1.2472e+08
0.078 1.1825e+10 1.2288e+08
0.079 1.1448e+10 1.2109e+08
0.08 1.1127e+10 1.1933e+08
0.081 1.1019e+10 1.176e+08
0.082 1.0726e+10 1.1591e+08
0.083 1.041e+10 1.1426e+08
0.084 1.014e+10 1.1264e+08
0.085 9.8786e+09 1.1105e+08
0.086 9.6481e+09 1.0949e+08
0.087 9.3503e+09 1.0797e+08
0.088 9.2167e+09 1.0648e+08
0.089 9.1012e+09 1.0502e+08
0.09 8.7712e+09 1.0359e+08
0.091 8.5551e+09 1.0219e+08
0.092 8.3272e+09 1.0081e+08
0.093 8.3182e+09 9.9472e+07
0.094 7.8826e+09 9.8157e+07
0.095 7.7717e+09 9.6871e+07
0.096 7.6831e+09 9.5612e+07
0.097 7.3764e+09 9.4379e+07
0.098 7.003e+09 9.3173e+07
0.099 6.8197e+09 9.1993e+07
0.1 6.8743e+09 9.0838e+07
0.101 6.6845e+09 8.9707e+07
0.102 6.4125e+09 8.8602e+07
0.103 6.3505e+09 8.752e+07
0.104 6.1168e+09 8.6461e+07
0.105 6.0989e+09 8.5425e+07
0.106 5.885e+09 8.4412e+07
0.107 5.6438e+09 8.342e+07
0.108 5.6994e+09 8.245e+07
0.109 5.4634e+09 8.1501e+07
0.11 5.2815e+09 8.0573e+07
0.111 4.946e+09 7.9665e+07
0.112 4.8737e+09 7.8776e+07
0.113 4.9146e+09 7.7906e+07
0.114 4.8043e+09 7.7056e+07
0.115 4.6864e+09 7.6223e+07
0.116 4.331e+09 7.5409e+07
0.117 4.535e+09 7.4612e+07
0.118 4.1901e+09 7.3832e+07
0.119 4.0391e+09 7.3069e+07
0.12 3.9317e+09 7.2322e+07
0.121 4.0258e+09 7.1591e+07
0.122 3.7366e+09 7.0875e+07
0.123 3.6749e+09 7.0175e+07
0.124 3.7658e+09 6.9489e+07
0.125 3.5623e+09 6.8818e+07
0.126 3.4327e+09 6.816e+07
0.127 3.3542e+09 6.7517e+07
0.128 3.265e+09 6.6887e+07
0.129 3.1288e+09 6.6269e+07
0.13 3.2057e+09 6.5665e+07
0.131 3.0989e+09 6.5073e+07
0.132 2.8299e+09 6.4493e+07
0.133 2.8497e+09 6.3925e+07
0.134 2.7641e+09 6.3368e+07
0.135 2.7211e+09 6.2822e+07
0.136 2.6438e+09 6.2288e+07
0.137 2.6044e+09 6.1764e+07
0.138 2.6196e+09 6.1251e+07
0.139 2.5031e+09 6.0748e+07
0.14 2.4222e+09 6.0255e+07
0.141 2.3783e+09 5.9771e+07
0.142 2.3047e+09 5.9297e+07
0.143 2.1903e+09 5.8833e+07
0.144 2.1996e+09 5.8377e+07
0.145 2.0038e+09 5.793e+07
0.146 2.0014e+09 5.7492e+07
0.147 1.8256e+09 5.7062e+07
0.148 1.9222e+09 5.6641e+07
0.149 1.8449e+09 5.6228e+07
0.15 1.8124e+09 5.5822e+07
0.151 1.7507e+09 5.5425e+07
0.152 1.7657e+09 5.5035e+07
0.153 1.6369e+09 5.4652e+07
0.154 1.5685e+09 5.4277e+07
0.155 1.5449e+09 5.3909e+07
0.156 1.4364e+09 5.3548e+07
0.157 1.4709e+09 5.3193e+07
0.158 1.4779e+09 5.2846e+07
0.159 1.3251e+09 5.2505e+07
0.16 1.361e+09 5.217e+07
0.161 1.3396e+09 5.1842e+07
0.162 1.3603e+09 5.152e+07
0.163 1.2296e+09 5.1203e+07
0.164 1.2684e+09 5.0893e+07
0.165 1.0814e+09 5.0589e+07
0.166 1.2197e+09 5.0291e+07
0.167 1.1146e+09 4.9998e+07
0.168 1.1185e+09 4.971e+07
0.169 1.03e+09 4.9428e+07
0.17 9.4871e+08 4.9151e+07
0.171 9.8651e+08 4.888e+07
0.172 1.0053e+09 4.8613e+07
0.173 9.2351e+08 4.8352e+07
0.174 9.2834e+08 4.8095e+07
0.175 7.9491e+08 4.7844e+07
0.176 8.5536e+08 4.7596e+07
0.177 8.3545e+08 4.7354e+07
0.178 7.7921e+08 4.7116e+07
0.179 7.2745e+08 4.6883e+07
0.18 8.5818e+08 4.6654e+07
0.181 6.5725e+08 4.6429e+07
0.182 6.7255e+08 4.6208e+07
0.183 6.74e+08 4.5992e+07
0.184 7.1236e+08 4.5779e+07
0.185 6.1546e+08 4.557e+07
0.186 6.5564e+08 4.5366e+07
0.187 5.9475e+08 4.5165e+07
0.188 6.5969e+08 4.4967e+07
0.189 5.4139e+08 4.4774e+07
0.19 5.2586e+08 4.4583e+07
0.191 6.0087e+08 4.4397e+07
0.192 5.9332e+08 4.4213e+07
0.193 5.5221e+08 4.4034e+07
0.194 4.8507e+08 4.3857e+07
0.195 5.4924e+08 4.3683e+07
0.196 4.103e+08 4.3513e+07
0.197 4.4431e+08 4.3345e+07
0.198 5.3208e+08 4.3181e+07
0.199 3.9833e+08 4.3019e+07
0.2 4.735e+08 4.2861e+07
0.201 4.0246e+08 4.2705e+07
0.202 3.2725e+08 4.2552e+07
0.203 4.0429e+08 4.2401e+07
0.204 3.9705e+08 4.2253e+07
0.205 3.0849e+08 4.2108e+07
0.206 3.4732e+08 4.1965e+07
0.207 2.9779e+08 4.1824e+07
0.208 3.0991e+08 4.1686e+07
0.209 3.4949e+08 4.155e+07
0.21 3.2968e+08 4.1417e+07
0.211 3.1339e+08 4.1285e+07
0.212 2.3847e+08 4.1156e+07
0.213 2.7388e+08 4.1029e+07
0.214 2.225e+08 4.0904e+07
0.215 2.7804e+08 4.0781e+07
0.216 2.11e+08 4.0659e+07
0.217 2.2668e+08 4.054e+07
0.218 2.9005e+08 4.0423e+07
0.219 2.2374e+08 4.0307e+07
0.22 2.5408e+08 4.0193e+07
0.221 2.0459e+08 4.0081e+07
0.222 1.9033e+08 3.9971e+07
0.223 2.0146e+08 3.9862e+07
0.224 1.5007e+08 3.9755e+07
0.225 2.1904e+08 3.9649e+07
0.226 2.3185e+08 3.9545e+07
0.227 1.2894e+08 3.9443e+07
0.228 2.7316e+08 3.9341e+07
0.229 2.9362e+08 3.9242e+07
0.23 2.6667e+08 3.9143e+07
0.231 2.4848e+08 3.9046e+07
0.232 1.7727e+08 3.8951e+07
0.233 2.2409e+08 3.8856e+07
0.234 1.3627e+08 3.8763e+07
0.235 1.8671e+08 3.8671e+07
0.236 1.4301e+08 3.858e+07
0.237 2.1747e+08 3.8491e+07
0.238 1.4656e+08 3.8402e+07
0.239 2.0809e+08 3.8315e+07
0.24 2.0948e+08 3.8228e+07
0.241 1.7182e+08 3.8143e+07
0.242 1.6952e+08 3.8059e+07
0.243 1.6723e+08 3.7975e+07
0.244 1.5775e+08 3.7893e+07
0.245 2.1776e+08 3.7811e+07
0.246 1.5757e+08 3.7731e+07
0.247 1.669e+08 3.7651e+07
0.248 1.7887e+08 3.7572e+07
0.249 1.4542e+08 3.7494e+07
0.25 1.9119e+08 3.7417e+07
0.251 1.9002e+08 3.734e+07
0.252 6.3741e+07 3.7265e+07
0.253 1.8252e+08 3.7189e+07
0.254 2.0659e+08 3.7115e+07
0.255 2.387e+08 3.7041e+07
0.256 1.4417e+08 3.6968e+07
0.257 2.3298e+08 3.6896e+07
0.258 1.9434e+08 3.6824e+07
0.259 1.389e+08 3.6753e+07
0.26 1.0473e+08 3.6682e+07
0.261 1.4433e+08 3.6612e+07
0.262 1.4169e+08 3.6543e+07
0.263 1.1319e+08 3.6474e+07
0.264 1.497e+08 3.6405e+07
0.265 2.2763e+08 3.6337e+07
0.266 1.7449e+08 3.627e+07
0.267 1.4125e+08 3.6203e+07
0.268 2.2529e+08 3.6136e+07
0.269 1.3208e+08 3.607e+07
0.27 1.5173e+08 3.6004e+07
0.271 2.3523e+08 3.5938e+07
0.272 1.6181e+08 3.5873e+07
0.273 1.7644e+08 3.5809e+07
0.274 1.2247e+08 3.5744e+07
0.275 1.7784e+08 3.568e+07
0.276 2.1517e+08 3.5617e+07
0.277 1.8558e+08 3.5553e+07
0.278 1.4627e+08 3.549e+07
0.279 2.0302e+08 3.5427e+07
0.28 1.466e+08 3.5365e+07
0.281 1.4485e+08 3.5303e+07
0.282 2.2424e+08 3.5241e+07
0.283 1.9076e+08 3.5179e+07
0.284 1.4289e+08 3.5118e+07
0.285 2.0712e+08 3.5056e+07
0.286 2.2259e+08 3.4995e+07
0.287 1.4796e+08 3.4935e+07
0.288 2.0557e+08 3.4874e+07
0.289 2.0968e+08 3.4814e+07
0.29 2.465e+08 3.4754e+07
0.291 1.6163e+08 3.4694e+07
0.292 2.0865e+08 3.4635e+07
0.293 1.954e+08 3.4575e+07
0.294 1.6317e+08 3.4516e+07
0.295 2.8196e+08 3.4457e+07
0.296 1.7957e+08 3.4398e+07
0.297 1.3789e+08 3.434e+07
0.298 1.8839e+08 3.4281e+07
0.299 1.9291e+08 3.4223e+07
0.3 1.8733e+08 3.4165e+07
0.301 1.9198e+08 3.4107e+07
0.302 2.1171e+08 3.4049e+07
0.303 1.6864e+08 3.3992e+07
0.304 1.9393e+08 3.3935e+07
0.305 2.2012e+08 3.3878e+07
0.306 1.842e+08 3.3821e+07
0.307 9.3768e+07 3.3764e+07
0.308 2.0074e+08 3.3708e+07
0.309 1.7099e+08 3.3651e+07
0.31 1.9282e+08 3.3595e+07
0.311 2.2997e+08 3.3539e+07
0.312 1.5169e+08 3.3484e+07
0.313 2.1097e+08 3.3428e+07
0.314 2.0657e+08 3.3373e+07
0.315 2.4699e+08 3.3318e+07
0.316 1.79e+08 3.3263e+07
0.317 1.2194e+08 3.3208e+07
0.318 1.8237e+08 3.3153e+07
0.319 1.7679e+08 3.3099e+07
0.32 1.9832e+08 3.3045e+07
0.321 1.5893e+08 3.2991e+07
0.322 2.0049e+08 3.2937e+07
0.323 1.3252e+08 3.2884e+07
0.324 1.6484e+08 3.2831e+07
0.325 1.4638e+08 3.2778e+07
0.326 2.2815e+08 3.2725e+07
0.327 1.7313e+08 3.2672e+07
0.328 1.5929e+08 3.262e+07
0.329 1.739e+08 3.2567e+07
0.33 1.2936e+08 3.2515e+07
0.331 1.4265e+08 3.2464e+07
0.332 1.5856e+08 3.2412e+07
0.333 1.8456e+08 3.2361e+07
0.334 1.9712e+08 3.231e+07
0.335 1.5208e+08 3.2259e+07
0.336 1.3896e+08 3.2208e+07
0.337 1.5471e+08 3.2158e+07
0.338 1.1297e+08 3.2108e+07
0.339 1.6667e+08 3.2058e+07
0.34 1.6304e+08 3.2008e+07
0.341 1.3537e+08 3.1958e+07
0.342 1.5214e+08 3.1909e+07
0.343 1.5641e+08 3.186e+07
0.344 1.8068e+08 3.1811e+07
0.345 9.2465e+07 3.1763e+07
0.346 9.7026e+07 3.1714e+07
0.347 1.0871e+08 3.1666e+07
0.348 1.2514e+08 3.1618e+07
0.349 1.5586e+08 3.157e+07
0.35 1.8649e+08 3.1523e+07
0.351 1.3538e+08 3.1476e+07
0.352 1.5732e+08 3.1428e+07
0.353 1.2274e+08 3.1382e+07
0.354 1.8625e+08 3.1335e+07
0.355 1.5541e+08 3.1289e+07
0.356 1.3017e+08 3.1242e+07
0.357 8.1006e+07 3.1197e+07
0.358 1.1978e+08 3.1151e+07
0.359 1.2596e+08 3.1105e+07
0.36 1.9779e+08 3.106e+07
0.361 1.2363e+08 3.1015e+07
0.362 9.276e+07 3.097e+07
0.363 1.6413e+08 3.0925e+07
0.364 1.3476e+08 3.0881e+07
0.365 1.3174e+08 3.0837e+07
0.366 1.2721e+08 3.0793e+07
0.367 1.1498e+08 3.0749e+07
0.368 1.3516e+08 3.0705e+07
0.369 1.7014e+08 3.0662e+07
0.37 1.4994e+08 3.0618e+07
0.371 1.3768e+08 3.0575e+07
0.372 1.0167e+08 3.0533e+07
0.373 9.9974e+07 3.049e+07
0.374 1.2714e+08 3.0447e+07
0.375 1.2573e+08 3.0405e+07
0.376 1.0254e+08 3.0363e+07
0.377 1.2651e+08 3.0321e+07
0.378 8.0487e+07 3.028e+07
0.379 9.4576e+07 3.0238e+07
0.38 8.2179e+07 3.0197e+07
0.381 1.1848e+08 3.0156e+07
0.382 5.86e+07 3.0115e+07
0.383 1.682e+08 3.0074e+07
0.384 1.3994e+08 3.0034e+07
0.385 1.3648e+08 2.9993e+07
0.386 1.1843e+08 2.9953e+07
0.387 1.3802e+08 2.9913e+07
0.388 1.31e+08 2.9873e+07
0.389 1.3071e+08 2.9834e+07
0.39 9.2154e+07 2.9794e+07
0.391 1.4967e+08 2.9755e+07
0.392 8.3389e+07 2.9716e+07
0.393 1.4174e+08 2.9677e+07
0.394 1.6499e+08 2.9638e+07
0.395 1.5654e+08 2.96e+07
0.396 1.1815e+08 2.9562e+07
0.397 1.6498e+08 2.9523e+07
0.398 1.2622e+08 2.9485e+07
0.399 1.121e+08 2.9447e+07
0.4 9.1254e+07 2.941e+07
0.401 8.4386e+07 2.9372e+07
0.402 1.3027e+08 2.9335e+07
0.403 7.5593e+07 2.9298e+07
0.404 9.7302e+07 2.9261e+07
0.405 1.3827e+08 2.9224e+07
0.406 1.1324e+08 2.9187e+07
0.407 1.0268e+08 2.9151e+07
0.408 1.349e+08 2.9115e+07
0.409 1.1701e+08 2.9079e+07
0.41 9.7294e+07 2.9043e+07
0.411 1.1039e+08 2.9007e+07
0.412 9.6128e+07 2.8971e+07
0.413 1.007e+08 2.8936e+07
0.414 9.6184e+07 2.89e+07
0.415 1.2727e+08 2.8865e+07
0.416 1.1523e+08 2.883e+07
0.417 1.0759e+08 2.8796e+07
0.418 8.3278e+07 2.8761e+07
0.419 1.0072e+08 2.8726e+07
0.42 1.1537e+08 2.8692e+07
0.421 1.2668e+08 2.8658e+07
0.422 6.9756e+07 2.8624e+07
0.423 1.2828e+08 2.859e+07
0.424 7.7355e+07 2.8557e+07
0.425 8.6559e+07 2.8523e+07
0.426 1.1892e+08 2.849e+07
0.427 1.4461e+08 2.8456e+07
0.428 9.859e+07 2.8423e+07
0.429 8.3558e+07 2.839e+07
0.43 1.2705e+08 2.8358e+07
0.431 9.9763e+07 2.8325e+07
0.432 1.1996e+08 2.8293e+07
0.433 1.2864e+08 2.826e+07
0.434 7.6321e+07 2.8228e+07
0.435 1.508e+08 2.8196e+07
0.436 1.3577e+08 2.8164e+07
0.437 9.9577e+07 2.8132e+07
0.438 1.319e+08 2.8101e+07
0.439 1.6435e+08 2.8069e+07
0.44 1.2088e+08 2.8038e+07
0.441 1.0895e+08 2.8007e+07
0.442 1.1904e+08 2.7976e+07
0.443 3.7426e+07 2.7945e+07
0.444 1.1024e+08 2.7914e+07
0.445 8.7709e+07 2.7883e+07
0.446 1.0701e+08 2.7852e+07
0.447 1.0254e+08 2.7822e+07
0.448 1.3359e+08 2.7791e+07
0.449 9.9073e+07 2.7761e+07
0.45 9.3145e+07 2.7731e+07
0.451 8.2277e+07 2.7701e+07
0.452 1.2034e+08 2.7671e+07
0.453 9.9543e+07 2.7641e+07
0.454 1.5471e+08 2.7612e+07
0.455 7.7687e+07 2.7582e+07
0.456 1.3112e+08 2.7553e+07
0.457 1.0605e+08 2.7523e+07
0.458 1.4129e+08 2.7494e+07
0.459 1.299e+08 2.7465e+07
0.46 1.3119e+08 2.7436e+07
0.461 8.735e+07 2.7407e+07
0.462 1.1365e+08 2.7378e+07
0.463 9.2456e+07 2.7349e+07
0.464 9.0255e+07 2.732e+07
0.465 1.5064e+08 2.7291e+07
0.466 1.2847e+08 2.7263e+07
0.467 1.271e+08 2.7234e+07
0.468 1.4782e+08 2.7206e+07
0.469 9.2184e+07 2.7177e+07
0.47 1.5527e+08 2.7149e+07
0.471 1.2003e+08 2.7121e+07
0.472 1.5078e+08 2.7093e+07
0.473 1.3154e+08 2.7065e+07
0.474 1.3237e+08 2.7037e+07
0.475 9.5199e+07 2.7009e+07
0.476 1.9752e+08 2.6981e+07
0.477 1.0906e+08 2.6953e+07
0.478 1.6497e+08 2.6925e+07
0.479 1.2169e+08 2.6898e+07
0.48 1.2653e+08 2.687e+07
0.481 1.0585e+08 2.6842e+07
0.482 1.3858e+08 2.6815e+07
0.483 1.5698e+08 2.6787e+07
0.484 1.2188e+08 2.676e+07
0.485 1.5393e+08 2.6733e+07
0.486 9.8436e+07 2.6706e+07
0.487 1.3044e+08 2.6678e+07
0.488 1.3414e+08 2.6651e+07
0.489 9.3669e+07 2.6624e+07
0.49 9.4208e+07 2.6597e+07
0.491 1.6106e+08 2.657e+07
0.492 1.4439e+08 2.6543e+07
0.493 1.3722e+08 2.6516e+07
0.494 1.4575e+08 2.6489e+07
0.495 1.2404e+08 2.6463e+07
0.496 1.1631e+08 2.6436e+07
0.497 1.2858e+08 2.6409e+07
0.498 1.2881e+08 2.6383e+07
0.499 1.2763e+08 2.6356e+07
0.5 1.37e+08 2.633e+07
