0.001 1.3745e+10 7.0987e+08
0.002 1.481e+10 5.0183e+08
0.003 1.4536e+10 4.0957e+08
0.004 1.3993e+10 3.5449e+08
0.005 1.4261e+10 3.1682e+08
0.006 1.3977e+10 2.8895e+08
0.007 1.5075e+10 2.6722e+08
0.008 1.4824e+10 2.4965e+08
0.009 1.4119e+10 2.3503e+08
0.01 1.3842e+10 2.2261e+08
0.011 1.4415e+10 2.1188e+08
0.012 1.4019e+10 2.0246e+08
0.013 1.4308e+10 1.9411e+08
0.014 1.4229e+10 1.8662e+08
0.015 1.3821e+10 1.7986e+08
0.016 1.3603e+10 1.7369e+08
0.017 1.3861e+10 1.6804e+08
0.018 1.3733e+10 1.6282e+08
0.019 1.3641e+10 1.5799e+08
0.02 1.3426e+10 1.5348e+08
0.021 1.3477e+10 1.4927e+08
0.022 1.3448e+10 1.4531e+08
0.023 1.338e+10 1.4158e+08
0.024 1.2883e+10 1.3805e+08
0.025 1.2847e+10 1.3471e+08
0.026 1.2882e+10 1.3153e+08
0.027 1.2843e+10 1.285e+08
0.028 1.246e+10 1.256e+08
0.029 1.2471e+10 1.2283e+08
0.03 1.2312e+10 1.2017e+08
0.031 1.2072e+10 1.1762e+08
0.032 1.193e+10 1.1516e+08
0.033 1.1901e+10 1.1278e+08
0.034 1.1668e+10 1.105e+08
0.035 1.1438e+10 1.0828e+08
0.036 1.1454e+10 1.0614e+08
0.037 1.1247e+10 1.0406e+08
0.038 1.1041e+10 1.0205e+08
0.039 1.1058e+10 1.0009e+08
0.04 1.1083e+10 9.8186e+07
0.041 1.0665e+10 9.6334e+07
0.042 1.0483e+10 9.4531e+07
0.043 1.0287e+10 9.2773e+07
0.044 1.021e+10 9.1058e+07
0.045 9.9108e+09 8.9385e+07
0.046 9.7521e+09 8.7751e+07
0.047 9.6149e+09 8.6154e+07
0.048 9.5323e+09 8.4592e+07
0.049 9.2833e+09 8.3065e+07
0.05 9.2636e+09 8.157e+07
0.051 8.7827e+09 8.0106e+07
0.052 8.6245e+09 7.8673e+07
0.053 8.7139e+09 7.7268e+07
0.054 8.5178e+09 7.5891e+07
0.055 8.2966e+09 7.4541e+07
0.056 8.2029e+09 7.3217e+07
0.057 7.9777e+09 7.1919e+07
0.058 7.763e+09 7.0644e+07
0.059 7.4478e+09 6.9394e+07
0.06 7.3868e+09 6.8166e+07
0.061 7.3259e+09 6.6961e+07
0.062 7.2036e+09 6.5778e+07
0.063 7.0638e+09 6.4616e+07
0.064 6.8613e+09 6.3476e+07
0.065 6.6004e+09 6.2355e+07
0.066 6.4116e+09 6.1254e+07
0.067 6.2848e+09 6.0173e+07
0.068 6.225e+09 5.9112e+07
0.069 5.9872e+09 5.8069e+07
0.07 5.9008e+09 5.7044e+07
0.071 5.8163e+09 5.6038e+07
0.072 5.6378e+09 5.5049e+07
0.073 5.4466e+09 5.4078e+07
0.074 5.2687e+09 5.3125e+07
0.075 5.2062e+09 5.2188e+07
0.076 5.1049e+09 5.1269e+07
0.077 4.7447e+09 5.0366e+07
0.078 4.7145e+09 4.948e+07
0.079 4.6305e+09 4.8609e+07
0.08 4.4287e+09 4.7755e+07
0.081 4.3562e+09 4.6917e+07
0.082 4.1349e+09 4.6095e+07
0.083 4.0606e+09 4.5288e+07
0.084 3.9459e+09 4.4496e+07
0.085 3.8676e+09 4.372e+07
0.086 3.643e+09 4.2959e+07
0.087 3.5725e+09 4.2213e+07
0.088 3.4851e+09 4.1481e+07
0.089 3.4051e+09 4.0764e+07
0.09 3.2972e+09 4.0062e+07
0.091 3.1587e+09 3.9374e+07
0.092 3.1006e+09 3.8701e+07
0.093 3.0251e+09 3.8041e+07
0.094 2.8686e+09 3.7395e+07
0.095 2.7848e+09 3.6764e+07
0.096 2.714e+09 3.6146e+07
0.097 2.564e+09 3.5541e+07
0.098 2.5047e+09 3.495e+07
0.099 2.4386e+09 3.4372e+07
0.1 2.288e+09 3.3808e+07
0.101 2.2878e+09 3.3256e+07
0.102 2.2214e+09 3.2717e+07
0.103 2.0688e+09 3.2191e+07
0.104 2.0961e+09 3.1678e+07
0.105 1.9921e+09 3.1177e+07
0.106 1.9217e+09 3.0688e+07
0.107 1.8241e+09 3.0212e+07
0.108 1.7074e+09 2.9747e+07
0.109 1.6932e+09 2.9294e+07
0.11 1.6534e+09 2.8853e+07
0.111 1.6133e+09 2.8423e+07
0.112 1.5821e+09 2.8005e+07
0.113 1.5504e+09 2.7597e+07
0.114 1.406e+09 2.7201e+07
0.115 1.3995e+09 2.6815e+07
0.116 1.3251e+09 2.644e+07
0.117 1.3072e+09 2.6075e+07
0.118 1.2703e+09 2.572e+07
0.119 1.1947e+09 2.5375e+07
0.12 1.1931e+09 2.504e+07
0.121 1.1296e+09 2.4715e+07
0.122 1.0536e+09 2.4399e+07
0.123 9.981e+08 2.4092e+07
0.124 9.7574e+08 2.3794e+07
0.125 9.5923e+08 2.3505e+07
0.126 9.0112e+08 2.3224e+07
0.127 9.318e+08 2.2952e+07
0.128 8.8498e+08 2.2687e+07
0.129 8.3801e+08 2.2431e+07
0.13 7.7126e+08 2.2182e+07
0.131 7.7077e+08 2.1941e+07
0.132 7.482e+08 2.1707e+07
0.133 7.2489e+08 2.148e+07
0.134 6.9044e+08 2.126e+07
0.135 6.4042e+08 2.1046e+07
0.136 6.3912e+08 2.0839e+07
0.137 6.3711e+08 2.0638e+07
0.138 5.9907e+08 2.0443e+07
0.139 5.6107e+08 2.0254e+07
0.14 5.719e+08 2.0071e+07
0.141 5.2967e+08 1.9893e+07
0.142 4.817e+08 1.972e+07
0.143 5.3973e+08 1.9552e+07
0.144 4.9918e+08 1.9389e+07
0.145 4.6764e+08 1.9231e+07
0.146 4.8498e+08 1.9078e+07
0.147 4.3086e+08 1.8928e+07
0.148 4.1762e+08 1.8783e+07
0.149 4.2021e+08 1.8642e+07
0.15 3.8375e+08 1.8505e+07
0.151 3.8707e+08 1.8371e+07
0.152 3.764e+08 1.8242e+07
0.153 3.5993e+08 1.8115e+07
0.154 3.6126e+08 1.7992e+07
0.155 3.4361e+08 1.7872e+07
0.156 3.6703e+08 1.7755e+07
0.157 3.6332e+08 1.7641e+07
0.158 2.9792e+08 1.753e+07
0.159 3.0638e+08 1.7422e+07
0.16 2.9897e+08 1.7316e+07
0.161 3.0379e+08 1.7212e+07
0.162 2.79e+08 1.7111e+07
0.163 2.7153e+08 1.7013e+07
0.164 2.7614e+08 1.6916e+07
0.165 2.6473e+08 1.6822e+07
0.166 2.5663e+08 1.673e+07
0.167 2.302e+08 1.6639e+07
0.168 2.5583e+08 1.6551e+07
0.169 2.2197e+08 1.6464e+07
0.17 2.196e+08 1.638e+07
0.171 2.5002e+08 1.6296e+07
0.172 1.9424e+08 1.6215e+07
0.173 2.098e+08 1.6135e+07
0.174 2.0163e+08 1.6057e+07
0.175 2.0215e+08 1.598e+07
0.176 1.7971e+08 1.5905e+07
0.177 1.9443e+08 1.5831e+07
0.178 1.8645e+08 1.5758e+07
0.179 1.9912e+08 1.5686e+07
0.18 1.8889e+08 1.5616e+07
0.181 1.5225e+08 1.5548e+07
0.182 1.6109e+08 1.548e+07
0.183 1.6707e+08 1.5413e+07
0.184 1.4783e+08 1.5348e+07
0.185 1.479e+08 1.5284e+07
0.186 1.1986e+08 1.5221e+07
0.187 1.5088e+08 1.5159e+07
0.188 1.3312e+08 1.5098e+07
0.189 1.4747e+08 1.5038e+07
0.19 1.197e+08 1.4979e+07
0.191 1.3294e+08 1.4921e+07
0.192 1.3149e+08 1.4863e+07
0.193 1.2419e+08 1.4807e+07
0.194 1.05e+08 1.4752e+07
0.195 9.81e+07 1.4698e+07
0.196 1.0975e+08 1.4644e+07
0.197 1.0482e+08 1.4591e+07
0.198 1.0501e+08 1.454e+07
0.199 1.0669e+08 1.4489e+07
0.2 8.6956e+07 1.4438e+07
0.201 9.5777e+07 1.4389e+07
0.202 1.0962e+08 1.434e+07
0.203 1.1697e+08 1.4292e+07
0.204 1.1848e+08 1.4245e+07
0.205 9.3632e+07 1.4199e+07
0.206 1.0112e+08 1.4153e+07
0.207 7.7548e+07 1.4108e+07
0.208 8.7057e+07 1.4064e+07
0.209 8.7282e+07 1.402e+07
0.21 9.8629e+07 1.3978e+07
0.211 9.3406e+07 1.3935e+07
0.212 8.5522e+07 1.3894e+07
0.213 8.1783e+07 1.3853e+07
0.214 7.0488e+07 1.3812e+07
0.215 7.3152e+07 1.3773e+07
0.216 5.2787e+07 1.3733e+07
0.217 6.7297e+07 1.3695e+07
0.218 8.3962e+07 1.3657e+07
0.219 6.0724e+07 1.3619e+07
0.22 5.948e+07 1.3582e+07
0.221 7.751e+07 1.3546e+07
0.222 5.9947e+07 1.351e+07
0.223 7.8238e+07 1.3475e+07
0.224 6.7356e+07 1.344e+07
0.225 6.3834e+07 1.3406e+07
0.226 6.7728e+07 1.3372e+07
0.227 7.2889e+07 1.3338e+07
0.228 2.437e+07 1.3305e+07
0.229 6.6979e+07 1.3273e+07
0.23 7.2163e+07 1.3241e+07
0.231 6.442e+07 1.3209e+07
0.232 7.9113e+07 1.3178e+07
0.233 5.3399e+07 1.3147e+07
0.234 5.7825e+07 1.3117e+07
0.235 4.8039e+07 1.3087e+07
0.236 6.2682e+07 1.3057e+07
0.237 5.6496e+07 1.3028e+07
0.238 6.8524e+07 1.2999e+07
0.239 3.8577e+07 1.297e+07
0.24 4.4289e+07 1.2942e+07
0.241 7.048e+07 1.2914e+07
0.242 7.2961e+07 1.2886e+07
0.243 8.3387e+07 1.2859e+07
0.244 4.6476e+07 1.2832e+07
0.245 4.5749e+07 1.2805e+07
0.246 7.6455e+07 1.2779e+07
0.247 5.7304e+07 1.2753e+07
0.248 5.4435e+07 1.2727e+07
0.249 6.947e+07 1.2701e+07
0.25 5.9204e+07 1.2676e+07
0.251 7.0759e+07 1.2651e+07
0.252 7.0416e+07 1.2626e+07
0.253 5.6605e+07 1.2601e+07
0.254 7.0301e+07 1.2577e+07
0.255 6.245e+07 1.2553e+07
0.256 7.9746e+07 1.2529e+07
0.257 7.7316e+07 1.2505e+07
0.258 8.1452e+07 1.2481e+07
0.259 8.1993e+07 1.2458e+07
0.26 4.5388e+07 1.2434e+07
0.261 5.3405e+07 1.2411e+07
0.262 7.7887e+07 1.2388e+07
0.263 6.7362e+07 1.2366e+07
0.264 5.4897e+07 1.2343e+07
0.265 5.1714e+07 1.2321e+07
0.266 3.1452e+07 1.2298e+07
0.267 4.9324e+07 1.2276e+07
0.268 5.7275e+07 1.2254e+07
0.269 6.1637e+07 1.2232e+07
0.27 7.6435e+07 1.2211e+07
0.271 6.152e+07 1.2189e+07
0.272 5.9952e+07 1.2168e+07
0.273 6.3916e+07 1.2146e+07
0.274 5.7794e+07 1.2125e+07
0.275 6.4573e+07 1.2104e+07
0.276 5.8811e+07 1.2083e+07
0.277 5.6875e+07 1.2062e+07
0.278 6.6434e+07 1.2041e+07
0.279 5.0956e+07 1.202e+07
0.28 8.2434e+07 1.1999e+07
0.281 6.585e+07 1.1979e+07
0.282 7.4109e+07 1.1958e+07
0.283 7.3827e+07 1.1937e+07
0.284 5.4349e+07 1.1917e+07
0.285 6.2195e+07 1.1896e+07
0.286 5.8374e+07 1.1876e+07
0.287 7.1209e+07 1.1856e+07
0.288 4.6669e+07 1.1836e+07
0.289 3.5985e+07 1.1815e+07
0.29 5.2807e+07 1.1795e+07
0.291 5.9534e+07 1.1775e+07
0.292 7.3907e+07 1.1755e+07
0.293 6.1509e+07 1.1735e+07
0.294 7.9965e+07 1.1715e+07
0.295 5.3833e+07 1.1695e+07
0.296 7.2373e+07 1.1675e+07
0.297 7.0004e+07 1.1655e+07
0.298 7.3442e+07 1.1635e+07
0.299 7.4285e+07 1.1615e+07
0.3 5.6394e+07 1.1596e+07
0.301 6.3915e+07 1.1576e+07
0.302 7.9661e+07 1.1556e+07
0.303 7.0719e+07 1.1536e+07
0.304 5.86e+07 1.1516e+07
0.305 7.9182e+07 1.1497e+07
0.306 6.4038e+07 1.1477e+07
0.307 6.088e+07 1.1457e+07
0.308 7.5552e+07 1.1438e+07
0.309 4.5446e+07 1.1418e+07
0.31 7.2995e+07 1.1398e+07
0.311 6.912e+07 1.1379e+07
0.312 5.6567e+07 1.1359e+07
0.313 6.1424e+07 1.134e+07
0.314 5.638e+07 1.132e+07
0.315 8.4767e+07 1.1301e+07
0.316 5.224e+07 1.1281e+07
0.317 5.9032e+07 1.1262e+07
0.318 5.2285e+07 1.1242e+07
0.319 4.5883e+07 1.1223e+07
0.32 6.9862e+07 1.1203e+07
0.321 6.486e+07 1.1184e+07
0.322 7.1105e+07 1.1165e+07
0.323 5.1286e+07 1.1145e+07
0.324 4.6115e+07 1.1126e+07
0.325 5.9214e+07 1.1107e+07
0.326 5.8988e+07 1.1087e+07
0.327 5.4894e+07 1.1068e+07
0.328 4.8923e+07 1.1049e+07
0.329 6.0174e+07 1.103e+07
0.33 5.7371e+07 1.1011e+07
0.331 6.7406e+07 1.0992e+07
0.332 5.1162e+07 1.0973e+07
0.333 3.4851e+07 1.0954e+07
0.334 5.2694e+07 1.0936e+07
0.335 5.1092e+07 1.0917e+07
0.336 4.6802e+07 1.0898e+07
0.337 5.6612e+07 1.0879e+07
0.338 6.2645e+07 1.0861e+07
0.339 3.4504e+07 1.0842e+07
0.34 3.8317e+07 1.0824e+07
0.341 4.6717e+07 1.0806e+07
0.342 3.0941e+07 1.0787e+07
0.343 4.1822e+07 1.0769e+07
0.344 4.1762e+07 1.0751e+07
0.345 3.7689e+07 1.0733e+07
0.346 2.882e+07 1.0715e+07
0.347 3.2929e+07 1.0697e+07
0.348 3.3151e+07 1.068e+07
0.349 4.7675e+07 1.0662e+07
0.35 4.3848e+07 1.0644e+07
0.351 3.55e+07 1.0627e+07
0.352 3.0266e+07 1.061e+07
0.353 3.5301e+07 1.0592e+07
0.354 4.7421e+07 1.0575e+07
0.355 6.0289e+07 1.0558e+07
0.356 3.2375e+07 1.0541e+07
0.357 2.9747e+07 1.0524e+07
0.358 2.858e+07 1.0508e+07
0.359 3.3016e+07 1.0491e+07
0.36 4.8569e+07 1.0475e+07
0.361 3.8559e+07 1.0458e+07
0.362 2.0164e+07 1.0442e+07
0.363 4.5481e+07 1.0426e+07
0.364 2.3803e+07 1.041e+07
0.365 3.4521e+07 1.0394e+07
0.366 6.9016e+07 1.0378e+07
0.367 2.2308e+07 1.0362e+07
0.368 3.5732e+07 1.0347e+07
0.369 2.2181e+07 1.0331e+07
0.37 3.6087e+07 1.0316e+07
0.371 3.1496e+07 1.0301e+07
0.372 2.1399e+07 1.0286e+07
0.373 1.7787e+07 1.0271e+07
0.374 3.0085e+07 1.0256e+07
0.375 4.4001e+07 1.0241e+07
0.376 1.9712e+07 1.0226e+07
0.377 3.2066e+07 1.0212e+07
0.378 4.4159e+07 1.0197e+07
0.379 3.0262e+07 1.0183e+07
0.38 3.2539e+07 1.0169e+07
0.381 5.9475e+07 1.0155e+07
0.382 1.7655e+06 1.0141e+07
0.383 1.9123e+07 1.0127e+07
0.384 -1.1554e+06 1.0113e+07
0.385 3.0956e+07 1.0099e+07
0.386 2.8173e+07 1.0086e+07
0.387 4.8167e+07 1.0072e+07
0.388 2.8481e+07 1.0059e+07
0.389 2.6548e+07 1.0046e+07
0.39 3.7229e+07 1.0032e+07
0.391 3.1845e+07 1.0019e+07
0.392 4.6296e+07 1.0006e+07
0.393 3.9755e+07 9.9935e+06
0.394 2.0512e+07 9.9808e+06
0.395 3.5842e+07 9.9681e+06
0.396 4.1768e+07 9.9554e+06
0.397 1.9591e+07 9.9429e+06
0.398 1.7413e+07 9.9305e+06
0.399 3.5875e+07 9.9181e+06
0.4 3.6334e+07 9.9058e+06
0.401 4.0007e+07 9.8936e+06
0.402 3.5773e+07 9.8815e+06
0.403 2.5826e+07 9.8694e+06
0.404 2.1197e+07 9.8574e+06
0.405 2.7493e+07 9.8455e+06
0.406 3.3194e+07 9.8337e+06
0.407 2.4179e+07 9.8219e+06
0.408 4.4182e+07 9.8102e+06
0.409 2.7585e+07 9.7986e+06
0.41 3.7526e+07 9.787e+06
0.411 2.7166e+07 9.7755e+06
0.412 3.0802e+07 9.7641e+06
0.413 6.1042e+07 9.7527e+06
0.414 3.7047e+07 9.7413e+06
0.415 2.4279e+07 9.73e+06
0.416 4.7938e+07 9.7188e+06
0.417 1.9959e+07 9.7076e+06
0.418 3.4716e+07 9.6965e+06
0.419 2.1419e+07 9.6855e+06
0.42 3.7796e+07 9.6744e+06
0.421 1.9114e+07 9.6635e+06
0.422 3.6397e+07 9.6525e+06
0.423 2.8379e+07 9.6417e+06
0.424 8.5028e+06 9.6308e+06
0.425 4.1732e+07 9.62e+06
0.426 4.4919e+07 9.6093e+06
0.427 3.5848e+07 9.5986e+06
0.428 4.6239e+07 9.5879e+06
0.429 3.2153e+07 9.5773e+06
0.43 4.6251e+07 9.5667e+06
0.431 3.0984e+07 9.5561e+06
0.432 3.3469e+07 9.5456e+06
0.433 3.2191e+07 9.5351e+06
0.434 3.5322e+07 9.5247e+06
0.435 4.5143e+07 9.5143e+06
0.436 2.1262e+07 9.5039e+06
0.437 4.0354e+07 9.4936e+06
0.438 4.114e+07 9.4833e+06
0.439 2.1309e+07 9.473e+06
0.44 3.9762e+07 9.4628e+06
0.441 2.9552e+07 9.4526e+06
0.442 2.5221e+07 9.4424e+06
0.443 3.6566e+07 9.4323e+06
0.444 3.655e+07 9.4222e+06
0.445 3.5405e+07 9.4121e+06
0.446 3.441e+07 9.4021e+06
0.447 3.4919e+07 9.3921e+06
0.448 2.0425e+07 9.3821e+06
0.449 3.8363e+07 9.3721e+06
0.45 3.4154e+07 9.3622e+06
0.451 3.8229e+07 9.3523e+06
0.452 3.3445e+07 9.3425e+06
0.453 3.5479e+07 9.3326e+06
0.454 3.5835e+07 9.3228e+06
0.455 4.6663e+07 9.313e+06
0.456 3.7155e+07 9.3033e+06
0.457 2.8419e+07 9.2936e+06
0.458 4.4207e+07 9.2839e+06
0.459 4.1453e+07 9.2742e+06
0.46 2.9827e+07 9.2646e+06
0.461 3.5489e+07 9.255e+06
0.462 4.8184e+07 9.2454e+06
0.463 2.3819e+07 9.2358e+06
0.464 4.9036e+07 9.2263e+06
0.465 3.1728e+07 9.2168e+06
0.466 1.9882e+07 9.2073e+06
0.467 4.311e+07 9.1979e+06
0.468 4.8484e+07 9.1884e+06
0.469 3.8503e+07 9.179e+06
0.47 2.8402e+07 9.1697e+06
0.471 4.7885e+07 9.1603e+06
0.472 5.6691e+07 9.151e+06
0.473 4.2373e+07 9.1417e+06
0.474 3.8456e+07 9.1324e+06
0.475 3.3915e+07 9.1232e+06
0.476 5.0169e+07 9.1139e+06
0.477 2.8913e+07 9.1047e+06
0.478 4.4527e+07 9.0955e+06
0.479 4.5533e+07 9.0864e+06
0.48 3.8089e+07 9.0772e+06
0.481 3.5303e+07 9.0681e+06
0.482 3.817e+07 9.059e+06
0.483 3.1439e+07 9.05e+06
0.484 2.3168e+07 9.0409e+06
0.485 5.5067e+07 9.0319e+06
0.486 5.0855e+07 9.0229e+06
0.487 3.904e+07 9.0139e+06
0.488 3.687e+07 9.0049e+06
0.489 2.3085e+07 8.9959e+06
0.49 3.6258e+07 8.987e+06
0.491 4.2748e+07 8.9781e+06
0.492 4.6075e+07 8.9692e+06
0.493 2.0626e+07 8.9603e+06
0.494 3.1376e+07 8.9515e+06
0.495 5.1601e+07 8.9426e+06
0.496 5.2176e+07 8.9338e+06
0.497 4.6824e+07 8.925e+06
0.498 3.1475e+07 8.9162e+06
0.499 3.6189e+07 8.9075e+06
0.5 3.3463e+07 8.8987e+06
