0.001 1.2893e+10 6.2123e+08
0.002 1.0983e+10 4.3921e+08
0.003 1.1676e+10 3.5852e+08
0.004 1.0922e+10 3.1038e+08
0.005 1.062e+10 2.7749e+08
0.006 1.1128e+10 2.5318e+08
0.007 1.1029e+10 2.3425e+08
0.008 1.1019e+10 2.1896e+08
0.009 1.1583e+10 2.0626e+08
0.01 1.0708e+10 1.9549e+08
0.011 1.0816e+10 1.862e+08
0.012 1.0976e+10 1.7808e+08
0.013 1.0708e+10 1.7088e+08
0.014 1.0989e+10 1.6445e+08
0.015 1.1049e+10 1.5865e+08
0.016 1.0898e+10 1.5338e+08
0.017 1.0614e+10 1.4856e+08
0.018 1.0871e+10 1.4413e+08
0.019 1.0696e+10 1.4003e+08
0.02 1.0388e+10 1.3623e+08
0.021 1.0837e+10 1.3268e+08
0.022 1.0505e+10 1.2936e+08
0.023 1.0289e+10 1.2624e+08
0.024 1.0224e+10 1.233e+08
0.025 9.9859e+09 1.2053e+08
0.026 1.0144e+10 1.179e+08
0.027 1.008e+10 1.154e+08
0.028 1.0047e+10 1.1303e+08
0.029 1.0029e+10 1.1076e+08
0.03 9.7762e+09 1.086e+08
0.031 9.9189e+09 1.0652e+08
0.032 9.711e+09 1.0454e+08
0.033 9.7652e+09 1.0263e+08
0.034 9.5098e+09 1.0079e+08
0.035 9.5206e+09 9.902e+07
0.036 9.3508e+09 9.7314e+07
0.037 9.4063e+09 9.5666e+07
0.038 9.096e+09 9.4073e+07
0.039 8.9713e+09 9.2532e+07
0.04 8.9853e+09 9.1039e+07
0.041 8.9388e+09 8.9591e+07
0.042 8.8155e+09 8.8186e+07
0.043 8.8987e+09 8.6821e+07
0.044 8.565e+09 8.5495e+07
0.045 8.479e+09 8.4204e+07
0.046 8.2459e+09 8.2948e+07
0.047 8.3817e+09 8.1724e+07
0.048 8.1457e+09 8.0532e+07
0.049 8.0558e+09 7.9369e+07
0.05 7.92e+09 7.8234e+07
0.051 7.8722e+09 7.7126e+07
0.052 7.6537e+09 7.6044e+07
0.053 7.7407e+09 7.4987e+07
0.054 7.4737e+09 7.3953e+07
0.055 7.4734e+09 7.2942e+07
0.056 7.3138e+09 7.1954e+07
0.057 7.2517e+09 7.0986e+07
0.058 7.185e+09 7.0039e+07
0.059 6.9786e+09 6.9111e+07
0.06 6.9468e+09 6.8203e+07
0.061 6.7111e+09 6.7313e+07
0.062 6.6447e+09 6.6441e+07
0.063 6.5523e+09 6.5586e+07
0.064 6.4217e+09 6.4748e+07
0.065 6.2644e+09 6.3927e+07
0.066 6.2006e+09 6.3121e+07
0.067 6.1521e+09 6.2331e+07
0.068 5.9966e+09 6.1555e+07
0.069 5.8143e+09 6.0795e+07
0.07 5.7697e+09 6.0049e+07
0.071 5.6539e+09 5.9317e+07
0.072 5.6502e+09 5.8598e+07
0.073 5.4698e+09 5.7893e+07
0.074 5.4086e+09 5.7201e+07
0.075 5.1934e+09 5.6522e+07
0.076 5.1232e+09 5.5855e+07
0.077 5.0265e+09 5.5201e+07
0.078 5.0236e+09 5.4559e+07
0.079 4.9472e+09 5.3928e+07
0.08 4.8155e+09 5.331e+07
0.081 4.6293e+09 5.2702e+07
0.082 4.6078e+09 5.2106e+07
0.083 4.4864e+09 5.1521e+07
0.084 4.4593e+09 5.0946e+07
0.085 4.2883e+09 5.0383e+07
0.086 4.1605e+09 4.9829e+07
0.087 4.1582e+09 4.9287e+07
0.088 4.0555e+09 4.8754e+07
0.089 4.0373e+09 4.8231e+07
0.09 3.9271e+09 4.7718e+07
0.091 3.8056e+09 4.7214e+07
0.092 3.6836e+09 4.672e+07
0.093 3.7075e+09 4.6236e+07
0.094 3.5819e+09 4.5761e+07
0.095 3.5244e+09 4.5294e+07
0.096 3.4328e+09 4.4837e+07
0.097 3.2962e+09 4.4388e+07
0.098 3.2612e+09 4.3948e+07
0.099 3.1567e+09 4.3517e+07
0.1 3.0767e+09 4.3094e+07
0.101 3.0924e+09 4.2679e+07
0.102 3.0631e+09 4.2273e+07
0.103 2.8898e+09 4.1874e+07
0.104 2.809e+09 4.1483e+07
0.105 2.7423e+09 4.11e+07
0.106 2.6994e+09 4.0725e+07
0.107 2.6712e+09 4.0357e+07
0.108 2.5445e+09 3.9996e+07
0.109 2.4855e+09 3.9642e+07
0.11 2.4465e+09 3.9296e+07
0.111 2.3835e+09 3.8957e+07
0.112 2.393e+09 3.8624e+07
0.113 2.3352e+09 3.8298e+07
0.114 2.2418e+09 3.7979e+07
0.115 2.2046e+09 3.7666e+07
0.116 2.1554e+09 3.736e+07
0.117 2.1057e+09 3.706e+07
0.118 2.0166e+09 3.6766e+07
0.119 2.0573e+09 3.6477e+07
0.12 1.9687e+09 3.6195e+07
0.121 1.8958e+09 3.5919e+07
0.122 1.8668e+09 3.5648e+07
0.123 1.8816e+09 3.5382e+07
0.124 1.7648e+09 3.5122e+07
0.125 1.7725e+09 3.4867e+07
0.126 1.7363e+09 3.4618e+07
0.127 1.6886e+09 3.4373e+07
0.128 1.5927e+09 3.4133e+07
0.129 1.62e+09 3.3898e+07
0.13 1.5495e+09 3.3668e+07
0.131 1.5777e+09 3.3442e+07
0.132 1.5411e+09 3.3221e+07
0.133 1.4384e+09 3.3004e+07
0.134 1.4312e+09 3.2792e+07
0.135 1.3943e+09 3.2583e+07
0.136 1.3927e+09 3.2379e+07
0.137 1.348e+09 3.2178e+07
0.138 1.3394e+09 3.1981e+07
0.139 1.3071e+09 3.1788e+07
0.14 1.2033e+09 3.1599e+07
0.141 1.2495e+09 3.1413e+07
0.142 1.2305e+09 3.1231e+07
0.143 1.1983e+09 3.1052e+07
0.144 1.1571e+09 3.0876e+07
0.145 1.1666e+09 3.0703e+07
0.146 1.1306e+09 3.0533e+07
0.147 1.1505e+09 3.0367e+07
0.148 1.0938e+09 3.0203e+07
0.149 1.0462e+09 3.0042e+07
0.15 1.0442e+09 2.9884e+07
0.151 9.9053e+08 2.9729e+07
0.152 9.866e+08 2.9576e+07
0.153 9.5203e+08 2.9425e+07
0.154 9.6376e+08 2.9277e+07
0.155 9.3406e+08 2.9132e+07
0.156 9.4486e+08 2.8989e+07
0.157 9.0636e+08 2.8848e+07
0.158 9.0463e+08 2.8709e+07
0.159 8.687e+08 2.8572e+07
0.16 8.844e+08 2.8437e+07
0.161 8.3101e+08 2.8305e+07
0.162 8.241e+08 2.8174e+07
0.163 8.151e+08 2.8045e+07
0.164 8.5319e+08 2.7918e+07
0.165 8.0386e+08 2.7793e+07
0.166 7.4259e+08 2.7669e+07
0.167 7.0052e+08 2.7547e+07
0.168 7.2071e+08 2.7427e+07
0.169 7.7027e+08 2.7309e+07
0.17 7.3753e+08 2.7192e+07
0.171 6.9538e+08 2.7076e+07
0.172 6.7723e+08 2.6962e+07
0.173 6.7222e+08 2.685e+07
0.174 6.1771e+08 2.6739e+07
0.175 6.7138e+08 2.6629e+07
0.176 5.9061e+08 2.652e+07
0.177 6.2087e+08 2.6413e+07
0.178 6.4921e+08 2.6308e+07
0.179 6.2025e+08 2.6203e+07
0.18 5.6034e+08 2.61e+07
0.181 6.1684e+08 2.5998e+07
0.182 5.4907e+08 2.5897e+07
0.183 4.8937e+08 2.5797e+07
0.184 5.7103e+08 2.5698e+07
0.185 5.2986e+08 2.5601e+07
0.186 5.2235e+08 2.5504e+07
0.187 4.8846e+08 2.5409e+07
0.188 5.3832e+08 2.5315e+07
0.189 5.4801e+08 2.5221e+07
0.19 4.4182e+08 2.5129e+07
0.191 4.6124e+08 2.5038e+07
0.192 4.5604e+08 2.4948e+07
0.193 4.6154e+08 2.4859e+07
0.194 4.881e+08 2.477e+07
0.195 3.9589e+08 2.4683e+07
0.196 4.1446e+08 2.4597e+07
0.197 4.376e+08 2.4511e+07
0.198 4.1331e+08 2.4427e+07
0.199 4.0766e+08 2.4343e+07
0.2 4.1389e+08 2.426e+07
0.201 3.5454e+08 2.4179e+07
0.202 3.4716e+08 2.4098e+07
0.203 3.6541e+08 2.4017e+07
0.204 3.2734e+08 2.3938e+07
0.205 3.7142e+08 2.386e+07
0.206 3.1988e+08 2.3782e+07
0.207 3.5388e+08 2.3705e+07
0.208 3.1707e+08 2.363e+07
0.209 2.6859e+08 2.3554e+07
0.21 2.9491e+08 2.348e+07
0.211 2.8878e+08 2.3407e+07
0.212 3.1395e+08 2.3334e+07
0.213 2.7957e+08 2.3262e+07
0.214 2.8092e+08 2.3191e+07
0.215 2.6821e+08 2.312e+07
0.216 2.4536e+08 2.3051e+07
0.217 2.5297e+08 2.2982e+07
0.218 2.5729e+08 2.2914e+07
0.219 2.6144e+08 2.2846e+07
0.22 2.225e+08 2.278e+07
0.221 2.5316e+08 2.2714e+07
0.222 2.6601e+08 2.2649e+07
0.223 2.0928e+08 2.2584e+07
0.224 2.1213e+08 2.252e+07
0.225 2.2901e+08 2.2457e+07
0.226 1.9149e+08 2.2395e+07
0.227 2.3539e+08 2.2333e+07
0.228 2.2357e+08 2.2272e+07
0.229 2.0198e+08 2.2212e+07
0.23 1.8834e+08 2.2152e+07
0.231 1.9057e+08 2.2093e+07
0.232 1.8108e+08 2.2034e+07
0.233 2.1073e+08 2.1976e+07
0.234 1.7994e+08 2.1919e+07
0.235 1.7628e+08 2.1863e+07
0.236 1.4486e+08 2.1807e+07
0.237 1.5955e+08 2.1751e+07
0.238 1.7935e+08 2.1696e+07
0.239 1.7702e+08 2.1642e+07
0.24 1.4682e+08 2.1589e+07
0.241 1.2785e+08 2.1536e+07
0.242 1.3905e+08 2.1483e+07
0.243 1.5405e+08 2.1431e+07
0.244 1.494e+08 2.138e+07
0.245 1.4937e+08 2.1329e+07
0.246 1.2316e+08 2.1278e+07
0.247 1.089e+08 2.1229e+07
0.248 1.3753e+08 2.1179e+07
0.249 1.7177e+08 2.1131e+07
0.25 5.761e+07 2.1082e+07
0.251 1.0024e+08 2.1034e+07
0.252 1.2474e+08 2.0987e+07
0.253 1.2231e+08 2.094e+07
0.254 1.1413e+08 2.0894e+07
0.255 1.2061e+08 2.0848e+07
0.256 1.4213e+08 2.0802e+07
0.257 7.8762e+07 2.0757e+07
0.258 8.0294e+07 2.0713e+07
0.259 7.3796e+07 2.0669e+07
0.26 8.3965e+07 2.0625e+07
0.261 1.2363e+08 2.0581e+07
0.262 9.2192e+07 2.0538e+07
0.263 1.0802e+08 2.0496e+07
0.264 9.6034e+07 2.0454e+07
0.265 1.1551e+08 2.0412e+07
0.266 8.6588e+07 2.037e+07
0.267 6.3102e+07 2.0329e+07
0.268 9.1146e+07 2.0289e+07
0.269 7.9542e+07 2.0248e+07
0.27 7.5865e+07 2.0208e+07
0.271 8.5735e+07 2.0169e+07
0.272 4.7439e+07 2.0129e+07
0.273 1.0206e+08 2.009e+07
0.274 6.0999e+07 2.0052e+07
0.275 5.6215e+07 2.0013e+07
0.276 8.4633e+07 1.9975e+07
0.277 4.932e+07 1.9937e+07
0.278 5.3027e+07 1.99e+07
0.279 6.8639e+07 1.9863e+07
0.28 6.7499e+07 1.9826e+07
0.281 8.2358e+07 1.9789e+07
0.282 6.2796e+07 1.9753e+07
0.283 6.8344e+07 1.9717e+07
0.284 6.716e+07 1.9681e+07
0.285 9.0106e+07 1.9645e+07
0.286 9.6184e+07 1.961e+07
0.287 9.9706e+07 1.9575e+07
0.288 8.0049e+07 1.954e+07
0.289 7.7411e+07 1.9505e+07
0.29 4.7465e+07 1.9471e+07
0.291 8.1722e+07 1.9437e+07
0.292 4.7996e+07 1.9403e+07
0.293 5.168e+07 1.9369e+07
0.294 7.1717e+07 1.9336e+07
0.295 6.1955e+07 1.9303e+07
0.296 7.2048e+07 1.9269e+07
0.297 7.2741e+07 1.9237e+07
0.298 6.6098e+07 1.9204e+07
0.299 5.2809e+07 1.9172e+07
0.3 9.9532e+07 1.9139e+07
0.301 6.9769e+07 1.9107e+07
0.302 5.6149e+07 1.9075e+07
0.303 6.2826e+07 1.9044e+07
0.304 6.7327e+07 1.9012e+07
0.305 7.0895e+07 1.8981e+07
0.306 1.0744e+08 1.895e+07
0.307 7.2275e+07 1.8919e+07
0.308 5.5974e+07 1.8888e+07
0.309 7.0092e+07 1.8857e+07
0.31 5.6156e+07 1.8827e+07
0.311 2.196e+07 1.8797e+07
0.312 7.6933e+07 1.8766e+07
0.313 7.5461e+07 1.8736e+07
0.314 3.5567e+07 1.8707e+07
0.315 8.9885e+07 1.8677e+07
0.316 8.5496e+07 1.8647e+07
0.317 7.7206e+07 1.8618e+07
0.318 4.7965e+07 1.8589e+07
0.319 7.2404e+07 1.856e+07
0.32 6.6652e+07 1.8531e+07
0.321 3.6349e+07 1.8502e+07
0.322 6.423e+07 1.8474e+07
0.323 9.3807e+07 1.8445e+07
0.324 6.0148e+07 1.8417e+07
0.325 7.5845e+07 1.8388e+07
0.326 5.4091e+07 1.836e+07
0.327 5.8631e+07 1.8332e+07
0.328 5.4631e+07 1.8305e+07
0.329 7.1668e+07 1.8277e+07
0.33 9.827e+07 1.8249e+07
0.331 5.4664e+07 1.8222e+07
0.332 9.5739e+07 1.8195e+07
0.333 6.9917e+07 1.8168e+07
0.334 7.5645e+07 1.8141e+07
0.335 7.0588e+07 1.8114e+07
0.336 1.0648e+08 1.8087e+07
0.337 5.9835e+07 1.806e+07
0.338 6.0628e+07 1.8034e+07
0.339 4.4009e+07 1.8007e+07
0.34 1.0309e+08 1.7981e+07
0.341 6.8379e+07 1.7955e+07
0.342 6.7259e+07 1.7929e+07
0.343 7.1655e+07 1.7903e+07
0.344 8.4761e+07 1.7877e+07
0.345 6.549e+07 1.7851e+07
0.346 5.9126e+07 1.7826e+07
0.347 4.5909e+07 1.78e+07
0.348 6.7477e+07 1.7775e+07
0.349 8.2099e+07 1.7749e+07
0.35 8.4842e+07 1.7724e+07
0.351 8.6957e+07 1.7699e+07
0.352 1.0069e+08 1.7674e+07
0.353 7.3804e+07 1.7649e+07
0.354 6.7044e+07 1.7625e+07
0.355 4.9633e+07 1.76e+07
0.356 7.7632e+07 1.7575e+07
0.357 7.7335e+07 1.7551e+07
0.358 8.004e+07 1.7527e+07
0.359 5.7165e+07 1.7502e+07
0.36 6.1592e+07 1.7478e+07
0.361 8.6965e+07 1.7454e+07
0.362 7.9123e+07 1.743e+07
0.363 5.8564e+07 1.7406e+07
0.364 6.46e+07 1.7383e+07
0.365 5.5763e+07 1.7359e+07
0.366 9.7865e+07 1.7335e+07
0.367 9.9083e+07 1.7312e+07
0.368 5.0657e+07 1.7289e+07
0.369 9.6977e+07 1.7265e+07
0.37 4.9742e+07 1.7242e+07
0.371 8.6933e+07 1.7219e+07
0.372 8.0389e+07 1.7196e+07
0.373 8.288e+07 1.7173e+07
0.374 7.8489e+07 1.715e+07
0.375 6.3551e+07 1.7128e+07
0.376 6.8954e+07 1.7105e+07
0.377 7.8192e+07 1.7082e+07
0.378 6.8745e+07 1.706e+07
0.379 5.8382e+07 1.7038e+07
0.38 5.5999e+07 1.7015e+07
0.381 7.1469e+07 1.6993e+07
0.382 5.6863e+07 1.6971e+07
0.383 7.0141e+07 1.6949e+07
0.384 7.0858e+07 1.6927e+07
0.385 6.8224e+07 1.6905e+07
0.386 6.9115e+07 1.6883e+07
0.387 6.4713e+07 1.6862e+07
0.388 8.7669e+07 1.684e+07
0.389 6.1734e+07 1.6818e+07
0.39 8.6359e+07 1.6797e+07
0.391 1.134e+08 1.6775e+07
0.392 7.7287e+07 1.6754e+07
0.393 1.041e+08 1.6733e+07
0.394 7.7508e+07 1.6712e+07
0.395 6.5631e+07 1.6691e+07
0.396 1.2173e+08 1.667e+07
0.397 7.6076e+07 1.6649e+07
0.398 9.1403e+07 1.6628e+07
0.399 7.0797e+07 1.6607e+07
0.4 1.0823e+08 1.6586e+07
0.401 9.5296e+07 1.6566e+07
0.402 8.7461e+07 1.6545e+07
0.403 1.07e+08 1.6525e+07
0.404 5.524e+07 1.6504e+07
0.405 8.4779e+07 1.6484e+07
0.406 8.7469e+07 1.6464e+07
0.407 1.1065e+08 1.6443e+07
0.408 8.2491e+07 1.6423e+07
0.409 1.1279e+08 1.6403e+07
0.41 7.3987e+07 1.6383e+07
0.411 8.2564e+07 1.6363e+07
0.412 5.0398e+07 1.6343e+07
0.413 7.9093e+07 1.6323e+07
0.414 7.6574e+07 1.6304e+07
0.415 7.6486e+07 1.6284e+07
0.416 9.4762e+07 1.6264e+07
0.417 8.3084e+07 1.6245e+07
0.418 8.4959e+07 1.6225e+07
0.419 7.9997e+07 1.6206e+07
0.42 8.4889e+07 1.6187e+07
0.421 7.0745e+07 1.6167e+07
0.422 5.5399e+07 1.6148e+07
0.423 6.8768e+07 1.6129e+07
0.424 7.6348e+07 1.611e+07
0.425 8.4471e+07 1.6091e+07
0.426 7.5566e+07 1.6072e+07
0.427 6.5054e+07 1.6053e+07
0.428 6.8586e+07 1.6034e+07
0.429 9.3813e+07 1.6016e+07
0.43 6.4338e+07 1.5997e+07
0.431 9.0746e+07 1.5978e+07
0.432 6.1022e+07 1.596e+07
0.433 9.0511e+07 1.5941e+07
0.434 7.3134e+07 1.5923e+07
0.435 9.7729e+07 1.5904e+07
0.436 6.6891e+07 1.5886e+07
0.437 8.3559e+07 1.5868e+07
0.438 9.214e+07 1.585e+07
0.439 6.826e+07 1.5831e+07
0.44 5.9209e+07 1.5813e+07
0.441 9.9767e+07 1.5795e+07
0.442 8.7617e+07 1.5777e+07
0.443 8.476e+07 1.576e+07
0.444 5.0405e+07 1.5742e+07
0.445 7.7005e+07 1.5724e+07
0.446 6.8533e+07 1.5706e+07
0.447 9.1565e+07 1.5689e+07
0.448 8.5015e+07 1.5671e+07
0.449 8.1478e+07 1.5653e+07
0.45 6.703e+07 1.5636e+07
0.451 8.4795e+07 1.5618e+07
0.452 9.0016e+07 1.5601e+07
0.453 3.8479e+07 1.5584e+07
0.454 5.8008e+07 1.5567e+07
0.455 7.7534e+07 1.5549e+07
0.456 5.8139e+07 1.5532e+07
0.457 6.9203e+07 1.5515e+07
0.458 7.7598e+07 1.5498e+07
0.459 6.8038e+07 1.5481e+07
0.46 7.0962e+07 1.5464e+07
0.461 7.5374e+07 1.5447e+07
0.462 1.1466e+08 1.5431e+07
0.463 7.9216e+07 1.5414e+07
0.464 4.526e+07 1.5397e+07
0.465 3.7556e+07 1.5381e+07
0.466 7.0905e+07 1.5364e+07
0.467 8.6825e+07 1.5348e+07
0.468 5.8291e+07 1.5331e+07
0.469 8.194e+07 1.5315e+07
0.47 6.2164e+07 1.5298e+07
0.471 8.1566e+07 1.5282e+07
0.472 7.0346e+07 1.5266e+07
0.473 8.8648e+07 1.525e+07
0.474 7.7157e+07 1.5233e+07
0.475 9.8919e+07 1.5217e+07
0.476 5.5009e+07 1.5201e+07
0.477 8.2042e+07 1.5185e+07
0.478 8.5466e+07 1.5169e+07
0.479 6.3458e+07 1.5154e+07
0.48 8.3139e+07 1.5138e+07
0.481 6.9546e+07 1.5122e+07
0.482 9.3878e+07 1.5106e+07
0.483 4.8626e+07 1.5091e+07
0.484 5.596e+07 1.5075e+07
0.485 5.302e+07 1.506e+07
0.486 8.0927e+07 1.5044e+07
0.487 9.1064e+07 1.5029e+07
0.488 9.5835e+07 1.5013e+07
0.489 7.7934e+07 1.4998e+07
0.49 7.0278e+07 1.4982e+07
0.491 7.2215e+07 1.4967e+07
0.492 9.2481e+07 1.4952e+07
0.493 6.0719e+07 1.4937e+07
0.494 9.2217e+07 1.4922e+07
0.495 8.0332e+07 1.4907e+07
0.496 8.9142e+07 1.4892e+07
0.497 8.9446e+07 1.4877e+07
0.498 6.2624e+07 1.4862e+07
0.499 6.3666e+07 1.4847e+07
0.5 7.3191e+07 1.4832e+07
