0.001 5.635e+09 3.0822e+08
0.002 5.9219e+09 2.1791e+08
0.003 5.9797e+09 1.7787e+08
0.004 5.8281e+09 1.5398e+08
0.005 6.0803e+09 1.3766e+08
0.006 5.994e+09 1.2559e+08
0.007 6.0627e+09 1.1619e+08
0.008 6.063e+09 1.0859e+08
0.009 6.0463e+09 1.0228e+08
0.01 5.6559e+09 9.6932e+07
0.011 5.9143e+09 9.2312e+07
0.012 5.965e+09 8.8269e+07
0.013 6.0056e+09 8.4688e+07
0.014 5.9048e+09 8.1484e+07
0.015 5.8752e+09 7.8594e+07
0.016 5.8958e+09 7.5967e+07
0.017 5.8107e+09 7.3564e+07
0.018 5.7746e+09 7.1352e+07
0.019 5.7485e+09 6.9306e+07
0.02 5.7747e+09 6.7405e+07
0.021 5.773e+09 6.563e+07
0.022 5.6184e+09 6.3969e+07
0.023 5.5828e+09 6.2406e+07
0.024 5.5298e+09 6.0933e+07
0.025 5.517e+09 5.954e+07
0.026 5.5745e+09 5.8219e+07
0.027 5.4289e+09 5.6964e+07
0.028 5.4497e+09 5.5767e+07
0.029 5.3742e+09 5.4625e+07
0.03 5.299e+09 5.3532e+07
0.031 5.2017e+09 5.2485e+07
0.032 5.2947e+09 5.1479e+07
0.033 5.1893e+09 5.0512e+07
0.034 5.1859e+09 4.958e+07
0.035 5.118e+09 4.8682e+07
0.036 5.0452e+09 4.7815e+07
0.037 4.9879e+09 4.6976e+07
0.038 4.9627e+09 4.6163e+07
0.039 4.9279e+09 4.5376e+07
0.04 4.9287e+09 4.4613e+07
0.041 4.8365e+09 4.3871e+07
0.042 4.7459e+09 4.315e+07
0.043 4.648e+09 4.2449e+07
0.044 4.6354e+09 4.1766e+07
0.045 4.5638e+09 4.1101e+07
0.046 4.5497e+09 4.0452e+07
0.047 4.5271e+09 3.9819e+07
0.048 4.4159e+09 3.9201e+07
0.049 4.313e+09 3.8597e+07
0.05 4.319e+09 3.8006e+07
0.051 4.2587e+09 3.7429e+07
0.052 4.1143e+09 3.6864e+07
0.053 4.0493e+09 3.631e+07
0.054 4.0317e+09 3.5768e+07
0.055 3.9956e+09 3.5237e+07
0.056 3.9269e+09 3.4716e+07
0.057 3.8658e+09 3.4206e+07
0.058 3.8039e+09 3.3705e+07
0.059 3.6994e+09 3.3213e+07
0.06 3.7258e+09 3.2731e+07
0.061 3.6549e+09 3.2257e+07
0.062 3.566e+09 3.1791e+07
0.063 3.5191e+09 3.1334e+07
0.064 3.5109e+09 3.0885e+07
0.065 3.3918e+09 3.0443e+07
0.066 3.3808e+09 3.0009e+07
0.067 3.2608e+09 2.9582e+07
0.068 3.2335e+09 2.9163e+07
0.069 3.1677e+09 2.875e+07
0.07 3.0707e+09 2.8344e+07
0.071 3.0486e+09 2.7944e+07
0.072 3.0214e+09 2.7551e+07
0.073 2.9655e+09 2.7165e+07
0.074 2.8972e+09 2.6784e+07
0.075 2.8055e+09 2.641e+07
0.076 2.7349e+09 2.6041e+07
0.077 2.629e+09 2.5679e+07
0.078 2.6065e+09 2.5322e+07
0.079 2.5615e+09 2.4971e+07
0.08 2.5432e+09 2.4625e+07
0.081 2.4744e+09 2.4285e+07
0.082 2.4382e+09 2.395e+07
0.083 2.3745e+09 2.3621e+07
0.084 2.3144e+09 2.3297e+07
0.085 2.2467e+09 2.2978e+07
0.086 2.2156e+09 2.2664e+07
0.087 2.145e+09 2.2355e+07
0.088 2.1244e+09 2.2051e+07
0.089 2.0602e+09 2.1752e+07
0.09 1.9883e+09 2.1458e+07
0.091 1.944e+09 2.1168e+07
0.092 1.8988e+09 2.0884e+07
0.093 1.8546e+09 2.0604e+07
0.094 1.7833e+09 2.0329e+07
0.095 1.741e+09 2.0058e+07
0.096 1.7199e+09 1.9793e+07
0.097 1.6489e+09 1.9531e+07
0.098 1.6528e+09 1.9274e+07
0.099 1.6099e+09 1.9022e+07
0.1 1.524e+09 1.8774e+07
0.101 1.4895e+09 1.8531e+07
0.102 1.494e+09 1.8291e+07
0.103 1.3876e+09 1.8057e+07
0.104 1.3945e+09 1.7826e+07
0.105 1.336e+09 1.76e+07
0.106 1.319e+09 1.7378e+07
0.107 1.2813e+09 1.716e+07
0.108 1.2413e+09 1.6946e+07
0.109 1.166e+09 1.6736e+07
0.11 1.1572e+09 1.6531e+07
0.111 1.0941e+09 1.6329e+07
0.112 1.0905e+09 1.6132e+07
0.113 1.0225e+09 1.5938e+07
0.114 9.9164e+08 1.5749e+07
0.115 9.9204e+08 1.5563e+07
0.116 9.6193e+08 1.5381e+07
0.117 9.2037e+08 1.5203e+07
0.118 8.7194e+08 1.5029e+07
0.119 8.8175e+08 1.4859e+07
0.12 8.6032e+08 1.4692e+07
0.121 8.3273e+08 1.4529e+07
0.122 7.9492e+08 1.4369e+07
0.123 7.9084e+08 1.4213e+07
0.124 7.2882e+08 1.4061e+07
0.125 7.2099e+08 1.3912e+07
0.126 6.7375e+08 1.3767e+07
0.127 6.5074e+08 1.3624e+07
0.128 6.4509e+08 1.3486e+07
0.129 6.1393e+08 1.335e+07
0.13 6.213e+08 1.3218e+07
0.131 5.7433e+08 1.3089e+07
0.132 5.8545e+08 1.2964e+07
0.133 5.425e+08 1.2841e+07
0.134 5.1468e+08 1.2721e+07
0.135 5.1816e+08 1.2605e+07
0.136 4.8039e+08 1.2491e+07
0.137 4.7682e+08 1.238e+07
0.138 4.5538e+08 1.2272e+07
0.139 4.272e+08 1.2167e+07
0.14 4.1567e+08 1.2065e+07
0.141 4.2061e+08 1.1965e+07
0.142 4.0154e+08 1.1868e+07
0.143 3.8912e+08 1.1773e+07
0.144 3.7676e+08 1.1681e+07
0.145 3.6437e+08 1.1591e+07
0.146 3.7231e+08 1.1504e+07
0.147 3.3807e+08 1.1419e+07
0.148 3.2401e+08 1.1336e+07
0.149 3.24e+08 1.1256e+07
0.15 3.1718e+08 1.1178e+07
0.151 3.1134e+08 1.1102e+07
0.152 2.8574e+08 1.1027e+07
0.153 2.755e+08 1.0955e+07
0.154 2.8384e+08 1.0885e+07
0.155 2.6616e+08 1.0817e+07
0.156 2.4961e+08 1.075e+07
0.157 2.2914e+08 1.0685e+07
0.158 2.2988e+08 1.0622e+07
0.159 2.4632e+08 1.0561e+07
0.16 2.1535e+08 1.0501e+07
0.161 2.095e+08 1.0443e+07
0.162 2.0739e+08 1.0386e+07
0.163 2.2279e+08 1.033e+07
0.164 2.0816e+08 1.0276e+07
0.165 2.1036e+08 1.0224e+07
0.166 1.8426e+08 1.0172e+07
0.167 1.9491e+08 1.0122e+07
0.168 1.7879e+08 1.0074e+07
0.169 1.866e+08 1.0026e+07
0.17 1.8033e+08 9.9793e+06
0.171 1.4938e+08 9.9338e+06
0.172 1.6426e+08 9.8893e+06
0.173 1.5434e+08 9.8459e+06
0.174 1.526e+08 9.8034e+06
0.175 1.5383e+08 9.7618e+06
0.176 1.5109e+08 9.7211e+06
0.177 1.4926e+08 9.6812e+06
0.178 1.5147e+08 9.6422e+06
0.179 1.1959e+08 9.6039e+06
0.18 1.2787e+08 9.5664e+06
0.181 1.3132e+08 9.5296e+06
0.182 1.2232e+08 9.4935e+06
0.183 1.402e+08 9.458e+06
0.184 1.4182e+08 9.4232e+06
0.185 1.3886e+08 9.3889e+06
0.186 1.1564e+08 9.3553e+06
0.187 1.2606e+08 9.3222e+06
0.188 1.0979e+08 9.2896e+06
0.189 1.0648e+08 9.2576e+06
0.19 1.1506e+08 9.226e+06
0.191 1.2124e+08 9.1949e+06
0.192 1.069e+08 9.1642e+06
0.193 1.0876e+08 9.134e+06
0.194 9.4344e+07 9.1042e+06
0.195 1.1719e+08 9.0747e+06
0.196 9.1916e+07 9.0457e+06
0.197 8.3846e+07 9.017e+06
0.198 9.7207e+07 8.9887e+06
0.199 1.0951e+08 8.9607e+06
0.2 8.5687e+07 8.933e+06
0.201 8.7938e+07 8.9057e+06
0.202 9.1961e+07 8.8786e+06
0.203 9.5747e+07 8.8519e+06
0.204 8.2329e+07 8.8254e+06
0.205 9.4507e+07 8.7992e+06
0.206 1.0085e+08 8.7733e+06
0.207 9.8415e+07 8.7476e+06
0.208 8.6361e+07 8.7222e+06
0.209 8.491e+07 8.697e+06
0.21 8.2626e+07 8.672e+06
0.211 7.9377e+07 8.6473e+06
0.212 8.6628e+07 8.6228e+06
0.213 8.7177e+07 8.5985e+06
0.214 7.7682e+07 8.5744e+06
0.215 7.4262e+07 8.5506e+06
0.216 8.664e+07 8.5269e+06
0.217 7.7553e+07 8.5035e+06
0.218 7.3786e+07 8.4803e+06
0.219 6.2993e+07 8.4572e+06
0.22 8.5479e+07 8.4343e+06
0.221 7.4682e+07 8.4117e+06
0.222 5.8873e+07 8.3892e+06
0.223 6.2275e+07 8.3669e+06
0.224 6.9716e+07 8.3448e+06
0.225 7.521e+07 8.3229e+06
0.226 6.915e+07 8.3011e+06
0.227 6.7371e+07 8.2796e+06
0.228 7.6359e+07 8.2582e+06
0.229 5.5534e+07 8.237e+06
0.23 6.6024e+07 8.2159e+06
0.231 6.5074e+07 8.1951e+06
0.232 5.381e+07 8.1744e+06
0.233 6.4765e+07 8.1539e+06
0.234 7.347e+07 8.1335e+06
0.235 4.3771e+07 8.1133e+06
0.236 5.4141e+07 8.0933e+06
0.237 6.2718e+07 8.0735e+06
0.238 5.0917e+07 8.0538e+06
0.239 5.9034e+07 8.0343e+06
0.24 5.8601e+07 8.015e+06
0.241 4.7365e+07 7.9958e+06
0.242 5.4842e+07 7.9768e+06
0.243 4.8059e+07 7.9579e+06
0.244 5.9159e+07 7.9393e+06
0.245 4.5131e+07 7.9207e+06
0.246 5.6255e+07 7.9024e+06
0.247 4.4616e+07 7.8842e+06
0.248 4.5418e+07 7.8661e+06
0.249 4.5332e+07 7.8482e+06
0.25 4.9165e+07 7.8305e+06
0.251 5.7013e+07 7.8129e+06
0.252 5.1662e+07 7.7955e+06
0.253 4.9892e+07 7.7782e+06
0.254 4.5657e+07 7.761e+06
0.255 3.7566e+07 7.7441e+06
0.256 4.2004e+07 7.7272e+06
0.257 4.6541e+07 7.7105e+06
0.258 5.0027e+07 7.694e+06
0.259 4.5998e+07 7.6776e+06
0.26 4.8106e+07 7.6613e+06
0.261 5.3275e+07 7.6452e+06
0.262 3.7712e+07 7.6292e+06
0.263 4.7223e+07 7.6134e+06
0.264 4.0291e+07 7.5976e+06
0.265 3.3558e+07 7.582e+06
0.266 3.8837e+07 7.5666e+06
0.267 4.652e+07 7.5513e+06
0.268 4.0259e+07 7.5361e+06
0.269 4.9282e+07 7.521e+06
0.27 4.0067e+07 7.506e+06
0.271 3.9663e+07 7.4912e+06
0.272 2.7899e+07 7.4764e+06
0.273 4.2395e+07 7.4618e+06
0.274 4.3696e+07 7.4473e+06
0.275 4.0391e+07 7.4329e+06
0.276 3.6079e+07 7.4187e+06
0.277 3.6251e+07 7.4045e+06
0.278 2.7186e+07 7.3904e+06
0.279 5.2876e+07 7.3765e+06
0.28 3.2372e+07 7.3626e+06
0.281 4.0075e+07 7.3488e+06
0.282 4.2993e+07 7.3352e+06
0.283 2.7728e+07 7.3216e+06
0.284 4.2511e+07 7.3081e+06
0.285 4.3104e+07 7.2947e+06
0.286 3.4253e+07 7.2814e+06
0.287 3.757e+07 7.2682e+06
0.288 4.807e+07 7.255e+06
0.289 2.6415e+07 7.242e+06
0.29 3.5897e+07 7.229e+06
0.291 3.8379e+07 7.2161e+06
0.292 3.879e+07 7.2033e+06
0.293 4.2746e+07 7.1906e+06
0.294 3.6428e+07 7.1779e+06
0.295 4.3997e+07 7.1653e+06
0.296 2.4423e+07 7.1528e+06
0.297 3.0261e+07 7.1403e+06
0.298 3.778e+07 7.128e+06
0.299 3.4244e+07 7.1156e+06
0.3 3.2199e+07 7.1034e+06
0.301 3.1342e+07 7.0912e+06
0.302 3.2078e+07 7.0791e+06
0.303 2.5698e+07 7.067e+06
0.304 4.9177e+07 7.055e+06
0.305 2.9527e+07 7.0431e+06
0.306 2.9258e+07 7.0312e+06
0.307 3.0278e+07 7.0193e+06
0.308 3.4159e+07 7.0076e+06
0.309 3.7537e+07 6.9958e+06
0.31 2.6655e+07 6.9842e+06
0.311 3.3455e+07 6.9725e+06
0.312 3.1517e+07 6.961e+06
0.313 4.7938e+07 6.9495e+06
0.314 4.293e+07 6.938e+06
0.315 3.7095e+07 6.9266e+06
0.316 2.9783e+07 6.9152e+06
0.317 4.3515e+07 6.9039e+06
0.318 3.8038e+07 6.8926e+06
0.319 3.337e+07 6.8814e+06
0.32 3.0798e+07 6.8703e+06
0.321 2.8234e+07 6.8591e+06
0.322 1.7749e+07 6.8481e+06
0.323 1.6561e+07 6.837e+06
0.324 3.3072e+07 6.8261e+06
0.325 3.432e+07 6.8151e+06
0.326 2.9741e+07 6.8042e+06
0.327 2.3081e+07 6.7934e+06
0.328 3.8128e+07 6.7826e+06
0.329 4.0801e+07 6.7718e+06
0.33 2.1521e+07 6.7611e+06
0.331 3.8065e+07 6.7504e+06
0.332 3.6289e+07 6.7398e+06
0.333 2.9536e+07 6.7293e+06
0.334 3.8636e+07 6.7187e+06
0.335 2.8831e+07 6.7082e+06
0.336 3.2151e+07 6.6978e+06
0.337 2.8302e+07 6.6874e+06
0.338 2.5866e+07 6.677e+06
0.339 2.3537e+07 6.6667e+06
0.34 2.9965e+07 6.6565e+06
0.341 1.3201e+07 6.6463e+06
0.342 3.6947e+07 6.6361e+06
0.343 2.6707e+07 6.626e+06
0.344 3.2165e+07 6.6159e+06
0.345 3.2152e+07 6.6058e+06
0.346 2.8728e+07 6.5958e+06
0.347 3.4189e+07 6.5859e+06
0.348 3.0635e+07 6.576e+06
0.349 2.3492e+07 6.5661e+06
0.35 2.8308e+07 6.5563e+06
0.351 3.1453e+07 6.5466e+06
0.352 3.017e+07 6.5368e+06
0.353 1.4445e+07 6.5272e+06
0.354 1.8913e+07 6.5175e+06
0.355 2.8953e+07 6.5079e+06
0.356 2.5683e+07 6.4984e+06
0.357 2.1115e+07 6.4889e+06
0.358 3.229e+07 6.4795e+06
0.359 3.2611e+07 6.4701e+06
0.36 1.6009e+07 6.4607e+06
0.361 2.698e+07 6.4514e+06
0.362 3.1932e+07 6.4421e+06
0.363 2.425e+07 6.4329e+06
0.364 3.2099e+07 6.4237e+06
0.365 3.6952e+07 6.4146e+06
0.366 2.0054e+07 6.4055e+06
0.367 3.0993e+07 6.3965e+06
0.368 1.7099e+07 6.3875e+06
0.369 2.7299e+07 6.3785e+06
0.37 3.076e+07 6.3696e+06
0.371 1.8197e+07 6.3607e+06
0.372 3.3231e+07 6.3519e+06
0.373 2.1224e+07 6.3431e+06
0.374 1.6066e+07 6.3344e+06
0.375 1.9677e+07 6.3257e+06
0.376 1.4516e+07 6.317e+06
0.377 1.8476e+07 6.3084e+06
0.378 2.2761e+07 6.2998e+06
0.379 1.9752e+07 6.2913e+06
0.38 3.4654e+07 6.2828e+06
0.381 9.5113e+06 6.2744e+06
0.382 2.3876e+07 6.266e+06
0.383 3.9013e+07 6.2576e+06
0.384 1.9496e+07 6.2493e+06
0.385 3.4149e+07 6.241e+06
0.386 1.0814e+07 6.2327e+06
0.387 3.3014e+07 6.2245e+06
0.388 1.299e+07 6.2164e+06
0.389 2.841e+07 6.2082e+06
0.39 2.119e+07 6.2001e+06
0.391 3.8176e+07 6.1921e+06
0.392 1.4393e+07 6.184e+06
0.393 1.679e+07 6.1761e+06
0.394 2.5458e+07 6.1681e+06
0.395 2.6994e+07 6.1602e+06
0.396 2.7205e+07 6.1523e+06
0.397 3.3323e+07 6.1445e+06
0.398 1.2409e+07 6.1367e+06
0.399 2.8339e+07 6.1289e+06
0.4 2.6145e+07 6.1211e+06
0.401 1.6179e+07 6.1134e+06
0.402 2.3522e+07 6.1057e+06
0.403 2.0834e+07 6.0981e+06
0.404 1.2249e+07 6.0905e+06
0.405 2.2263e+07 6.0829e+06
0.406 3.0595e+07 6.0754e+06
0.407 2.5698e+07 6.0678e+06
0.408 2.8302e+07 6.0603e+06
0.409 2.699e+07 6.0529e+06
0.41 3.148e+07 6.0454e+06
0.411 1.827e+07 6.038e+06
0.412 1.0653e+07 6.0307e+06
0.413 1.9376e+07 6.0233e+06
0.414 1.9106e+07 6.016e+06
0.415 2.1313e+07 6.0087e+06
0.416 3.1536e+07 6.0014e+06
0.417 1.9808e+07 5.9942e+06
0.418 4.735e+07 5.987e+06
0.419 1.4466e+07 5.9798e+06
0.42 3.0936e+07 5.9726e+06
0.421 2.223e+07 5.9655e+06
0.422 2.2746e+07 5.9584e+06
0.423 2.3637e+07 5.9513e+06
0.424 1.6768e+07 5.9442e+06
0.425 2.5012e+07 5.9372e+06
0.426 3.0275e+07 5.9302e+06
0.427 2.2727e+07 5.9232e+06
0.428 3.1238e+07 5.9162e+06
0.429 2.8101e+07 5.9093e+06
0.43 3.1673e+07 5.9024e+06
0.431 2.5189e+07 5.8955e+06
0.432 2.3217e+07 5.8886e+06
0.433 1.3157e+07 5.8818e+06
0.434 1.3573e+07 5.875e+06
0.435 2.3462e+07 5.8682e+06
0.436 2.3698e+07 5.8614e+06
0.437 1.9875e+07 5.8546e+06
0.438 2.4679e+07 5.8479e+06
0.439 2.5492e+07 5.8412e+06
0.44 2.8594e+07 5.8345e+06
0.441 1.6986e+07 5.8278e+06
0.442 3.5991e+07 5.8212e+06
0.443 2.2382e+07 5.8146e+06
0.444 2.2962e+07 5.808e+06
0.445 2.5217e+07 5.8014e+06
0.446 1.8518e+07 5.7948e+06
0.447 1.5743e+07 5.7883e+06
0.448 2.8891e+07 5.7818e+06
0.449 1.7879e+07 5.7753e+06
0.45 3.1618e+07 5.7688e+06
0.451 2.2957e+07 5.7624e+06
0.452 2.0049e+07 5.7559e+06
0.453 2.5353e+07 5.7495e+06
0.454 2.952e+07 5.7431e+06
0.455 1.2218e+07 5.7368e+06
0.456 3.3183e+07 5.7304e+06
0.457 2.1292e+07 5.7241e+06
0.458 2.1024e+07 5.7178e+06
0.459 2.9123e+07 5.7115e+06
0.46 2.6851e+07 5.7052e+06
0.461 1.2033e+07 5.699e+06
0.462 1.6808e+07 5.6928e+06
0.463 1.1275e+07 5.6866e+06
0.464 3.0962e+07 5.6804e+06
0.465 6.854e+06 5.6743e+06
0.466 1.8331e+07 5.6681e+06
0.467 2.0136e+07 5.662e+06
0.468 2.566e+07 5.6559e+06
0.469 2.4334e+07 5.6498e+06
0.47 2.911e+07 5.6438e+06
0.471 2.7437e+07 5.6377e+06
0.472 2.1668e+07 5.6317e+06
0.473 2.6886e+07 5.6257e+06
0.474 2.9125e+07 5.6198e+06
0.475 2.1462e+07 5.6138e+06
0.476 2.7976e+07 5.6079e+06
0.477 2.6075e+07 5.602e+06
0.478 3.2401e+07 5.5961e+06
0.479 2.8824e+07 5.5902e+06
0.48 2.1419e+07 5.5844e+06
0.481 2.4529e+07 5.5786e+06
0.482 2.4073e+07 5.5728e+06
0.483 1.879e+07 5.567e+06
0.484 8.0439e+06 5.5612e+06
0.485 6.9147e+06 5.5555e+06
0.486 1.9437e+07 5.5497e+06
0.487 1.9382e+07 5.544e+06
0.488 2.0012e+07 5.5383e+06
0.489 3.0339e+07 5.5327e+06
0.49 2.1401e+07 5.527e+06
0.491 2.3307e+07 5.5214e+06
0.492 1.2829e+07 5.5158e+06
0.493 1.5601e+07 5.5102e+06
0.494 1.3979e+07 5.5046e+06
0.495 2.6835e+07 5.4991e+06
0.496 2.3195e+07 5.4935e+06
0.497 1.922e+07 5.488e+06
0.498 2.5051e+07 5.4825e+06
0.499 3.0937e+07 5.477e+06
0.5 2.3489e+07 5.4716e+06
