0.001 1.5182e+10 7.104e+08
0.002 1.3983e+10 5.0222e+08
0.003 1.4462e+10 4.0991e+08
0.004 1.3972e+10 3.5481e+08
0.005 1.3724e+10 3.1713e+08
0.006 1.3957e+10 2.8927e+08
0.007 1.3378e+10 2.6755e+08
0.008 1.3726e+10 2.4999e+08
0.009 1.371e+10 2.354e+08
0.01 1.3412e+10 2.23e+08
0.011 1.324e+10 2.123e+08
0.012 1.3245e+10 2.0291e+08
0.013 1.3084e+10 1.9459e+08
0.014 1.3165e+10 1.8714e+08
0.015 1.2935e+10 1.8041e+08
0.016 1.3104e+10 1.7428e+08
0.017 1.3216e+10 1.6866e+08
0.018 1.3214e+10 1.6349e+08
0.019 1.3004e+10 1.587e+08
0.02 1.2835e+10 1.5424e+08
0.021 1.2609e+10 1.5007e+08
0.022 1.2867e+10 1.4616e+08
0.023 1.2598e+10 1.4247e+08
0.024 1.2548e+10 1.3899e+08
0.025 1.228e+10 1.357e+08
0.026 1.2149e+10 1.3257e+08
0.027 1.2135e+10 1.2959e+08
0.028 1.1816e+10 1.2675e+08
0.029 1.1687e+10 1.2403e+08
0.03 1.1803e+10 1.2143e+08
0.031 1.1681e+10 1.1893e+08
0.032 1.1536e+10 1.1653e+08
0.033 1.1386e+10 1.1422e+08
0.034 1.1203e+10 1.1198e+08
0.035 1.1221e+10 1.0983e+08
0.036 1.1238e+10 1.0775e+08
0.037 1.0883e+10 1.0573e+08
0.038 1.0567e+10 1.0378e+08
0.039 1.0643e+10 1.0188e+08
0.04 1.0424e+10 1.0004e+08
0.041 1.0284e+10 9.8255e+07
0.042 1.0175e+10 9.6516e+07
0.043 9.8148e+09 9.4824e+07
0.044 9.7345e+09 9.3175e+07
0.045 9.7704e+09 9.1569e+07
0.046 9.545e+09 9.0001e+07
0.047 9.2342e+09 8.8472e+07
0.048 9.1622e+09 8.6979e+07
0.049 9.218e+09 8.552e+07
0.05 8.855e+09 8.4095e+07
0.051 8.5451e+09 8.2701e+07
0.052 8.5948e+09 8.1338e+07
0.053 8.4352e+09 8.0005e+07
0.054 8.2161e+09 7.8699e+07
0.055 8.1404e+09 7.7421e+07
0.056 8.0016e+09 7.617e+07
0.057 7.7155e+09 7.4944e+07
0.058 7.6215e+09 7.3743e+07
0.059 7.4401e+09 7.2566e+07
0.06 7.2694e+09 7.1413e+07
0.061 7.1546e+09 7.0282e+07
0.062 7.0146e+09 6.9174e+07
0.063 6.8266e+09 6.8087e+07
0.064 6.6715e+09 6.7022e+07
0.065 6.6088e+09 6.5977e+07
0.066 6.3432e+09 6.4952e+07
0.067 6.2218e+09 6.3948e+07
0.068 6.1496e+09 6.2962e+07
0.069 5.9448e+09 6.1996e+07
0.07 5.7523e+09 6.1049e+07
0.071 5.6274e+09 6.0119e+07
0.072 5.5017e+09 5.9208e+07
0.073 5.4597e+09 5.8315e+07
0.074 5.2395e+09 5.7439e+07
0.075 5.0871e+09 5.658e+07
0.076 4.9482e+09 5.5739e+07
0.077 4.9019e+09 5.4914e+07
0.078 4.6568e+09 5.4105e+07
0.079 4.5641e+09 5.3313e+07
0.08 4.5213e+09 5.2536e+07
0.081 4.392e+09 5.1776e+07
0.082 4.3464e+09 5.1031e+07
0.083 4.1307e+09 5.0301e+07
0.084 4.0602e+09 4.9586e+07
0.085 3.9397e+09 4.8887e+07
0.086 3.7837e+09 4.8202e+07
0.087 3.7938e+09 4.7532e+07
0.088 3.6426e+09 4.6877e+07
0.089 3.5278e+09 4.6235e+07
0.09 3.3965e+09 4.5608e+07
0.091 3.2935e+09 4.4994e+07
0.092 3.2451e+09 4.4395e+07
0.093 3.1529e+09 4.3808e+07
0.094 3.0708e+09 4.3235e+07
0.095 3.0064e+09 4.2675e+07
0.096 2.8716e+09 4.2129e+07
0.097 2.7571e+09 4.1595e+07
0.098 2.7218e+09 4.1073e+07
0.099 2.5518e+09 4.0564e+07
0.1 2.5661e+09 4.0067e+07
0.101 2.4712e+09 3.9582e+07
0.102 2.3854e+09 3.9109e+07
0.103 2.342e+09 3.8647e+07
0.104 2.3014e+09 3.8197e+07
0.105 2.1249e+09 3.7758e+07
0.106 2.1842e+09 3.733e+07
0.107 2.0575e+09 3.6913e+07
0.108 2.0195e+09 3.6507e+07
0.109 1.9391e+09 3.611e+07
0.11 1.8628e+09 3.5724e+07
0.111 1.8375e+09 3.5348e+07
0.112 1.8185e+09 3.4982e+07
0.113 1.6967e+09 3.4625e+07
0.114 1.6774e+09 3.4278e+07
0.115 1.5655e+09 3.3939e+07
0.116 1.612e+09 3.361e+07
0.117 1.5205e+09 3.3289e+07
0.118 1.5155e+09 3.2976e+07
0.119 1.4633e+09 3.2672e+07
0.12 1.4256e+09 3.2376e+07
0.121 1.3009e+09 3.2087e+07
0.122 1.313e+09 3.1806e+07
0.123 1.2839e+09 3.1533e+07
0.124 1.2927e+09 3.1267e+07
0.125 1.2036e+09 3.1007e+07
0.126 1.1588e+09 3.0754e+07
0.127 1.1904e+09 3.0508e+07
0.128 1.0923e+09 3.0268e+07
0.129 1.1002e+09 3.0034e+07
0.13 1.0958e+09 2.9806e+07
0.131 1.0763e+09 2.9584e+07
0.132 1.0364e+09 2.9368e+07
0.133 9.7097e+08 2.9156e+07
0.134 9.5848e+08 2.895e+07
0.135 9.7378e+08 2.8749e+07
0.136 9.6208e+08 2.8553e+07
0.137 9.4256e+08 2.8361e+07
0.138 8.7262e+08 2.8174e+07
0.139 8.4251e+08 2.7991e+07
0.14 8.1286e+08 2.7812e+07
0.141 8.2287e+08 2.7637e+07
0.142 8.3903e+08 2.7466e+07
0.143 7.6015e+08 2.7299e+07
0.144 7.7657e+08 2.7135e+07
0.145 7.7752e+08 2.6975e+07
0.146 7.5202e+08 2.6818e+07
0.147 7.0067e+08 2.6664e+07
0.148 7.051e+08 2.6513e+07
0.149 7.036e+08 2.6365e+07
0.15 6.5797e+08 2.622e+07
0.151 6.3117e+08 2.6078e+07
0.152 6.4279e+08 2.5939e+07
0.153 6.2184e+08 2.5801e+07
0.154 6.46e+08 2.5667e+07
0.155 5.9892e+08 2.5534e+07
0.156 5.6311e+08 2.5404e+07
0.157 5.8629e+08 2.5277e+07
0.158 5.7804e+08 2.5151e+07
0.159 5.7926e+08 2.5027e+07
0.16 5.1892e+08 2.4905e+07
0.161 5.1946e+08 2.4785e+07
0.162 5.2262e+08 2.4667e+07
0.163 4.9852e+08 2.4551e+07
0.164 5.1358e+08 2.4437e+07
0.165 5.2534e+08 2.4324e+07
0.166 4.6403e+08 2.4213e+07
0.167 4.6644e+08 2.4103e+07
0.168 4.4469e+08 2.3995e+07
0.169 4.5955e+08 2.3889e+07
0.17 4.6547e+08 2.3784e+07
0.171 4.4141e+08 2.368e+07
0.172 4.4385e+08 2.3578e+07
0.173 3.9296e+08 2.3478e+07
0.174 4.5601e+08 2.3378e+07
0.175 3.7327e+08 2.328e+07
0.176 4.001e+08 2.3183e+07
0.177 3.9191e+08 2.3088e+07
0.178 3.6665e+08 2.2993e+07
0.179 3.3487e+08 2.29e+07
0.18 3.2038e+08 2.2808e+07
0.181 3.1373e+08 2.2718e+07
0.182 3.6021e+08 2.2628e+07
0.183 2.8867e+08 2.254e+07
0.184 3.097e+08 2.2453e+07
0.185 3.5482e+08 2.2367e+07
0.186 3.0177e+08 2.2282e+07
0.187 3.1228e+08 2.2198e+07
0.188 3.2292e+08 2.2115e+07
0.189 3.2348e+08 2.2033e+07
0.19 2.5769e+08 2.1952e+07
0.191 3.5253e+08 2.1873e+07
0.192 2.9812e+08 2.1794e+07
0.193 2.9824e+08 2.1716e+07
0.194 2.3155e+08 2.164e+07
0.195 2.7916e+08 2.1564e+07
0.196 2.7275e+08 2.1489e+07
0.197 2.2231e+08 2.1416e+07
0.198 2.7231e+08 2.1343e+07
0.199 2.715e+08 2.1271e+07
0.2 2.9539e+08 2.12e+07
0.201 2.5133e+08 2.113e+07
0.202 2.5182e+08 2.1061e+07
0.203 2.1722e+08 2.0993e+07
0.204 2.3679e+08 2.0925e+07
0.205 2.1789e+08 2.0859e+07
0.206 1.6245e+08 2.0793e+07
0.207 2.0078e+08 2.0728e+07
0.208 1.9071e+08 2.0664e+07
0.209 2.2089e+08 2.0601e+07
0.21 1.8597e+08 2.0538e+07
0.211 2.464e+08 2.0477e+07
0.212 2.0822e+08 2.0416e+07
0.213 1.867e+08 2.0356e+07
0.214 1.87e+08 2.0296e+07
0.215 1.6559e+08 2.0237e+07
0.216 1.7653e+08 2.0179e+07
0.217 1.9244e+08 2.0122e+07
0.218 1.5754e+08 2.0065e+07
0.219 1.6981e+08 2.0009e+07
0.22 1.6544e+08 1.9954e+07
0.221 1.4796e+08 1.9899e+07
0.222 1.7394e+08 1.9845e+07
0.223 1.7297e+08 1.9791e+07
0.224 1.702e+08 1.9738e+07
0.225 1.8521e+08 1.9685e+07
0.226 1.5864e+08 1.9633e+07
0.227 1.4771e+08 1.9582e+07
0.228 1.4639e+08 1.9531e+07
0.229 1.5614e+08 1.9481e+07
0.23 1.3437e+08 1.9431e+07
0.231 1.4153e+08 1.9382e+07
0.232 1.2018e+08 1.9333e+07
0.233 1.1522e+08 1.9284e+07
0.234 1.6732e+08 1.9236e+07
0.235 1.4853e+08 1.9189e+07
0.236 1.0345e+08 1.9142e+07
0.237 1.0827e+08 1.9095e+07
0.238 1.1467e+08 1.9048e+07
0.239 9.3811e+07 1.9002e+07
0.24 1.198e+08 1.8957e+07
0.241 9.3732e+07 1.8912e+07
0.242 1.0307e+08 1.8867e+07
0.243 7.6182e+07 1.8822e+07
0.244 8.8352e+07 1.8778e+07
0.245 1.0232e+08 1.8734e+07
0.246 1.4148e+08 1.8691e+07
0.247 9.4562e+07 1.8648e+07
0.248 1.1878e+08 1.8605e+07
0.249 1.2665e+08 1.8562e+07
0.25 1.0419e+08 1.852e+07
0.251 1.0012e+08 1.8478e+07
0.252 1.0879e+08 1.8437e+07
0.253 1.1575e+08 1.8395e+07
0.254 8.9973e+07 1.8354e+07
0.255 1.0455e+08 1.8313e+07
0.256 1.0274e+08 1.8273e+07
0.257 1.1144e+08 1.8232e+07
0.258 8.0662e+07 1.8192e+07
0.259 5.3208e+07 1.8153e+07
0.26 7.2981e+07 1.8113e+07
0.261 1.0938e+08 1.8074e+07
0.262 5.1687e+07 1.8035e+07
0.263 8.083e+07 1.7996e+07
0.264 8.6398e+07 1.7958e+07
0.265 1.0731e+08 1.792e+07
0.266 6.7356e+07 1.7882e+07
0.267 7.4566e+07 1.7844e+07
0.268 8.7082e+07 1.7807e+07
0.269 5.825e+07 1.7769e+07
0.27 8.6882e+07 1.7732e+07
0.271 6.5514e+07 1.7696e+07
0.272 7.8264e+07 1.7659e+07
0.273 8.2401e+07 1.7623e+07
0.274 5.1762e+07 1.7587e+07
0.275 5.2747e+07 1.7551e+07
0.276 5.3212e+07 1.7516e+07
0.277 6.6338e+07 1.7481e+07
0.278 7.2617e+07 1.7446e+07
0.279 6.4073e+07 1.7411e+07
0.28 8.527e+07 1.7376e+07
0.281 7.0537e+07 1.7342e+07
0.282 4.8676e+07 1.7308e+07
0.283 6.315e+07 1.7274e+07
0.284 5.2698e+07 1.7241e+07
0.285 6.9693e+07 1.7207e+07
0.286 5.621e+07 1.7174e+07
0.287 7.9767e+07 1.7142e+07
0.288 7.6755e+07 1.7109e+07
0.289 5.8091e+07 1.7077e+07
0.29 6.4932e+07 1.7045e+07
0.291 4.1093e+07 1.7013e+07
0.292 5.7207e+07 1.6981e+07
0.293 5.9433e+07 1.695e+07
0.294 6.5533e+07 1.6919e+07
0.295 6.3627e+07 1.6888e+07
0.296 5.1792e+07 1.6857e+07
0.297 6.8119e+07 1.6826e+07
0.298 5.368e+07 1.6796e+07
0.299 6.8162e+07 1.6766e+07
0.3 5.9744e+07 1.6736e+07
0.301 5.8838e+07 1.6707e+07
0.302 3.7744e+07 1.6678e+07
0.303 4.1538e+07 1.6648e+07
0.304 6.5543e+07 1.662e+07
0.305 4.657e+07 1.6591e+07
0.306 1.5357e+07 1.6562e+07
0.307 4.5134e+07 1.6534e+07
0.308 4.7258e+07 1.6506e+07
0.309 5.7665e+07 1.6478e+07
0.31 4.4838e+07 1.645e+07
0.311 2.4159e+07 1.6423e+07
0.312 4.0908e+07 1.6396e+07
0.313 4.8914e+07 1.6369e+07
0.314 4.0051e+07 1.6342e+07
0.315 5.4231e+07 1.6315e+07
0.316 5.5763e+07 1.6288e+07
0.317 5.0978e+07 1.6262e+07
0.318 4.902e+07 1.6236e+07
0.319 3.8059e+07 1.621e+07
0.32 3.7745e+07 1.6184e+07
0.321 5.0649e+07 1.6158e+07
0.322 4.3722e+07 1.6133e+07
0.323 1.1717e+07 1.6107e+07
0.324 4.0066e+07 1.6082e+07
0.325 2.9835e+07 1.6057e+07
0.326 6.3059e+07 1.6032e+07
0.327 2.9503e+07 1.6007e+07
0.328 7.3412e+06 1.5982e+07
0.329 1.8637e+07 1.5958e+07
0.33 1.4983e+07 1.5934e+07
0.331 3.2044e+07 1.5909e+07
0.332 2.9203e+07 1.5885e+07
0.333 5.9298e+07 1.5861e+07
0.334 6.6679e+07 1.5837e+07
0.335 3.3583e+07 1.5813e+07
0.336 2.1951e+07 1.579e+07
0.337 5.329e+07 1.5766e+07
0.338 3.1245e+07 1.5743e+07
0.339 4.6057e+07 1.5719e+07
0.34 3.4987e+07 1.5696e+07
0.341 2.8344e+07 1.5673e+07
0.342 2.7367e+07 1.565e+07
0.343 3.691e+07 1.5627e+07
0.344 5.056e+07 1.5604e+07
0.345 3.8615e+07 1.5581e+07
0.346 3.1678e+07 1.5559e+07
0.347 4.5313e+07 1.5536e+07
0.348 2.1609e+07 1.5514e+07
0.349 2.4728e+07 1.5491e+07
0.35 1.8233e+07 1.5469e+07
0.351 6.18e+07 1.5447e+07
0.352 4.7683e+07 1.5425e+07
0.353 5.4852e+07 1.5403e+07
0.354 9.3603e+06 1.5381e+07
0.355 3.8451e+07 1.5359e+07
0.356 4.6205e+07 1.5337e+07
0.357 4.4155e+07 1.5315e+07
0.358 2.7904e+07 1.5294e+07
0.359 2.5013e+07 1.5272e+07
0.36 4.4752e+07 1.5251e+07
0.361 3.8939e+07 1.5229e+07
0.362 8.1981e+06 1.5208e+07
0.363 5.7428e+07 1.5187e+07
0.364 3.1232e+07 1.5166e+07
0.365 2.0491e+07 1.5145e+07
0.366 4.5302e+07 1.5124e+07
0.367 3.4675e+07 1.5103e+07
0.368 1.1406e+07 1.5082e+07
0.369 2.1525e+07 1.5062e+07
0.37 1.4666e+07 1.5041e+07
0.371 2.3663e+07 1.502e+07
0.372 4.814e+07 1.5e+07
0.373 3.2594e+07 1.498e+07
0.374 3.5597e+07 1.4959e+07
0.375 6.3214e+07 1.4939e+07
0.376 2.7192e+07 1.4919e+07
0.377 2.2263e+07 1.4899e+07
0.378 1.5274e+07 1.4879e+07
0.379 4.2404e+07 1.4859e+07
0.38 3.3711e+07 1.484e+07
0.381 3.4249e+07 1.482e+07
0.382 2.0673e+07 1.48e+07
0.383 5.8998e+07 1.4781e+07
0.384 5.0174e+07 1.4761e+07
0.385 4.7261e+07 1.4742e+07
0.386 2.8734e+07 1.4723e+07
0.387 2.9275e+07 1.4704e+07
0.388 2.0462e+07 1.4685e+07
0.389 3.6098e+07 1.4666e+07
0.39 1.1073e+07 1.4647e+07
0.391 1.2488e+07 1.4628e+07
0.392 5.1895e+07 1.4609e+07
0.393 4.9223e+07 1.4591e+07
0.394 4.2713e+07 1.4572e+07
0.395 3.2656e+07 1.4554e+07
0.396 2.9146e+07 1.4535e+07
0.397 2.9916e+07 1.4517e+07
0.398 4.3448e+07 1.4499e+07
0.399 1.6232e+07 1.4481e+07
0.4 7.1599e+07 1.4463e+07
0.401 5.1184e+07 1.4445e+07
0.402 2.1411e+07 1.4427e+07
0.403 5.0946e+07 1.4409e+07
0.404 4.6162e+07 1.4391e+07
0.405 2.8114e+07 1.4374e+07
0.406 4.3227e+07 1.4356e+07
0.407 2.9697e+07 1.4339e+07
0.408 3.1058e+07 1.4321e+07
0.409 2.7307e+07 1.4304e+07
0.41 4.248e+07 1.4287e+07
0.411 1.6151e+07 1.427e+07
0.412 1.6768e+07 1.4252e+07
0.413 3.2189e+07 1.4235e+07
0.414 3.8214e+07 1.4218e+07
0.415 2.5849e+07 1.4202e+07
0.416 4.0452e+07 1.4185e+07
0.417 4.3943e+07 1.4168e+07
0.418 4.4743e+07 1.4151e+07
0.419 1.1661e+07 1.4135e+07
0.42 3.4237e+07 1.4118e+07
0.421 4.1964e+07 1.4102e+07
0.422 3.6913e+07 1.4085e+07
0.423 4.7505e+06 1.4069e+07
0.424 5.9982e+07 1.4052e+07
0.425 3.8948e+07 1.4036e+07
0.426 3.4675e+07 1.402e+07
0.427 2.5288e+07 1.4004e+07
0.428 3.3994e+07 1.3988e+07
0.429 9.8654e+06 1.3971e+07
0.43 2.9749e+07 1.3955e+07
0.431 3.0626e+07 1.3939e+07
0.432 2.293e+07 1.3924e+07
0.433 4.9844e+07 1.3908e+07
0.434 7.1554e+07 1.3892e+07
0.435 5.3261e+07 1.3876e+07
0.436 1.9537e+07 1.386e+07
0.437 1.2249e+07 1.3845e+07
0.438 4.3575e+07 1.3829e+07
0.439 4.956e+07 1.3813e+07
0.44 6.0355e+07 1.3798e+07
0.441 6.1707e+07 1.3782e+07
0.442 4.9439e+07 1.3767e+07
0.443 3.4808e+07 1.3751e+07
0.444 4.3774e+07 1.3736e+07
0.445 3.0596e+07 1.372e+07
0.446 1.9983e+07 1.3705e+07
0.447 2.507e+07 1.369e+07
0.448 5.6293e+07 1.3675e+07
0.449 2.6672e+07 1.3659e+07
0.45 5.0517e+07 1.3644e+07
0.451 4.9244e+07 1.3629e+07
0.452 3.9706e+07 1.3614e+07
0.453 3.8955e+07 1.3599e+07
0.454 3.9403e+07 1.3584e+07
0.455 2.7152e+07 1.3569e+07
0.456 6.8931e+07 1.3554e+07
0.457 3.9803e+07 1.3539e+07
0.458 2.4626e+07 1.3524e+07
0.459 3.0734e+07 1.3509e+07
0.46 2.1952e+07 1.3494e+07
0.461 2.4888e+07 1.3479e+07
0.462 3.4916e+07 1.3464e+07
0.463 1.2454e+07 1.345e+07
0.464 6.7112e+07 1.3435e+07
0.465 4.6419e+07 1.342e+07
0.466 4.3847e+07 1.3406e+07
0.467 4.0141e+07 1.3391e+07
0.468 1.6337e+07 1.3377e+07
0.469 3.7208e+07 1.3362e+07
0.47 4.0772e+07 1.3348e+07
0.471 4.8221e+07 1.3333e+07
0.472 3.9767e+07 1.3319e+07
0.473 5.06e+07 1.3305e+07
0.474 1.8892e+07 1.329e+07
0.475 3.6656e+07 1.3276e+07
0.476 3.2691e+07 1.3262e+07
0.477 3.9741e+07 1.3248e+07
0.478 3.4501e+07 1.3233e+07
0.479 1.0888e+07 1.3219e+07
0.48 5.789e+07 1.3205e+07
0.481 2.116e+07 1.3191e+07
0.482 2.3765e+07 1.3177e+07
0.483 6.307e+07 1.3163e+07
0.484 2.2236e+07 1.3149e+07
0.485 3.7732e+07 1.3136e+07
0.486 1.797e+07 1.3122e+07
0.487 2.6067e+07 1.3108e+07
0.488 2.6117e+07 1.3094e+07
0.489 3.1119e+07 1.3081e+07
0.49 4.0273e+07 1.3067e+07
0.491 3.6599e+07 1.3054e+07
0.492 4.1244e+07 1.304e+07
0.493 1.5731e+07 1.3027e+07
0.494 2.615e+07 1.3013e+07
0.495 2.7529e+07 1.3e+07
0.496 2.5702e+07 1.2987e+07
0.497 2.4196e+07 1.2973e+07
0.498 3.6942e+07 1.296e+07
0.499 2.5382e+07 1.2947e+07
0.5 2.3892e+07 1.2934e+07
