0.001 1.0673e+10 5.8826e+08
0.002 1.1383e+10 4.1587e+08
0.003 1.0925e+10 3.3942e+08
0.004 1.1518e+10 2.9379e+08
0.005 1.1246e+10 2.6259e+08
0.006 1.0993e+10 2.3951e+08
0.007 1.1507e+10 2.2152e+08
0.008 1.1337e+10 2.0698e+08
0.009 1.1293e+10 1.9489e+08
0.01 1.1048e+10 1.8462e+08
0.011 1.1253e+10 1.7574e+08
0.012 1.0993e+10 1.6797e+08
0.013 1.1177e+10 1.6107e+08
0.014 1.0876e+10 1.5489e+08
0.015 1.0782e+10 1.4931e+08
0.016 1.0937e+10 1.4423e+08
0.017 1.0861e+10 1.3957e+08
0.018 1.067e+10 1.3528e+08
0.019 1.07e+10 1.313e+08
0.02 1.0802e+10 1.276e+08
0.021 1.0566e+10 1.2414e+08
0.022 1.0545e+10 1.2089e+08
0.023 1.0304e+10 1.1783e+08
0.024 1.0373e+10 1.1494e+08
0.025 1.0075e+10 1.122e+08
0.026 1.0043e+10 1.096e+08
0.027 1.0147e+10 1.0713e+08
0.028 9.8062e+09 1.0476e+08
0.029 9.7349e+09 1.0251e+08
0.03 9.6351e+09 1.0034e+08
0.031 9.6189e+09 9.8261e+07
0.032 9.4844e+09 9.6263e+07
0.033 9.3252e+09 9.4338e+07
0.034 9.1982e+09 9.2481e+07
0.035 9.0759e+09 9.0688e+07
0.036 8.8892e+09 8.8954e+07
0.037 8.9752e+09 8.7276e+07
0.038 8.9227e+09 8.5649e+07
0.039 8.622e+09 8.4071e+07
0.04 8.5261e+09 8.2539e+07
0.041 8.3561e+09 8.105e+07
0.042 8.4073e+09 7.9602e+07
0.043 8.2694e+09 7.8192e+07
0.044 8.0987e+09 7.6818e+07
0.045 7.7996e+09 7.548e+07
0.046 7.8319e+09 7.4174e+07
0.047 7.6103e+09 7.29e+07
0.048 7.601e+09 7.1656e+07
0.049 7.2817e+09 7.0441e+07
0.05 7.2389e+09 6.9254e+07
0.051 7.049e+09 6.8093e+07
0.052 6.9946e+09 6.6958e+07
0.053 6.7381e+09 6.5847e+07
0.054 6.6761e+09 6.476e+07
0.055 6.6352e+09 6.3696e+07
0.056 6.4681e+09 6.2654e+07
0.057 6.3255e+09 6.1633e+07
0.058 6.1412e+09 6.0634e+07
0.059 6.0895e+09 5.9654e+07
0.06 6.0263e+09 5.8695e+07
0.061 5.8262e+09 5.7754e+07
0.062 5.7075e+09 5.6833e+07
0.063 5.5249e+09 5.5929e+07
0.064 5.3948e+09 5.5044e+07
0.065 5.3644e+09 5.4176e+07
0.066 5.2379e+09 5.3325e+07
0.067 5.0159e+09 5.2491e+07
0.068 4.9004e+09 5.1673e+07
0.069 4.8011e+09 5.0871e+07
0.07 4.6886e+09 5.0085e+07
0.071 4.5678e+09 4.9315e+07
0.072 4.4735e+09 4.856e+07
0.073 4.4337e+09 4.782e+07
0.074 4.2221e+09 4.7095e+07
0.075 4.1769e+09 4.6385e+07
0.076 4.0008e+09 4.5689e+07
0.077 3.9622e+09 4.5007e+07
0.078 3.8553e+09 4.4339e+07
0.079 3.71e+09 4.3685e+07
0.08 3.6163e+09 4.3044e+07
0.081 3.5304e+09 4.2417e+07
0.082 3.4627e+09 4.1803e+07
0.083 3.3038e+09 4.1202e+07
0.084 3.1949e+09 4.0614e+07
0.085 3.1382e+09 4.0039e+07
0.086 3.1208e+09 3.9477e+07
0.087 2.9777e+09 3.8927e+07
0.088 2.9015e+09 3.8389e+07
0.089 2.8009e+09 3.7863e+07
0.09 2.7427e+09 3.7349e+07
0.091 2.6611e+09 3.6847e+07
0.092 2.5784e+09 3.6357e+07
0.093 2.4781e+09 3.5878e+07
0.094 2.4187e+09 3.541e+07
0.095 2.4274e+09 3.4953e+07
0.096 2.2873e+09 3.4507e+07
0.097 2.2636e+09 3.4072e+07
0.098 2.1412e+09 3.3648e+07
0.099 2.0776e+09 3.3234e+07
0.1 2.0844e+09 3.2831e+07
0.101 1.9708e+09 3.2437e+07
0.102 1.9361e+09 3.2054e+07
0.103 1.8404e+09 3.168e+07
0.104 1.7666e+09 3.1316e+07
0.105 1.7485e+09 3.0961e+07
0.106 1.7291e+09 3.0615e+07
0.107 1.6679e+09 3.0278e+07
0.108 1.5723e+09 2.995e+07
0.109 1.5755e+09 2.9631e+07
0.11 1.5472e+09 2.932e+07
0.111 1.5163e+09 2.9017e+07
0.112 1.4917e+09 2.8723e+07
0.113 1.3298e+09 2.8436e+07
0.114 1.3713e+09 2.8157e+07
0.115 1.2681e+09 2.7885e+07
0.116 1.3014e+09 2.7621e+07
0.117 1.3192e+09 2.7364e+07
0.118 1.198e+09 2.7113e+07
0.119 1.1864e+09 2.6869e+07
0.12 1.0718e+09 2.6632e+07
0.121 1.0954e+09 2.6401e+07
0.122 1.0755e+09 2.6176e+07
0.123 1.0805e+09 2.5957e+07
0.124 1.0294e+09 2.5744e+07
0.125 9.9359e+08 2.5536e+07
0.126 9.5895e+08 2.5334e+07
0.127 9.3867e+08 2.5136e+07
0.128 9.3658e+08 2.4944e+07
0.129 8.7772e+08 2.4757e+07
0.13 8.9295e+08 2.4574e+07
0.131 8.1561e+08 2.4396e+07
0.132 8.5367e+08 2.4222e+07
0.133 8.2153e+08 2.4052e+07
0.134 8.1499e+08 2.3887e+07
0.135 8.1063e+08 2.3725e+07
0.136 7.8974e+08 2.3567e+07
0.137 7.8227e+08 2.3412e+07
0.138 7.3835e+08 2.3261e+07
0.139 7.0939e+08 2.3114e+07
0.14 7.1861e+08 2.2969e+07
0.141 6.771e+08 2.2827e+07
0.142 6.6589e+08 2.2689e+07
0.143 6.7031e+08 2.2553e+07
0.144 6.4209e+08 2.242e+07
0.145 6.1098e+08 2.2289e+07
0.146 6.2536e+08 2.2161e+07
0.147 5.8638e+08 2.2036e+07
0.148 5.6599e+08 2.1913e+07
0.149 5.746e+08 2.1792e+07
0.15 5.5001e+08 2.1673e+07
0.151 5.2187e+08 2.1556e+07
0.152 5.5406e+08 2.1441e+07
0.153 5.0373e+08 2.1328e+07
0.154 4.8095e+08 2.1216e+07
0.155 5.2157e+08 2.1107e+07
0.156 4.817e+08 2.0999e+07
0.157 5.0904e+08 2.0893e+07
0.158 5.0793e+08 2.0789e+07
0.159 4.559e+08 2.0686e+07
0.16 4.4679e+08 2.0584e+07
0.161 4.4764e+08 2.0484e+07
0.162 4.5259e+08 2.0385e+07
0.163 4.5884e+08 2.0288e+07
0.164 4.2465e+08 2.0192e+07
0.165 4.2635e+08 2.0098e+07
0.166 3.9298e+08 2.0004e+07
0.167 4.0501e+08 1.9912e+07
0.168 4.1912e+08 1.9821e+07
0.169 3.7382e+08 1.9731e+07
0.17 3.4965e+08 1.9643e+07
0.171 4.0237e+08 1.9555e+07
0.172 3.8722e+08 1.9469e+07
0.173 3.7305e+08 1.9384e+07
0.174 3.4561e+08 1.9299e+07
0.175 3.2011e+08 1.9216e+07
0.176 3.1954e+08 1.9134e+07
0.177 3.4748e+08 1.9053e+07
0.178 3.2475e+08 1.8973e+07
0.179 3.131e+08 1.8894e+07
0.18 2.8621e+08 1.8816e+07
0.181 2.9039e+08 1.8739e+07
0.182 2.9592e+08 1.8663e+07
0.183 2.748e+08 1.8588e+07
0.184 2.716e+08 1.8514e+07
0.185 2.9141e+08 1.8441e+07
0.186 2.7134e+08 1.8368e+07
0.187 2.9306e+08 1.8297e+07
0.188 2.4845e+08 1.8227e+07
0.189 2.1998e+08 1.8158e+07
0.19 2.6522e+08 1.8089e+07
0.191 2.3376e+08 1.8021e+07
0.192 2.2227e+08 1.7955e+07
0.193 2.4534e+08 1.7889e+07
0.194 2.3453e+08 1.7824e+07
0.195 2.0224e+08 1.776e+07
0.196 1.9687e+08 1.7697e+07
0.197 2.15e+08 1.7635e+07
0.198 1.8752e+08 1.7573e+07
0.199 1.8644e+08 1.7512e+07
0.2 2.0022e+08 1.7453e+07
0.201 1.7692e+08 1.7394e+07
0.202 1.5793e+08 1.7336e+07
0.203 1.589e+08 1.7278e+07
0.204 1.693e+08 1.7222e+07
0.205 1.9073e+08 1.7166e+07
0.206 1.8009e+08 1.7111e+07
0.207 1.6476e+08 1.7056e+07
0.208 1.3579e+08 1.7003e+07
0.209 1.6049e+08 1.695e+07
0.21 1.5501e+08 1.6898e+07
0.211 1.7015e+08 1.6846e+07
0.212 1.7514e+08 1.6796e+07
0.213 1.5314e+08 1.6745e+07
0.214 1.598e+08 1.6696e+07
0.215 1.3103e+08 1.6647e+07
0.216 1.4014e+08 1.6599e+07
0.217 1.241e+08 1.6551e+07
0.218 1.2745e+08 1.6504e+07
0.219 1.1854e+08 1.6458e+07
0.22 1.2323e+08 1.6412e+07
0.221 1.3112e+08 1.6367e+07
0.222 1.3352e+08 1.6322e+07
0.223 9.1307e+07 1.6278e+07
0.224 9.702e+07 1.6234e+07
0.225 1.4007e+08 1.6191e+07
0.226 1.2323e+08 1.6149e+07
0.227 1.332e+08 1.6106e+07
0.228 8.7844e+07 1.6065e+07
0.229 1.1691e+08 1.6023e+07
0.23 1.1468e+08 1.5982e+07
0.231 9.1195e+07 1.5942e+07
0.232 1.1126e+08 1.5902e+07
0.233 1.053e+08 1.5862e+07
0.234 1.1575e+08 1.5823e+07
0.235 1.2139e+08 1.5784e+07
0.236 1.1677e+08 1.5746e+07
0.237 7.7066e+07 1.5707e+07
0.238 1.0177e+08 1.5669e+07
0.239 1.0619e+08 1.5632e+07
0.24 7.5854e+07 1.5595e+07
0.241 7.3344e+07 1.5558e+07
0.242 7.4681e+07 1.5521e+07
0.243 9.5709e+07 1.5485e+07
0.244 7.734e+07 1.5449e+07
0.245 7.1945e+07 1.5413e+07
0.246 7.8067e+07 1.5378e+07
0.247 9.3393e+07 1.5342e+07
0.248 7.4882e+07 1.5307e+07
0.249 8.4671e+07 1.5273e+07
0.25 9.3874e+07 1.5238e+07
0.251 7.5506e+07 1.5204e+07
0.252 8.0472e+07 1.517e+07
0.253 5.5938e+07 1.5136e+07
0.254 9.0585e+07 1.5102e+07
0.255 8.0136e+07 1.5069e+07
0.256 8.3574e+07 1.5036e+07
0.257 7.1524e+07 1.5003e+07
0.258 6.1394e+07 1.497e+07
0.259 6.8737e+07 1.4938e+07
0.26 6.9505e+07 1.4905e+07
0.261 8.2719e+07 1.4873e+07
0.262 6.4787e+07 1.4841e+07
0.263 2.5634e+07 1.481e+07
0.264 6.0803e+07 1.4778e+07
0.265 8.0802e+07 1.4747e+07
0.266 5.9693e+07 1.4716e+07
0.267 5.5915e+07 1.4685e+07
0.268 4.0289e+07 1.4654e+07
0.269 2.9011e+07 1.4624e+07
0.27 6.7658e+07 1.4593e+07
0.271 4.7952e+07 1.4563e+07
0.272 5.1968e+07 1.4533e+07
0.273 4.5766e+07 1.4503e+07
0.274 4.6173e+07 1.4474e+07
0.275 5.4446e+07 1.4444e+07
0.276 6.625e+07 1.4415e+07
0.277 7.9147e+07 1.4386e+07
0.278 5.3997e+07 1.4357e+07
0.279 5.4485e+07 1.4329e+07
0.28 5.6898e+07 1.43e+07
0.281 4.5461e+07 1.4272e+07
0.282 7.3315e+07 1.4244e+07
0.283 3.3369e+07 1.4216e+07
0.284 5.5464e+07 1.4188e+07
0.285 4.9385e+07 1.4161e+07
0.286 2.738e+07 1.4134e+07
0.287 4.576e+07 1.4107e+07
0.288 6.913e+07 1.408e+07
0.289 4.7981e+07 1.4053e+07
0.29 5.7823e+07 1.4027e+07
0.291 4.7831e+07 1.4001e+07
0.292 3.773e+07 1.3974e+07
0.293 4.4952e+07 1.3949e+07
0.294 3.3379e+07 1.3923e+07
0.295 2.1123e+07 1.3897e+07
0.296 5.9477e+07 1.3872e+07
0.297 6.0015e+07 1.3847e+07
0.298 5.6875e+07 1.3822e+07
0.299 3.2792e+07 1.3797e+07
0.3 3.2643e+07 1.3773e+07
0.301 2.8658e+07 1.3748e+07
0.302 3.1054e+07 1.3724e+07
0.303 4.583e+07 1.37e+07
0.304 5.0169e+07 1.3676e+07
0.305 4.1342e+07 1.3653e+07
0.306 5.9854e+07 1.3629e+07
0.307 4.6778e+07 1.3606e+07
0.308 2.987e+07 1.3583e+07
0.309 5.3188e+07 1.356e+07
0.31 2.1653e+07 1.3537e+07
0.311 5.2097e+07 1.3514e+07
0.312 4.8731e+07 1.3492e+07
0.313 2.301e+07 1.347e+07
0.314 5.1652e+07 1.3447e+07
0.315 2.8687e+07 1.3425e+07
0.316 5.3446e+07 1.3403e+07
0.317 3.9405e+07 1.3382e+07
0.318 4.1392e+07 1.336e+07
0.319 1.9338e+07 1.3339e+07
0.32 3.2665e+07 1.3317e+07
0.321 2.7535e+07 1.3296e+07
0.322 -2.4783e+06 1.3275e+07
0.323 9.1784e+06 1.3254e+07
0.324 1.9412e+07 1.3234e+07
0.325 3.4475e+07 1.3213e+07
0.326 2.6379e+07 1.3192e+07
0.327 2.8564e+07 1.3172e+07
0.328 1.9889e+07 1.3152e+07
0.329 3.3883e+07 1.3131e+07
0.33 2.4221e+07 1.3111e+07
0.331 3.5389e+07 1.3091e+07
0.332 4.2576e+07 1.3071e+07
0.333 1.9141e+07 1.3052e+07
0.334 3.0488e+07 1.3032e+07
0.335 3.4758e+07 1.3012e+07
0.336 5.8911e+07 1.2993e+07
0.337 2.5157e+07 1.2974e+07
0.338 2.798e+07 1.2954e+07
0.339 3.8609e+07 1.2935e+07
0.34 1.9228e+07 1.2916e+07
0.341 3.9688e+07 1.2897e+07
0.342 1.2642e+07 1.2878e+07
0.343 8.1251e+06 1.2859e+07
0.344 3.9906e+07 1.284e+07
0.345 3.796e+07 1.2822e+07
0.346 2.986e+07 1.2803e+07
0.347 5.223e+06 1.2784e+07
0.348 7.4423e+07 1.2766e+07
0.349 2.9953e+07 1.2748e+07
0.35 3.6872e+07 1.2729e+07
0.351 2.4264e+07 1.2711e+07
0.352 3.8605e+07 1.2693e+07
0.353 1.3663e+07 1.2675e+07
0.354 2.7865e+07 1.2657e+07
0.355 2.6358e+06 1.2639e+07
0.356 2.1258e+07 1.2621e+07
0.357 1.0515e+07 1.2603e+07
0.358 3.8973e+07 1.2585e+07
0.359 9.5902e+06 1.2567e+07
0.36 3.1391e+07 1.255e+07
0.361 1.8733e+07 1.2532e+07
0.362 3.6204e+07 1.2515e+07
0.363 7.275e+06 1.2497e+07
0.364 4.4299e+07 1.248e+07
0.365 4.0943e+07 1.2463e+07
0.366 3.357e+07 1.2445e+07
0.367 1.4498e+07 1.2428e+07
0.368 1.503e+07 1.2411e+07
0.369 2.1922e+07 1.2394e+07
0.37 2.5771e+07 1.2377e+07
0.371 2.0083e+07 1.2361e+07
0.372 1.6596e+07 1.2344e+07
0.373 2.8747e+07 1.2327e+07
0.374 2.4794e+07 1.231e+07
0.375 1.5461e+07 1.2294e+07
0.376 4.8181e+07 1.2277e+07
0.377 3.8585e+07 1.2261e+07
0.378 2.0826e+07 1.2245e+07
0.379 2.3733e+07 1.2228e+07
0.38 3.0342e+07 1.2212e+07
0.381 4.7595e+07 1.2196e+07
0.382 3.2756e+07 1.218e+07
0.383 1.7022e+07 1.2164e+07
0.384 7.8065e+06 1.2148e+07
0.385 2.0718e+07 1.2132e+07
0.386 6.835e+06 1.2116e+07
0.387 5.2212e+06 1.2101e+07
0.388 4.6536e+07 1.2085e+07
0.389 5.8681e+07 1.207e+07
0.39 3.7103e+07 1.2054e+07
0.391 1.1967e+07 1.2039e+07
0.392 3.0025e+07 1.2023e+07
0.393 8.1915e+06 1.2008e+07
0.394 3.1013e+07 1.1993e+07
0.395 3.2975e+07 1.1978e+07
0.396 1.7752e+07 1.1963e+07
0.397 2.326e+07 1.1948e+07
0.398 3.9164e+07 1.1933e+07
0.399 1.5642e+07 1.1918e+07
0.4 3.5074e+07 1.1903e+07
0.401 2.8251e+07 1.1889e+07
0.402 2.414e+07 1.1874e+07
0.403 4.5738e+07 1.186e+07
0.404 1.6055e+07 1.1845e+07
0.405 1.532e+07 1.1831e+07
0.406 1.5996e+07 1.1816e+07
0.407 3.9227e+07 1.1802e+07
0.408 3.7349e+07 1.1788e+07
0.409 1.7007e+07 1.1774e+07
0.41 9.1186e+06 1.176e+07
0.411 2.8911e+07 1.1745e+07
0.412 4.3282e+07 1.1732e+07
0.413 5.2112e+07 1.1718e+07
0.414 1.1645e+07 1.1704e+07
0.415 3.6328e+07 1.169e+07
0.416 3.7209e+07 1.1676e+07
0.417 2.3339e+07 1.1662e+07
0.418 7.6156e+06 1.1649e+07
0.419 2.2528e+07 1.1635e+07
0.42 4.0176e+07 1.1622e+07
0.421 2.1513e+07 1.1608e+07
0.422 3.4678e+07 1.1595e+07
0.423 2.6562e+07 1.1581e+07
0.424 2.213e+07 1.1568e+07
0.425 3.6797e+07 1.1555e+07
0.426 2.6905e+07 1.1541e+07
0.427 3.0208e+06 1.1528e+07
0.428 2.4289e+07 1.1515e+07
0.429 3.3002e+07 1.1502e+07
0.43 3.4947e+07 1.1489e+07
0.431 4.6851e+07 1.1475e+07
0.432 2.1258e+07 1.1462e+07
0.433 3.5235e+07 1.1449e+07
0.434 3.0795e+07 1.1436e+07
0.435 1.6383e+07 1.1423e+07
0.436 5.0968e+07 1.1411e+07
0.437 2.619e+07 1.1398e+07
0.438 1.416e+07 1.1385e+07
0.439 2.4513e+07 1.1372e+07
0.44 1.8594e+07 1.1359e+07
0.441 2.6346e+07 1.1347e+07
0.442 2.2074e+07 1.1334e+07
0.443 3.9087e+07 1.1321e+07
0.444 1.0525e+07 1.1308e+07
0.445 2.816e+07 1.1296e+07
0.446 2.5614e+07 1.1283e+07
0.447 3.1745e+07 1.1271e+07
0.448 1.8627e+07 1.1258e+07
0.449 1.3873e+07 1.1246e+07
0.45 3.1592e+07 1.1233e+07
0.451 3.085e+07 1.1221e+07
0.452 2.2931e+07 1.1208e+07
0.453 5.2536e+05 1.1196e+07
0.454 3.6776e+07 1.1183e+07
0.455 2.3134e+07 1.1171e+07
0.456 1.1971e+07 1.1159e+07
0.457 2.9012e+07 1.1146e+07
0.458 3.3683e+07 1.1134e+07
0.459 4.5322e+07 1.1122e+07
0.46 4.3083e+07 1.111e+07
0.461 3.1096e+07 1.1097e+07
0.462 4.2648e+07 1.1085e+07
0.463 4.8631e+07 1.1073e+07
0.464 3.6026e+07 1.1061e+07
0.465 3.8698e+07 1.1049e+07
0.466 2.3227e+07 1.1037e+07
0.467 3.2275e+07 1.1025e+07
0.468 1.4176e+07 1.1013e+07
0.469 1.5766e+07 1.1001e+07
0.47 1.4821e+07 1.0989e+07
0.471 4.4297e+07 1.0977e+07
0.472 4.8525e+07 1.0965e+07
0.473 2.2077e+07 1.0953e+07
0.474 9.1057e+06 1.0942e+07
0.475 3.9847e+07 1.093e+07
0.476 1.6588e+07 1.0918e+07
0.477 3.187e+07 1.0906e+07
0.478 3.0795e+07 1.0895e+07
0.479 4.2553e+07 1.0883e+07
0.48 2.937e+07 1.0871e+07
0.481 2.5102e+07 1.086e+07
0.482 4.3464e+07 1.0848e+07
0.483 2.4877e+07 1.0837e+07
0.484 3.4561e+07 1.0826e+07
0.485 3.4802e+07 1.0814e+07
0.486 3.981e+07 1.0803e+07
0.487 2.5825e+07 1.0791e+07
0.488 2.2265e+07 1.078e+07
0.489 1.6638e+07 1.0769e+07
0.49 2.5372e+07 1.0758e+07
0.491 3.4201e+07 1.0747e+07
0.492 1.9931e+07 1.0735e+07
0.493 1.2952e+07 1.0724e+07
0.494 2.0459e+07 1.0713e+07
0.495 1.0436e+07 1.0702e+07
0.496 8.7588e+06 1.0691e+07
0.497 2.7079e+07 1.068e+07
0.498 3.305e+07 1.067e+07
0.499 3.1966e+07 1.0659e+07
0.5 2.0117e+07 1.0648e+07
