0.001 3.9277e+09 7.8553e+07
0.002 4.0789e+09 8.1578e+07
0.003 4.0215e+09 8.0431e+07
0.004 3.8996e+09 7.7992e+07
0.005 3.8409e+09 7.6817e+07
0.006 3.8004e+09 7.6008e+07
0.007 3.93e+09 7.86e+07
0.008 3.8779e+09 7.7558e+07
0.009 3.8949e+09 7.7899e+07
0.01 3.879e+09 7.758e+07
0.011 3.8594e+09 7.7189e+07
0.012 3.7586e+09 7.5171e+07
0.013 3.6501e+09 7.3003e+07
0.014 3.8435e+09 7.6871e+07
0.015 3.7702e+09 7.5404e+07
0.016 3.7261e+09 7.4522e+07
0.017 3.683e+09 7.3659e+07
0.018 3.7249e+09 7.4498e+07
0.019 3.6408e+09 7.2816e+07
0.02 3.6375e+09 7.2751e+07
0.021 3.5196e+09 7.0392e+07
0.022 3.5394e+09 7.0788e+07
0.023 3.6067e+09 7.2135e+07
0.024 3.5562e+09 7.1124e+07
0.025 3.4533e+09 6.9066e+07
0.026 3.4717e+09 6.9434e+07
0.027 3.4213e+09 6.8425e+07
0.028 3.3748e+09 6.7496e+07
0.029 3.4057e+09 6.8114e+07
0.03 3.3542e+09 6.7085e+07
0.031 3.3091e+09 6.6182e+07
0.032 3.3231e+09 6.6462e+07
0.033 3.2507e+09 6.5013e+07
0.034 3.2383e+09 6.4766e+07
0.035 3.2073e+09 6.4147e+07
0.036 3.1421e+09 6.2842e+07
0.037 3.0762e+09 6.1524e+07
0.038 3.0618e+09 6.1237e+07
0.039 2.9823e+09 5.9646e+07
0.04 3.0267e+09 6.0534e+07
0.041 2.9938e+09 5.9877e+07
0.042 2.9309e+09 5.8618e+07
0.043 2.8725e+09 5.745e+07
0.044 2.8362e+09 5.6724e+07
0.045 2.8244e+09 5.6489e+07
0.046 2.7876e+09 5.5752e+07
0.047 2.7626e+09 5.5253e+07
0.048 2.703e+09 5.4059e+07
0.049 2.7461e+09 5.4922e+07
0.05 2.6743e+09 5.3486e+07
0.051 2.5964e+09 5.1928e+07
0.052 2.5208e+09 5.0415e+07
0.053 2.5364e+09 5.0728e+07
0.054 2.4283e+09 4.8566e+07
0.055 2.4435e+09 4.8869e+07
0.056 2.368e+09 4.7361e+07
0.057 2.373e+09 4.746e+07
0.058 2.3161e+09 4.6323e+07
0.059 2.3142e+09 4.6285e+07
0.06 2.2201e+09 4.4402e+07
0.061 2.1958e+09 4.3916e+07
0.062 2.1552e+09 4.3104e+07
0.063 2.132e+09 4.264e+07
0.064 2.1039e+09 4.2079e+07
0.065 2.0698e+09 4.1396e+07
0.066 1.9955e+09 3.9911e+07
0.067 1.9593e+09 3.9187e+07
0.068 1.9134e+09 3.8268e+07
0.069 1.8977e+09 3.7955e+07
0.07 1.8395e+09 3.679e+07
0.071 1.8076e+09 3.6152e+07
0.072 1.7857e+09 3.5715e+07
0.073 1.7388e+09 3.4776e+07
0.074 1.7101e+09 3.4202e+07
0.075 1.6803e+09 3.3606e+07
0.076 1.6232e+09 3.2464e+07
0.077 1.621e+09 3.242e+07
0.078 1.5912e+09 3.1824e+07
0.079 1.5625e+09 3.1249e+07
0.08 1.4772e+09 2.9545e+07
0.081 1.513e+09 3.0259e+07
0.082 1.4769e+09 2.9537e+07
0.083 1.4433e+09 2.8866e+07
0.084 1.398e+09 2.7959e+07
0.085 1.366e+09 2.732e+07
0.086 1.3434e+09 2.6867e+07
0.087 1.2795e+09 2.5591e+07
0.088 1.2867e+09 2.5735e+07
0.089 1.2713e+09 2.5426e+07
0.09 1.228e+09 2.4559e+07
0.091 1.1871e+09 2.3741e+07
0.092 1.1562e+09 2.3124e+07
0.093 1.1382e+09 2.2765e+07
0.094 1.1053e+09 2.2106e+07
0.095 1.1233e+09 2.2466e+07
0.096 1.0686e+09 2.1373e+07
0.097 1.0234e+09 2.0467e+07
0.098 1.0296e+09 2.0592e+07
0.099 1.0265e+09 2.0529e+07
0.1 9.8562e+08 1.9712e+07
0.101 9.5906e+08 1.9181e+07
0.102 9.2124e+08 1.8425e+07
0.103 9.0318e+08 1.8064e+07
0.104 8.772e+08 1.7544e+07
0.105 8.7013e+08 1.7403e+07
0.106 8.5783e+08 1.7157e+07
0.107 8.3785e+08 1.6757e+07
0.108 8.0026e+08 1.6005e+07
0.109 7.9825e+08 1.5965e+07
0.11 7.5536e+08 1.5107e+07
0.111 7.496e+08 1.4992e+07
0.112 7.4685e+08 1.4937e+07
0.113 7.2371e+08 1.4474e+07
0.114 6.8945e+08 1.3789e+07
0.115 6.7615e+08 1.3523e+07
0.116 6.673e+08 1.3346e+07
0.117 6.5196e+08 1.3039e+07
0.118 6.4088e+08 1.2818e+07
0.119 6.4782e+08 1.2956e+07
0.12 5.9489e+08 1.1898e+07
0.121 5.8434e+08 1.1687e+07
0.122 5.9799e+08 1.196e+07
0.123 5.7113e+08 1.1423e+07
0.124 5.4647e+08 1.0929e+07
0.125 5.3128e+08 1.0626e+07
0.126 5.3444e+08 1.0689e+07
0.127 5.1032e+08 1.0206e+07
0.128 4.9476e+08 9.8952e+06
0.129 4.81e+08 9.6201e+06
0.13 4.827e+08 9.6539e+06
0.131 4.6002e+08 9.2004e+06
0.132 4.5702e+08 9.1403e+06
0.133 4.3735e+08 8.747e+06
0.134 4.2267e+08 8.4534e+06
0.135 4.0419e+08 8.0838e+06
0.136 4.2694e+08 8.5387e+06
0.137 4.0028e+08 8.0055e+06
0.138 3.7807e+08 7.5613e+06
0.139 3.6637e+08 7.3274e+06
0.14 3.7465e+08 7.4929e+06
0.141 3.4214e+08 6.8429e+06
0.142 3.409e+08 6.818e+06
0.143 3.3033e+08 6.6066e+06
0.144 3.23e+08 6.46e+06
0.145 3.2765e+08 6.5531e+06
0.146 3.0745e+08 6.1491e+06
0.147 3.0345e+08 6.0691e+06
0.148 2.9134e+08 5.8269e+06
0.149 2.8476e+08 5.6952e+06
0.15 2.7979e+08 5.5958e+06
0.151 2.7288e+08 5.4575e+06
0.152 2.6289e+08 5.2577e+06
0.153 2.51e+08 5.0201e+06
0.154 2.4058e+08 4.8115e+06
0.155 2.3674e+08 4.7348e+06
0.156 2.3137e+08 4.6273e+06
0.157 2.2778e+08 4.5556e+06
0.158 2.1688e+08 4.3377e+06
0.159 2.1836e+08 4.3673e+06
0.16 2.2024e+08 4.4047e+06
0.161 1.9749e+08 3.9498e+06
0.162 2.0048e+08 4.0095e+06
0.163 1.9205e+08 3.8409e+06
0.164 1.854e+08 3.708e+06
0.165 1.7282e+08 3.4565e+06
0.166 1.7115e+08 3.4229e+06
0.167 1.6075e+08 3.215e+06
0.168 1.5781e+08 3.1562e+06
0.169 1.6424e+08 3.2847e+06
0.17 1.5964e+08 3.1929e+06
0.171 1.6098e+08 3.2196e+06
0.172 1.5588e+08 3.1177e+06
0.173 1.4452e+08 2.8904e+06
0.174 1.415e+08 2.8299e+06
0.175 1.33e+08 2.6601e+06
0.176 1.3405e+08 2.681e+06
0.177 1.2603e+08 2.5206e+06
0.178 1.1905e+08 2.381e+06
0.179 1.1682e+08 2.3364e+06
0.18 1.1578e+08 2.3156e+06
0.181 1.0503e+08 2.1006e+06
0.182 1.042e+08 2.0839e+06
0.183 9.7551e+07 1.951e+06
0.184 1.1252e+08 2.2503e+06
0.185 9.9284e+07 1.9857e+06
0.186 9.0396e+07 1.8079e+06
0.187 8.5136e+07 1.7027e+06
0.188 8.5362e+07 1.7072e+06
0.189 9.4738e+07 1.8948e+06
0.19 8.4695e+07 1.6939e+06
0.191 7.6633e+07 1.5327e+06
0.192 8.0252e+07 1.605e+06
0.193 7.2525e+07 1.4505e+06
0.194 8.5535e+07 1.7107e+06
0.195 7.5033e+07 1.5007e+06
0.196 6.6746e+07 1.3349e+06
0.197 6.2235e+07 1.2447e+06
0.198 6.1976e+07 1.2395e+06
0.199 5.8625e+07 1.1725e+06
0.2 6.4696e+07 1.2939e+06
0.201 6.544e+07 1.3088e+06
0.202 5.9497e+07 1.1899e+06
0.203 5.3557e+07 1.0711e+06
0.204 5.1304e+07 1.0261e+06
0.205 5.7456e+07 1.1491e+06
0.206 4.4027e+07 8.8053e+05
0.207 4.4779e+07 8.9557e+05
0.208 5.663e+07 1.1326e+06
0.209 4.5921e+07 9.1841e+05
0.21 4.2231e+07 8.4462e+05
0.211 4.8486e+07 9.6973e+05
0.212 4.3635e+07 8.727e+05
0.213 5.4067e+07 1.0813e+06
0.214 4.5467e+07 9.0933e+05
0.215 5.0013e+07 1.0003e+06
0.216 3.7431e+07 7.4863e+05
0.217 4.1038e+07 8.2076e+05
0.218 4.0667e+07 8.1335e+05
0.219 3.1697e+07 6.3395e+05
0.22 3.7163e+07 7.4326e+05
0.221 3.7124e+07 7.4247e+05
0.222 4.3243e+07 8.6487e+05
0.223 4.0989e+07 8.1977e+05
0.224 4.1561e+07 8.3123e+05
0.225 3.3195e+07 6.6391e+05
0.226 3.2914e+07 6.5829e+05
0.227 3.019e+07 6.0381e+05
0.228 3.1288e+07 6.2575e+05
0.229 3.0556e+07 6.1112e+05
0.23 2.957e+07 5.914e+05
0.231 2.6331e+07 5.2663e+05
0.232 2.572e+07 5.144e+05
0.233 1.8371e+07 3.6743e+05
0.234 3.0066e+07 6.0131e+05
0.235 2.0701e+07 4.1403e+05
0.236 2.4282e+07 4.8564e+05
0.237 3.1504e+07 6.3009e+05
0.238 2.9674e+07 5.9347e+05
0.239 3.2967e+07 6.5934e+05
0.24 2.8856e+07 5.7712e+05
0.241 2.0405e+07 4.081e+05
0.242 2.8882e+07 5.7765e+05
0.243 1.9982e+07 3.9964e+05
0.244 2.9599e+07 5.9199e+05
0.245 2.3301e+07 4.6602e+05
0.246 2.6013e+07 5.2026e+05
0.247 1.9127e+07 3.8254e+05
0.248 2.4329e+07 4.8657e+05
0.249 3.1311e+07 6.2621e+05
0.25 2.0194e+07 4.0389e+05
0.251 3.0629e+07 6.1258e+05
0.252 2.35e+07 4.6999e+05
0.253 2.2217e+07 4.4434e+05
0.254 2.2259e+07 4.4517e+05
0.255 1.7465e+07 3.493e+05
0.256 1.9657e+07 3.9314e+05
0.257 2.4464e+07 4.8929e+05
0.258 3.1505e+07 6.301e+05
0.259 2.5145e+07 5.0291e+05
0.26 2.9639e+07 5.9278e+05
0.261 2.5251e+07 5.0501e+05
0.262 1.857e+07 3.714e+05
0.263 2.6485e+07 5.297e+05
0.264 2.3432e+07 4.6864e+05
0.265 2.5709e+07 5.1417e+05
0.266 2.9302e+07 5.8603e+05
0.267 2.1959e+07 4.3918e+05
0.268 2.4958e+07 4.9915e+05
0.269 2.1638e+07 4.3277e+05
0.27 3.098e+07 6.196e+05
0.271 2.1995e+07 4.399e+05
0.272 2.2963e+07 4.5927e+05
0.273 1.7327e+07 3.4655e+05
0.274 2.1708e+07 4.3416e+05
0.275 3.0859e+07 6.1717e+05
0.276 2.847e+07 5.694e+05
0.277 3.045e+07 6.09e+05
0.278 2.0587e+07 4.1174e+05
0.279 3.1575e+07 6.3149e+05
0.28 2.7766e+07 5.5533e+05
0.281 4.1069e+07 8.2138e+05
0.282 2.2037e+07 4.4075e+05
0.283 2.6093e+07 5.2185e+05
0.284 2.2991e+07 4.5983e+05
0.285 2.1173e+07 4.2345e+05
0.286 2.596e+07 5.192e+05
0.287 2.1999e+07 4.3998e+05
0.288 2.6855e+07 5.3711e+05
0.289 1.7221e+07 3.4443e+05
0.29 2.8738e+07 5.7477e+05
0.291 2.862e+07 5.7241e+05
0.292 2.8499e+07 5.6998e+05
0.293 2.5535e+07 5.107e+05
0.294 2.3363e+07 4.6727e+05
0.295 2.0162e+07 4.0325e+05
0.296 1.7238e+07 3.4477e+05
0.297 2.1677e+07 4.3355e+05
0.298 3.0039e+07 6.0078e+05
0.299 1.9497e+07 3.8993e+05
0.3 3.0942e+07 6.1884e+05
0.301 2.745e+07 5.49e+05
0.302 2.7318e+07 5.4636e+05
0.303 3.1644e+07 6.3288e+05
0.304 2.2012e+07 4.4024e+05
0.305 2.4325e+07 4.8649e+05
0.306 2.3282e+07 4.6565e+05
0.307 3.0773e+07 6.1546e+05
0.308 2.692e+07 5.3841e+05
0.309 2.6539e+07 5.3079e+05
0.31 2.3063e+07 4.6126e+05
0.311 1.798e+07 3.5961e+05
0.312 2.2427e+07 4.4855e+05
0.313 2.6022e+07 5.2045e+05
0.314 2.6618e+07 5.3235e+05
0.315 2.726e+07 5.452e+05
0.316 2.2688e+07 4.5376e+05
0.317 2.2409e+07 4.4818e+05
0.318 2.5685e+07 5.1369e+05
0.319 2.6594e+07 5.3188e+05
0.32 2.8982e+07 5.7964e+05
0.321 2.1443e+07 4.2886e+05
0.322 3.0097e+07 6.0193e+05
0.323 1.8054e+07 3.6109e+05
0.324 2.1101e+07 4.2201e+05
0.325 2.6818e+07 5.3637e+05
0.326 2.502e+07 5.004e+05
0.327 2.5397e+07 5.0793e+05
0.328 2.537e+07 5.0739e+05
0.329 2.5966e+07 5.1932e+05
0.33 2.0431e+07 4.0863e+05
0.331 1.6201e+07 3.2402e+05
0.332 1.8668e+07 3.7336e+05
0.333 2.2352e+07 4.4703e+05
0.334 2.3208e+07 4.6415e+05
0.335 2.9689e+07 5.9377e+05
0.336 2.6938e+07 5.3876e+05
0.337 2.3343e+07 4.6685e+05
0.338 2.1116e+07 4.2232e+05
0.339 2.556e+07 5.1121e+05
0.34 2.7641e+07 5.5281e+05
0.341 2.5553e+07 5.1105e+05
0.342 2.4481e+07 4.8961e+05
0.343 1.8018e+07 3.6037e+05
0.344 2.4999e+07 4.9999e+05
0.345 2.1215e+07 4.243e+05
0.346 1.844e+07 3.688e+05
0.347 1.7725e+07 3.545e+05
0.348 1.7322e+07 3.4644e+05
0.349 2.9214e+07 5.8428e+05
0.35 1.1979e+07 2.3959e+05
0.351 2.7947e+07 5.5895e+05
0.352 2.5937e+07 5.1874e+05
0.353 2.3755e+07 4.751e+05
0.354 2.4152e+07 4.8304e+05
0.355 2.1698e+07 4.3397e+05
0.356 2.1221e+07 4.2442e+05
0.357 1.5267e+07 3.0535e+05
0.358 2.4429e+07 4.8859e+05
0.359 1.957e+07 3.9139e+05
0.36 2.2053e+07 4.4106e+05
0.361 1.5849e+07 3.1698e+05
0.362 1.1807e+07 2.3614e+05
0.363 2.4722e+07 4.9443e+05
0.364 2.3145e+07 4.629e+05
0.365 1.7594e+07 3.5188e+05
0.366 2.4655e+07 4.9309e+05
0.367 2.0411e+07 4.0822e+05
0.368 1.9161e+07 3.8321e+05
0.369 1.9531e+07 3.9062e+05
0.37 2.2164e+07 4.4328e+05
0.371 1.5938e+07 3.1876e+05
0.372 1.6173e+07 3.2347e+05
0.373 2.0465e+07 4.093e+05
0.374 1.3486e+07 2.6973e+05
0.375 1.7842e+07 3.5684e+05
0.376 1.1379e+07 2.2757e+05
0.377 9.2438e+06 1.8488e+05
0.378 1.928e+07 3.856e+05
0.379 1.3573e+07 2.7146e+05
0.38 1.5967e+07 3.1934e+05
0.381 1.562e+07 3.124e+05
0.382 2.1526e+07 4.3053e+05
0.383 1.8171e+07 3.6342e+05
0.384 1.4475e+07 2.895e+05
0.385 1.3223e+07 2.6446e+05
0.386 1.7282e+07 3.4564e+05
0.387 2.2671e+07 4.5342e+05
0.388 1.7059e+07 3.4119e+05
0.389 1.3352e+07 2.6703e+05
0.39 2.4407e+07 4.8813e+05
0.391 1.7826e+07 3.5651e+05
0.392 2.1655e+07 4.331e+05
0.393 1.8778e+07 3.7555e+05
0.394 1.606e+07 3.212e+05
0.395 1.8176e+07 3.6352e+05
0.396 1.7594e+07 3.5188e+05
0.397 2.1188e+07 4.2377e+05
0.398 2.3453e+07 4.6907e+05
0.399 1.7807e+07 3.5615e+05
0.4 1.9598e+07 3.9197e+05
0.401 2.3358e+07 4.6715e+05
0.402 1.8433e+07 3.6866e+05
0.403 2.5131e+07 5.0263e+05
0.404 1.2174e+07 2.4348e+05
0.405 1.5988e+07 3.1976e+05
0.406 1.9311e+07 3.8622e+05
0.407 1.9039e+07 3.8078e+05
0.408 1.9681e+07 3.9363e+05
0.409 1.0146e+07 2.0293e+05
0.41 1.4424e+07 2.8847e+05
0.411 1.4885e+07 2.9769e+05
0.412 1.6585e+07 3.317e+05
0.413 2.0549e+07 4.1098e+05
0.414 1.3486e+07 2.6972e+05
0.415 1.4484e+07 2.8969e+05
0.416 1.5932e+07 3.1864e+05
0.417 2.1782e+07 4.3564e+05
0.418 1.4439e+07 2.8878e+05
0.419 1.8142e+07 3.6285e+05
0.42 1.281e+07 2.562e+05
0.421 1.3055e+07 2.611e+05
0.422 1.707e+07 3.414e+05
0.423 2.3177e+07 4.6354e+05
0.424 1.6079e+07 3.2157e+05
0.425 1.4072e+07 2.8145e+05
0.426 1.7487e+07 3.4974e+05
0.427 1.3076e+07 2.6152e+05
0.428 2.0299e+07 4.0598e+05
0.429 1.9413e+07 3.8826e+05
0.43 2.5159e+07 5.0318e+05
0.431 2.2112e+07 4.4223e+05
0.432 2.2104e+07 4.4209e+05
0.433 1.361e+07 2.7219e+05
0.434 1.2812e+07 2.5625e+05
0.435 1.5185e+07 3.0371e+05
0.436 1.8307e+07 3.6613e+05
0.437 1.4973e+07 2.9946e+05
0.438 1.5526e+07 3.1051e+05
0.439 1.762e+07 3.5241e+05
0.44 1.1361e+07 2.2721e+05
0.441 2.6221e+07 5.2442e+05
0.442 2.0359e+07 4.0717e+05
0.443 1.6537e+07 3.3073e+05
0.444 1.3225e+07 2.645e+05
0.445 1.8317e+07 3.6634e+05
0.446 1.6383e+07 3.2766e+05
0.447 1.8323e+07 3.6646e+05
0.448 1.5839e+07 3.1677e+05
0.449 1.4082e+07 2.8164e+05
0.45 2.0338e+07 4.0675e+05
0.451 1.3099e+07 2.6198e+05
0.452 1.721e+07 3.442e+05
0.453 1.7163e+07 3.4327e+05
0.454 1.4458e+07 2.8916e+05
0.455 2.0684e+07 4.1368e+05
0.456 1.715e+07 3.43e+05
0.457 2.0468e+07 4.0935e+05
0.458 1.7972e+07 3.5944e+05
0.459 2.1967e+07 4.3934e+05
0.46 1.948e+07 3.8961e+05
0.461 1.6387e+07 3.2775e+05
0.462 1.6206e+07 3.2412e+05
0.463 1.5809e+07 3.1618e+05
0.464 1.0957e+07 2.1913e+05
0.465 1.8201e+07 3.6403e+05
0.466 1.4849e+07 2.9697e+05
0.467 1.5735e+07 3.147e+05
0.468 1.8068e+07 3.6136e+05
0.469 8.2569e+06 1.6514e+05
0.47 1.7072e+07 3.4144e+05
0.471 2.0211e+07 4.0422e+05
0.472 1.2501e+07 2.5002e+05
0.473 1.4688e+07 2.9375e+05
0.474 1.6623e+07 3.3245e+05
0.475 2.0025e+07 4.005e+05
0.476 1.8425e+07 3.685e+05
0.477 2.0743e+07 4.1486e+05
0.478 1.9655e+07 3.9311e+05
0.479 1.5312e+07 3.0623e+05
0.48 2.3564e+07 4.7127e+05
0.481 1.6253e+07 3.2506e+05
0.482 1.6775e+07 3.3551e+05
0.483 2.557e+07 5.1141e+05
0.484 1.6534e+07 3.3068e+05
0.485 1.8484e+07 3.6967e+05
0.486 2.0172e+07 4.0344e+05
0.487 2.5018e+07 5.0037e+05
0.488 1.6345e+07 3.269e+05
0.489 2.3157e+07 4.6315e+05
0.49 1.9827e+07 3.9654e+05
0.491 2.0733e+07 4.1466e+05
0.492 1.6821e+07 3.3642e+05
0.493 1.5392e+07 3.0784e+05
0.494 1.9343e+07 3.8686e+05
0.495 1.9791e+07 3.9583e+05
0.496 2.1755e+07 4.3511e+05
0.497 2.2218e+07 4.4435e+05
0.498 2.1923e+07 4.3846e+05
0.499 1.5033e+07 3.0067e+05
0.5 1.9637e+07 3.9274e+05
