0.001 1.4085e+11 2.8169e+09
0.002 1.3437e+11 2.6874e+09
0.003 1.2908e+11 2.5817e+09
0.004 1.2489e+11 2.4979e+09
0.005 1.2594e+11 2.5188e+09
0.006 1.3058e+11 2.6115e+09
0.007 1.2635e+11 2.5271e+09
0.008 1.2393e+11 2.4786e+09
0.009 1.2543e+11 2.5086e+09
0.01 1.3e+11 2.6e+09
0.011 1.2633e+11 2.5266e+09
0.012 1.2472e+11 2.4943e+09
0.013 1.2101e+11 2.4202e+09
0.014 1.2359e+11 2.4719e+09
0.015 1.2478e+11 2.4956e+09
0.016 1.2236e+11 2.4472e+09
0.017 1.2003e+11 2.4007e+09
0.018 1.2268e+11 2.4535e+09
0.019 1.2071e+11 2.4142e+09
0.02 1.1975e+11 2.395e+09
0.021 1.2117e+11 2.4234e+09
0.022 1.1794e+11 2.3587e+09
0.023 1.1487e+11 2.2974e+09
0.024 1.1459e+11 2.2918e+09
0.025 1.1267e+11 2.2533e+09
0.026 1.1151e+11 2.2302e+09
0.027 1.1213e+11 2.2427e+09
0.028 1.107e+11 2.214e+09
0.029 1.1044e+11 2.2087e+09
0.03 1.0997e+11 2.1994e+09
0.031 1.0795e+11 2.159e+09
0.032 1.0545e+11 2.109e+09
0.033 1.0579e+11 2.1157e+09
0.034 1.0478e+11 2.0955e+09
0.035 1.0304e+11 2.0607e+09
0.036 1.0276e+11 2.0551e+09
0.037 1.0047e+11 2.0094e+09
0.038 9.8415e+10 1.9683e+09
0.039 9.7792e+10 1.9558e+09
0.04 9.7662e+10 1.9532e+09
0.041 9.4881e+10 1.8976e+09
0.042 9.3882e+10 1.8776e+09
0.043 9.2548e+10 1.851e+09
0.044 9.0229e+10 1.8046e+09
0.045 8.9837e+10 1.7967e+09
0.046 8.6016e+10 1.7203e+09
0.047 8.9341e+10 1.7868e+09
0.048 8.5286e+10 1.7057e+09
0.049 8.3726e+10 1.6745e+09
0.05 8.2793e+10 1.6559e+09
0.051 8.2729e+10 1.6546e+09
0.052 8.0833e+10 1.6167e+09
0.053 7.7493e+10 1.5499e+09
0.054 7.7906e+10 1.5581e+09
0.055 7.4595e+10 1.4919e+09
0.056 7.4684e+10 1.4937e+09
0.057 7.4326e+10 1.4865e+09
0.058 7.0857e+10 1.4171e+09
0.059 6.9842e+10 1.3968e+09
0.06 6.9693e+10 1.3939e+09
0.061 6.7703e+10 1.3541e+09
0.062 6.6107e+10 1.3221e+09
0.063 6.4878e+10 1.2976e+09
0.064 6.2669e+10 1.2534e+09
0.065 6.1137e+10 1.2227e+09
0.066 6.0221e+10 1.2044e+09
0.067 5.9645e+10 1.1929e+09
0.068 5.7221e+10 1.1444e+09
0.069 5.5356e+10 1.1071e+09
0.07 5.5064e+10 1.1013e+09
0.071 5.4019e+10 1.0804e+09
0.072 5.2019e+10 1.0404e+09
0.073 5.1617e+10 1.0323e+09
0.074 4.9974e+10 9.9948e+08
0.075 4.8935e+10 9.787e+08
0.076 4.7144e+10 9.4289e+08
0.077 4.6745e+10 9.3489e+08
0.078 4.5692e+10 9.1385e+08
0.079 4.3894e+10 8.7788e+08
0.08 4.2917e+10 8.5833e+08
0.081 4.1673e+10 8.3347e+08
0.082 4.09e+10 8.18e+08
0.083 3.9485e+10 7.8971e+08
0.084 3.7757e+10 7.5514e+08
0.085 3.6501e+10 7.3002e+08
0.086 3.6319e+10 7.2639e+08
0.087 3.5241e+10 7.0482e+08
0.088 3.4574e+10 6.9147e+08
0.089 3.2488e+10 6.4976e+08
0.09 3.2501e+10 6.5001e+08
0.091 3.1258e+10 6.2516e+08
0.092 3.0468e+10 6.0936e+08
0.093 2.906e+10 5.8121e+08
0.094 2.8683e+10 5.7365e+08
0.095 2.7465e+10 5.4929e+08
0.096 2.6585e+10 5.3169e+08
0.097 2.5316e+10 5.0631e+08
0.098 2.493e+10 4.9859e+08
0.099 2.4552e+10 4.9104e+08
0.1 2.3575e+10 4.7149e+08
0.101 2.2997e+10 4.5995e+08
0.102 2.1745e+10 4.3489e+08
0.103 2.0821e+10 4.1642e+08
0.104 2.1195e+10 4.239e+08
0.105 1.9923e+10 3.9846e+08
0.106 1.9053e+10 3.8106e+08
0.107 1.8283e+10 3.6566e+08
0.108 1.8358e+10 3.6716e+08
0.109 1.6948e+10 3.3896e+08
0.11 1.6812e+10 3.3623e+08
0.111 1.6379e+10 3.2757e+08
0.112 1.5924e+10 3.1848e+08
0.113 1.5202e+10 3.0403e+08
0.114 1.501e+10 3.0019e+08
0.115 1.4681e+10 2.9362e+08
0.116 1.3668e+10 2.7335e+08
0.117 1.3575e+10 2.7151e+08
0.118 1.2613e+10 2.5226e+08
0.119 1.2228e+10 2.4457e+08
0.12 1.2087e+10 2.4174e+08
0.121 1.1692e+10 2.3384e+08
0.122 1.1504e+10 2.3007e+08
0.123 1.1155e+10 2.2311e+08
0.124 1.0181e+10 2.0361e+08
0.125 1.0369e+10 2.0737e+08
0.126 9.8363e+09 1.9673e+08
0.127 9.9312e+09 1.9862e+08
0.128 9.4169e+09 1.8834e+08
0.129 8.6359e+09 1.7272e+08
0.13 8.1742e+09 1.6348e+08
0.131 8.2518e+09 1.6504e+08
0.132 7.9149e+09 1.583e+08
0.133 7.623e+09 1.5246e+08
0.134 7.5921e+09 1.5184e+08
0.135 7.2996e+09 1.4599e+08
0.136 7.0839e+09 1.4168e+08
0.137 6.5829e+09 1.3166e+08
0.138 6.4618e+09 1.2924e+08
0.139 6.0213e+09 1.2043e+08
0.14 6.673e+09 1.3346e+08
0.141 6.183e+09 1.2366e+08
0.142 5.6674e+09 1.1335e+08
0.143 5.6041e+09 1.1208e+08
0.144 5.4608e+09 1.0922e+08
0.145 5.4768e+09 1.0954e+08
0.146 5.0042e+09 1.0008e+08
0.147 5.0692e+09 1.0138e+08
0.148 4.3771e+09 8.7541e+07
0.149 4.5607e+09 9.1213e+07
0.15 4.9155e+09 9.831e+07
0.151 4.3195e+09 8.6389e+07
0.152 4.5453e+09 9.0905e+07
0.153 4.1619e+09 8.3239e+07
0.154 3.7929e+09 7.5858e+07
0.155 4.0398e+09 8.0796e+07
0.156 3.7189e+09 7.4377e+07
0.157 3.6971e+09 7.3942e+07
0.158 3.8631e+09 7.7261e+07
0.159 3.8155e+09 7.6311e+07
0.16 3.3689e+09 6.7377e+07
0.161 3.1235e+09 6.2471e+07
0.162 3.1277e+09 6.2553e+07
0.163 3.2117e+09 6.4235e+07
0.164 3.4164e+09 6.8328e+07
0.165 3.1103e+09 6.2206e+07
0.166 3.5471e+09 7.0942e+07
0.167 2.7978e+09 5.5957e+07
0.168 2.9541e+09 5.9082e+07
0.169 2.7083e+09 5.4166e+07
0.17 2.8765e+09 5.7529e+07
0.171 2.7337e+09 5.4673e+07
0.172 2.6764e+09 5.3528e+07
0.173 2.6588e+09 5.3176e+07
0.174 2.7047e+09 5.4094e+07
0.175 2.2671e+09 4.5342e+07
0.176 2.2403e+09 4.4807e+07
0.177 2.1199e+09 4.2398e+07
0.178 2.1249e+09 4.2498e+07
0.179 2.2128e+09 4.4257e+07
0.18 2.272e+09 4.5441e+07
0.181 2.2478e+09 4.4955e+07
0.182 2.0526e+09 4.1052e+07
0.183 2.031e+09 4.062e+07
0.184 1.9549e+09 3.9097e+07
0.185 1.8169e+09 3.6339e+07
0.186 1.972e+09 3.9439e+07
0.187 1.8276e+09 3.6553e+07
0.188 1.8961e+09 3.7922e+07
0.189 2.2077e+09 4.4154e+07
0.19 1.592e+09 3.1839e+07
0.191 1.4837e+09 2.9675e+07
0.192 1.8117e+09 3.6234e+07
0.193 1.6749e+09 3.3498e+07
0.194 1.6338e+09 3.2677e+07
0.195 1.8639e+09 3.7277e+07
0.196 1.4373e+09 2.8745e+07
0.197 1.5374e+09 3.0747e+07
0.198 1.5197e+09 3.0394e+07
0.199 1.3058e+09 2.6116e+07
0.2 1.4477e+09 2.8955e+07
0.201 1.4109e+09 2.8217e+07
0.202 1.1806e+09 2.3613e+07
0.203 9.5328e+08 1.9066e+07
0.204 1.2334e+09 2.4668e+07
0.205 1.3108e+09 2.6217e+07
0.206 1.6799e+09 3.3598e+07
0.207 1.2611e+09 2.5221e+07
0.208 1.0551e+09 2.1103e+07
0.209 9.4852e+08 1.897e+07
0.21 1.0002e+09 2.0004e+07
0.211 1.1713e+09 2.3426e+07
0.212 1.1785e+09 2.3569e+07
0.213 6.9932e+08 1.3986e+07
0.214 1.0062e+09 2.0125e+07
0.215 9.1146e+08 1.8229e+07
0.216 1.0147e+09 2.0293e+07
0.217 7.7359e+08 1.5472e+07
0.218 6.4189e+08 1.2838e+07
0.219 9.5748e+08 1.915e+07
0.22 7.6327e+08 1.5265e+07
0.221 1.1372e+09 2.2743e+07
0.222 7.1234e+08 1.4247e+07
0.223 7.0627e+08 1.4125e+07
0.224 6.4358e+08 1.2872e+07
0.225 8.6041e+08 1.7208e+07
0.226 6.3678e+08 1.2736e+07
0.227 7.0541e+08 1.4108e+07
0.228 5.9832e+08 1.1966e+07
0.229 8.412e+08 1.6824e+07
0.23 7.1025e+08 1.4205e+07
0.231 6.6408e+08 1.3282e+07
0.232 6.3948e+08 1.279e+07
0.233 5.1883e+08 1.0377e+07
0.234 5.4624e+08 1.0925e+07
0.235 5.846e+08 1.1692e+07
0.236 7.2821e+08 1.4564e+07
0.237 8.1224e+08 1.6245e+07
0.238 5.8313e+08 1.1663e+07
0.239 4.596e+08 9.192e+06
0.24 5.2369e+08 1.0474e+07
0.241 4.6534e+08 9.3067e+06
0.242 6.1704e+08 1.2341e+07
0.243 4.6186e+08 9.2371e+06
0.244 5.7916e+08 1.1583e+07
0.245 6.2864e+08 1.2573e+07
0.246 5.4322e+08 1.0864e+07
0.247 5.2169e+08 1.0434e+07
0.248 5.2145e+08 1.0429e+07
0.249 2.9668e+08 5.9335e+06
0.25 3.1589e+08 6.3178e+06
0.251 4.8725e+08 9.745e+06
0.252 3.5283e+08 7.0566e+06
0.253 6.4949e+08 1.299e+07
0.254 6.5428e+08 1.3086e+07
0.255 5.0831e+08 1.0166e+07
0.256 6.8943e+08 1.3789e+07
0.257 5.3227e+08 1.0645e+07
0.258 5.6177e+08 1.1235e+07
0.259 4.938e+08 9.876e+06
0.26 3.9803e+08 7.9606e+06
0.261 2.3323e+08 4.6646e+06
0.262 6.9058e+08 1.3812e+07
0.263 7.1565e+08 1.4313e+07
0.264 5.3564e+08 1.0713e+07
0.265 4.6833e+08 9.3665e+06
0.266 3.3286e+08 6.6572e+06
0.267 4.0864e+08 8.1729e+06
0.268 2.134e+08 4.268e+06
0.269 6.2184e+08 1.2437e+07
0.27 4.0703e+08 8.1406e+06
0.271 3.139e+08 6.2781e+06
0.272 2.7061e+08 5.4122e+06
0.273 4.9987e+08 9.9973e+06
0.274 2.5165e+08 5.0329e+06
0.275 3.674e+08 7.348e+06
0.276 4.695e+08 9.3899e+06
0.277 1.7284e+08 3.4568e+06
0.278 1.9348e+08 3.8695e+06
0.279 3.9897e+08 7.9793e+06
0.28 5.7229e+08 1.1446e+07
0.281 3.0738e+08 6.1477e+06
0.282 4.6175e+08 9.2349e+06
0.283 3.7759e+08 7.5519e+06
0.284 3.4653e+08 6.9306e+06
0.285 4.0033e+08 8.0066e+06
0.286 3.971e+08 7.9421e+06
0.287 5.2698e+08 1.054e+07
0.288 1.8547e+08 3.7093e+06
0.289 2.7837e+08 5.5674e+06
0.29 4.2115e+08 8.4231e+06
0.291 3.9958e+08 7.9916e+06
0.292 4.1096e+08 8.2192e+06
0.293 4.8637e+08 9.7274e+06
0.294 6.9599e+08 1.392e+07
0.295 2.3854e+08 4.7707e+06
0.296 4.6191e+08 9.2382e+06
0.297 2.0912e+08 4.1824e+06
0.298 2.2233e+08 4.4466e+06
0.299 4.2467e+08 8.4935e+06
0.3 3.8299e+08 7.6598e+06
0.301 1.5008e+08 3.0016e+06
0.302 4.0272e+08 8.0545e+06
0.303 3.142e+08 6.2839e+06
0.304 4.687e+08 9.3741e+06
0.305 5.1345e+08 1.0269e+07
0.306 2.5807e+08 5.1613e+06
0.307 3.3341e+08 6.6683e+06
0.308 4.2577e+08 8.5154e+06
0.309 3.8302e+08 7.6604e+06
0.31 4.5738e+08 9.1476e+06
0.311 5.507e+08 1.1014e+07
0.312 2.2741e+08 4.5482e+06
0.313 3.5831e+08 7.1663e+06
0.314 5.5472e+08 1.1094e+07
0.315 3.6101e+08 7.2202e+06
0.316 2.8203e+08 5.6405e+06
0.317 2.8568e+08 5.7137e+06
0.318 3.7938e+08 7.5875e+06
0.319 3.8462e+08 7.6925e+06
0.32 5.5954e+08 1.1191e+07
0.321 4.9924e+08 9.9848e+06
0.322 4.7078e+08 9.4157e+06
0.323 3.84e+08 7.6801e+06
0.324 3.3462e+08 6.6923e+06
0.325 3.6748e+08 7.3497e+06
0.326 2.5744e+08 5.1488e+06
0.327 2.1314e+08 4.2629e+06
0.328 3.5296e+08 7.0591e+06
0.329 5.6399e+08 1.128e+07
0.33 3.8033e+08 7.6065e+06
0.331 3.4818e+08 6.9636e+06
0.332 4.6848e+08 9.3697e+06
0.333 4.2174e+08 8.4349e+06
0.334 3.6529e+08 7.3057e+06
0.335 3.8109e+08 7.6217e+06
0.336 4.2576e+08 8.5153e+06
0.337 4.4325e+08 8.8649e+06
0.338 5.055e+08 1.011e+07
0.339 6.5352e+08 1.307e+07
0.34 5.0161e+08 1.0032e+07
0.341 2.7955e+08 5.5911e+06
0.342 2.2654e+08 4.5307e+06
0.343 4.5573e+08 9.1146e+06
0.344 4.1611e+08 8.3221e+06
0.345 4.8745e+08 9.7489e+06
0.346 5.1306e+08 1.0261e+07
0.347 7.2086e+08 1.4417e+07
0.348 3.2203e+08 6.4407e+06
0.349 1.2431e+08 2.4862e+06
0.35 4.3502e+08 8.7003e+06
0.351 3.6427e+08 7.2855e+06
0.352 3.1514e+08 6.3028e+06
0.353 3.7565e+08 7.513e+06
0.354 1.7184e+08 3.4368e+06
0.355 4.939e+08 9.8779e+06
0.356 4.4349e+08 8.8697e+06
0.357 3.6219e+08 7.2438e+06
0.358 3.0292e+08 6.0584e+06
0.359 2.1468e+08 4.2936e+06
0.36 4.3089e+08 8.6177e+06
0.361 2.7825e+08 5.565e+06
0.362 3.6708e+08 7.3415e+06
0.363 4.9363e+08 9.8726e+06
0.364 2.781e+08 5.5619e+06
0.365 3.678e+08 7.3559e+06
0.366 3.6463e+08 7.2927e+06
0.367 2.3531e+08 4.7061e+06
0.368 2.8195e+08 5.6391e+06
0.369 3.1492e+08 6.2984e+06
0.37 3.4589e+08 6.9178e+06
0.371 4.8803e+08 9.7606e+06
0.372 3.0081e+08 6.0161e+06
0.373 3.9082e+08 7.8165e+06
0.374 6.111e+08 1.2222e+07
0.375 2.8975e+08 5.7949e+06
0.376 2.1419e+08 4.2837e+06
0.377 3.2556e+08 6.5112e+06
0.378 3.723e+08 7.4459e+06
0.379 4.3144e+08 8.6288e+06
0.38 4.0963e+08 8.1927e+06
0.381 2.9899e+08 5.9798e+06
0.382 2.014e+08 4.028e+06
0.383 3.0195e+08 6.039e+06
0.384 3.6959e+08 7.3918e+06
0.385 2.1004e+08 4.2009e+06
0.386 3.4703e+08 6.9405e+06
0.387 2.7564e+08 5.5127e+06
0.388 4.3773e+08 8.7546e+06
0.389 3.7072e+08 7.4143e+06
0.39 4.7892e+08 9.5784e+06
0.391 3.2579e+08 6.5159e+06
0.392 2.6789e+08 5.3579e+06
0.393 2.5173e+08 5.0346e+06
0.394 4.1303e+08 8.2607e+06
0.395 3.7195e+08 7.4391e+06
0.396 2.5436e+08 5.0872e+06
0.397 2.9102e+08 5.8203e+06
0.398 2.7872e+08 5.5744e+06
0.399 3.5639e+08 7.1277e+06
0.4 3.6504e+08 7.3009e+06
0.401 2.3433e+08 4.6866e+06
0.402 4.4615e+08 8.923e+06
0.403 2.9215e+08 5.843e+06
0.404 2.6522e+08 5.3044e+06
0.405 2.9075e+08 5.8149e+06
0.406 2.0559e+08 4.1119e+06
0.407 4.1426e+08 8.2852e+06
0.408 1.9355e+08 3.8709e+06
0.409 4.0077e+08 8.0154e+06
0.41 3.9503e+08 7.9006e+06
0.411 4.8528e+08 9.7056e+06
0.412 1.9547e+08 3.9093e+06
0.413 3.9745e+08 7.9489e+06
0.414 2.5918e+08 5.1837e+06
0.415 2.1888e+08 4.3777e+06
0.416 3.6943e+08 7.3887e+06
0.417 3.3624e+08 6.7248e+06
0.418 2.5428e+08 5.0856e+06
0.419 4.7561e+08 9.5122e+06
0.42 4.4889e+08 8.9777e+06
0.421 4.144e+08 8.2879e+06
0.422 1.5121e+08 3.0242e+06
0.423 4.3658e+08 8.7317e+06
0.424 5.1036e+08 1.0207e+07
0.425 5.2536e+08 1.0507e+07
0.426 3.1186e+08 6.2372e+06
0.427 3.2116e+08 6.4232e+06
0.428 3.1459e+08 6.2918e+06
0.429 1.9253e+08 3.8506e+06
0.43 2.987e+08 5.974e+06
0.431 2.8283e+08 5.6566e+06
0.432 3.1545e+08 6.3089e+06
0.433 3.1679e+08 6.3359e+06
0.434 2.3644e+08 4.7289e+06
0.435 1.1374e+08 2.2748e+06
0.436 4.5151e+08 9.0302e+06
0.437 3.0021e+08 6.0041e+06
0.438 4.1334e+08 8.2669e+06
0.439 2.9156e+08 5.8313e+06
0.44 1.7796e+08 3.5593e+06
0.441 2.4863e+08 4.9726e+06
0.442 4.1823e+08 8.3646e+06
0.443 4.6223e+08 9.2447e+06
0.444 3.1199e+08 6.2399e+06
0.445 2.7393e+08 5.4785e+06
0.446 4.8646e+08 9.7293e+06
0.447 3.2411e+08 6.4823e+06
0.448 3.7099e+08 7.4198e+06
0.449 3.0812e+08 6.1624e+06
0.45 3.5013e+08 7.0025e+06
0.451 5.162e+08 1.0324e+07
0.452 5.1352e+08 1.027e+07
0.453 5.9251e+08 1.185e+07
0.454 1.4952e+08 2.9904e+06
0.455 3.5755e+08 7.1511e+06
0.456 3.8028e+08 7.6056e+06
0.457 1.4456e+08 2.8912e+06
0.458 2.3395e+08 4.679e+06
0.459 3.3885e+08 6.777e+06
0.46 1.5835e+08 3.1671e+06
0.461 2.8605e+08 5.721e+06
0.462 2.8307e+08 5.6615e+06
0.463 3.4511e+08 6.9023e+06
0.464 5.0002e+08 1e+07
0.465 2.977e+08 5.954e+06
0.466 3.8101e+08 7.6203e+06
0.467 1.9455e+08 3.891e+06
0.468 3.2553e+08 6.5106e+06
0.469 3.1668e+08 6.3336e+06
0.47 3.6719e+08 7.3437e+06
0.471 3.2688e+08 6.5377e+06
0.472 4.471e+08 8.942e+06
0.473 2.1119e+08 4.2239e+06
0.474 2.4993e+08 4.9985e+06
0.475 3.1806e+08 6.3612e+06
0.476 3.9079e+08 7.8158e+06
0.477 2.5734e+08 5.1468e+06
0.478 3.3717e+08 6.7435e+06
0.479 3.4388e+08 6.8775e+06
0.48 2.5198e+08 5.0395e+06
0.481 2.3704e+08 4.7408e+06
0.482 2.6512e+08 5.3024e+06
0.483 3.2071e+08 6.4141e+06
0.484 4.0287e+08 8.0575e+06
0.485 3.6433e+08 7.2866e+06
0.486 2.5701e+08 5.1401e+06
0.487 3.865e+08 7.73e+06
0.488 3.2772e+08 6.5545e+06
0.489 3.7923e+08 7.5847e+06
0.49 3.9518e+08 7.9035e+06
0.491 3.7205e+08 7.4411e+06
0.492 3.2369e+08 6.4738e+06
0.493 3.6778e+08 7.3556e+06
0.494 3.9572e+08 7.9145e+06
0.495 2.5883e+08 5.1765e+06
0.496 2.0989e+08 4.1977e+06
0.497 2.7615e+08 5.5231e+06
0.498 2.7134e+08 5.4269e+06
0.499 2.6638e+08 5.3277e+06
0.5 3.9854e+08 7.9708e+06
