0.001 5.8096e+10 1.1619e+09
0.002 6.0457e+10 1.2091e+09
0.003 5.9396e+10 1.1879e+09
0.004 6.0609e+10 1.2122e+09
0.005 5.9491e+10 1.1898e+09
0.006 5.8372e+10 1.1674e+09
0.007 5.9375e+10 1.1875e+09
0.008 5.8313e+10 1.1663e+09
0.009 5.6269e+10 1.1254e+09
0.01 6.0014e+10 1.2003e+09
0.011 5.7832e+10 1.1566e+09
0.012 5.7429e+10 1.1486e+09
0.013 5.7855e+10 1.1571e+09
0.014 5.8042e+10 1.1608e+09
0.015 5.7142e+10 1.1428e+09
0.016 5.4732e+10 1.0946e+09
0.017 5.6159e+10 1.1232e+09
0.018 5.6271e+10 1.1254e+09
0.019 5.472e+10 1.0944e+09
0.02 5.559e+10 1.1118e+09
0.021 5.4747e+10 1.0949e+09
0.022 5.4007e+10 1.0801e+09
0.023 5.2588e+10 1.0518e+09
0.024 5.3519e+10 1.0704e+09
0.025 5.1712e+10 1.0342e+09
0.026 5.2535e+10 1.0507e+09
0.027 5.1398e+10 1.028e+09
0.028 5.1157e+10 1.0231e+09
0.029 5.0608e+10 1.0122e+09
0.03 5.0325e+10 1.0065e+09
0.031 4.99e+10 9.98e+08
0.032 4.9519e+10 9.9039e+08
0.033 4.8896e+10 9.7793e+08
0.034 4.7582e+10 9.5165e+08
0.035 4.7001e+10 9.4003e+08
0.036 4.6965e+10 9.393e+08
0.037 4.585e+10 9.1701e+08
0.038 4.5138e+10 9.0276e+08
0.039 4.4678e+10 8.9355e+08
0.04 4.4008e+10 8.8016e+08
0.041 4.4177e+10 8.8353e+08
0.042 4.247e+10 8.494e+08
0.043 4.1849e+10 8.3698e+08
0.044 4.1568e+10 8.3136e+08
0.045 4.0928e+10 8.1855e+08
0.046 3.9987e+10 7.9973e+08
0.047 3.9453e+10 7.8905e+08
0.048 3.9058e+10 7.8117e+08
0.049 3.7929e+10 7.5858e+08
0.05 3.7327e+10 7.4654e+08
0.051 3.6762e+10 7.3524e+08
0.052 3.5889e+10 7.1778e+08
0.053 3.4811e+10 6.9622e+08
0.054 3.4598e+10 6.9196e+08
0.055 3.4222e+10 6.8443e+08
0.056 3.3724e+10 6.7449e+08
0.057 3.2359e+10 6.4719e+08
0.058 3.2105e+10 6.421e+08
0.059 3.1569e+10 6.3139e+08
0.06 3.0118e+10 6.0237e+08
0.061 3.0166e+10 6.0332e+08
0.062 2.9623e+10 5.9246e+08
0.063 2.8773e+10 5.7546e+08
0.064 2.818e+10 5.636e+08
0.065 2.7213e+10 5.4426e+08
0.066 2.6658e+10 5.3317e+08
0.067 2.6623e+10 5.3245e+08
0.068 2.5398e+10 5.0796e+08
0.069 2.4867e+10 4.9733e+08
0.07 2.4122e+10 4.8244e+08
0.071 2.383e+10 4.766e+08
0.072 2.305e+10 4.61e+08
0.073 2.2555e+10 4.5109e+08
0.074 2.1615e+10 4.3229e+08
0.075 2.1418e+10 4.2837e+08
0.076 2.0908e+10 4.1816e+08
0.077 2.0094e+10 4.0188e+08
0.078 2.0147e+10 4.0295e+08
0.079 1.9248e+10 3.8496e+08
0.08 1.8473e+10 3.6947e+08
0.081 1.8321e+10 3.6643e+08
0.082 1.7578e+10 3.5155e+08
0.083 1.6974e+10 3.3949e+08
0.084 1.6687e+10 3.3374e+08
0.085 1.6245e+10 3.2489e+08
0.086 1.5487e+10 3.0973e+08
0.087 1.559e+10 3.1181e+08
0.088 1.4982e+10 2.9963e+08
0.089 1.444e+10 2.8881e+08
0.09 1.4121e+10 2.8241e+08
0.091 1.3292e+10 2.6585e+08
0.092 1.299e+10 2.598e+08
0.093 1.2464e+10 2.4928e+08
0.094 1.2351e+10 2.4702e+08
0.095 1.2014e+10 2.4028e+08
0.096 1.1407e+10 2.2815e+08
0.097 1.1204e+10 2.2409e+08
0.098 1.0842e+10 2.1684e+08
0.099 1.0356e+10 2.0712e+08
0.1 1.0025e+10 2.0051e+08
0.101 9.8454e+09 1.9691e+08
0.102 9.2219e+09 1.8444e+08
0.103 8.8249e+09 1.765e+08
0.104 8.8932e+09 1.7786e+08
0.105 8.4033e+09 1.6807e+08
0.106 8.2186e+09 1.6437e+08
0.107 8.2914e+09 1.6583e+08
0.108 7.6404e+09 1.5281e+08
0.109 7.4123e+09 1.4825e+08
0.11 7.3076e+09 1.4615e+08
0.111 7.0033e+09 1.4007e+08
0.112 6.6914e+09 1.3383e+08
0.113 6.4597e+09 1.2919e+08
0.114 6.4842e+09 1.2968e+08
0.115 6.0188e+09 1.2038e+08
0.116 5.9507e+09 1.1901e+08
0.117 5.6458e+09 1.1292e+08
0.118 5.6248e+09 1.125e+08
0.119 5.2728e+09 1.0546e+08
0.12 5.1659e+09 1.0332e+08
0.121 5.0073e+09 1.0015e+08
0.122 4.9018e+09 9.8035e+07
0.123 4.4334e+09 8.8667e+07
0.124 4.5288e+09 9.0575e+07
0.125 4.3163e+09 8.6326e+07
0.126 4.2283e+09 8.4565e+07
0.127 3.9257e+09 7.8515e+07
0.128 3.8389e+09 7.6778e+07
0.129 3.6935e+09 7.387e+07
0.13 3.6909e+09 7.3817e+07
0.131 3.502e+09 7.004e+07
0.132 3.4411e+09 6.8823e+07
0.133 3.2431e+09 6.4862e+07
0.134 3.164e+09 6.328e+07
0.135 3.1368e+09 6.2736e+07
0.136 2.937e+09 5.8741e+07
0.137 2.6942e+09 5.3883e+07
0.138 2.5357e+09 5.0714e+07
0.139 2.7629e+09 5.5259e+07
0.14 2.6747e+09 5.3493e+07
0.141 2.5909e+09 5.1818e+07
0.142 2.5854e+09 5.1708e+07
0.143 2.4113e+09 4.8225e+07
0.144 2.4215e+09 4.8431e+07
0.145 2.4187e+09 4.8374e+07
0.146 2.1201e+09 4.2402e+07
0.147 2.109e+09 4.218e+07
0.148 2.0552e+09 4.1103e+07
0.149 1.8965e+09 3.793e+07
0.15 2.133e+09 4.266e+07
0.151 1.8675e+09 3.7349e+07
0.152 1.8298e+09 3.6596e+07
0.153 1.9008e+09 3.8015e+07
0.154 1.8179e+09 3.6358e+07
0.155 1.7344e+09 3.4688e+07
0.156 1.6369e+09 3.2738e+07
0.157 1.4995e+09 2.999e+07
0.158 1.7411e+09 3.4821e+07
0.159 1.3927e+09 2.7854e+07
0.16 1.5396e+09 3.0792e+07
0.161 1.4595e+09 2.9191e+07
0.162 1.4034e+09 2.8069e+07
0.163 1.4877e+09 2.9754e+07
0.164 1.4953e+09 2.9906e+07
0.165 1.3432e+09 2.6865e+07
0.166 1.0854e+09 2.1707e+07
0.167 1.2832e+09 2.5665e+07
0.168 1.2436e+09 2.4872e+07
0.169 1.1803e+09 2.3607e+07
0.17 1.1324e+09 2.2649e+07
0.171 1.0384e+09 2.0769e+07
0.172 1.2113e+09 2.4226e+07
0.173 1.0346e+09 2.0692e+07
0.174 1.0454e+09 2.0908e+07
0.175 1.0443e+09 2.0886e+07
0.176 1.0443e+09 2.0886e+07
0.177 9.4539e+08 1.8908e+07
0.178 1.0386e+09 2.0772e+07
0.179 9.1715e+08 1.8343e+07
0.18 8.7768e+08 1.7554e+07
0.181 9.7859e+08 1.9572e+07
0.182 9.4835e+08 1.8967e+07
0.183 9.7853e+08 1.9571e+07
0.184 8.1455e+08 1.6291e+07
0.185 7.2361e+08 1.4472e+07
0.186 8.2019e+08 1.6404e+07
0.187 7.4359e+08 1.4872e+07
0.188 6.6344e+08 1.3269e+07
0.189 5.8218e+08 1.1644e+07
0.19 6.5919e+08 1.3184e+07
0.191 6.899e+08 1.3798e+07
0.192 5.9848e+08 1.197e+07
0.193 7.258e+08 1.4516e+07
0.194 5.9445e+08 1.1889e+07
0.195 6.3675e+08 1.2735e+07
0.196 5.8169e+08 1.1634e+07
0.197 6.6681e+08 1.3336e+07
0.198 5.9532e+08 1.1906e+07
0.199 6.4438e+08 1.2888e+07
0.2 4.5824e+08 9.1648e+06
0.201 5.2023e+08 1.0405e+07
0.202 5.6489e+08 1.1298e+07
0.203 5.4068e+08 1.0814e+07
0.204 5.3508e+08 1.0702e+07
0.205 5.7103e+08 1.1421e+07
0.206 6.0061e+08 1.2012e+07
0.207 3.9445e+08 7.8891e+06
0.208 5.6484e+08 1.1297e+07
0.209 3.1521e+08 6.3042e+06
0.21 5.0719e+08 1.0144e+07
0.211 4.1418e+08 8.2837e+06
0.212 3.5842e+08 7.1684e+06
0.213 4.6581e+08 9.3162e+06
0.214 5.1596e+08 1.0319e+07
0.215 5.0484e+08 1.0097e+07
0.216 4.0641e+08 8.1282e+06
0.217 4.2836e+08 8.5673e+06
0.218 3.0959e+08 6.1918e+06
0.219 4.6442e+08 9.2883e+06
0.22 3.1585e+08 6.317e+06
0.221 3.8107e+08 7.6214e+06
0.222 2.6329e+08 5.2659e+06
0.223 4.9649e+08 9.9297e+06
0.224 3.7613e+08 7.5226e+06
0.225 2.2557e+08 4.5113e+06
0.226 3.4434e+08 6.8868e+06
0.227 2.8434e+08 5.6867e+06
0.228 3.063e+08 6.1261e+06
0.229 3.0085e+08 6.017e+06
0.23 2.5705e+08 5.1411e+06
0.231 2.7723e+08 5.5447e+06
0.232 2.4742e+08 4.9483e+06
0.233 2.6215e+08 5.243e+06
0.234 2.2941e+08 4.5882e+06
0.235 2.8084e+08 5.6167e+06
0.236 3.0238e+08 6.0476e+06
0.237 2.5133e+08 5.0267e+06
0.238 2.6793e+08 5.3587e+06
0.239 2.9236e+08 5.8471e+06
0.24 2.4094e+08 4.8189e+06
0.241 2.3577e+08 4.7154e+06
0.242 2.4648e+08 4.9296e+06
0.243 2.1958e+08 4.3916e+06
0.244 1.2111e+08 2.4222e+06
0.245 1.9512e+08 3.9025e+06
0.246 3.082e+08 6.1639e+06
0.247 1.4468e+08 2.8937e+06
0.248 2.1475e+08 4.2949e+06
0.249 2.6547e+08 5.3094e+06
0.25 1.7083e+08 3.4165e+06
0.251 1.9775e+08 3.955e+06
0.252 1.5521e+08 3.1043e+06
0.253 2.4814e+08 4.9627e+06
0.254 1.6031e+08 3.2063e+06
0.255 2.11e+08 4.2201e+06
0.256 2.6458e+08 5.2917e+06
0.257 2.006e+08 4.012e+06
0.258 1.5446e+08 3.0892e+06
0.259 1.8323e+08 3.6647e+06
0.26 8.2897e+07 1.6579e+06
0.261 6.7534e+07 1.3507e+06
0.262 1.076e+08 2.1519e+06
0.263 2.2518e+08 4.5036e+06
0.264 1.2719e+08 2.5438e+06
0.265 1.702e+08 3.4039e+06
0.266 3.5256e+08 7.0512e+06
0.267 2.4879e+08 4.9758e+06
0.268 8.5847e+07 1.7169e+06
0.269 7.6187e+07 1.5237e+06
0.27 1.5617e+08 3.1234e+06
0.271 3.2232e+08 6.4463e+06
0.272 1.7431e+08 3.4862e+06
0.273 2.2978e+08 4.5957e+06
0.274 1.5241e+08 3.0481e+06
0.275 2.5132e+08 5.0264e+06
0.276 1.6421e+08 3.2842e+06
0.277 2.5057e+08 5.0115e+06
0.278 2.8483e+08 5.6966e+06
0.279 1.1743e+08 2.3486e+06
0.28 2.2125e+08 4.4249e+06
0.281 2.3061e+08 4.6121e+06
0.282 2.2377e+08 4.4755e+06
0.283 1.8949e+08 3.7898e+06
0.284 1.8523e+08 3.7047e+06
0.285 1.7343e+08 3.4686e+06
0.286 2.5373e+08 5.0747e+06
0.287 2.9317e+08 5.8633e+06
0.288 1.8594e+08 3.7189e+06
0.289 6.9296e+07 1.3859e+06
0.29 2.208e+08 4.416e+06
0.291 1.5911e+08 3.1822e+06
0.292 2.3168e+08 4.6336e+06
0.293 2.7305e+08 5.4611e+06
0.294 1.2436e+08 2.4873e+06
0.295 1.4857e+08 2.9713e+06
0.296 2.0144e+08 4.0287e+06
0.297 1.1707e+08 2.3413e+06
0.298 1.8091e+08 3.6182e+06
0.299 2.5524e+08 5.1047e+06
0.3 1.4187e+08 2.8375e+06
0.301 2.8034e+08 5.6068e+06
0.302 1.8346e+08 3.6692e+06
0.303 8.0337e+07 1.6067e+06
0.304 8.2352e+07 1.647e+06
0.305 2.0857e+08 4.1714e+06
0.306 1.6887e+08 3.3774e+06
0.307 1.3794e+08 2.7588e+06
0.308 1.844e+08 3.6879e+06
0.309 2.0647e+08 4.1293e+06
0.31 1.8349e+08 3.6698e+06
0.311 2.3137e+08 4.6275e+06
0.312 2.0492e+08 4.0984e+06
0.313 1.4718e+08 2.9436e+06
0.314 2.0601e+08 4.1202e+06
0.315 1.2266e+08 2.4532e+06
0.316 1.7278e+08 3.4555e+06
0.317 1.4573e+08 2.9145e+06
0.318 2.1173e+08 4.2345e+06
0.319 2.0851e+08 4.1701e+06
0.32 1.5626e+08 3.1251e+06
0.321 3.0558e+08 6.1115e+06
0.322 2.6269e+08 5.2537e+06
0.323 2.2337e+08 4.4673e+06
0.324 2e+08 4e+06
0.325 2.676e+08 5.352e+06
0.326 1.7674e+08 3.5349e+06
0.327 1.8301e+08 3.6602e+06
0.328 1.7482e+08 3.4964e+06
0.329 1.833e+08 3.6661e+06
0.33 1.5988e+08 3.1975e+06
0.331 1.2829e+08 2.5658e+06
0.332 1.6779e+08 3.3557e+06
0.333 1.3738e+08 2.7476e+06
0.334 1.1363e+08 2.2726e+06
0.335 1.2027e+08 2.4053e+06
0.336 1.1269e+08 2.2538e+06
0.337 2.2145e+08 4.4291e+06
0.338 1.9326e+08 3.8652e+06
0.339 1.4089e+08 2.8177e+06
0.34 1.8759e+08 3.7518e+06
0.341 2.1444e+08 4.2888e+06
0.342 1.4399e+08 2.8798e+06
0.343 1.255e+08 2.51e+06
0.344 1.6446e+08 3.2891e+06
0.345 1.1464e+08 2.2929e+06
0.346 1.3924e+08 2.7847e+06
0.347 1.9413e+08 3.8826e+06
0.348 2.067e+08 4.1341e+06
0.349 1.2211e+08 2.4422e+06
0.35 2.6499e+08 5.2998e+06
0.351 1.994e+08 3.9881e+06
0.352 1.2616e+08 2.5232e+06
0.353 1.4377e+08 2.8754e+06
0.354 1.4312e+08 2.8624e+06
0.355 1.6241e+08 3.2482e+06
0.356 2.1025e+08 4.205e+06
0.357 3.0378e+08 6.0756e+06
0.358 2.1134e+08 4.2268e+06
0.359 2.9067e+08 5.8135e+06
0.36 2.2532e+08 4.5064e+06
0.361 1.8874e+08 3.7747e+06
0.362 1.3711e+08 2.7423e+06
0.363 1.9066e+08 3.8132e+06
0.364 1.8627e+08 3.7254e+06
0.365 1.6068e+08 3.2137e+06
0.366 1.2085e+08 2.4171e+06
0.367 1.879e+08 3.758e+06
0.368 1.6458e+08 3.2916e+06
0.369 4.1539e+07 8.3078e+05
0.37 1.7017e+08 3.4034e+06
0.371 1.9302e+08 3.8604e+06
0.372 1.4419e+08 2.8837e+06
0.373 7.3292e+07 1.4658e+06
0.374 1.6348e+08 3.2696e+06
0.375 2.3597e+08 4.7195e+06
0.376 1.5202e+08 3.0405e+06
0.377 1.5611e+08 3.1222e+06
0.378 1.5851e+08 3.1703e+06
0.379 1.4878e+08 2.9756e+06
0.38 1.4589e+08 2.9178e+06
0.381 1.2783e+08 2.5567e+06
0.382 1.9283e+08 3.8567e+06
0.383 1.55e+08 3.0999e+06
0.384 5.9033e+07 1.1807e+06
0.385 1.0047e+08 2.0094e+06
0.386 5.7226e+07 1.1445e+06
0.387 1.1662e+08 2.3324e+06
0.388 8.7623e+07 1.7525e+06
0.389 1.7759e+08 3.5519e+06
0.39 9.5723e+07 1.9145e+06
0.391 1.3429e+08 2.6858e+06
0.392 6.048e+07 1.2096e+06
0.393 2.2245e+08 4.449e+06
0.394 1.8128e+08 3.6257e+06
0.395 1.2261e+08 2.4523e+06
0.396 1.4598e+08 2.9196e+06
0.397 1.77e+08 3.54e+06
0.398 1.3e+08 2.5999e+06
0.399 1.1381e+08 2.2762e+06
0.4 1.6903e+08 3.3806e+06
0.401 1.2086e+08 2.4172e+06
0.402 1.0525e+08 2.105e+06
0.403 1.6698e+08 3.3396e+06
0.404 1.4057e+08 2.8115e+06
0.405 6.1353e+07 1.2271e+06
0.406 2.5575e+08 5.115e+06
0.407 2.4967e+08 4.9935e+06
0.408 1.3691e+08 2.7383e+06
0.409 5.7173e+07 1.1435e+06
0.41 2.7395e+08 5.479e+06
0.411 9.4758e+07 1.8952e+06
0.412 1.431e+08 2.862e+06
0.413 2.1861e+08 4.3721e+06
0.414 1.39e+08 2.78e+06
0.415 1.9134e+08 3.8268e+06
0.416 1.8573e+08 3.7146e+06
0.417 1.1452e+08 2.2904e+06
0.418 1.336e+08 2.6719e+06
0.419 9.7864e+07 1.9573e+06
0.42 9.5472e+07 1.9094e+06
0.421 2.0278e+08 4.0556e+06
0.422 1.4354e+08 2.8708e+06
0.423 1.7365e+08 3.473e+06
0.424 1.2647e+08 2.5295e+06
0.425 2.0095e+07 4.019e+05
0.426 1.9789e+08 3.9578e+06
0.427 1.0227e+08 2.0454e+06
0.428 1.1291e+08 2.2583e+06
0.429 1.5735e+08 3.147e+06
0.43 1.302e+08 2.604e+06
0.431 1.2231e+08 2.4461e+06
0.432 1.3879e+08 2.7759e+06
0.433 1.194e+08 2.3881e+06
0.434 1.4233e+08 2.8466e+06
0.435 1.6609e+08 3.3219e+06
0.436 1.4767e+08 2.9533e+06
0.437 1.1184e+08 2.2368e+06
0.438 1.0568e+08 2.1135e+06
0.439 1.8069e+08 3.6138e+06
0.44 1.6213e+08 3.2426e+06
0.441 2.1076e+08 4.2152e+06
0.442 1.9045e+08 3.8091e+06
0.443 1.8655e+08 3.731e+06
0.444 1.5165e+08 3.0329e+06
0.445 8.9224e+07 1.7845e+06
0.446 7.6443e+07 1.5289e+06
0.447 1.512e+08 3.0239e+06
0.448 1.4256e+08 2.8513e+06
0.449 1.3585e+08 2.717e+06
0.45 1.4445e+08 2.8889e+06
0.451 1.6945e+08 3.389e+06
0.452 6.8366e+07 1.3673e+06
0.453 1.3015e+08 2.603e+06
0.454 1.8876e+08 3.7752e+06
0.455 1.2656e+08 2.5311e+06
0.456 1.0463e+08 2.0925e+06
0.457 1.43e+08 2.8599e+06
0.458 9.4409e+07 1.8882e+06
0.459 1.685e+08 3.3699e+06
0.46 2.0415e+08 4.083e+06
0.461 2.0379e+08 4.0758e+06
0.462 1.3637e+08 2.7274e+06
0.463 1.5037e+08 3.0074e+06
0.464 2.2788e+08 4.5576e+06
0.465 1.3989e+08 2.7979e+06
0.466 1.1856e+08 2.3711e+06
0.467 1.7629e+08 3.5257e+06
0.468 1.9107e+08 3.8215e+06
0.469 1.3548e+08 2.7096e+06
0.47 2.1739e+08 4.3479e+06
0.471 1.5902e+08 3.1805e+06
0.472 9.3682e+07 1.8736e+06
0.473 1.0924e+08 2.1847e+06
0.474 1.1931e+08 2.3862e+06
0.475 2.0551e+08 4.1101e+06
0.476 1.8482e+08 3.6964e+06
0.477 1.317e+08 2.634e+06
0.478 1.6114e+08 3.2227e+06
0.479 1.2077e+08 2.4155e+06
0.48 1.271e+08 2.542e+06
0.481 9.358e+07 1.8716e+06
0.482 1.7816e+08 3.5632e+06
0.483 1.6268e+08 3.2536e+06
0.484 2.9039e+07 5.8079e+05
0.485 1.8295e+08 3.659e+06
0.486 1.3773e+08 2.7546e+06
0.487 9.85e+07 1.97e+06
0.488 1.1063e+08 2.2125e+06
0.489 1.4208e+08 2.8416e+06
0.49 1.3554e+08 2.7109e+06
0.491 9.5335e+07 1.9067e+06
0.492 1.1261e+08 2.2522e+06
0.493 1.1372e+08 2.2744e+06
0.494 1.1582e+08 2.3165e+06
0.495 1.2553e+08 2.5106e+06
0.496 1.3404e+08 2.6808e+06
0.497 1.8899e+08 3.7798e+06
0.498 1.5487e+08 3.0974e+06
0.499 1.7421e+08 3.4842e+06
0.5 4.5062e+07 9.0123e+05
