0.001 6.7314e+10 1.3463e+09
0.002 6.5639e+10 1.3128e+09
0.003 6.9867e+10 1.3973e+09
0.004 6.7606e+10 1.3521e+09
0.005 7.182e+10 1.4364e+09
0.006 6.6822e+10 1.3364e+09
0.007 6.9308e+10 1.3862e+09
0.008 6.9713e+10 1.3943e+09
0.009 6.6901e+10 1.338e+09
0.01 6.8473e+10 1.3695e+09
0.011 6.8052e+10 1.361e+09
0.012 6.6419e+10 1.3284e+09
0.013 6.6427e+10 1.3285e+09
0.014 6.6775e+10 1.3355e+09
0.015 6.7899e+10 1.358e+09
0.016 6.7243e+10 1.3449e+09
0.017 6.5752e+10 1.315e+09
0.018 6.4935e+10 1.2987e+09
0.019 6.4219e+10 1.2844e+09
0.02 6.3479e+10 1.2696e+09
0.021 6.2403e+10 1.2481e+09
0.022 6.3685e+10 1.2737e+09
0.023 6.3794e+10 1.2759e+09
0.024 6.1457e+10 1.2291e+09
0.025 6.119e+10 1.2238e+09
0.026 6.1668e+10 1.2334e+09
0.027 6.1197e+10 1.2239e+09
0.028 6.0171e+10 1.2034e+09
0.029 5.8524e+10 1.1705e+09
0.03 5.8588e+10 1.1718e+09
0.031 5.8844e+10 1.1769e+09
0.032 5.6871e+10 1.1374e+09
0.033 5.6417e+10 1.1283e+09
0.034 5.5734e+10 1.1147e+09
0.035 5.5944e+10 1.1189e+09
0.036 5.3603e+10 1.0721e+09
0.037 5.3929e+10 1.0786e+09
0.038 5.3145e+10 1.0629e+09
0.039 5.3317e+10 1.0663e+09
0.04 5.1686e+10 1.0337e+09
0.041 5.1094e+10 1.0219e+09
0.042 5.1206e+10 1.0241e+09
0.043 4.9857e+10 9.9715e+08
0.044 4.8465e+10 9.693e+08
0.045 4.8572e+10 9.7143e+08
0.046 4.6774e+10 9.3549e+08
0.047 4.6071e+10 9.2142e+08
0.048 4.5531e+10 9.1062e+08
0.049 4.4655e+10 8.9311e+08
0.05 4.3755e+10 8.751e+08
0.051 4.3606e+10 8.7212e+08
0.052 4.2428e+10 8.4856e+08
0.053 4.1709e+10 8.3417e+08
0.054 4.1455e+10 8.2909e+08
0.055 4.0543e+10 8.1087e+08
0.056 3.9968e+10 7.9935e+08
0.057 3.7926e+10 7.5851e+08
0.058 3.7407e+10 7.4815e+08
0.059 3.794e+10 7.588e+08
0.06 3.5888e+10 7.1775e+08
0.061 3.5163e+10 7.0326e+08
0.062 3.5113e+10 7.0225e+08
0.063 3.4291e+10 6.8582e+08
0.064 3.3643e+10 6.7286e+08
0.065 3.2088e+10 6.4176e+08
0.066 3.1523e+10 6.3047e+08
0.067 3.0717e+10 6.1435e+08
0.068 3.0204e+10 6.0407e+08
0.069 2.9246e+10 5.8493e+08
0.07 2.9144e+10 5.8287e+08
0.071 2.8291e+10 5.6582e+08
0.072 2.7554e+10 5.5109e+08
0.073 2.6586e+10 5.3171e+08
0.074 2.5877e+10 5.1754e+08
0.075 2.5055e+10 5.0109e+08
0.076 2.4755e+10 4.9511e+08
0.077 2.4107e+10 4.8215e+08
0.078 2.3292e+10 4.6585e+08
0.079 2.2836e+10 4.5671e+08
0.08 2.1147e+10 4.2294e+08
0.081 2.1982e+10 4.3964e+08
0.082 2.1008e+10 4.2017e+08
0.083 2.0409e+10 4.0819e+08
0.084 1.9599e+10 3.9199e+08
0.085 1.9544e+10 3.9087e+08
0.086 1.8763e+10 3.7525e+08
0.087 1.8054e+10 3.6109e+08
0.088 1.7903e+10 3.5806e+08
0.089 1.6829e+10 3.3659e+08
0.09 1.6857e+10 3.3714e+08
0.091 1.618e+10 3.236e+08
0.092 1.5757e+10 3.1514e+08
0.093 1.4997e+10 2.9994e+08
0.094 1.3899e+10 2.7798e+08
0.095 1.4323e+10 2.8645e+08
0.096 1.3725e+10 2.7451e+08
0.097 1.3257e+10 2.6514e+08
0.098 1.2926e+10 2.5851e+08
0.099 1.2615e+10 2.5229e+08
0.1 1.2021e+10 2.4041e+08
0.101 1.163e+10 2.3259e+08
0.102 1.1316e+10 2.2633e+08
0.103 1.1373e+10 2.2745e+08
0.104 1.0703e+10 2.1405e+08
0.105 1.043e+10 2.086e+08
0.106 9.8933e+09 1.9787e+08
0.107 9.3869e+09 1.8774e+08
0.108 9.4616e+09 1.8923e+08
0.109 9.0575e+09 1.8115e+08
0.11 8.692e+09 1.7384e+08
0.111 8.3611e+09 1.6722e+08
0.112 7.9247e+09 1.5849e+08
0.113 7.6804e+09 1.5361e+08
0.114 7.5346e+09 1.5069e+08
0.115 7.2167e+09 1.4433e+08
0.116 7.2908e+09 1.4582e+08
0.117 6.9806e+09 1.3961e+08
0.118 6.5566e+09 1.3113e+08
0.119 6.5342e+09 1.3068e+08
0.12 5.9034e+09 1.1807e+08
0.121 5.8385e+09 1.1677e+08
0.122 5.637e+09 1.1274e+08
0.123 5.4633e+09 1.0927e+08
0.124 5.438e+09 1.0876e+08
0.125 5.1168e+09 1.0234e+08
0.126 4.9718e+09 9.9436e+07
0.127 4.7443e+09 9.4885e+07
0.128 4.5416e+09 9.0831e+07
0.129 4.5559e+09 9.1119e+07
0.13 4.3785e+09 8.7571e+07
0.131 4.3859e+09 8.7718e+07
0.132 4.1161e+09 8.2323e+07
0.133 4.0088e+09 8.0177e+07
0.134 3.9698e+09 7.9397e+07
0.135 3.6292e+09 7.2585e+07
0.136 3.5134e+09 7.0269e+07
0.137 3.3032e+09 6.6065e+07
0.138 3.2876e+09 6.5752e+07
0.139 3.1209e+09 6.2418e+07
0.14 2.9633e+09 5.9266e+07
0.141 3.0189e+09 6.0379e+07
0.142 2.8554e+09 5.7108e+07
0.143 2.8991e+09 5.7981e+07
0.144 2.6923e+09 5.3846e+07
0.145 2.58e+09 5.1599e+07
0.146 2.5344e+09 5.0689e+07
0.147 2.458e+09 4.916e+07
0.148 2.6575e+09 5.315e+07
0.149 2.5236e+09 5.0472e+07
0.15 2.3251e+09 4.6502e+07
0.151 2.3107e+09 4.6213e+07
0.152 2.1652e+09 4.3304e+07
0.153 2.0708e+09 4.1416e+07
0.154 2.086e+09 4.1721e+07
0.155 1.9704e+09 3.9408e+07
0.156 2.1358e+09 4.2716e+07
0.157 1.8728e+09 3.7456e+07
0.158 1.8011e+09 3.6022e+07
0.159 1.8443e+09 3.6886e+07
0.16 1.8479e+09 3.6958e+07
0.161 1.8839e+09 3.7678e+07
0.162 1.6477e+09 3.2955e+07
0.163 1.6389e+09 3.2777e+07
0.164 1.6515e+09 3.3031e+07
0.165 1.6362e+09 3.2724e+07
0.166 1.5458e+09 3.0917e+07
0.167 1.4254e+09 2.8508e+07
0.168 1.4891e+09 2.9783e+07
0.169 1.3598e+09 2.7195e+07
0.17 1.2559e+09 2.5119e+07
0.171 1.2596e+09 2.5192e+07
0.172 1.3705e+09 2.7409e+07
0.173 1.2565e+09 2.513e+07
0.174 1.2788e+09 2.5576e+07
0.175 1.2935e+09 2.587e+07
0.176 1.2109e+09 2.4218e+07
0.177 1.2418e+09 2.4835e+07
0.178 1.1373e+09 2.2746e+07
0.179 1.1049e+09 2.2098e+07
0.18 1.178e+09 2.356e+07
0.181 1.0148e+09 2.0296e+07
0.182 1.076e+09 2.152e+07
0.183 1.111e+09 2.2221e+07
0.184 9.9292e+08 1.9858e+07
0.185 9.2602e+08 1.852e+07
0.186 9.9294e+08 1.9859e+07
0.187 8.708e+08 1.7416e+07
0.188 8.2376e+08 1.6475e+07
0.189 9.5205e+08 1.9041e+07
0.19 7.9857e+08 1.5971e+07
0.191 8.1451e+08 1.629e+07
0.192 6.6252e+08 1.325e+07
0.193 7.8915e+08 1.5783e+07
0.194 8.0033e+08 1.6007e+07
0.195 8.8591e+08 1.7718e+07
0.196 6.7763e+08 1.3553e+07
0.197 8.5039e+08 1.7008e+07
0.198 6.8477e+08 1.3695e+07
0.199 7.9541e+08 1.5908e+07
0.2 7.6868e+08 1.5374e+07
0.201 6.4929e+08 1.2986e+07
0.202 6.9431e+08 1.3886e+07
0.203 6.7497e+08 1.3499e+07
0.204 7.1908e+08 1.4382e+07
0.205 5.6316e+08 1.1263e+07
0.206 5.0497e+08 1.0099e+07
0.207 5.8912e+08 1.1782e+07
0.208 5.824e+08 1.1648e+07
0.209 5.5509e+08 1.1102e+07
0.21 4.8873e+08 9.7747e+06
0.211 4.3434e+08 8.6868e+06
0.212 4.812e+08 9.6239e+06
0.213 6.318e+08 1.2636e+07
0.214 4.7923e+08 9.5846e+06
0.215 4.1291e+08 8.2583e+06
0.216 4.794e+08 9.5879e+06
0.217 5.6124e+08 1.1225e+07
0.218 2.5954e+08 5.1907e+06
0.219 4.2212e+08 8.4423e+06
0.22 4.0291e+08 8.0581e+06
0.221 2.9221e+08 5.8441e+06
0.222 2.8837e+08 5.7674e+06
0.223 4.3052e+08 8.6103e+06
0.224 3.8918e+08 7.7836e+06
0.225 4.8535e+08 9.707e+06
0.226 4.7146e+08 9.4292e+06
0.227 3.9847e+08 7.9693e+06
0.228 3.17e+08 6.34e+06
0.229 1.7763e+08 3.5525e+06
0.23 4.1791e+08 8.3581e+06
0.231 4.9252e+08 9.8505e+06
0.232 2.8218e+08 5.6435e+06
0.233 3.0663e+08 6.1327e+06
0.234 3.9714e+08 7.9428e+06
0.235 3.2612e+08 6.5225e+06
0.236 3.1454e+08 6.2909e+06
0.237 2.9929e+08 5.9858e+06
0.238 2.1444e+08 4.2887e+06
0.239 2.6075e+08 5.215e+06
0.24 3.4944e+08 6.9888e+06
0.241 1.9345e+08 3.869e+06
0.242 3.0938e+08 6.1876e+06
0.243 1.7879e+08 3.5758e+06
0.244 3.4839e+08 6.9678e+06
0.245 3.0929e+08 6.1858e+06
0.246 2.2196e+08 4.4391e+06
0.247 4.5556e+08 9.1112e+06
0.248 1.8596e+08 3.7192e+06
0.249 2.4638e+08 4.9276e+06
0.25 1.3268e+08 2.6536e+06
0.251 1.7103e+08 3.4206e+06
0.252 2.461e+08 4.922e+06
0.253 3.1774e+08 6.3547e+06
0.254 2.9692e+08 5.9384e+06
0.255 2.6977e+08 5.3955e+06
0.256 1.0758e+08 2.1516e+06
0.257 2.37e+08 4.7401e+06
0.258 1.3481e+08 2.6961e+06
0.259 1.3609e+08 2.7218e+06
0.26 1.5682e+08 3.1364e+06
0.261 2.4049e+08 4.8099e+06
0.262 1.0959e+08 2.1917e+06
0.263 1.7668e+08 3.5336e+06
0.264 1.8074e+08 3.6148e+06
0.265 1.136e+08 2.2721e+06
0.266 2.4063e+08 4.8126e+06
0.267 1.5224e+08 3.0448e+06
0.268 1.5646e+08 3.1291e+06
0.269 2.2575e+08 4.5151e+06
0.27 1.6795e+08 3.359e+06
0.271 2.139e+08 4.2781e+06
0.272 2.1973e+08 4.3945e+06
0.273 2.7333e+08 5.4666e+06
0.274 1.3151e+08 2.6303e+06
0.275 1.1975e+08 2.395e+06
0.276 2.5213e+08 5.0425e+06
0.277 2.2263e+08 4.4526e+06
0.278 1.3476e+08 2.6952e+06
0.279 1.7955e+08 3.5911e+06
0.28 3.6141e+08 7.2283e+06
0.281 2.1019e+08 4.2038e+06
0.282 1.4393e+08 2.8786e+06
0.283 2.1718e+08 4.3436e+06
0.284 2.9428e+08 5.8856e+06
0.285 2.1985e+08 4.397e+06
0.286 1.4986e+08 2.9972e+06
0.287 2.4912e+08 4.9824e+06
0.288 7.9499e+07 1.59e+06
0.289 2.773e+08 5.546e+06
0.29 1.5649e+08 3.1299e+06
0.291 2.7019e+08 5.4038e+06
0.292 1.6961e+08 3.3921e+06
0.293 1.9525e+08 3.905e+06
0.294 2.6141e+08 5.2281e+06
0.295 2.9622e+08 5.9245e+06
0.296 6.8909e+07 1.3782e+06
0.297 2.8415e+08 5.683e+06
0.298 2.43e+08 4.8601e+06
0.299 2.2591e+08 4.5183e+06
0.3 2.0719e+08 4.1438e+06
0.301 2.6148e+08 5.2297e+06
0.302 2.3696e+08 4.7392e+06
0.303 2.0608e+08 4.1217e+06
0.304 2.7727e+08 5.5453e+06
0.305 2.4622e+08 4.9245e+06
0.306 1.8913e+08 3.7826e+06
0.307 2.8256e+08 5.6512e+06
0.308 1.7035e+08 3.407e+06
0.309 2.4438e+08 4.8876e+06
0.31 1.276e+08 2.5521e+06
0.311 1.1578e+08 2.3156e+06
0.312 6.3823e+07 1.2765e+06
0.313 2.7675e+08 5.5349e+06
0.314 2.5839e+08 5.1677e+06
0.315 1.7602e+08 3.5204e+06
0.316 2.4347e+08 4.8695e+06
0.317 2.4139e+08 4.8279e+06
0.318 2.5844e+08 5.1688e+06
0.319 2.3192e+08 4.6384e+06
0.32 1.2012e+08 2.4025e+06
0.321 5.0454e+07 1.0091e+06
0.322 2.116e+08 4.2319e+06
0.323 2.1013e+08 4.2025e+06
0.324 1.4394e+08 2.8788e+06
0.325 2.5069e+08 5.0138e+06
0.326 1.8936e+08 3.7872e+06
0.327 1.7234e+08 3.4469e+06
0.328 1.5052e+08 3.0103e+06
0.329 2.0707e+08 4.1413e+06
0.33 2.1197e+08 4.2394e+06
0.331 2.451e+08 4.9021e+06
0.332 2.3703e+08 4.7407e+06
0.333 1.8305e+08 3.661e+06
0.334 1.7539e+08 3.5078e+06
0.335 2.2454e+08 4.4908e+06
0.336 2.183e+08 4.3661e+06
0.337 1.3419e+08 2.6839e+06
0.338 2.6772e+08 5.3543e+06
0.339 2.8132e+08 5.6263e+06
0.34 1.2746e+08 2.5492e+06
0.341 1.5667e+08 3.1334e+06
0.342 2.8122e+08 5.6244e+06
0.343 1.6534e+08 3.3068e+06
0.344 1.49e+08 2.98e+06
0.345 2.1911e+08 4.3822e+06
0.346 2.4278e+08 4.8555e+06
0.347 1.5338e+08 3.0677e+06
0.348 2.1102e+08 4.2204e+06
0.349 2.8323e+08 5.6646e+06
0.35 2.8105e+08 5.621e+06
0.351 1.4199e+08 2.8399e+06
0.352 1.4501e+08 2.9001e+06
0.353 1.9164e+08 3.8328e+06
0.354 2.9485e+08 5.8969e+06
0.355 1.4223e+08 2.8446e+06
0.356 2.5545e+08 5.1089e+06
0.357 6.3837e+07 1.2767e+06
0.358 1.5878e+08 3.1757e+06
0.359 2.3362e+08 4.6725e+06
0.36 2.5592e+08 5.1183e+06
0.361 1.6819e+08 3.3639e+06
0.362 1.466e+08 2.9321e+06
0.363 1.5854e+08 3.1709e+06
0.364 1.7455e+08 3.491e+06
0.365 2.182e+08 4.3641e+06
0.366 2.9418e+08 5.8836e+06
0.367 2.4731e+08 4.9463e+06
0.368 2.5201e+08 5.0401e+06
0.369 1.7521e+08 3.5043e+06
0.37 2.1132e+08 4.2263e+06
0.371 2.1217e+08 4.2435e+06
0.372 1.4844e+08 2.9687e+06
0.373 2.0313e+08 4.0626e+06
0.374 1.7699e+08 3.5399e+06
0.375 1.6084e+08 3.2168e+06
0.376 1.6652e+08 3.3305e+06
0.377 1.3209e+08 2.6417e+06
0.378 1.4878e+08 2.9755e+06
0.379 8.7309e+07 1.7462e+06
0.38 1.7418e+08 3.4836e+06
0.381 2.1031e+08 4.2062e+06
0.382 1.3944e+08 2.7887e+06
0.383 1.6641e+08 3.3282e+06
0.384 1.728e+08 3.456e+06
0.385 1.8372e+08 3.6744e+06
0.386 1.5613e+08 3.1226e+06
0.387 1.4644e+08 2.9287e+06
0.388 1.035e+08 2.0701e+06
0.389 6.3513e+07 1.2703e+06
0.39 2.5999e+08 5.1998e+06
0.391 4.7573e+07 9.5145e+05
0.392 2.1781e+08 4.3562e+06
0.393 1.3194e+08 2.6389e+06
0.394 2.0056e+08 4.0113e+06
0.395 1.8864e+08 3.7728e+06
0.396 2.5933e+08 5.1866e+06
0.397 1.5274e+08 3.0547e+06
0.398 1.1484e+08 2.2968e+06
0.399 1.2628e+08 2.5256e+06
0.4 1.6328e+08 3.2655e+06
0.401 5.6159e+07 1.1232e+06
0.402 1.9047e+08 3.8093e+06
0.403 1.6023e+08 3.2046e+06
0.404 1.9659e+08 3.9319e+06
0.405 1.0516e+08 2.1033e+06
0.406 2.16e+08 4.3199e+06
0.407 1.9233e+08 3.8466e+06
0.408 1.5894e+08 3.1787e+06
0.409 1.9719e+08 3.9438e+06
0.41 1.5469e+08 3.0938e+06
0.411 1.6186e+08 3.2373e+06
0.412 2.2821e+08 4.5642e+06
0.413 2.0309e+08 4.0617e+06
0.414 1.0828e+08 2.1656e+06
0.415 2.1823e+08 4.3645e+06
0.416 2.4272e+08 4.8544e+06
0.417 1.2482e+08 2.4964e+06
0.418 1.0953e+08 2.1907e+06
0.419 1.1326e+08 2.2652e+06
0.42 9.8472e+07 1.9694e+06
0.421 1.2363e+08 2.4727e+06
0.422 8.4981e+07 1.6996e+06
0.423 1.9948e+08 3.9897e+06
0.424 1.7262e+08 3.4524e+06
0.425 1.2431e+08 2.4863e+06
0.426 1.9716e+08 3.9432e+06
0.427 2.0266e+08 4.0532e+06
0.428 4.6376e+07 9.2752e+05
0.429 1.5652e+08 3.1304e+06
0.43 1.2034e+08 2.4067e+06
0.431 2.553e+08 5.1059e+06
0.432 1.7248e+08 3.4497e+06
0.433 1.2538e+08 2.5076e+06
0.434 1.7411e+08 3.4821e+06
0.435 1.532e+08 3.064e+06
0.436 1.7285e+08 3.457e+06
0.437 1.636e+08 3.2721e+06
0.438 1.9151e+08 3.8302e+06
0.439 2.0318e+08 4.0636e+06
0.44 1.2774e+08 2.5548e+06
0.441 9.457e+07 1.8914e+06
0.442 1.7789e+08 3.5577e+06
0.443 1.5668e+08 3.1335e+06
0.444 1.4805e+08 2.961e+06
0.445 1.0458e+08 2.0917e+06
0.446 2.0648e+08 4.1297e+06
0.447 1.797e+08 3.5941e+06
0.448 1.4964e+08 2.9928e+06
0.449 1.0648e+08 2.1297e+06
0.45 1.4563e+08 2.9125e+06
0.451 1.6992e+08 3.3983e+06
0.452 1.6188e+08 3.2375e+06
0.453 2.0995e+08 4.199e+06
0.454 1.7506e+08 3.5012e+06
0.455 1.8943e+08 3.7887e+06
0.456 1.0123e+08 2.0246e+06
0.457 1.4445e+08 2.889e+06
0.458 1.9979e+08 3.9959e+06
0.459 2.1313e+08 4.2626e+06
0.46 2.3642e+08 4.7283e+06
0.461 1.1048e+08 2.2096e+06
0.462 2.1131e+08 4.2262e+06
0.463 2.0505e+08 4.101e+06
0.464 1.6217e+08 3.2434e+06
0.465 7.5714e+07 1.5143e+06
0.466 1.8849e+08 3.7698e+06
0.467 1.8417e+08 3.6834e+06
0.468 2.6441e+08 5.2881e+06
0.469 9.4169e+07 1.8834e+06
0.47 1.7704e+08 3.5408e+06
0.471 1.4453e+08 2.8906e+06
0.472 2.4767e+08 4.9534e+06
0.473 1.0653e+08 2.1307e+06
0.474 2.3153e+08 4.6305e+06
0.475 1.296e+08 2.5921e+06
0.476 1.1167e+08 2.2335e+06
0.477 1.0934e+08 2.1868e+06
0.478 1.4892e+08 2.9783e+06
0.479 1.5147e+08 3.0295e+06
0.48 3.4497e+08 6.8995e+06
0.481 1.3815e+08 2.7631e+06
0.482 1.799e+08 3.5981e+06
0.483 1.5277e+08 3.0554e+06
0.484 2.3365e+08 4.6729e+06
0.485 7.9152e+07 1.583e+06
0.486 2.1458e+08 4.2915e+06
0.487 1.8557e+08 3.7114e+06
0.488 6.0718e+07 1.2144e+06
0.489 7.6006e+07 1.5201e+06
0.49 1.8757e+08 3.7514e+06
0.491 1.8282e+08 3.6563e+06
0.492 2.1861e+08 4.3722e+06
0.493 1.528e+08 3.056e+06
0.494 2.3156e+08 4.6312e+06
0.495 2.6607e+08 5.3213e+06
0.496 9.4173e+07 1.8835e+06
0.497 2.0269e+08 4.0538e+06
0.498 1.2544e+08 2.5088e+06
0.499 1.5129e+08 3.0258e+06
0.5 1.9463e+08 3.8927e+06
