0.001 4.1424e+10 8.2849e+08
0.002 4.0889e+10 8.1777e+08
0.003 4.1848e+10 8.3696e+08
0.004 4.2441e+10 8.4881e+08
0.005 4.094e+10 8.1881e+08
0.006 4.2381e+10 8.4761e+08
0.007 4.3158e+10 8.6317e+08
0.008 4.2258e+10 8.4516e+08
0.009 4.167e+10 8.3339e+08
0.01 4.2289e+10 8.4579e+08
0.011 4.2095e+10 8.4191e+08
0.012 4.172e+10 8.3439e+08
0.013 4.2095e+10 8.419e+08
0.014 4.1498e+10 8.2996e+08
0.015 4.1354e+10 8.2708e+08
0.016 4.101e+10 8.2021e+08
0.017 4.0645e+10 8.1291e+08
0.018 3.9754e+10 7.9509e+08
0.019 3.8787e+10 7.7574e+08
0.02 4.0105e+10 8.0211e+08
0.021 3.8727e+10 7.7454e+08
0.022 3.8929e+10 7.7858e+08
0.023 3.8746e+10 7.7492e+08
0.024 3.9075e+10 7.8149e+08
0.025 3.7976e+10 7.5952e+08
0.026 3.7729e+10 7.5459e+08
0.027 3.7622e+10 7.5244e+08
0.028 3.7126e+10 7.4251e+08
0.029 3.6663e+10 7.3326e+08
0.03 3.605e+10 7.21e+08
0.031 3.6013e+10 7.2027e+08
0.032 3.5791e+10 7.1583e+08
0.033 3.4953e+10 6.9906e+08
0.034 3.4785e+10 6.9569e+08
0.035 3.416e+10 6.8319e+08
0.036 3.3392e+10 6.6785e+08
0.037 3.3322e+10 6.6644e+08
0.038 3.2255e+10 6.451e+08
0.039 3.2186e+10 6.4373e+08
0.04 3.1891e+10 6.3782e+08
0.041 3.0942e+10 6.1883e+08
0.042 3.0705e+10 6.1411e+08
0.043 3.0193e+10 6.0386e+08
0.044 2.955e+10 5.9099e+08
0.045 2.9167e+10 5.8333e+08
0.046 2.8727e+10 5.7454e+08
0.047 2.8397e+10 5.6794e+08
0.048 2.7658e+10 5.5316e+08
0.049 2.6867e+10 5.3735e+08
0.05 2.67e+10 5.34e+08
0.051 2.6414e+10 5.2827e+08
0.052 2.5444e+10 5.0888e+08
0.053 2.5023e+10 5.0046e+08
0.054 2.4408e+10 4.8815e+08
0.055 2.4287e+10 4.8573e+08
0.056 2.3293e+10 4.6586e+08
0.057 2.3725e+10 4.745e+08
0.058 2.2598e+10 4.5196e+08
0.059 2.174e+10 4.3479e+08
0.06 2.167e+10 4.3341e+08
0.061 2.0857e+10 4.1715e+08
0.062 2.0854e+10 4.1708e+08
0.063 2.013e+10 4.0259e+08
0.064 2.0095e+10 4.0189e+08
0.065 1.9439e+10 3.8878e+08
0.066 1.8793e+10 3.7586e+08
0.067 1.8672e+10 3.7343e+08
0.068 1.767e+10 3.5341e+08
0.069 1.7532e+10 3.5065e+08
0.07 1.6767e+10 3.3534e+08
0.071 1.6492e+10 3.2984e+08
0.072 1.6427e+10 3.2854e+08
0.073 1.5907e+10 3.1815e+08
0.074 1.5199e+10 3.0397e+08
0.075 1.4776e+10 2.9552e+08
0.076 1.4446e+10 2.8891e+08
0.077 1.4058e+10 2.8116e+08
0.078 1.3458e+10 2.6915e+08
0.079 1.3426e+10 2.6851e+08
0.08 1.2938e+10 2.5876e+08
0.081 1.2343e+10 2.4685e+08
0.082 1.2555e+10 2.511e+08
0.083 1.1902e+10 2.3804e+08
0.084 1.1454e+10 2.2907e+08
0.085 1.0964e+10 2.1928e+08
0.086 1.0867e+10 2.1733e+08
0.087 1.041e+10 2.0821e+08
0.088 1.0125e+10 2.025e+08
0.089 9.9256e+09 1.9851e+08
0.09 9.2574e+09 1.8515e+08
0.091 9.2178e+09 1.8436e+08
0.092 9.035e+09 1.807e+08
0.093 8.6705e+09 1.7341e+08
0.094 8.3585e+09 1.6717e+08
0.095 8.0604e+09 1.6121e+08
0.096 7.9307e+09 1.5861e+08
0.097 7.7454e+09 1.5491e+08
0.098 7.3389e+09 1.4678e+08
0.099 7.1257e+09 1.4251e+08
0.1 6.9395e+09 1.3879e+08
0.101 6.4931e+09 1.2986e+08
0.102 6.6207e+09 1.3241e+08
0.103 6.3924e+09 1.2785e+08
0.104 5.9209e+09 1.1842e+08
0.105 5.6354e+09 1.1271e+08
0.106 5.6603e+09 1.1321e+08
0.107 5.347e+09 1.0694e+08
0.108 5.1817e+09 1.0363e+08
0.109 5.1449e+09 1.029e+08
0.11 4.8299e+09 9.6599e+07
0.111 4.7423e+09 9.4847e+07
0.112 4.5586e+09 9.1172e+07
0.113 4.3456e+09 8.6912e+07
0.114 4.1401e+09 8.2801e+07
0.115 4.0244e+09 8.0488e+07
0.116 4.1247e+09 8.2494e+07
0.117 3.9275e+09 7.855e+07
0.118 3.7042e+09 7.4085e+07
0.119 3.44e+09 6.8799e+07
0.12 3.4766e+09 6.9532e+07
0.121 3.2827e+09 6.5654e+07
0.122 3.0938e+09 6.1875e+07
0.123 3.1224e+09 6.2449e+07
0.124 3.1344e+09 6.2687e+07
0.125 2.9921e+09 5.9843e+07
0.126 2.8607e+09 5.7214e+07
0.127 2.627e+09 5.2539e+07
0.128 2.7561e+09 5.5122e+07
0.129 2.5063e+09 5.0125e+07
0.13 2.3819e+09 4.7638e+07
0.131 2.4307e+09 4.8613e+07
0.132 2.3473e+09 4.6946e+07
0.133 2.253e+09 4.5061e+07
0.134 2.0959e+09 4.1918e+07
0.135 2.1586e+09 4.3173e+07
0.136 1.8753e+09 3.7506e+07
0.137 1.8807e+09 3.7614e+07
0.138 2.0153e+09 4.0305e+07
0.139 1.7896e+09 3.5792e+07
0.14 1.7289e+09 3.4577e+07
0.141 1.7945e+09 3.5889e+07
0.142 1.7403e+09 3.4806e+07
0.143 1.6409e+09 3.2819e+07
0.144 1.553e+09 3.106e+07
0.145 1.5265e+09 3.0529e+07
0.146 1.5183e+09 3.0365e+07
0.147 1.495e+09 2.9899e+07
0.148 1.5303e+09 3.0607e+07
0.149 1.4095e+09 2.8189e+07
0.15 1.2829e+09 2.5659e+07
0.151 1.2248e+09 2.4495e+07
0.152 1.1873e+09 2.3746e+07
0.153 1.1538e+09 2.3075e+07
0.154 1.2828e+09 2.5655e+07
0.155 1.2221e+09 2.4442e+07
0.156 1.0987e+09 2.1974e+07
0.157 1.1261e+09 2.2522e+07
0.158 1.0998e+09 2.1996e+07
0.159 9.1458e+08 1.8292e+07
0.16 1.0069e+09 2.0139e+07
0.161 9.7686e+08 1.9537e+07
0.162 9.4325e+08 1.8865e+07
0.163 9.1451e+08 1.829e+07
0.164 8.4705e+08 1.6941e+07
0.165 8.8394e+08 1.7679e+07
0.166 7.6476e+08 1.5295e+07
0.167 8.3251e+08 1.665e+07
0.168 8.1049e+08 1.621e+07
0.169 8.0143e+08 1.6029e+07
0.17 8.2235e+08 1.6447e+07
0.171 7.8526e+08 1.5705e+07
0.172 7.6398e+08 1.528e+07
0.173 7.1783e+08 1.4357e+07
0.174 7.841e+08 1.5682e+07
0.175 7.0812e+08 1.4162e+07
0.176 6.1206e+08 1.2241e+07
0.177 6.1345e+08 1.2269e+07
0.178 6.8057e+08 1.3611e+07
0.179 5.9833e+08 1.1967e+07
0.18 6.0012e+08 1.2002e+07
0.181 6.0197e+08 1.2039e+07
0.182 5.7414e+08 1.1483e+07
0.183 5.2068e+08 1.0414e+07
0.184 5.7005e+08 1.1401e+07
0.185 5.1436e+08 1.0287e+07
0.186 5.6058e+08 1.1212e+07
0.187 5.3036e+08 1.0607e+07
0.188 6.0753e+08 1.2151e+07
0.189 5.2938e+08 1.0588e+07
0.19 4.6023e+08 9.2045e+06
0.191 4.909e+08 9.818e+06
0.192 5.7502e+08 1.15e+07
0.193 4.2475e+08 8.495e+06
0.194 4.4205e+08 8.841e+06
0.195 5.1626e+08 1.0325e+07
0.196 3.8979e+08 7.7959e+06
0.197 4.0105e+08 8.0211e+06
0.198 4.1285e+08 8.2571e+06
0.199 3.1768e+08 6.3536e+06
0.2 3.9953e+08 7.9906e+06
0.201 3.5765e+08 7.1531e+06
0.202 3.9901e+08 7.9803e+06
0.203 3.8606e+08 7.7212e+06
0.204 2.8321e+08 5.6642e+06
0.205 3.8136e+08 7.6272e+06
0.206 2.8459e+08 5.6918e+06
0.207 3.2306e+08 6.4613e+06
0.208 2.9056e+08 5.8111e+06
0.209 3.1639e+08 6.3278e+06
0.21 3.689e+08 7.3781e+06
0.211 4.2659e+08 8.5318e+06
0.212 2.8368e+08 5.6737e+06
0.213 2.6703e+08 5.3405e+06
0.214 2.0045e+08 4.0091e+06
0.215 1.9263e+08 3.8525e+06
0.216 2.6756e+08 5.3512e+06
0.217 2.9896e+08 5.9793e+06
0.218 1.9681e+08 3.9363e+06
0.219 2.2571e+08 4.5141e+06
0.22 2.3358e+08 4.6716e+06
0.221 2.567e+08 5.1339e+06
0.222 2.7286e+08 5.4571e+06
0.223 2.9198e+08 5.8397e+06
0.224 1.4498e+08 2.8995e+06
0.225 2.0546e+08 4.1092e+06
0.226 2.2191e+08 4.4383e+06
0.227 1.3099e+08 2.6199e+06
0.228 2.483e+08 4.966e+06
0.229 1.7066e+08 3.4131e+06
0.23 1.6453e+08 3.2906e+06
0.231 1.4756e+08 2.9512e+06
0.232 1.7656e+08 3.5311e+06
0.233 1.3026e+08 2.6051e+06
0.234 2.4023e+08 4.8046e+06
0.235 1.9069e+08 3.8139e+06
0.236 1.6353e+08 3.2707e+06
0.237 9.9167e+07 1.9833e+06
0.238 1.6328e+08 3.2657e+06
0.239 2.1425e+08 4.2851e+06
0.24 1.4592e+08 2.9185e+06
0.241 2.0287e+08 4.0573e+06
0.242 1.289e+08 2.5781e+06
0.243 1.3604e+08 2.7208e+06
0.244 1.9611e+08 3.9221e+06
0.245 1.7372e+08 3.4743e+06
0.246 1.4263e+08 2.8527e+06
0.247 1.5371e+08 3.0743e+06
0.248 2.9784e+07 5.9567e+05
0.249 1.2321e+08 2.4642e+06
0.25 1.9563e+08 3.9126e+06
0.251 1.8844e+08 3.7687e+06
0.252 1.128e+08 2.256e+06
0.253 7.8812e+07 1.5762e+06
0.254 1.0848e+08 2.1697e+06
0.255 1.053e+08 2.1061e+06
0.256 1.3985e+08 2.7971e+06
0.257 1.2742e+08 2.5484e+06
0.258 1.0775e+08 2.155e+06
0.259 1.0134e+08 2.0268e+06
0.26 7.9898e+07 1.598e+06
0.261 1.2978e+08 2.5955e+06
0.262 2.4178e+08 4.8357e+06
0.263 1.007e+08 2.0139e+06
0.264 6.316e+07 1.2632e+06
0.265 1.0887e+08 2.1774e+06
0.266 1.1235e+08 2.2471e+06
0.267 1.3761e+08 2.7522e+06
0.268 1.1973e+08 2.3945e+06
0.269 1.0474e+08 2.0948e+06
0.27 4.12e+07 8.24e+05
0.271 1.1605e+08 2.321e+06
0.272 1.7619e+08 3.5238e+06
0.273 6.2577e+07 1.2515e+06
0.274 7.5838e+07 1.5168e+06
0.275 1.5146e+08 3.0292e+06
0.276 1.2089e+08 2.4178e+06
0.277 1.3286e+08 2.6571e+06
0.278 1.7349e+08 3.4698e+06
0.279 1.872e+08 3.744e+06
0.28 1.1279e+08 2.2557e+06
0.281 1.957e+08 3.914e+06
0.282 1.0036e+08 2.0071e+06
0.283 6.6448e+07 1.329e+06
0.284 1.5259e+08 3.0519e+06
0.285 1.1538e+08 2.3076e+06
0.286 1.1583e+08 2.3166e+06
0.287 6.9133e+07 1.3827e+06
0.288 1.4309e+08 2.8618e+06
0.289 1.3617e+08 2.7234e+06
0.29 1.6009e+08 3.2018e+06
0.291 2.3603e+08 4.7207e+06
0.292 5.8134e+07 1.1627e+06
0.293 1.5923e+08 3.1846e+06
0.294 7.086e+07 1.4172e+06
0.295 1.1755e+08 2.351e+06
0.296 1.1651e+08 2.3301e+06
0.297 5.0317e+07 1.0063e+06
0.298 6.7887e+07 1.3577e+06
0.299 7.764e+07 1.5528e+06
0.3 1.3212e+08 2.6424e+06
0.301 1.4886e+08 2.9773e+06
0.302 6.5098e+07 1.302e+06
0.303 1.0487e+08 2.0973e+06
0.304 2.0082e+08 4.0163e+06
0.305 7.3968e+07 1.4794e+06
0.306 1.4621e+08 2.9241e+06
0.307 1.1407e+08 2.2815e+06
0.308 1.3155e+08 2.6311e+06
0.309 1.2513e+08 2.5025e+06
0.31 8.5592e+07 1.7118e+06
0.311 2.2132e+08 4.4265e+06
0.312 1.457e+08 2.9141e+06
0.313 7.4856e+07 1.4971e+06
0.314 1.5402e+08 3.0803e+06
0.315 1.4523e+08 2.9045e+06
0.316 1.0926e+08 2.1852e+06
0.317 1.5101e+08 3.0202e+06
0.318 1.1632e+08 2.3263e+06
0.319 1.2006e+08 2.4012e+06
0.32 1.1336e+08 2.2672e+06
0.321 1.233e+08 2.4661e+06
0.322 1.1672e+08 2.3345e+06
0.323 1.3298e+08 2.6596e+06
0.324 1.0187e+08 2.0373e+06
0.325 1.4906e+08 2.9812e+06
0.326 6.1338e+07 1.2268e+06
0.327 1.6781e+08 3.3561e+06
0.328 1.0807e+08 2.1615e+06
0.329 1.2215e+08 2.4429e+06
0.33 1.1945e+08 2.3891e+06
0.331 1.2275e+08 2.455e+06
0.332 1.9044e+08 3.8088e+06
0.333 1.1614e+08 2.3228e+06
0.334 8.6036e+07 1.7207e+06
0.335 1.3666e+08 2.7331e+06
0.336 1.8673e+08 3.7347e+06
0.337 1.529e+08 3.0579e+06
0.338 1.6345e+08 3.2689e+06
0.339 1.6582e+08 3.3165e+06
0.34 1.5326e+08 3.0653e+06
0.341 1.054e+08 2.1081e+06
0.342 1.3507e+08 2.7014e+06
0.343 1.9992e+08 3.9984e+06
0.344 8.6769e+07 1.7354e+06
0.345 1.7436e+08 3.4873e+06
0.346 1.1642e+08 2.3284e+06
0.347 1.3503e+08 2.7006e+06
0.348 1.424e+08 2.848e+06
0.349 8.4067e+07 1.6813e+06
0.35 1.5517e+08 3.1034e+06
0.351 1.7514e+08 3.5028e+06
0.352 1.5399e+08 3.0799e+06
0.353 1.3443e+08 2.6885e+06
0.354 1.0798e+08 2.1596e+06
0.355 8.0262e+07 1.6052e+06
0.356 8.763e+07 1.7526e+06
0.357 8.9323e+07 1.7865e+06
0.358 1.0552e+08 2.1104e+06
0.359 1.4076e+08 2.8151e+06
0.36 7.8499e+07 1.57e+06
0.361 1.0266e+08 2.0532e+06
0.362 5.9427e+07 1.1885e+06
0.363 1.749e+08 3.4979e+06
0.364 6.7042e+07 1.3408e+06
0.365 1.6844e+08 3.3689e+06
0.366 1.1742e+08 2.3485e+06
0.367 1.2764e+08 2.5527e+06
0.368 7.9073e+07 1.5815e+06
0.369 8.4507e+07 1.6901e+06
0.37 1.1341e+08 2.2681e+06
0.371 5.1079e+07 1.0216e+06
0.372 1.6262e+08 3.2523e+06
0.373 9.509e+07 1.9018e+06
0.374 1.1799e+08 2.3598e+06
0.375 8.2144e+07 1.6429e+06
0.376 1.5579e+08 3.1159e+06
0.377 8.2085e+07 1.6417e+06
0.378 1.2595e+08 2.519e+06
0.379 9.26e+07 1.852e+06
0.38 9.5548e+07 1.911e+06
0.381 1.0695e+08 2.1391e+06
0.382 1.075e+08 2.1501e+06
0.383 9.0177e+07 1.8035e+06
0.384 1.244e+08 2.488e+06
0.385 1.4169e+08 2.8338e+06
0.386 9.5007e+07 1.9001e+06
0.387 1.488e+08 2.9759e+06
0.388 1.3881e+08 2.7763e+06
0.389 9.3791e+07 1.8758e+06
0.39 1.0906e+08 2.1812e+06
0.391 1.1982e+08 2.3963e+06
0.392 1.3455e+08 2.6911e+06
0.393 8.6566e+07 1.7313e+06
0.394 6.4867e+07 1.2973e+06
0.395 9.8711e+07 1.9742e+06
0.396 6.514e+07 1.3028e+06
0.397 1.4145e+08 2.8291e+06
0.398 2.0209e+08 4.0418e+06
0.399 9.035e+07 1.807e+06
0.4 5.3254e+07 1.0651e+06
0.401 1.0254e+08 2.0508e+06
0.402 6.1755e+07 1.2351e+06
0.403 9.2806e+07 1.8561e+06
0.404 6.8059e+07 1.3612e+06
0.405 8.8539e+07 1.7708e+06
0.406 9.4861e+07 1.8972e+06
0.407 8.5892e+07 1.7178e+06
0.408 1.6131e+08 3.2262e+06
0.409 1.6909e+08 3.3819e+06
0.41 6.7255e+07 1.3451e+06
0.411 1.0004e+08 2.0007e+06
0.412 9.9541e+07 1.9908e+06
0.413 7.2745e+07 1.4549e+06
0.414 1.3605e+08 2.721e+06
0.415 1.3854e+08 2.7708e+06
0.416 1.3203e+08 2.6407e+06
0.417 1.4289e+08 2.8578e+06
0.418 9.5175e+07 1.9035e+06
0.419 1.5286e+08 3.0572e+06
0.42 4.5597e+07 9.1193e+05
0.421 1.5696e+08 3.1393e+06
0.422 6.9942e+07 1.3988e+06
0.423 8.3708e+07 1.6742e+06
0.424 3.7672e+07 7.5343e+05
0.425 5.573e+07 1.1146e+06
0.426 1.0568e+08 2.1136e+06
0.427 1.2204e+08 2.4408e+06
0.428 9.0229e+07 1.8046e+06
0.429 1.1962e+08 2.3925e+06
0.43 5.7191e+07 1.1438e+06
0.431 1.1413e+08 2.2826e+06
0.432 1.1821e+08 2.3642e+06
0.433 9.9857e+07 1.9971e+06
0.434 1.2504e+08 2.5007e+06
0.435 1.0928e+08 2.1855e+06
0.436 8.5997e+07 1.7199e+06
0.437 1.1396e+08 2.2791e+06
0.438 1.3245e+08 2.649e+06
0.439 9.7505e+07 1.9501e+06
0.44 1.489e+08 2.9781e+06
0.441 1.3557e+08 2.7114e+06
0.442 9.4161e+07 1.8832e+06
0.443 7.6395e+07 1.5279e+06
0.444 8.8368e+07 1.7674e+06
0.445 1.1021e+08 2.2041e+06
0.446 1.2813e+08 2.5626e+06
0.447 1.6264e+08 3.2528e+06
0.448 9.5933e+07 1.9187e+06
0.449 1.4633e+08 2.9266e+06
0.45 9.9518e+07 1.9904e+06
0.451 1.0479e+08 2.0959e+06
0.452 6.3528e+07 1.2706e+06
0.453 5.5087e+07 1.1017e+06
0.454 1.5398e+08 3.0796e+06
0.455 1.1477e+08 2.2954e+06
0.456 1.3125e+08 2.6249e+06
0.457 1.0666e+08 2.1332e+06
0.458 1.2061e+08 2.4122e+06
0.459 1.1582e+08 2.3164e+06
0.46 9.7531e+07 1.9506e+06
0.461 1.0452e+08 2.0905e+06
0.462 1.0594e+08 2.1188e+06
0.463 1.0495e+08 2.099e+06
0.464 9.983e+07 1.9966e+06
0.465 4.5289e+07 9.0579e+05
0.466 7.9239e+07 1.5848e+06
0.467 1.3544e+08 2.7089e+06
0.468 1.095e+08 2.1901e+06
0.469 8.787e+07 1.7574e+06
0.47 1.0419e+08 2.0837e+06
0.471 5.4021e+07 1.0804e+06
0.472 9.5329e+07 1.9066e+06
0.473 1.2649e+08 2.5298e+06
0.474 4.3556e+07 8.7112e+05
0.475 8.3902e+07 1.678e+06
0.476 9.2005e+07 1.8401e+06
0.477 1.3607e+08 2.7214e+06
0.478 1.3533e+08 2.7066e+06
0.479 1.1675e+08 2.3351e+06
0.48 1.6891e+08 3.3783e+06
0.481 1.2253e+08 2.4506e+06
0.482 9.9931e+07 1.9986e+06
0.483 6.5289e+07 1.3058e+06
0.484 4.7301e+07 9.4602e+05
0.485 1.075e+08 2.15e+06
0.486 1.6388e+08 3.2776e+06
0.487 1.5413e+08 3.0825e+06
0.488 7.5954e+07 1.5191e+06
0.489 9.9607e+07 1.9921e+06
0.49 5.5907e+07 1.1181e+06
0.491 1.2831e+08 2.5662e+06
0.492 8.5568e+07 1.7114e+06
0.493 1.2867e+08 2.5734e+06
0.494 9.4676e+07 1.8935e+06
0.495 9.0205e+07 1.8041e+06
0.496 9.9046e+07 1.9809e+06
0.497 7.5786e+07 1.5157e+06
0.498 6.2825e+07 1.2565e+06
0.499 3.7296e+07 7.4592e+05
0.5 6.5303e+07 1.3061e+06
