0.001 4.0813e+09 8.1626e+07
0.002 4.0441e+09 8.0882e+07
0.003 3.8386e+09 7.6772e+07
0.004 4.054e+09 8.1079e+07
0.005 4.0962e+09 8.1923e+07
0.006 3.974e+09 7.948e+07
0.007 4.1203e+09 8.2407e+07
0.008 4.0112e+09 8.0225e+07
0.009 4.0679e+09 8.1357e+07
0.01 4.0778e+09 8.1555e+07
0.011 3.8806e+09 7.7612e+07
0.012 3.8697e+09 7.7394e+07
0.013 4.002e+09 8.004e+07
0.014 3.8862e+09 7.7725e+07
0.015 3.8784e+09 7.7567e+07
0.016 3.9209e+09 7.8419e+07
0.017 3.9585e+09 7.917e+07
0.018 3.8498e+09 7.6996e+07
0.019 3.8561e+09 7.7123e+07
0.02 3.9168e+09 7.8337e+07
0.021 3.8018e+09 7.6035e+07
0.022 3.762e+09 7.5239e+07
0.023 3.7199e+09 7.4397e+07
0.024 3.6952e+09 7.3904e+07
0.025 3.6572e+09 7.3145e+07
0.026 3.7333e+09 7.4666e+07
0.027 3.6953e+09 7.3907e+07
0.028 3.6065e+09 7.2129e+07
0.029 3.6536e+09 7.3072e+07
0.03 3.6539e+09 7.3079e+07
0.031 3.5728e+09 7.1457e+07
0.032 3.5493e+09 7.0986e+07
0.033 3.5205e+09 7.0411e+07
0.034 3.4665e+09 6.933e+07
0.035 3.4628e+09 6.9256e+07
0.036 3.4201e+09 6.8402e+07
0.037 3.3847e+09 6.7694e+07
0.038 3.356e+09 6.7119e+07
0.039 3.297e+09 6.5939e+07
0.04 3.2566e+09 6.5131e+07
0.041 3.286e+09 6.572e+07
0.042 3.1828e+09 6.3655e+07
0.043 3.1591e+09 6.3183e+07
0.044 3.1665e+09 6.333e+07
0.045 3.0996e+09 6.1993e+07
0.046 3.0431e+09 6.0862e+07
0.047 2.9663e+09 5.9326e+07
0.048 3.0043e+09 6.0085e+07
0.049 2.9333e+09 5.8666e+07
0.05 2.8799e+09 5.7599e+07
0.051 2.8923e+09 5.7846e+07
0.052 2.847e+09 5.694e+07
0.053 2.8209e+09 5.6418e+07
0.054 2.7654e+09 5.5307e+07
0.055 2.7674e+09 5.5347e+07
0.056 2.6844e+09 5.3689e+07
0.057 2.6629e+09 5.3258e+07
0.058 2.5395e+09 5.0789e+07
0.059 2.563e+09 5.1261e+07
0.06 2.5031e+09 5.0063e+07
0.061 2.5295e+09 5.059e+07
0.062 2.4326e+09 4.8652e+07
0.063 2.4143e+09 4.8286e+07
0.064 2.3689e+09 4.7377e+07
0.065 2.3122e+09 4.6243e+07
0.066 2.2925e+09 4.585e+07
0.067 2.2608e+09 4.5215e+07
0.068 2.2172e+09 4.4343e+07
0.069 2.1481e+09 4.2962e+07
0.07 2.1843e+09 4.3685e+07
0.071 2.0812e+09 4.1624e+07
0.072 2.0772e+09 4.1543e+07
0.073 2.0386e+09 4.0773e+07
0.074 1.9873e+09 3.9746e+07
0.075 1.958e+09 3.9159e+07
0.076 1.874e+09 3.7481e+07
0.077 1.8695e+09 3.7391e+07
0.078 1.825e+09 3.65e+07
0.079 1.7877e+09 3.5754e+07
0.08 1.7323e+09 3.4646e+07
0.081 1.7121e+09 3.4241e+07
0.082 1.6654e+09 3.3308e+07
0.083 1.6508e+09 3.3016e+07
0.084 1.6053e+09 3.2105e+07
0.085 1.5723e+09 3.1445e+07
0.086 1.5362e+09 3.0723e+07
0.087 1.4981e+09 2.9961e+07
0.088 1.4604e+09 2.9209e+07
0.089 1.4375e+09 2.875e+07
0.09 1.3903e+09 2.7806e+07
0.091 1.3561e+09 2.7121e+07
0.092 1.3608e+09 2.7216e+07
0.093 1.2995e+09 2.5989e+07
0.094 1.2547e+09 2.5095e+07
0.095 1.2289e+09 2.4578e+07
0.096 1.1805e+09 2.361e+07
0.097 1.1791e+09 2.3582e+07
0.098 1.1401e+09 2.2802e+07
0.099 1.0974e+09 2.1947e+07
0.1 1.0755e+09 2.151e+07
0.101 1.0491e+09 2.0981e+07
0.102 1.0279e+09 2.0558e+07
0.103 9.708e+08 1.9416e+07
0.104 9.8071e+08 1.9614e+07
0.105 9.5348e+08 1.907e+07
0.106 9.2044e+08 1.8409e+07
0.107 9.0021e+08 1.8004e+07
0.108 8.6008e+08 1.7202e+07
0.109 8.3825e+08 1.6765e+07
0.11 8.1742e+08 1.6348e+07
0.111 8.0295e+08 1.6059e+07
0.112 7.8762e+08 1.5752e+07
0.113 7.575e+08 1.515e+07
0.114 7.2218e+08 1.4444e+07
0.115 7.0337e+08 1.4067e+07
0.116 6.928e+08 1.3856e+07
0.117 6.4868e+08 1.2974e+07
0.118 6.3512e+08 1.2702e+07
0.119 6.3742e+08 1.2748e+07
0.12 5.9024e+08 1.1805e+07
0.121 5.6146e+08 1.1229e+07
0.122 5.7068e+08 1.1414e+07
0.123 5.2867e+08 1.0573e+07
0.124 5.338e+08 1.0676e+07
0.125 4.9776e+08 9.9551e+06
0.126 4.9495e+08 9.8991e+06
0.127 4.961e+08 9.922e+06
0.128 4.576e+08 9.1519e+06
0.129 4.5849e+08 9.1697e+06
0.13 4.3098e+08 8.6196e+06
0.131 4.2471e+08 8.4942e+06
0.132 4.1865e+08 8.373e+06
0.133 3.9906e+08 7.9813e+06
0.134 3.9513e+08 7.9027e+06
0.135 3.6863e+08 7.3726e+06
0.136 3.7035e+08 7.4071e+06
0.137 3.3559e+08 6.7117e+06
0.138 3.5252e+08 7.0503e+06
0.139 3.0425e+08 6.085e+06
0.14 3.1962e+08 6.3924e+06
0.141 2.9713e+08 5.9425e+06
0.142 2.8525e+08 5.7049e+06
0.143 2.9077e+08 5.8154e+06
0.144 2.6986e+08 5.3971e+06
0.145 2.6288e+08 5.2576e+06
0.146 2.5507e+08 5.1013e+06
0.147 2.458e+08 4.9159e+06
0.148 2.5513e+08 5.1026e+06
0.149 2.1014e+08 4.2028e+06
0.15 2.0698e+08 4.1395e+06
0.151 2.1629e+08 4.3258e+06
0.152 1.9651e+08 3.9302e+06
0.153 2.0366e+08 4.0732e+06
0.154 1.98e+08 3.96e+06
0.155 1.929e+08 3.858e+06
0.156 1.7473e+08 3.4946e+06
0.157 1.7188e+08 3.4376e+06
0.158 1.6341e+08 3.2683e+06
0.159 1.6095e+08 3.219e+06
0.16 1.491e+08 2.982e+06
0.161 1.4638e+08 2.9277e+06
0.162 1.3685e+08 2.737e+06
0.163 1.4028e+08 2.8055e+06
0.164 1.3681e+08 2.7362e+06
0.165 1.1879e+08 2.3757e+06
0.166 1.3063e+08 2.6126e+06
0.167 1.2944e+08 2.5888e+06
0.168 1.1536e+08 2.3073e+06
0.169 1.0372e+08 2.0744e+06
0.17 1.1707e+08 2.3415e+06
0.171 1.169e+08 2.3379e+06
0.172 1.0226e+08 2.0452e+06
0.173 9.9043e+07 1.9809e+06
0.174 9.3681e+07 1.8736e+06
0.175 9.2358e+07 1.8472e+06
0.176 9.4695e+07 1.8939e+06
0.177 9.4229e+07 1.8846e+06
0.178 8.9306e+07 1.7861e+06
0.179 9.2293e+07 1.8459e+06
0.18 7.9352e+07 1.587e+06
0.181 8.5524e+07 1.7105e+06
0.182 7.8566e+07 1.5713e+06
0.183 7.7528e+07 1.5506e+06
0.184 8.2846e+07 1.6569e+06
0.185 6.5525e+07 1.3105e+06
0.186 5.7804e+07 1.1561e+06
0.187 8.3913e+07 1.6783e+06
0.188 7.4947e+07 1.4989e+06
0.189 6.3787e+07 1.2757e+06
0.19 6.96e+07 1.392e+06
0.191 6.8851e+07 1.377e+06
0.192 7.1738e+07 1.4348e+06
0.193 5.4851e+07 1.097e+06
0.194 6.288e+07 1.2576e+06
0.195 7.3033e+07 1.4607e+06
0.196 4.8136e+07 9.6272e+05
0.197 5.8318e+07 1.1664e+06
0.198 5.8802e+07 1.176e+06
0.199 5.1281e+07 1.0256e+06
0.2 5.0796e+07 1.0159e+06
0.201 6.5508e+07 1.3102e+06
0.202 5.5888e+07 1.1178e+06
0.203 6.4373e+07 1.2875e+06
0.204 4.421e+07 8.842e+05
0.205 4.5979e+07 9.1957e+05
0.206 5.4544e+07 1.0909e+06
0.207 4.9745e+07 9.949e+05
0.208 4.9318e+07 9.8635e+05
0.209 4.4303e+07 8.8605e+05
0.21 4.6735e+07 9.347e+05
0.211 4.1595e+07 8.319e+05
0.212 4.2855e+07 8.5709e+05
0.213 2.7822e+07 5.5644e+05
0.214 4.8683e+07 9.7366e+05
0.215 3.8783e+07 7.7566e+05
0.216 4.3989e+07 8.7977e+05
0.217 4.7803e+07 9.5605e+05
0.218 4.4723e+07 8.9446e+05
0.219 4.8321e+07 9.6642e+05
0.22 5.4401e+07 1.088e+06
0.221 5.2053e+07 1.0411e+06
0.222 3.9784e+07 7.9568e+05
0.223 5.5229e+07 1.1046e+06
0.224 4.4888e+07 8.9775e+05
0.225 4.3456e+07 8.6913e+05
0.226 4.9898e+07 9.9795e+05
0.227 5.0745e+07 1.0149e+06
0.228 3.8101e+07 7.6201e+05
0.229 3.7784e+07 7.5569e+05
0.23 4.5715e+07 9.1431e+05
0.231 4.262e+07 8.5241e+05
0.232 3.3172e+07 6.6343e+05
0.233 4.3767e+07 8.7533e+05
0.234 4.1392e+07 8.2784e+05
0.235 3.8334e+07 7.6667e+05
0.236 3.7206e+07 7.4411e+05
0.237 4.4082e+07 8.8164e+05
0.238 3.8834e+07 7.7669e+05
0.239 4.6813e+07 9.3627e+05
0.24 3.6239e+07 7.2477e+05
0.241 3.8379e+07 7.6759e+05
0.242 3.4518e+07 6.9037e+05
0.243 3.8799e+07 7.7599e+05
0.244 3.4456e+07 6.8912e+05
0.245 3.9751e+07 7.9502e+05
0.246 2.9141e+07 5.8282e+05
0.247 3.6649e+07 7.3297e+05
0.248 3.5086e+07 7.0172e+05
0.249 3.9663e+07 7.9326e+05
0.25 3.3449e+07 6.6899e+05
0.251 3.5414e+07 7.0828e+05
0.252 3.5383e+07 7.0766e+05
0.253 2.9483e+07 5.8967e+05
0.254 3.4093e+07 6.8185e+05
0.255 3.8532e+07 7.7064e+05
0.256 3.6823e+07 7.3647e+05
0.257 3.5442e+07 7.0884e+05
0.258 2.6426e+07 5.2852e+05
0.259 4.8627e+07 9.7254e+05
0.26 3.1401e+07 6.2802e+05
0.261 3.5412e+07 7.0824e+05
0.262 2.3683e+07 4.7366e+05
0.263 3.5157e+07 7.0315e+05
0.264 3.1492e+07 6.2985e+05
0.265 3.2744e+07 6.5489e+05
0.266 3.3507e+07 6.7015e+05
0.267 2.6983e+07 5.3966e+05
0.268 2.9812e+07 5.9625e+05
0.269 3.4128e+07 6.8256e+05
0.27 4.6971e+07 9.3942e+05
0.271 3.5234e+07 7.0468e+05
0.272 3.7371e+07 7.4742e+05
0.273 2.7089e+07 5.4179e+05
0.274 2.9978e+07 5.9957e+05
0.275 2.5845e+07 5.1691e+05
0.276 2.1195e+07 4.239e+05
0.277 3.4989e+07 6.9977e+05
0.278 3.7332e+07 7.4664e+05
0.279 2.8701e+07 5.7401e+05
0.28 2.7767e+07 5.5535e+05
0.281 2.8188e+07 5.6376e+05
0.282 2.7084e+07 5.4168e+05
0.283 2.4753e+07 4.9505e+05
0.284 2.6902e+07 5.3805e+05
0.285 2.4039e+07 4.8078e+05
0.286 2.6104e+07 5.2208e+05
0.287 3.1247e+07 6.2494e+05
0.288 2.4e+07 4.8e+05
0.289 1.7395e+07 3.4789e+05
0.29 1.841e+07 3.6819e+05
0.291 2.838e+07 5.676e+05
0.292 2.5605e+07 5.121e+05
0.293 2.7007e+07 5.4014e+05
0.294 3.5947e+07 7.1894e+05
0.295 2.4744e+07 4.9488e+05
0.296 2.0191e+07 4.0382e+05
0.297 3.5429e+07 7.0858e+05
0.298 2.5351e+07 5.0702e+05
0.299 2.4317e+07 4.8634e+05
0.3 2.391e+07 4.782e+05
0.301 2.8615e+07 5.723e+05
0.302 3.1512e+07 6.3025e+05
0.303 2.8068e+07 5.6135e+05
0.304 2.6726e+07 5.3452e+05
0.305 1.9034e+07 3.8068e+05
0.306 2.6967e+07 5.3935e+05
0.307 2.5301e+07 5.0602e+05
0.308 2.3564e+07 4.7128e+05
0.309 2.3604e+07 4.7209e+05
0.31 2.2696e+07 4.5392e+05
0.311 2.7307e+07 5.4614e+05
0.312 2.4243e+07 4.8486e+05
0.313 1.8177e+07 3.6354e+05
0.314 2.6244e+07 5.2488e+05
0.315 2.8827e+07 5.7654e+05
0.316 2.4013e+07 4.8027e+05
0.317 2.3362e+07 4.6725e+05
0.318 3.3677e+07 6.7353e+05
0.319 2.5945e+07 5.189e+05
0.32 2.4337e+07 4.8673e+05
0.321 2.3831e+07 4.7662e+05
0.322 2.2017e+07 4.4034e+05
0.323 2.5334e+07 5.0669e+05
0.324 2.0352e+07 4.0704e+05
0.325 2.4159e+07 4.8318e+05
0.326 2.6189e+07 5.2378e+05
0.327 2.447e+07 4.894e+05
0.328 1.0135e+07 2.0271e+05
0.329 2.4153e+07 4.8307e+05
0.33 2.5971e+07 5.1943e+05
0.331 2.1048e+07 4.2096e+05
0.332 2.1752e+07 4.3505e+05
0.333 2.3715e+07 4.743e+05
0.334 1.5105e+07 3.021e+05
0.335 1.5709e+07 3.1417e+05
0.336 2.9071e+07 5.8142e+05
0.337 2.4339e+07 4.8679e+05
0.338 2.7957e+07 5.5913e+05
0.339 3.2678e+07 6.5357e+05
0.34 2.2209e+07 4.4419e+05
0.341 2.7335e+07 5.4671e+05
0.342 2.1731e+07 4.3462e+05
0.343 1.8252e+07 3.6504e+05
0.344 2.3144e+07 4.6288e+05
0.345 1.7443e+07 3.4886e+05
0.346 2.68e+07 5.3599e+05
0.347 1.678e+07 3.356e+05
0.348 2.3554e+07 4.7107e+05
0.349 2.1464e+07 4.2928e+05
0.35 1.8421e+07 3.6842e+05
0.351 2.0116e+07 4.0232e+05
0.352 1.8331e+07 3.6662e+05
0.353 2.0448e+07 4.0896e+05
0.354 1.3654e+07 2.7307e+05
0.355 2.2758e+07 4.5517e+05
0.356 2.2623e+07 4.5246e+05
0.357 1.3116e+07 2.6232e+05
0.358 2.174e+07 4.348e+05
0.359 2.585e+07 5.1701e+05
0.36 1.9367e+07 3.8735e+05
0.361 1.7067e+07 3.4134e+05
0.362 1.7539e+07 3.5079e+05
0.363 2.2549e+07 4.5097e+05
0.364 2.4523e+07 4.9046e+05
0.365 1.5055e+07 3.011e+05
0.366 1.7573e+07 3.5146e+05
0.367 2.2241e+07 4.4482e+05
0.368 1.4144e+07 2.8288e+05
0.369 2.0314e+07 4.0628e+05
0.37 2.0561e+07 4.1121e+05
0.371 1.8334e+07 3.6668e+05
0.372 2.3165e+07 4.6329e+05
0.373 1.8643e+07 3.7286e+05
0.374 2.0853e+07 4.1705e+05
0.375 1.5469e+07 3.0939e+05
0.376 1.8368e+07 3.6737e+05
0.377 2.2497e+07 4.4995e+05
0.378 1.9178e+07 3.8357e+05
0.379 2.0026e+07 4.0052e+05
0.38 1.2992e+07 2.5983e+05
0.381 1.6383e+07 3.2767e+05
0.382 1.8405e+07 3.6811e+05
0.383 2.2341e+07 4.4682e+05
0.384 2.1765e+07 4.3529e+05
0.385 1.3333e+07 2.6667e+05
0.386 2.5514e+07 5.1028e+05
0.387 2.0633e+07 4.1266e+05
0.388 1.8406e+07 3.6813e+05
0.389 1.915e+07 3.8301e+05
0.39 2.6534e+07 5.3067e+05
0.391 2.1422e+07 4.2844e+05
0.392 1.4793e+07 2.9587e+05
0.393 2.2844e+07 4.5689e+05
0.394 1.7488e+07 3.4976e+05
0.395 2.2032e+07 4.4065e+05
0.396 1.6921e+07 3.3842e+05
0.397 2.7675e+07 5.5351e+05
0.398 1.9415e+07 3.8831e+05
0.399 1.9313e+07 3.8626e+05
0.4 1.7416e+07 3.4831e+05
0.401 1.7675e+07 3.535e+05
0.402 2.2405e+07 4.4809e+05
0.403 1.8525e+07 3.7051e+05
0.404 1.2761e+07 2.5522e+05
0.405 2.0849e+07 4.1698e+05
0.406 1.9499e+07 3.8999e+05
0.407 2.026e+07 4.052e+05
0.408 2.2136e+07 4.4272e+05
0.409 2.3328e+07 4.6656e+05
0.41 1.4012e+07 2.8024e+05
0.411 2.1111e+07 4.2223e+05
0.412 2.335e+07 4.6699e+05
0.413 2.0628e+07 4.1257e+05
0.414 1.4457e+07 2.8915e+05
0.415 1.8266e+07 3.6531e+05
0.416 2.1462e+07 4.2925e+05
0.417 1.4903e+07 2.9805e+05
0.418 1.5099e+07 3.0197e+05
0.419 2.1171e+07 4.2342e+05
0.42 1.3816e+07 2.7632e+05
0.421 2.4293e+07 4.8587e+05
0.422 1.8367e+07 3.6734e+05
0.423 1.5706e+07 3.1413e+05
0.424 1.6885e+07 3.377e+05
0.425 1.7448e+07 3.4895e+05
0.426 2.16e+07 4.3201e+05
0.427 1.4652e+07 2.9305e+05
0.428 1.7249e+07 3.4498e+05
0.429 1.7142e+07 3.4283e+05
0.43 1.7574e+07 3.5149e+05
0.431 1.9547e+07 3.9094e+05
0.432 2.4098e+07 4.8195e+05
0.433 1.2841e+07 2.5683e+05
0.434 1.8665e+07 3.733e+05
0.435 1.7963e+07 3.5926e+05
0.436 1.8505e+07 3.7011e+05
0.437 2.4722e+07 4.9445e+05
0.438 2.5972e+07 5.1944e+05
0.439 2.0001e+07 4.0002e+05
0.44 1.4942e+07 2.9884e+05
0.441 1.7305e+07 3.4609e+05
0.442 1.1167e+07 2.2334e+05
0.443 1.6736e+07 3.3473e+05
0.444 1.8839e+07 3.7679e+05
0.445 1.4708e+07 2.9416e+05
0.446 1.6684e+07 3.3368e+05
0.447 2.0542e+07 4.1084e+05
0.448 1.7757e+07 3.5514e+05
0.449 1.5269e+07 3.0538e+05
0.45 2.0606e+07 4.1213e+05
0.451 1.3287e+07 2.6574e+05
0.452 2.4954e+07 4.9908e+05
0.453 1.7269e+07 3.4537e+05
0.454 1.8189e+07 3.6377e+05
0.455 1.9442e+07 3.8884e+05
0.456 1.699e+07 3.3979e+05
0.457 1.6409e+07 3.2819e+05
0.458 1.9345e+07 3.8689e+05
0.459 1.6147e+07 3.2295e+05
0.46 2.4063e+07 4.8126e+05
0.461 2.0001e+07 4.0002e+05
0.462 1.8304e+07 3.6607e+05
0.463 1.6587e+07 3.3175e+05
0.464 1.4357e+07 2.8713e+05
0.465 1.2031e+07 2.4062e+05
0.466 1.6688e+07 3.3375e+05
0.467 2.0998e+07 4.1997e+05
0.468 2.0662e+07 4.1324e+05
0.469 1.6024e+07 3.2049e+05
0.47 2.5372e+07 5.0744e+05
0.471 1.975e+07 3.95e+05
0.472 2.0152e+07 4.0304e+05
0.473 2.1115e+07 4.2229e+05
0.474 1.727e+07 3.4541e+05
0.475 1.8024e+07 3.6049e+05
0.476 1.6708e+07 3.3416e+05
0.477 1.7017e+07 3.4034e+05
0.478 1.8614e+07 3.7228e+05
0.479 1.7761e+07 3.5523e+05
0.48 1.6235e+07 3.2471e+05
0.481 1.3973e+07 2.7946e+05
0.482 2.4696e+07 4.9392e+05
0.483 1.7544e+07 3.5088e+05
0.484 1.7854e+07 3.5708e+05
0.485 1.9014e+07 3.8027e+05
0.486 1.8501e+07 3.7001e+05
0.487 1.339e+07 2.678e+05
0.488 1.6334e+07 3.2669e+05
0.489 1.125e+07 2.2499e+05
0.49 1.8342e+07 3.6683e+05
0.491 1.9824e+07 3.9648e+05
0.492 2.0002e+07 4.0004e+05
0.493 1.7652e+07 3.5303e+05
0.494 2.3813e+07 4.7626e+05
0.495 1.6128e+07 3.2255e+05
0.496 1.7244e+07 3.4488e+05
0.497 1.8338e+07 3.6675e+05
0.498 2.3043e+07 4.6086e+05
0.499 2.2652e+07 4.5304e+05
0.5 2.2231e+07 4.4461e+05
