0.001 9.8176e+07 1.9635e+06
0.002 1.0884e+08 2.1768e+06
0.003 1.239e+08 2.4781e+06
0.004 1.1242e+08 2.2484e+06
0.005 1.2473e+08 2.4946e+06
0.006 1.1631e+08 2.3263e+06
0.007 1.1948e+08 2.3895e+06
0.008 1.2405e+08 2.4809e+06
0.009 1.1413e+08 2.2827e+06
0.01 1.1739e+08 2.3479e+06
0.011 1.1882e+08 2.3764e+06
0.012 1.1568e+08 2.3136e+06
0.013 1.1957e+08 2.3913e+06
0.014 1.2029e+08 2.4058e+06
0.015 1.1719e+08 2.3439e+06
0.016 1.2422e+08 2.4843e+06
0.017 1.1361e+08 2.2722e+06
0.018 1.1618e+08 2.3236e+06
0.019 1.1298e+08 2.2595e+06
0.02 1.1306e+08 2.2613e+06
0.021 1.1609e+08 2.3217e+06
0.022 1.1328e+08 2.2656e+06
0.023 1.1458e+08 2.2917e+06
0.024 1.1442e+08 2.2884e+06
0.025 1.1424e+08 2.2848e+06
0.026 1.1763e+08 2.3526e+06
0.027 1.1476e+08 2.2952e+06
0.028 1.1234e+08 2.2468e+06
0.029 1.1378e+08 2.2755e+06
0.03 1.1304e+08 2.2608e+06
0.031 1.1302e+08 2.2604e+06
0.032 1.1087e+08 2.2173e+06
0.033 1.1017e+08 2.2035e+06
0.034 1.0909e+08 2.1819e+06
0.035 1.0892e+08 2.1784e+06
0.036 1.0906e+08 2.1812e+06
0.037 1.102e+08 2.2041e+06
0.038 1.0961e+08 2.1923e+06
0.039 1.0459e+08 2.0918e+06
0.04 1.064e+08 2.1281e+06
0.041 1.0846e+08 2.1691e+06
0.042 1.042e+08 2.084e+06
0.043 1.0584e+08 2.1168e+06
0.044 1.0527e+08 2.1055e+06
0.045 1.0447e+08 2.0894e+06
0.046 1.0267e+08 2.0533e+06
0.047 1.0237e+08 2.0473e+06
0.048 1.0164e+08 2.0328e+06
0.049 9.9424e+07 1.9885e+06
0.05 1.0265e+08 2.053e+06
0.051 1.0283e+08 2.0566e+06
0.052 1.0128e+08 2.0257e+06
0.053 9.908e+07 1.9816e+06
0.054 9.8564e+07 1.9713e+06
0.055 9.6102e+07 1.922e+06
0.056 9.5748e+07 1.915e+06
0.057 9.4893e+07 1.8979e+06
0.058 9.4628e+07 1.8926e+06
0.059 9.5094e+07 1.9019e+06
0.06 9.3186e+07 1.8637e+06
0.061 9.4888e+07 1.8978e+06
0.062 9.4575e+07 1.8915e+06
0.063 9.4047e+07 1.8809e+06
0.064 9.0687e+07 1.8137e+06
0.065 9.1493e+07 1.8299e+06
0.066 8.9818e+07 1.7964e+06
0.067 9.0228e+07 1.8046e+06
0.068 8.7751e+07 1.755e+06
0.069 8.7722e+07 1.7544e+06
0.07 8.94e+07 1.788e+06
0.071 8.5931e+07 1.7186e+06
0.072 8.6192e+07 1.7238e+06
0.073 8.4828e+07 1.6966e+06
0.074 8.4546e+07 1.6909e+06
0.075 8.2923e+07 1.6585e+06
0.076 8.1415e+07 1.6283e+06
0.077 8.0894e+07 1.6179e+06
0.078 8.1573e+07 1.6315e+06
0.079 8.0628e+07 1.6126e+06
0.08 8.2005e+07 1.6401e+06
0.081 7.8457e+07 1.5691e+06
0.082 7.9932e+07 1.5986e+06
0.083 7.9613e+07 1.5923e+06
0.084 7.6158e+07 1.5232e+06
0.085 7.5204e+07 1.5041e+06
0.086 7.4538e+07 1.4908e+06
0.087 7.4809e+07 1.4962e+06
0.088 7.1899e+07 1.438e+06
0.089 7.5021e+07 1.5004e+06
0.09 7.2758e+07 1.4552e+06
0.091 7.3065e+07 1.4613e+06
0.092 7.2135e+07 1.4427e+06
0.093 7.1808e+07 1.4362e+06
0.094 6.9902e+07 1.398e+06
0.095 6.7551e+07 1.351e+06
0.096 6.8253e+07 1.3651e+06
0.097 6.8211e+07 1.3642e+06
0.098 6.6116e+07 1.3223e+06
0.099 6.5089e+07 1.3018e+06
0.1 6.6964e+07 1.3393e+06
0.101 6.4239e+07 1.2848e+06
0.102 6.4565e+07 1.2913e+06
0.103 6.3835e+07 1.2767e+06
0.104 6.2484e+07 1.2497e+06
0.105 6.2992e+07 1.2598e+06
0.106 6.1338e+07 1.2268e+06
0.107 5.9469e+07 1.1894e+06
0.108 6.1401e+07 1.228e+06
0.109 5.9677e+07 1.1935e+06
0.11 5.7677e+07 1.1535e+06
0.111 5.6757e+07 1.1351e+06
0.112 5.8256e+07 1.1651e+06
0.113 5.8217e+07 1.1643e+06
0.114 5.6134e+07 1.1227e+06
0.115 5.5379e+07 1.1076e+06
0.116 5.5205e+07 1.1041e+06
0.117 5.5423e+07 1.1085e+06
0.118 5.4326e+07 1.0865e+06
0.119 5.356e+07 1.0712e+06
0.12 5.4254e+07 1.0851e+06
0.121 5.2867e+07 1.0573e+06
0.122 5.105e+07 1.021e+06
0.123 5.2238e+07 1.0448e+06
0.124 4.9633e+07 9.9266e+05
0.125 4.9575e+07 9.9149e+05
0.126 4.8731e+07 9.7462e+05
0.127 4.9625e+07 9.925e+05
0.128 4.9561e+07 9.9123e+05
0.129 4.8743e+07 9.7485e+05
0.13 4.6788e+07 9.3576e+05
0.131 4.546e+07 9.092e+05
0.132 4.654e+07 9.308e+05
0.133 4.6705e+07 9.3409e+05
0.134 4.425e+07 8.8501e+05
0.135 4.493e+07 8.9861e+05
0.136 4.4321e+07 8.8642e+05
0.137 4.4781e+07 8.9561e+05
0.138 4.3346e+07 8.6691e+05
0.139 4.3661e+07 8.7322e+05
0.14 4.1411e+07 8.2823e+05
0.141 4.1864e+07 8.3728e+05
0.142 3.9819e+07 7.9638e+05
0.143 4.1075e+07 8.2151e+05
0.144 4.0897e+07 8.1794e+05
0.145 3.8501e+07 7.7003e+05
0.146 3.9835e+07 7.9669e+05
0.147 3.764e+07 7.5279e+05
0.148 3.8803e+07 7.7606e+05
0.149 3.7284e+07 7.4567e+05
0.15 3.7222e+07 7.4444e+05
0.151 3.7734e+07 7.5468e+05
0.152 3.6296e+07 7.2591e+05
0.153 3.6015e+07 7.203e+05
0.154 3.7033e+07 7.4065e+05
0.155 3.7166e+07 7.4332e+05
0.156 3.6088e+07 7.2177e+05
0.157 3.4403e+07 6.8805e+05
0.158 3.555e+07 7.1101e+05
0.159 3.4147e+07 6.8295e+05
0.16 3.4339e+07 6.8677e+05
0.161 3.4278e+07 6.8556e+05
0.162 3.3222e+07 6.6445e+05
0.163 3.29e+07 6.5799e+05
0.164 3.3219e+07 6.6438e+05
0.165 3.1999e+07 6.3999e+05
0.166 3.2407e+07 6.4813e+05
0.167 3.0663e+07 6.1325e+05
0.168 3.1478e+07 6.2957e+05
0.169 3.0659e+07 6.1318e+05
0.17 3.1321e+07 6.2642e+05
0.171 3.133e+07 6.266e+05
0.172 3.0412e+07 6.0825e+05
0.173 3.0109e+07 6.0217e+05
0.174 3.0755e+07 6.1509e+05
0.175 3.0519e+07 6.1037e+05
0.176 2.9603e+07 5.9205e+05
0.177 2.9748e+07 5.9496e+05
0.178 2.9007e+07 5.8013e+05
0.179 2.8731e+07 5.7461e+05
0.18 2.9138e+07 5.8276e+05
0.181 2.7727e+07 5.5454e+05
0.182 2.8742e+07 5.7485e+05
0.183 2.7713e+07 5.5426e+05
0.184 2.6939e+07 5.3878e+05
0.185 2.6472e+07 5.2945e+05
0.186 2.7592e+07 5.5184e+05
0.187 2.8143e+07 5.6286e+05
0.188 2.6522e+07 5.3045e+05
0.189 2.5214e+07 5.0428e+05
0.19 2.549e+07 5.098e+05
0.191 2.5986e+07 5.1973e+05
0.192 2.6146e+07 5.2293e+05
0.193 2.5877e+07 5.1755e+05
0.194 2.5349e+07 5.0699e+05
0.195 2.5537e+07 5.1073e+05
0.196 2.361e+07 4.722e+05
0.197 2.5395e+07 5.079e+05
0.198 2.5467e+07 5.0934e+05
0.199 2.471e+07 4.942e+05
0.2 2.4741e+07 4.9481e+05
0.201 2.3709e+07 4.7418e+05
0.202 2.4256e+07 4.8512e+05
0.203 2.3435e+07 4.687e+05
0.204 2.3791e+07 4.7582e+05
0.205 2.2333e+07 4.4666e+05
0.206 2.3278e+07 4.6557e+05
0.207 2.2565e+07 4.513e+05
0.208 2.2839e+07 4.5678e+05
0.209 2.2262e+07 4.4523e+05
0.21 2.2612e+07 4.5224e+05
0.211 2.2463e+07 4.4926e+05
0.212 2.2873e+07 4.5746e+05
0.213 2.1687e+07 4.3375e+05
0.214 2.2356e+07 4.4712e+05
0.215 2.2436e+07 4.4871e+05
0.216 2.1479e+07 4.2959e+05
0.217 2.1221e+07 4.2443e+05
0.218 2.1356e+07 4.2712e+05
0.219 2.1536e+07 4.3071e+05
0.22 1.8877e+07 3.7755e+05
0.221 1.9838e+07 3.9675e+05
0.222 2.0087e+07 4.0175e+05
0.223 2.0183e+07 4.0365e+05
0.224 1.9741e+07 3.9482e+05
0.225 2.0393e+07 4.0786e+05
0.226 2.0834e+07 4.1668e+05
0.227 1.8218e+07 3.6436e+05
0.228 1.93e+07 3.86e+05
0.229 1.9199e+07 3.8399e+05
0.23 1.8871e+07 3.7741e+05
0.231 1.956e+07 3.9121e+05
0.232 1.9305e+07 3.8611e+05
0.233 1.8619e+07 3.7239e+05
0.234 1.775e+07 3.55e+05
0.235 1.8229e+07 3.6458e+05
0.236 1.7816e+07 3.5631e+05
0.237 1.7948e+07 3.5896e+05
0.238 1.8217e+07 3.6435e+05
0.239 1.8422e+07 3.6844e+05
0.24 1.8168e+07 3.6335e+05
0.241 1.7936e+07 3.5873e+05
0.242 1.6864e+07 3.3727e+05
0.243 1.6452e+07 3.2904e+05
0.244 1.7652e+07 3.5305e+05
0.245 1.68e+07 3.3599e+05
0.246 1.6362e+07 3.2725e+05
0.247 1.5987e+07 3.1975e+05
0.248 1.6548e+07 3.3096e+05
0.249 1.6942e+07 3.3885e+05
0.25 1.6529e+07 3.3058e+05
0.251 1.5257e+07 3.0514e+05
0.252 1.6722e+07 3.3444e+05
0.253 1.6369e+07 3.2738e+05
0.254 1.6056e+07 3.2113e+05
0.255 1.5897e+07 3.1795e+05
0.256 1.578e+07 3.156e+05
0.257 1.5899e+07 3.1798e+05
0.258 1.6557e+07 3.3115e+05
0.259 1.5018e+07 3.0037e+05
0.26 1.5868e+07 3.1737e+05
0.261 1.47e+07 2.94e+05
0.262 1.4046e+07 2.8092e+05
0.263 1.5495e+07 3.0989e+05
0.264 1.4563e+07 2.9127e+05
0.265 1.3492e+07 2.6983e+05
0.266 1.4791e+07 2.9583e+05
0.267 1.4281e+07 2.8563e+05
0.268 1.3551e+07 2.7101e+05
0.269 1.4347e+07 2.8694e+05
0.27 1.3343e+07 2.6686e+05
0.271 1.4175e+07 2.8351e+05
0.272 1.4022e+07 2.8043e+05
0.273 1.362e+07 2.7239e+05
0.274 1.3718e+07 2.7437e+05
0.275 1.2738e+07 2.5476e+05
0.276 1.312e+07 2.6241e+05
0.277 1.3871e+07 2.7743e+05
0.278 1.3651e+07 2.7303e+05
0.279 1.221e+07 2.4419e+05
0.28 1.28e+07 2.56e+05
0.281 1.263e+07 2.526e+05
0.282 1.2971e+07 2.5943e+05
0.283 1.2611e+07 2.5221e+05
0.284 1.245e+07 2.4901e+05
0.285 1.2332e+07 2.4665e+05
0.286 1.3386e+07 2.6773e+05
0.287 1.2149e+07 2.4297e+05
0.288 1.277e+07 2.554e+05
0.289 1.086e+07 2.1719e+05
0.29 1.1742e+07 2.3484e+05
0.291 1.1551e+07 2.3102e+05
0.292 1.0393e+07 2.0786e+05
0.293 1.3101e+07 2.6203e+05
0.294 1.2051e+07 2.4101e+05
0.295 1.1854e+07 2.3708e+05
0.296 1.1526e+07 2.3052e+05
0.297 1.0757e+07 2.1515e+05
0.298 1.101e+07 2.2019e+05
0.299 1.1604e+07 2.3207e+05
0.3 1.1059e+07 2.2118e+05
0.301 1.0803e+07 2.1606e+05
0.302 1.0324e+07 2.0648e+05
0.303 1.1541e+07 2.3082e+05
0.304 9.9563e+06 1.9913e+05
0.305 1.1726e+07 2.3453e+05
0.306 1.0447e+07 2.0895e+05
0.307 1.0087e+07 2.0173e+05
0.308 1.1119e+07 2.2238e+05
0.309 1.0377e+07 2.0755e+05
0.31 1.0211e+07 2.0421e+05
0.311 1.0235e+07 2.047e+05
0.312 1.0028e+07 2.0056e+05
0.313 9.8774e+06 1.9755e+05
0.314 1.0662e+07 2.1323e+05
0.315 1.026e+07 2.052e+05
0.316 9.2217e+06 1.8443e+05
0.317 9.218e+06 1.8436e+05
0.318 9.2376e+06 1.8475e+05
0.319 1.0298e+07 2.0597e+05
0.32 9.7593e+06 1.9519e+05
0.321 1.0131e+07 2.0263e+05
0.322 8.8828e+06 1.7766e+05
0.323 9.5912e+06 1.9182e+05
0.324 9.4748e+06 1.895e+05
0.325 9.1869e+06 1.8374e+05
0.326 7.4891e+06 1.4978e+05
0.327 9.2972e+06 1.8594e+05
0.328 9.3643e+06 1.8729e+05
0.329 8.8561e+06 1.7712e+05
0.33 8.2761e+06 1.6552e+05
0.331 8.9838e+06 1.7968e+05
0.332 8.5641e+06 1.7128e+05
0.333 9.0118e+06 1.8024e+05
0.334 8.4293e+06 1.6859e+05
0.335 8.7657e+06 1.7531e+05
0.336 8.1854e+06 1.6371e+05
0.337 9.3156e+06 1.8631e+05
0.338 9.3418e+06 1.8684e+05
0.339 9.2132e+06 1.8426e+05
0.34 8.3535e+06 1.6707e+05
0.341 8.654e+06 1.7308e+05
0.342 8.24e+06 1.648e+05
0.343 8.1295e+06 1.6259e+05
0.344 8.3818e+06 1.6764e+05
0.345 8.3339e+06 1.6668e+05
0.346 7.8104e+06 1.5621e+05
0.347 7.1541e+06 1.4308e+05
0.348 7.8064e+06 1.5613e+05
0.349 8.2701e+06 1.654e+05
0.35 8.3292e+06 1.6658e+05
0.351 7.7247e+06 1.5449e+05
0.352 8.3569e+06 1.6714e+05
0.353 8.0836e+06 1.6167e+05
0.354 8.0264e+06 1.6053e+05
0.355 7.6467e+06 1.5293e+05
0.356 8.5919e+06 1.7184e+05
0.357 7.3242e+06 1.4648e+05
0.358 7.7177e+06 1.5435e+05
0.359 7.6503e+06 1.5301e+05
0.36 7.2309e+06 1.4462e+05
0.361 7.8802e+06 1.576e+05
0.362 8.3109e+06 1.6622e+05
0.363 7.5393e+06 1.5079e+05
0.364 7.2249e+06 1.445e+05
0.365 7.2602e+06 1.452e+05
0.366 7.7359e+06 1.5472e+05
0.367 7.2871e+06 1.4574e+05
0.368 6.8534e+06 1.3707e+05
0.369 7.3924e+06 1.4785e+05
0.37 6.6251e+06 1.325e+05
0.371 6.8731e+06 1.3746e+05
0.372 7.2947e+06 1.4589e+05
0.373 6.9857e+06 1.3971e+05
0.374 6.981e+06 1.3962e+05
0.375 7.8795e+06 1.5759e+05
0.376 7.031e+06 1.4062e+05
0.377 6.9746e+06 1.3949e+05
0.378 6.519e+06 1.3038e+05
0.379 7.2319e+06 1.4464e+05
0.38 7.076e+06 1.4152e+05
0.381 7.5777e+06 1.5155e+05
0.382 6.5693e+06 1.3139e+05
0.383 6.4537e+06 1.2907e+05
0.384 6.2855e+06 1.2571e+05
0.385 6.1775e+06 1.2355e+05
0.386 6.7822e+06 1.3564e+05
0.387 6.697e+06 1.3394e+05
0.388 7.2966e+06 1.4593e+05
0.389 6.2098e+06 1.242e+05
0.39 6.475e+06 1.295e+05
0.391 6.5119e+06 1.3024e+05
0.392 6.4914e+06 1.2983e+05
0.393 6.875e+06 1.375e+05
0.394 6.8272e+06 1.3654e+05
0.395 6.5528e+06 1.3106e+05
0.396 6.7328e+06 1.3466e+05
0.397 6.6818e+06 1.3364e+05
0.398 6.9848e+06 1.397e+05
0.399 6.601e+06 1.3202e+05
0.4 6.9725e+06 1.3945e+05
0.401 6.5675e+06 1.3135e+05
0.402 5.7555e+06 1.1511e+05
0.403 5.4876e+06 1.0975e+05
0.404 7.3952e+06 1.479e+05
0.405 6.201e+06 1.2402e+05
0.406 6.805e+06 1.361e+05
0.407 6.0486e+06 1.2097e+05
0.408 6.1403e+06 1.2281e+05
0.409 6.3658e+06 1.2732e+05
0.41 5.4569e+06 1.0914e+05
0.411 6.4229e+06 1.2846e+05
0.412 5.8306e+06 1.1661e+05
0.413 5.9867e+06 1.1973e+05
0.414 5.5408e+06 1.1082e+05
0.415 5.6199e+06 1.124e+05
0.416 5.6063e+06 1.1213e+05
0.417 6.0342e+06 1.2068e+05
0.418 5.5346e+06 1.1069e+05
0.419 5.9089e+06 1.1818e+05
0.42 5.9362e+06 1.1872e+05
0.421 5.5246e+06 1.1049e+05
0.422 5.4492e+06 1.0898e+05
0.423 5.9256e+06 1.1851e+05
0.424 5.9009e+06 1.1802e+05
0.425 5.8184e+06 1.1637e+05
0.426 5.6014e+06 1.1203e+05
0.427 6.3407e+06 1.2681e+05
0.428 5.9592e+06 1.1918e+05
0.429 4.7269e+06 94539
0.43 4.9717e+06 99434
0.431 4.8382e+06 96764
0.432 5.611e+06 1.1222e+05
0.433 5.4661e+06 1.0932e+05
0.434 5.2072e+06 1.0414e+05
0.435 5.0797e+06 1.0159e+05
0.436 4.907e+06 98140
0.437 5.6172e+06 1.1234e+05
0.438 5.9162e+06 1.1832e+05
0.439 5.2693e+06 1.0539e+05
0.44 5.346e+06 1.0692e+05
0.441 4.6371e+06 92743
0.442 4.8861e+06 97721
0.443 5.0805e+06 1.0161e+05
0.444 4.8364e+06 96727
0.445 5.634e+06 1.1268e+05
0.446 4.9503e+06 99006
0.447 5.508e+06 1.1016e+05
0.448 4.9013e+06 98025
0.449 4.958e+06 99159
0.45 4.8067e+06 96134
0.451 4.7733e+06 95465
0.452 4.3576e+06 87152
0.453 5.0047e+06 1.0009e+05
0.454 4.5334e+06 90667
0.455 5.0448e+06 1.009e+05
0.456 3.9146e+06 78292
0.457 4.3299e+06 86599
0.458 3.8686e+06 77372
0.459 4.423e+06 88459
0.46 4.5961e+06 91922
0.461 4.0006e+06 80013
0.462 4.0748e+06 81496
0.463 4.0397e+06 80794
0.464 4.4113e+06 88225
0.465 4.2884e+06 85767
0.466 4.8441e+06 96882
0.467 4.4765e+06 89531
0.468 3.3324e+06 66647
0.469 3.7719e+06 75438
0.47 4.3952e+06 87904
0.471 4.0709e+06 81419
0.472 4.0729e+06 81458
0.473 4.2948e+06 85896
0.474 3.7254e+06 74508
0.475 4.3663e+06 87326
0.476 4.5013e+06 90026
0.477 4.5896e+06 91791
0.478 4.3488e+06 86976
0.479 3.8745e+06 77490
0.48 4.9702e+06 99404
0.481 3.8713e+06 77426
0.482 4.4515e+06 89030
0.483 4.5018e+06 90037
0.484 4.4082e+06 88164
0.485 3.8211e+06 76423
0.486 3.8527e+06 77055
0.487 3.1134e+06 62269
0.488 3.8633e+06 77266
0.489 3.8e+06 76000
0.49 3.7098e+06 74195
0.491 3.9843e+06 79686
0.492 3.551e+06 71020
0.493 3.7719e+06 75439
0.494 4.5308e+06 90616
0.495 3.4344e+06 68689
0.496 3.7301e+06 74603
0.497 4.1566e+06 83132
0.498 3.1367e+06 62734
0.499 3.8729e+06 77458
0.5 3.3692e+06 67384
