0.001 3.0759e+09 6.1519e+07
0.002 3.0057e+09 6.0114e+07
0.003 3.1225e+09 6.2449e+07
0.004 3.1695e+09 6.339e+07
0.005 3.1656e+09 6.3311e+07
0.006 3.1183e+09 6.2365e+07
0.007 3.1573e+09 6.3146e+07
0.008 3.1181e+09 6.2363e+07
0.009 2.9483e+09 5.8965e+07
0.01 3.1417e+09 6.2833e+07
0.011 3.0751e+09 6.1503e+07
0.012 3.0179e+09 6.0358e+07
0.013 3.0124e+09 6.0248e+07
0.014 3.0998e+09 6.1996e+07
0.015 3.0931e+09 6.1863e+07
0.016 3.0051e+09 6.0101e+07
0.017 3.0973e+09 6.1945e+07
0.018 2.9595e+09 5.9189e+07
0.019 3.0102e+09 6.0204e+07
0.02 2.9812e+09 5.9624e+07
0.021 3.0086e+09 6.0172e+07
0.022 3.0426e+09 6.0853e+07
0.023 3.0343e+09 6.0686e+07
0.024 2.9892e+09 5.9785e+07
0.025 2.9852e+09 5.9704e+07
0.026 2.939e+09 5.878e+07
0.027 2.9063e+09 5.8126e+07
0.028 2.9519e+09 5.9038e+07
0.029 2.9679e+09 5.9358e+07
0.03 2.9085e+09 5.817e+07
0.031 2.8635e+09 5.7271e+07
0.032 2.9399e+09 5.8799e+07
0.033 2.8214e+09 5.6427e+07
0.034 2.8797e+09 5.7594e+07
0.035 2.8606e+09 5.7212e+07
0.036 2.7914e+09 5.5827e+07
0.037 2.906e+09 5.812e+07
0.038 2.8251e+09 5.6503e+07
0.039 2.8345e+09 5.6691e+07
0.04 2.7973e+09 5.5946e+07
0.041 2.7833e+09 5.5666e+07
0.042 2.7846e+09 5.5692e+07
0.043 2.7195e+09 5.4389e+07
0.044 2.7504e+09 5.5008e+07
0.045 2.7316e+09 5.4632e+07
0.046 2.6637e+09 5.3275e+07
0.047 2.7053e+09 5.4106e+07
0.048 2.6549e+09 5.3098e+07
0.049 2.6484e+09 5.2969e+07
0.05 2.6564e+09 5.3127e+07
0.051 2.6284e+09 5.2567e+07
0.052 2.5403e+09 5.0805e+07
0.053 2.6195e+09 5.2389e+07
0.054 2.5535e+09 5.1071e+07
0.055 2.585e+09 5.17e+07
0.056 2.5416e+09 5.0832e+07
0.057 2.526e+09 5.0521e+07
0.058 2.4984e+09 4.9968e+07
0.059 2.5256e+09 5.0511e+07
0.06 2.4896e+09 4.9792e+07
0.061 2.4807e+09 4.9615e+07
0.062 2.4151e+09 4.8303e+07
0.063 2.4142e+09 4.8284e+07
0.064 2.3555e+09 4.7109e+07
0.065 2.3782e+09 4.7564e+07
0.066 2.3708e+09 4.7416e+07
0.067 2.3686e+09 4.7372e+07
0.068 2.2918e+09 4.5835e+07
0.069 2.2666e+09 4.5332e+07
0.07 2.2974e+09 4.5949e+07
0.071 2.2823e+09 4.5646e+07
0.072 2.2532e+09 4.5064e+07
0.073 2.2771e+09 4.5541e+07
0.074 2.2251e+09 4.4502e+07
0.075 2.1594e+09 4.3189e+07
0.076 2.1409e+09 4.2819e+07
0.077 2.1434e+09 4.2869e+07
0.078 2.1437e+09 4.2874e+07
0.079 2.1316e+09 4.2633e+07
0.08 2.0758e+09 4.1515e+07
0.081 2.0562e+09 4.1125e+07
0.082 2.0299e+09 4.0598e+07
0.083 2.0332e+09 4.0664e+07
0.084 1.9879e+09 3.9757e+07
0.085 1.9958e+09 3.9916e+07
0.086 1.9387e+09 3.8773e+07
0.087 1.9627e+09 3.9253e+07
0.088 1.9254e+09 3.8507e+07
0.089 1.8982e+09 3.7964e+07
0.09 1.8935e+09 3.7869e+07
0.091 1.8358e+09 3.6715e+07
0.092 1.8608e+09 3.7215e+07
0.093 1.8399e+09 3.6797e+07
0.094 1.7857e+09 3.5714e+07
0.095 1.7857e+09 3.5714e+07
0.096 1.7466e+09 3.4932e+07
0.097 1.7322e+09 3.4643e+07
0.098 1.7337e+09 3.4674e+07
0.099 1.7177e+09 3.4355e+07
0.1 1.6591e+09 3.3182e+07
0.101 1.6795e+09 3.359e+07
0.102 1.6132e+09 3.2265e+07
0.103 1.6064e+09 3.2128e+07
0.104 1.585e+09 3.17e+07
0.105 1.5604e+09 3.1208e+07
0.106 1.602e+09 3.204e+07
0.107 1.5729e+09 3.1457e+07
0.108 1.5632e+09 3.1264e+07
0.109 1.4622e+09 2.9243e+07
0.11 1.4608e+09 2.9216e+07
0.111 1.4738e+09 2.9476e+07
0.112 1.4251e+09 2.8502e+07
0.113 1.4186e+09 2.8371e+07
0.114 1.3836e+09 2.7673e+07
0.115 1.3858e+09 2.7716e+07
0.116 1.3736e+09 2.7473e+07
0.117 1.3591e+09 2.7182e+07
0.118 1.3257e+09 2.6514e+07
0.119 1.3014e+09 2.6027e+07
0.12 1.3286e+09 2.6572e+07
0.121 1.3013e+09 2.6025e+07
0.122 1.2726e+09 2.5452e+07
0.123 1.2407e+09 2.4815e+07
0.124 1.2667e+09 2.5335e+07
0.125 1.2122e+09 2.4244e+07
0.126 1.2079e+09 2.4159e+07
0.127 1.1797e+09 2.3595e+07
0.128 1.1576e+09 2.3151e+07
0.129 1.1475e+09 2.295e+07
0.13 1.1495e+09 2.299e+07
0.131 1.1401e+09 2.2801e+07
0.132 1.0972e+09 2.1944e+07
0.133 1.0834e+09 2.1668e+07
0.134 1.1172e+09 2.2343e+07
0.135 1.0802e+09 2.1605e+07
0.136 1.0351e+09 2.0702e+07
0.137 1.0082e+09 2.0163e+07
0.138 9.906e+08 1.9812e+07
0.139 9.7769e+08 1.9554e+07
0.14 9.5083e+08 1.9017e+07
0.141 9.4547e+08 1.8909e+07
0.142 9.6208e+08 1.9242e+07
0.143 9.2702e+08 1.854e+07
0.144 9.2003e+08 1.8401e+07
0.145 8.9139e+08 1.7828e+07
0.146 8.7173e+08 1.7435e+07
0.147 8.9948e+08 1.799e+07
0.148 8.7947e+08 1.7589e+07
0.149 8.6206e+08 1.7241e+07
0.15 8.1392e+08 1.6278e+07
0.151 8.2725e+08 1.6545e+07
0.152 8.1902e+08 1.638e+07
0.153 8.0907e+08 1.6181e+07
0.154 8.0616e+08 1.6123e+07
0.155 7.935e+08 1.587e+07
0.156 7.2184e+08 1.4437e+07
0.157 7.516e+08 1.5032e+07
0.158 7.3804e+08 1.4761e+07
0.159 7.0664e+08 1.4133e+07
0.16 7.2486e+08 1.4497e+07
0.161 6.9535e+08 1.3907e+07
0.162 7.1948e+08 1.439e+07
0.163 6.9639e+08 1.3928e+07
0.164 6.6315e+08 1.3263e+07
0.165 6.645e+08 1.329e+07
0.166 6.4939e+08 1.2988e+07
0.167 6.5082e+08 1.3016e+07
0.168 6.3193e+08 1.2639e+07
0.169 6.2297e+08 1.2459e+07
0.17 6.0151e+08 1.203e+07
0.171 5.9508e+08 1.1902e+07
0.172 6.0836e+08 1.2167e+07
0.173 6.0094e+08 1.2019e+07
0.174 5.762e+08 1.1524e+07
0.175 5.7385e+08 1.1477e+07
0.176 5.4295e+08 1.0859e+07
0.177 5.3978e+08 1.0796e+07
0.178 5.3136e+08 1.0627e+07
0.179 5.3853e+08 1.0771e+07
0.18 5.2107e+08 1.0421e+07
0.181 5.2715e+08 1.0543e+07
0.182 4.9534e+08 9.9069e+06
0.183 5.1474e+08 1.0295e+07
0.184 4.6736e+08 9.3472e+06
0.185 4.5961e+08 9.1922e+06
0.186 4.6375e+08 9.275e+06
0.187 4.7429e+08 9.4857e+06
0.188 4.4883e+08 8.9767e+06
0.189 4.4029e+08 8.8058e+06
0.19 4.4174e+08 8.8348e+06
0.191 4.2979e+08 8.5958e+06
0.192 4.3428e+08 8.6856e+06
0.193 4.0162e+08 8.0323e+06
0.194 4.1461e+08 8.2921e+06
0.195 3.91e+08 7.82e+06
0.196 4.0841e+08 8.1682e+06
0.197 3.9459e+08 7.8918e+06
0.198 3.7621e+08 7.5242e+06
0.199 3.7358e+08 7.4715e+06
0.2 3.6895e+08 7.3789e+06
0.201 3.6488e+08 7.2977e+06
0.202 3.5033e+08 7.0067e+06
0.203 3.4261e+08 6.8522e+06
0.204 3.615e+08 7.23e+06
0.205 3.5331e+08 7.0662e+06
0.206 3.1291e+08 6.2582e+06
0.207 3.1938e+08 6.3877e+06
0.208 3.2065e+08 6.4129e+06
0.209 3.3466e+08 6.6932e+06
0.21 2.9973e+08 5.9946e+06
0.211 3.0166e+08 6.0332e+06
0.212 3.024e+08 6.0481e+06
0.213 2.8539e+08 5.7079e+06
0.214 2.8803e+08 5.7606e+06
0.215 2.7008e+08 5.4015e+06
0.216 2.8674e+08 5.7347e+06
0.217 2.7411e+08 5.4821e+06
0.218 2.6825e+08 5.3651e+06
0.219 2.7126e+08 5.4252e+06
0.22 2.7419e+08 5.4839e+06
0.221 2.5329e+08 5.0657e+06
0.222 2.467e+08 4.934e+06
0.223 2.2522e+08 4.5044e+06
0.224 2.5987e+08 5.1973e+06
0.225 2.4993e+08 4.9986e+06
0.226 2.4629e+08 4.9258e+06
0.227 2.4504e+08 4.9008e+06
0.228 2.3472e+08 4.6945e+06
0.229 2.4729e+08 4.9457e+06
0.23 2.4034e+08 4.8068e+06
0.231 2.2712e+08 4.5425e+06
0.232 2.2057e+08 4.4113e+06
0.233 2.4194e+08 4.8387e+06
0.234 2.3396e+08 4.6793e+06
0.235 2.1334e+08 4.2668e+06
0.236 1.9611e+08 3.9221e+06
0.237 1.9769e+08 3.9537e+06
0.238 1.8641e+08 3.7282e+06
0.239 2.1641e+08 4.3282e+06
0.24 2.2554e+08 4.5108e+06
0.241 1.923e+08 3.846e+06
0.242 1.9476e+08 3.8952e+06
0.243 1.7069e+08 3.4138e+06
0.244 1.8316e+08 3.6633e+06
0.245 1.7297e+08 3.4594e+06
0.246 1.7844e+08 3.5688e+06
0.247 1.6926e+08 3.3851e+06
0.248 1.5732e+08 3.1463e+06
0.249 1.7327e+08 3.4653e+06
0.25 1.6959e+08 3.3917e+06
0.251 1.5546e+08 3.1093e+06
0.252 1.6973e+08 3.3946e+06
0.253 1.5762e+08 3.1525e+06
0.254 1.6955e+08 3.391e+06
0.255 1.3886e+08 2.7772e+06
0.256 1.4375e+08 2.875e+06
0.257 1.511e+08 3.022e+06
0.258 1.4569e+08 2.9139e+06
0.259 1.3134e+08 2.6267e+06
0.26 1.4251e+08 2.8501e+06
0.261 1.4371e+08 2.8743e+06
0.262 1.4533e+08 2.9065e+06
0.263 1.4233e+08 2.8466e+06
0.264 1.434e+08 2.868e+06
0.265 1.4761e+08 2.9522e+06
0.266 1.2625e+08 2.5249e+06
0.267 1.1423e+08 2.2847e+06
0.268 1.2268e+08 2.4536e+06
0.269 1.1028e+08 2.2057e+06
0.27 1.291e+08 2.582e+06
0.271 1.1133e+08 2.2266e+06
0.272 1.1395e+08 2.2789e+06
0.273 1.2208e+08 2.4416e+06
0.274 1.055e+08 2.1101e+06
0.275 1.0531e+08 2.1061e+06
0.276 1.2845e+08 2.569e+06
0.277 1.2016e+08 2.4032e+06
0.278 1.0998e+08 2.1997e+06
0.279 1.0202e+08 2.0405e+06
0.28 1.2396e+08 2.4792e+06
0.281 1.0716e+08 2.1433e+06
0.282 9.7247e+07 1.9449e+06
0.283 9.5206e+07 1.9041e+06
0.284 9.7078e+07 1.9416e+06
0.285 9.364e+07 1.8728e+06
0.286 1.0133e+08 2.0267e+06
0.287 1.0241e+08 2.0482e+06
0.288 1.0702e+08 2.1404e+06
0.289 9.5083e+07 1.9017e+06
0.29 9.075e+07 1.815e+06
0.291 9.3537e+07 1.8707e+06
0.292 9.2726e+07 1.8545e+06
0.293 9.4534e+07 1.8907e+06
0.294 9.7453e+07 1.9491e+06
0.295 1.1792e+08 2.3584e+06
0.296 7.9259e+07 1.5852e+06
0.297 9.0398e+07 1.808e+06
0.298 7.8406e+07 1.5681e+06
0.299 7.8425e+07 1.5685e+06
0.3 8.1641e+07 1.6328e+06
0.301 7.2514e+07 1.4503e+06
0.302 7.8985e+07 1.5797e+06
0.303 7.131e+07 1.4262e+06
0.304 6.5125e+07 1.3025e+06
0.305 8.1468e+07 1.6294e+06
0.306 7.6959e+07 1.5392e+06
0.307 6.2847e+07 1.2569e+06
0.308 7.967e+07 1.5934e+06
0.309 6.0897e+07 1.2179e+06
0.31 7.7024e+07 1.5405e+06
0.311 6.4568e+07 1.2914e+06
0.312 7.5736e+07 1.5147e+06
0.313 8.8013e+07 1.7603e+06
0.314 7.8224e+07 1.5645e+06
0.315 6.8997e+07 1.3799e+06
0.316 6.0028e+07 1.2006e+06
0.317 8.0331e+07 1.6066e+06
0.318 8.5019e+07 1.7004e+06
0.319 7.1924e+07 1.4385e+06
0.32 7.1078e+07 1.4216e+06
0.321 5.8788e+07 1.1758e+06
0.322 6.0705e+07 1.2141e+06
0.323 5.0163e+07 1.0033e+06
0.324 6.7807e+07 1.3561e+06
0.325 8.0014e+07 1.6003e+06
0.326 5.5178e+07 1.1036e+06
0.327 6.1827e+07 1.2365e+06
0.328 7.3451e+07 1.469e+06
0.329 7.019e+07 1.4038e+06
0.33 6.9679e+07 1.3936e+06
0.331 6.9075e+07 1.3815e+06
0.332 4.8114e+07 9.6228e+05
0.333 5.7621e+07 1.1524e+06
0.334 8.4344e+07 1.6869e+06
0.335 7.007e+07 1.4014e+06
0.336 6.4677e+07 1.2935e+06
0.337 7.2047e+07 1.4409e+06
0.338 6.6581e+07 1.3316e+06
0.339 6.7472e+07 1.3494e+06
0.34 6.9958e+07 1.3992e+06
0.341 7.079e+07 1.4158e+06
0.342 5.4564e+07 1.0913e+06
0.343 4.6619e+07 9.3238e+05
0.344 5.0975e+07 1.0195e+06
0.345 5.5805e+07 1.1161e+06
0.346 6.512e+07 1.3024e+06
0.347 6.6078e+07 1.3216e+06
0.348 5.7425e+07 1.1485e+06
0.349 6.8559e+07 1.3712e+06
0.35 7.6481e+07 1.5296e+06
0.351 5.2343e+07 1.0469e+06
0.352 6.8884e+07 1.3777e+06
0.353 5.3911e+07 1.0782e+06
0.354 5.478e+07 1.0956e+06
0.355 6.1291e+07 1.2258e+06
0.356 6.1019e+07 1.2204e+06
0.357 8.3196e+07 1.6639e+06
0.358 6.8801e+07 1.376e+06
0.359 6.0813e+07 1.2163e+06
0.36 6.4122e+07 1.2824e+06
0.361 6.7631e+07 1.3526e+06
0.362 5.3562e+07 1.0712e+06
0.363 6.4334e+07 1.2867e+06
0.364 7.787e+07 1.5574e+06
0.365 4.5199e+07 9.0399e+05
0.366 7.5572e+07 1.5114e+06
0.367 7.1203e+07 1.4241e+06
0.368 6.2219e+07 1.2444e+06
0.369 8.1734e+07 1.6347e+06
0.37 6.5093e+07 1.3019e+06
0.371 5.8421e+07 1.1684e+06
0.372 4.0538e+07 8.1075e+05
0.373 6.0398e+07 1.208e+06
0.374 8.0438e+07 1.6088e+06
0.375 6.1171e+07 1.2234e+06
0.376 7.1093e+07 1.4219e+06
0.377 5.8493e+07 1.1699e+06
0.378 7.0067e+07 1.4013e+06
0.379 7.4464e+07 1.4893e+06
0.38 6.4764e+07 1.2953e+06
0.381 8.1626e+07 1.6325e+06
0.382 5.8698e+07 1.174e+06
0.383 8.8376e+07 1.7675e+06
0.384 6.0506e+07 1.2101e+06
0.385 5.9215e+07 1.1843e+06
0.386 4.6078e+07 9.2156e+05
0.387 8.6692e+07 1.7338e+06
0.388 5.2815e+07 1.0563e+06
0.389 6.5006e+07 1.3001e+06
0.39 7.3354e+07 1.4671e+06
0.391 6.4161e+07 1.2832e+06
0.392 6.4594e+07 1.2919e+06
0.393 5.8917e+07 1.1783e+06
0.394 8.5528e+07 1.7106e+06
0.395 8.6921e+07 1.7384e+06
0.396 5.7595e+07 1.1519e+06
0.397 7.8662e+07 1.5732e+06
0.398 6.9643e+07 1.3929e+06
0.399 6.2701e+07 1.254e+06
0.4 6.4446e+07 1.2889e+06
0.401 7.4626e+07 1.4925e+06
0.402 7.1227e+07 1.4245e+06
0.403 6.1982e+07 1.2396e+06
0.404 6.0902e+07 1.218e+06
0.405 7.8951e+07 1.579e+06
0.406 8.6085e+07 1.7217e+06
0.407 6.9536e+07 1.3907e+06
0.408 7.0252e+07 1.405e+06
0.409 8.0096e+07 1.6019e+06
0.41 7.8658e+07 1.5732e+06
0.411 8.6109e+07 1.7222e+06
0.412 5.5929e+07 1.1186e+06
0.413 7.1017e+07 1.4203e+06
0.414 9.3963e+07 1.8793e+06
0.415 7.0852e+07 1.417e+06
0.416 5.8715e+07 1.1743e+06
0.417 5.972e+07 1.1944e+06
0.418 8.0862e+07 1.6172e+06
0.419 9.4675e+07 1.8935e+06
0.42 9.1921e+07 1.8384e+06
0.421 6.2244e+07 1.2449e+06
0.422 5.701e+07 1.1402e+06
0.423 8.0762e+07 1.6152e+06
0.424 7.29e+07 1.458e+06
0.425 8.4657e+07 1.6931e+06
0.426 8.247e+07 1.6494e+06
0.427 8.6814e+07 1.7363e+06
0.428 6.963e+07 1.3926e+06
0.429 8.471e+07 1.6942e+06
0.43 7.9991e+07 1.5998e+06
0.431 6.7529e+07 1.3506e+06
0.432 8.139e+07 1.6278e+06
0.433 7.3332e+07 1.4666e+06
0.434 7.5499e+07 1.51e+06
0.435 7.2997e+07 1.4599e+06
0.436 7.2418e+07 1.4484e+06
0.437 8.1565e+07 1.6313e+06
0.438 7.815e+07 1.563e+06
0.439 5.8014e+07 1.1603e+06
0.44 8.6016e+07 1.7203e+06
0.441 7.0283e+07 1.4057e+06
0.442 7.6509e+07 1.5302e+06
0.443 8.9931e+07 1.7986e+06
0.444 7.7372e+07 1.5474e+06
0.445 8.1995e+07 1.6399e+06
0.446 7.5255e+07 1.5051e+06
0.447 8.3126e+07 1.6625e+06
0.448 7.7335e+07 1.5467e+06
0.449 8.0476e+07 1.6095e+06
0.45 7.1424e+07 1.4285e+06
0.451 8.415e+07 1.683e+06
0.452 7.9105e+07 1.5821e+06
0.453 7.9927e+07 1.5985e+06
0.454 6.6054e+07 1.3211e+06
0.455 7.4767e+07 1.4953e+06
0.456 8.0946e+07 1.6189e+06
0.457 7.2298e+07 1.446e+06
0.458 7.974e+07 1.5948e+06
0.459 7.3063e+07 1.4613e+06
0.46 8.4953e+07 1.6991e+06
0.461 8.9934e+07 1.7987e+06
0.462 8.9283e+07 1.7857e+06
0.463 8.6805e+07 1.7361e+06
0.464 8.8141e+07 1.7628e+06
0.465 7.8099e+07 1.562e+06
0.466 7.4479e+07 1.4896e+06
0.467 9.5727e+07 1.9145e+06
0.468 7.2168e+07 1.4434e+06
0.469 7.8524e+07 1.5705e+06
0.47 7.6496e+07 1.5299e+06
0.471 9.709e+07 1.9418e+06
0.472 1e+08 2e+06
0.473 6.8634e+07 1.3727e+06
0.474 7.9808e+07 1.5962e+06
0.475 8.2433e+07 1.6487e+06
0.476 7.3657e+07 1.4731e+06
0.477 8.4773e+07 1.6955e+06
0.478 8.4407e+07 1.6881e+06
0.479 8.5649e+07 1.713e+06
0.48 7.0669e+07 1.4134e+06
0.481 5.8848e+07 1.177e+06
0.482 8.5846e+07 1.7169e+06
0.483 8.91e+07 1.782e+06
0.484 8.0772e+07 1.6154e+06
0.485 7.5019e+07 1.5004e+06
0.486 7.5027e+07 1.5005e+06
0.487 7.2359e+07 1.4472e+06
0.488 7.6408e+07 1.5282e+06
0.489 6.9332e+07 1.3866e+06
0.49 7.0575e+07 1.4115e+06
0.491 7.6304e+07 1.5261e+06
0.492 7.1333e+07 1.4267e+06
0.493 7.9534e+07 1.5907e+06
0.494 6.2837e+07 1.2567e+06
0.495 7.7944e+07 1.5589e+06
0.496 7.1173e+07 1.4235e+06
0.497 8.1279e+07 1.6256e+06
0.498 6.7648e+07 1.353e+06
0.499 8.652e+07 1.7304e+06
0.5 6.8042e+07 1.3608e+06
