0.001 1.7437e+09 3.4873e+07
0.002 1.6784e+09 3.3568e+07
0.003 1.5526e+09 3.1053e+07
0.004 1.5028e+09 3.0057e+07
0.005 1.6316e+09 3.2631e+07
0.006 1.6861e+09 3.3721e+07
0.007 1.5899e+09 3.1797e+07
0.008 1.6373e+09 3.2745e+07
0.009 1.6162e+09 3.2325e+07
0.01 1.6326e+09 3.2652e+07
0.011 1.6378e+09 3.2757e+07
0.012 1.6137e+09 3.2274e+07
0.013 1.5519e+09 3.1039e+07
0.014 1.5956e+09 3.1912e+07
0.015 1.5651e+09 3.1303e+07
0.016 1.5969e+09 3.1938e+07
0.017 1.4964e+09 2.9927e+07
0.018 1.5679e+09 3.1358e+07
0.019 1.5496e+09 3.0992e+07
0.02 1.5758e+09 3.1516e+07
0.021 1.5624e+09 3.1249e+07
0.022 1.5076e+09 3.0152e+07
0.023 1.5576e+09 3.1153e+07
0.024 1.5807e+09 3.1614e+07
0.025 1.5728e+09 3.1456e+07
0.026 1.5634e+09 3.1268e+07
0.027 1.5356e+09 3.0712e+07
0.028 1.5322e+09 3.0644e+07
0.029 1.4968e+09 2.9935e+07
0.03 1.5136e+09 3.0272e+07
0.031 1.4896e+09 2.9792e+07
0.032 1.5178e+09 3.0356e+07
0.033 1.4849e+09 2.9699e+07
0.034 1.4792e+09 2.9585e+07
0.035 1.4839e+09 2.9678e+07
0.036 1.4463e+09 2.8926e+07
0.037 1.4561e+09 2.9121e+07
0.038 1.4333e+09 2.8666e+07
0.039 1.4615e+09 2.923e+07
0.04 1.4304e+09 2.8607e+07
0.041 1.4317e+09 2.8634e+07
0.042 1.4454e+09 2.8908e+07
0.043 1.4268e+09 2.8536e+07
0.044 1.4052e+09 2.8104e+07
0.045 1.415e+09 2.8299e+07
0.046 1.387e+09 2.7741e+07
0.047 1.39e+09 2.78e+07
0.048 1.359e+09 2.718e+07
0.049 1.3577e+09 2.7154e+07
0.05 1.3519e+09 2.7039e+07
0.051 1.3546e+09 2.7093e+07
0.052 1.3264e+09 2.6529e+07
0.053 1.3264e+09 2.6528e+07
0.054 1.2985e+09 2.597e+07
0.055 1.2985e+09 2.5969e+07
0.056 1.291e+09 2.582e+07
0.057 1.2753e+09 2.5505e+07
0.058 1.2642e+09 2.5284e+07
0.059 1.24e+09 2.4801e+07
0.06 1.2394e+09 2.4787e+07
0.061 1.2356e+09 2.4711e+07
0.062 1.2281e+09 2.4562e+07
0.063 1.2071e+09 2.4142e+07
0.064 1.2135e+09 2.427e+07
0.065 1.2132e+09 2.4264e+07
0.066 1.1802e+09 2.3603e+07
0.067 1.1627e+09 2.3255e+07
0.068 1.1493e+09 2.2986e+07
0.069 1.158e+09 2.316e+07
0.07 1.1243e+09 2.2487e+07
0.071 1.111e+09 2.2219e+07
0.072 1.1065e+09 2.2131e+07
0.073 1.1199e+09 2.2397e+07
0.074 1.0799e+09 2.1597e+07
0.075 1.0893e+09 2.1786e+07
0.076 1.0799e+09 2.1597e+07
0.077 1.0499e+09 2.0998e+07
0.078 1.0223e+09 2.0447e+07
0.079 1.0495e+09 2.0991e+07
0.08 1.0198e+09 2.0397e+07
0.081 1.0063e+09 2.0125e+07
0.082 9.8735e+08 1.9747e+07
0.083 9.8298e+08 1.966e+07
0.084 9.8856e+08 1.9771e+07
0.085 9.4942e+08 1.8988e+07
0.086 9.4372e+08 1.8874e+07
0.087 9.296e+08 1.8592e+07
0.088 9.3289e+08 1.8658e+07
0.089 9.132e+08 1.8264e+07
0.09 8.9413e+08 1.7883e+07
0.091 8.7848e+08 1.757e+07
0.092 8.9943e+08 1.7989e+07
0.093 8.5416e+08 1.7083e+07
0.094 8.4141e+08 1.6828e+07
0.095 8.6524e+08 1.7305e+07
0.096 8.3382e+08 1.6676e+07
0.097 8.1891e+08 1.6378e+07
0.098 8.0646e+08 1.6129e+07
0.099 7.8777e+08 1.5755e+07
0.1 7.8763e+08 1.5753e+07
0.101 7.8225e+08 1.5645e+07
0.102 7.4898e+08 1.498e+07
0.103 7.5322e+08 1.5064e+07
0.104 7.557e+08 1.5114e+07
0.105 7.1735e+08 1.4347e+07
0.106 7.243e+08 1.4486e+07
0.107 7.2144e+08 1.4429e+07
0.108 6.9395e+08 1.3879e+07
0.109 6.8945e+08 1.3789e+07
0.11 6.6358e+08 1.3272e+07
0.111 6.7644e+08 1.3529e+07
0.112 6.6167e+08 1.3233e+07
0.113 6.4655e+08 1.2931e+07
0.114 6.3497e+08 1.2699e+07
0.115 6.2017e+08 1.2403e+07
0.116 6.1293e+08 1.2259e+07
0.117 6.1697e+08 1.2339e+07
0.118 6.0421e+08 1.2084e+07
0.119 5.9921e+08 1.1984e+07
0.12 5.7987e+08 1.1597e+07
0.121 5.7423e+08 1.1485e+07
0.122 5.6376e+08 1.1275e+07
0.123 5.3793e+08 1.0759e+07
0.124 5.4774e+08 1.0955e+07
0.125 5.2688e+08 1.0538e+07
0.126 5.1957e+08 1.0391e+07
0.127 5.2653e+08 1.0531e+07
0.128 5.0429e+08 1.0086e+07
0.129 5.0169e+08 1.0034e+07
0.13 4.9576e+08 9.9152e+06
0.131 4.8987e+08 9.7975e+06
0.132 4.6543e+08 9.3085e+06
0.133 4.6176e+08 9.2352e+06
0.134 4.6411e+08 9.2822e+06
0.135 4.4539e+08 8.9078e+06
0.136 4.4188e+08 8.8375e+06
0.137 4.1921e+08 8.3843e+06
0.138 4.2735e+08 8.547e+06
0.139 4.1767e+08 8.3534e+06
0.14 4.0863e+08 8.1725e+06
0.141 4.04e+08 8.0801e+06
0.142 3.8041e+08 7.6082e+06
0.143 3.8082e+08 7.6164e+06
0.144 3.8527e+08 7.7054e+06
0.145 3.7992e+08 7.5983e+06
0.146 3.5774e+08 7.1548e+06
0.147 3.7061e+08 7.4123e+06
0.148 3.3116e+08 6.6231e+06
0.149 3.3905e+08 6.781e+06
0.15 3.3452e+08 6.6904e+06
0.151 3.3589e+08 6.7178e+06
0.152 3.3032e+08 6.6064e+06
0.153 3.2727e+08 6.5454e+06
0.154 3.1393e+08 6.2787e+06
0.155 3.0558e+08 6.1117e+06
0.156 3.1456e+08 6.2911e+06
0.157 2.8854e+08 5.7709e+06
0.158 2.899e+08 5.7981e+06
0.159 2.6718e+08 5.3436e+06
0.16 2.7539e+08 5.5079e+06
0.161 2.7048e+08 5.4095e+06
0.162 2.7307e+08 5.4615e+06
0.163 2.5401e+08 5.0803e+06
0.164 2.6187e+08 5.2374e+06
0.165 2.4742e+08 4.9485e+06
0.166 2.4477e+08 4.8954e+06
0.167 2.4146e+08 4.8291e+06
0.168 2.2644e+08 4.5289e+06
0.169 2.3424e+08 4.6848e+06
0.17 2.2253e+08 4.4505e+06
0.171 2.2587e+08 4.5173e+06
0.172 2.2311e+08 4.4622e+06
0.173 2.0928e+08 4.1855e+06
0.174 2.1033e+08 4.2066e+06
0.175 1.9699e+08 3.9398e+06
0.176 2.0249e+08 4.0497e+06
0.177 1.9627e+08 3.9254e+06
0.178 1.9606e+08 3.9212e+06
0.179 1.9204e+08 3.8408e+06
0.18 1.8879e+08 3.7757e+06
0.181 1.869e+08 3.738e+06
0.182 1.7817e+08 3.5634e+06
0.183 1.6993e+08 3.3986e+06
0.184 1.7858e+08 3.5716e+06
0.185 1.6359e+08 3.2719e+06
0.186 1.6735e+08 3.3469e+06
0.187 1.6099e+08 3.2198e+06
0.188 1.5335e+08 3.0671e+06
0.189 1.5922e+08 3.1843e+06
0.19 1.4232e+08 2.8464e+06
0.191 1.3727e+08 2.7454e+06
0.192 1.4991e+08 2.9982e+06
0.193 1.4031e+08 2.8061e+06
0.194 1.4192e+08 2.8384e+06
0.195 1.3778e+08 2.7555e+06
0.196 1.3469e+08 2.6937e+06
0.197 1.2849e+08 2.5699e+06
0.198 1.3272e+08 2.6543e+06
0.199 1.2837e+08 2.5673e+06
0.2 1.2299e+08 2.4598e+06
0.201 1.3e+08 2.6001e+06
0.202 1.2299e+08 2.4598e+06
0.203 1.1313e+08 2.2625e+06
0.204 1.1133e+08 2.2265e+06
0.205 1.0863e+08 2.1726e+06
0.206 1.1689e+08 2.3379e+06
0.207 1.0892e+08 2.1783e+06
0.208 9.7077e+07 1.9415e+06
0.209 1.0199e+08 2.0398e+06
0.21 1.0124e+08 2.0249e+06
0.211 1.0796e+08 2.1593e+06
0.212 9.7295e+07 1.9459e+06
0.213 8.9197e+07 1.7839e+06
0.214 9.9621e+07 1.9924e+06
0.215 9.4785e+07 1.8957e+06
0.216 8.9391e+07 1.7878e+06
0.217 9.5235e+07 1.9047e+06
0.218 8.9098e+07 1.782e+06
0.219 7.9712e+07 1.5942e+06
0.22 8.3332e+07 1.6666e+06
0.221 8.0876e+07 1.6175e+06
0.222 9.0524e+07 1.8105e+06
0.223 7.6536e+07 1.5307e+06
0.224 8.1024e+07 1.6205e+06
0.225 7.6529e+07 1.5306e+06
0.226 7.7813e+07 1.5563e+06
0.227 7.7034e+07 1.5407e+06
0.228 7.1343e+07 1.4269e+06
0.229 6.9378e+07 1.3876e+06
0.23 6.6197e+07 1.3239e+06
0.231 6.7647e+07 1.3529e+06
0.232 7.0369e+07 1.4074e+06
0.233 6.6447e+07 1.3289e+06
0.234 7.2617e+07 1.4523e+06
0.235 6.1581e+07 1.2316e+06
0.236 7.0917e+07 1.4183e+06
0.237 6.5795e+07 1.3159e+06
0.238 5.9746e+07 1.1949e+06
0.239 5.8178e+07 1.1636e+06
0.24 6.456e+07 1.2912e+06
0.241 5.6394e+07 1.1279e+06
0.242 5.7898e+07 1.158e+06
0.243 4.6944e+07 9.3887e+05
0.244 5.5219e+07 1.1044e+06
0.245 5.3484e+07 1.0697e+06
0.246 5.0959e+07 1.0192e+06
0.247 5.207e+07 1.0414e+06
0.248 4.9029e+07 9.8058e+05
0.249 4.555e+07 9.1099e+05
0.25 4.9138e+07 9.8277e+05
0.251 4.8403e+07 9.6806e+05
0.252 4.8246e+07 9.6491e+05
0.253 5.1945e+07 1.0389e+06
0.254 4.753e+07 9.506e+05
0.255 4.6264e+07 9.2529e+05
0.256 4.967e+07 9.9339e+05
0.257 4.7512e+07 9.5024e+05
0.258 4.1813e+07 8.3625e+05
0.259 4.4564e+07 8.9129e+05
0.26 4.2461e+07 8.4922e+05
0.261 4.0692e+07 8.1384e+05
0.262 4.7845e+07 9.569e+05
0.263 4.7028e+07 9.4056e+05
0.264 3.9738e+07 7.9476e+05
0.265 4.4576e+07 8.9152e+05
0.266 4.113e+07 8.226e+05
0.267 3.2384e+07 6.4768e+05
0.268 3.1159e+07 6.2317e+05
0.269 3.5787e+07 7.1574e+05
0.27 3.3165e+07 6.6329e+05
0.271 4.0702e+07 8.1405e+05
0.272 3.6755e+07 7.3511e+05
0.273 2.8271e+07 5.6543e+05
0.274 3.8057e+07 7.6114e+05
0.275 3.4825e+07 6.965e+05
0.276 3.5759e+07 7.1518e+05
0.277 3.8941e+07 7.7882e+05
0.278 3.6469e+07 7.2939e+05
0.279 3.584e+07 7.168e+05
0.28 3.3352e+07 6.6704e+05
0.281 3.2411e+07 6.4821e+05
0.282 3.4372e+07 6.8744e+05
0.283 3.8512e+07 7.7025e+05
0.284 2.5523e+07 5.1045e+05
0.285 3.2849e+07 6.5698e+05
0.286 2.9966e+07 5.9933e+05
0.287 3.2758e+07 6.5516e+05
0.288 2.8221e+07 5.6442e+05
0.289 2.4072e+07 4.8144e+05
0.29 2.4207e+07 4.8414e+05
0.291 2.7142e+07 5.4283e+05
0.292 2.5031e+07 5.0062e+05
0.293 3.1329e+07 6.2658e+05
0.294 3.2129e+07 6.4259e+05
0.295 2.3512e+07 4.7023e+05
0.296 2.908e+07 5.816e+05
0.297 2.3521e+07 4.7041e+05
0.298 2.9263e+07 5.8526e+05
0.299 3.5259e+07 7.0518e+05
0.3 2.8298e+07 5.6597e+05
0.301 2.1467e+07 4.2934e+05
0.302 2.0594e+07 4.1188e+05
0.303 2.4624e+07 4.9248e+05
0.304 3.0191e+07 6.0381e+05
0.305 2.0583e+07 4.1166e+05
0.306 2.436e+07 4.8719e+05
0.307 2.4289e+07 4.8578e+05
0.308 2.3524e+07 4.7047e+05
0.309 2.1278e+07 4.2556e+05
0.31 2.3541e+07 4.7081e+05
0.311 2.3233e+07 4.6465e+05
0.312 2.8453e+07 5.6906e+05
0.313 2.1463e+07 4.2926e+05
0.314 2.2733e+07 4.5466e+05
0.315 2.8213e+07 5.6426e+05
0.316 2.2223e+07 4.4445e+05
0.317 1.8694e+07 3.7387e+05
0.318 2.3726e+07 4.7452e+05
0.319 2.3332e+07 4.6663e+05
0.32 2.2534e+07 4.5068e+05
0.321 1.9842e+07 3.9683e+05
0.322 2.1044e+07 4.2087e+05
0.323 2.2102e+07 4.4204e+05
0.324 2.1034e+07 4.2067e+05
0.325 1.7237e+07 3.4475e+05
0.326 1.8241e+07 3.6482e+05
0.327 3.0253e+07 6.0505e+05
0.328 1.9088e+07 3.8177e+05
0.329 2.9422e+07 5.8843e+05
0.33 1.8705e+07 3.741e+05
0.331 2.0721e+07 4.1442e+05
0.332 2.1278e+07 4.2556e+05
0.333 2.0374e+07 4.0749e+05
0.334 1.7021e+07 3.4042e+05
0.335 2.5185e+07 5.0371e+05
0.336 2.9737e+07 5.9475e+05
0.337 2.3109e+07 4.6218e+05
0.338 2.497e+07 4.994e+05
0.339 1.7778e+07 3.5555e+05
0.34 2.163e+07 4.3259e+05
0.341 2.423e+07 4.846e+05
0.342 2.4749e+07 4.9498e+05
0.343 2.296e+07 4.592e+05
0.344 2.2661e+07 4.5323e+05
0.345 2.3612e+07 4.7224e+05
0.346 1.7014e+07 3.4028e+05
0.347 2.3163e+07 4.6327e+05
0.348 2.1761e+07 4.3522e+05
0.349 2.6845e+07 5.3689e+05
0.35 2.3562e+07 4.7123e+05
0.351 2.6329e+07 5.2659e+05
0.352 2.9725e+07 5.945e+05
0.353 2.4604e+07 4.9207e+05
0.354 3.0296e+07 6.0592e+05
0.355 1.8978e+07 3.7956e+05
0.356 1.9373e+07 3.8747e+05
0.357 2.774e+07 5.5481e+05
0.358 2.7586e+07 5.5171e+05
0.359 1.9442e+07 3.8883e+05
0.36 2.7323e+07 5.4645e+05
0.361 2.6149e+07 5.2298e+05
0.362 2.3143e+07 4.6286e+05
0.363 2.6291e+07 5.2582e+05
0.364 1.8421e+07 3.6843e+05
0.365 2.8527e+07 5.7054e+05
0.366 2.9522e+07 5.9044e+05
0.367 2.8455e+07 5.6909e+05
0.368 2.3488e+07 4.6975e+05
0.369 2.5894e+07 5.1787e+05
0.37 2.5442e+07 5.0884e+05
0.371 2.2031e+07 4.4061e+05
0.372 2.3706e+07 4.7412e+05
0.373 2.4771e+07 4.9541e+05
0.374 2.8893e+07 5.7786e+05
0.375 2.051e+07 4.102e+05
0.376 2.7134e+07 5.4268e+05
0.377 2.7669e+07 5.5337e+05
0.378 3.5144e+07 7.0288e+05
0.379 2.5721e+07 5.1443e+05
0.38 3.0265e+07 6.053e+05
0.381 2.4842e+07 4.9685e+05
0.382 2.8684e+07 5.7368e+05
0.383 2.9814e+07 5.9627e+05
0.384 3.1842e+07 6.3685e+05
0.385 2.5111e+07 5.0222e+05
0.386 3.2101e+07 6.4202e+05
0.387 2.2681e+07 4.5361e+05
0.388 3.2988e+07 6.5976e+05
0.389 2.553e+07 5.106e+05
0.39 2.3829e+07 4.7657e+05
0.391 2.4656e+07 4.9311e+05
0.392 3.167e+07 6.3341e+05
0.393 2.7775e+07 5.555e+05
0.394 2.1735e+07 4.3471e+05
0.395 2.1803e+07 4.3606e+05
0.396 2.8826e+07 5.7652e+05
0.397 2.8841e+07 5.7682e+05
0.398 3.0018e+07 6.0036e+05
0.399 3.4285e+07 6.8571e+05
0.4 2.7057e+07 5.4114e+05
0.401 2.5916e+07 5.1833e+05
0.402 2.5847e+07 5.1694e+05
0.403 3.1451e+07 6.2901e+05
0.404 2.4237e+07 4.8473e+05
0.405 2.8982e+07 5.7965e+05
0.406 2.8738e+07 5.7477e+05
0.407 3.4205e+07 6.841e+05
0.408 3.171e+07 6.3421e+05
0.409 2.6869e+07 5.3737e+05
0.41 3.4815e+07 6.963e+05
0.411 3.4818e+07 6.9636e+05
0.412 2.2839e+07 4.5678e+05
0.413 2.7411e+07 5.4822e+05
0.414 2.758e+07 5.5159e+05
0.415 2.9702e+07 5.9403e+05
0.416 2.6286e+07 5.2572e+05
0.417 3.1296e+07 6.2592e+05
0.418 2.589e+07 5.1779e+05
0.419 3.1515e+07 6.303e+05
0.42 3.2932e+07 6.5864e+05
0.421 2.6226e+07 5.2451e+05
0.422 2.0026e+07 4.0052e+05
0.423 3.2616e+07 6.5233e+05
0.424 2.6146e+07 5.2293e+05
0.425 3.2108e+07 6.4217e+05
0.426 2.6311e+07 5.2621e+05
0.427 2.3772e+07 4.7543e+05
0.428 2.8489e+07 5.6978e+05
0.429 3.183e+07 6.3661e+05
0.43 3.1406e+07 6.2812e+05
0.431 3.6914e+07 7.3828e+05
0.432 3.1022e+07 6.2045e+05
0.433 2.6863e+07 5.3726e+05
0.434 2.9272e+07 5.8544e+05
0.435 1.848e+07 3.696e+05
0.436 2.8446e+07 5.6893e+05
0.437 3.4279e+07 6.8557e+05
0.438 2.6692e+07 5.3385e+05
0.439 2.716e+07 5.4319e+05
0.44 3.1293e+07 6.2586e+05
0.441 2.9581e+07 5.9162e+05
0.442 2.9325e+07 5.8649e+05
0.443 3.3233e+07 6.6465e+05
0.444 3.1147e+07 6.2294e+05
0.445 2.7607e+07 5.5214e+05
0.446 2.6204e+07 5.2408e+05
0.447 2.9028e+07 5.8055e+05
0.448 3.5099e+07 7.0198e+05
0.449 3.1036e+07 6.2072e+05
0.45 3.2497e+07 6.4994e+05
0.451 2.4084e+07 4.8167e+05
0.452 2.6069e+07 5.2138e+05
0.453 2.8461e+07 5.6921e+05
0.454 2.9293e+07 5.8586e+05
0.455 2.7136e+07 5.4272e+05
0.456 2.9694e+07 5.9387e+05
0.457 3.1757e+07 6.3514e+05
0.458 3.4798e+07 6.9597e+05
0.459 3.6026e+07 7.2051e+05
0.46 2.859e+07 5.7181e+05
0.461 2.9457e+07 5.8914e+05
0.462 3.4134e+07 6.8267e+05
0.463 2.7465e+07 5.493e+05
0.464 3.3777e+07 6.7554e+05
0.465 2.683e+07 5.3661e+05
0.466 3.2504e+07 6.5007e+05
0.467 2.9789e+07 5.9579e+05
0.468 2.8144e+07 5.6289e+05
0.469 3.3743e+07 6.7487e+05
0.47 2.5194e+07 5.0389e+05
0.471 3.4031e+07 6.8061e+05
0.472 3.2175e+07 6.4349e+05
0.473 2.9617e+07 5.9234e+05
0.474 3.2043e+07 6.4086e+05
0.475 2.3591e+07 4.7182e+05
0.476 3.4925e+07 6.9849e+05
0.477 2.4258e+07 4.8517e+05
0.478 2.5255e+07 5.0509e+05
0.479 3.2804e+07 6.5608e+05
0.48 3.1339e+07 6.2677e+05
0.481 3.096e+07 6.1921e+05
0.482 3.2699e+07 6.5398e+05
0.483 3.6774e+07 7.3547e+05
0.484 2.7833e+07 5.5667e+05
0.485 3.2326e+07 6.4652e+05
0.486 2.3982e+07 4.7963e+05
0.487 3.281e+07 6.5619e+05
0.488 2.8256e+07 5.6512e+05
0.489 2.5631e+07 5.1263e+05
0.49 2.4654e+07 4.9307e+05
0.491 2.9889e+07 5.9778e+05
0.492 3.2267e+07 6.4533e+05
0.493 2.4025e+07 4.805e+05
0.494 2.7461e+07 5.4922e+05
0.495 2.548e+07 5.096e+05
0.496 2.7789e+07 5.5578e+05
0.497 2.9417e+07 5.8835e+05
0.498 2.6194e+07 5.2388e+05
0.499 2.915e+07 5.83e+05
0.5 3.1453e+07 6.2906e+05
