0.001 1.7786e+09 3.5573e+07
0.002 1.69e+09 3.38e+07
0.003 1.7695e+09 3.539e+07
0.004 1.6747e+09 3.3494e+07
0.005 1.6973e+09 3.3947e+07
0.006 1.7218e+09 3.4435e+07
0.007 1.6973e+09 3.3947e+07
0.008 1.7355e+09 3.4711e+07
0.009 1.6991e+09 3.3983e+07
0.01 1.6882e+09 3.3763e+07
0.011 1.7527e+09 3.5054e+07
0.012 1.6985e+09 3.3969e+07
0.013 1.6868e+09 3.3736e+07
0.014 1.6874e+09 3.3747e+07
0.015 1.7331e+09 3.4662e+07
0.016 1.7039e+09 3.4078e+07
0.017 1.6252e+09 3.2503e+07
0.018 1.6906e+09 3.3812e+07
0.019 1.6688e+09 3.3375e+07
0.02 1.6988e+09 3.3976e+07
0.021 1.6907e+09 3.3814e+07
0.022 1.6598e+09 3.3197e+07
0.023 1.6735e+09 3.3471e+07
0.024 1.6168e+09 3.2336e+07
0.025 1.6416e+09 3.2833e+07
0.026 1.6404e+09 3.2808e+07
0.027 1.6517e+09 3.3033e+07
0.028 1.6296e+09 3.2592e+07
0.029 1.6524e+09 3.3049e+07
0.03 1.6268e+09 3.2537e+07
0.031 1.6313e+09 3.2625e+07
0.032 1.6178e+09 3.2357e+07
0.033 1.5907e+09 3.1814e+07
0.034 1.5508e+09 3.1016e+07
0.035 1.5708e+09 3.1416e+07
0.036 1.5728e+09 3.1456e+07
0.037 1.5632e+09 3.1265e+07
0.038 1.5374e+09 3.0747e+07
0.039 1.5222e+09 3.0445e+07
0.04 1.5259e+09 3.0519e+07
0.041 1.4822e+09 2.9644e+07
0.042 1.5055e+09 3.011e+07
0.043 1.5027e+09 3.0054e+07
0.044 1.4925e+09 2.9851e+07
0.045 1.48e+09 2.9599e+07
0.046 1.4973e+09 2.9946e+07
0.047 1.471e+09 2.942e+07
0.048 1.4635e+09 2.9269e+07
0.049 1.4596e+09 2.9191e+07
0.05 1.4342e+09 2.8684e+07
0.051 1.4463e+09 2.8925e+07
0.052 1.414e+09 2.8281e+07
0.053 1.4101e+09 2.8202e+07
0.054 1.3961e+09 2.7921e+07
0.055 1.3577e+09 2.7154e+07
0.056 1.3655e+09 2.731e+07
0.057 1.3695e+09 2.7389e+07
0.058 1.3495e+09 2.699e+07
0.059 1.3565e+09 2.713e+07
0.06 1.3161e+09 2.6322e+07
0.061 1.3018e+09 2.6036e+07
0.062 1.3039e+09 2.6078e+07
0.063 1.3059e+09 2.6118e+07
0.064 1.2846e+09 2.5691e+07
0.065 1.2498e+09 2.4995e+07
0.066 1.2738e+09 2.5477e+07
0.067 1.2341e+09 2.4682e+07
0.068 1.2354e+09 2.4708e+07
0.069 1.2086e+09 2.4171e+07
0.07 1.1978e+09 2.3956e+07
0.071 1.2246e+09 2.4491e+07
0.072 1.1844e+09 2.3687e+07
0.073 1.1749e+09 2.3499e+07
0.074 1.1616e+09 2.3232e+07
0.075 1.1784e+09 2.3567e+07
0.076 1.1336e+09 2.2672e+07
0.077 1.1299e+09 2.2599e+07
0.078 1.1032e+09 2.2064e+07
0.079 1.1204e+09 2.2408e+07
0.08 1.089e+09 2.178e+07
0.081 1.072e+09 2.144e+07
0.082 1.0664e+09 2.1328e+07
0.083 1.0442e+09 2.0884e+07
0.084 1.0381e+09 2.0762e+07
0.085 1.0322e+09 2.0644e+07
0.086 1.0125e+09 2.025e+07
0.087 1.0145e+09 2.029e+07
0.088 9.7855e+08 1.9571e+07
0.089 9.6265e+08 1.9253e+07
0.09 9.6479e+08 1.9296e+07
0.091 9.626e+08 1.9252e+07
0.092 9.5212e+08 1.9042e+07
0.093 9.2403e+08 1.8481e+07
0.094 9.2499e+08 1.85e+07
0.095 8.9957e+08 1.7991e+07
0.096 8.9345e+08 1.7869e+07
0.097 8.9265e+08 1.7853e+07
0.098 8.8412e+08 1.7682e+07
0.099 8.7078e+08 1.7416e+07
0.1 8.5192e+08 1.7038e+07
0.101 8.3571e+08 1.6714e+07
0.102 8.2805e+08 1.6561e+07
0.103 8.1321e+08 1.6264e+07
0.104 7.9604e+08 1.5921e+07
0.105 7.8362e+08 1.5672e+07
0.106 7.838e+08 1.5676e+07
0.107 7.7703e+08 1.5541e+07
0.108 7.4097e+08 1.4819e+07
0.109 7.458e+08 1.4916e+07
0.11 7.3481e+08 1.4696e+07
0.111 7.3324e+08 1.4665e+07
0.112 7.1444e+08 1.4289e+07
0.113 7.0808e+08 1.4162e+07
0.114 6.7854e+08 1.3571e+07
0.115 6.8962e+08 1.3792e+07
0.116 6.7099e+08 1.342e+07
0.117 6.5136e+08 1.3027e+07
0.118 6.5471e+08 1.3094e+07
0.119 6.3244e+08 1.2649e+07
0.12 6.2548e+08 1.251e+07
0.121 6.0957e+08 1.2191e+07
0.122 6.146e+08 1.2292e+07
0.123 6.0103e+08 1.2021e+07
0.124 5.8061e+08 1.1612e+07
0.125 5.8755e+08 1.1751e+07
0.126 5.576e+08 1.1152e+07
0.127 5.6053e+08 1.1211e+07
0.128 5.4493e+08 1.0899e+07
0.129 5.4477e+08 1.0895e+07
0.13 5.3263e+08 1.0653e+07
0.131 5.2601e+08 1.052e+07
0.132 4.9936e+08 9.9872e+06
0.133 4.9826e+08 9.9651e+06
0.134 4.8127e+08 9.6254e+06
0.135 4.7545e+08 9.509e+06
0.136 4.7104e+08 9.4208e+06
0.137 4.6095e+08 9.219e+06
0.138 4.6162e+08 9.2323e+06
0.139 4.5496e+08 9.0991e+06
0.14 4.4974e+08 8.9949e+06
0.141 4.2524e+08 8.5048e+06
0.142 4.3336e+08 8.6672e+06
0.143 3.999e+08 7.9979e+06
0.144 4.094e+08 8.1881e+06
0.145 4.042e+08 8.0839e+06
0.146 3.908e+08 7.816e+06
0.147 3.9387e+08 7.8774e+06
0.148 3.8585e+08 7.717e+06
0.149 3.836e+08 7.672e+06
0.15 3.6712e+08 7.3423e+06
0.151 3.6459e+08 7.2918e+06
0.152 3.5213e+08 7.0426e+06
0.153 3.4948e+08 6.9897e+06
0.154 3.3665e+08 6.7329e+06
0.155 3.4457e+08 6.8913e+06
0.156 3.4395e+08 6.8791e+06
0.157 3.385e+08 6.77e+06
0.158 3.2035e+08 6.407e+06
0.159 3.1431e+08 6.2862e+06
0.16 2.9384e+08 5.8767e+06
0.161 2.9871e+08 5.9741e+06
0.162 2.9717e+08 5.9434e+06
0.163 2.8162e+08 5.6323e+06
0.164 2.8855e+08 5.7709e+06
0.165 2.797e+08 5.5941e+06
0.166 2.7157e+08 5.4315e+06
0.167 2.6145e+08 5.229e+06
0.168 2.5376e+08 5.0751e+06
0.169 2.5984e+08 5.1967e+06
0.17 2.4467e+08 4.8934e+06
0.171 2.5515e+08 5.1029e+06
0.172 2.372e+08 4.744e+06
0.173 2.3034e+08 4.6068e+06
0.174 2.3801e+08 4.7602e+06
0.175 2.1677e+08 4.3354e+06
0.176 2.2538e+08 4.5075e+06
0.177 2.1903e+08 4.3806e+06
0.178 2.2063e+08 4.4126e+06
0.179 2.2111e+08 4.4223e+06
0.18 2.1135e+08 4.227e+06
0.181 2.0342e+08 4.0685e+06
0.182 1.9047e+08 3.8093e+06
0.183 1.8804e+08 3.7607e+06
0.184 1.782e+08 3.564e+06
0.185 1.7842e+08 3.5685e+06
0.186 1.8475e+08 3.6951e+06
0.187 1.8454e+08 3.6907e+06
0.188 1.807e+08 3.6141e+06
0.189 1.6778e+08 3.3556e+06
0.19 1.6858e+08 3.3717e+06
0.191 1.7469e+08 3.4938e+06
0.192 1.6939e+08 3.3879e+06
0.193 1.6002e+08 3.2005e+06
0.194 1.5159e+08 3.0319e+06
0.195 1.5361e+08 3.0722e+06
0.196 1.5642e+08 3.1285e+06
0.197 1.3632e+08 2.7264e+06
0.198 1.3784e+08 2.7567e+06
0.199 1.5207e+08 3.0415e+06
0.2 1.3956e+08 2.7912e+06
0.201 1.3651e+08 2.7301e+06
0.202 1.3569e+08 2.7138e+06
0.203 1.3573e+08 2.7147e+06
0.204 1.3145e+08 2.6289e+06
0.205 1.2659e+08 2.5317e+06
0.206 1.3666e+08 2.7332e+06
0.207 1.1279e+08 2.2557e+06
0.208 1.2759e+08 2.5517e+06
0.209 1.178e+08 2.356e+06
0.21 1.1211e+08 2.2422e+06
0.211 1.2457e+08 2.4914e+06
0.212 1.1325e+08 2.265e+06
0.213 1.1263e+08 2.2527e+06
0.214 1.0717e+08 2.1434e+06
0.215 9.8663e+07 1.9733e+06
0.216 1.0077e+08 2.0153e+06
0.217 9.9913e+07 1.9983e+06
0.218 9.1616e+07 1.8323e+06
0.219 9.2134e+07 1.8427e+06
0.22 9.404e+07 1.8808e+06
0.221 9.1714e+07 1.8343e+06
0.222 9.005e+07 1.801e+06
0.223 9.2925e+07 1.8585e+06
0.224 9.9706e+07 1.9941e+06
0.225 8.8754e+07 1.7751e+06
0.226 8.5887e+07 1.7177e+06
0.227 8.3974e+07 1.6795e+06
0.228 8.4856e+07 1.6971e+06
0.229 8.7118e+07 1.7424e+06
0.23 8.2713e+07 1.6543e+06
0.231 8.0061e+07 1.6012e+06
0.232 7.4072e+07 1.4814e+06
0.233 7.4548e+07 1.491e+06
0.234 6.7114e+07 1.3423e+06
0.235 7.0313e+07 1.4063e+06
0.236 8.3477e+07 1.6695e+06
0.237 7.4556e+07 1.4911e+06
0.238 7.2575e+07 1.4515e+06
0.239 7.1186e+07 1.4237e+06
0.24 7.1363e+07 1.4273e+06
0.241 7.2321e+07 1.4464e+06
0.242 7.2847e+07 1.4569e+06
0.243 5.591e+07 1.1182e+06
0.244 6.958e+07 1.3916e+06
0.245 5.5347e+07 1.1069e+06
0.246 7.2329e+07 1.4466e+06
0.247 5.9501e+07 1.19e+06
0.248 6.4972e+07 1.2994e+06
0.249 5.8306e+07 1.1661e+06
0.25 6.0948e+07 1.219e+06
0.251 5.7135e+07 1.1427e+06
0.252 6.1368e+07 1.2274e+06
0.253 5.5562e+07 1.1112e+06
0.254 5.4716e+07 1.0943e+06
0.255 5.3736e+07 1.0747e+06
0.256 5.3063e+07 1.0613e+06
0.257 6.2002e+07 1.24e+06
0.258 5.0001e+07 1e+06
0.259 4.7993e+07 9.5986e+05
0.26 4.9438e+07 9.8877e+05
0.261 4.2665e+07 8.533e+05
0.262 5.212e+07 1.0424e+06
0.263 4.5236e+07 9.0473e+05
0.264 4.8164e+07 9.6327e+05
0.265 4.373e+07 8.7461e+05
0.266 4.329e+07 8.658e+05
0.267 4.3652e+07 8.7305e+05
0.268 4.2415e+07 8.483e+05
0.269 4.6164e+07 9.2328e+05
0.27 4.5458e+07 9.0915e+05
0.271 3.972e+07 7.944e+05
0.272 3.3101e+07 6.6202e+05
0.273 4.6073e+07 9.2146e+05
0.274 3.2946e+07 6.5892e+05
0.275 3.9813e+07 7.9626e+05
0.276 3.0129e+07 6.0259e+05
0.277 4.5649e+07 9.1297e+05
0.278 3.6814e+07 7.3628e+05
0.279 2.9557e+07 5.9114e+05
0.28 4.4359e+07 8.8718e+05
0.281 4.4485e+07 8.897e+05
0.282 3.8091e+07 7.6181e+05
0.283 3.8484e+07 7.6968e+05
0.284 3.7338e+07 7.4677e+05
0.285 3.9467e+07 7.8933e+05
0.286 3.7229e+07 7.4458e+05
0.287 3.6634e+07 7.3269e+05
0.288 3.2655e+07 6.531e+05
0.289 2.5525e+07 5.1049e+05
0.29 3.3899e+07 6.7797e+05
0.291 3.0049e+07 6.0099e+05
0.292 2.9729e+07 5.9458e+05
0.293 3.832e+07 7.664e+05
0.294 3.3831e+07 6.7661e+05
0.295 2.0294e+07 4.0588e+05
0.296 3.014e+07 6.0281e+05
0.297 3.0272e+07 6.0543e+05
0.298 2.1107e+07 4.2213e+05
0.299 3.9686e+07 7.9372e+05
0.3 3.1291e+07 6.2582e+05
0.301 2.6212e+07 5.2424e+05
0.302 1.7577e+07 3.5154e+05
0.303 2.7643e+07 5.5286e+05
0.304 3.6021e+07 7.2042e+05
0.305 3.5331e+07 7.0662e+05
0.306 2.7503e+07 5.5006e+05
0.307 3.0352e+07 6.0704e+05
0.308 2.4413e+07 4.8826e+05
0.309 1.8234e+07 3.6469e+05
0.31 2.2235e+07 4.4469e+05
0.311 2.6122e+07 5.2244e+05
0.312 2.585e+07 5.17e+05
0.313 2.1325e+07 4.265e+05
0.314 3.1661e+07 6.3322e+05
0.315 1.84e+07 3.68e+05
0.316 2.5205e+07 5.041e+05
0.317 2.5543e+07 5.1085e+05
0.318 2.6961e+07 5.3921e+05
0.319 2.5675e+07 5.135e+05
0.32 2.6851e+07 5.3703e+05
0.321 2.1618e+07 4.3236e+05
0.322 3.0612e+07 6.1225e+05
0.323 2.4446e+07 4.8891e+05
0.324 3.0279e+07 6.0558e+05
0.325 1.3951e+07 2.7903e+05
0.326 2.6504e+07 5.3008e+05
0.327 4.3118e+07 8.6237e+05
0.328 2.118e+07 4.2361e+05
0.329 1.6907e+07 3.3813e+05
0.33 2.0722e+07 4.1444e+05
0.331 2.334e+07 4.668e+05
0.332 2.7096e+07 5.4191e+05
0.333 2.796e+07 5.5919e+05
0.334 2.6882e+07 5.3764e+05
0.335 2.4531e+07 4.9062e+05
0.336 2.6322e+07 5.2644e+05
0.337 2.8235e+07 5.647e+05
0.338 2.82e+07 5.64e+05
0.339 1.8254e+07 3.6508e+05
0.34 3.3191e+07 6.6382e+05
0.341 2.3822e+07 4.7643e+05
0.342 3.2125e+07 6.425e+05
0.343 3.3059e+07 6.6118e+05
0.344 2.2597e+07 4.5194e+05
0.345 1.7824e+07 3.5648e+05
0.346 2.4023e+07 4.8045e+05
0.347 2.4293e+07 4.8586e+05
0.348 1.6873e+07 3.3746e+05
0.349 2.7589e+07 5.5178e+05
0.35 2.559e+07 5.118e+05
0.351 3.1958e+07 6.3915e+05
0.352 3.2451e+07 6.4903e+05
0.353 2.5998e+07 5.1995e+05
0.354 2.0343e+07 4.0686e+05
0.355 2.8621e+07 5.7243e+05
0.356 2.8739e+07 5.7477e+05
0.357 2.6375e+07 5.2749e+05
0.358 1.9882e+07 3.9764e+05
0.359 2.8881e+07 5.7761e+05
0.36 2.24e+07 4.4799e+05
0.361 2.9967e+07 5.9935e+05
0.362 3.1709e+07 6.3418e+05
0.363 3.1725e+07 6.345e+05
0.364 3.0552e+07 6.1104e+05
0.365 2.6574e+07 5.3148e+05
0.366 2.5726e+07 5.1452e+05
0.367 2.6238e+07 5.2476e+05
0.368 2.9842e+07 5.9685e+05
0.369 3.7098e+07 7.4197e+05
0.37 3.0106e+07 6.0213e+05
0.371 2.3471e+07 4.6942e+05
0.372 3.0016e+07 6.0032e+05
0.373 2.1085e+07 4.2169e+05
0.374 2.0219e+07 4.0437e+05
0.375 3.4854e+07 6.9708e+05
0.376 3.0247e+07 6.0494e+05
0.377 2.619e+07 5.2379e+05
0.378 3.0332e+07 6.0664e+05
0.379 2.9054e+07 5.8108e+05
0.38 2.4583e+07 4.9166e+05
0.381 3.0655e+07 6.1309e+05
0.382 2.9774e+07 5.9549e+05
0.383 3.1076e+07 6.2152e+05
0.384 3.6942e+07 7.3884e+05
0.385 2.9504e+07 5.9007e+05
0.386 3.3647e+07 6.7293e+05
0.387 3.8346e+07 7.6692e+05
0.388 3.3124e+07 6.6248e+05
0.389 3.4835e+07 6.967e+05
0.39 2.69e+07 5.3801e+05
0.391 2.8457e+07 5.6915e+05
0.392 3.4949e+07 6.9897e+05
0.393 3.6496e+07 7.2991e+05
0.394 3.2164e+07 6.4328e+05
0.395 3.1563e+07 6.3126e+05
0.396 3.4655e+07 6.9311e+05
0.397 3.1926e+07 6.3853e+05
0.398 3.8657e+07 7.7313e+05
0.399 3.5299e+07 7.0598e+05
0.4 2.9893e+07 5.9786e+05
0.401 3.548e+07 7.0959e+05
0.402 2.6069e+07 5.2138e+05
0.403 3.6136e+07 7.2271e+05
0.404 2.9261e+07 5.8523e+05
0.405 3.6269e+07 7.2538e+05
0.406 2.6763e+07 5.3525e+05
0.407 2.5655e+07 5.131e+05
0.408 3.4021e+07 6.8041e+05
0.409 3.202e+07 6.4041e+05
0.41 3.4035e+07 6.807e+05
0.411 2.7615e+07 5.5229e+05
0.412 3.3454e+07 6.6907e+05
0.413 2.8608e+07 5.7217e+05
0.414 3.1392e+07 6.2784e+05
0.415 3.1505e+07 6.3009e+05
0.416 3.0532e+07 6.1064e+05
0.417 3.7589e+07 7.5178e+05
0.418 3.7028e+07 7.4056e+05
0.419 4.4823e+07 8.9646e+05
0.42 2.4706e+07 4.9411e+05
0.421 2.9124e+07 5.8248e+05
0.422 3.0926e+07 6.1853e+05
0.423 3.0407e+07 6.0814e+05
0.424 3.2848e+07 6.5696e+05
0.425 3.397e+07 6.794e+05
0.426 2.9853e+07 5.9707e+05
0.427 3.1771e+07 6.3542e+05
0.428 4.1762e+07 8.3525e+05
0.429 4.0667e+07 8.1334e+05
0.43 2.8357e+07 5.6714e+05
0.431 4.1967e+07 8.3934e+05
0.432 2.6849e+07 5.3699e+05
0.433 3.0404e+07 6.0809e+05
0.434 3.7057e+07 7.4114e+05
0.435 3.1381e+07 6.2762e+05
0.436 3.4999e+07 6.9998e+05
0.437 3.2843e+07 6.5687e+05
0.438 3.3244e+07 6.6488e+05
0.439 3.8053e+07 7.6106e+05
0.44 3.908e+07 7.8161e+05
0.441 3.4316e+07 6.8632e+05
0.442 3.9098e+07 7.8197e+05
0.443 3.0941e+07 6.1882e+05
0.444 3.623e+07 7.2459e+05
0.445 3.1209e+07 6.2417e+05
0.446 2.9251e+07 5.8501e+05
0.447 2.3338e+07 4.6675e+05
0.448 2.912e+07 5.824e+05
0.449 3.2036e+07 6.4071e+05
0.45 3.3078e+07 6.6156e+05
0.451 3.6146e+07 7.2292e+05
0.452 2.8633e+07 5.7265e+05
0.453 2.9592e+07 5.9185e+05
0.454 3.2368e+07 6.4736e+05
0.455 3.711e+07 7.4219e+05
0.456 3.7602e+07 7.5204e+05
0.457 3.0035e+07 6.007e+05
0.458 3.5464e+07 7.0928e+05
0.459 4.0897e+07 8.1794e+05
0.46 3.7147e+07 7.4294e+05
0.461 2.2823e+07 4.5646e+05
0.462 3.1996e+07 6.3993e+05
0.463 2.7196e+07 5.4391e+05
0.464 3.5714e+07 7.1428e+05
0.465 3.6868e+07 7.3737e+05
0.466 3.5907e+07 7.1814e+05
0.467 3.1912e+07 6.3825e+05
0.468 3.3627e+07 6.7254e+05
0.469 2.8413e+07 5.6825e+05
0.47 2.9508e+07 5.9016e+05
0.471 2.7115e+07 5.4231e+05
0.472 3.4319e+07 6.8638e+05
0.473 3.2415e+07 6.483e+05
0.474 3.5807e+07 7.1615e+05
0.475 3.1746e+07 6.3493e+05
0.476 2.9196e+07 5.8391e+05
0.477 3.8799e+07 7.7599e+05
0.478 3.5571e+07 7.1142e+05
0.479 3.4294e+07 6.8589e+05
0.48 3.2394e+07 6.4788e+05
0.481 2.9656e+07 5.9313e+05
0.482 3.5617e+07 7.1234e+05
0.483 2.7814e+07 5.5628e+05
0.484 2.8942e+07 5.7883e+05
0.485 3.4455e+07 6.8911e+05
0.486 3.4344e+07 6.8689e+05
0.487 2.8181e+07 5.6361e+05
0.488 3.2453e+07 6.4907e+05
0.489 3.8689e+07 7.7377e+05
0.49 2.8986e+07 5.7971e+05
0.491 2.7988e+07 5.5977e+05
0.492 3.55e+07 7.1001e+05
0.493 3.2651e+07 6.5301e+05
0.494 2.8427e+07 5.6853e+05
0.495 3.091e+07 6.182e+05
0.496 3.3226e+07 6.6452e+05
0.497 3.3523e+07 6.7047e+05
0.498 3.333e+07 6.6659e+05
0.499 2.1914e+07 4.3829e+05
0.5 3.7982e+07 7.5963e+05
