0.001 5.6734e+08 1.1347e+07
0.002 4.9656e+08 9.9313e+06
0.003 5.1297e+08 1.0259e+07
0.004 5.0196e+08 1.0039e+07
0.005 5.2387e+08 1.0477e+07
0.006 4.6753e+08 9.3506e+06
0.007 4.7463e+08 9.4927e+06
0.008 4.7401e+08 9.4801e+06
0.009 4.7748e+08 9.5496e+06
0.01 4.8084e+08 9.6169e+06
0.011 4.8965e+08 9.7929e+06
0.012 4.7448e+08 9.4897e+06
0.013 4.7259e+08 9.4517e+06
0.014 4.925e+08 9.85e+06
0.015 4.9341e+08 9.8682e+06
0.016 4.7513e+08 9.5025e+06
0.017 4.7929e+08 9.5858e+06
0.018 4.9253e+08 9.8506e+06
0.019 4.9707e+08 9.9415e+06
0.02 4.7386e+08 9.4772e+06
0.021 4.8002e+08 9.6004e+06
0.022 4.7723e+08 9.5446e+06
0.023 4.8217e+08 9.6433e+06
0.024 4.7923e+08 9.5847e+06
0.025 4.8549e+08 9.7097e+06
0.026 4.7449e+08 9.4898e+06
0.027 4.7476e+08 9.4952e+06
0.028 4.7884e+08 9.5768e+06
0.029 4.6788e+08 9.3576e+06
0.03 4.6724e+08 9.3449e+06
0.031 4.6912e+08 9.3823e+06
0.032 4.6349e+08 9.2697e+06
0.033 4.6578e+08 9.3156e+06
0.034 4.6754e+08 9.3508e+06
0.035 4.6717e+08 9.3435e+06
0.036 4.5667e+08 9.1335e+06
0.037 4.511e+08 9.022e+06
0.038 4.6e+08 9.2e+06
0.039 4.5717e+08 9.1434e+06
0.04 4.4932e+08 8.9864e+06
0.041 4.5257e+08 9.0514e+06
0.042 4.4733e+08 8.9466e+06
0.043 4.5113e+08 9.0226e+06
0.044 4.4954e+08 8.9908e+06
0.045 4.4011e+08 8.8022e+06
0.046 4.3957e+08 8.7915e+06
0.047 4.3224e+08 8.6448e+06
0.048 4.3521e+08 8.7042e+06
0.049 4.3104e+08 8.6209e+06
0.05 4.2991e+08 8.5982e+06
0.051 4.3445e+08 8.689e+06
0.052 4.2148e+08 8.4297e+06
0.053 4.2928e+08 8.5856e+06
0.054 4.2133e+08 8.4267e+06
0.055 4.175e+08 8.3501e+06
0.056 4.1408e+08 8.2816e+06
0.057 4.0975e+08 8.1951e+06
0.058 4.1378e+08 8.2756e+06
0.059 4.0203e+08 8.0405e+06
0.06 4.0539e+08 8.1077e+06
0.061 4.059e+08 8.1181e+06
0.062 4.0124e+08 8.0248e+06
0.063 3.9589e+08 7.9178e+06
0.064 3.9416e+08 7.8832e+06
0.065 3.9368e+08 7.8736e+06
0.066 3.8314e+08 7.6629e+06
0.067 3.8832e+08 7.7664e+06
0.068 3.8246e+08 7.6492e+06
0.069 3.7747e+08 7.5495e+06
0.07 3.7475e+08 7.4949e+06
0.071 3.8088e+08 7.6175e+06
0.072 3.7489e+08 7.4977e+06
0.073 3.715e+08 7.4301e+06
0.074 3.6983e+08 7.3966e+06
0.075 3.7032e+08 7.4064e+06
0.076 3.6217e+08 7.2434e+06
0.077 3.6383e+08 7.2765e+06
0.078 3.5276e+08 7.0551e+06
0.079 3.5096e+08 7.0191e+06
0.08 3.5081e+08 7.0163e+06
0.081 3.5362e+08 7.0724e+06
0.082 3.4498e+08 6.8996e+06
0.083 3.4421e+08 6.8841e+06
0.084 3.418e+08 6.8359e+06
0.085 3.3549e+08 6.7098e+06
0.086 3.2757e+08 6.5514e+06
0.087 3.2567e+08 6.5135e+06
0.088 3.3122e+08 6.6243e+06
0.089 3.1808e+08 6.3616e+06
0.09 3.123e+08 6.2461e+06
0.091 3.147e+08 6.2941e+06
0.092 3.1347e+08 6.2693e+06
0.093 3.1211e+08 6.2422e+06
0.094 3.0488e+08 6.0976e+06
0.095 3.0549e+08 6.1098e+06
0.096 2.9581e+08 5.9162e+06
0.097 2.9496e+08 5.8992e+06
0.098 2.9474e+08 5.8949e+06
0.099 2.8894e+08 5.7788e+06
0.1 2.9169e+08 5.8338e+06
0.101 2.8877e+08 5.7754e+06
0.102 2.8325e+08 5.6651e+06
0.103 2.7926e+08 5.5852e+06
0.104 2.7339e+08 5.4678e+06
0.105 2.7276e+08 5.4552e+06
0.106 2.6908e+08 5.3815e+06
0.107 2.6814e+08 5.3628e+06
0.108 2.6088e+08 5.2176e+06
0.109 2.5825e+08 5.1649e+06
0.11 2.5749e+08 5.1498e+06
0.111 2.5669e+08 5.1339e+06
0.112 2.5068e+08 5.0137e+06
0.113 2.4929e+08 4.9858e+06
0.114 2.4997e+08 4.9993e+06
0.115 2.4367e+08 4.8734e+06
0.116 2.3678e+08 4.7356e+06
0.117 2.344e+08 4.688e+06
0.118 2.3098e+08 4.6195e+06
0.119 2.282e+08 4.564e+06
0.12 2.2163e+08 4.4327e+06
0.121 2.2132e+08 4.4263e+06
0.122 2.2332e+08 4.4664e+06
0.123 2.2151e+08 4.4302e+06
0.124 2.1395e+08 4.279e+06
0.125 2.1166e+08 4.2332e+06
0.126 2.0872e+08 4.1743e+06
0.127 2.038e+08 4.076e+06
0.128 2.0005e+08 4.001e+06
0.129 1.9806e+08 3.9612e+06
0.13 1.9304e+08 3.8608e+06
0.131 1.9234e+08 3.8469e+06
0.132 1.8946e+08 3.7893e+06
0.133 1.877e+08 3.754e+06
0.134 1.8838e+08 3.7676e+06
0.135 1.7819e+08 3.5639e+06
0.136 1.7994e+08 3.5988e+06
0.137 1.7295e+08 3.4589e+06
0.138 1.7318e+08 3.4636e+06
0.139 1.6715e+08 3.343e+06
0.14 1.664e+08 3.3279e+06
0.141 1.662e+08 3.3239e+06
0.142 1.6587e+08 3.3173e+06
0.143 1.6166e+08 3.2333e+06
0.144 1.5932e+08 3.1864e+06
0.145 1.5838e+08 3.1677e+06
0.146 1.5504e+08 3.1008e+06
0.147 1.5255e+08 3.0509e+06
0.148 1.5006e+08 3.0011e+06
0.149 1.4811e+08 2.9621e+06
0.15 1.3957e+08 2.7914e+06
0.151 1.4081e+08 2.8161e+06
0.152 1.364e+08 2.7279e+06
0.153 1.3484e+08 2.6968e+06
0.154 1.3264e+08 2.6529e+06
0.155 1.3164e+08 2.6328e+06
0.156 1.2993e+08 2.5986e+06
0.157 1.2184e+08 2.4368e+06
0.158 1.2507e+08 2.5013e+06
0.159 1.238e+08 2.476e+06
0.16 1.2295e+08 2.4591e+06
0.161 1.156e+08 2.3121e+06
0.162 1.1233e+08 2.2465e+06
0.163 1.1531e+08 2.3062e+06
0.164 1.1469e+08 2.2937e+06
0.165 1.0694e+08 2.1389e+06
0.166 1.0877e+08 2.1753e+06
0.167 1.0415e+08 2.0831e+06
0.168 1.0236e+08 2.0471e+06
0.169 9.8179e+07 1.9636e+06
0.17 9.842e+07 1.9684e+06
0.171 9.2752e+07 1.855e+06
0.172 9.7266e+07 1.9453e+06
0.173 9.1934e+07 1.8387e+06
0.174 9.3736e+07 1.8747e+06
0.175 9.0714e+07 1.8143e+06
0.176 8.892e+07 1.7784e+06
0.177 8.5086e+07 1.7017e+06
0.178 8.6451e+07 1.729e+06
0.179 8.3569e+07 1.6714e+06
0.18 8.1414e+07 1.6283e+06
0.181 8.1577e+07 1.6315e+06
0.182 7.8558e+07 1.5712e+06
0.183 7.4254e+07 1.4851e+06
0.184 7.7982e+07 1.5596e+06
0.185 7.2889e+07 1.4578e+06
0.186 6.7756e+07 1.3551e+06
0.187 6.93e+07 1.386e+06
0.188 6.5733e+07 1.3147e+06
0.189 6.8957e+07 1.3791e+06
0.19 6.3425e+07 1.2685e+06
0.191 6.3254e+07 1.2651e+06
0.192 6.5375e+07 1.3075e+06
0.193 5.9978e+07 1.1996e+06
0.194 5.8628e+07 1.1726e+06
0.195 5.977e+07 1.1954e+06
0.196 5.5115e+07 1.1023e+06
0.197 5.327e+07 1.0654e+06
0.198 5.3857e+07 1.0771e+06
0.199 5.2996e+07 1.0599e+06
0.2 5.1452e+07 1.029e+06
0.201 4.9112e+07 9.8224e+05
0.202 4.5567e+07 9.1135e+05
0.203 4.6627e+07 9.3254e+05
0.204 4.1372e+07 8.2744e+05
0.205 4.8231e+07 9.6463e+05
0.206 4.4366e+07 8.8733e+05
0.207 4.3017e+07 8.6033e+05
0.208 3.749e+07 7.4979e+05
0.209 4.4546e+07 8.9093e+05
0.21 3.7938e+07 7.5875e+05
0.211 3.7355e+07 7.471e+05
0.212 3.7946e+07 7.5892e+05
0.213 3.6811e+07 7.3622e+05
0.214 3.6606e+07 7.3212e+05
0.215 3.2979e+07 6.5958e+05
0.216 3.3957e+07 6.7914e+05
0.217 3.2817e+07 6.5634e+05
0.218 3.2118e+07 6.4236e+05
0.219 3.2715e+07 6.543e+05
0.22 2.911e+07 5.8221e+05
0.221 2.967e+07 5.934e+05
0.222 2.4119e+07 4.8238e+05
0.223 2.7517e+07 5.5034e+05
0.224 2.4892e+07 4.9784e+05
0.225 2.4932e+07 4.9865e+05
0.226 2.622e+07 5.244e+05
0.227 2.276e+07 4.552e+05
0.228 2.2754e+07 4.5508e+05
0.229 2.1422e+07 4.2844e+05
0.23 1.9097e+07 3.8195e+05
0.231 2.3032e+07 4.6064e+05
0.232 1.9086e+07 3.8173e+05
0.233 2.0614e+07 4.1228e+05
0.234 2.4397e+07 4.8793e+05
0.235 1.9875e+07 3.975e+05
0.236 1.7793e+07 3.5586e+05
0.237 2.0403e+07 4.0806e+05
0.238 1.9731e+07 3.9461e+05
0.239 1.6675e+07 3.335e+05
0.24 2.0226e+07 4.0451e+05
0.241 1.6744e+07 3.3488e+05
0.242 1.6858e+07 3.3717e+05
0.243 1.8976e+07 3.7952e+05
0.244 1.2602e+07 2.5204e+05
0.245 1.7224e+07 3.4448e+05
0.246 1.4072e+07 2.8144e+05
0.247 1.3191e+07 2.6383e+05
0.248 1.2077e+07 2.4153e+05
0.249 1.5406e+07 3.0813e+05
0.25 9.8501e+06 1.97e+05
0.251 1.1754e+07 2.3508e+05
0.252 1.0255e+07 2.0511e+05
0.253 1.3007e+07 2.6014e+05
0.254 1.0151e+07 2.0301e+05
0.255 1.1252e+07 2.2505e+05
0.256 7.4382e+06 1.4876e+05
0.257 1.1059e+07 2.2117e+05
0.258 4.7794e+06 95588
0.259 7.061e+06 1.4122e+05
0.26 8.3501e+06 1.67e+05
0.261 8.016e+06 1.6032e+05
0.262 1.0187e+07 2.0373e+05
0.263 9.6413e+06 1.9283e+05
0.264 5.1933e+06 1.0387e+05
0.265 6.2935e+06 1.2587e+05
0.266 9.4916e+06 1.8983e+05
0.267 7.6224e+06 1.5245e+05
0.268 6.5986e+06 1.3197e+05
0.269 7.4606e+06 1.4921e+05
0.27 7.7081e+06 1.5416e+05
0.271 6.7603e+06 1.3521e+05
0.272 5.1854e+06 1.0371e+05
0.273 8.897e+06 1.7794e+05
0.274 3.7605e+06 75209
0.275 4.3446e+06 86892
0.276 4.3811e+06 87622
0.277 5.945e+06 1.189e+05
0.278 6.3948e+06 1.279e+05
0.279 4.0947e+06 81893
0.28 4.7071e+06 94141
0.281 4.7219e+06 94438
0.282 5.122e+06 1.0244e+05
0.283 4.0262e+06 80524
0.284 4.7202e+06 94403
0.285 6.1095e+06 1.2219e+05
0.286 2.2795e+06 45589
0.287 8.4025e+06 1.6805e+05
0.288 1.9272e+06 38543
0.289 5.7221e+06 1.1444e+05
0.29 5.2511e+06 1.0502e+05
0.291 1.3683e+06 27366
0.292 5.0963e+06 1.0193e+05
0.293 3.0313e+06 60627
0.294 4.0238e+06 80476
0.295 2.6401e+06 52802
0.296 5.117e+06 1.0234e+05
0.297 2.2259e+06 44517
0.298 4.6088e+06 92176
0.299 6.0765e+06 1.2153e+05
0.3 5.2717e+06 1.0543e+05
0.301 4.7429e+06 94857
0.302 3.1583e+06 63167
0.303 5.1539e+06 1.0308e+05
0.304 7.242e+06 1.4484e+05
0.305 4.6992e+06 93984
0.306 5.1286e+06 1.0257e+05
0.307 6.2223e+06 1.2445e+05
0.308 3.792e+06 75839
0.309 5.2674e+06 1.0535e+05
0.31 5.2742e+06 1.0548e+05
0.311 3.0159e+06 60317
0.312 5.3133e+05 10627
0.313 5.5557e+06 1.1111e+05
0.314 3.6801e+06 73601
0.315 6.7225e+06 1.3445e+05
0.316 3.4333e+06 68666
0.317 5.0884e+06 1.0177e+05
0.318 6.1049e+06 1.221e+05
0.319 3.4842e+06 69684
0.32 6.1236e+06 1.2247e+05
0.321 5.7142e+06 1.1428e+05
0.322 5.2517e+06 1.0503e+05
0.323 6.4218e+06 1.2844e+05
0.324 5.9997e+06 1.1999e+05
0.325 7.9413e+06 1.5883e+05
0.326 8.1184e+06 1.6237e+05
0.327 5.1694e+06 1.0339e+05
0.328 5.3305e+06 1.0661e+05
0.329 5.8052e+06 1.161e+05
0.33 5.2142e+06 1.0428e+05
0.331 5.9165e+06 1.1833e+05
0.332 4.0748e+06 81497
0.333 5.0624e+06 1.0125e+05
0.334 6.6387e+06 1.3277e+05
0.335 8.506e+06 1.7012e+05
0.336 5.491e+06 1.0982e+05
0.337 6.0851e+06 1.217e+05
0.338 6.9169e+06 1.3834e+05
0.339 6.2028e+06 1.2406e+05
0.34 6.0198e+06 1.204e+05
0.341 5.6877e+06 1.1375e+05
0.342 6.7785e+06 1.3557e+05
0.343 7.1e+06 1.42e+05
0.344 8.683e+06 1.7366e+05
0.345 7.1097e+06 1.4219e+05
0.346 7.6994e+06 1.5399e+05
0.347 8.7683e+06 1.7537e+05
0.348 8.3327e+06 1.6665e+05
0.349 9.1736e+06 1.8347e+05
0.35 6.1645e+06 1.2329e+05
0.351 9.0882e+06 1.8176e+05
0.352 6.6096e+06 1.3219e+05
0.353 8.6824e+06 1.7365e+05
0.354 7.964e+06 1.5928e+05
0.355 8.6322e+06 1.7264e+05
0.356 9.0157e+06 1.8031e+05
0.357 8.9364e+06 1.7873e+05
0.358 6.6789e+06 1.3358e+05
0.359 6.8099e+06 1.362e+05
0.36 8.4225e+06 1.6845e+05
0.361 8.9883e+06 1.7977e+05
0.362 8.7501e+06 1.75e+05
0.363 9.7723e+06 1.9545e+05
0.364 1.0034e+07 2.0067e+05
0.365 9.1757e+06 1.8351e+05
0.366 8.3335e+06 1.6667e+05
0.367 9.2675e+06 1.8535e+05
0.368 9.7462e+06 1.9492e+05
0.369 8.4957e+06 1.6991e+05
0.37 8.4393e+06 1.6879e+05
0.371 1.1224e+07 2.2449e+05
0.372 9.0841e+06 1.8168e+05
0.373 8.9467e+06 1.7893e+05
0.374 7.4922e+06 1.4984e+05
0.375 7.753e+06 1.5506e+05
0.376 9.9086e+06 1.9817e+05
0.377 7.5673e+06 1.5135e+05
0.378 1.1681e+07 2.3362e+05
0.379 9.3955e+06 1.8791e+05
0.38 8.9814e+06 1.7963e+05
0.381 7.7075e+06 1.5415e+05
0.382 8.3061e+06 1.6612e+05
0.383 1.0819e+07 2.1638e+05
0.384 9.7505e+06 1.9501e+05
0.385 1.2969e+07 2.5939e+05
0.386 9.3376e+06 1.8675e+05
0.387 1.0855e+07 2.1709e+05
0.388 9.1343e+06 1.8269e+05
0.389 1.2652e+07 2.5304e+05
0.39 8.9186e+06 1.7837e+05
0.391 1.1869e+07 2.3738e+05
0.392 1.1122e+07 2.2244e+05
0.393 9.987e+06 1.9974e+05
0.394 1.1144e+07 2.2288e+05
0.395 1.158e+07 2.316e+05
0.396 1.1283e+07 2.2566e+05
0.397 9.4861e+06 1.8972e+05
0.398 1.037e+07 2.0741e+05
0.399 1.2437e+07 2.4873e+05
0.4 9.5464e+06 1.9093e+05
0.401 1.3118e+07 2.6237e+05
0.402 1.0388e+07 2.0776e+05
0.403 1.0628e+07 2.1255e+05
0.404 1.0364e+07 2.0728e+05
0.405 1.021e+07 2.0419e+05
0.406 9.1274e+06 1.8255e+05
0.407 1.2419e+07 2.4839e+05
0.408 9.4599e+06 1.892e+05
0.409 1.1798e+07 2.3597e+05
0.41 1.1527e+07 2.3055e+05
0.411 1.2446e+07 2.4892e+05
0.412 1.1236e+07 2.2471e+05
0.413 1.5333e+07 3.0667e+05
0.414 1.0157e+07 2.0313e+05
0.415 1.0369e+07 2.0739e+05
0.416 9.7813e+06 1.9563e+05
0.417 1.1741e+07 2.3482e+05
0.418 9.8212e+06 1.9642e+05
0.419 9.8719e+06 1.9744e+05
0.42 1.2385e+07 2.4771e+05
0.421 1.1252e+07 2.2505e+05
0.422 1.0481e+07 2.0961e+05
0.423 1.2516e+07 2.5032e+05
0.424 1.1386e+07 2.2772e+05
0.425 1.136e+07 2.272e+05
0.426 1.3136e+07 2.6272e+05
0.427 1.3413e+07 2.6825e+05
0.428 1.1436e+07 2.2873e+05
0.429 1.1335e+07 2.267e+05
0.43 1.1742e+07 2.3485e+05
0.431 9.5387e+06 1.9077e+05
0.432 9.9763e+06 1.9953e+05
0.433 1.0981e+07 2.1962e+05
0.434 1.1629e+07 2.3258e+05
0.435 9.3006e+06 1.8601e+05
0.436 1.1148e+07 2.2297e+05
0.437 1.2722e+07 2.5444e+05
0.438 1.2788e+07 2.5576e+05
0.439 1.0859e+07 2.1719e+05
0.44 1.1386e+07 2.2773e+05
0.441 1.133e+07 2.266e+05
0.442 1.0665e+07 2.1329e+05
0.443 8.4805e+06 1.6961e+05
0.444 1.2426e+07 2.4853e+05
0.445 1.2184e+07 2.4367e+05
0.446 1.1136e+07 2.2271e+05
0.447 9.8239e+06 1.9648e+05
0.448 1.1942e+07 2.3884e+05
0.449 9.035e+06 1.807e+05
0.45 1.0497e+07 2.0994e+05
0.451 1.1388e+07 2.2776e+05
0.452 1.0037e+07 2.0074e+05
0.453 1.1915e+07 2.3831e+05
0.454 1.1994e+07 2.3987e+05
0.455 1.4157e+07 2.8313e+05
0.456 1.403e+07 2.8061e+05
0.457 1.4059e+07 2.8118e+05
0.458 1.193e+07 2.3859e+05
0.459 1.2743e+07 2.5486e+05
0.46 1.2278e+07 2.4556e+05
0.461 1.1917e+07 2.3833e+05
0.462 1.1903e+07 2.3806e+05
0.463 9.8895e+06 1.9779e+05
0.464 1.2741e+07 2.5482e+05
0.465 1.1826e+07 2.3651e+05
0.466 9.9622e+06 1.9924e+05
0.467 1.2402e+07 2.4804e+05
0.468 1.1943e+07 2.3886e+05
0.469 1.1096e+07 2.2192e+05
0.47 1.1387e+07 2.2774e+05
0.471 1.066e+07 2.1319e+05
0.472 1.1618e+07 2.3235e+05
0.473 1.2683e+07 2.5366e+05
0.474 1.0769e+07 2.1539e+05
0.475 1.1776e+07 2.3553e+05
0.476 1.0096e+07 2.0192e+05
0.477 1.0206e+07 2.0412e+05
0.478 1.0716e+07 2.1433e+05
0.479 1.0875e+07 2.1751e+05
0.48 9.0871e+06 1.8174e+05
0.481 1.0502e+07 2.1004e+05
0.482 1.2339e+07 2.4679e+05
0.483 1.1759e+07 2.3517e+05
0.484 1.1855e+07 2.3711e+05
0.485 1.1699e+07 2.3399e+05
0.486 9.7745e+06 1.9549e+05
0.487 9.7511e+06 1.9502e+05
0.488 1.1377e+07 2.2753e+05
0.489 1.0258e+07 2.0517e+05
0.49 1.1274e+07 2.2548e+05
0.491 8.0543e+06 1.6109e+05
0.492 1.1384e+07 2.2769e+05
0.493 9.1195e+06 1.8239e+05
0.494 8.7986e+06 1.7597e+05
0.495 9.3578e+06 1.8716e+05
0.496 1.0086e+07 2.0173e+05
0.497 8.6524e+06 1.7305e+05
0.498 1.2233e+07 2.4465e+05
0.499 1.05e+07 2.1e+05
0.5 1.06e+07 2.1201e+05
