0.001 2.3917e+09 4.7834e+07
0.002 2.1193e+09 4.2385e+07
0.003 2.1591e+09 4.3182e+07
0.004 2.1312e+09 4.2624e+07
0.005 2.1651e+09 4.3303e+07
0.006 2.2182e+09 4.4365e+07
0.007 2.1153e+09 4.2306e+07
0.008 2.1773e+09 4.3546e+07
0.009 2.1655e+09 4.331e+07
0.01 2.1437e+09 4.2874e+07
0.011 2.1505e+09 4.301e+07
0.012 2.163e+09 4.326e+07
0.013 2.1671e+09 4.3343e+07
0.014 2.1103e+09 4.2206e+07
0.015 2.0705e+09 4.141e+07
0.016 2.1192e+09 4.2385e+07
0.017 2.064e+09 4.128e+07
0.018 2.1562e+09 4.3124e+07
0.019 2.1546e+09 4.3091e+07
0.02 2.0946e+09 4.1892e+07
0.021 2.0666e+09 4.1331e+07
0.022 2.0488e+09 4.0976e+07
0.023 1.989e+09 3.9779e+07
0.024 2.016e+09 4.032e+07
0.025 2.0285e+09 4.0569e+07
0.026 1.9343e+09 3.8685e+07
0.027 2.0242e+09 4.0484e+07
0.028 1.9673e+09 3.9347e+07
0.029 1.9896e+09 3.9792e+07
0.03 1.9501e+09 3.9002e+07
0.031 1.9122e+09 3.8244e+07
0.032 1.8906e+09 3.7813e+07
0.033 1.8942e+09 3.7883e+07
0.034 1.8581e+09 3.7162e+07
0.035 1.8442e+09 3.6884e+07
0.036 1.8529e+09 3.7058e+07
0.037 1.7995e+09 3.5991e+07
0.038 1.7967e+09 3.5934e+07
0.039 1.7827e+09 3.5655e+07
0.04 1.74e+09 3.4801e+07
0.041 1.7494e+09 3.4989e+07
0.042 1.7201e+09 3.4403e+07
0.043 1.7064e+09 3.4127e+07
0.044 1.6922e+09 3.3845e+07
0.045 1.6399e+09 3.2799e+07
0.046 1.6518e+09 3.3037e+07
0.047 1.6464e+09 3.2927e+07
0.048 1.5952e+09 3.1904e+07
0.049 1.59e+09 3.18e+07
0.05 1.5539e+09 3.1078e+07
0.051 1.5451e+09 3.0901e+07
0.052 1.521e+09 3.0419e+07
0.053 1.4796e+09 2.9592e+07
0.054 1.4736e+09 2.9472e+07
0.055 1.4467e+09 2.8935e+07
0.056 1.4484e+09 2.8968e+07
0.057 1.4242e+09 2.8485e+07
0.058 1.369e+09 2.738e+07
0.059 1.378e+09 2.7561e+07
0.06 1.3417e+09 2.6834e+07
0.061 1.3505e+09 2.7011e+07
0.062 1.3023e+09 2.6046e+07
0.063 1.284e+09 2.5681e+07
0.064 1.2848e+09 2.5695e+07
0.065 1.2522e+09 2.5043e+07
0.066 1.2572e+09 2.5144e+07
0.067 1.2123e+09 2.4246e+07
0.068 1.1796e+09 2.3591e+07
0.069 1.1741e+09 2.3482e+07
0.07 1.1641e+09 2.3282e+07
0.071 1.1252e+09 2.2503e+07
0.072 1.126e+09 2.252e+07
0.073 1.0964e+09 2.1928e+07
0.074 1.0728e+09 2.1455e+07
0.075 1.0505e+09 2.101e+07
0.076 1.0179e+09 2.0357e+07
0.077 1.0272e+09 2.0545e+07
0.078 9.8036e+08 1.9607e+07
0.079 9.5566e+08 1.9113e+07
0.08 9.6922e+08 1.9384e+07
0.081 9.4271e+08 1.8854e+07
0.082 9.3555e+08 1.8711e+07
0.083 8.9414e+08 1.7883e+07
0.084 8.9746e+08 1.7949e+07
0.085 8.8768e+08 1.7754e+07
0.086 8.4929e+08 1.6986e+07
0.087 8.3836e+08 1.6767e+07
0.088 8.3416e+08 1.6683e+07
0.089 8.1158e+08 1.6232e+07
0.09 7.9323e+08 1.5865e+07
0.091 7.7311e+08 1.5462e+07
0.092 7.7412e+08 1.5482e+07
0.093 7.5554e+08 1.5111e+07
0.094 7.4422e+08 1.4884e+07
0.095 7.2932e+08 1.4586e+07
0.096 6.9838e+08 1.3968e+07
0.097 6.8999e+08 1.38e+07
0.098 6.7742e+08 1.3548e+07
0.099 6.6622e+08 1.3324e+07
0.1 6.4409e+08 1.2882e+07
0.101 6.4005e+08 1.2801e+07
0.102 6.3202e+08 1.264e+07
0.103 6.1395e+08 1.2279e+07
0.104 5.8635e+08 1.1727e+07
0.105 5.9593e+08 1.1919e+07
0.106 5.697e+08 1.1394e+07
0.107 5.5771e+08 1.1154e+07
0.108 5.5083e+08 1.1017e+07
0.109 5.3553e+08 1.0711e+07
0.11 5.3449e+08 1.069e+07
0.111 5.2605e+08 1.0521e+07
0.112 5.1404e+08 1.0281e+07
0.113 4.9769e+08 9.9538e+06
0.114 4.9403e+08 9.8807e+06
0.115 4.8302e+08 9.6605e+06
0.116 4.6699e+08 9.3398e+06
0.117 4.6166e+08 9.2331e+06
0.118 4.6329e+08 9.2658e+06
0.119 4.3107e+08 8.6214e+06
0.12 4.363e+08 8.726e+06
0.121 4.2282e+08 8.4565e+06
0.122 4.1974e+08 8.3947e+06
0.123 4.1002e+08 8.2005e+06
0.124 4.0951e+08 8.1903e+06
0.125 3.8371e+08 7.6742e+06
0.126 3.7451e+08 7.4902e+06
0.127 3.7572e+08 7.5145e+06
0.128 3.745e+08 7.4899e+06
0.129 3.5348e+08 7.0697e+06
0.13 3.4225e+08 6.8451e+06
0.131 3.5092e+08 7.0185e+06
0.132 3.3712e+08 6.7425e+06
0.133 3.2084e+08 6.4168e+06
0.134 3.2518e+08 6.5036e+06
0.135 3.1503e+08 6.3006e+06
0.136 3.0697e+08 6.1394e+06
0.137 3.1291e+08 6.2582e+06
0.138 3.012e+08 6.024e+06
0.139 2.9342e+08 5.8684e+06
0.14 2.8232e+08 5.6465e+06
0.141 2.8318e+08 5.6636e+06
0.142 2.7881e+08 5.5763e+06
0.143 2.792e+08 5.584e+06
0.144 2.6312e+08 5.2624e+06
0.145 2.7364e+08 5.4728e+06
0.146 2.5743e+08 5.1485e+06
0.147 2.4417e+08 4.8835e+06
0.148 2.4248e+08 4.8496e+06
0.149 2.487e+08 4.9739e+06
0.15 2.3817e+08 4.7633e+06
0.151 2.3979e+08 4.7959e+06
0.152 2.2942e+08 4.5884e+06
0.153 2.2371e+08 4.4742e+06
0.154 2.2549e+08 4.5097e+06
0.155 2.2107e+08 4.4214e+06
0.156 1.9981e+08 3.9962e+06
0.157 2.1186e+08 4.2372e+06
0.158 1.9881e+08 3.9763e+06
0.159 2.0411e+08 4.0821e+06
0.16 1.8604e+08 3.7207e+06
0.161 1.8742e+08 3.7485e+06
0.162 1.8811e+08 3.7621e+06
0.163 1.725e+08 3.4499e+06
0.164 1.667e+08 3.334e+06
0.165 1.8054e+08 3.6107e+06
0.166 1.6769e+08 3.3538e+06
0.167 1.6874e+08 3.3749e+06
0.168 1.7675e+08 3.535e+06
0.169 1.6584e+08 3.3167e+06
0.17 1.6925e+08 3.3851e+06
0.171 1.5493e+08 3.0986e+06
0.172 1.586e+08 3.172e+06
0.173 1.4521e+08 2.9042e+06
0.174 1.4217e+08 2.8435e+06
0.175 1.4225e+08 2.8451e+06
0.176 1.3812e+08 2.7625e+06
0.177 1.3677e+08 2.7354e+06
0.178 1.3019e+08 2.6038e+06
0.179 1.1823e+08 2.3646e+06
0.18 1.2635e+08 2.5271e+06
0.181 1.1764e+08 2.3529e+06
0.182 1.2012e+08 2.4025e+06
0.183 1.1656e+08 2.3312e+06
0.184 1.117e+08 2.234e+06
0.185 1.0295e+08 2.0589e+06
0.186 1.205e+08 2.4099e+06
0.187 1.2203e+08 2.4405e+06
0.188 1.1195e+08 2.239e+06
0.189 1.1079e+08 2.2157e+06
0.19 1.0146e+08 2.0293e+06
0.191 9.5909e+07 1.9182e+06
0.192 9.4628e+07 1.8926e+06
0.193 9.8649e+07 1.973e+06
0.194 1.0297e+08 2.0595e+06
0.195 8.8019e+07 1.7604e+06
0.196 9.9223e+07 1.9845e+06
0.197 8.7949e+07 1.759e+06
0.198 9.2357e+07 1.8471e+06
0.199 8.8984e+07 1.7797e+06
0.2 8.8854e+07 1.7771e+06
0.201 8.3753e+07 1.6751e+06
0.202 7.9269e+07 1.5854e+06
0.203 8.5219e+07 1.7044e+06
0.204 7.0371e+07 1.4074e+06
0.205 7.5707e+07 1.5141e+06
0.206 7.4759e+07 1.4952e+06
0.207 7.4272e+07 1.4854e+06
0.208 6.1666e+07 1.2333e+06
0.209 6.2499e+07 1.25e+06
0.21 7.4428e+07 1.4886e+06
0.211 6.4353e+07 1.2871e+06
0.212 6.8994e+07 1.3799e+06
0.213 6.7397e+07 1.3479e+06
0.214 5.8594e+07 1.1719e+06
0.215 6.3041e+07 1.2608e+06
0.216 6.0084e+07 1.2017e+06
0.217 5.7316e+07 1.1463e+06
0.218 6.0422e+07 1.2084e+06
0.219 5.7423e+07 1.1485e+06
0.22 5.7939e+07 1.1588e+06
0.221 5.4633e+07 1.0927e+06
0.222 4.9005e+07 9.801e+05
0.223 5.4462e+07 1.0892e+06
0.224 5.1346e+07 1.0269e+06
0.225 5.5579e+07 1.1116e+06
0.226 5.1805e+07 1.0361e+06
0.227 4.8423e+07 9.6846e+05
0.228 4.7942e+07 9.5885e+05
0.229 4.9209e+07 9.8418e+05
0.23 4.3904e+07 8.7809e+05
0.231 4.3312e+07 8.6624e+05
0.232 4.684e+07 9.368e+05
0.233 3.994e+07 7.9879e+05
0.234 4.5438e+07 9.0876e+05
0.235 4.3427e+07 8.6854e+05
0.236 4.6887e+07 9.3775e+05
0.237 3.7566e+07 7.5132e+05
0.238 4.8173e+07 9.6345e+05
0.239 4.1407e+07 8.2814e+05
0.24 4.0897e+07 8.1794e+05
0.241 3.5867e+07 7.1733e+05
0.242 3.691e+07 7.382e+05
0.243 3.6199e+07 7.2398e+05
0.244 3.5781e+07 7.1562e+05
0.245 3.5186e+07 7.0371e+05
0.246 3.7509e+07 7.5018e+05
0.247 3.3244e+07 6.6488e+05
0.248 3.0273e+07 6.0545e+05
0.249 3.1244e+07 6.2489e+05
0.25 3.5866e+07 7.1733e+05
0.251 2.7538e+07 5.5076e+05
0.252 3.119e+07 6.2379e+05
0.253 3.458e+07 6.916e+05
0.254 2.9304e+07 5.8609e+05
0.255 3.7771e+07 7.5542e+05
0.256 4.2184e+07 8.4368e+05
0.257 3.0002e+07 6.0003e+05
0.258 2.6241e+07 5.2482e+05
0.259 2.4468e+07 4.8936e+05
0.26 2.3226e+07 4.6452e+05
0.261 2.8408e+07 5.6817e+05
0.262 2.2842e+07 4.5683e+05
0.263 1.9332e+07 3.8664e+05
0.264 3.0515e+07 6.1029e+05
0.265 2.6149e+07 5.2299e+05
0.266 2.9459e+07 5.8917e+05
0.267 2.7791e+07 5.5581e+05
0.268 2.9767e+07 5.9535e+05
0.269 2.5348e+07 5.0696e+05
0.27 2.6708e+07 5.3415e+05
0.271 1.9831e+07 3.9663e+05
0.272 1.5342e+07 3.0684e+05
0.273 2.3478e+07 4.6955e+05
0.274 1.9331e+07 3.8663e+05
0.275 1.8429e+07 3.6858e+05
0.276 1.3649e+07 2.7298e+05
0.277 2.2631e+07 4.5262e+05
0.278 2.1737e+07 4.3474e+05
0.279 1.5449e+07 3.0898e+05
0.28 2.5333e+07 5.0667e+05
0.281 1.3711e+07 2.7422e+05
0.282 1.5644e+07 3.1288e+05
0.283 2.151e+07 4.3021e+05
0.284 2.1595e+07 4.3189e+05
0.285 1.4659e+07 2.9317e+05
0.286 1.9475e+07 3.8949e+05
0.287 1.8951e+07 3.7901e+05
0.288 1.2084e+07 2.4167e+05
0.289 1.5081e+07 3.0161e+05
0.29 2.1828e+07 4.3655e+05
0.291 2.0671e+07 4.1342e+05
0.292 2.1055e+07 4.211e+05
0.293 1.4382e+07 2.8764e+05
0.294 9.5847e+06 1.9169e+05
0.295 1.0776e+07 2.1551e+05
0.296 2.4549e+07 4.9098e+05
0.297 1.8414e+07 3.6829e+05
0.298 1.4926e+07 2.9852e+05
0.299 1.5287e+07 3.0575e+05
0.3 1.4364e+07 2.8728e+05
0.301 1.2864e+07 2.5728e+05
0.302 2.1319e+07 4.2638e+05
0.303 1.0085e+07 2.017e+05
0.304 1.2183e+07 2.4366e+05
0.305 1.6274e+07 3.2549e+05
0.306 1.2787e+07 2.5573e+05
0.307 2.1551e+07 4.3101e+05
0.308 1.0871e+07 2.1742e+05
0.309 1.0113e+07 2.0226e+05
0.31 1.0992e+07 2.1983e+05
0.311 1.1179e+07 2.2357e+05
0.312 1.4923e+07 2.9846e+05
0.313 9.9029e+06 1.9806e+05
0.314 5.8184e+06 1.1637e+05
0.315 1.4627e+07 2.9254e+05
0.316 1.4177e+07 2.8355e+05
0.317 9.2318e+06 1.8464e+05
0.318 1.0907e+07 2.1815e+05
0.319 1.5897e+07 3.1793e+05
0.32 1.3483e+07 2.6967e+05
0.321 1.6378e+07 3.2757e+05
0.322 1.2734e+07 2.5468e+05
0.323 1.1182e+07 2.2364e+05
0.324 1.3401e+07 2.6803e+05
0.325 1.3414e+07 2.6829e+05
0.326 7.4257e+06 1.4851e+05
0.327 7.8026e+06 1.5605e+05
0.328 1.232e+07 2.464e+05
0.329 9.785e+06 1.957e+05
0.33 1.0404e+07 2.0809e+05
0.331 1.6135e+07 3.227e+05
0.332 1.3731e+07 2.7461e+05
0.333 1.207e+07 2.414e+05
0.334 1.1946e+07 2.3891e+05
0.335 1.1939e+07 2.3879e+05
0.336 1.1668e+07 2.3335e+05
0.337 3.7094e+06 74188
0.338 1.0643e+07 2.1287e+05
0.339 4.9892e+06 99784
0.34 8.6122e+06 1.7224e+05
0.341 1.8749e+07 3.7498e+05
0.342 1.5067e+07 3.0135e+05
0.343 9.6817e+06 1.9363e+05
0.344 9.366e+06 1.8732e+05
0.345 1.0426e+07 2.0853e+05
0.346 1.4065e+07 2.8131e+05
0.347 8.0327e+06 1.6065e+05
0.348 1.6256e+07 3.2512e+05
0.349 9.1699e+06 1.834e+05
0.35 1.0346e+07 2.0692e+05
0.351 1.2349e+07 2.4698e+05
0.352 1.7018e+07 3.4035e+05
0.353 9.5157e+06 1.9031e+05
0.354 6.4812e+06 1.2962e+05
0.355 1.0504e+07 2.1007e+05
0.356 1.3047e+07 2.6093e+05
0.357 7.5641e+06 1.5128e+05
0.358 5.9633e+06 1.1927e+05
0.359 1.0947e+07 2.1893e+05
0.36 1.0259e+07 2.0518e+05
0.361 1.5483e+07 3.0966e+05
0.362 1.3342e+07 2.6685e+05
0.363 8.3106e+06 1.6621e+05
0.364 1.7044e+07 3.4089e+05
0.365 1.0262e+07 2.0523e+05
0.366 7.8232e+06 1.5646e+05
0.367 9.7033e+06 1.9407e+05
0.368 1.0987e+07 2.1973e+05
0.369 6.6198e+06 1.324e+05
0.37 7.0428e+06 1.4086e+05
0.371 1.2596e+07 2.5193e+05
0.372 1.4072e+07 2.8145e+05
0.373 1.1407e+07 2.2814e+05
0.374 1.885e+07 3.7699e+05
0.375 1.5325e+07 3.065e+05
0.376 4.5108e+06 90215
0.377 1.6471e+07 3.2942e+05
0.378 5.7055e+06 1.1411e+05
0.379 1.0618e+07 2.1235e+05
0.38 1.4537e+07 2.9073e+05
0.381 8.649e+06 1.7298e+05
0.382 1.1907e+07 2.3814e+05
0.383 1.3835e+07 2.767e+05
0.384 1.1878e+07 2.3756e+05
0.385 1.1015e+07 2.203e+05
0.386 1.1115e+07 2.2231e+05
0.387 1.0685e+07 2.1369e+05
0.388 8.8709e+06 1.7742e+05
0.389 1.1542e+07 2.3084e+05
0.39 1.3993e+07 2.7985e+05
0.391 1.4114e+07 2.8228e+05
0.392 8.8535e+06 1.7707e+05
0.393 8.4966e+06 1.6993e+05
0.394 1.5856e+07 3.1711e+05
0.395 1.3246e+07 2.6492e+05
0.396 6.9061e+06 1.3812e+05
0.397 6.5278e+06 1.3056e+05
0.398 1.4843e+07 2.9685e+05
0.399 1.6648e+07 3.3296e+05
0.4 9.8049e+06 1.961e+05
0.401 1.4483e+07 2.8965e+05
0.402 1.969e+07 3.9379e+05
0.403 8.7046e+06 1.7409e+05
0.404 9.7407e+06 1.9481e+05
0.405 6.0898e+06 1.218e+05
0.406 1.7259e+07 3.4517e+05
0.407 1.1472e+07 2.2944e+05
0.408 6.2546e+06 1.2509e+05
0.409 1.2751e+07 2.5501e+05
0.41 1.7773e+07 3.5547e+05
0.411 9.004e+06 1.8008e+05
0.412 1.479e+07 2.958e+05
0.413 8.3664e+06 1.6733e+05
0.414 1.1211e+07 2.2422e+05
0.415 7.1553e+06 1.4311e+05
0.416 1.3335e+07 2.667e+05
0.417 1.0967e+07 2.1935e+05
0.418 7.1353e+06 1.4271e+05
0.419 1.3318e+07 2.6636e+05
0.42 8.9999e+06 1.8e+05
0.421 1.0174e+07 2.0347e+05
0.422 1.0394e+07 2.0787e+05
0.423 2.1055e+07 4.2109e+05
0.424 4.5104e+06 90207
0.425 1.3019e+07 2.6038e+05
0.426 9.2004e+06 1.8401e+05
0.427 8.9296e+06 1.7859e+05
0.428 1.2463e+07 2.4926e+05
0.429 1.1602e+07 2.3204e+05
0.43 1.0605e+07 2.121e+05
0.431 1.0677e+07 2.1354e+05
0.432 1.1324e+07 2.2649e+05
0.433 1.5958e+07 3.1917e+05
0.434 1.7262e+07 3.4524e+05
0.435 1.3156e+07 2.6311e+05
0.436 8.3262e+06 1.6652e+05
0.437 1.2979e+07 2.5958e+05
0.438 1.5218e+07 3.0437e+05
0.439 9.9363e+06 1.9873e+05
0.44 1.0645e+07 2.1291e+05
0.441 1.6977e+07 3.3954e+05
0.442 6.8255e+06 1.3651e+05
0.443 1.3441e+07 2.6883e+05
0.444 1.2725e+07 2.5451e+05
0.445 8.7113e+06 1.7423e+05
0.446 6.6492e+06 1.3298e+05
0.447 1.42e+07 2.84e+05
0.448 1.174e+07 2.348e+05
0.449 9.6445e+06 1.9289e+05
0.45 1.6236e+07 3.2472e+05
0.451 9.7188e+06 1.9438e+05
0.452 1.3906e+07 2.7812e+05
0.453 1.383e+07 2.766e+05
0.454 9.8731e+06 1.9746e+05
0.455 1.2417e+07 2.4834e+05
0.456 1.592e+07 3.1841e+05
0.457 1.5079e+07 3.0159e+05
0.458 9.9374e+06 1.9875e+05
0.459 1.4938e+07 2.9877e+05
0.46 6.7279e+06 1.3456e+05
0.461 8.8756e+06 1.7751e+05
0.462 5.0434e+06 1.0087e+05
0.463 1.0293e+07 2.0585e+05
0.464 9.6034e+06 1.9207e+05
0.465 8.969e+06 1.7938e+05
0.466 1.042e+07 2.0839e+05
0.467 1.2225e+07 2.445e+05
0.468 8.2047e+06 1.6409e+05
0.469 7.3313e+06 1.4663e+05
0.47 1.051e+07 2.102e+05
0.471 1.2049e+07 2.4098e+05
0.472 1.0732e+07 2.1464e+05
0.473 1.2112e+07 2.4225e+05
0.474 1.6744e+07 3.3488e+05
0.475 8.2295e+06 1.6459e+05
0.476 1.1594e+07 2.3187e+05
0.477 1.0615e+07 2.123e+05
0.478 7.0189e+06 1.4038e+05
0.479 1.1757e+07 2.3513e+05
0.48 1.3392e+07 2.6784e+05
0.481 1.3314e+07 2.6628e+05
0.482 1.0924e+07 2.1848e+05
0.483 1.178e+07 2.3559e+05
0.484 1.0761e+07 2.1523e+05
0.485 1.5432e+07 3.0863e+05
0.486 9.4428e+06 1.8886e+05
0.487 8.849e+06 1.7698e+05
0.488 1.0947e+07 2.1895e+05
0.489 8.1285e+06 1.6257e+05
0.49 8.2261e+06 1.6452e+05
0.491 9.4229e+06 1.8846e+05
0.492 1.0928e+07 2.1856e+05
0.493 -10150 -203
0.494 7.9425e+06 1.5885e+05
0.495 8.9038e+06 1.7808e+05
0.496 1.6624e+07 3.3248e+05
0.497 9.7545e+06 1.9509e+05
0.498 2.8413e+06 56825
0.499 8.7102e+06 1.742e+05
0.5 8.7701e+06 1.754e+05
