0.001 6.57e+10 1.314e+09
0.002 6.9689e+10 1.3938e+09
0.003 6.6094e+10 1.3219e+09
0.004 6.5737e+10 1.3147e+09
0.005 6.8404e+10 1.3681e+09
0.006 6.704e+10 1.3408e+09
0.007 6.5365e+10 1.3073e+09
0.008 6.743e+10 1.3486e+09
0.009 6.4544e+10 1.2909e+09
0.01 6.8481e+10 1.3696e+09
0.011 6.3287e+10 1.2657e+09
0.012 6.4063e+10 1.2813e+09
0.013 6.4712e+10 1.2942e+09
0.014 6.5147e+10 1.3029e+09
0.015 6.447e+10 1.2894e+09
0.016 6.4752e+10 1.295e+09
0.017 6.4613e+10 1.2923e+09
0.018 6.499e+10 1.2998e+09
0.019 6.2162e+10 1.2432e+09
0.02 6.2193e+10 1.2439e+09
0.021 6.1842e+10 1.2368e+09
0.022 6.1351e+10 1.227e+09
0.023 6.1605e+10 1.2321e+09
0.024 6.1423e+10 1.2285e+09
0.025 6.0236e+10 1.2047e+09
0.026 5.9483e+10 1.1897e+09
0.027 5.9437e+10 1.1887e+09
0.028 5.7448e+10 1.149e+09
0.029 5.787e+10 1.1574e+09
0.03 5.6919e+10 1.1384e+09
0.031 5.5893e+10 1.1179e+09
0.032 5.5363e+10 1.1073e+09
0.033 5.5377e+10 1.1075e+09
0.034 5.4761e+10 1.0952e+09
0.035 5.3291e+10 1.0658e+09
0.036 5.2472e+10 1.0494e+09
0.037 5.2208e+10 1.0442e+09
0.038 5.1528e+10 1.0306e+09
0.039 5.117e+10 1.0234e+09
0.04 4.9927e+10 9.9853e+08
0.041 5.0385e+10 1.0077e+09
0.042 4.8524e+10 9.7048e+08
0.043 4.7706e+10 9.5411e+08
0.044 4.6835e+10 9.3669e+08
0.045 4.5784e+10 9.1567e+08
0.046 4.5317e+10 9.0634e+08
0.047 4.5003e+10 9.0006e+08
0.048 4.3836e+10 8.7673e+08
0.049 4.2539e+10 8.5078e+08
0.05 4.1291e+10 8.2582e+08
0.051 4.1793e+10 8.3585e+08
0.052 4.0508e+10 8.1016e+08
0.053 3.9901e+10 7.9801e+08
0.054 3.9361e+10 7.8722e+08
0.055 3.9079e+10 7.8157e+08
0.056 3.8111e+10 7.6221e+08
0.057 3.6921e+10 7.3842e+08
0.058 3.5878e+10 7.1755e+08
0.059 3.6147e+10 7.2294e+08
0.06 3.4668e+10 6.9336e+08
0.061 3.4136e+10 6.8272e+08
0.062 3.3146e+10 6.6292e+08
0.063 3.2001e+10 6.4002e+08
0.064 3.1206e+10 6.2412e+08
0.065 3.0907e+10 6.1814e+08
0.066 2.9577e+10 5.9154e+08
0.067 2.9043e+10 5.8086e+08
0.068 2.8581e+10 5.7162e+08
0.069 2.8086e+10 5.6173e+08
0.07 2.7533e+10 5.5065e+08
0.071 2.708e+10 5.416e+08
0.072 2.5885e+10 5.1771e+08
0.073 2.5019e+10 5.0039e+08
0.074 2.4577e+10 4.9154e+08
0.075 2.3921e+10 4.7843e+08
0.076 2.3427e+10 4.6854e+08
0.077 2.3515e+10 4.7031e+08
0.078 2.269e+10 4.5379e+08
0.079 2.1595e+10 4.3189e+08
0.08 2.1145e+10 4.229e+08
0.081 2.032e+10 4.0641e+08
0.082 1.9943e+10 3.9887e+08
0.083 1.9433e+10 3.8867e+08
0.084 1.8793e+10 3.7586e+08
0.085 1.8413e+10 3.6826e+08
0.086 1.8084e+10 3.6167e+08
0.087 1.724e+10 3.448e+08
0.088 1.7005e+10 3.401e+08
0.089 1.64e+10 3.28e+08
0.09 1.6162e+10 3.2324e+08
0.091 1.5799e+10 3.1598e+08
0.092 1.5222e+10 3.0443e+08
0.093 1.4731e+10 2.9462e+08
0.094 1.4554e+10 2.9108e+08
0.095 1.4262e+10 2.8523e+08
0.096 1.3422e+10 2.6843e+08
0.097 1.2791e+10 2.5581e+08
0.098 1.3097e+10 2.6194e+08
0.099 1.2863e+10 2.5727e+08
0.1 1.191e+10 2.3819e+08
0.101 1.2083e+10 2.4165e+08
0.102 1.1672e+10 2.3344e+08
0.103 1.1413e+10 2.2826e+08
0.104 1.1135e+10 2.227e+08
0.105 1.0454e+10 2.0908e+08
0.106 1.0167e+10 2.0333e+08
0.107 9.4828e+09 1.8966e+08
0.108 1.0018e+10 2.0035e+08
0.109 9.6371e+09 1.9274e+08
0.11 9.1899e+09 1.838e+08
0.111 9.3547e+09 1.8709e+08
0.112 8.6346e+09 1.7269e+08
0.113 8.8093e+09 1.7619e+08
0.114 8.4474e+09 1.6895e+08
0.115 8.165e+09 1.633e+08
0.116 7.5268e+09 1.5054e+08
0.117 7.5294e+09 1.5059e+08
0.118 7.7438e+09 1.5488e+08
0.119 7.3124e+09 1.4625e+08
0.12 7.2098e+09 1.442e+08
0.121 7.1644e+09 1.4329e+08
0.122 6.7966e+09 1.3593e+08
0.123 6.6017e+09 1.3203e+08
0.124 6.3497e+09 1.2699e+08
0.125 6.6935e+09 1.3387e+08
0.126 6.2745e+09 1.2549e+08
0.127 5.8733e+09 1.1747e+08
0.128 6.0264e+09 1.2053e+08
0.129 6.0099e+09 1.202e+08
0.13 5.9145e+09 1.1829e+08
0.131 5.7119e+09 1.1424e+08
0.132 5.8455e+09 1.1691e+08
0.133 5.3482e+09 1.0696e+08
0.134 5.2471e+09 1.0494e+08
0.135 5.2329e+09 1.0466e+08
0.136 4.9194e+09 9.8387e+07
0.137 4.824e+09 9.6481e+07
0.138 4.9366e+09 9.8731e+07
0.139 4.8313e+09 9.6626e+07
0.14 4.6432e+09 9.2864e+07
0.141 4.8726e+09 9.7453e+07
0.142 4.5764e+09 9.1527e+07
0.143 4.4552e+09 8.9104e+07
0.144 4.5981e+09 9.1962e+07
0.145 4.6478e+09 9.2956e+07
0.146 4.5522e+09 9.1044e+07
0.147 4.1451e+09 8.2903e+07
0.148 3.9962e+09 7.9925e+07
0.149 4.1187e+09 8.2374e+07
0.15 4.1354e+09 8.2708e+07
0.151 3.8471e+09 7.6943e+07
0.152 3.6971e+09 7.3942e+07
0.153 3.8817e+09 7.7634e+07
0.154 3.6317e+09 7.2633e+07
0.155 3.4079e+09 6.8157e+07
0.156 3.2572e+09 6.5145e+07
0.157 3.5119e+09 7.0239e+07
0.158 3.322e+09 6.644e+07
0.159 3.2741e+09 6.5483e+07
0.16 3.0796e+09 6.1592e+07
0.161 3.1378e+09 6.2755e+07
0.162 3.0639e+09 6.1278e+07
0.163 3.0545e+09 6.1091e+07
0.164 3.0421e+09 6.0842e+07
0.165 2.7593e+09 5.5187e+07
0.166 2.7654e+09 5.5307e+07
0.167 2.8624e+09 5.7249e+07
0.168 2.7237e+09 5.4473e+07
0.169 2.6525e+09 5.305e+07
0.17 2.674e+09 5.348e+07
0.171 2.5697e+09 5.1394e+07
0.172 2.5597e+09 5.1195e+07
0.173 2.1858e+09 4.3716e+07
0.174 2.5958e+09 5.1916e+07
0.175 2.3144e+09 4.6287e+07
0.176 2.319e+09 4.6379e+07
0.177 2.0922e+09 4.1844e+07
0.178 2.2104e+09 4.4207e+07
0.179 1.9618e+09 3.9236e+07
0.18 2.1758e+09 4.3517e+07
0.181 2.0816e+09 4.1632e+07
0.182 2.0929e+09 4.1859e+07
0.183 2.0575e+09 4.1151e+07
0.184 1.8418e+09 3.6835e+07
0.185 1.7202e+09 3.4404e+07
0.186 1.7838e+09 3.5676e+07
0.187 1.9053e+09 3.8106e+07
0.188 1.6706e+09 3.3412e+07
0.189 1.5649e+09 3.1297e+07
0.19 1.6325e+09 3.2649e+07
0.191 1.4215e+09 2.843e+07
0.192 1.4875e+09 2.975e+07
0.193 1.4749e+09 2.9498e+07
0.194 1.5383e+09 3.0766e+07
0.195 1.4294e+09 2.8587e+07
0.196 1.3963e+09 2.7926e+07
0.197 1.2556e+09 2.5112e+07
0.198 1.251e+09 2.5019e+07
0.199 1.4373e+09 2.8747e+07
0.2 1.2055e+09 2.4109e+07
0.201 1.2414e+09 2.4827e+07
0.202 1.4858e+09 2.9715e+07
0.203 1.1225e+09 2.2449e+07
0.204 1.0354e+09 2.0709e+07
0.205 1.0217e+09 2.0433e+07
0.206 1.0881e+09 2.1762e+07
0.207 1.1476e+09 2.2952e+07
0.208 1.1987e+09 2.3975e+07
0.209 1.111e+09 2.222e+07
0.21 9.9741e+08 1.9948e+07
0.211 8.3724e+08 1.6745e+07
0.212 1.0601e+09 2.1202e+07
0.213 9.2137e+08 1.8427e+07
0.214 1.0114e+09 2.0228e+07
0.215 9.0539e+08 1.8108e+07
0.216 7.6983e+08 1.5397e+07
0.217 6.7579e+08 1.3516e+07
0.218 9.9427e+08 1.9885e+07
0.219 6.8598e+08 1.372e+07
0.22 8.6707e+08 1.7341e+07
0.221 8.1461e+08 1.6292e+07
0.222 8.1218e+08 1.6244e+07
0.223 6.6665e+08 1.3333e+07
0.224 7.0433e+08 1.4087e+07
0.225 8.2485e+08 1.6497e+07
0.226 8.2032e+08 1.6406e+07
0.227 8.4102e+08 1.682e+07
0.228 7.9761e+08 1.5952e+07
0.229 6.8315e+08 1.3663e+07
0.23 7.6542e+08 1.5308e+07
0.231 8.2816e+08 1.6563e+07
0.232 5.7404e+08 1.1481e+07
0.233 6.4236e+08 1.2847e+07
0.234 6.2667e+08 1.2533e+07
0.235 6.2107e+08 1.2421e+07
0.236 6.0026e+08 1.2005e+07
0.237 5.4826e+08 1.0965e+07
0.238 6.0976e+08 1.2195e+07
0.239 5.6599e+08 1.132e+07
0.24 6.9633e+08 1.3927e+07
0.241 5.4067e+08 1.0813e+07
0.242 3.7667e+08 7.5333e+06
0.243 4.6661e+08 9.3322e+06
0.244 3.8257e+08 7.6514e+06
0.245 5.6606e+08 1.1321e+07
0.246 5.228e+08 1.0456e+07
0.247 5.5701e+08 1.114e+07
0.248 5.4326e+08 1.0865e+07
0.249 5.8278e+08 1.1656e+07
0.25 4.9988e+08 9.9977e+06
0.251 3.9117e+08 7.8233e+06
0.252 4.3263e+08 8.6525e+06
0.253 6.762e+08 1.3524e+07
0.254 4.1845e+08 8.369e+06
0.255 4.4938e+08 8.9876e+06
0.256 4.0015e+08 8.0029e+06
0.257 4.2925e+08 8.585e+06
0.258 4.476e+08 8.9519e+06
0.259 4.0498e+08 8.0995e+06
0.26 4.2485e+08 8.497e+06
0.261 5.4933e+08 1.0987e+07
0.262 4.4022e+08 8.8043e+06
0.263 3.0714e+08 6.1428e+06
0.264 4.7506e+08 9.5013e+06
0.265 4.1875e+08 8.3749e+06
0.266 3.3964e+08 6.7929e+06
0.267 3.4235e+08 6.8471e+06
0.268 4.0852e+08 8.1703e+06
0.269 4.4433e+08 8.8866e+06
0.27 2.1516e+08 4.3032e+06
0.271 2.7404e+08 5.4809e+06
0.272 2.9463e+08 5.8925e+06
0.273 4.4215e+08 8.8429e+06
0.274 4.1228e+08 8.2455e+06
0.275 2.8915e+08 5.7831e+06
0.276 4.0546e+08 8.1093e+06
0.277 2.7255e+08 5.451e+06
0.278 3.3448e+08 6.6896e+06
0.279 2.2797e+08 4.5593e+06
0.28 3.6338e+08 7.2677e+06
0.281 1.199e+08 2.398e+06
0.282 2.8719e+08 5.7439e+06
0.283 3.7058e+08 7.4116e+06
0.284 2.234e+08 4.4679e+06
0.285 2.8825e+08 5.7651e+06
0.286 3.165e+08 6.33e+06
0.287 3.0023e+08 6.0046e+06
0.288 3.3451e+08 6.6902e+06
0.289 2.1658e+08 4.3315e+06
0.29 2.8568e+08 5.7136e+06
0.291 3.2837e+08 6.5675e+06
0.292 1.4376e+08 2.8753e+06
0.293 1.8873e+08 3.7745e+06
0.294 2.4378e+08 4.8757e+06
0.295 2.2873e+08 4.5745e+06
0.296 3.0773e+08 6.1547e+06
0.297 2.7179e+08 5.4359e+06
0.298 1.568e+08 3.136e+06
0.299 2.3457e+08 4.6913e+06
0.3 2.6407e+08 5.2814e+06
0.301 2.3315e+08 4.6629e+06
0.302 2.6498e+08 5.2996e+06
0.303 1.5095e+08 3.019e+06
0.304 2.61e+08 5.2201e+06
0.305 1.0583e+08 2.1166e+06
0.306 6.641e+05 13282
0.307 1.563e+08 3.126e+06
0.308 2.2982e+08 4.5964e+06
0.309 2.3263e+08 4.6526e+06
0.31 2.9436e+08 5.8871e+06
0.311 1.9808e+08 3.9617e+06
0.312 1.8002e+08 3.6005e+06
0.313 5.7806e+07 1.1561e+06
0.314 2.6928e+08 5.3857e+06
0.315 2.2283e+08 4.4567e+06
0.316 2.4094e+08 4.8187e+06
0.317 7.1144e+07 1.4229e+06
0.318 2.1885e+08 4.377e+06
0.319 2.2714e+08 4.5428e+06
0.32 1.707e+08 3.414e+06
0.321 2.7092e+08 5.4184e+06
0.322 1.5933e+08 3.1865e+06
0.323 1.2986e+08 2.5972e+06
0.324 2.8002e+08 5.6004e+06
0.325 1.8634e+08 3.7269e+06
0.326 1.28e+08 2.56e+06
0.327 2.5941e+08 5.1882e+06
0.328 2.4438e+08 4.8876e+06
0.329 1.8566e+08 3.7132e+06
0.33 1.1721e+08 2.3442e+06
0.331 2.2267e+08 4.4534e+06
0.332 1.4351e+08 2.8703e+06
0.333 3.2418e+07 6.4835e+05
0.334 3.0028e+08 6.0056e+06
0.335 1.7056e+08 3.4112e+06
0.336 1.3792e+08 2.7584e+06
0.337 3.0019e+08 6.0037e+06
0.338 1.6332e+08 3.2663e+06
0.339 1.3412e+08 2.6824e+06
0.34 1.5032e+08 3.0065e+06
0.341 1.9215e+08 3.8429e+06
0.342 2.7648e+08 5.5296e+06
0.343 -6.5683e+06 -1.3137e+05
0.344 1.3582e+08 2.7164e+06
0.345 9.7552e+07 1.951e+06
0.346 7.8168e+07 1.5634e+06
0.347 2.028e+08 4.0561e+06
0.348 1.8086e+08 3.6173e+06
0.349 1.6656e+08 3.3312e+06
0.35 2.1472e+08 4.2945e+06
0.351 7.7886e+07 1.5577e+06
0.352 8.2225e+07 1.6445e+06
0.353 7.4974e+07 1.4995e+06
0.354 2.5342e+08 5.0685e+06
0.355 1.5797e+08 3.1593e+06
0.356 1.6538e+08 3.3076e+06
0.357 1.7642e+08 3.5285e+06
0.358 1.6417e+08 3.2834e+06
0.359 1.4804e+08 2.9608e+06
0.36 4.4286e+07 8.8571e+05
0.361 9.8304e+07 1.9661e+06
0.362 2.3146e+07 4.6292e+05
0.363 1.5326e+08 3.0652e+06
0.364 3.5743e+08 7.1486e+06
0.365 1.1115e+08 2.223e+06
0.366 2.1509e+08 4.3019e+06
0.367 1.6904e+08 3.3808e+06
0.368 -2.7152e+07 -5.4304e+05
0.369 4.5653e+07 9.1306e+05
0.37 1.6736e+08 3.3472e+06
0.371 1.869e+08 3.7379e+06
0.372 1.3208e+08 2.6417e+06
0.373 2.5675e+08 5.1351e+06
0.374 2.1948e+08 4.3896e+06
0.375 2.4336e+08 4.8673e+06
0.376 1.5458e+08 3.0917e+06
0.377 1.3724e+08 2.7449e+06
0.378 1.6937e+08 3.3875e+06
0.379 9.0966e+07 1.8193e+06
0.38 3.0789e+08 6.1579e+06
0.381 1.3716e+08 2.7433e+06
0.382 3.5891e+08 7.1782e+06
0.383 1.9071e+08 3.8142e+06
0.384 2.0902e+07 4.1805e+05
0.385 1.8436e+08 3.6871e+06
0.386 1.2874e+08 2.5747e+06
0.387 2.2516e+08 4.5032e+06
0.388 1.6344e+08 3.2688e+06
0.389 1.7889e+08 3.5777e+06
0.39 1.1862e+08 2.3724e+06
0.391 2.9416e+08 5.8831e+06
0.392 1.6664e+08 3.3327e+06
0.393 1.3121e+08 2.6241e+06
0.394 1.2632e+08 2.5264e+06
0.395 1.2153e+08 2.4307e+06
0.396 1.9914e+08 3.9827e+06
0.397 2.4962e+08 4.9923e+06
0.398 1.9229e+08 3.8458e+06
0.399 2.6532e+08 5.3063e+06
0.4 9.2376e+07 1.8475e+06
0.401 2.2488e+08 4.4975e+06
0.402 2.77e+08 5.54e+06
0.403 1.5315e+08 3.063e+06
0.404 2.8866e+08 5.7732e+06
0.405 1.9996e+08 3.9992e+06
0.406 1.3553e+08 2.7105e+06
0.407 1.3976e+08 2.7951e+06
0.408 1.5434e+08 3.0869e+06
0.409 1.3881e+08 2.7762e+06
0.41 1.6955e+08 3.391e+06
0.411 8.8552e+07 1.771e+06
0.412 1.1187e+08 2.2373e+06
0.413 1.9273e+08 3.8545e+06
0.414 1.2232e+08 2.4463e+06
0.415 7.4027e+07 1.4805e+06
0.416 1.1141e+08 2.2282e+06
0.417 8.2442e+07 1.6488e+06
0.418 3.5408e+08 7.0816e+06
0.419 1.4808e+08 2.9615e+06
0.42 2.1989e+08 4.3977e+06
0.421 1.1616e+08 2.3232e+06
0.422 1.4361e+08 2.8723e+06
0.423 1.261e+08 2.522e+06
0.424 3.1035e+08 6.2071e+06
0.425 2.1724e+08 4.3448e+06
0.426 1.5032e+08 3.0064e+06
0.427 2.7003e+08 5.4006e+06
0.428 2.4589e+08 4.9178e+06
0.429 1.9619e+08 3.9237e+06
0.43 2.5448e+08 5.0895e+06
0.431 1.8682e+08 3.7364e+06
0.432 2.039e+08 4.078e+06
0.433 1.0823e+08 2.1647e+06
0.434 1.3903e+08 2.7807e+06
0.435 1.2086e+08 2.4173e+06
0.436 2.1186e+08 4.2373e+06
0.437 2.4824e+08 4.9648e+06
0.438 1.3157e+08 2.6314e+06
0.439 1.5328e+08 3.0656e+06
0.44 2.9685e+08 5.9371e+06
0.441 1.8427e+08 3.6854e+06
0.442 1.4964e+08 2.9927e+06
0.443 1.888e+08 3.776e+06
0.444 2.0112e+08 4.0224e+06
0.445 1.8419e+08 3.6839e+06
0.446 1.9101e+08 3.8202e+06
0.447 2.9968e+08 5.9935e+06
0.448 3.2321e+08 6.4641e+06
0.449 1.2274e+08 2.4548e+06
0.45 2.6106e+07 5.2213e+05
0.451 2.2159e+08 4.4317e+06
0.452 2.0118e+08 4.0235e+06
0.453 3.8326e+08 7.6652e+06
0.454 1.8991e+08 3.7982e+06
0.455 2.3959e+08 4.7918e+06
0.456 1.8295e+08 3.6589e+06
0.457 1.3115e+08 2.6229e+06
0.458 2.3944e+08 4.7888e+06
0.459 1.556e+08 3.1119e+06
0.46 2.5895e+08 5.179e+06
0.461 2.1943e+08 4.3886e+06
0.462 2.129e+08 4.258e+06
0.463 1.716e+08 3.4321e+06
0.464 1.5347e+08 3.0694e+06
0.465 1.7354e+08 3.4707e+06
0.466 2.2075e+08 4.4149e+06
0.467 1.679e+08 3.3581e+06
0.468 3.4975e+08 6.995e+06
0.469 2.6325e+08 5.265e+06
0.47 1.178e+08 2.3559e+06
0.471 1.5985e+08 3.1971e+06
0.472 1.3855e+08 2.7711e+06
0.473 1.0576e+08 2.1152e+06
0.474 1.4686e+08 2.9372e+06
0.475 1.7939e+08 3.5879e+06
0.476 2.4004e+08 4.8009e+06
0.477 1.4215e+08 2.8429e+06
0.478 -4.8276e+06 -96551
0.479 2.7728e+08 5.5456e+06
0.48 1.0315e+08 2.0629e+06
0.481 1.7122e+08 3.4245e+06
0.482 1.239e+08 2.4781e+06
0.483 3.0028e+08 6.0057e+06
0.484 1.5181e+08 3.0362e+06
0.485 1.7735e+08 3.5469e+06
0.486 1.4774e+08 2.9549e+06
0.487 1.731e+08 3.4621e+06
0.488 2.8298e+08 5.6595e+06
0.489 2.1259e+08 4.2519e+06
0.49 1.5468e+08 3.0935e+06
0.491 2.9231e+08 5.8462e+06
0.492 2.7555e+08 5.5109e+06
0.493 1.9989e+08 3.9979e+06
0.494 1.9968e+08 3.9935e+06
0.495 1.2484e+08 2.4968e+06
0.496 7.4436e+07 1.4887e+06
0.497 2.1228e+08 4.2457e+06
0.498 6.5577e+07 1.3115e+06
0.499 2.9863e+08 5.9726e+06
0.5 -1.1064e+07 -2.2129e+05
