0 500 0
15.037 465.04 34.963
51.205 398.08 101.92
95.108 338.86 161.14
147.31 287.93 212.07
207.75 245.25 254.75
275.8 210.17 289.83
350.43 181.68 318.32
430.48 158.61 341.39
514.88 139.88 360.12
602.7 124.58 375.42
693.21 111.96 388.04
785.81 101.44 398.56
880.09 92.585 407.41
975.68 85.057 414.94
1072.3 78.595 421.4
1169.9 72.999 427
1268.1 68.115 431.89
1366.9 63.819 436.18
1466.3 60.014 439.99
1566 56.625 443.37
1666.1 53.588 446.41
1766.5 50.852 449.15
1867.1 48.376 451.62
1968 46.125 453.87
2069.1 44.071 455.93
2170.3 42.189 457.81
2271.7 40.458 459.54
2373.2 38.862 461.14
2474.9 37.385 462.62
2576.6 36.015 463.99
2678.5 34.74 465.26
2780.4 33.552 466.45
2882.4 32.442 467.56
2984.5 31.402 468.6
3086.7 30.426 469.57
3188.9 29.508 470.49
3291.1 28.644 471.36
3393.5 27.828 472.17
3495.8 27.058 472.94
3598.2 26.328 473.67
3700.6 25.637 474.36
3803.1 24.981 475.02
3905.6 24.357 475.64
4008.1 23.763 476.24
4110.7 23.198 476.8
4213.3 22.659 477.34
4315.9 22.144 477.86
4418.5 21.652 478.35
4521.2 21.181 478.82
