0.001 4.3015e+09 2.2461e+08
0.002 4.3344e+09 1.588e+08
0.003 4.3908e+09 1.2963e+08
0.004 4.3409e+09 1.1223e+08
0.005 4.2419e+09 1.0034e+08
0.006 4.4177e+09 9.1559e+07
0.007 4.2915e+09 8.472e+07
0.008 4.4335e+09 7.9198e+07
0.009 4.3923e+09 7.4615e+07
0.01 4.2948e+09 7.0729e+07
0.011 4.2563e+09 6.7377e+07
0.012 4.3313e+09 6.4446e+07
0.013 4.2778e+09 6.1852e+07
0.014 4.1924e+09 5.9534e+07
0.015 4.4273e+09 5.7444e+07
0.016 4.3025e+09 5.5547e+07
0.017 4.246e+09 5.3813e+07
0.018 4.2831e+09 5.222e+07
0.019 4.2116e+09 5.0747e+07
0.02 4.138e+09 4.9381e+07
0.021 4.1579e+09 4.8107e+07
0.022 4.1964e+09 4.6916e+07
0.023 4.1627e+09 4.5797e+07
0.024 4.1385e+09 4.4744e+07
0.025 4.1654e+09 4.375e+07
0.026 4.1356e+09 4.2808e+07
0.027 4.0262e+09 4.1914e+07
0.028 3.9672e+09 4.1063e+07
0.029 3.9807e+09 4.0252e+07
0.03 4.0701e+09 3.9477e+07
0.031 3.9368e+09 3.8736e+07
0.032 3.9526e+09 3.8025e+07
0.033 3.9126e+09 3.7342e+07
0.034 3.8615e+09 3.6686e+07
0.035 3.8622e+09 3.6053e+07
0.036 3.8392e+09 3.5443e+07
0.037 3.7409e+09 3.4854e+07
0.038 3.7814e+09 3.4285e+07
0.039 3.7487e+09 3.3733e+07
0.04 3.7025e+09 3.3199e+07
0.041 3.7401e+09 3.2681e+07
0.042 3.6683e+09 3.2178e+07
0.043 3.6566e+09 3.1689e+07
0.044 3.6605e+09 3.1214e+07
0.045 3.5925e+09 3.0751e+07
0.046 3.4902e+09 3.03e+07
0.047 3.5059e+09 2.986e+07
0.048 3.4956e+09 2.9432e+07
0.049 3.4306e+09 2.9013e+07
0.05 3.4216e+09 2.8604e+07
0.051 3.3743e+09 2.8204e+07
0.052 3.3625e+09 2.7813e+07
0.053 3.2553e+09 2.7431e+07
0.054 3.271e+09 2.7056e+07
0.055 3.1885e+09 2.669e+07
0.056 3.1978e+09 2.633e+07
0.057 3.1429e+09 2.5978e+07
0.058 3.1258e+09 2.5632e+07
0.059 3.0587e+09 2.5293e+07
0.06 3.026e+09 2.496e+07
0.061 3.0316e+09 2.4633e+07
0.062 2.964e+09 2.4312e+07
0.063 2.9415e+09 2.3996e+07
0.064 2.9028e+09 2.3686e+07
0.065 2.8803e+09 2.3381e+07
0.066 2.8438e+09 2.3081e+07
0.067 2.7358e+09 2.2786e+07
0.068 2.7293e+09 2.2495e+07
0.069 2.7273e+09 2.221e+07
0.07 2.6676e+09 2.1929e+07
0.071 2.6312e+09 2.1652e+07
0.072 2.5589e+09 2.1379e+07
0.073 2.5545e+09 2.111e+07
0.074 2.4964e+09 2.0846e+07
0.075 2.4982e+09 2.0585e+07
0.076 2.4499e+09 2.0328e+07
0.077 2.3986e+09 2.0075e+07
0.078 2.3634e+09 1.9825e+07
0.079 2.3091e+09 1.9579e+07
0.08 2.312e+09 1.9337e+07
0.081 2.211e+09 1.9097e+07
0.082 2.2026e+09 1.8862e+07
0.083 2.1599e+09 1.8629e+07
0.084 2.1197e+09 1.84e+07
0.085 2.121e+09 1.8173e+07
0.086 2.0523e+09 1.795e+07
0.087 2.0412e+09 1.773e+07
0.088 2.004e+09 1.7513e+07
0.089 1.9374e+09 1.7299e+07
0.09 1.9219e+09 1.7088e+07
0.091 1.8747e+09 1.6879e+07
0.092 1.8189e+09 1.6674e+07
0.093 1.8012e+09 1.6471e+07
0.094 1.7705e+09 1.6271e+07
0.095 1.7228e+09 1.6073e+07
0.096 1.669e+09 1.5878e+07
0.097 1.6531e+09 1.5686e+07
0.098 1.6195e+09 1.5497e+07
0.099 1.572e+09 1.531e+07
0.1 1.5529e+09 1.5126e+07
0.101 1.5201e+09 1.4944e+07
0.102 1.4835e+09 1.4764e+07
0.103 1.4595e+09 1.4588e+07
0.104 1.4442e+09 1.4413e+07
0.105 1.3962e+09 1.4241e+07
0.106 1.3906e+09 1.4072e+07
0.107 1.3339e+09 1.3904e+07
0.108 1.297e+09 1.374e+07
0.109 1.2559e+09 1.3577e+07
0.11 1.23e+09 1.3417e+07
0.111 1.2066e+09 1.3259e+07
0.112 1.197e+09 1.3103e+07
0.113 1.1699e+09 1.295e+07
0.114 1.142e+09 1.2799e+07
0.115 1.1039e+09 1.265e+07
0.116 1.0721e+09 1.2504e+07
0.117 1.0492e+09 1.2359e+07
0.118 9.9688e+08 1.2217e+07
0.119 9.9356e+08 1.2077e+07
0.12 9.8481e+08 1.1939e+07
0.121 9.508e+08 1.1804e+07
0.122 9.2697e+08 1.167e+07
0.123 8.9418e+08 1.1539e+07
0.124 8.6283e+08 1.1409e+07
0.125 8.4966e+08 1.1282e+07
0.126 8.3999e+08 1.1157e+07
0.127 7.9631e+08 1.1034e+07
0.128 7.7696e+08 1.0913e+07
0.129 7.4393e+08 1.0794e+07
0.13 7.5283e+08 1.0677e+07
0.131 7.0998e+08 1.0562e+07
0.132 6.9242e+08 1.0449e+07
0.133 6.773e+08 1.0338e+07
0.134 6.6971e+08 1.0229e+07
0.135 6.386e+08 1.0122e+07
0.136 6.1159e+08 1.0017e+07
0.137 6.0182e+08 9.9141e+06
0.138 5.6387e+08 9.8129e+06
0.139 5.5665e+08 9.7135e+06
0.14 5.3547e+08 9.616e+06
0.141 5.3326e+08 9.5204e+06
0.142 5.1996e+08 9.4267e+06
0.143 5.0096e+08 9.3347e+06
0.144 4.602e+08 9.2446e+06
0.145 4.6912e+08 9.1563e+06
0.146 4.513e+08 9.0698e+06
0.147 4.289e+08 8.985e+06
0.148 4.1352e+08 8.9019e+06
0.149 3.9059e+08 8.8206e+06
0.15 3.8699e+08 8.741e+06
0.151 3.7726e+08 8.6631e+06
0.152 3.6745e+08 8.5869e+06
0.153 3.7456e+08 8.5123e+06
0.154 3.3775e+08 8.4393e+06
0.155 3.3709e+08 8.3679e+06
0.156 3.0149e+08 8.2982e+06
0.157 3.1131e+08 8.23e+06
0.158 3.0091e+08 8.1633e+06
0.159 2.7029e+08 8.0982e+06
0.16 2.7189e+08 8.0345e+06
0.161 2.5799e+08 7.9724e+06
0.162 2.681e+08 7.9117e+06
0.163 2.3514e+08 7.8525e+06
0.164 2.353e+08 7.7946e+06
0.165 2.3541e+08 7.7382e+06
0.166 2.1896e+08 7.6831e+06
0.167 2.0975e+08 7.6293e+06
0.168 2.0859e+08 7.5769e+06
0.169 2.1163e+08 7.5258e+06
0.17 1.9711e+08 7.4759e+06
0.171 1.8508e+08 7.4273e+06
0.172 1.7282e+08 7.3799e+06
0.173 1.5893e+08 7.3338e+06
0.174 1.5772e+08 7.2888e+06
0.175 1.5854e+08 7.2449e+06
0.176 1.4804e+08 7.2022e+06
0.177 1.4073e+08 7.1605e+06
0.178 1.4387e+08 7.12e+06
0.179 1.3674e+08 7.0805e+06
0.18 1.3192e+08 7.042e+06
0.181 1.1701e+08 7.0045e+06
0.182 1.3402e+08 6.968e+06
0.183 1.2113e+08 6.9325e+06
0.184 1.2874e+08 6.8978e+06
0.185 1.0592e+08 6.8641e+06
0.186 1.1303e+08 6.8313e+06
0.187 9.8045e+07 6.7994e+06
0.188 9.7423e+07 6.7682e+06
0.189 9.8001e+07 6.7379e+06
0.19 9.8657e+07 6.7084e+06
0.191 9.1054e+07 6.6796e+06
0.192 8.7035e+07 6.6516e+06
0.193 8.4909e+07 6.6243e+06
0.194 8.3154e+07 6.5977e+06
0.195 7.7987e+07 6.5718e+06
0.196 7.3633e+07 6.5466e+06
0.197 7.7811e+07 6.522e+06
0.198 7.4589e+07 6.498e+06
0.199 6.8606e+07 6.4746e+06
0.2 7.2052e+07 6.4517e+06
0.201 6.8326e+07 6.4295e+06
0.202 7.1686e+07 6.4077e+06
0.203 7.0429e+07 6.3865e+06
0.204 6.3753e+07 6.3658e+06
0.205 6.6641e+07 6.3456e+06
0.206 5.8575e+07 6.3258e+06
0.207 5.6008e+07 6.3065e+06
0.208 5.6108e+07 6.2876e+06
0.209 4.9759e+07 6.2692e+06
0.21 5.7194e+07 6.2511e+06
0.211 5.1965e+07 6.2334e+06
0.212 5.2587e+07 6.2161e+06
0.213 7.1645e+07 6.1991e+06
0.214 4.8732e+07 6.1825e+06
0.215 4.1197e+07 6.1662e+06
0.216 5.0761e+07 6.1502e+06
0.217 5.0522e+07 6.1345e+06
0.218 5.726e+07 6.1191e+06
0.219 4.3197e+07 6.104e+06
0.22 5.1489e+07 6.0891e+06
0.221 5.7472e+07 6.0745e+06
0.222 5.1383e+07 6.0601e+06
0.223 5.1566e+07 6.0459e+06
0.224 4.3101e+07 6.032e+06
0.225 4.876e+07 6.0182e+06
0.226 6.0174e+07 6.0047e+06
0.227 4.9969e+07 5.9913e+06
0.228 4.6113e+07 5.9781e+06
0.229 5.6872e+07 5.9651e+06
0.23 5.2984e+07 5.9523e+06
0.231 5.0903e+07 5.9395e+06
0.232 4.1515e+07 5.927e+06
0.233 5.4482e+07 5.9145e+06
0.234 4.3289e+07 5.9022e+06
0.235 5.4478e+07 5.89e+06
0.236 5.7047e+07 5.878e+06
0.237 5.407e+07 5.866e+06
0.238 4.5276e+07 5.8542e+06
0.239 5.137e+07 5.8424e+06
0.24 5.3503e+07 5.8307e+06
0.241 5.8927e+07 5.8191e+06
0.242 6.4867e+07 5.8076e+06
0.243 6.0372e+07 5.7962e+06
0.244 4.8491e+07 5.7848e+06
0.245 5.0454e+07 5.7735e+06
0.246 4.9577e+07 5.7622e+06
0.247 5.3636e+07 5.751e+06
0.248 6.2352e+07 5.7399e+06
0.249 5.9977e+07 5.7288e+06
0.25 4.475e+07 5.7178e+06
0.251 5.7652e+07 5.7068e+06
0.252 5.2759e+07 5.6958e+06
0.253 4.7975e+07 5.6849e+06
0.254 5.6662e+07 5.674e+06
0.255 6.1789e+07 5.6632e+06
0.256 6.1023e+07 5.6524e+06
0.257 6.0212e+07 5.6416e+06
0.258 4.9504e+07 5.6308e+06
0.259 5.7165e+07 5.6201e+06
0.26 5.3528e+07 5.6094e+06
0.261 5.9837e+07 5.5987e+06
0.262 5.7723e+07 5.588e+06
0.263 5.3175e+07 5.5774e+06
0.264 6.0132e+07 5.5667e+06
0.265 5.615e+07 5.5561e+06
0.266 5.6851e+07 5.5455e+06
0.267 4.1517e+07 5.5349e+06
0.268 5.2985e+07 5.5243e+06
0.269 5.2505e+07 5.5138e+06
0.27 5.2527e+07 5.5032e+06
0.271 5.2932e+07 5.4927e+06
0.272 4.4209e+07 5.4822e+06
0.273 5.6763e+07 5.4717e+06
0.274 4.9761e+07 5.4612e+06
0.275 4.523e+07 5.4507e+06
0.276 6.1752e+07 5.4402e+06
0.277 4.4787e+07 5.4298e+06
0.278 5.0155e+07 5.4194e+06
0.279 4.8565e+07 5.4089e+06
0.28 5.8924e+07 5.3985e+06
0.281 5.1166e+07 5.3881e+06
0.282 4.7217e+07 5.3777e+06
0.283 4.4892e+07 5.3674e+06
0.284 5.0749e+07 5.357e+06
0.285 5.611e+07 5.3467e+06
0.286 4.5018e+07 5.3364e+06
0.287 4.4598e+07 5.3261e+06
0.288 5.4699e+07 5.3158e+06
0.289 5.4625e+07 5.3055e+06
0.29 4.9336e+07 5.2953e+06
0.291 4.5396e+07 5.2851e+06
0.292 4.7882e+07 5.2749e+06
0.293 4.7511e+07 5.2647e+06
0.294 4.1151e+07 5.2546e+06
0.295 4.9824e+07 5.2445e+06
0.296 4.9197e+07 5.2344e+06
0.297 4.9278e+07 5.2243e+06
0.298 4.6977e+07 5.2143e+06
0.299 5.3144e+07 5.2042e+06
0.3 4.8969e+07 5.1943e+06
0.301 4.6114e+07 5.1843e+06
0.302 4.356e+07 5.1744e+06
0.303 3.5737e+07 5.1645e+06
0.304 4.588e+07 5.1546e+06
0.305 4.4892e+07 5.1448e+06
0.306 5.226e+07 5.135e+06
0.307 5.0353e+07 5.1253e+06
0.308 4.1998e+07 5.1156e+06
0.309 4.8413e+07 5.1059e+06
0.31 3.4141e+07 5.0963e+06
0.311 5.1498e+07 5.0867e+06
0.312 4.8717e+07 5.0771e+06
0.313 4.2344e+07 5.0676e+06
0.314 5.2066e+07 5.0582e+06
0.315 4.631e+07 5.0487e+06
0.316 4.3623e+07 5.0394e+06
0.317 3.6508e+07 5.03e+06
0.318 4.5885e+07 5.0208e+06
0.319 4.2591e+07 5.0115e+06
0.32 3.3508e+07 5.0023e+06
0.321 2.773e+07 4.9932e+06
0.322 3.7546e+07 4.9841e+06
0.323 2.6074e+07 4.9751e+06
0.324 3.497e+07 4.9661e+06
0.325 3.4822e+07 4.9571e+06
0.326 3.4444e+07 4.9483e+06
0.327 3.2458e+07 4.9394e+06
0.328 2.8051e+07 4.9307e+06
0.329 3.0807e+07 4.9219e+06
0.33 2.6825e+07 4.9133e+06
0.331 3.9794e+07 4.9046e+06
0.332 3.2253e+07 4.8961e+06
0.333 2.2019e+07 4.8876e+06
0.334 3.0372e+07 4.8791e+06
0.335 3.7724e+07 4.8707e+06
0.336 3.3535e+07 4.8624e+06
0.337 2.7852e+07 4.8541e+06
0.338 2.9378e+07 4.8459e+06
0.339 2.3568e+07 4.8377e+06
0.34 2.6249e+07 4.8296e+06
0.341 2.2984e+07 4.8215e+06
0.342 3.1998e+07 4.8135e+06
0.343 2.1751e+07 4.8056e+06
0.344 2.7476e+07 4.7977e+06
0.345 2.0217e+07 4.7899e+06
0.346 2.6062e+07 4.7821e+06
0.347 2.9253e+07 4.7744e+06
0.348 3.2155e+07 4.7668e+06
0.349 2.5842e+07 4.7592e+06
0.35 2.5868e+07 4.7516e+06
0.351 2.6123e+07 4.7441e+06
0.352 2.6844e+07 4.7367e+06
0.353 2.9947e+07 4.7293e+06
0.354 2.2541e+07 4.722e+06
0.355 2.9953e+07 4.7148e+06
0.356 3.3004e+07 4.7076e+06
0.357 1.8997e+07 4.7004e+06
0.358 2.6745e+07 4.6933e+06
0.359 2.996e+07 4.6863e+06
0.36 2.4463e+07 4.6793e+06
0.361 3.0329e+07 4.6723e+06
0.362 1.9791e+07 4.6654e+06
0.363 2.18e+07 4.6586e+06
0.364 2.3634e+07 4.6518e+06
0.365 1.954e+07 4.6451e+06
0.366 2.1583e+07 4.6384e+06
0.367 2.6889e+07 4.6318e+06
0.368 1.449e+07 4.6252e+06
0.369 2.2697e+07 4.6186e+06
0.37 2.1642e+07 4.6121e+06
0.371 2.0399e+07 4.6057e+06
0.372 2.8098e+07 4.5993e+06
0.373 2.1773e+07 4.5929e+06
0.374 2.228e+07 4.5866e+06
0.375 1.7853e+07 4.5804e+06
0.376 2.9391e+07 4.5741e+06
0.377 1.858e+07 4.5679e+06
0.378 2.5192e+07 4.5618e+06
0.379 2.2262e+07 4.5557e+06
0.38 2.2801e+07 4.5496e+06
0.381 1.85e+07 4.5436e+06
0.382 2.2177e+07 4.5376e+06
0.383 2.6835e+07 4.5317e+06
0.384 2.1416e+07 4.5258e+06
0.385 2.8119e+07 4.5199e+06
0.386 2.2315e+07 4.5141e+06
0.387 3.0768e+07 4.5083e+06
0.388 2.7284e+07 4.5025e+06
0.389 2.4663e+07 4.4968e+06
0.39 1.9829e+07 4.4911e+06
0.391 2.2454e+07 4.4854e+06
0.392 1.6766e+07 4.4798e+06
0.393 2.6229e+07 4.4741e+06
0.394 2.5701e+07 4.4686e+06
0.395 1.7851e+07 4.463e+06
0.396 1.9751e+07 4.4575e+06
0.397 2.6548e+07 4.452e+06
0.398 2.3472e+07 4.4465e+06
0.399 3.1429e+07 4.441e+06
0.4 2.599e+07 4.4356e+06
0.401 2.0502e+07 4.4302e+06
0.402 2.684e+07 4.4248e+06
0.403 2.9628e+07 4.4195e+06
0.404 2.0253e+07 4.4141e+06
0.405 2.399e+07 4.4088e+06
0.406 2.579e+07 4.4035e+06
0.407 1.8369e+07 4.3983e+06
0.408 2.6046e+07 4.393e+06
0.409 2.3604e+07 4.3878e+06
0.41 2.5211e+07 4.3826e+06
0.411 2.5643e+07 4.3774e+06
0.412 2.4291e+07 4.3722e+06
0.413 1.6367e+07 4.367e+06
0.414 3.0384e+07 4.3619e+06
0.415 2.7098e+07 4.3568e+06
0.416 2.2004e+07 4.3516e+06
0.417 3.7486e+07 4.3465e+06
0.418 2.8007e+07 4.3414e+06
0.419 2.6619e+07 4.3364e+06
0.42 2.0997e+07 4.3313e+06
0.421 2.0461e+07 4.3263e+06
0.422 2.4162e+07 4.3212e+06
0.423 2.4314e+07 4.3162e+06
0.424 2.0822e+07 4.3112e+06
0.425 1.9575e+07 4.3062e+06
0.426 2.3797e+07 4.3012e+06
0.427 2.3239e+07 4.2962e+06
0.428 2.9964e+07 4.2913e+06
0.429 2.4848e+07 4.2863e+06
0.43 2.5909e+07 4.2814e+06
0.431 1.5592e+07 4.2764e+06
0.432 2.5552e+07 4.2715e+06
0.433 2.3159e+07 4.2666e+06
0.434 2.0008e+07 4.2617e+06
0.435 2.2335e+07 4.2568e+06
0.436 2.5427e+07 4.2519e+06
0.437 2.286e+07 4.247e+06
0.438 2.8829e+07 4.2421e+06
0.439 1.99e+07 4.2373e+06
0.44 2.6475e+07 4.2324e+06
0.441 1.9747e+07 4.2276e+06
0.442 2.7037e+07 4.2227e+06
0.443 2.5638e+07 4.2179e+06
0.444 1.914e+07 4.2131e+06
0.445 2.0879e+07 4.2083e+06
0.446 2.402e+07 4.2034e+06
0.447 1.6851e+07 4.1987e+06
0.448 2.9261e+07 4.1939e+06
0.449 2.0766e+07 4.1891e+06
0.45 2.5034e+07 4.1843e+06
0.451 1.8441e+07 4.1795e+06
0.452 1.6601e+07 4.1748e+06
0.453 2.1613e+07 4.17e+06
0.454 2.6874e+07 4.1653e+06
0.455 1.9288e+07 4.1606e+06
0.456 2.1265e+07 4.1558e+06
0.457 1.7626e+07 4.1511e+06
0.458 2.416e+07 4.1464e+06
0.459 2.6479e+07 4.1417e+06
0.46 2.3149e+07 4.137e+06
0.461 2.3722e+07 4.1324e+06
0.462 2.331e+07 4.1277e+06
0.463 2.9198e+07 4.123e+06
0.464 1.7903e+07 4.1184e+06
0.465 2.1778e+07 4.1137e+06
0.466 1.5294e+07 4.1091e+06
0.467 2.112e+07 4.1045e+06
0.468 1.9229e+07 4.0999e+06
0.469 2.3931e+07 4.0952e+06
0.47 1.3771e+07 4.0907e+06
0.471 2.5097e+07 4.0861e+06
0.472 1.7981e+07 4.0815e+06
0.473 1.9295e+07 4.0769e+06
0.474 1.9977e+07 4.0724e+06
0.475 1.9034e+07 4.0678e+06
0.476 2.7934e+07 4.0633e+06
0.477 1.7438e+07 4.0588e+06
0.478 1.8485e+07 4.0543e+06
0.479 1.9702e+07 4.0498e+06
0.48 2.4463e+07 4.0453e+06
0.481 1.5551e+07 4.0408e+06
0.482 1.4847e+07 4.0364e+06
0.483 2.4226e+07 4.0319e+06
0.484 2.7243e+07 4.0275e+06
0.485 2.1136e+07 4.0231e+06
0.486 2.353e+07 4.0187e+06
0.487 1.5073e+07 4.0143e+06
0.488 2.3027e+07 4.0099e+06
0.489 1.0128e+07 4.0055e+06
0.49 2.2642e+07 4.0011e+06
0.491 1.4428e+07 3.9968e+06
0.492 2.0422e+07 3.9925e+06
0.493 1.9137e+07 3.9881e+06
0.494 3.1604e+07 3.9838e+06
0.495 1.3648e+07 3.9795e+06
0.496 2.288e+07 3.9753e+06
0.497 1.4434e+07 3.971e+06
0.498 1.8804e+07 3.9668e+06
0.499 1.4325e+07 3.9625e+06
0.5 1.4885e+07 3.9583e+06
