0.001 4.6318e+09 2.3615e+08
0.002 4.7119e+09 1.6696e+08
0.003 4.329e+09 1.3629e+08
0.004 4.5461e+09 1.18e+08
0.005 4.4025e+09 1.055e+08
0.006 4.5905e+09 9.6265e+07
0.007 4.6269e+09 8.9075e+07
0.008 4.5127e+09 8.327e+07
0.009 4.5778e+09 7.8451e+07
0.01 4.4437e+09 7.4366e+07
0.011 4.5909e+09 7.0843e+07
0.012 4.5027e+09 6.7761e+07
0.013 4.3581e+09 6.5034e+07
0.014 4.4861e+09 6.2598e+07
0.015 4.4248e+09 6.0401e+07
0.016 4.4078e+09 5.8407e+07
0.017 4.5034e+09 5.6585e+07
0.018 4.3586e+09 5.491e+07
0.019 4.394e+09 5.3362e+07
0.02 4.4739e+09 5.1926e+07
0.021 4.3775e+09 5.0588e+07
0.022 4.3654e+09 4.9336e+07
0.023 4.3917e+09 4.8161e+07
0.024 4.3168e+09 4.7054e+07
0.025 4.2399e+09 4.6009e+07
0.026 4.2349e+09 4.5019e+07
0.027 4.2604e+09 4.408e+07
0.028 4.2038e+09 4.3187e+07
0.029 4.2748e+09 4.2335e+07
0.03 4.1737e+09 4.1521e+07
0.031 4.1412e+09 4.0742e+07
0.032 4.0894e+09 3.9996e+07
0.033 4.0961e+09 3.9279e+07
0.034 4.0242e+09 3.8589e+07
0.035 3.9841e+09 3.7925e+07
0.036 3.9819e+09 3.7285e+07
0.037 3.966e+09 3.6667e+07
0.038 3.9889e+09 3.6069e+07
0.039 3.9178e+09 3.549e+07
0.04 3.8917e+09 3.493e+07
0.041 3.8548e+09 3.4386e+07
0.042 3.79e+09 3.3858e+07
0.043 3.7669e+09 3.3346e+07
0.044 3.7156e+09 3.2847e+07
0.045 3.7542e+09 3.2362e+07
0.046 3.7264e+09 3.1889e+07
0.047 3.687e+09 3.1428e+07
0.048 3.6029e+09 3.0978e+07
0.049 3.5043e+09 3.054e+07
0.05 3.564e+09 3.0111e+07
0.051 3.5275e+09 2.9692e+07
0.052 3.4378e+09 2.9283e+07
0.053 3.4393e+09 2.8882e+07
0.054 3.4004e+09 2.849e+07
0.055 3.3211e+09 2.8105e+07
0.056 3.3791e+09 2.7729e+07
0.057 3.2862e+09 2.736e+07
0.058 3.2088e+09 2.6998e+07
0.059 3.1964e+09 2.6643e+07
0.06 3.186e+09 2.6295e+07
0.061 3.1233e+09 2.5953e+07
0.062 3.08e+09 2.5617e+07
0.063 3.0241e+09 2.5287e+07
0.064 3.0101e+09 2.4963e+07
0.065 2.9177e+09 2.4644e+07
0.066 2.9311e+09 2.4331e+07
0.067 2.8683e+09 2.4022e+07
0.068 2.8518e+09 2.3719e+07
0.069 2.8352e+09 2.3421e+07
0.07 2.7483e+09 2.3127e+07
0.071 2.7592e+09 2.2838e+07
0.072 2.6553e+09 2.2554e+07
0.073 2.6633e+09 2.2274e+07
0.074 2.5916e+09 2.1998e+07
0.075 2.5725e+09 2.1726e+07
0.076 2.5168e+09 2.1458e+07
0.077 2.4771e+09 2.1194e+07
0.078 2.4179e+09 2.0934e+07
0.079 2.3642e+09 2.0678e+07
0.08 2.3642e+09 2.0425e+07
0.081 2.3267e+09 2.0176e+07
0.082 2.2495e+09 1.9931e+07
0.083 2.2186e+09 1.9689e+07
0.084 2.1975e+09 1.9451e+07
0.085 2.1313e+09 1.9215e+07
0.086 2.1666e+09 1.8984e+07
0.087 2.1069e+09 1.8755e+07
0.088 2.0413e+09 1.853e+07
0.089 2.0154e+09 1.8307e+07
0.09 1.9652e+09 1.8088e+07
0.091 1.9298e+09 1.7872e+07
0.092 1.8863e+09 1.7659e+07
0.093 1.8539e+09 1.7448e+07
0.094 1.8145e+09 1.7241e+07
0.095 1.7813e+09 1.7037e+07
0.096 1.744e+09 1.6835e+07
0.097 1.7088e+09 1.6636e+07
0.098 1.6692e+09 1.644e+07
0.099 1.6464e+09 1.6247e+07
0.1 1.6167e+09 1.6056e+07
0.101 1.5846e+09 1.5868e+07
0.102 1.5135e+09 1.5683e+07
0.103 1.4929e+09 1.55e+07
0.104 1.4821e+09 1.532e+07
0.105 1.4506e+09 1.5143e+07
0.106 1.434e+09 1.4968e+07
0.107 1.3677e+09 1.4796e+07
0.108 1.3423e+09 1.4626e+07
0.109 1.3255e+09 1.4459e+07
0.11 1.3072e+09 1.4294e+07
0.111 1.2609e+09 1.4131e+07
0.112 1.2334e+09 1.3971e+07
0.113 1.1798e+09 1.3814e+07
0.114 1.1577e+09 1.3659e+07
0.115 1.1366e+09 1.3506e+07
0.116 1.1112e+09 1.3356e+07
0.117 1.1005e+09 1.3207e+07
0.118 1.0415e+09 1.3062e+07
0.119 1.0333e+09 1.2918e+07
0.12 1.0063e+09 1.2777e+07
0.121 9.4587e+08 1.2638e+07
0.122 9.7847e+08 1.2501e+07
0.123 9.4083e+08 1.2367e+07
0.124 8.9249e+08 1.2235e+07
0.125 8.7618e+08 1.2105e+07
0.126 8.4458e+08 1.1977e+07
0.127 8.2041e+08 1.1851e+07
0.128 7.9877e+08 1.1728e+07
0.129 7.5745e+08 1.1606e+07
0.13 7.502e+08 1.1487e+07
0.131 7.3958e+08 1.137e+07
0.132 7.1393e+08 1.1255e+07
0.133 6.7628e+08 1.1142e+07
0.134 6.7569e+08 1.1031e+07
0.135 6.531e+08 1.0922e+07
0.136 6.2472e+08 1.0815e+07
0.137 6.3147e+08 1.071e+07
0.138 5.967e+08 1.0607e+07
0.139 5.9599e+08 1.0506e+07
0.14 5.6303e+08 1.0407e+07
0.141 5.5087e+08 1.031e+07
0.142 5.4345e+08 1.0215e+07
0.143 5.1521e+08 1.0121e+07
0.144 4.9197e+08 1.003e+07
0.145 4.9157e+08 9.9401e+06
0.146 4.558e+08 9.8523e+06
0.147 4.5474e+08 9.7663e+06
0.148 4.3729e+08 9.6821e+06
0.149 4.2183e+08 9.5996e+06
0.15 4.1745e+08 9.5189e+06
0.151 4.0238e+08 9.4399e+06
0.152 3.8165e+08 9.3626e+06
0.153 3.8556e+08 9.2869e+06
0.154 3.7181e+08 9.2129e+06
0.155 3.421e+08 9.1406e+06
0.156 3.3629e+08 9.0698e+06
0.157 3.2844e+08 9.0007e+06
0.158 3.0596e+08 8.933e+06
0.159 2.9142e+08 8.8669e+06
0.16 2.9063e+08 8.8023e+06
0.161 2.9627e+08 8.7393e+06
0.162 2.7521e+08 8.6776e+06
0.163 2.5759e+08 8.6174e+06
0.164 2.5161e+08 8.5586e+06
0.165 2.4901e+08 8.5012e+06
0.166 2.567e+08 8.4452e+06
0.167 2.1469e+08 8.3905e+06
0.168 2.3031e+08 8.3371e+06
0.169 2.0433e+08 8.2849e+06
0.17 2.11e+08 8.2341e+06
0.171 1.9293e+08 8.1845e+06
0.172 2.0216e+08 8.136e+06
0.173 1.8888e+08 8.0888e+06
0.174 1.9298e+08 8.0427e+06
0.175 1.7057e+08 7.9978e+06
0.176 1.5296e+08 7.9539e+06
0.177 1.5791e+08 7.9112e+06
0.178 1.5321e+08 7.8694e+06
0.179 1.642e+08 7.8288e+06
0.18 1.4457e+08 7.7891e+06
0.181 1.5647e+08 7.7504e+06
0.182 1.3023e+08 7.7127e+06
0.183 1.2844e+08 7.6759e+06
0.184 1.294e+08 7.64e+06
0.185 1.2652e+08 7.605e+06
0.186 1.0596e+08 7.5708e+06
0.187 1.2105e+08 7.5375e+06
0.188 1.0905e+08 7.505e+06
0.189 1.1009e+08 7.4733e+06
0.19 1.1421e+08 7.4424e+06
0.191 1.0748e+08 7.4122e+06
0.192 9.4951e+07 7.3827e+06
0.193 9.0603e+07 7.3539e+06
0.194 9.2754e+07 7.3259e+06
0.195 8.5038e+07 7.2984e+06
0.196 8.4242e+07 7.2716e+06
0.197 8.374e+07 7.2455e+06
0.198 7.9641e+07 7.2199e+06
0.199 7.2733e+07 7.1949e+06
0.2 8.4463e+07 7.1705e+06
0.201 7.6635e+07 7.1466e+06
0.202 8.4993e+07 7.1233e+06
0.203 8.2583e+07 7.1004e+06
0.204 6.7557e+07 7.078e+06
0.205 8.1286e+07 7.0561e+06
0.206 7.1353e+07 7.0347e+06
0.207 7.6319e+07 7.0137e+06
0.208 7.4917e+07 6.9931e+06
0.209 6.2477e+07 6.9729e+06
0.21 7.1135e+07 6.9531e+06
0.211 6.373e+07 6.9337e+06
0.212 5.9577e+07 6.9147e+06
0.213 7.3722e+07 6.896e+06
0.214 7.3081e+07 6.8776e+06
0.215 6.0642e+07 6.8595e+06
0.216 5.2474e+07 6.8418e+06
0.217 7.3146e+07 6.8243e+06
0.218 6.4758e+07 6.8072e+06
0.219 6.7721e+07 6.7903e+06
0.22 5.8289e+07 6.7736e+06
0.221 6.7335e+07 6.7573e+06
0.222 5.754e+07 6.7411e+06
0.223 6.075e+07 6.7252e+06
0.224 6.6678e+07 6.7095e+06
0.225 5.8524e+07 6.694e+06
0.226 5.616e+07 6.6787e+06
0.227 6.4679e+07 6.6636e+06
0.228 6.8006e+07 6.6486e+06
0.229 6.4156e+07 6.6339e+06
0.23 5.2245e+07 6.6193e+06
0.231 5.4122e+07 6.6049e+06
0.232 5.9012e+07 6.5906e+06
0.233 6.0891e+07 6.5764e+06
0.234 5.7842e+07 6.5624e+06
0.235 7.3438e+07 6.5485e+06
0.236 5.6606e+07 6.5348e+06
0.237 5.6068e+07 6.5211e+06
0.238 6.8355e+07 6.5076e+06
0.239 6.0817e+07 6.4942e+06
0.24 5.636e+07 6.4808e+06
0.241 6.7631e+07 6.4676e+06
0.242 7.7361e+07 6.4544e+06
0.243 5.1479e+07 6.4414e+06
0.244 5.7562e+07 6.4284e+06
0.245 6.9088e+07 6.4155e+06
0.246 7.4611e+07 6.4026e+06
0.247 5.6893e+07 6.3899e+06
0.248 6.2161e+07 6.3772e+06
0.249 7.2175e+07 6.3645e+06
0.25 6.5247e+07 6.3519e+06
0.251 4.8596e+07 6.3394e+06
0.252 5.7059e+07 6.3269e+06
0.253 6.6061e+07 6.3145e+06
0.254 6.2613e+07 6.3021e+06
0.255 7.6702e+07 6.2898e+06
0.256 5.818e+07 6.2775e+06
0.257 7.1888e+07 6.2652e+06
0.258 5.6159e+07 6.253e+06
0.259 6.3138e+07 6.2408e+06
0.26 6.6746e+07 6.2287e+06
0.261 6.0499e+07 6.2166e+06
0.262 6.522e+07 6.2045e+06
0.263 6.2112e+07 6.1924e+06
0.264 6.5169e+07 6.1804e+06
0.265 6.1638e+07 6.1684e+06
0.266 5.9896e+07 6.1564e+06
0.267 6.7178e+07 6.1445e+06
0.268 5.9605e+07 6.1326e+06
0.269 6.9125e+07 6.1207e+06
0.27 6.6393e+07 6.1088e+06
0.271 6.9488e+07 6.097e+06
0.272 5.4894e+07 6.0852e+06
0.273 6.518e+07 6.0734e+06
0.274 7.0608e+07 6.0616e+06
0.275 5.6037e+07 6.0499e+06
0.276 6.1384e+07 6.0382e+06
0.277 5.3674e+07 6.0265e+06
0.278 6.3671e+07 6.0148e+06
0.279 6.5639e+07 6.0031e+06
0.28 5.9003e+07 5.9915e+06
0.281 6.2585e+07 5.9799e+06
0.282 5.8127e+07 5.9683e+06
0.283 6.3437e+07 5.9568e+06
0.284 6.1772e+07 5.9452e+06
0.285 5.4146e+07 5.9337e+06
0.286 6.4556e+07 5.9223e+06
0.287 5.7116e+07 5.9108e+06
0.288 5.8427e+07 5.8994e+06
0.289 5.6135e+07 5.888e+06
0.29 4.4192e+07 5.8766e+06
0.291 5.0779e+07 5.8653e+06
0.292 5.6827e+07 5.854e+06
0.293 5.7914e+07 5.8427e+06
0.294 5.1057e+07 5.8315e+06
0.295 5.774e+07 5.8202e+06
0.296 5.811e+07 5.8091e+06
0.297 5.6818e+07 5.7979e+06
0.298 5.0913e+07 5.7868e+06
0.299 4.6611e+07 5.7757e+06
0.3 4.9343e+07 5.7647e+06
0.301 4.9784e+07 5.7537e+06
0.302 4.6591e+07 5.7427e+06
0.303 5.4669e+07 5.7318e+06
0.304 4.7735e+07 5.7209e+06
0.305 4.9598e+07 5.7101e+06
0.306 4.7124e+07 5.6993e+06
0.307 4.2786e+07 5.6885e+06
0.308 5.8015e+07 5.6778e+06
0.309 3.8274e+07 5.6671e+06
0.31 5.413e+07 5.6565e+06
0.311 4.1352e+07 5.6459e+06
0.312 4.0731e+07 5.6354e+06
0.313 4.5505e+07 5.6249e+06
0.314 4.2724e+07 5.6144e+06
0.315 4.3228e+07 5.604e+06
0.316 3.9698e+07 5.5937e+06
0.317 4.2635e+07 5.5834e+06
0.318 4.3425e+07 5.5732e+06
0.319 4.2224e+07 5.563e+06
0.32 4.2241e+07 5.5528e+06
0.321 3.0112e+07 5.5428e+06
0.322 3.8273e+07 5.5327e+06
0.323 2.6676e+07 5.5228e+06
0.324 3.8885e+07 5.5128e+06
0.325 2.9507e+07 5.503e+06
0.326 3.4076e+07 5.4932e+06
0.327 3.3297e+07 5.4834e+06
0.328 3.4544e+07 5.4737e+06
0.329 3.6183e+07 5.4641e+06
0.33 3.2142e+07 5.4545e+06
0.331 4.1336e+07 5.445e+06
0.332 2.856e+07 5.4356e+06
0.333 3.8661e+07 5.4262e+06
0.334 3.4937e+07 5.4168e+06
0.335 3.4711e+07 5.4075e+06
0.336 2.8951e+07 5.3983e+06
0.337 3.3942e+07 5.3892e+06
0.338 3.1411e+07 5.3801e+06
0.339 2.9316e+07 5.371e+06
0.34 3.0686e+07 5.3621e+06
0.341 2.6009e+07 5.3531e+06
0.342 2.8807e+07 5.3443e+06
0.343 3.4559e+07 5.3355e+06
0.344 3.1053e+07 5.3268e+06
0.345 4.2214e+07 5.3181e+06
0.346 3.0647e+07 5.3095e+06
0.347 2.9658e+07 5.3009e+06
0.348 3.8179e+07 5.2924e+06
0.349 2.8458e+07 5.284e+06
0.35 3.1558e+07 5.2756e+06
0.351 3.1193e+07 5.2673e+06
0.352 2.0237e+07 5.2591e+06
0.353 2.4242e+07 5.2509e+06
0.354 3.5841e+07 5.2428e+06
0.355 2.6286e+07 5.2347e+06
0.356 2.9996e+07 5.2267e+06
0.357 3.9753e+07 5.2187e+06
0.358 2.4439e+07 5.2108e+06
0.359 3.4113e+07 5.203e+06
0.36 3.8106e+07 5.1952e+06
0.361 2.9426e+07 5.1875e+06
0.362 3.325e+07 5.1798e+06
0.363 2.4164e+07 5.1722e+06
0.364 2.5344e+07 5.1646e+06
0.365 2.6263e+07 5.1571e+06
0.366 2.7097e+07 5.1497e+06
0.367 1.9522e+07 5.1423e+06
0.368 2.7479e+07 5.1349e+06
0.369 2.6472e+07 5.1276e+06
0.37 2.4741e+07 5.1204e+06
0.371 2.8388e+07 5.1132e+06
0.372 1.8608e+07 5.106e+06
0.373 2.042e+07 5.0989e+06
0.374 2.8455e+07 5.0919e+06
0.375 2.7602e+07 5.0849e+06
0.376 1.9446e+07 5.0779e+06
0.377 3.9899e+07 5.071e+06
0.378 2.7108e+07 5.0642e+06
0.379 2.2935e+07 5.0573e+06
0.38 1.8398e+07 5.0506e+06
0.381 2.978e+07 5.0438e+06
0.382 2.0762e+07 5.0371e+06
0.383 3.8337e+07 5.0305e+06
0.384 3.1331e+07 5.0239e+06
0.385 1.9719e+07 5.0173e+06
0.386 3.0329e+07 5.0108e+06
0.387 1.9242e+07 5.0043e+06
0.388 2.5814e+07 4.9978e+06
0.389 2.7154e+07 4.9914e+06
0.39 2.3719e+07 4.985e+06
0.391 2.4559e+07 4.9787e+06
0.392 2.4638e+07 4.9723e+06
0.393 2.3768e+07 4.9661e+06
0.394 2.905e+07 4.9598e+06
0.395 3.0141e+07 4.9536e+06
0.396 2.5361e+07 4.9474e+06
0.397 2.7038e+07 4.9412e+06
0.398 2.44e+07 4.9351e+06
0.399 2.3986e+07 4.929e+06
0.4 2.1858e+07 4.9229e+06
0.401 1.7137e+07 4.9169e+06
0.402 1.6646e+07 4.9109e+06
0.403 1.866e+07 4.9049e+06
0.404 2.0634e+07 4.8989e+06
0.405 1.3509e+07 4.893e+06
0.406 2.3814e+07 4.8871e+06
0.407 2.6027e+07 4.8812e+06
0.408 2.9394e+07 4.8753e+06
0.409 2.291e+07 4.8694e+06
0.41 2.0989e+07 4.8636e+06
0.411 2.3788e+07 4.8578e+06
0.412 2.1834e+07 4.852e+06
0.413 2.6405e+07 4.8462e+06
0.414 1.8311e+07 4.8405e+06
0.415 2.9014e+07 4.8348e+06
0.416 2.7559e+07 4.829e+06
0.417 1.1915e+07 4.8233e+06
0.418 3.1368e+07 4.8177e+06
0.419 2.4951e+07 4.812e+06
0.42 3.1125e+07 4.8064e+06
0.421 1.5114e+07 4.8007e+06
0.422 2.0977e+07 4.7951e+06
0.423 3.1367e+07 4.7895e+06
0.424 2.1372e+07 4.7839e+06
0.425 2.5132e+07 4.7784e+06
0.426 2.8991e+07 4.7728e+06
0.427 2.4373e+07 4.7673e+06
0.428 2.3613e+07 4.7617e+06
0.429 3.1729e+07 4.7562e+06
0.43 2.2053e+07 4.7507e+06
0.431 2.799e+07 4.7452e+06
0.432 2.5301e+07 4.7397e+06
0.433 3.2519e+07 4.7343e+06
0.434 3.1532e+07 4.7288e+06
0.435 2.4763e+07 4.7234e+06
0.436 1.993e+07 4.7179e+06
0.437 2.1382e+07 4.7125e+06
0.438 3.4094e+07 4.7071e+06
0.439 2.7501e+07 4.7017e+06
0.44 2.7548e+07 4.6963e+06
0.441 2.4129e+07 4.6909e+06
0.442 2.4537e+07 4.6856e+06
0.443 2.7075e+07 4.6802e+06
0.444 1.9424e+07 4.6749e+06
0.445 2.0596e+07 4.6695e+06
0.446 2.8032e+07 4.6642e+06
0.447 3.2685e+07 4.6589e+06
0.448 2.3951e+07 4.6536e+06
0.449 2.3914e+07 4.6483e+06
0.45 1.8559e+07 4.643e+06
0.451 3.0831e+07 4.6377e+06
0.452 2.5999e+07 4.6325e+06
0.453 1.9547e+07 4.6272e+06
0.454 2.7208e+07 4.622e+06
0.455 2.4434e+07 4.6168e+06
0.456 1.3578e+07 4.6115e+06
0.457 2.6246e+07 4.6063e+06
0.458 2.8327e+07 4.6011e+06
0.459 2.7004e+07 4.5959e+06
0.46 2.4649e+07 4.5907e+06
0.461 2.066e+07 4.5856e+06
0.462 2.7688e+07 4.5804e+06
0.463 2.6599e+07 4.5753e+06
0.464 2.0578e+07 4.5701e+06
0.465 1.84e+07 4.565e+06
0.466 2.8472e+07 4.5599e+06
0.467 2.6004e+07 4.5548e+06
0.468 2.4716e+07 4.5497e+06
0.469 2.8971e+07 4.5446e+06
0.47 2.6785e+07 4.5396e+06
0.471 2.6308e+07 4.5345e+06
0.472 2.8187e+07 4.5295e+06
0.473 1.9153e+07 4.5244e+06
0.474 1.5238e+07 4.5194e+06
0.475 2.5221e+07 4.5144e+06
0.476 2.6575e+07 4.5094e+06
0.477 2.5325e+07 4.5044e+06
0.478 1.9221e+07 4.4995e+06
0.479 1.7721e+07 4.4945e+06
0.48 1.7424e+07 4.4896e+06
0.481 2.3778e+07 4.4846e+06
0.482 2.7011e+07 4.4797e+06
0.483 2.3863e+07 4.4748e+06
0.484 2.0318e+07 4.4699e+06
0.485 2.4551e+07 4.4651e+06
0.486 1.9756e+07 4.4602e+06
0.487 1.7565e+07 4.4554e+06
0.488 2.0469e+07 4.4505e+06
0.489 2.104e+07 4.4457e+06
0.49 1.8328e+07 4.4409e+06
0.491 1.9348e+07 4.4361e+06
0.492 1.876e+07 4.4314e+06
0.493 2.8871e+07 4.4266e+06
0.494 1.9515e+07 4.4219e+06
0.495 1.8531e+07 4.4171e+06
0.496 1.9178e+07 4.4124e+06
0.497 1.6211e+07 4.4077e+06
0.498 2.1732e+07 4.403e+06
0.499 2.0112e+07 4.3984e+06
0.5 1.6809e+07 4.3937e+06
