0.001 5.1215e+09 2.4093e+08
0.002 4.7145e+09 1.7034e+08
0.003 4.5671e+09 1.3905e+08
0.004 4.4467e+09 1.2039e+08
0.005 4.6693e+09 1.0764e+08
0.006 4.5482e+09 9.8215e+07
0.007 4.6091e+09 9.088e+07
0.008 4.7166e+09 8.4957e+07
0.009 4.6151e+09 8.0042e+07
0.01 4.7514e+09 7.5875e+07
0.011 4.6005e+09 7.2281e+07
0.012 4.5874e+09 6.9137e+07
0.013 4.5322e+09 6.6356e+07
0.014 4.6153e+09 6.3871e+07
0.015 4.4946e+09 6.1631e+07
0.016 4.4671e+09 5.9597e+07
0.017 4.4349e+09 5.7739e+07
0.018 4.5018e+09 5.6031e+07
0.019 4.4726e+09 5.4453e+07
0.02 4.5408e+09 5.2989e+07
0.021 4.4529e+09 5.1624e+07
0.022 4.3501e+09 5.0347e+07
0.023 4.4253e+09 4.9149e+07
0.024 4.3099e+09 4.8021e+07
0.025 4.356e+09 4.6956e+07
0.026 4.2429e+09 4.5947e+07
0.027 4.3559e+09 4.499e+07
0.028 4.3002e+09 4.408e+07
0.029 4.2151e+09 4.3212e+07
0.03 4.2454e+09 4.2382e+07
0.031 4.2095e+09 4.1589e+07
0.032 4.0859e+09 4.0828e+07
0.033 4.1427e+09 4.0098e+07
0.034 3.9936e+09 3.9396e+07
0.035 4.0836e+09 3.872e+07
0.036 4.037e+09 3.8067e+07
0.037 4.02e+09 3.7438e+07
0.038 3.9653e+09 3.6829e+07
0.039 3.9802e+09 3.624e+07
0.04 3.8591e+09 3.567e+07
0.041 3.8925e+09 3.5116e+07
0.042 3.9183e+09 3.4579e+07
0.043 3.8229e+09 3.4057e+07
0.044 3.8392e+09 3.355e+07
0.045 3.7714e+09 3.3056e+07
0.046 3.724e+09 3.2575e+07
0.047 3.6901e+09 3.2106e+07
0.048 3.7317e+09 3.1649e+07
0.049 3.5837e+09 3.1203e+07
0.05 3.6027e+09 3.0767e+07
0.051 3.5556e+09 3.0341e+07
0.052 3.4941e+09 2.9925e+07
0.053 3.4575e+09 2.9517e+07
0.054 3.4247e+09 2.9119e+07
0.055 3.4503e+09 2.8728e+07
0.056 3.3472e+09 2.8346e+07
0.057 3.3514e+09 2.7971e+07
0.058 3.2913e+09 2.7603e+07
0.059 3.2159e+09 2.7243e+07
0.06 3.1544e+09 2.6889e+07
0.061 3.1593e+09 2.6542e+07
0.062 3.1203e+09 2.62e+07
0.063 3.0847e+09 2.5865e+07
0.064 3.0383e+09 2.5536e+07
0.065 3.0011e+09 2.5213e+07
0.066 2.934e+09 2.4895e+07
0.067 2.9694e+09 2.4582e+07
0.068 2.8836e+09 2.4274e+07
0.069 2.8136e+09 2.3972e+07
0.07 2.7537e+09 2.3674e+07
0.071 2.7459e+09 2.3381e+07
0.072 2.6849e+09 2.3092e+07
0.073 2.689e+09 2.2808e+07
0.074 2.6077e+09 2.2529e+07
0.075 2.6125e+09 2.2253e+07
0.076 2.5557e+09 2.1982e+07
0.077 2.5288e+09 2.1714e+07
0.078 2.4615e+09 2.1451e+07
0.079 2.4583e+09 2.1192e+07
0.08 2.3824e+09 2.0936e+07
0.081 2.3403e+09 2.0684e+07
0.082 2.3238e+09 2.0435e+07
0.083 2.2289e+09 2.0191e+07
0.084 2.2108e+09 1.9949e+07
0.085 2.1793e+09 1.9711e+07
0.086 2.1215e+09 1.9477e+07
0.087 2.1056e+09 1.9245e+07
0.088 2.0727e+09 1.9017e+07
0.089 2.0397e+09 1.8793e+07
0.09 1.9772e+09 1.8571e+07
0.091 1.9791e+09 1.8352e+07
0.092 1.9212e+09 1.8137e+07
0.093 1.879e+09 1.7925e+07
0.094 1.8455e+09 1.7715e+07
0.095 1.779e+09 1.7508e+07
0.096 1.7431e+09 1.7305e+07
0.097 1.7259e+09 1.7104e+07
0.098 1.6802e+09 1.6906e+07
0.099 1.6559e+09 1.6711e+07
0.1 1.6303e+09 1.6519e+07
0.101 1.5883e+09 1.6329e+07
0.102 1.5726e+09 1.6142e+07
0.103 1.5139e+09 1.5958e+07
0.104 1.497e+09 1.5777e+07
0.105 1.4532e+09 1.5598e+07
0.106 1.4554e+09 1.5422e+07
0.107 1.3856e+09 1.5248e+07
0.108 1.3872e+09 1.5077e+07
0.109 1.3378e+09 1.4908e+07
0.11 1.2977e+09 1.4742e+07
0.111 1.256e+09 1.4579e+07
0.112 1.1985e+09 1.4417e+07
0.113 1.1994e+09 1.4259e+07
0.114 1.1885e+09 1.4103e+07
0.115 1.1244e+09 1.3949e+07
0.116 1.1372e+09 1.3798e+07
0.117 1.1064e+09 1.3649e+07
0.118 1.0794e+09 1.3502e+07
0.119 1.0229e+09 1.3358e+07
0.12 1.0096e+09 1.3216e+07
0.121 9.9264e+08 1.3076e+07
0.122 9.6853e+08 1.2939e+07
0.123 9.4428e+08 1.2803e+07
0.124 9.3529e+08 1.2671e+07
0.125 8.9726e+08 1.254e+07
0.126 8.8151e+08 1.2412e+07
0.127 8.5095e+08 1.2285e+07
0.128 8.1798e+08 1.2161e+07
0.129 7.7756e+08 1.2039e+07
0.13 7.7906e+08 1.192e+07
0.131 7.7399e+08 1.1802e+07
0.132 7.2295e+08 1.1687e+07
0.133 7.2386e+08 1.1573e+07
0.134 6.9695e+08 1.1462e+07
0.135 6.7937e+08 1.1352e+07
0.136 6.4288e+08 1.1245e+07
0.137 6.407e+08 1.114e+07
0.138 6.1342e+08 1.1037e+07
0.139 5.8482e+08 1.0935e+07
0.14 5.7636e+08 1.0836e+07
0.141 5.6022e+08 1.0739e+07
0.142 5.2626e+08 1.0643e+07
0.143 5.279e+08 1.055e+07
0.144 4.9079e+08 1.0458e+07
0.145 4.8704e+08 1.0368e+07
0.146 4.8253e+08 1.028e+07
0.147 4.5286e+08 1.0194e+07
0.148 4.5719e+08 1.0109e+07
0.149 4.398e+08 1.0026e+07
0.15 4.2863e+08 9.9453e+06
0.151 3.9051e+08 9.866e+06
0.152 3.7376e+08 9.7885e+06
0.153 3.9112e+08 9.7126e+06
0.154 3.6482e+08 9.6383e+06
0.155 3.5692e+08 9.5656e+06
0.156 3.546e+08 9.4946e+06
0.157 3.2589e+08 9.4251e+06
0.158 3.2557e+08 9.3571e+06
0.159 3.0426e+08 9.2907e+06
0.16 3.0258e+08 9.2258e+06
0.161 2.9248e+08 9.1623e+06
0.162 2.7848e+08 9.1003e+06
0.163 2.732e+08 9.0398e+06
0.164 2.7041e+08 8.9806e+06
0.165 2.6841e+08 8.9228e+06
0.166 2.5532e+08 8.8663e+06
0.167 2.3914e+08 8.8111e+06
0.168 2.4029e+08 8.7573e+06
0.169 2.2226e+08 8.7047e+06
0.17 2.1831e+08 8.6533e+06
0.171 2.0414e+08 8.6032e+06
0.172 2.0596e+08 8.5543e+06
0.173 2.0393e+08 8.5065e+06
0.174 1.8557e+08 8.4599e+06
0.175 1.7393e+08 8.4144e+06
0.176 1.7963e+08 8.3699e+06
0.177 1.7294e+08 8.3266e+06
0.178 1.8157e+08 8.2842e+06
0.179 1.781e+08 8.2429e+06
0.18 1.6256e+08 8.2026e+06
0.181 1.475e+08 8.1633e+06
0.182 1.4115e+08 8.1248e+06
0.183 1.3787e+08 8.0873e+06
0.184 1.4605e+08 8.0507e+06
0.185 1.1732e+08 8.015e+06
0.186 1.2667e+08 7.9801e+06
0.187 1.2678e+08 7.946e+06
0.188 1.2515e+08 7.9127e+06
0.189 1.1641e+08 7.8802e+06
0.19 1.2245e+08 7.8485e+06
0.191 1.15e+08 7.8175e+06
0.192 9.8228e+07 7.7872e+06
0.193 1.0622e+08 7.7576e+06
0.194 1.0304e+08 7.7287e+06
0.195 9.323e+07 7.7004e+06
0.196 8.5389e+07 7.6727e+06
0.197 9.6643e+07 7.6456e+06
0.198 1.0559e+08 7.6192e+06
0.199 9.3289e+07 7.5933e+06
0.2 7.5529e+07 7.568e+06
0.201 8.7755e+07 7.5431e+06
0.202 9.5748e+07 7.5189e+06
0.203 9.192e+07 7.4951e+06
0.204 8.5514e+07 7.4718e+06
0.205 9.7184e+07 7.4489e+06
0.206 9.3057e+07 7.4265e+06
0.207 8.4887e+07 7.4045e+06
0.208 7.6927e+07 7.383e+06
0.209 8.5696e+07 7.3618e+06
0.21 7.5103e+07 7.3411e+06
0.211 7.3935e+07 7.3207e+06
0.212 7.273e+07 7.3007e+06
0.213 7.3719e+07 7.281e+06
0.214 7.6465e+07 7.2616e+06
0.215 7.5284e+07 7.2426e+06
0.216 7.3011e+07 7.2238e+06
0.217 7.0043e+07 7.2054e+06
0.218 5.9939e+07 7.1872e+06
0.219 5.3082e+07 7.1694e+06
0.22 6.8668e+07 7.1517e+06
0.221 6.0003e+07 7.1344e+06
0.222 7.1088e+07 7.1172e+06
0.223 7.3538e+07 7.1003e+06
0.224 6.5989e+07 7.0836e+06
0.225 8.5508e+07 7.0671e+06
0.226 6.137e+07 7.0509e+06
0.227 5.2309e+07 7.0348e+06
0.228 6.8193e+07 7.0189e+06
0.229 6.8792e+07 7.0032e+06
0.23 6.8542e+07 6.9876e+06
0.231 5.988e+07 6.9722e+06
0.232 6.2509e+07 6.9569e+06
0.233 7.4925e+07 6.9418e+06
0.234 6.6871e+07 6.9269e+06
0.235 6.7194e+07 6.9121e+06
0.236 5.8546e+07 6.8973e+06
0.237 6.7932e+07 6.8828e+06
0.238 6.4875e+07 6.8683e+06
0.239 6.8943e+07 6.8539e+06
0.24 7.2997e+07 6.8397e+06
0.241 5.9207e+07 6.8255e+06
0.242 6.9262e+07 6.8115e+06
0.243 7.2481e+07 6.7975e+06
0.244 6.6643e+07 6.7836e+06
0.245 7.2693e+07 6.7698e+06
0.246 6.6178e+07 6.7561e+06
0.247 5.2845e+07 6.7425e+06
0.248 6.2748e+07 6.7289e+06
0.249 6.3991e+07 6.7154e+06
0.25 6.635e+07 6.7019e+06
0.251 6.2034e+07 6.6885e+06
0.252 6.9864e+07 6.6752e+06
0.253 6.7036e+07 6.6619e+06
0.254 5.9754e+07 6.6487e+06
0.255 7.1102e+07 6.6356e+06
0.256 6.0303e+07 6.6224e+06
0.257 5.8742e+07 6.6094e+06
0.258 7.2851e+07 6.5963e+06
0.259 6.473e+07 6.5834e+06
0.26 7.9979e+07 6.5704e+06
0.261 7.183e+07 6.5575e+06
0.262 6.8912e+07 6.5447e+06
0.263 5.6892e+07 6.5318e+06
0.264 6.9807e+07 6.519e+06
0.265 6.7425e+07 6.5063e+06
0.266 8.7571e+07 6.4936e+06
0.267 8.4136e+07 6.4809e+06
0.268 6.0854e+07 6.4682e+06
0.269 5.7082e+07 6.4556e+06
0.27 6.6951e+07 6.443e+06
0.271 7.3514e+07 6.4304e+06
0.272 7.1653e+07 6.4179e+06
0.273 6.502e+07 6.4054e+06
0.274 6.0449e+07 6.3929e+06
0.275 6.2217e+07 6.3805e+06
0.276 6.7183e+07 6.3681e+06
0.277 6.9592e+07 6.3557e+06
0.278 5.8782e+07 6.3433e+06
0.279 6.5481e+07 6.331e+06
0.28 6.1788e+07 6.3187e+06
0.281 6.0062e+07 6.3064e+06
0.282 6.0711e+07 6.2942e+06
0.283 5.8339e+07 6.282e+06
0.284 6.6622e+07 6.2698e+06
0.285 6.3147e+07 6.2576e+06
0.286 6.8491e+07 6.2455e+06
0.287 6.0803e+07 6.2334e+06
0.288 5.1013e+07 6.2214e+06
0.289 5.994e+07 6.2094e+06
0.29 5.4717e+07 6.1974e+06
0.291 6.4689e+07 6.1854e+06
0.292 5.8636e+07 6.1735e+06
0.293 5.7392e+07 6.1616e+06
0.294 5.2555e+07 6.1498e+06
0.295 5.1749e+07 6.138e+06
0.296 4.508e+07 6.1262e+06
0.297 6.6326e+07 6.1145e+06
0.298 6.0669e+07 6.1028e+06
0.299 4.5136e+07 6.0911e+06
0.3 5.6548e+07 6.0795e+06
0.301 5.7456e+07 6.0679e+06
0.302 4.6716e+07 6.0564e+06
0.303 5.7763e+07 6.0449e+06
0.304 4.9263e+07 6.0335e+06
0.305 5.8105e+07 6.022e+06
0.306 5.704e+07 6.0107e+06
0.307 6.2439e+07 5.9994e+06
0.308 5.2463e+07 5.9881e+06
0.309 6.5681e+07 5.9769e+06
0.31 6.037e+07 5.9657e+06
0.311 4.0708e+07 5.9546e+06
0.312 3.8844e+07 5.9435e+06
0.313 4.3745e+07 5.9325e+06
0.314 4.1283e+07 5.9216e+06
0.315 5.4034e+07 5.9106e+06
0.316 4.521e+07 5.8998e+06
0.317 3.7108e+07 5.889e+06
0.318 5.7656e+07 5.8782e+06
0.319 3.9367e+07 5.8675e+06
0.32 4.1327e+07 5.8569e+06
0.321 3.7977e+07 5.8463e+06
0.322 3.8409e+07 5.8358e+06
0.323 4.3887e+07 5.8253e+06
0.324 4.0782e+07 5.8149e+06
0.325 3.9062e+07 5.8045e+06
0.326 3.4863e+07 5.7942e+06
0.327 3.5624e+07 5.784e+06
0.328 3.809e+07 5.7738e+06
0.329 4.0252e+07 5.7637e+06
0.33 4.1528e+07 5.7536e+06
0.331 3.1769e+07 5.7436e+06
0.332 3.9987e+07 5.7337e+06
0.333 3.5251e+07 5.7238e+06
0.334 3.7058e+07 5.714e+06
0.335 3.8343e+07 5.7042e+06
0.336 3.7719e+07 5.6945e+06
0.337 3.5651e+07 5.6849e+06
0.338 3.254e+07 5.6753e+06
0.339 3.5941e+07 5.6658e+06
0.34 3.4305e+07 5.6564e+06
0.341 3.8394e+07 5.647e+06
0.342 2.8564e+07 5.6377e+06
0.343 3.2698e+07 5.6284e+06
0.344 3.8507e+07 5.6193e+06
0.345 2.4592e+07 5.6101e+06
0.346 2.7775e+07 5.6011e+06
0.347 2.7664e+07 5.5921e+06
0.348 2.0799e+07 5.5831e+06
0.349 3.368e+07 5.5742e+06
0.35 3.2416e+07 5.5654e+06
0.351 3.7848e+07 5.5567e+06
0.352 3.2271e+07 5.548e+06
0.353 2.9909e+07 5.5394e+06
0.354 3.5324e+07 5.5308e+06
0.355 3.9177e+07 5.5223e+06
0.356 2.3611e+07 5.5138e+06
0.357 2.7301e+07 5.5054e+06
0.358 3.2422e+07 5.4971e+06
0.359 2.5394e+07 5.4888e+06
0.36 1.9977e+07 5.4806e+06
0.361 4.1601e+07 5.4725e+06
0.362 2.3294e+07 5.4644e+06
0.363 2.2224e+07 5.4563e+06
0.364 3.9888e+07 5.4484e+06
0.365 3.177e+07 5.4404e+06
0.366 2.1014e+07 5.4326e+06
0.367 2.4108e+07 5.4247e+06
0.368 2.7987e+07 5.417e+06
0.369 4.1276e+07 5.4093e+06
0.37 2.5021e+07 5.4016e+06
0.371 2.5784e+07 5.394e+06
0.372 3.0356e+07 5.3864e+06
0.373 3.3661e+07 5.3789e+06
0.374 3.9475e+07 5.3715e+06
0.375 2.8247e+07 5.3641e+06
0.376 2.5169e+07 5.3567e+06
0.377 1.9301e+07 5.3494e+06
0.378 1.8522e+07 5.3421e+06
0.379 2.0111e+07 5.3349e+06
0.38 2.6764e+07 5.3277e+06
0.381 3.0921e+07 5.3206e+06
0.382 2.7911e+07 5.3135e+06
0.383 2.4377e+07 5.3065e+06
0.384 2.0265e+07 5.2995e+06
0.385 2.6204e+07 5.2925e+06
0.386 2.742e+07 5.2856e+06
0.387 2.1771e+07 5.2787e+06
0.388 3.498e+07 5.2719e+06
0.389 3.2636e+07 5.2651e+06
0.39 3.2919e+07 5.2583e+06
0.391 2.4817e+07 5.2516e+06
0.392 2.1438e+07 5.2449e+06
0.393 2.3138e+07 5.2382e+06
0.394 2.9252e+07 5.2316e+06
0.395 2.6667e+07 5.225e+06
0.396 2.7039e+07 5.2184e+06
0.397 2.7173e+07 5.2119e+06
0.398 2.5811e+07 5.2054e+06
0.399 2.3591e+07 5.199e+06
0.4 1.2836e+07 5.1925e+06
0.401 3.1026e+07 5.1861e+06
0.402 2.4296e+07 5.1797e+06
0.403 2.1831e+07 5.1734e+06
0.404 1.6829e+07 5.1671e+06
0.405 2.8817e+07 5.1608e+06
0.406 3.5666e+07 5.1545e+06
0.407 2.5602e+07 5.1482e+06
0.408 2.4577e+07 5.142e+06
0.409 2.4096e+07 5.1358e+06
0.41 2.8196e+07 5.1296e+06
0.411 2.2354e+07 5.1235e+06
0.412 3.4399e+07 5.1174e+06
0.413 2.5121e+07 5.1113e+06
0.414 1.8719e+07 5.1052e+06
0.415 2.2296e+07 5.0991e+06
0.416 2.767e+07 5.093e+06
0.417 2.7871e+07 5.087e+06
0.418 1.4482e+07 5.081e+06
0.419 2.3966e+07 5.075e+06
0.42 1.9948e+07 5.069e+06
0.421 2.197e+07 5.0631e+06
0.422 2.6065e+07 5.0571e+06
0.423 2.3214e+07 5.0512e+06
0.424 2.2278e+07 5.0453e+06
0.425 2.3044e+07 5.0394e+06
0.426 2.8979e+07 5.0335e+06
0.427 2.0792e+07 5.0277e+06
0.428 2.4134e+07 5.0218e+06
0.429 2.5898e+07 5.016e+06
0.43 2.7834e+07 5.0102e+06
0.431 2.9783e+07 5.0044e+06
0.432 1.5985e+07 4.9986e+06
0.433 2.6325e+07 4.9928e+06
0.434 3.9471e+07 4.987e+06
0.435 3.6106e+07 4.9813e+06
0.436 3.3334e+07 4.9756e+06
0.437 2.7735e+07 4.9698e+06
0.438 2.6544e+07 4.9641e+06
0.439 2.5431e+07 4.9584e+06
0.44 3.3009e+07 4.9527e+06
0.441 2.5037e+07 4.9471e+06
0.442 2.7983e+07 4.9414e+06
0.443 2.8739e+07 4.9357e+06
0.444 2.368e+07 4.9301e+06
0.445 2.7743e+07 4.9245e+06
0.446 2.4772e+07 4.9189e+06
0.447 2.1775e+07 4.9133e+06
0.448 3.0327e+07 4.9077e+06
0.449 2.6432e+07 4.9021e+06
0.45 2.7679e+07 4.8965e+06
0.451 2.874e+07 4.891e+06
0.452 2.0452e+07 4.8854e+06
0.453 3.6214e+07 4.8799e+06
0.454 2.4305e+07 4.8744e+06
0.455 2.5531e+07 4.8688e+06
0.456 2.8236e+07 4.8633e+06
0.457 2.4119e+07 4.8579e+06
0.458 2.1838e+07 4.8524e+06
0.459 2.7442e+07 4.8469e+06
0.46 2.127e+07 4.8415e+06
0.461 1.674e+07 4.836e+06
0.462 2.567e+07 4.8306e+06
0.463 3.1408e+07 4.8252e+06
0.464 2.1265e+07 4.8198e+06
0.465 2.8454e+07 4.8144e+06
0.466 2.0399e+07 4.809e+06
0.467 2.8006e+07 4.8036e+06
0.468 2.6515e+07 4.7983e+06
0.469 2.7336e+07 4.7929e+06
0.47 2.695e+07 4.7876e+06
0.471 2.3821e+07 4.7823e+06
0.472 1.3995e+07 4.777e+06
0.473 2.1979e+07 4.7717e+06
0.474 1.9515e+07 4.7664e+06
0.475 3.4631e+07 4.7612e+06
0.476 1.5945e+07 4.7559e+06
0.477 2.3846e+07 4.7507e+06
0.478 2.1372e+07 4.7455e+06
0.479 2.8386e+07 4.7403e+06
0.48 1.8535e+07 4.7351e+06
0.481 2.3758e+07 4.7299e+06
0.482 1.6256e+07 4.7247e+06
0.483 1.8701e+07 4.7196e+06
0.484 2.3561e+07 4.7144e+06
0.485 1.7703e+07 4.7093e+06
0.486 1.5492e+07 4.7042e+06
0.487 2.1913e+07 4.6991e+06
0.488 1.9735e+07 4.694e+06
0.489 2.5842e+07 4.689e+06
0.49 9.7166e+06 4.6839e+06
0.491 2.8481e+07 4.6789e+06
0.492 2.3525e+07 4.6739e+06
0.493 2.7257e+07 4.6689e+06
0.494 2.3299e+07 4.6639e+06
0.495 1.365e+07 4.659e+06
0.496 1.9258e+07 4.654e+06
0.497 2.0782e+07 4.6491e+06
0.498 2.0571e+07 4.6441e+06
0.499 1.5482e+07 4.6392e+06
0.5 1.509e+07 4.6344e+06
