0.001 1.445e+10 8.3748e+08
0.002 1.523e+10 5.9212e+08
0.003 1.4415e+10 4.8338e+08
0.004 1.514e+10 4.1852e+08
0.005 1.5697e+10 3.7422e+08
0.006 1.5643e+10 3.4149e+08
0.007 1.5509e+10 3.1602e+08
0.008 1.5385e+10 2.9546e+08
0.009 1.5095e+10 2.784e+08
0.01 1.5508e+10 2.6394e+08
0.011 1.5111e+10 2.5148e+08
0.012 1.4887e+10 2.4058e+08
0.013 1.5086e+10 2.3095e+08
0.014 1.5054e+10 2.2234e+08
0.015 1.5026e+10 2.1459e+08
0.016 1.5255e+10 2.0756e+08
0.017 1.5153e+10 2.0113e+08
0.018 1.5151e+10 1.9523e+08
0.019 1.4635e+10 1.8979e+08
0.02 1.4598e+10 1.8474e+08
0.021 1.4851e+10 1.8004e+08
0.022 1.464e+10 1.7564e+08
0.023 1.4814e+10 1.7152e+08
0.024 1.4631e+10 1.6764e+08
0.025 1.4439e+10 1.6398e+08
0.026 1.4408e+10 1.6052e+08
0.027 1.4588e+10 1.5724e+08
0.028 1.4199e+10 1.5412e+08
0.029 1.4274e+10 1.5115e+08
0.03 1.4139e+10 1.4832e+08
0.031 1.3934e+10 1.4561e+08
0.032 1.3764e+10 1.4301e+08
0.033 1.3909e+10 1.4052e+08
0.034 1.3811e+10 1.3813e+08
0.035 1.3709e+10 1.3583e+08
0.036 1.3763e+10 1.3362e+08
0.037 1.3629e+10 1.3148e+08
0.038 1.3636e+10 1.2941e+08
0.039 1.3406e+10 1.2742e+08
0.04 1.3356e+10 1.2549e+08
0.041 1.3263e+10 1.2362e+08
0.042 1.2888e+10 1.218e+08
0.043 1.3014e+10 1.2004e+08
0.044 1.2974e+10 1.1833e+08
0.045 1.2961e+10 1.1667e+08
0.046 1.2697e+10 1.1505e+08
0.047 1.2665e+10 1.1348e+08
0.048 1.2505e+10 1.1195e+08
0.049 1.2421e+10 1.1045e+08
0.05 1.2406e+10 1.0899e+08
0.051 1.216e+10 1.0756e+08
0.052 1.1885e+10 1.0617e+08
0.053 1.1911e+10 1.0481e+08
0.054 1.1938e+10 1.0348e+08
0.055 1.1688e+10 1.0218e+08
0.056 1.1628e+10 1.0091e+08
0.057 1.1518e+10 9.966e+07
0.058 1.1368e+10 9.8438e+07
0.059 1.1335e+10 9.7241e+07
0.06 1.1025e+10 9.6067e+07
0.061 1.0972e+10 9.4916e+07
0.062 1.1019e+10 9.3786e+07
0.063 1.0974e+10 9.2677e+07
0.064 1.0698e+10 9.1588e+07
0.065 1.0551e+10 9.0519e+07
0.066 1.0278e+10 8.9469e+07
0.067 1.0233e+10 8.8437e+07
0.068 1.0206e+10 8.7423e+07
0.069 1.0092e+10 8.6425e+07
0.07 9.744e+09 8.5445e+07
0.071 9.6243e+09 8.448e+07
0.072 9.6412e+09 8.3531e+07
0.073 9.6892e+09 8.2598e+07
0.074 9.5498e+09 8.1679e+07
0.075 9.389e+09 8.0774e+07
0.076 9.2475e+09 7.9884e+07
0.077 8.9565e+09 7.9007e+07
0.078 8.8716e+09 7.8143e+07
0.079 8.7557e+09 7.7293e+07
0.08 8.5824e+09 7.6455e+07
0.081 8.4947e+09 7.5629e+07
0.082 8.2639e+09 7.4816e+07
0.083 8.2094e+09 7.4015e+07
0.084 8.1337e+09 7.3225e+07
0.085 8.0257e+09 7.2447e+07
0.086 7.9008e+09 7.168e+07
0.087 7.7392e+09 7.0924e+07
0.088 7.6143e+09 7.0178e+07
0.089 7.4298e+09 6.9443e+07
0.09 7.4873e+09 6.8719e+07
0.091 7.3586e+09 6.8005e+07
0.092 7.1965e+09 6.73e+07
0.093 6.9184e+09 6.6606e+07
0.094 6.7939e+09 6.5921e+07
0.095 6.8854e+09 6.5246e+07
0.096 6.778e+09 6.458e+07
0.097 6.53e+09 6.3924e+07
0.098 6.3669e+09 6.3277e+07
0.099 6.2582e+09 6.2638e+07
0.1 6.181e+09 6.2009e+07
0.101 6.1947e+09 6.1388e+07
0.102 6.0056e+09 6.0776e+07
0.103 5.9763e+09 6.0173e+07
0.104 5.6873e+09 5.9578e+07
0.105 5.7312e+09 5.8991e+07
0.106 5.5308e+09 5.8413e+07
0.107 5.4294e+09 5.7843e+07
0.108 5.3085e+09 5.728e+07
0.109 5.1437e+09 5.6726e+07
0.11 5.1663e+09 5.618e+07
0.111 5.0412e+09 5.5641e+07
0.112 4.9184e+09 5.511e+07
0.113 4.8517e+09 5.4586e+07
0.114 4.7366e+09 5.4071e+07
0.115 4.617e+09 5.3562e+07
0.116 4.5029e+09 5.3061e+07
0.117 4.4663e+09 5.2567e+07
0.118 4.3992e+09 5.2081e+07
0.119 4.2284e+09 5.1602e+07
0.12 4.1064e+09 5.1129e+07
0.121 4.0807e+09 5.0664e+07
0.122 4.0019e+09 5.0206e+07
0.123 3.8769e+09 4.9754e+07
0.124 3.7107e+09 4.9309e+07
0.125 3.7566e+09 4.8871e+07
0.126 3.5919e+09 4.844e+07
0.127 3.496e+09 4.8016e+07
0.128 3.4752e+09 4.7597e+07
0.129 3.3505e+09 4.7186e+07
0.13 3.3464e+09 4.6781e+07
0.131 3.2467e+09 4.6382e+07
0.132 3.1817e+09 4.5989e+07
0.133 3.0394e+09 4.5603e+07
0.134 2.9188e+09 4.5222e+07
0.135 2.8151e+09 4.4848e+07
0.136 2.7774e+09 4.448e+07
0.137 2.7883e+09 4.4118e+07
0.138 2.7259e+09 4.3762e+07
0.139 2.6036e+09 4.3411e+07
0.14 2.5316e+09 4.3067e+07
0.141 2.4785e+09 4.2728e+07
0.142 2.4316e+09 4.2395e+07
0.143 2.3761e+09 4.2067e+07
0.144 2.3761e+09 4.1745e+07
0.145 2.2794e+09 4.1428e+07
0.146 2.16e+09 4.1117e+07
0.147 2.2077e+09 4.0811e+07
0.148 2.0225e+09 4.051e+07
0.149 1.9928e+09 4.0215e+07
0.15 1.9148e+09 3.9925e+07
0.151 1.863e+09 3.9639e+07
0.152 1.8433e+09 3.9359e+07
0.153 1.757e+09 3.9084e+07
0.154 1.7984e+09 3.8814e+07
0.155 1.6881e+09 3.8548e+07
0.156 1.6524e+09 3.8287e+07
0.157 1.5645e+09 3.8032e+07
0.158 1.5404e+09 3.778e+07
0.159 1.5105e+09 3.7533e+07
0.16 1.3977e+09 3.7291e+07
0.161 1.4302e+09 3.7053e+07
0.162 1.3889e+09 3.682e+07
0.163 1.3452e+09 3.6591e+07
0.164 1.3024e+09 3.6366e+07
0.165 1.2766e+09 3.6145e+07
0.166 1.1907e+09 3.5928e+07
0.167 1.1656e+09 3.5716e+07
0.168 1.1076e+09 3.5507e+07
0.169 1.1921e+09 3.5303e+07
0.17 1.0952e+09 3.5102e+07
0.171 1.0176e+09 3.4905e+07
0.172 1.0967e+09 3.4712e+07
0.173 1.0069e+09 3.4522e+07
0.174 9.6462e+08 3.4336e+07
0.175 9.3454e+08 3.4154e+07
0.176 9.0009e+08 3.3975e+07
0.177 8.8386e+08 3.3799e+07
0.178 8.4482e+08 3.3627e+07
0.179 8.5316e+08 3.3458e+07
0.18 8.0776e+08 3.3293e+07
0.181 7.86e+08 3.3131e+07
0.182 7.33e+08 3.2971e+07
0.183 7.3091e+08 3.2815e+07
0.184 7.2072e+08 3.2662e+07
0.185 7.1232e+08 3.2512e+07
0.186 6.4244e+08 3.2364e+07
0.187 6.6072e+08 3.222e+07
0.188 6.6115e+08 3.2078e+07
0.189 5.4992e+08 3.1939e+07
0.19 6.0899e+08 3.1802e+07
0.191 5.9326e+08 3.1669e+07
0.192 5.5443e+08 3.1537e+07
0.193 5.4381e+08 3.1409e+07
0.194 5.2747e+08 3.1282e+07
0.195 4.4725e+08 3.1158e+07
0.196 4.6672e+08 3.1037e+07
0.197 4.8987e+08 3.0917e+07
0.198 4.7366e+08 3.08e+07
0.199 4.3651e+08 3.0685e+07
0.2 4.5124e+08 3.0572e+07
0.201 4.1813e+08 3.0462e+07
0.202 4.5191e+08 3.0353e+07
0.203 3.8812e+08 3.0246e+07
0.204 3.9021e+08 3.0142e+07
0.205 3.7086e+08 3.0039e+07
0.206 3.7576e+08 2.9938e+07
0.207 3.496e+08 2.9838e+07
0.208 3.5454e+08 2.9741e+07
0.209 3.3369e+08 2.9645e+07
0.21 3.2423e+08 2.9551e+07
0.211 2.8271e+08 2.9459e+07
0.212 2.8148e+08 2.9368e+07
0.213 3.4226e+08 2.9279e+07
0.214 3.32e+08 2.9191e+07
0.215 3.0597e+08 2.9105e+07
0.216 2.8479e+08 2.902e+07
0.217 3.2922e+08 2.8936e+07
0.218 2.5515e+08 2.8854e+07
0.219 2.4695e+08 2.8774e+07
0.22 3.2345e+08 2.8694e+07
0.221 2.8828e+08 2.8616e+07
0.222 3.1238e+08 2.8539e+07
0.223 2.933e+08 2.8463e+07
0.224 2.6924e+08 2.8389e+07
0.225 2.7749e+08 2.8315e+07
0.226 2.7269e+08 2.8243e+07
0.227 1.7857e+08 2.8172e+07
0.228 2.1777e+08 2.8101e+07
0.229 2.765e+08 2.8032e+07
0.23 1.9128e+08 2.7964e+07
0.231 2.3172e+08 2.7896e+07
0.232 2.6047e+08 2.783e+07
0.233 2.375e+08 2.7765e+07
0.234 2.5504e+08 2.77e+07
0.235 2.0067e+08 2.7636e+07
0.236 2.2384e+08 2.7573e+07
0.237 2.3316e+08 2.7511e+07
0.238 2.2954e+08 2.745e+07
0.239 2.4862e+08 2.7389e+07
0.24 1.7782e+08 2.733e+07
0.241 2.3176e+08 2.7271e+07
0.242 1.721e+08 2.7212e+07
0.243 2.2174e+08 2.7154e+07
0.244 1.989e+08 2.7097e+07
0.245 1.8042e+08 2.7041e+07
0.246 1.5715e+08 2.6985e+07
0.247 2.264e+08 2.693e+07
0.248 2.4438e+08 2.6875e+07
0.249 2.3457e+08 2.6821e+07
0.25 2.6333e+08 2.6768e+07
0.251 2.1854e+08 2.6715e+07
0.252 2.4219e+08 2.6662e+07
0.253 1.9463e+08 2.661e+07
0.254 2.4939e+08 2.6559e+07
0.255 2.1411e+08 2.6508e+07
0.256 2.393e+08 2.6457e+07
0.257 2.0568e+08 2.6407e+07
0.258 2.2129e+08 2.6357e+07
0.259 2.0677e+08 2.6308e+07
0.26 1.9088e+08 2.6259e+07
0.261 2.2675e+08 2.621e+07
0.262 2.1667e+08 2.6162e+07
0.263 2.3416e+08 2.6114e+07
0.264 2.3617e+08 2.6067e+07
0.265 2.1214e+08 2.602e+07
0.266 2.5787e+08 2.5973e+07
0.267 1.9889e+08 2.5927e+07
0.268 2.4316e+08 2.5881e+07
0.269 2.1802e+08 2.5835e+07
0.27 2.1647e+08 2.5789e+07
0.271 2.4465e+08 2.5744e+07
0.272 2.2752e+08 2.5699e+07
0.273 2.6479e+08 2.5654e+07
0.274 2.5837e+08 2.561e+07
0.275 2.2711e+08 2.5565e+07
0.276 2.1441e+08 2.5521e+07
0.277 2.3078e+08 2.5477e+07
0.278 2.5459e+08 2.5434e+07
0.279 2.6559e+08 2.5391e+07
0.28 2.6673e+08 2.5347e+07
0.281 2.5428e+08 2.5304e+07
0.282 2.2068e+08 2.5262e+07
0.283 2.2747e+08 2.5219e+07
0.284 1.9843e+08 2.5177e+07
0.285 2.3138e+08 2.5135e+07
0.286 2.8426e+08 2.5093e+07
0.287 2.6442e+08 2.5051e+07
0.288 2.3882e+08 2.5009e+07
0.289 2.2874e+08 2.4967e+07
0.29 2.6804e+08 2.4926e+07
0.291 2.6078e+08 2.4885e+07
0.292 2.9401e+08 2.4844e+07
0.293 2.5794e+08 2.4803e+07
0.294 2.5512e+08 2.4762e+07
0.295 2.7312e+08 2.4721e+07
0.296 2.4848e+08 2.4681e+07
0.297 2.7142e+08 2.464e+07
0.298 2.577e+08 2.46e+07
0.299 2.3001e+08 2.456e+07
0.3 2.2929e+08 2.452e+07
0.301 2.6227e+08 2.448e+07
0.302 2.4894e+08 2.444e+07
0.303 2.2614e+08 2.4401e+07
0.304 2.4942e+08 2.4361e+07
0.305 2.5931e+08 2.4321e+07
0.306 2.299e+08 2.4282e+07
0.307 2.3731e+08 2.4243e+07
0.308 2.3133e+08 2.4204e+07
0.309 2.5007e+08 2.4165e+07
0.31 3.0346e+08 2.4126e+07
0.311 2.9521e+08 2.4087e+07
0.312 2.4377e+08 2.4048e+07
0.313 3.1461e+08 2.4009e+07
0.314 2.4662e+08 2.3971e+07
0.315 2.3598e+08 2.3932e+07
0.316 2.7491e+08 2.3894e+07
0.317 2.6328e+08 2.3856e+07
0.318 2.794e+08 2.3817e+07
0.319 2.2526e+08 2.3779e+07
0.32 2.3733e+08 2.3741e+07
0.321 2.8638e+08 2.3704e+07
0.322 2.8347e+08 2.3666e+07
0.323 2.59e+08 2.3628e+07
0.324 2.5086e+08 2.359e+07
0.325 2.9326e+08 2.3553e+07
0.326 2.0881e+08 2.3515e+07
0.327 2.3213e+08 2.3478e+07
0.328 2.2037e+08 2.3441e+07
0.329 2.6629e+08 2.3404e+07
0.33 2.672e+08 2.3367e+07
0.331 2.4478e+08 2.333e+07
0.332 2.5667e+08 2.3293e+07
0.333 2.3759e+08 2.3256e+07
0.334 2.0877e+08 2.3219e+07
0.335 2.2477e+08 2.3183e+07
0.336 2.1622e+08 2.3146e+07
0.337 1.9664e+08 2.311e+07
0.338 2.3858e+08 2.3074e+07
0.339 2.2988e+08 2.3037e+07
0.34 2.5276e+08 2.3001e+07
0.341 2.0563e+08 2.2965e+07
0.342 2.585e+08 2.293e+07
0.343 2.3852e+08 2.2894e+07
0.344 2.4405e+08 2.2858e+07
0.345 2.697e+08 2.2822e+07
0.346 2.2033e+08 2.2787e+07
0.347 2.069e+08 2.2752e+07
0.348 1.9729e+08 2.2716e+07
0.349 2.6478e+08 2.2681e+07
0.35 2.2305e+08 2.2646e+07
0.351 2.4103e+08 2.2611e+07
0.352 2.6021e+08 2.2577e+07
0.353 2.4027e+08 2.2542e+07
0.354 2.0577e+08 2.2507e+07
0.355 2.3787e+08 2.2473e+07
0.356 1.8103e+08 2.2438e+07
0.357 2.1355e+08 2.2404e+07
0.358 2.4766e+08 2.237e+07
0.359 2.161e+08 2.2336e+07
0.36 1.5943e+08 2.2302e+07
0.361 2.0161e+08 2.2268e+07
0.362 1.9482e+08 2.2235e+07
0.363 2.0407e+08 2.2201e+07
0.364 1.8156e+08 2.2168e+07
0.365 2.2738e+08 2.2134e+07
0.366 2.4006e+08 2.2101e+07
0.367 2.5983e+08 2.2068e+07
0.368 1.8643e+08 2.2035e+07
0.369 2.6604e+08 2.2002e+07
0.37 1.5724e+08 2.197e+07
0.371 2.0107e+08 2.1937e+07
0.372 1.941e+08 2.1905e+07
0.373 1.8433e+08 2.1872e+07
0.374 2.0268e+08 2.184e+07
0.375 1.8978e+08 2.1808e+07
0.376 2.0933e+08 2.1776e+07
0.377 1.8512e+08 2.1744e+07
0.378 1.8499e+08 2.1712e+07
0.379 1.7187e+08 2.1681e+07
0.38 1.7255e+08 2.1649e+07
0.381 1.2733e+08 2.1618e+07
0.382 1.9454e+08 2.1587e+07
0.383 1.9519e+08 2.1556e+07
0.384 1.6299e+08 2.1525e+07
0.385 1.6631e+08 2.1494e+07
0.386 1.8102e+08 2.1463e+07
0.387 2.0566e+08 2.1433e+07
0.388 1.7135e+08 2.1402e+07
0.389 1.8763e+08 2.1372e+07
0.39 1.6775e+08 2.1342e+07
0.391 1.5474e+08 2.1312e+07
0.392 1.4024e+08 2.1282e+07
0.393 1.8285e+08 2.1252e+07
0.394 1.7692e+08 2.1222e+07
0.395 1.5002e+08 2.1193e+07
0.396 1.5033e+08 2.1163e+07
0.397 1.7186e+08 2.1134e+07
0.398 1.6711e+08 2.1105e+07
0.399 1.5211e+08 2.1076e+07
0.4 1.0194e+08 2.1047e+07
0.401 1.5208e+08 2.1018e+07
0.402 1.1185e+08 2.099e+07
0.403 1.7038e+08 2.0961e+07
0.404 1.5916e+08 2.0933e+07
0.405 8.6747e+07 2.0904e+07
0.406 1.4536e+08 2.0876e+07
0.407 1.4237e+08 2.0848e+07
0.408 1.3149e+08 2.082e+07
0.409 1.6426e+08 2.0792e+07
0.41 1.4139e+08 2.0765e+07
0.411 1.5924e+08 2.0737e+07
0.412 1.4264e+08 2.071e+07
0.413 9.415e+07 2.0682e+07
0.414 1.7954e+08 2.0655e+07
0.415 9.6832e+07 2.0628e+07
0.416 1.4371e+08 2.0601e+07
0.417 1.5891e+08 2.0574e+07
0.418 1.4999e+08 2.0547e+07
0.419 1.2432e+08 2.0521e+07
0.42 1.4122e+08 2.0494e+07
0.421 1.5101e+08 2.0468e+07
0.422 1.0307e+08 2.0441e+07
0.423 9.7783e+07 2.0415e+07
0.424 1.4972e+08 2.0389e+07
0.425 1.1906e+08 2.0363e+07
0.426 9.9155e+07 2.0337e+07
0.427 1.3496e+08 2.0312e+07
0.428 1.3336e+08 2.0286e+07
0.429 1.4216e+08 2.026e+07
0.43 1.4566e+08 2.0235e+07
0.431 9.1559e+07 2.021e+07
0.432 1.3551e+08 2.0184e+07
0.433 7.4714e+07 2.0159e+07
0.434 1.2626e+08 2.0134e+07
0.435 1.4841e+08 2.0109e+07
0.436 1.0333e+08 2.0085e+07
0.437 1.2317e+08 2.006e+07
0.438 9.0045e+07 2.0035e+07
0.439 1.0641e+08 2.0011e+07
0.44 8.3634e+07 1.9987e+07
0.441 9.6019e+07 1.9962e+07
0.442 9.7509e+07 1.9938e+07
0.443 1.4803e+08 1.9914e+07
0.444 1.1939e+08 1.989e+07
0.445 1.1972e+08 1.9866e+07
0.446 1.103e+08 1.9842e+07
0.447 9.2575e+07 1.9819e+07
0.448 1.1135e+08 1.9795e+07
0.449 1.04e+08 1.9771e+07
0.45 9.6552e+07 1.9748e+07
0.451 1.5858e+08 1.9725e+07
0.452 1.1753e+08 1.9702e+07
0.453 9.4903e+07 1.9678e+07
0.454 1.1546e+08 1.9655e+07
0.455 1.0511e+08 1.9632e+07
0.456 1.0028e+08 1.961e+07
0.457 1.1479e+08 1.9587e+07
0.458 1.1488e+08 1.9564e+07
0.459 1.145e+08 1.9541e+07
0.46 1.0533e+08 1.9519e+07
0.461 9.7703e+07 1.9497e+07
0.462 1.1666e+08 1.9474e+07
0.463 1.2711e+08 1.9452e+07
0.464 6.1926e+07 1.943e+07
0.465 1.1229e+08 1.9408e+07
0.466 9.3885e+07 1.9386e+07
0.467 1.055e+08 1.9364e+07
0.468 9.4929e+07 1.9342e+07
0.469 1.268e+08 1.932e+07
0.47 9.3569e+07 1.9299e+07
0.471 7.7672e+07 1.9277e+07
0.472 1.1976e+08 1.9256e+07
0.473 5.6298e+07 1.9234e+07
0.474 7.6563e+07 1.9213e+07
0.475 1.1764e+08 1.9192e+07
0.476 6.9906e+07 1.917e+07
0.477 1.0227e+08 1.9149e+07
0.478 7.8982e+07 1.9128e+07
0.479 7.5206e+07 1.9108e+07
0.48 1.0101e+08 1.9087e+07
0.481 9.2345e+07 1.9066e+07
0.482 1.1609e+08 1.9045e+07
0.483 1.3158e+08 1.9025e+07
0.484 8.3395e+07 1.9004e+07
0.485 8.1085e+07 1.8984e+07
0.486 1.0713e+08 1.8963e+07
0.487 9.3776e+07 1.8943e+07
0.488 7.1303e+07 1.8923e+07
0.489 8.4784e+07 1.8903e+07
0.49 6.5989e+07 1.8883e+07
0.491 1.2283e+08 1.8863e+07
0.492 7.6784e+07 1.8843e+07
0.493 8.166e+07 1.8823e+07
0.494 9.0776e+07 1.8803e+07
0.495 9.9078e+07 1.8783e+07
0.496 6.8738e+07 1.8764e+07
0.497 8.2588e+07 1.8744e+07
0.498 6.7683e+07 1.8725e+07
0.499 1.0214e+08 1.8705e+07
0.5 5.6875e+07 1.8686e+07
