0.001 2.8307e+09 1.4998e+08
0.002 2.6411e+09 1.0604e+08
0.003 2.7527e+09 8.656e+07
0.004 2.7691e+09 7.4941e+07
0.005 2.7377e+09 6.7004e+07
0.006 2.8019e+09 6.1138e+07
0.007 2.8229e+09 5.6573e+07
0.008 2.8461e+09 5.2886e+07
0.009 2.7435e+09 4.9826e+07
0.01 2.7226e+09 4.7232e+07
0.011 2.722e+09 4.4995e+07
0.012 2.7371e+09 4.3038e+07
0.013 2.7182e+09 4.1307e+07
0.014 2.6718e+09 3.976e+07
0.015 2.6517e+09 3.8366e+07
0.016 2.6425e+09 3.71e+07
0.017 2.6346e+09 3.5943e+07
0.018 2.6557e+09 3.488e+07
0.019 2.6083e+09 3.3898e+07
0.02 2.6386e+09 3.2987e+07
0.021 2.6686e+09 3.2138e+07
0.022 2.617e+09 3.1344e+07
0.023 2.6146e+09 3.0598e+07
0.024 2.5781e+09 2.9896e+07
0.025 2.5171e+09 2.9234e+07
0.026 2.5712e+09 2.8607e+07
0.027 2.5387e+09 2.8011e+07
0.028 2.5244e+09 2.7445e+07
0.029 2.543e+09 2.6905e+07
0.03 2.4734e+09 2.639e+07
0.031 2.5247e+09 2.5897e+07
0.032 2.5377e+09 2.5424e+07
0.033 2.4335e+09 2.4971e+07
0.034 2.4296e+09 2.4534e+07
0.035 2.4154e+09 2.4114e+07
0.036 2.4e+09 2.371e+07
0.037 2.3785e+09 2.3319e+07
0.038 2.3338e+09 2.2941e+07
0.039 2.3427e+09 2.2576e+07
0.04 2.3158e+09 2.2222e+07
0.041 2.2653e+09 2.188e+07
0.042 2.2669e+09 2.1547e+07
0.043 2.2292e+09 2.1224e+07
0.044 2.2036e+09 2.091e+07
0.045 2.2094e+09 2.0604e+07
0.046 2.1737e+09 2.0307e+07
0.047 2.1551e+09 2.0017e+07
0.048 2.1344e+09 1.9735e+07
0.049 2.1015e+09 1.9459e+07
0.05 2.1009e+09 1.919e+07
0.051 2.099e+09 1.8928e+07
0.052 2.0384e+09 1.8671e+07
0.053 2.0042e+09 1.8421e+07
0.054 1.9917e+09 1.8175e+07
0.055 1.9755e+09 1.7935e+07
0.056 1.9751e+09 1.7701e+07
0.057 1.925e+09 1.7471e+07
0.058 1.895e+09 1.7245e+07
0.059 1.8437e+09 1.7024e+07
0.06 1.8603e+09 1.6808e+07
0.061 1.7946e+09 1.6595e+07
0.062 1.7794e+09 1.6387e+07
0.063 1.7622e+09 1.6183e+07
0.064 1.7485e+09 1.5982e+07
0.065 1.7009e+09 1.5785e+07
0.066 1.7102e+09 1.5592e+07
0.067 1.6839e+09 1.5402e+07
0.068 1.6649e+09 1.5215e+07
0.069 1.6096e+09 1.5031e+07
0.07 1.6184e+09 1.4851e+07
0.071 1.5709e+09 1.4674e+07
0.072 1.5658e+09 1.45e+07
0.073 1.5219e+09 1.4329e+07
0.074 1.492e+09 1.416e+07
0.075 1.4661e+09 1.3994e+07
0.076 1.452e+09 1.3832e+07
0.077 1.4353e+09 1.3671e+07
0.078 1.3932e+09 1.3514e+07
0.079 1.3939e+09 1.3359e+07
0.08 1.3529e+09 1.3206e+07
0.081 1.3348e+09 1.3056e+07
0.082 1.3154e+09 1.2908e+07
0.083 1.2932e+09 1.2763e+07
0.084 1.2637e+09 1.2619e+07
0.085 1.2491e+09 1.2479e+07
0.086 1.2332e+09 1.234e+07
0.087 1.2119e+09 1.2204e+07
0.088 1.1619e+09 1.2069e+07
0.089 1.1549e+09 1.1937e+07
0.09 1.147e+09 1.1807e+07
0.091 1.0918e+09 1.1679e+07
0.092 1.0857e+09 1.1554e+07
0.093 1.0662e+09 1.143e+07
0.094 1.0511e+09 1.1308e+07
0.095 1.0284e+09 1.1188e+07
0.096 1.0014e+09 1.107e+07
0.097 9.8044e+08 1.0954e+07
0.098 9.6794e+08 1.0839e+07
0.099 9.3996e+08 1.0727e+07
0.1 9.0722e+08 1.0616e+07
0.101 9.0805e+08 1.0507e+07
0.102 8.9075e+08 1.04e+07
0.103 8.6453e+08 1.0295e+07
0.104 8.575e+08 1.0192e+07
0.105 8.0957e+08 1.009e+07
0.106 8.1936e+08 9.9898e+06
0.107 7.8527e+08 9.8913e+06
0.108 7.6768e+08 9.7946e+06
0.109 7.4499e+08 9.6994e+06
0.11 7.4436e+08 9.6059e+06
0.111 7.1424e+08 9.5139e+06
0.112 7.2062e+08 9.4236e+06
0.113 7.0074e+08 9.3348e+06
0.114 6.6638e+08 9.2475e+06
0.115 6.4953e+08 9.1617e+06
0.116 6.4582e+08 9.0775e+06
0.117 6.3024e+08 8.9947e+06
0.118 6.2057e+08 8.9134e+06
0.119 6.0965e+08 8.8335e+06
0.12 5.7613e+08 8.7551e+06
0.121 5.7281e+08 8.6781e+06
0.122 5.6251e+08 8.6024e+06
0.123 5.4953e+08 8.5282e+06
0.124 5.3513e+08 8.4552e+06
0.125 5.2502e+08 8.3836e+06
0.126 4.9255e+08 8.3134e+06
0.127 4.796e+08 8.2444e+06
0.128 4.5589e+08 8.1767e+06
0.129 4.644e+08 8.1102e+06
0.13 4.593e+08 8.045e+06
0.131 4.3897e+08 7.9811e+06
0.132 4.3387e+08 7.9183e+06
0.133 4.3092e+08 7.8567e+06
0.134 4.1167e+08 7.7962e+06
0.135 4.1348e+08 7.737e+06
0.136 3.8398e+08 7.6788e+06
0.137 3.7869e+08 7.6218e+06
0.138 3.6847e+08 7.5658e+06
0.139 3.6272e+08 7.5109e+06
0.14 3.5569e+08 7.4571e+06
0.141 3.4297e+08 7.4043e+06
0.142 3.3392e+08 7.3525e+06
0.143 3.2578e+08 7.3017e+06
0.144 3.0666e+08 7.2519e+06
0.145 3.0064e+08 7.2031e+06
0.146 2.9549e+08 7.1552e+06
0.147 2.9333e+08 7.1082e+06
0.148 2.8682e+08 7.0622e+06
0.149 2.8994e+08 7.017e+06
0.15 2.6674e+08 6.9727e+06
0.151 2.7011e+08 6.9292e+06
0.152 2.643e+08 6.8866e+06
0.153 2.5842e+08 6.8448e+06
0.154 2.5715e+08 6.8038e+06
0.155 2.3311e+08 6.7635e+06
0.156 2.4217e+08 6.7241e+06
0.157 2.1308e+08 6.6854e+06
0.158 2.181e+08 6.6474e+06
0.159 2.0942e+08 6.6101e+06
0.16 2.0942e+08 6.5736e+06
0.161 2.0744e+08 6.5377e+06
0.162 2.069e+08 6.5025e+06
0.163 2.0072e+08 6.4679e+06
0.164 1.8244e+08 6.434e+06
0.165 1.9038e+08 6.4007e+06
0.166 1.7617e+08 6.368e+06
0.167 1.7267e+08 6.3359e+06
0.168 1.8049e+08 6.3043e+06
0.169 1.6377e+08 6.2734e+06
0.17 1.6468e+08 6.2429e+06
0.171 1.6996e+08 6.2131e+06
0.172 1.4091e+08 6.1837e+06
0.173 1.4589e+08 6.1548e+06
0.174 1.5769e+08 6.1265e+06
0.175 1.4851e+08 6.0986e+06
0.176 1.4694e+08 6.0712e+06
0.177 1.2647e+08 6.0443e+06
0.178 1.3571e+08 6.0178e+06
0.179 1.3363e+08 5.9917e+06
0.18 1.1577e+08 5.9661e+06
0.181 1.2388e+08 5.9409e+06
0.182 1.2478e+08 5.916e+06
0.183 1.2029e+08 5.8916e+06
0.184 1.1488e+08 5.8676e+06
0.185 1.194e+08 5.8439e+06
0.186 1.1683e+08 5.8206e+06
0.187 1.019e+08 5.7977e+06
0.188 1.1257e+08 5.7751e+06
0.189 9.8491e+07 5.7529e+06
0.19 1.0563e+08 5.7309e+06
0.191 9.4702e+07 5.7093e+06
0.192 9.504e+07 5.688e+06
0.193 9.2339e+07 5.6671e+06
0.194 8.8912e+07 5.6464e+06
0.195 9.1561e+07 5.626e+06
0.196 9.351e+07 5.6059e+06
0.197 8.0393e+07 5.586e+06
0.198 8.2163e+07 5.5665e+06
0.199 7.4786e+07 5.5472e+06
0.2 7.9822e+07 5.5282e+06
0.201 9.125e+07 5.5094e+06
0.202 8.2344e+07 5.4909e+06
0.203 6.9875e+07 5.4726e+06
0.204 7.2415e+07 5.4545e+06
0.205 7.1822e+07 5.4367e+06
0.206 7.3159e+07 5.4191e+06
0.207 6.3778e+07 5.4018e+06
0.208 7.5227e+07 5.3846e+06
0.209 7.202e+07 5.3677e+06
0.21 6.1165e+07 5.351e+06
0.211 5.7922e+07 5.3345e+06
0.212 5.2053e+07 5.3182e+06
0.213 6.4373e+07 5.3021e+06
0.214 5.6132e+07 5.2862e+06
0.215 5.9765e+07 5.2704e+06
0.216 5.9977e+07 5.2549e+06
0.217 6.6638e+07 5.2396e+06
0.218 5.7977e+07 5.2244e+06
0.219 6.1215e+07 5.2094e+06
0.22 5.4233e+07 5.1946e+06
0.221 4.9125e+07 5.1799e+06
0.222 5.1499e+07 5.1655e+06
0.223 4.0698e+07 5.1512e+06
0.224 5.3605e+07 5.137e+06
0.225 5.3396e+07 5.1231e+06
0.226 4.2816e+07 5.1092e+06
0.227 4.8677e+07 5.0956e+06
0.228 4.3732e+07 5.0821e+06
0.229 4.6487e+07 5.0687e+06
0.23 3.9841e+07 5.0555e+06
0.231 3.4748e+07 5.0425e+06
0.232 4.1604e+07 5.0296e+06
0.233 4.0198e+07 5.0168e+06
0.234 5.1265e+07 5.0042e+06
0.235 3.3385e+07 4.9917e+06
0.236 3.5202e+07 4.9794e+06
0.237 3.6421e+07 4.9672e+06
0.238 3.4677e+07 4.9551e+06
0.239 4.1199e+07 4.9432e+06
0.24 3.5964e+07 4.9313e+06
0.241 3.464e+07 4.9197e+06
0.242 4.231e+07 4.9081e+06
0.243 3.2637e+07 4.8967e+06
0.244 3.3898e+07 4.8854e+06
0.245 4.0826e+07 4.8742e+06
0.246 3.9829e+07 4.8631e+06
0.247 3.3667e+07 4.8522e+06
0.248 2.9556e+07 4.8413e+06
0.249 2.6819e+07 4.8306e+06
0.25 3.2372e+07 4.82e+06
0.251 2.9876e+07 4.8095e+06
0.252 2.1807e+07 4.7991e+06
0.253 3.1814e+07 4.7888e+06
0.254 3.0479e+07 4.7786e+06
0.255 2.9928e+07 4.7685e+06
0.256 3.6042e+07 4.7586e+06
0.257 3.3662e+07 4.7487e+06
0.258 2.7351e+07 4.7389e+06
0.259 2.1871e+07 4.7292e+06
0.26 2.8823e+07 4.7196e+06
0.261 3.0153e+07 4.7101e+06
0.262 3.3131e+07 4.7007e+06
0.263 1.9906e+07 4.6914e+06
0.264 2.6135e+07 4.6822e+06
0.265 2.4161e+07 4.673e+06
0.266 3.4476e+07 4.6639e+06
0.267 2.4943e+07 4.655e+06
0.268 2.8201e+07 4.6461e+06
0.269 1.6791e+07 4.6372e+06
0.27 3.1411e+07 4.6285e+06
0.271 3.1311e+07 4.6198e+06
0.272 3.4884e+07 4.6112e+06
0.273 2.8418e+07 4.6027e+06
0.274 2.5317e+07 4.5943e+06
0.275 2.6913e+07 4.5859e+06
0.276 2.0528e+07 4.5776e+06
0.277 3.1014e+07 4.5693e+06
0.278 2.6859e+07 4.5611e+06
0.279 3.0493e+07 4.553e+06
0.28 1.9726e+07 4.5449e+06
0.281 3.122e+07 4.5369e+06
0.282 1.8952e+07 4.529e+06
0.283 2.7335e+07 4.5211e+06
0.284 2.6119e+07 4.5133e+06
0.285 2.8797e+07 4.5055e+06
0.286 1.9021e+07 4.4978e+06
0.287 3.364e+07 4.4901e+06
0.288 2.3546e+07 4.4825e+06
0.289 2.6146e+07 4.4749e+06
0.29 2.7166e+07 4.4674e+06
0.291 2.3217e+07 4.4599e+06
0.292 2.2169e+07 4.4525e+06
0.293 3.5616e+07 4.4451e+06
0.294 2.4579e+07 4.4377e+06
0.295 2.2012e+07 4.4304e+06
0.296 1.4686e+07 4.4231e+06
0.297 2.9878e+07 4.4159e+06
0.298 2.7277e+07 4.4087e+06
0.299 2.7205e+07 4.4016e+06
0.3 2.3417e+07 4.3944e+06
0.301 3.3959e+07 4.3873e+06
0.302 2.9554e+07 4.3803e+06
0.303 2.568e+07 4.3733e+06
0.304 2.5759e+07 4.3663e+06
0.305 2.1013e+07 4.3593e+06
0.306 2.9682e+07 4.3524e+06
0.307 2.2675e+07 4.3455e+06
0.308 3.3287e+07 4.3386e+06
0.309 3.1244e+07 4.3318e+06
0.31 3.2635e+07 4.325e+06
0.311 3.6551e+07 4.3182e+06
0.312 2.3497e+07 4.3115e+06
0.313 3.4021e+07 4.3047e+06
0.314 2.572e+07 4.298e+06
0.315 2.8601e+07 4.2913e+06
0.316 3.3219e+07 4.2847e+06
0.317 2.5225e+07 4.278e+06
0.318 4.2323e+07 4.2714e+06
0.319 2.6236e+07 4.2648e+06
0.32 3.0547e+07 4.2582e+06
0.321 2.8005e+07 4.2517e+06
0.322 2.4889e+07 4.2452e+06
0.323 2.5302e+07 4.2387e+06
0.324 2.5083e+07 4.2322e+06
0.325 3.0995e+07 4.2257e+06
0.326 2.7633e+07 4.2193e+06
0.327 2.6609e+07 4.2128e+06
0.328 2.6062e+07 4.2064e+06
0.329 2.8761e+07 4.2e+06
0.33 3.571e+07 4.1937e+06
0.331 2.2714e+07 4.1873e+06
0.332 3.4696e+07 4.181e+06
0.333 3.6594e+07 4.1747e+06
0.334 3.7762e+07 4.1684e+06
0.335 3.2528e+07 4.1621e+06
0.336 2.8291e+07 4.1558e+06
0.337 2.7205e+07 4.1496e+06
0.338 2.6024e+07 4.1434e+06
0.339 2.9318e+07 4.1372e+06
0.34 2.962e+07 4.131e+06
0.341 3.2865e+07 4.1248e+06
0.342 2.6913e+07 4.1187e+06
0.343 2.9266e+07 4.1125e+06
0.344 3.6238e+07 4.1064e+06
0.345 3.2038e+07 4.1003e+06
0.346 3.6137e+07 4.0942e+06
0.347 2.7613e+07 4.0882e+06
0.348 3.09e+07 4.0821e+06
0.349 2.8158e+07 4.0761e+06
0.35 2.9601e+07 4.0701e+06
0.351 2.9973e+07 4.0641e+06
0.352 2.1318e+07 4.0582e+06
0.353 2.3267e+07 4.0522e+06
0.354 3.4975e+07 4.0463e+06
0.355 3.0405e+07 4.0404e+06
0.356 2.6694e+07 4.0345e+06
0.357 1.9939e+07 4.0286e+06
0.358 2.5702e+07 4.0228e+06
0.359 3.0038e+07 4.017e+06
0.36 3.4671e+07 4.0111e+06
0.361 1.9627e+07 4.0054e+06
0.362 2.9413e+07 3.9996e+06
0.363 3.4608e+07 3.9938e+06
0.364 3.0082e+07 3.9881e+06
0.365 1.9506e+07 3.9824e+06
0.366 3.5862e+07 3.9767e+06
0.367 3.0368e+07 3.971e+06
0.368 2.3275e+07 3.9654e+06
0.369 2.7026e+07 3.9598e+06
0.37 2.5249e+07 3.9542e+06
0.371 2.9362e+07 3.9486e+06
0.372 2.5256e+07 3.943e+06
0.373 2.884e+07 3.9375e+06
0.374 2.4766e+07 3.932e+06
0.375 2.3954e+07 3.9265e+06
0.376 3.3203e+07 3.921e+06
0.377 2.3958e+07 3.9155e+06
0.378 2.9119e+07 3.9101e+06
0.379 3.0553e+07 3.9047e+06
0.38 2.4616e+07 3.8993e+06
0.381 2.7156e+07 3.8939e+06
0.382 1.6515e+07 3.8886e+06
0.383 2.7359e+07 3.8832e+06
0.384 2.7174e+07 3.8779e+06
0.385 3.0775e+07 3.8727e+06
0.386 2.0765e+07 3.8674e+06
0.387 2.9469e+07 3.8622e+06
0.388 3.215e+07 3.8569e+06
0.389 2.1986e+07 3.8517e+06
0.39 2.8296e+07 3.8466e+06
0.391 2.314e+07 3.8414e+06
0.392 2.8081e+07 3.8363e+06
0.393 2.0748e+07 3.8312e+06
0.394 2.4843e+07 3.8261e+06
0.395 1.7044e+07 3.821e+06
0.396 2.9239e+07 3.816e+06
0.397 1.7926e+07 3.8109e+06
0.398 2.7207e+07 3.8059e+06
0.399 1.9794e+07 3.801e+06
0.4 2.6169e+07 3.796e+06
0.401 1.8908e+07 3.7911e+06
0.402 2.4314e+07 3.7861e+06
0.403 2.7801e+07 3.7812e+06
0.404 2.7503e+07 3.7764e+06
0.405 2.5995e+07 3.7715e+06
0.406 2.5096e+07 3.7667e+06
0.407 2.4897e+07 3.7618e+06
0.408 2.7521e+07 3.757e+06
0.409 2.071e+07 3.7523e+06
0.41 2.3324e+07 3.7475e+06
0.411 2.3858e+07 3.7428e+06
0.412 2.5892e+07 3.7381e+06
0.413 2.2746e+07 3.7334e+06
0.414 2.6412e+07 3.7287e+06
0.415 2.2351e+07 3.724e+06
0.416 1.7902e+07 3.7194e+06
0.417 1.9638e+07 3.7147e+06
0.418 1.7418e+07 3.7101e+06
0.419 2.1942e+07 3.7056e+06
0.42 1.8357e+07 3.701e+06
0.421 2.4495e+07 3.6964e+06
0.422 2.8448e+07 3.6919e+06
0.423 1.9466e+07 3.6874e+06
0.424 2.1761e+07 3.6829e+06
0.425 1.6423e+07 3.6784e+06
0.426 2.6493e+07 3.674e+06
0.427 2.7801e+07 3.6695e+06
0.428 2.4201e+07 3.6651e+06
0.429 2.2033e+07 3.6607e+06
0.43 1.7523e+07 3.6563e+06
0.431 2.619e+07 3.6519e+06
0.432 1.7916e+07 3.6475e+06
0.433 1.7486e+07 3.6432e+06
0.434 1.9369e+07 3.6389e+06
0.435 2.1954e+07 3.6345e+06
0.436 1.957e+07 3.6302e+06
0.437 2.0576e+07 3.626e+06
0.438 2.5663e+07 3.6217e+06
0.439 1.8201e+07 3.6174e+06
0.44 1.8438e+07 3.6132e+06
0.441 1.528e+07 3.609e+06
0.442 1.8186e+07 3.6048e+06
0.443 2.2732e+07 3.6006e+06
0.444 1.8094e+07 3.5964e+06
0.445 1.8728e+07 3.5922e+06
0.446 2.0579e+07 3.5881e+06
0.447 1.7875e+07 3.5839e+06
0.448 1.9587e+07 3.5798e+06
0.449 1.9821e+07 3.5757e+06
0.45 2.0834e+07 3.5716e+06
0.451 1.7453e+07 3.5675e+06
0.452 2.0197e+07 3.5634e+06
0.453 1.7586e+07 3.5594e+06
0.454 2.274e+07 3.5553e+06
0.455 2.2507e+07 3.5513e+06
0.456 1.6233e+07 3.5473e+06
0.457 2.2064e+07 3.5433e+06
0.458 2.2186e+07 3.5393e+06
0.459 2.0523e+07 3.5353e+06
0.46 2.1603e+07 3.5313e+06
0.461 2.5267e+07 3.5274e+06
0.462 2.1387e+07 3.5234e+06
0.463 2.1258e+07 3.5195e+06
0.464 1.692e+07 3.5156e+06
0.465 1.9471e+07 3.5117e+06
0.466 2.0571e+07 3.5078e+06
0.467 1.8831e+07 3.5039e+06
0.468 1.7546e+07 3.5e+06
0.469 1.6018e+07 3.4961e+06
0.47 1.6304e+07 3.4923e+06
0.471 1.9536e+07 3.4885e+06
0.472 1.9481e+07 3.4846e+06
0.473 1.9814e+07 3.4808e+06
0.474 2.0036e+07 3.477e+06
0.475 2.264e+07 3.4732e+06
0.476 1.9628e+07 3.4694e+06
0.477 1.9138e+07 3.4657e+06
0.478 1.8772e+07 3.4619e+06
0.479 2.1225e+07 3.4582e+06
0.48 1.2135e+07 3.4544e+06
0.481 1.8628e+07 3.4507e+06
0.482 1.2147e+07 3.447e+06
0.483 1.6746e+07 3.4433e+06
0.484 1.5717e+07 3.4396e+06
0.485 1.691e+07 3.4359e+06
0.486 2.087e+07 3.4322e+06
0.487 1.7517e+07 3.4286e+06
0.488 2.0438e+07 3.4249e+06
0.489 2.2538e+07 3.4213e+06
0.49 1.5339e+07 3.4177e+06
0.491 1.3586e+07 3.414e+06
0.492 2.7037e+07 3.4104e+06
0.493 1.4012e+07 3.4068e+06
0.494 2.2456e+07 3.4033e+06
0.495 2.3533e+07 3.3997e+06
0.496 1.4869e+07 3.3961e+06
0.497 1.2842e+07 3.3926e+06
0.498 1.511e+07 3.3891e+06
0.499 1.8356e+07 3.3855e+06
0.5 1.818e+07 3.382e+06
