0.001 8.4876e+09 4.7189e+08
0.002 8.8356e+09 3.3364e+08
0.003 8.8715e+09 2.7237e+08
0.004 8.947e+09 2.3582e+08
0.005 8.716e+09 2.1085e+08
0.006 8.6149e+09 1.924e+08
0.007 8.7295e+09 1.7804e+08
0.008 8.7906e+09 1.6645e+08
0.009 8.607e+09 1.5683e+08
0.01 8.7361e+09 1.4868e+08
0.011 8.6415e+09 1.4165e+08
0.012 8.655e+09 1.3551e+08
0.013 8.8932e+09 1.3007e+08
0.014 8.7952e+09 1.2522e+08
0.015 8.8434e+09 1.2084e+08
0.016 8.6043e+09 1.1687e+08
0.017 8.7832e+09 1.1324e+08
0.018 8.4602e+09 1.0991e+08
0.019 8.4896e+09 1.0683e+08
0.02 8.3737e+09 1.0398e+08
0.021 8.3038e+09 1.0132e+08
0.022 8.4136e+09 9.8837e+07
0.023 8.3242e+09 9.6506e+07
0.024 8.1591e+09 9.4312e+07
0.025 8.1199e+09 9.2242e+07
0.026 8.2765e+09 9.0282e+07
0.027 8.1791e+09 8.8424e+07
0.028 8.1605e+09 8.6657e+07
0.029 7.9019e+09 8.4974e+07
0.03 7.9664e+09 8.3368e+07
0.031 7.8515e+09 8.1831e+07
0.032 7.9256e+09 8.0359e+07
0.033 7.9081e+09 7.8947e+07
0.034 7.8526e+09 7.759e+07
0.035 7.7714e+09 7.6284e+07
0.036 7.7347e+09 7.5026e+07
0.037 7.5904e+09 7.3812e+07
0.038 7.6012e+09 7.2639e+07
0.039 7.6807e+09 7.1505e+07
0.04 7.4443e+09 7.0407e+07
0.041 7.4173e+09 6.9343e+07
0.042 7.3632e+09 6.8311e+07
0.043 7.2554e+09 6.731e+07
0.044 7.3009e+09 6.6336e+07
0.045 7.2167e+09 6.539e+07
0.046 7.2571e+09 6.4468e+07
0.047 7.0456e+09 6.3571e+07
0.048 7.0135e+09 6.2697e+07
0.049 6.8386e+09 6.1844e+07
0.05 6.8989e+09 6.1012e+07
0.051 6.7418e+09 6.02e+07
0.052 6.7609e+09 5.9406e+07
0.053 6.5954e+09 5.863e+07
0.054 6.5637e+09 5.7871e+07
0.055 6.4641e+09 5.7129e+07
0.056 6.4092e+09 5.6402e+07
0.057 6.4303e+09 5.569e+07
0.058 6.3469e+09 5.4993e+07
0.059 6.1944e+09 5.431e+07
0.06 6.2051e+09 5.3639e+07
0.061 6.1446e+09 5.2982e+07
0.062 6.0119e+09 5.2337e+07
0.063 5.9266e+09 5.1704e+07
0.064 5.9228e+09 5.1082e+07
0.065 5.76e+09 5.0472e+07
0.066 5.8004e+09 4.9872e+07
0.067 5.6651e+09 4.9283e+07
0.068 5.5375e+09 4.8704e+07
0.069 5.479e+09 4.8135e+07
0.07 5.5053e+09 4.7575e+07
0.071 5.3639e+09 4.7025e+07
0.072 5.3367e+09 4.6483e+07
0.073 5.2904e+09 4.595e+07
0.074 5.1614e+09 4.5426e+07
0.075 5.0607e+09 4.491e+07
0.076 5.0364e+09 4.4402e+07
0.077 4.914e+09 4.3902e+07
0.078 4.8191e+09 4.341e+07
0.079 4.7965e+09 4.2925e+07
0.08 4.6514e+09 4.2448e+07
0.081 4.6322e+09 4.1978e+07
0.082 4.6012e+09 4.1514e+07
0.083 4.4498e+09 4.1058e+07
0.084 4.3641e+09 4.0609e+07
0.085 4.3002e+09 4.0166e+07
0.086 4.2969e+09 3.973e+07
0.087 4.2096e+09 3.93e+07
0.088 4.1348e+09 3.8876e+07
0.089 4.05e+09 3.8459e+07
0.09 3.9475e+09 3.8048e+07
0.091 3.9177e+09 3.7642e+07
0.092 3.8736e+09 3.7243e+07
0.093 3.7989e+09 3.6849e+07
0.094 3.7756e+09 3.6461e+07
0.095 3.6091e+09 3.6079e+07
0.096 3.5715e+09 3.5702e+07
0.097 3.5078e+09 3.5331e+07
0.098 3.5291e+09 3.4965e+07
0.099 3.4409e+09 3.4604e+07
0.1 3.2654e+09 3.4249e+07
0.101 3.2682e+09 3.3899e+07
0.102 3.1934e+09 3.3553e+07
0.103 3.1418e+09 3.3213e+07
0.104 3.0799e+09 3.2878e+07
0.105 3.0048e+09 3.2548e+07
0.106 2.9223e+09 3.2223e+07
0.107 2.9216e+09 3.1902e+07
0.108 2.8209e+09 3.1586e+07
0.109 2.7304e+09 3.1275e+07
0.11 2.7155e+09 3.0969e+07
0.111 2.6424e+09 3.0667e+07
0.112 2.5863e+09 3.037e+07
0.113 2.5752e+09 3.0077e+07
0.114 2.4377e+09 2.9789e+07
0.115 2.4119e+09 2.9505e+07
0.116 2.3895e+09 2.9225e+07
0.117 2.2985e+09 2.895e+07
0.118 2.3387e+09 2.8679e+07
0.119 2.2105e+09 2.8412e+07
0.12 2.1219e+09 2.8149e+07
0.121 2.1419e+09 2.7891e+07
0.122 2.0373e+09 2.7636e+07
0.123 2.0286e+09 2.7386e+07
0.124 1.9967e+09 2.7139e+07
0.125 1.8881e+09 2.6897e+07
0.126 1.8667e+09 2.6658e+07
0.127 1.8462e+09 2.6424e+07
0.128 1.8049e+09 2.6193e+07
0.129 1.7362e+09 2.5966e+07
0.13 1.7042e+09 2.5742e+07
0.131 1.6436e+09 2.5523e+07
0.132 1.6004e+09 2.5307e+07
0.133 1.6084e+09 2.5094e+07
0.134 1.5312e+09 2.4886e+07
0.135 1.492e+09 2.468e+07
0.136 1.4821e+09 2.4479e+07
0.137 1.4342e+09 2.428e+07
0.138 1.3917e+09 2.4085e+07
0.139 1.3635e+09 2.3894e+07
0.14 1.3156e+09 2.3706e+07
0.141 1.2241e+09 2.3521e+07
0.142 1.2963e+09 2.3339e+07
0.143 1.2378e+09 2.3161e+07
0.144 1.1993e+09 2.2985e+07
0.145 1.1598e+09 2.2813e+07
0.146 1.1034e+09 2.2644e+07
0.147 1.0968e+09 2.2478e+07
0.148 1.1136e+09 2.2315e+07
0.149 1.0355e+09 2.2155e+07
0.15 1.0132e+09 2.1998e+07
0.151 9.7719e+08 2.1843e+07
0.152 9.788e+08 2.1692e+07
0.153 9.3015e+08 2.1543e+07
0.154 9.0496e+08 2.1397e+07
0.155 8.7642e+08 2.1254e+07
0.156 8.7041e+08 2.1113e+07
0.157 8.4529e+08 2.0975e+07
0.158 8.0726e+08 2.0839e+07
0.159 8.0282e+08 2.0706e+07
0.16 7.7792e+08 2.0576e+07
0.161 7.4802e+08 2.0448e+07
0.162 7.0477e+08 2.0322e+07
0.163 6.9006e+08 2.0199e+07
0.164 7.1716e+08 2.0078e+07
0.165 6.8681e+08 1.996e+07
0.166 6.4505e+08 1.9843e+07
0.167 6.3542e+08 1.9729e+07
0.168 6.1318e+08 1.9617e+07
0.169 6.1063e+08 1.9507e+07
0.17 5.5274e+08 1.94e+07
0.171 5.4125e+08 1.9294e+07
0.172 5.6567e+08 1.919e+07
0.173 5.1403e+08 1.9088e+07
0.174 5.0535e+08 1.8989e+07
0.175 4.8522e+08 1.8891e+07
0.176 4.8033e+08 1.8795e+07
0.177 4.506e+08 1.8701e+07
0.178 4.0546e+08 1.8608e+07
0.179 4.6007e+08 1.8517e+07
0.18 4.0117e+08 1.8428e+07
0.181 4.3659e+08 1.8341e+07
0.182 3.8907e+08 1.8256e+07
0.183 4.0142e+08 1.8172e+07
0.184 3.9965e+08 1.8089e+07
0.185 3.9311e+08 1.8008e+07
0.186 3.6461e+08 1.7929e+07
0.187 3.6929e+08 1.7851e+07
0.188 3.4235e+08 1.7774e+07
0.189 3.29e+08 1.7699e+07
0.19 3.4149e+08 1.7626e+07
0.191 3.115e+08 1.7553e+07
0.192 2.6945e+08 1.7482e+07
0.193 2.9228e+08 1.7413e+07
0.194 2.5705e+08 1.7344e+07
0.195 2.7722e+08 1.7277e+07
0.196 2.6814e+08 1.7211e+07
0.197 2.5342e+08 1.7146e+07
0.198 2.7864e+08 1.7082e+07
0.199 2.3464e+08 1.702e+07
0.2 2.2725e+08 1.6958e+07
0.201 2.2674e+08 1.6898e+07
0.202 2.1754e+08 1.6839e+07
0.203 2.2435e+08 1.678e+07
0.204 2.0143e+08 1.6723e+07
0.205 2.2396e+08 1.6667e+07
0.206 1.9016e+08 1.6611e+07
0.207 1.9325e+08 1.6557e+07
0.208 1.9908e+08 1.6503e+07
0.209 2.1222e+08 1.6451e+07
0.21 1.786e+08 1.6399e+07
0.211 1.7339e+08 1.6348e+07
0.212 1.4757e+08 1.6298e+07
0.213 1.8466e+08 1.6249e+07
0.214 1.8131e+08 1.62e+07
0.215 1.9048e+08 1.6152e+07
0.216 1.5452e+08 1.6105e+07
0.217 1.5174e+08 1.6059e+07
0.218 1.6446e+08 1.6013e+07
0.219 1.4562e+08 1.5968e+07
0.22 1.3743e+08 1.5924e+07
0.221 1.5772e+08 1.5881e+07
0.222 1.3539e+08 1.5838e+07
0.223 1.4453e+08 1.5795e+07
0.224 1.3447e+08 1.5754e+07
0.225 1.3493e+08 1.5713e+07
0.226 1.6633e+08 1.5672e+07
0.227 1.1706e+08 1.5632e+07
0.228 1.4433e+08 1.5593e+07
0.229 1.0443e+08 1.5554e+07
0.23 1.2232e+08 1.5516e+07
0.231 1.1061e+08 1.5478e+07
0.232 1.3128e+08 1.5441e+07
0.233 1.2323e+08 1.5404e+07
0.234 1.1477e+08 1.5367e+07
0.235 1.1319e+08 1.5332e+07
0.236 1.3928e+08 1.5296e+07
0.237 1.3492e+08 1.5261e+07
0.238 1.0181e+08 1.5227e+07
0.239 1.1363e+08 1.5192e+07
0.24 1.1977e+08 1.5159e+07
0.241 1.0946e+08 1.5125e+07
0.242 1.2106e+08 1.5092e+07
0.243 1.0233e+08 1.506e+07
0.244 9.866e+07 1.5027e+07
0.245 1.2597e+08 1.4996e+07
0.246 1.1093e+08 1.4964e+07
0.247 1.0454e+08 1.4933e+07
0.248 1.2889e+08 1.4902e+07
0.249 1.0969e+08 1.4871e+07
0.25 1.0646e+08 1.4841e+07
0.251 1.2265e+08 1.4811e+07
0.252 1.3607e+08 1.4782e+07
0.253 1.3137e+08 1.4752e+07
0.254 1.0844e+08 1.4723e+07
0.255 1.0164e+08 1.4694e+07
0.256 1.3016e+08 1.4666e+07
0.257 1.1063e+08 1.4637e+07
0.258 1.4055e+08 1.4609e+07
0.259 9.6403e+07 1.4582e+07
0.26 1.3742e+08 1.4554e+07
0.261 1.3156e+08 1.4527e+07
0.262 1.1009e+08 1.45e+07
0.263 1.2188e+08 1.4473e+07
0.264 1.1397e+08 1.4446e+07
0.265 9.5712e+07 1.4419e+07
0.266 1.0508e+08 1.4393e+07
0.267 1.3898e+08 1.4367e+07
0.268 1.1152e+08 1.4341e+07
0.269 9.9836e+07 1.4315e+07
0.27 1.2993e+08 1.429e+07
0.271 1.057e+08 1.4264e+07
0.272 1.0117e+08 1.4239e+07
0.273 1.1353e+08 1.4214e+07
0.274 1.3457e+08 1.4189e+07
0.275 1.5748e+08 1.4165e+07
0.276 1.2565e+08 1.414e+07
0.277 1.0214e+08 1.4115e+07
0.278 1.1787e+08 1.4091e+07
0.279 1.2555e+08 1.4067e+07
0.28 1.1013e+08 1.4043e+07
0.281 1.1792e+08 1.4019e+07
0.282 1.3304e+08 1.3995e+07
0.283 1.0791e+08 1.3971e+07
0.284 1.3069e+08 1.3948e+07
0.285 1.3204e+08 1.3924e+07
0.286 1.5414e+08 1.3901e+07
0.287 1.2364e+08 1.3878e+07
0.288 1.2205e+08 1.3855e+07
0.289 1.249e+08 1.3832e+07
0.29 1.2481e+08 1.3809e+07
0.291 1.2347e+08 1.3786e+07
0.292 1.2445e+08 1.3763e+07
0.293 1.2481e+08 1.374e+07
0.294 1.3657e+08 1.3718e+07
0.295 1.6244e+08 1.3695e+07
0.296 1.4194e+08 1.3673e+07
0.297 1.2897e+08 1.365e+07
0.298 1.4122e+08 1.3628e+07
0.299 1.0234e+08 1.3606e+07
0.3 9.7283e+07 1.3584e+07
0.301 1.3064e+08 1.3562e+07
0.302 1.2835e+08 1.354e+07
0.303 1.2109e+08 1.3518e+07
0.304 1.4648e+08 1.3496e+07
0.305 1.4187e+08 1.3474e+07
0.306 1.2942e+08 1.3452e+07
0.307 1.1572e+08 1.3431e+07
0.308 1.5604e+08 1.3409e+07
0.309 1.1893e+08 1.3388e+07
0.31 1.5717e+08 1.3366e+07
0.311 1.2553e+08 1.3345e+07
0.312 1.2354e+08 1.3323e+07
0.313 1.2919e+08 1.3302e+07
0.314 1.4787e+08 1.3281e+07
0.315 1.2684e+08 1.326e+07
0.316 1.4266e+08 1.3238e+07
0.317 1.4938e+08 1.3217e+07
0.318 1.2574e+08 1.3196e+07
0.319 1.4802e+08 1.3175e+07
0.32 1.2408e+08 1.3154e+07
0.321 1.246e+08 1.3134e+07
0.322 1.4851e+08 1.3113e+07
0.323 1.2499e+08 1.3092e+07
0.324 1.3636e+08 1.3071e+07
0.325 1.1282e+08 1.3051e+07
0.326 1.4623e+08 1.303e+07
0.327 1.1514e+08 1.3009e+07
0.328 1.3636e+08 1.2989e+07
0.329 1.0097e+08 1.2968e+07
0.33 1.2156e+08 1.2948e+07
0.331 1.3012e+08 1.2928e+07
0.332 1.2942e+08 1.2907e+07
0.333 1.5914e+08 1.2887e+07
0.334 1.2781e+08 1.2867e+07
0.335 1.1807e+08 1.2847e+07
0.336 1.4984e+08 1.2827e+07
0.337 1.3148e+08 1.2807e+07
0.338 1.0308e+08 1.2787e+07
0.339 1.1606e+08 1.2767e+07
0.34 1.3561e+08 1.2747e+07
0.341 1.1301e+08 1.2727e+07
0.342 9.7662e+07 1.2707e+07
0.343 1.1871e+08 1.2688e+07
0.344 9.488e+07 1.2668e+07
0.345 1.1838e+08 1.2648e+07
0.346 1.1001e+08 1.2629e+07
0.347 1.2276e+08 1.2609e+07
0.348 1.1888e+08 1.259e+07
0.349 1.1354e+08 1.257e+07
0.35 1.3319e+08 1.2551e+07
0.351 1.2018e+08 1.2532e+07
0.352 1.0567e+08 1.2513e+07
0.353 8.8598e+07 1.2494e+07
0.354 1.1726e+08 1.2475e+07
0.355 9.2691e+07 1.2456e+07
0.356 1.3481e+08 1.2437e+07
0.357 1.1417e+08 1.2418e+07
0.358 1.0465e+08 1.2399e+07
0.359 1.1278e+08 1.238e+07
0.36 9.5952e+07 1.2361e+07
0.361 1.1154e+08 1.2343e+07
0.362 9.1863e+07 1.2324e+07
0.363 1.1385e+08 1.2306e+07
0.364 1.0506e+08 1.2287e+07
0.365 1.2276e+08 1.2269e+07
0.366 9.789e+07 1.2251e+07
0.367 1.1485e+08 1.2232e+07
0.368 1.1521e+08 1.2214e+07
0.369 1.0264e+08 1.2196e+07
0.37 1.0128e+08 1.2178e+07
0.371 1.0345e+08 1.216e+07
0.372 1.1253e+08 1.2142e+07
0.373 1.0433e+08 1.2125e+07
0.374 1.1814e+08 1.2107e+07
0.375 9.8738e+07 1.2089e+07
0.376 9.3554e+07 1.2071e+07
0.377 1.1341e+08 1.2054e+07
0.378 1.1702e+08 1.2036e+07
0.379 1.104e+08 1.2019e+07
0.38 1.067e+08 1.2002e+07
0.381 9.1287e+07 1.1984e+07
0.382 9.1327e+07 1.1967e+07
0.383 1.0259e+08 1.195e+07
0.384 9.518e+07 1.1933e+07
0.385 8.6246e+07 1.1916e+07
0.386 1.116e+08 1.1899e+07
0.387 9.3399e+07 1.1882e+07
0.388 8.5317e+07 1.1866e+07
0.389 8.1631e+07 1.1849e+07
0.39 1.1933e+08 1.1832e+07
0.391 9.606e+07 1.1816e+07
0.392 7.5344e+07 1.1799e+07
0.393 5.8958e+07 1.1783e+07
0.394 9.7866e+07 1.1767e+07
0.395 8.3216e+07 1.175e+07
0.396 8.2781e+07 1.1734e+07
0.397 9.8966e+07 1.1718e+07
0.398 1.0487e+08 1.1702e+07
0.399 9.9665e+07 1.1686e+07
0.4 8.014e+07 1.167e+07
0.401 7.7817e+07 1.1654e+07
0.402 7.7135e+07 1.1638e+07
0.403 8.2596e+07 1.1623e+07
0.404 7.6959e+07 1.1607e+07
0.405 7.6644e+07 1.1592e+07
0.406 7.1315e+07 1.1576e+07
0.407 8.8432e+07 1.1561e+07
0.408 6.1952e+07 1.1545e+07
0.409 6.7797e+07 1.153e+07
0.41 6.1967e+07 1.1515e+07
0.411 9.6775e+07 1.15e+07
0.412 7.944e+07 1.1484e+07
0.413 4.5114e+07 1.1469e+07
0.414 8.1215e+07 1.1454e+07
0.415 8.4478e+07 1.144e+07
0.416 8.0412e+07 1.1425e+07
0.417 8.4908e+07 1.141e+07
0.418 8.5769e+07 1.1395e+07
0.419 6.7453e+07 1.1381e+07
0.42 4.8786e+07 1.1366e+07
0.421 7.0638e+07 1.1351e+07
0.422 7.0722e+07 1.1337e+07
0.423 7.3209e+07 1.1323e+07
0.424 6.5846e+07 1.1308e+07
0.425 7.2017e+07 1.1294e+07
0.426 6.8517e+07 1.128e+07
0.427 6.1804e+07 1.1266e+07
0.428 7.0222e+07 1.1252e+07
0.429 7.3009e+07 1.1237e+07
0.43 7.8567e+07 1.1223e+07
0.431 6.5943e+07 1.121e+07
0.432 7.7804e+07 1.1196e+07
0.433 5.1926e+07 1.1182e+07
0.434 7.3074e+07 1.1168e+07
0.435 6.6438e+07 1.1154e+07
0.436 6.3543e+07 1.1141e+07
0.437 6.777e+07 1.1127e+07
0.438 7.4203e+07 1.1114e+07
0.439 6.391e+07 1.11e+07
0.44 4.6515e+07 1.1087e+07
0.441 7.595e+07 1.1073e+07
0.442 6.5064e+07 1.106e+07
0.443 6.2969e+07 1.1047e+07
0.444 5.7244e+07 1.1034e+07
0.445 6.5646e+07 1.1021e+07
0.446 6.721e+07 1.1007e+07
0.447 5.8445e+07 1.0994e+07
0.448 7.95e+07 1.0981e+07
0.449 5.4679e+07 1.0968e+07
0.45 6.651e+07 1.0956e+07
0.451 6.8257e+07 1.0943e+07
0.452 6.673e+07 1.093e+07
0.453 5.4701e+07 1.0917e+07
0.454 4.4332e+07 1.0904e+07
0.455 6.6511e+07 1.0892e+07
0.456 5.2949e+07 1.0879e+07
0.457 7.0819e+07 1.0867e+07
0.458 4.2117e+07 1.0854e+07
0.459 4.8676e+07 1.0842e+07
0.46 4.2281e+07 1.0829e+07
0.461 5.931e+07 1.0817e+07
0.462 4.5369e+07 1.0804e+07
0.463 5.1919e+07 1.0792e+07
0.464 5.9015e+07 1.078e+07
0.465 5.161e+07 1.0768e+07
0.466 4.9307e+07 1.0756e+07
0.467 5.8179e+07 1.0744e+07
0.468 5.9672e+07 1.0731e+07
0.469 4.6975e+07 1.0719e+07
0.47 5.2781e+07 1.0707e+07
0.471 5.4106e+07 1.0696e+07
0.472 2.4779e+07 1.0684e+07
0.473 4.1302e+07 1.0672e+07
0.474 6.4503e+07 1.066e+07
0.475 3.8384e+07 1.0648e+07
0.476 5.7349e+07 1.0637e+07
0.477 5.0935e+07 1.0625e+07
0.478 3.9729e+07 1.0613e+07
0.479 4.3971e+07 1.0602e+07
0.48 6.195e+07 1.059e+07
0.481 4.3627e+07 1.0579e+07
0.482 5.8932e+07 1.0567e+07
0.483 3.7361e+07 1.0556e+07
0.484 3.7308e+07 1.0544e+07
0.485 5.8361e+07 1.0533e+07
0.486 3.4932e+07 1.0522e+07
0.487 5.5288e+07 1.051e+07
0.488 6.6173e+07 1.0499e+07
0.489 4.0858e+07 1.0488e+07
0.49 5.1476e+07 1.0477e+07
0.491 4.4647e+07 1.0466e+07
0.492 6.1472e+07 1.0455e+07
0.493 4.6461e+07 1.0444e+07
0.494 6.2007e+07 1.0433e+07
0.495 5.1137e+07 1.0422e+07
0.496 5.2763e+07 1.0411e+07
0.497 4.7326e+07 1.04e+07
0.498 5.1751e+07 1.0389e+07
0.499 5.5735e+07 1.0379e+07
0.5 4.1001e+07 1.0368e+07
