0.001 2.9869e+09 1.7204e+08
0.002 3.2558e+09 1.2164e+08
0.003 3.0708e+09 9.9296e+07
0.004 3.2594e+09 8.5967e+07
0.005 3.128e+09 7.6862e+07
0.006 3.1453e+09 7.0133e+07
0.007 3.1964e+09 6.4895e+07
0.008 3.1121e+09 6.0666e+07
0.009 3.1631e+09 5.7155e+07
0.01 3.1256e+09 5.4179e+07
0.011 3.1372e+09 5.1612e+07
0.012 3.1046e+09 4.9367e+07
0.013 3.0929e+09 4.7381e+07
0.014 3.037e+09 4.5606e+07
0.015 3.123e+09 4.4006e+07
0.016 3.0639e+09 4.2553e+07
0.017 2.9993e+09 4.1226e+07
0.018 3.0722e+09 4.0006e+07
0.019 3.0519e+09 3.8879e+07
0.02 3.137e+09 3.7833e+07
0.021 3.0662e+09 3.6858e+07
0.022 3.0038e+09 3.5946e+07
0.023 3.0161e+09 3.5091e+07
0.024 2.9671e+09 3.4285e+07
0.025 2.9404e+09 3.3524e+07
0.026 2.954e+09 3.2804e+07
0.027 2.8862e+09 3.212e+07
0.028 2.8869e+09 3.147e+07
0.029 2.9184e+09 3.085e+07
0.03 2.8999e+09 3.0258e+07
0.031 2.8303e+09 2.9692e+07
0.032 2.8493e+09 2.9149e+07
0.033 2.8047e+09 2.8628e+07
0.034 2.8339e+09 2.8127e+07
0.035 2.7903e+09 2.7644e+07
0.036 2.7174e+09 2.7179e+07
0.037 2.7798e+09 2.673e+07
0.038 2.7139e+09 2.6296e+07
0.039 2.6747e+09 2.5876e+07
0.04 2.6563e+09 2.547e+07
0.041 2.677e+09 2.5075e+07
0.042 2.6205e+09 2.4693e+07
0.043 2.5938e+09 2.4321e+07
0.044 2.5798e+09 2.396e+07
0.045 2.5016e+09 2.3609e+07
0.046 2.5143e+09 2.3267e+07
0.047 2.4902e+09 2.2934e+07
0.048 2.4559e+09 2.2609e+07
0.049 2.4495e+09 2.2292e+07
0.05 2.4265e+09 2.1982e+07
0.051 2.3732e+09 2.168e+07
0.052 2.377e+09 2.1385e+07
0.053 2.339e+09 2.1096e+07
0.054 2.3554e+09 2.0814e+07
0.055 2.2394e+09 2.0538e+07
0.056 2.2649e+09 2.0267e+07
0.057 2.2418e+09 2.0002e+07
0.058 2.1989e+09 1.9743e+07
0.059 2.1331e+09 1.9488e+07
0.06 2.1402e+09 1.9239e+07
0.061 2.1141e+09 1.8994e+07
0.062 2.0715e+09 1.8754e+07
0.063 2.0449e+09 1.8519e+07
0.064 2.0306e+09 1.8287e+07
0.065 2.0057e+09 1.806e+07
0.066 1.9924e+09 1.7837e+07
0.067 1.8948e+09 1.7618e+07
0.068 1.8978e+09 1.7403e+07
0.069 1.8969e+09 1.7192e+07
0.07 1.813e+09 1.6984e+07
0.071 1.8156e+09 1.6779e+07
0.072 1.7799e+09 1.6578e+07
0.073 1.7487e+09 1.6381e+07
0.074 1.7402e+09 1.6186e+07
0.075 1.7124e+09 1.5995e+07
0.076 1.6656e+09 1.5807e+07
0.077 1.6658e+09 1.5622e+07
0.078 1.6341e+09 1.544e+07
0.079 1.5873e+09 1.5261e+07
0.08 1.5632e+09 1.5085e+07
0.081 1.5498e+09 1.4911e+07
0.082 1.497e+09 1.4741e+07
0.083 1.4905e+09 1.4573e+07
0.084 1.4385e+09 1.4407e+07
0.085 1.4437e+09 1.4245e+07
0.086 1.4221e+09 1.4084e+07
0.087 1.365e+09 1.3927e+07
0.088 1.3691e+09 1.3772e+07
0.089 1.3249e+09 1.3619e+07
0.09 1.3214e+09 1.3469e+07
0.091 1.2919e+09 1.3321e+07
0.092 1.2637e+09 1.3175e+07
0.093 1.2313e+09 1.3032e+07
0.094 1.1738e+09 1.2891e+07
0.095 1.1708e+09 1.2752e+07
0.096 1.1789e+09 1.2615e+07
0.097 1.1358e+09 1.2481e+07
0.098 1.1135e+09 1.2349e+07
0.099 1.1011e+09 1.2218e+07
0.1 1.0522e+09 1.209e+07
0.101 1.0376e+09 1.1964e+07
0.102 1.0121e+09 1.1841e+07
0.103 9.9774e+08 1.1719e+07
0.104 9.6727e+08 1.1599e+07
0.105 9.6139e+08 1.1481e+07
0.106 9.4004e+08 1.1365e+07
0.107 9.124e+08 1.1251e+07
0.108 8.8709e+08 1.1139e+07
0.109 8.7299e+08 1.1028e+07
0.11 8.5431e+08 1.092e+07
0.111 8.3628e+08 1.0814e+07
0.112 8.2178e+08 1.0709e+07
0.113 7.8974e+08 1.0606e+07
0.114 7.6778e+08 1.0505e+07
0.115 7.542e+08 1.0405e+07
0.116 7.5987e+08 1.0308e+07
0.117 7.2654e+08 1.0212e+07
0.118 7.0773e+08 1.0117e+07
0.119 6.8278e+08 1.0025e+07
0.12 6.7293e+08 9.9339e+06
0.121 6.5704e+08 9.8446e+06
0.122 6.3115e+08 9.7569e+06
0.123 6.3978e+08 9.6708e+06
0.124 6.0499e+08 9.5863e+06
0.125 5.8908e+08 9.5033e+06
0.126 5.7051e+08 9.4218e+06
0.127 5.5912e+08 9.3419e+06
0.128 5.5992e+08 9.2634e+06
0.129 5.3225e+08 9.1864e+06
0.13 5.2107e+08 9.1108e+06
0.131 5.031e+08 9.0366e+06
0.132 5.1808e+08 8.9639e+06
0.133 4.8084e+08 8.8925e+06
0.134 4.7526e+08 8.8225e+06
0.135 4.4105e+08 8.7538e+06
0.136 4.5584e+08 8.6864e+06
0.137 4.3087e+08 8.6204e+06
0.138 4.2704e+08 8.5556e+06
0.139 4.2498e+08 8.492e+06
0.14 3.9943e+08 8.4297e+06
0.141 3.8615e+08 8.3686e+06
0.142 3.8151e+08 8.3087e+06
0.143 3.7282e+08 8.2499e+06
0.144 3.5723e+08 8.1923e+06
0.145 3.667e+08 8.1358e+06
0.146 3.52e+08 8.0804e+06
0.147 3.484e+08 8.0261e+06
0.148 3.2278e+08 7.9729e+06
0.149 3.0647e+08 7.9207e+06
0.15 3.1137e+08 7.8695e+06
0.151 2.9346e+08 7.8194e+06
0.152 3.0199e+08 7.7702e+06
0.153 2.9155e+08 7.7219e+06
0.154 2.733e+08 7.6746e+06
0.155 2.7279e+08 7.6283e+06
0.156 2.4988e+08 7.5828e+06
0.157 2.5829e+08 7.5382e+06
0.158 2.4854e+08 7.4944e+06
0.159 2.39e+08 7.4515e+06
0.16 2.5105e+08 7.4095e+06
0.161 2.4117e+08 7.3682e+06
0.162 2.1577e+08 7.3277e+06
0.163 2.2223e+08 7.288e+06
0.164 2.1833e+08 7.249e+06
0.165 1.982e+08 7.2108e+06
0.166 2.0566e+08 7.1733e+06
0.167 2.0067e+08 7.1364e+06
0.168 2.0187e+08 7.1003e+06
0.169 1.8377e+08 7.0648e+06
0.17 1.8875e+08 7.03e+06
0.171 1.8737e+08 6.9958e+06
0.172 1.7157e+08 6.9622e+06
0.173 1.6969e+08 6.9292e+06
0.174 1.7568e+08 6.8968e+06
0.175 1.565e+08 6.865e+06
0.176 1.5652e+08 6.8337e+06
0.177 1.4461e+08 6.8029e+06
0.178 1.4591e+08 6.7727e+06
0.179 1.4265e+08 6.743e+06
0.18 1.4322e+08 6.7138e+06
0.181 1.4005e+08 6.6851e+06
0.182 1.4294e+08 6.6569e+06
0.183 1.3719e+08 6.6291e+06
0.184 1.3827e+08 6.6018e+06
0.185 1.3249e+08 6.575e+06
0.186 1.216e+08 6.5485e+06
0.187 1.2016e+08 6.5225e+06
0.188 1.2594e+08 6.4969e+06
0.189 9.9792e+07 6.4717e+06
0.19 1.0906e+08 6.4468e+06
0.191 1.0463e+08 6.4224e+06
0.192 1.1087e+08 6.3983e+06
0.193 1.0694e+08 6.3746e+06
0.194 1.1831e+08 6.3512e+06
0.195 1.0452e+08 6.3281e+06
0.196 9.9855e+07 6.3054e+06
0.197 9.6282e+07 6.2831e+06
0.198 9.321e+07 6.261e+06
0.199 1.0033e+08 6.2393e+06
0.2 7.8055e+07 6.2178e+06
0.201 8.3486e+07 6.1967e+06
0.202 7.3605e+07 6.1758e+06
0.203 8.5306e+07 6.1553e+06
0.204 7.7976e+07 6.135e+06
0.205 8.1339e+07 6.1149e+06
0.206 7.7258e+07 6.0952e+06
0.207 8.2196e+07 6.0757e+06
0.208 7.7184e+07 6.0564e+06
0.209 6.8986e+07 6.0374e+06
0.21 6.8216e+07 6.0187e+06
0.211 6.8269e+07 6.0002e+06
0.212 6.33e+07 5.9819e+06
0.213 6.8675e+07 5.9638e+06
0.214 7.2697e+07 5.946e+06
0.215 6.6508e+07 5.9284e+06
0.216 6.2464e+07 5.911e+06
0.217 7.8844e+07 5.8938e+06
0.218 6.7811e+07 5.8769e+06
0.219 6.6787e+07 5.8601e+06
0.22 5.2274e+07 5.8435e+06
0.221 5.6852e+07 5.8272e+06
0.222 5.9923e+07 5.811e+06
0.223 4.8908e+07 5.795e+06
0.224 5.5873e+07 5.7792e+06
0.225 5.3418e+07 5.7636e+06
0.226 4.1694e+07 5.7482e+06
0.227 5.1325e+07 5.7329e+06
0.228 4.8051e+07 5.7179e+06
0.229 5.1276e+07 5.703e+06
0.23 4.8632e+07 5.6882e+06
0.231 4.243e+07 5.6737e+06
0.232 4.448e+07 5.6593e+06
0.233 4.4043e+07 5.645e+06
0.234 4.1504e+07 5.631e+06
0.235 3.8334e+07 5.617e+06
0.236 4.8784e+07 5.6033e+06
0.237 4.3239e+07 5.5897e+06
0.238 4.6896e+07 5.5762e+06
0.239 4.3696e+07 5.5629e+06
0.24 4.2509e+07 5.5497e+06
0.241 4.2856e+07 5.5367e+06
0.242 4.0171e+07 5.5238e+06
0.243 4.5849e+07 5.5111e+06
0.244 3.7893e+07 5.4985e+06
0.245 4.4599e+07 5.486e+06
0.246 3.3321e+07 5.4737e+06
0.247 4.8737e+07 5.4615e+06
0.248 3.3555e+07 5.4494e+06
0.249 4.4864e+07 5.4374e+06
0.25 2.8033e+07 5.4256e+06
0.251 3.1284e+07 5.4139e+06
0.252 3.6636e+07 5.4023e+06
0.253 4.0961e+07 5.3909e+06
0.254 4.0903e+07 5.3795e+06
0.255 3.865e+07 5.3683e+06
0.256 3.4681e+07 5.3571e+06
0.257 3.0282e+07 5.3461e+06
0.258 2.2094e+07 5.3352e+06
0.259 3.2024e+07 5.3244e+06
0.26 3.6996e+07 5.3137e+06
0.261 3.4964e+07 5.3031e+06
0.262 2.9994e+07 5.2926e+06
0.263 2.8278e+07 5.2822e+06
0.264 3.5082e+07 5.2719e+06
0.265 3.9015e+07 5.2617e+06
0.266 2.986e+07 5.2516e+06
0.267 3.8709e+07 5.2415e+06
0.268 4.1885e+07 5.2316e+06
0.269 3.7149e+07 5.2217e+06
0.27 3.8007e+07 5.212e+06
0.271 3.0409e+07 5.2023e+06
0.272 3.4149e+07 5.1927e+06
0.273 3.8786e+07 5.1832e+06
0.274 4.3053e+07 5.1737e+06
0.275 2.8994e+07 5.1643e+06
0.276 3.6107e+07 5.155e+06
0.277 2.9596e+07 5.1458e+06
0.278 3.5099e+07 5.1366e+06
0.279 3.3607e+07 5.1275e+06
0.28 3.5297e+07 5.1185e+06
0.281 3.4497e+07 5.1095e+06
0.282 2.9521e+07 5.1006e+06
0.283 3.3548e+07 5.0918e+06
0.284 3.526e+07 5.083e+06
0.285 3.485e+07 5.0743e+06
0.286 4.2061e+07 5.0656e+06
0.287 3.4283e+07 5.057e+06
0.288 3.9379e+07 5.0485e+06
0.289 2.972e+07 5.04e+06
0.29 3.6658e+07 5.0315e+06
0.291 3.8127e+07 5.0231e+06
0.292 3.2396e+07 5.0147e+06
0.293 4.0202e+07 5.0064e+06
0.294 3.0531e+07 4.9982e+06
0.295 3.6357e+07 4.99e+06
0.296 4.0381e+07 4.9818e+06
0.297 3.3144e+07 4.9736e+06
0.298 4.8094e+07 4.9655e+06
0.299 3.3443e+07 4.9575e+06
0.3 3.2997e+07 4.9495e+06
0.301 3.5604e+07 4.9415e+06
0.302 3.2763e+07 4.9335e+06
0.303 3.3374e+07 4.9256e+06
0.304 2.6852e+07 4.9178e+06
0.305 4.495e+07 4.9099e+06
0.306 3.6765e+07 4.9021e+06
0.307 3.1837e+07 4.8943e+06
0.308 3.8779e+07 4.8866e+06
0.309 3.5236e+07 4.8789e+06
0.31 4.5128e+07 4.8712e+06
0.311 3.8599e+07 4.8635e+06
0.312 4.7085e+07 4.8559e+06
0.313 3.1584e+07 4.8483e+06
0.314 4.3665e+07 4.8407e+06
0.315 2.8888e+07 4.8331e+06
0.316 3.3282e+07 4.8256e+06
0.317 3.1174e+07 4.8181e+06
0.318 3.8431e+07 4.8106e+06
0.319 4.364e+07 4.8031e+06
0.32 3.651e+07 4.7957e+06
0.321 4.0886e+07 4.7883e+06
0.322 3.7869e+07 4.7809e+06
0.323 3.7642e+07 4.7735e+06
0.324 3.9065e+07 4.7662e+06
0.325 2.7445e+07 4.7588e+06
0.326 4.3496e+07 4.7515e+06
0.327 4.2092e+07 4.7443e+06
0.328 4.1546e+07 4.737e+06
0.329 3.6635e+07 4.7298e+06
0.33 3.2175e+07 4.7225e+06
0.331 4.0291e+07 4.7153e+06
0.332 2.7857e+07 4.7081e+06
0.333 3.5341e+07 4.701e+06
0.334 3.8097e+07 4.6938e+06
0.335 3.9121e+07 4.6867e+06
0.336 3.912e+07 4.6796e+06
0.337 3.9544e+07 4.6725e+06
0.338 4.5524e+07 4.6655e+06
0.339 3.0706e+07 4.6584e+06
0.34 3.6937e+07 4.6514e+06
0.341 4.2167e+07 4.6444e+06
0.342 3.5972e+07 4.6374e+06
0.343 2.5903e+07 4.6305e+06
0.344 4.6906e+07 4.6235e+06
0.345 3.201e+07 4.6166e+06
0.346 4.3404e+07 4.6097e+06
0.347 4.0139e+07 4.6028e+06
0.348 3.5435e+07 4.596e+06
0.349 3.0394e+07 4.5891e+06
0.35 3.4603e+07 4.5823e+06
0.351 3.1167e+07 4.5755e+06
0.352 4.277e+07 4.5687e+06
0.353 4.2043e+07 4.562e+06
0.354 3.2079e+07 4.5553e+06
0.355 3.6036e+07 4.5485e+06
0.356 3.757e+07 4.5419e+06
0.357 2.8611e+07 4.5352e+06
0.358 4.1129e+07 4.5285e+06
0.359 3.3233e+07 4.5219e+06
0.36 2.8579e+07 4.5153e+06
0.361 2.973e+07 4.5087e+06
0.362 3.5764e+07 4.5022e+06
0.363 3.0248e+07 4.4957e+06
0.364 3.0967e+07 4.4891e+06
0.365 3.581e+07 4.4827e+06
0.366 3.1876e+07 4.4762e+06
0.367 3.0699e+07 4.4698e+06
0.368 3.4998e+07 4.4634e+06
0.369 3.1786e+07 4.457e+06
0.37 2.3051e+07 4.4506e+06
0.371 3.7951e+07 4.4443e+06
0.372 3.1269e+07 4.4379e+06
0.373 2.7598e+07 4.4316e+06
0.374 3.6217e+07 4.4254e+06
0.375 2.593e+07 4.4191e+06
0.376 2.8807e+07 4.4129e+06
0.377 3.1069e+07 4.4067e+06
0.378 2.5161e+07 4.4005e+06
0.379 2.2976e+07 4.3944e+06
0.38 2.418e+07 4.3883e+06
0.381 2.9475e+07 4.3822e+06
0.382 2.0731e+07 4.3761e+06
0.383 3.0593e+07 4.3701e+06
0.384 3.0038e+07 4.364e+06
0.385 3.5175e+07 4.358e+06
0.386 2.8852e+07 4.3521e+06
0.387 3.4053e+07 4.3461e+06
0.388 3.48e+07 4.3402e+06
0.389 3.3081e+07 4.3343e+06
0.39 2.5745e+07 4.3284e+06
0.391 2.8658e+07 4.3226e+06
0.392 2.5812e+07 4.3168e+06
0.393 3.1602e+07 4.311e+06
0.394 2.7359e+07 4.3052e+06
0.395 2.02e+07 4.2995e+06
0.396 2.5662e+07 4.2938e+06
0.397 2.7391e+07 4.2881e+06
0.398 2.2294e+07 4.2824e+06
0.399 2.9611e+07 4.2767e+06
0.4 2.2854e+07 4.2711e+06
0.401 2.4164e+07 4.2655e+06
0.402 2.1549e+07 4.2599e+06
0.403 2.8268e+07 4.2544e+06
0.404 2.0985e+07 4.2489e+06
0.405 3.1745e+07 4.2434e+06
0.406 2.8609e+07 4.2379e+06
0.407 2.797e+07 4.2324e+06
0.408 2.4418e+07 4.227e+06
0.409 2.8695e+07 4.2216e+06
0.41 3.0749e+07 4.2162e+06
0.411 2.7453e+07 4.2108e+06
0.412 2.6079e+07 4.2055e+06
0.413 2.2957e+07 4.2002e+06
0.414 2.9032e+07 4.1949e+06
0.415 2.3135e+07 4.1896e+06
0.416 2.7572e+07 4.1844e+06
0.417 2.5745e+07 4.1791e+06
0.418 1.9773e+07 4.1739e+06
0.419 2.6351e+07 4.1687e+06
0.42 2.9899e+07 4.1636e+06
0.421 2.5822e+07 4.1584e+06
0.422 2.9778e+07 4.1533e+06
0.423 2.1269e+07 4.1482e+06
0.424 2.3753e+07 4.1431e+06
0.425 3.1532e+07 4.1381e+06
0.426 2.0808e+07 4.133e+06
0.427 1.8241e+07 4.128e+06
0.428 2.9728e+07 4.123e+06
0.429 2.6471e+07 4.118e+06
0.43 2.6081e+07 4.113e+06
0.431 2.1861e+07 4.1081e+06
0.432 2.3841e+07 4.1032e+06
0.433 2.2937e+07 4.0982e+06
0.434 2.9107e+07 4.0934e+06
0.435 3.4409e+07 4.0885e+06
0.436 1.7644e+07 4.0836e+06
0.437 2.2389e+07 4.0788e+06
0.438 2.399e+07 4.074e+06
0.439 1.5365e+07 4.0692e+06
0.44 1.9594e+07 4.0644e+06
0.441 1.3184e+07 4.0596e+06
0.442 2.0152e+07 4.0549e+06
0.443 2.6469e+07 4.0501e+06
0.444 1.9009e+07 4.0454e+06
0.445 2.2495e+07 4.0407e+06
0.446 3.1505e+07 4.036e+06
0.447 2.3027e+07 4.0314e+06
0.448 1.9467e+07 4.0267e+06
0.449 2.4818e+07 4.0221e+06
0.45 1.7791e+07 4.0174e+06
0.451 2.5196e+07 4.0128e+06
0.452 2.2704e+07 4.0082e+06
0.453 2.8824e+07 4.0037e+06
0.454 2.3302e+07 3.9991e+06
0.455 2.4829e+07 3.9946e+06
0.456 2.7437e+07 3.99e+06
0.457 2.7515e+07 3.9855e+06
0.458 1.4792e+07 3.981e+06
0.459 2.7931e+07 3.9765e+06
0.46 1.5319e+07 3.972e+06
0.461 2.5032e+07 3.9676e+06
0.462 1.7211e+07 3.9631e+06
0.463 1.9493e+07 3.9587e+06
0.464 1.94e+07 3.9543e+06
0.465 1.386e+07 3.9499e+06
0.466 1.6945e+07 3.9455e+06
0.467 1.9937e+07 3.9411e+06
0.468 2.1506e+07 3.9367e+06
0.469 2.012e+07 3.9324e+06
0.47 2.58e+07 3.9281e+06
0.471 2.748e+07 3.9237e+06
0.472 1.6704e+07 3.9194e+06
0.473 2.5918e+07 3.9151e+06
0.474 1.4829e+07 3.9108e+06
0.475 1.6999e+07 3.9066e+06
0.476 1.8956e+07 3.9023e+06
0.477 2.1122e+07 3.8981e+06
0.478 2.0665e+07 3.8938e+06
0.479 2.6068e+07 3.8896e+06
0.48 2.1275e+07 3.8854e+06
0.481 1.5951e+07 3.8812e+06
0.482 1.9901e+07 3.877e+06
0.483 2.0612e+07 3.8728e+06
0.484 2.1065e+07 3.8687e+06
0.485 1.4353e+07 3.8645e+06
0.486 2.4263e+07 3.8604e+06
0.487 1.7371e+07 3.8563e+06
0.488 2.0812e+07 3.8522e+06
0.489 2.0899e+07 3.8481e+06
0.49 2.5051e+07 3.844e+06
0.491 2.7976e+07 3.8399e+06
0.492 2.1463e+07 3.8359e+06
0.493 1.9119e+07 3.8318e+06
0.494 2.0245e+07 3.8278e+06
0.495 2.1314e+07 3.8238e+06
0.496 2.4104e+07 3.8198e+06
0.497 1.8709e+07 3.8158e+06
0.498 1.7557e+07 3.8118e+06
0.499 2.3641e+07 3.8079e+06
0.5 1.8778e+07 3.8039e+06
