0.001 3.5502e+09 1.7787e+08
0.002 3.5096e+09 1.2576e+08
0.003 3.1684e+09 1.0266e+08
0.004 3.3964e+09 8.8879e+07
0.005 3.179e+09 7.9466e+07
0.006 3.2461e+09 7.2508e+07
0.007 3.2722e+09 6.7092e+07
0.008 3.1602e+09 6.2719e+07
0.009 3.2423e+09 5.9089e+07
0.01 3.2885e+09 5.6012e+07
0.011 3.2787e+09 5.3357e+07
0.012 3.2072e+09 5.1036e+07
0.013 3.174e+09 4.8982e+07
0.014 3.1693e+09 4.7146e+07
0.015 3.1091e+09 4.5491e+07
0.016 3.1373e+09 4.3989e+07
0.017 3.1578e+09 4.2616e+07
0.018 3.1601e+09 4.1354e+07
0.019 3.1666e+09 4.0188e+07
0.02 3.1272e+09 3.9106e+07
0.021 3.1353e+09 3.8098e+07
0.022 3.0713e+09 3.7155e+07
0.023 3.0351e+09 3.6269e+07
0.024 3.0285e+09 3.5436e+07
0.025 3.0166e+09 3.4648e+07
0.026 3.1063e+09 3.3903e+07
0.027 2.9752e+09 3.3196e+07
0.028 2.9887e+09 3.2523e+07
0.029 2.9191e+09 3.1882e+07
0.03 2.9053e+09 3.1269e+07
0.031 2.8717e+09 3.0683e+07
0.032 2.8936e+09 3.0121e+07
0.033 2.8964e+09 2.9581e+07
0.034 2.8839e+09 2.9063e+07
0.035 2.8503e+09 2.8563e+07
0.036 2.895e+09 2.8082e+07
0.037 2.7642e+09 2.7617e+07
0.038 2.7702e+09 2.7168e+07
0.039 2.68e+09 2.6733e+07
0.04 2.7229e+09 2.6313e+07
0.041 2.7106e+09 2.5904e+07
0.042 2.6472e+09 2.5509e+07
0.043 2.6453e+09 2.5124e+07
0.044 2.6315e+09 2.475e+07
0.045 2.5853e+09 2.4387e+07
0.046 2.5885e+09 2.4033e+07
0.047 2.546e+09 2.3688e+07
0.048 2.4667e+09 2.3351e+07
0.049 2.5014e+09 2.3024e+07
0.05 2.455e+09 2.2703e+07
0.051 2.4412e+09 2.2391e+07
0.052 2.4213e+09 2.2085e+07
0.053 2.3864e+09 2.1787e+07
0.054 2.3235e+09 2.1495e+07
0.055 2.3007e+09 2.1209e+07
0.056 2.2982e+09 2.0929e+07
0.057 2.2728e+09 2.0655e+07
0.058 2.2328e+09 2.0387e+07
0.059 2.1742e+09 2.0124e+07
0.06 2.1645e+09 1.9866e+07
0.061 2.1301e+09 1.9613e+07
0.062 2.1204e+09 1.9365e+07
0.063 2.0881e+09 1.9122e+07
0.064 2.0659e+09 1.8883e+07
0.065 1.9994e+09 1.8648e+07
0.066 1.973e+09 1.8418e+07
0.067 2.007e+09 1.8192e+07
0.068 1.93e+09 1.797e+07
0.069 1.9353e+09 1.7752e+07
0.07 1.8447e+09 1.7537e+07
0.071 1.8663e+09 1.7326e+07
0.072 1.7941e+09 1.7119e+07
0.073 1.7794e+09 1.6915e+07
0.074 1.7596e+09 1.6715e+07
0.075 1.7236e+09 1.6518e+07
0.076 1.7045e+09 1.6324e+07
0.077 1.664e+09 1.6134e+07
0.078 1.6214e+09 1.5946e+07
0.079 1.6325e+09 1.5762e+07
0.08 1.5728e+09 1.5581e+07
0.081 1.5527e+09 1.5402e+07
0.082 1.5186e+09 1.5227e+07
0.083 1.518e+09 1.5054e+07
0.084 1.491e+09 1.4884e+07
0.085 1.4185e+09 1.4717e+07
0.086 1.4312e+09 1.4553e+07
0.087 1.3872e+09 1.4391e+07
0.088 1.3928e+09 1.4232e+07
0.089 1.3304e+09 1.4075e+07
0.09 1.3177e+09 1.3921e+07
0.091 1.2948e+09 1.377e+07
0.092 1.281e+09 1.3621e+07
0.093 1.2393e+09 1.3474e+07
0.094 1.2031e+09 1.333e+07
0.095 1.1693e+09 1.3188e+07
0.096 1.177e+09 1.3048e+07
0.097 1.1195e+09 1.2911e+07
0.098 1.0844e+09 1.2776e+07
0.099 1.1185e+09 1.2643e+07
0.1 1.0723e+09 1.2513e+07
0.101 1.0581e+09 1.2384e+07
0.102 9.8998e+08 1.2258e+07
0.103 9.9617e+08 1.2134e+07
0.104 9.7989e+08 1.2012e+07
0.105 9.6859e+08 1.1892e+07
0.106 9.2794e+08 1.1774e+07
0.107 9.1425e+08 1.1658e+07
0.108 8.9532e+08 1.1544e+07
0.109 8.902e+08 1.1432e+07
0.11 8.5672e+08 1.1322e+07
0.111 8.344e+08 1.1214e+07
0.112 8.1883e+08 1.1108e+07
0.113 7.8065e+08 1.1004e+07
0.114 7.8449e+08 1.0901e+07
0.115 7.4633e+08 1.0801e+07
0.116 7.385e+08 1.0702e+07
0.117 7.1567e+08 1.0605e+07
0.118 7.1359e+08 1.051e+07
0.119 6.8343e+08 1.0416e+07
0.12 6.6246e+08 1.0325e+07
0.121 6.5502e+08 1.0235e+07
0.122 6.5284e+08 1.0146e+07
0.123 6.38e+08 1.0059e+07
0.124 6.1215e+08 9.9743e+06
0.125 5.8954e+08 9.8908e+06
0.126 5.8841e+08 9.8088e+06
0.127 5.6101e+08 9.7284e+06
0.128 5.533e+08 9.6496e+06
0.129 5.3849e+08 9.5722e+06
0.13 5.1045e+08 9.4963e+06
0.131 5.2387e+08 9.4219e+06
0.132 4.9251e+08 9.3489e+06
0.133 4.7946e+08 9.2773e+06
0.134 4.7412e+08 9.2071e+06
0.135 4.5032e+08 9.1382e+06
0.136 4.5922e+08 9.0707e+06
0.137 4.3516e+08 9.0045e+06
0.138 4.1979e+08 8.9396e+06
0.139 4.0433e+08 8.876e+06
0.14 4.0193e+08 8.8136e+06
0.141 3.975e+08 8.7524e+06
0.142 3.8331e+08 8.6925e+06
0.143 3.793e+08 8.6337e+06
0.144 3.6889e+08 8.576e+06
0.145 3.5035e+08 8.5195e+06
0.146 3.4403e+08 8.4641e+06
0.147 3.4223e+08 8.4098e+06
0.148 3.2249e+08 8.3565e+06
0.149 3.1655e+08 8.3043e+06
0.15 3.0754e+08 8.253e+06
0.151 3.0548e+08 8.2028e+06
0.152 3.1234e+08 8.1535e+06
0.153 2.9844e+08 8.1052e+06
0.154 2.8413e+08 8.0578e+06
0.155 2.7725e+08 8.0113e+06
0.156 2.8421e+08 7.9657e+06
0.157 2.5064e+08 7.9209e+06
0.158 2.5745e+08 7.877e+06
0.159 2.5652e+08 7.8339e+06
0.16 2.4845e+08 7.7917e+06
0.161 2.3738e+08 7.7501e+06
0.162 2.249e+08 7.7094e+06
0.163 2.2824e+08 7.6694e+06
0.164 2.3061e+08 7.6301e+06
0.165 2.1176e+08 7.5915e+06
0.166 2.0378e+08 7.5536e+06
0.167 2.0319e+08 7.5164e+06
0.168 1.9622e+08 7.4798e+06
0.169 1.9813e+08 7.4439e+06
0.17 1.8561e+08 7.4086e+06
0.171 1.9442e+08 7.3739e+06
0.172 1.9731e+08 7.3397e+06
0.173 1.6288e+08 7.3062e+06
0.174 1.7308e+08 7.2731e+06
0.175 1.7985e+08 7.2407e+06
0.176 1.6979e+08 7.2087e+06
0.177 1.7118e+08 7.1773e+06
0.178 1.6959e+08 7.1463e+06
0.179 1.5851e+08 7.1159e+06
0.18 1.5092e+08 7.0859e+06
0.181 1.4747e+08 7.0564e+06
0.182 1.4713e+08 7.0273e+06
0.183 1.5062e+08 6.9986e+06
0.184 1.4108e+08 6.9704e+06
0.185 1.3256e+08 6.9426e+06
0.186 1.3035e+08 6.9152e+06
0.187 1.2639e+08 6.8882e+06
0.188 1.0474e+08 6.8615e+06
0.189 1.2144e+08 6.8352e+06
0.19 1.2326e+08 6.8093e+06
0.191 1.1606e+08 6.7837e+06
0.192 1.12e+08 6.7585e+06
0.193 1.1755e+08 6.7336e+06
0.194 1.0762e+08 6.7091e+06
0.195 1.1435e+08 6.6848e+06
0.196 1.0201e+08 6.6609e+06
0.197 1.0515e+08 6.6373e+06
0.198 1.0848e+08 6.6139e+06
0.199 1.0604e+08 6.5909e+06
0.2 9.7687e+07 6.5681e+06
0.201 9.8099e+07 6.5456e+06
0.202 9.3671e+07 6.5234e+06
0.203 9.606e+07 6.5015e+06
0.204 8.1629e+07 6.4798e+06
0.205 8.1007e+07 6.4583e+06
0.206 8.4062e+07 6.4371e+06
0.207 8.7446e+07 6.4162e+06
0.208 9.3857e+07 6.3955e+06
0.209 8.0377e+07 6.375e+06
0.21 7.5925e+07 6.3548e+06
0.211 7.146e+07 6.3348e+06
0.212 6.2957e+07 6.315e+06
0.213 7.405e+07 6.2955e+06
0.214 7.4242e+07 6.2761e+06
0.215 5.6369e+07 6.257e+06
0.216 5.1577e+07 6.2381e+06
0.217 5.6011e+07 6.2194e+06
0.218 5.7058e+07 6.2009e+06
0.219 5.4185e+07 6.1825e+06
0.22 5.8682e+07 6.1644e+06
0.221 5.5133e+07 6.1465e+06
0.222 6.4523e+07 6.1288e+06
0.223 5.7625e+07 6.1113e+06
0.224 6.0221e+07 6.0939e+06
0.225 5.5066e+07 6.0768e+06
0.226 4.0245e+07 6.0598e+06
0.227 4.1176e+07 6.043e+06
0.228 3.9737e+07 6.0264e+06
0.229 3.625e+07 6.01e+06
0.23 5.3368e+07 5.9937e+06
0.231 4.8172e+07 5.9776e+06
0.232 4.2708e+07 5.9617e+06
0.233 4.4535e+07 5.9459e+06
0.234 4.668e+07 5.9304e+06
0.235 4.0339e+07 5.915e+06
0.236 3.6547e+07 5.8997e+06
0.237 3.8896e+07 5.8846e+06
0.238 3.1947e+07 5.8697e+06
0.239 3.5812e+07 5.8549e+06
0.24 3.2062e+07 5.8403e+06
0.241 4.0643e+07 5.8259e+06
0.242 3.4415e+07 5.8116e+06
0.243 3.4889e+07 5.7975e+06
0.244 3.64e+07 5.7835e+06
0.245 3.2432e+07 5.7696e+06
0.246 1.7384e+07 5.7559e+06
0.247 2.3613e+07 5.7424e+06
0.248 2.8519e+07 5.729e+06
0.249 2.5664e+07 5.7157e+06
0.25 2.2134e+07 5.7026e+06
0.251 3.1472e+07 5.6896e+06
0.252 3.8839e+07 5.6768e+06
0.253 2.2776e+07 5.6641e+06
0.254 2.2065e+07 5.6515e+06
0.255 2.6393e+07 5.639e+06
0.256 2.409e+07 5.6267e+06
0.257 2.0762e+07 5.6145e+06
0.258 1.5731e+07 5.6025e+06
0.259 2.7289e+07 5.5906e+06
0.26 2.4663e+07 5.5788e+06
0.261 1.7987e+07 5.5671e+06
0.262 2.6799e+07 5.5555e+06
0.263 2.5332e+07 5.5441e+06
0.264 2.7292e+07 5.5328e+06
0.265 1.8058e+07 5.5215e+06
0.266 2.409e+07 5.5105e+06
0.267 1.7735e+07 5.4995e+06
0.268 2.4535e+07 5.4886e+06
0.269 1.5789e+07 5.4778e+06
0.27 2.385e+07 5.4672e+06
0.271 1.8976e+07 5.4566e+06
0.272 2.0676e+07 5.4462e+06
0.273 2.0585e+07 5.4358e+06
0.274 1.5899e+07 5.4256e+06
0.275 2.4685e+07 5.4154e+06
0.276 1.4582e+07 5.4053e+06
0.277 2.0745e+07 5.3954e+06
0.278 1.638e+07 5.3855e+06
0.279 1.9534e+07 5.3757e+06
0.28 1.4232e+07 5.366e+06
0.281 1.6584e+07 5.3564e+06
0.282 8.6108e+06 5.3469e+06
0.283 2.3801e+07 5.3374e+06
0.284 2.0642e+07 5.3281e+06
0.285 2.4209e+07 5.3188e+06
0.286 1.4296e+07 5.3096e+06
0.287 1.3624e+07 5.3005e+06
0.288 1.6853e+07 5.2914e+06
0.289 1.8687e+07 5.2824e+06
0.29 2.0959e+07 5.2735e+06
0.291 1.1746e+07 5.2647e+06
0.292 1.8627e+07 5.2559e+06
0.293 2.8982e+07 5.2472e+06
0.294 1.793e+07 5.2386e+06
0.295 2.2616e+07 5.23e+06
0.296 1.734e+07 5.2215e+06
0.297 1.4671e+07 5.2131e+06
0.298 1.8262e+07 5.2047e+06
0.299 2.7076e+07 5.1963e+06
0.3 1.3793e+07 5.1881e+06
0.301 1.8542e+07 5.1798e+06
0.302 2.3897e+07 5.1717e+06
0.303 8.6724e+06 5.1636e+06
0.304 2.6286e+07 5.1555e+06
0.305 1.4899e+07 5.1475e+06
0.306 2.3343e+07 5.1395e+06
0.307 2.2134e+07 5.1316e+06
0.308 2.3563e+07 5.1238e+06
0.309 2.9621e+07 5.1159e+06
0.31 1.8252e+07 5.1082e+06
0.311 3.0032e+07 5.1004e+06
0.312 1.962e+07 5.0927e+06
0.313 1.7514e+07 5.0851e+06
0.314 1.8943e+07 5.0775e+06
0.315 2.899e+07 5.0699e+06
0.316 2.3405e+07 5.0624e+06
0.317 2.6657e+07 5.0549e+06
0.318 3.6542e+07 5.0474e+06
0.319 3.1319e+07 5.04e+06
0.32 1.6753e+07 5.0326e+06
0.321 2.1935e+07 5.0253e+06
0.322 1.7497e+07 5.018e+06
0.323 1.8577e+07 5.0107e+06
0.324 2.5945e+07 5.0034e+06
0.325 2.1797e+07 4.9962e+06
0.326 2.9272e+07 4.989e+06
0.327 2.4707e+07 4.9819e+06
0.328 2.5123e+07 4.9748e+06
0.329 2.809e+07 4.9677e+06
0.33 2.9199e+07 4.9606e+06
0.331 2.3907e+07 4.9536e+06
0.332 2.4422e+07 4.9466e+06
0.333 2.9057e+07 4.9396e+06
0.334 2.3359e+07 4.9326e+06
0.335 2.8626e+07 4.9257e+06
0.336 2.3844e+07 4.9188e+06
0.337 2.7137e+07 4.9119e+06
0.338 2.5411e+07 4.9051e+06
0.339 2.6902e+07 4.8982e+06
0.34 3.4271e+07 4.8914e+06
0.341 2.8576e+07 4.8846e+06
0.342 3.053e+07 4.8779e+06
0.343 3.3784e+07 4.8712e+06
0.344 3.4108e+07 4.8645e+06
0.345 2.7546e+07 4.8578e+06
0.346 2.4509e+07 4.8511e+06
0.347 2.3129e+07 4.8445e+06
0.348 1.3529e+07 4.8379e+06
0.349 3.3162e+07 4.8313e+06
0.35 3.7007e+07 4.8247e+06
0.351 3.732e+07 4.8181e+06
0.352 3.389e+07 4.8116e+06
0.353 3.1795e+07 4.8051e+06
0.354 2.7041e+07 4.7986e+06
0.355 3.6146e+07 4.7921e+06
0.356 3.7787e+07 4.7857e+06
0.357 2.3367e+07 4.7793e+06
0.358 3.7566e+07 4.7729e+06
0.359 2.1827e+07 4.7665e+06
0.36 3.3973e+07 4.7601e+06
0.361 3.4919e+07 4.7538e+06
0.362 2.8827e+07 4.7474e+06
0.363 3.2412e+07 4.7411e+06
0.364 3.2328e+07 4.7348e+06
0.365 2.9926e+07 4.7286e+06
0.366 2.7079e+07 4.7223e+06
0.367 3.1635e+07 4.7161e+06
0.368 3.0506e+07 4.7099e+06
0.369 2.3278e+07 4.7037e+06
0.37 4.036e+07 4.6975e+06
0.371 3.3665e+07 4.6913e+06
0.372 3.3447e+07 4.6852e+06
0.373 3.705e+07 4.6791e+06
0.374 2.9736e+07 4.673e+06
0.375 3.5288e+07 4.6669e+06
0.376 2.9973e+07 4.6608e+06
0.377 2.7593e+07 4.6548e+06
0.378 3.0509e+07 4.6487e+06
0.379 2.6531e+07 4.6427e+06
0.38 2.3552e+07 4.6367e+06
0.381 4.009e+07 4.6307e+06
0.382 3.3926e+07 4.6248e+06
0.383 3.6368e+07 4.6188e+06
0.384 3.7732e+07 4.6129e+06
0.385 3.6559e+07 4.607e+06
0.386 2.9946e+07 4.6011e+06
0.387 3.9945e+07 4.5952e+06
0.388 3.7556e+07 4.5893e+06
0.389 3.5596e+07 4.5835e+06
0.39 3.7895e+07 4.5777e+06
0.391 2.6933e+07 4.5718e+06
0.392 3.3134e+07 4.566e+06
0.393 3.5551e+07 4.5603e+06
0.394 4.1299e+07 4.5545e+06
0.395 3.6591e+07 4.5487e+06
0.396 3.5561e+07 4.543e+06
0.397 2.9597e+07 4.5373e+06
0.398 3.5376e+07 4.5316e+06
0.399 2.6632e+07 4.5259e+06
0.4 3.3312e+07 4.5202e+06
0.401 3.7372e+07 4.5145e+06
0.402 3.606e+07 4.5089e+06
0.403 3.7255e+07 4.5032e+06
0.404 2.9134e+07 4.4976e+06
0.405 3.1553e+07 4.492e+06
0.406 3.4104e+07 4.4864e+06
0.407 4.1111e+07 4.4808e+06
0.408 3.5642e+07 4.4753e+06
0.409 3.1051e+07 4.4697e+06
0.41 4.1745e+07 4.4642e+06
0.411 3.6225e+07 4.4587e+06
0.412 4.0862e+07 4.4532e+06
0.413 3.3302e+07 4.4477e+06
0.414 3.567e+07 4.4422e+06
0.415 2.5242e+07 4.4367e+06
0.416 2.8097e+07 4.4313e+06
0.417 3.5558e+07 4.4258e+06
0.418 3.4942e+07 4.4204e+06
0.419 3.642e+07 4.415e+06
0.42 3.7308e+07 4.4096e+06
0.421 2.975e+07 4.4042e+06
0.422 3.2976e+07 4.3988e+06
0.423 3.8343e+07 4.3935e+06
0.424 3.3966e+07 4.3881e+06
0.425 3.4344e+07 4.3828e+06
0.426 2.7828e+07 4.3775e+06
0.427 3.5906e+07 4.3722e+06
0.428 2.5865e+07 4.3669e+06
0.429 2.7754e+07 4.3616e+06
0.43 2.7101e+07 4.3563e+06
0.431 2.7452e+07 4.3511e+06
0.432 2.2184e+07 4.3459e+06
0.433 2.6643e+07 4.3406e+06
0.434 2.3984e+07 4.3354e+06
0.435 3.3116e+07 4.3302e+06
0.436 3.1155e+07 4.325e+06
0.437 3.1797e+07 4.3199e+06
0.438 3.6388e+07 4.3147e+06
0.439 2.7396e+07 4.3096e+06
0.44 3.1253e+07 4.3044e+06
0.441 3.389e+07 4.2993e+06
0.442 3.2629e+07 4.2942e+06
0.443 3.3171e+07 4.2891e+06
0.444 3.2116e+07 4.2841e+06
0.445 3.1413e+07 4.279e+06
0.446 3.1972e+07 4.274e+06
0.447 3.199e+07 4.2689e+06
0.448 2.9088e+07 4.2639e+06
0.449 3.3007e+07 4.2589e+06
0.45 2.9366e+07 4.2539e+06
0.451 2.8064e+07 4.2489e+06
0.452 3.192e+07 4.244e+06
0.453 3.3506e+07 4.239e+06
0.454 2.9718e+07 4.2341e+06
0.455 3.5522e+07 4.2292e+06
0.456 3.3923e+07 4.2243e+06
0.457 2.6191e+07 4.2194e+06
0.458 2.5181e+07 4.2145e+06
0.459 3.2967e+07 4.2097e+06
0.46 2.149e+07 4.2048e+06
0.461 3.035e+07 4.2e+06
0.462 3.2359e+07 4.1952e+06
0.463 2.8759e+07 4.1904e+06
0.464 3.3106e+07 4.1856e+06
0.465 1.9615e+07 4.1808e+06
0.466 2.7296e+07 4.1761e+06
0.467 3.0639e+07 4.1713e+06
0.468 1.8968e+07 4.1666e+06
0.469 2.8112e+07 4.1619e+06
0.47 3.3878e+07 4.1572e+06
0.471 2.5025e+07 4.1526e+06
0.472 3.3834e+07 4.1479e+06
0.473 2.7775e+07 4.1433e+06
0.474 2.4699e+07 4.1386e+06
0.475 2.3441e+07 4.134e+06
0.476 1.9463e+07 4.1294e+06
0.477 2.3612e+07 4.1248e+06
0.478 3.2159e+07 4.1203e+06
0.479 2.0849e+07 4.1157e+06
0.48 2.7783e+07 4.1112e+06
0.481 2.008e+07 4.1067e+06
0.482 2.3801e+07 4.1022e+06
0.483 1.7015e+07 4.0977e+06
0.484 2.7604e+07 4.0932e+06
0.485 2.436e+07 4.0888e+06
0.486 3.527e+07 4.0844e+06
0.487 2.9623e+07 4.0799e+06
0.488 2.5913e+07 4.0755e+06
0.489 1.5412e+07 4.0712e+06
0.49 2.5394e+07 4.0668e+06
0.491 1.6642e+07 4.0624e+06
0.492 2.2861e+07 4.0581e+06
0.493 1.9722e+07 4.0538e+06
0.494 3.7363e+07 4.0495e+06
0.495 2.8556e+07 4.0452e+06
0.496 2.4353e+07 4.0409e+06
0.497 2.7357e+07 4.0367e+06
0.498 2.5181e+07 4.0324e+06
0.499 2.5691e+07 4.0282e+06
0.5 2.1979e+07 4.024e+06
