0.001 5.6377e+09 2.9572e+08
0.002 5.2833e+09 2.0909e+08
0.003 5.2512e+09 1.7069e+08
0.004 5.2256e+09 1.4778e+08
0.005 5.2847e+09 1.3214e+08
0.006 5.1848e+09 1.2058e+08
0.007 5.0317e+09 1.1158e+08
0.008 5.1416e+09 1.0432e+08
0.009 5.2203e+09 9.8289e+07
0.01 5.1562e+09 9.3181e+07
0.011 5.2172e+09 8.8777e+07
0.012 5.0808e+09 8.4927e+07
0.013 5.0666e+09 8.1522e+07
0.014 5.0364e+09 7.848e+07
0.015 5.1404e+09 7.574e+07
0.016 4.8993e+09 7.3253e+07
0.017 4.9353e+09 7.0982e+07
0.018 5.0251e+09 6.8895e+07
0.019 5.0033e+09 6.6969e+07
0.02 4.9209e+09 6.5182e+07
0.021 5.0071e+09 6.3518e+07
0.022 5.0125e+09 6.1963e+07
0.023 4.8191e+09 6.0504e+07
0.024 4.9589e+09 5.9131e+07
0.025 4.8004e+09 5.7836e+07
0.026 4.7597e+09 5.661e+07
0.027 4.7356e+09 5.5448e+07
0.028 4.7816e+09 5.4344e+07
0.029 4.6915e+09 5.3292e+07
0.03 4.6884e+09 5.2288e+07
0.031 4.8119e+09 5.1328e+07
0.032 4.6142e+09 5.0409e+07
0.033 4.6641e+09 4.9527e+07
0.034 4.5027e+09 4.868e+07
0.035 4.5663e+09 4.7865e+07
0.036 4.5014e+09 4.708e+07
0.037 4.5106e+09 4.6323e+07
0.038 4.4149e+09 4.5592e+07
0.039 4.4343e+09 4.4886e+07
0.04 4.2882e+09 4.4202e+07
0.041 4.3233e+09 4.354e+07
0.042 4.2903e+09 4.2898e+07
0.043 4.2176e+09 4.2275e+07
0.044 4.2022e+09 4.167e+07
0.045 4.1978e+09 4.1082e+07
0.046 4.116e+09 4.0511e+07
0.047 4.1367e+09 3.9954e+07
0.048 4.0555e+09 3.9412e+07
0.049 4.0427e+09 3.8884e+07
0.05 4.002e+09 3.8369e+07
0.051 3.9389e+09 3.7866e+07
0.052 3.8956e+09 3.7375e+07
0.053 3.8564e+09 3.6896e+07
0.054 3.8628e+09 3.6428e+07
0.055 3.7436e+09 3.597e+07
0.056 3.7124e+09 3.5522e+07
0.057 3.7299e+09 3.5084e+07
0.058 3.6496e+09 3.4655e+07
0.059 3.6293e+09 3.4235e+07
0.06 3.5233e+09 3.3824e+07
0.061 3.5628e+09 3.342e+07
0.062 3.4647e+09 3.3025e+07
0.063 3.4487e+09 3.2638e+07
0.064 3.4031e+09 3.2258e+07
0.065 3.3003e+09 3.1885e+07
0.066 3.2517e+09 3.1519e+07
0.067 3.2065e+09 3.116e+07
0.068 3.2149e+09 3.0808e+07
0.069 3.1962e+09 3.0462e+07
0.07 3.14e+09 3.0122e+07
0.071 3.1006e+09 2.9788e+07
0.072 3.0147e+09 2.9461e+07
0.073 2.9435e+09 2.9138e+07
0.074 2.9257e+09 2.8822e+07
0.075 2.9011e+09 2.8511e+07
0.076 2.8335e+09 2.8205e+07
0.077 2.8519e+09 2.7904e+07
0.078 2.7348e+09 2.7609e+07
0.079 2.6899e+09 2.7318e+07
0.08 2.6869e+09 2.7033e+07
0.081 2.5766e+09 2.6752e+07
0.082 2.5763e+09 2.6475e+07
0.083 2.5584e+09 2.6204e+07
0.084 2.5074e+09 2.5936e+07
0.085 2.4229e+09 2.5674e+07
0.086 2.356e+09 2.5415e+07
0.087 2.3563e+09 2.5161e+07
0.088 2.3357e+09 2.491e+07
0.089 2.2875e+09 2.4664e+07
0.09 2.2477e+09 2.4422e+07
0.091 2.2314e+09 2.4184e+07
0.092 2.115e+09 2.395e+07
0.093 2.1374e+09 2.3719e+07
0.094 2.1252e+09 2.3492e+07
0.095 2.0879e+09 2.3269e+07
0.096 2.0002e+09 2.305e+07
0.097 2.0068e+09 2.2834e+07
0.098 1.9366e+09 2.2622e+07
0.099 1.92e+09 2.2413e+07
0.1 1.8411e+09 2.2207e+07
0.101 1.8509e+09 2.2005e+07
0.102 1.8039e+09 2.1806e+07
0.103 1.7515e+09 2.1611e+07
0.104 1.7307e+09 2.1418e+07
0.105 1.7032e+09 2.1229e+07
0.106 1.6552e+09 2.1043e+07
0.107 1.6234e+09 2.086e+07
0.108 1.6161e+09 2.068e+07
0.109 1.5566e+09 2.0503e+07
0.11 1.545e+09 2.0329e+07
0.111 1.4895e+09 2.0158e+07
0.112 1.4634e+09 1.999e+07
0.113 1.471e+09 1.9824e+07
0.114 1.4224e+09 1.9662e+07
0.115 1.4228e+09 1.9502e+07
0.116 1.3454e+09 1.9344e+07
0.117 1.338e+09 1.919e+07
0.118 1.3112e+09 1.9038e+07
0.119 1.2796e+09 1.8889e+07
0.12 1.2356e+09 1.8742e+07
0.121 1.1834e+09 1.8597e+07
0.122 1.2013e+09 1.8455e+07
0.123 1.1737e+09 1.8316e+07
0.124 1.1622e+09 1.8179e+07
0.125 1.1386e+09 1.8044e+07
0.126 1.1293e+09 1.7912e+07
0.127 1.0915e+09 1.7782e+07
0.128 1.1003e+09 1.7654e+07
0.129 1.0224e+09 1.7528e+07
0.13 1.015e+09 1.7404e+07
0.131 9.9664e+08 1.7283e+07
0.132 9.603e+08 1.7164e+07
0.133 9.8402e+08 1.7046e+07
0.134 9.4188e+08 1.6931e+07
0.135 9.0703e+08 1.6818e+07
0.136 8.9677e+08 1.6706e+07
0.137 8.6313e+08 1.6597e+07
0.138 8.2138e+08 1.6489e+07
0.139 8.4287e+08 1.6384e+07
0.14 8.184e+08 1.628e+07
0.141 7.9084e+08 1.6178e+07
0.142 7.9542e+08 1.6077e+07
0.143 7.7968e+08 1.5978e+07
0.144 7.364e+08 1.5881e+07
0.145 7.2486e+08 1.5786e+07
0.146 7.141e+08 1.5692e+07
0.147 6.929e+08 1.56e+07
0.148 6.7545e+08 1.5509e+07
0.149 6.8373e+08 1.542e+07
0.15 6.7225e+08 1.5332e+07
0.151 6.5646e+08 1.5246e+07
0.152 6.22e+08 1.5161e+07
0.153 6.0004e+08 1.5078e+07
0.154 5.8019e+08 1.4996e+07
0.155 5.9828e+08 1.4915e+07
0.156 5.5468e+08 1.4836e+07
0.157 5.5248e+08 1.4758e+07
0.158 5.4474e+08 1.4681e+07
0.159 5.4297e+08 1.4605e+07
0.16 5.3595e+08 1.453e+07
0.161 5.2026e+08 1.4457e+07
0.162 5.1371e+08 1.4385e+07
0.163 4.8388e+08 1.4314e+07
0.164 4.8231e+08 1.4244e+07
0.165 4.5285e+08 1.4175e+07
0.166 4.5465e+08 1.4107e+07
0.167 4.5784e+08 1.404e+07
0.168 4.2945e+08 1.3974e+07
0.169 4.42e+08 1.3909e+07
0.17 4.2187e+08 1.3845e+07
0.171 4.3248e+08 1.3782e+07
0.172 4.236e+08 1.372e+07
0.173 4.0049e+08 1.3659e+07
0.174 3.9046e+08 1.3599e+07
0.175 3.8123e+08 1.3539e+07
0.176 3.5552e+08 1.3481e+07
0.177 3.6268e+08 1.3423e+07
0.178 3.4673e+08 1.3366e+07
0.179 3.3889e+08 1.3309e+07
0.18 3.3256e+08 1.3254e+07
0.181 3.1389e+08 1.3199e+07
0.182 3.2381e+08 1.3145e+07
0.183 2.9942e+08 1.3092e+07
0.184 3.1203e+08 1.3039e+07
0.185 2.9805e+08 1.2987e+07
0.186 2.8931e+08 1.2936e+07
0.187 2.9141e+08 1.2885e+07
0.188 2.6224e+08 1.2835e+07
0.189 2.8978e+08 1.2786e+07
0.19 2.6876e+08 1.2737e+07
0.191 2.6799e+08 1.2689e+07
0.192 2.6347e+08 1.2642e+07
0.193 2.4991e+08 1.2595e+07
0.194 2.4882e+08 1.2548e+07
0.195 2.5441e+08 1.2503e+07
0.196 2.4457e+08 1.2457e+07
0.197 2.298e+08 1.2413e+07
0.198 2.0202e+08 1.2368e+07
0.199 2.0953e+08 1.2325e+07
0.2 2.1609e+08 1.2281e+07
0.201 2.0792e+08 1.2239e+07
0.202 2.1085e+08 1.2197e+07
0.203 1.952e+08 1.2155e+07
0.204 1.8699e+08 1.2114e+07
0.205 1.7586e+08 1.2073e+07
0.206 2.0515e+08 1.2033e+07
0.207 1.7594e+08 1.1993e+07
0.208 1.6997e+08 1.1954e+07
0.209 1.6175e+08 1.1915e+07
0.21 1.7625e+08 1.1876e+07
0.211 1.7072e+08 1.1838e+07
0.212 1.4868e+08 1.1801e+07
0.213 1.5289e+08 1.1763e+07
0.214 1.5127e+08 1.1727e+07
0.215 1.3219e+08 1.169e+07
0.216 1.2019e+08 1.1654e+07
0.217 1.4191e+08 1.1619e+07
0.218 1.4395e+08 1.1584e+07
0.219 1.3397e+08 1.1549e+07
0.22 1.3712e+08 1.1514e+07
0.221 1.2854e+08 1.148e+07
0.222 1.0738e+08 1.1447e+07
0.223 1.1307e+08 1.1414e+07
0.224 1.186e+08 1.1381e+07
0.225 1.1399e+08 1.1348e+07
0.226 1.0262e+08 1.1316e+07
0.227 1.1026e+08 1.1284e+07
0.228 9.3131e+07 1.1253e+07
0.229 1.0506e+08 1.1222e+07
0.23 9.3053e+07 1.1191e+07
0.231 9.6051e+07 1.116e+07
0.232 8.4749e+07 1.113e+07
0.233 7.7287e+07 1.11e+07
0.234 8.6256e+07 1.1071e+07
0.235 8.8037e+07 1.1042e+07
0.236 6.1634e+07 1.1013e+07
0.237 7.2086e+07 1.0985e+07
0.238 9.3583e+07 1.0956e+07
0.239 5.9808e+07 1.0929e+07
0.24 6.252e+07 1.0901e+07
0.241 7.9833e+07 1.0874e+07
0.242 5.5931e+07 1.0847e+07
0.243 6.0917e+07 1.082e+07
0.244 4.3154e+07 1.0794e+07
0.245 5.0694e+07 1.0768e+07
0.246 5.8358e+07 1.0742e+07
0.247 5.9536e+07 1.0717e+07
0.248 7.8336e+07 1.0691e+07
0.249 5.6617e+07 1.0666e+07
0.25 4.7906e+07 1.0642e+07
0.251 5.4124e+07 1.0617e+07
0.252 6.0575e+07 1.0593e+07
0.253 4.633e+07 1.0569e+07
0.254 4.8177e+07 1.0546e+07
0.255 3.4301e+07 1.0522e+07
0.256 6.4632e+07 1.0499e+07
0.257 5.1542e+07 1.0476e+07
0.258 4.773e+07 1.0454e+07
0.259 4.0418e+07 1.0431e+07
0.26 2.858e+07 1.0409e+07
0.261 5.1922e+07 1.0387e+07
0.262 4.1411e+07 1.0365e+07
0.263 2.8603e+07 1.0344e+07
0.264 4.2543e+07 1.0323e+07
0.265 3.585e+07 1.0302e+07
0.266 3.4008e+07 1.0281e+07
0.267 3.632e+07 1.026e+07
0.268 1.642e+07 1.024e+07
0.269 3.4089e+07 1.0219e+07
0.27 3.2381e+07 1.0199e+07
0.271 2.7855e+07 1.018e+07
0.272 4.8405e+07 1.016e+07
0.273 4.0458e+07 1.0141e+07
0.274 2.7266e+07 1.0121e+07
0.275 2.2798e+07 1.0102e+07
0.276 1.8355e+07 1.0083e+07
0.277 2.2196e+07 1.0065e+07
0.278 2.7961e+07 1.0046e+07
0.279 2.4821e+07 1.0028e+07
0.28 2.2357e+07 1.001e+07
0.281 2.8271e+07 9.9917e+06
0.282 4.1998e+07 9.9738e+06
0.283 1.1821e+07 9.9561e+06
0.284 2.2244e+07 9.9386e+06
0.285 1.634e+07 9.9212e+06
0.286 1.5774e+07 9.9039e+06
0.287 3.879e+07 9.8868e+06
0.288 2.1591e+07 9.8699e+06
0.289 2.8596e+07 9.853e+06
0.29 2.9043e+07 9.8363e+06
0.291 4.7384e+07 9.8198e+06
0.292 3.5977e+07 9.8033e+06
0.293 2.6386e+07 9.787e+06
0.294 2.6797e+07 9.7709e+06
0.295 3.7784e+07 9.7548e+06
0.296 4.409e+07 9.7389e+06
0.297 3.6012e+07 9.723e+06
0.298 5.8279e+07 9.7073e+06
0.299 4.7398e+07 9.6917e+06
0.3 3.321e+07 9.6762e+06
0.301 3.1913e+07 9.6609e+06
0.302 4.1879e+06 9.6456e+06
0.303 2.2224e+07 9.6304e+06
0.304 3.9035e+07 9.6153e+06
0.305 3.8968e+07 9.6004e+06
0.306 2.3856e+07 9.5855e+06
0.307 3.0115e+07 9.5707e+06
0.308 4.5202e+07 9.556e+06
0.309 5.5052e+07 9.5414e+06
0.31 4.372e+07 9.5268e+06
0.311 2.4817e+07 9.5124e+06
0.312 5.3059e+07 9.4981e+06
0.313 2.4946e+07 9.4838e+06
0.314 2.0953e+07 9.4696e+06
0.315 6.4151e+07 9.4555e+06
0.316 3.1916e+07 9.4414e+06
0.317 4.1355e+07 9.4275e+06
0.318 4.0219e+07 9.4136e+06
0.319 3.5412e+07 9.3998e+06
0.32 5.0143e+07 9.386e+06
0.321 4.303e+07 9.3723e+06
0.322 2.5146e+07 9.3587e+06
0.323 4.8342e+07 9.3452e+06
0.324 4.523e+07 9.3317e+06
0.325 2.4679e+07 9.3183e+06
0.326 4.331e+07 9.3049e+06
0.327 6.0175e+07 9.2916e+06
0.328 2.583e+07 9.2784e+06
0.329 4.2874e+07 9.2652e+06
0.33 4.7764e+07 9.2521e+06
0.331 4.0537e+07 9.239e+06
0.332 5.3031e+07 9.226e+06
0.333 4.2473e+07 9.2131e+06
0.334 4.3976e+07 9.2002e+06
0.335 4.6273e+07 9.1873e+06
0.336 3.3986e+07 9.1745e+06
0.337 6.2502e+07 9.1618e+06
0.338 6.2808e+07 9.1491e+06
0.339 5.3299e+07 9.1364e+06
0.34 4.6417e+07 9.1238e+06
0.341 5.5072e+07 9.1113e+06
0.342 3.7655e+07 9.0988e+06
0.343 6.3846e+07 9.0863e+06
0.344 5.3068e+07 9.0739e+06
0.345 5.4155e+07 9.0616e+06
0.346 4.8692e+07 9.0493e+06
0.347 6.8175e+07 9.037e+06
0.348 5.2189e+07 9.0248e+06
0.349 5.8756e+07 9.0126e+06
0.35 7.3241e+07 9.0004e+06
0.351 6.5016e+07 8.9883e+06
0.352 5.8653e+07 8.9763e+06
0.353 5.8895e+07 8.9643e+06
0.354 6.5265e+07 8.9523e+06
0.355 4.9252e+07 8.9403e+06
0.356 4.196e+07 8.9284e+06
0.357 4.7475e+07 8.9166e+06
0.358 5.7431e+07 8.9048e+06
0.359 5.3903e+07 8.893e+06
0.36 5.7693e+07 8.8812e+06
0.361 5.7222e+07 8.8695e+06
0.362 5.2766e+07 8.8579e+06
0.363 5.0946e+07 8.8462e+06
0.364 6.1273e+07 8.8346e+06
0.365 5.85e+07 8.8231e+06
0.366 4.9016e+07 8.8115e+06
0.367 6.9273e+07 8.8001e+06
0.368 5.7231e+07 8.7886e+06
0.369 5.1633e+07 8.7772e+06
0.37 5.8339e+07 8.7658e+06
0.371 6.6668e+07 8.7544e+06
0.372 6.3923e+07 8.7431e+06
0.373 7.0729e+07 8.7318e+06
0.374 6.129e+07 8.7206e+06
0.375 6.2402e+07 8.7094e+06
0.376 6.6451e+07 8.6982e+06
0.377 6.8312e+07 8.687e+06
0.378 5.9156e+07 8.6759e+06
0.379 5.5042e+07 8.6648e+06
0.38 5.5715e+07 8.6538e+06
0.381 6.6381e+07 8.6427e+06
0.382 7.0474e+07 8.6317e+06
0.383 6.2651e+07 8.6208e+06
0.384 6.1114e+07 8.6098e+06
0.385 6.2695e+07 8.5989e+06
0.386 6.6759e+07 8.5881e+06
0.387 5.5046e+07 8.5772e+06
0.388 4.0762e+07 8.5664e+06
0.389 5.5156e+07 8.5556e+06
0.39 8.0653e+07 8.5449e+06
0.391 5.5398e+07 8.5341e+06
0.392 7.833e+07 8.5234e+06
0.393 6.3678e+07 8.5128e+06
0.394 6.8221e+07 8.5021e+06
0.395 6.608e+07 8.4915e+06
0.396 6.9862e+07 8.4809e+06
0.397 5.1242e+07 8.4704e+06
0.398 6.6824e+07 8.4598e+06
0.399 6.1191e+07 8.4493e+06
0.4 6.5339e+07 8.4389e+06
0.401 6.0409e+07 8.4284e+06
0.402 6.3088e+07 8.418e+06
0.403 8.0443e+07 8.4076e+06
0.404 6.4823e+07 8.3972e+06
0.405 6.1602e+07 8.3869e+06
0.406 6.6634e+07 8.3765e+06
0.407 5.0239e+07 8.3663e+06
0.408 6.6913e+07 8.356e+06
0.409 5.724e+07 8.3458e+06
0.41 7.2539e+07 8.3355e+06
0.411 7.0744e+07 8.3253e+06
0.412 5.3799e+07 8.3152e+06
0.413 7.2651e+07 8.305e+06
0.414 6.8677e+07 8.2949e+06
0.415 6.5449e+07 8.2848e+06
0.416 6.3665e+07 8.2748e+06
0.417 5.2129e+07 8.2647e+06
0.418 6.0458e+07 8.2547e+06
0.419 7.1058e+07 8.2447e+06
0.42 6.2544e+07 8.2348e+06
0.421 8.2501e+07 8.2248e+06
0.422 6.6307e+07 8.2149e+06
0.423 5.0732e+07 8.205e+06
0.424 7.2133e+07 8.1952e+06
0.425 6.5379e+07 8.1853e+06
0.426 6.9569e+07 8.1755e+06
0.427 8.4679e+07 8.1657e+06
0.428 7.4397e+07 8.156e+06
0.429 5.3742e+07 8.1462e+06
0.43 7.022e+07 8.1365e+06
0.431 4.555e+07 8.1268e+06
0.432 5.3606e+07 8.1172e+06
0.433 7.3556e+07 8.1075e+06
0.434 7.6539e+07 8.0979e+06
0.435 5.967e+07 8.0883e+06
0.436 5.7488e+07 8.0788e+06
0.437 5.256e+07 8.0692e+06
0.438 7.1827e+07 8.0597e+06
0.439 5.8253e+07 8.0502e+06
0.44 5.4389e+07 8.0407e+06
0.441 5.2081e+07 8.0313e+06
0.442 6.3854e+07 8.0219e+06
0.443 7.0792e+07 8.0125e+06
0.444 4.8971e+07 8.0031e+06
0.445 6.3228e+07 7.9938e+06
0.446 4.2691e+07 7.9845e+06
0.447 5.7596e+07 7.9752e+06
0.448 6.3361e+07 7.9659e+06
0.449 6.0196e+07 7.9567e+06
0.45 6.9787e+07 7.9474e+06
0.451 6.0476e+07 7.9383e+06
0.452 4.842e+07 7.9291e+06
0.453 5.2693e+07 7.92e+06
0.454 6.7222e+07 7.9109e+06
0.455 6.0464e+07 7.9018e+06
0.456 5.6452e+07 7.8927e+06
0.457 5.819e+07 7.8837e+06
0.458 5.194e+07 7.8747e+06
0.459 5.269e+07 7.8657e+06
0.46 5.4878e+07 7.8567e+06
0.461 6.1011e+07 7.8478e+06
0.462 5.8372e+07 7.8389e+06
0.463 6.4525e+07 7.83e+06
0.464 5.0481e+07 7.8212e+06
0.465 6.7433e+07 7.8124e+06
0.466 6.5439e+07 7.8036e+06
0.467 5.7462e+07 7.7948e+06
0.468 6.9659e+07 7.7861e+06
0.469 6.0374e+07 7.7774e+06
0.47 6.2226e+07 7.7687e+06
0.471 5.211e+07 7.76e+06
0.472 5.2748e+07 7.7514e+06
0.473 6.2499e+07 7.7428e+06
0.474 6.048e+07 7.7342e+06
0.475 5.2633e+07 7.7257e+06
0.476 4.4994e+07 7.7172e+06
0.477 4.4353e+07 7.7087e+06
0.478 4.767e+07 7.7002e+06
0.479 5.8424e+07 7.6918e+06
0.48 4.7269e+07 7.6834e+06
0.481 5.2726e+07 7.675e+06
0.482 3.7282e+07 7.6666e+06
0.483 4.2297e+07 7.6583e+06
0.484 4.9485e+07 7.65e+06
0.485 5.5056e+07 7.6418e+06
0.486 5.9185e+07 7.6335e+06
0.487 5.8077e+07 7.6253e+06
0.488 4.2218e+07 7.6171e+06
0.489 4.1448e+07 7.609e+06
0.49 4.8883e+07 7.6008e+06
0.491 5.532e+07 7.5927e+06
0.492 3.3215e+07 7.5846e+06
0.493 4.8455e+07 7.5766e+06
0.494 5.2842e+07 7.5686e+06
0.495 4.7185e+07 7.5606e+06
0.496 5.1559e+07 7.5526e+06
0.497 4.2406e+07 7.5447e+06
0.498 5.1518e+07 7.5368e+06
0.499 4.8919e+07 7.5289e+06
0.5 5.0672e+07 7.521e+06
