0.001 4.8008e+09 9.6017e+07
0.002 4.8964e+09 9.7927e+07
0.003 4.4117e+09 8.8235e+07
0.004 4.7495e+09 9.4991e+07
0.005 4.8184e+09 9.6368e+07
0.006 4.8689e+09 9.7378e+07
0.007 4.7338e+09 9.4676e+07
0.008 4.8478e+09 9.6957e+07
0.009 4.5696e+09 9.1392e+07
0.01 4.7253e+09 9.4507e+07
0.011 4.714e+09 9.428e+07
0.012 4.5128e+09 9.0256e+07
0.013 4.6857e+09 9.3715e+07
0.014 4.7762e+09 9.5523e+07
0.015 4.6871e+09 9.3742e+07
0.016 4.6292e+09 9.2584e+07
0.017 4.4663e+09 8.9326e+07
0.018 4.5714e+09 9.1427e+07
0.019 4.5382e+09 9.0764e+07
0.02 4.4316e+09 8.8633e+07
0.021 4.5032e+09 9.0064e+07
0.022 4.5325e+09 9.065e+07
0.023 4.4556e+09 8.9113e+07
0.024 4.4774e+09 8.9548e+07
0.025 4.4386e+09 8.8772e+07
0.026 4.4184e+09 8.8367e+07
0.027 4.3301e+09 8.6601e+07
0.028 4.3409e+09 8.6818e+07
0.029 4.3195e+09 8.639e+07
0.03 4.3465e+09 8.693e+07
0.031 4.2773e+09 8.5545e+07
0.032 4.1928e+09 8.3855e+07
0.033 4.1836e+09 8.3671e+07
0.034 4.0787e+09 8.1575e+07
0.035 4.133e+09 8.2661e+07
0.036 4.0633e+09 8.1266e+07
0.037 4.0387e+09 8.0775e+07
0.038 4.0101e+09 8.0202e+07
0.039 4.0231e+09 8.0462e+07
0.04 3.9179e+09 7.8357e+07
0.041 3.9402e+09 7.8803e+07
0.042 3.8602e+09 7.7205e+07
0.043 3.8534e+09 7.7068e+07
0.044 3.7712e+09 7.5423e+07
0.045 3.8002e+09 7.6004e+07
0.046 3.7388e+09 7.4776e+07
0.047 3.6706e+09 7.3411e+07
0.048 3.6935e+09 7.387e+07
0.049 3.5533e+09 7.1065e+07
0.05 3.5318e+09 7.0637e+07
0.051 3.5052e+09 7.0105e+07
0.052 3.4655e+09 6.931e+07
0.053 3.4407e+09 6.8814e+07
0.054 3.3951e+09 6.7901e+07
0.055 3.3699e+09 6.7398e+07
0.056 3.2988e+09 6.5975e+07
0.057 3.2407e+09 6.4814e+07
0.058 3.2509e+09 6.5017e+07
0.059 3.1622e+09 6.3243e+07
0.06 3.1122e+09 6.2244e+07
0.061 3.1053e+09 6.2105e+07
0.062 3.0749e+09 6.1499e+07
0.063 3.0325e+09 6.065e+07
0.064 3.0486e+09 6.0973e+07
0.065 2.8943e+09 5.7886e+07
0.066 2.8781e+09 5.7563e+07
0.067 2.8372e+09 5.6743e+07
0.068 2.7953e+09 5.5906e+07
0.069 2.7455e+09 5.4911e+07
0.07 2.7135e+09 5.427e+07
0.071 2.6808e+09 5.3616e+07
0.072 2.6403e+09 5.2805e+07
0.073 2.5982e+09 5.1963e+07
0.074 2.5149e+09 5.0298e+07
0.075 2.491e+09 4.982e+07
0.076 2.479e+09 4.958e+07
0.077 2.4768e+09 4.9536e+07
0.078 2.3978e+09 4.7955e+07
0.079 2.3321e+09 4.6642e+07
0.08 2.3105e+09 4.6209e+07
0.081 2.3022e+09 4.6043e+07
0.082 2.1914e+09 4.3828e+07
0.083 2.1823e+09 4.3646e+07
0.084 2.1121e+09 4.2242e+07
0.085 2.0631e+09 4.1261e+07
0.086 2.0179e+09 4.0358e+07
0.087 2.0426e+09 4.0852e+07
0.088 1.9515e+09 3.9031e+07
0.089 1.9325e+09 3.8649e+07
0.09 1.8945e+09 3.7891e+07
0.091 1.8778e+09 3.7557e+07
0.092 1.8161e+09 3.6321e+07
0.093 1.8023e+09 3.6045e+07
0.094 1.7222e+09 3.4443e+07
0.095 1.7091e+09 3.4183e+07
0.096 1.6825e+09 3.3649e+07
0.097 1.6429e+09 3.2859e+07
0.098 1.5922e+09 3.1845e+07
0.099 1.5589e+09 3.1177e+07
0.1 1.5684e+09 3.1368e+07
0.101 1.4939e+09 2.9879e+07
0.102 1.4501e+09 2.9002e+07
0.103 1.416e+09 2.8321e+07
0.104 1.3575e+09 2.715e+07
0.105 1.3902e+09 2.7804e+07
0.106 1.3403e+09 2.6806e+07
0.107 1.302e+09 2.604e+07
0.108 1.2921e+09 2.5842e+07
0.109 1.275e+09 2.55e+07
0.11 1.2053e+09 2.4106e+07
0.111 1.191e+09 2.382e+07
0.112 1.1537e+09 2.3075e+07
0.113 1.1056e+09 2.2113e+07
0.114 1.1016e+09 2.2031e+07
0.115 1.08e+09 2.1601e+07
0.116 1.0487e+09 2.0975e+07
0.117 1.0142e+09 2.0283e+07
0.118 1.0065e+09 2.0129e+07
0.119 9.6196e+08 1.9239e+07
0.12 9.6909e+08 1.9382e+07
0.121 9.4155e+08 1.8831e+07
0.122 8.9716e+08 1.7943e+07
0.123 8.8876e+08 1.7775e+07
0.124 8.6167e+08 1.7233e+07
0.125 8.3087e+08 1.6617e+07
0.126 8.2789e+08 1.6558e+07
0.127 8.2957e+08 1.6591e+07
0.128 7.7861e+08 1.5572e+07
0.129 7.6747e+08 1.5349e+07
0.13 7.3748e+08 1.475e+07
0.131 7.3075e+08 1.4615e+07
0.132 6.9336e+08 1.3867e+07
0.133 6.9984e+08 1.3997e+07
0.134 6.8913e+08 1.3783e+07
0.135 6.5841e+08 1.3168e+07
0.136 6.3915e+08 1.2783e+07
0.137 6.2851e+08 1.257e+07
0.138 6.1833e+08 1.2367e+07
0.139 5.7606e+08 1.1521e+07
0.14 5.872e+08 1.1744e+07
0.141 5.5306e+08 1.1061e+07
0.142 5.5946e+08 1.1189e+07
0.143 5.1236e+08 1.0247e+07
0.144 5.0074e+08 1.0015e+07
0.145 5.018e+08 1.0036e+07
0.146 4.8089e+08 9.6179e+06
0.147 4.6226e+08 9.2451e+06
0.148 4.6061e+08 9.2122e+06
0.149 4.5054e+08 9.0108e+06
0.15 4.4626e+08 8.9251e+06
0.151 4.4239e+08 8.8477e+06
0.152 4.137e+08 8.274e+06
0.153 3.9646e+08 7.9293e+06
0.154 3.7749e+08 7.5497e+06
0.155 3.8842e+08 7.7684e+06
0.156 3.8002e+08 7.6003e+06
0.157 3.7646e+08 7.5292e+06
0.158 3.5801e+08 7.1603e+06
0.159 3.421e+08 6.8421e+06
0.16 3.3226e+08 6.6453e+06
0.161 3.3035e+08 6.607e+06
0.162 3.2176e+08 6.4351e+06
0.163 3.2696e+08 6.5392e+06
0.164 3.0375e+08 6.075e+06
0.165 2.9553e+08 5.9105e+06
0.166 3.0441e+08 6.0882e+06
0.167 2.8662e+08 5.7323e+06
0.168 2.6932e+08 5.3863e+06
0.169 2.6448e+08 5.2896e+06
0.17 2.5799e+08 5.1597e+06
0.171 2.5707e+08 5.1413e+06
0.172 2.6562e+08 5.3124e+06
0.173 2.4987e+08 4.9975e+06
0.174 2.4817e+08 4.9634e+06
0.175 2.3587e+08 4.7174e+06
0.176 2.2586e+08 4.5173e+06
0.177 2.1451e+08 4.2901e+06
0.178 2.1516e+08 4.3032e+06
0.179 2.1888e+08 4.3776e+06
0.18 2.045e+08 4.0901e+06
0.181 2.0831e+08 4.1662e+06
0.182 1.7676e+08 3.5351e+06
0.183 1.899e+08 3.7981e+06
0.184 1.7067e+08 3.4133e+06
0.185 1.8473e+08 3.6946e+06
0.186 1.7654e+08 3.5308e+06
0.187 1.572e+08 3.144e+06
0.188 1.71e+08 3.4199e+06
0.189 1.6292e+08 3.2585e+06
0.19 1.5963e+08 3.1926e+06
0.191 1.6239e+08 3.2478e+06
0.192 1.5331e+08 3.0663e+06
0.193 1.6398e+08 3.2796e+06
0.194 1.4779e+08 2.9559e+06
0.195 1.4427e+08 2.8855e+06
0.196 1.4983e+08 2.9966e+06
0.197 1.4201e+08 2.8402e+06
0.198 1.4314e+08 2.8627e+06
0.199 1.307e+08 2.614e+06
0.2 1.215e+08 2.43e+06
0.201 1.2129e+08 2.4258e+06
0.202 1.2054e+08 2.4109e+06
0.203 1.186e+08 2.372e+06
0.204 1.182e+08 2.3639e+06
0.205 1.2331e+08 2.4662e+06
0.206 1.1323e+08 2.2646e+06
0.207 1.2133e+08 2.4266e+06
0.208 1.0925e+08 2.185e+06
0.209 1.1109e+08 2.2219e+06
0.21 1.092e+08 2.1839e+06
0.211 1.0375e+08 2.0751e+06
0.212 1.0425e+08 2.085e+06
0.213 9.3185e+07 1.8637e+06
0.214 9.0835e+07 1.8167e+06
0.215 9.2586e+07 1.8517e+06
0.216 7.3567e+07 1.4713e+06
0.217 8.5522e+07 1.7104e+06
0.218 8.407e+07 1.6814e+06
0.219 7.6524e+07 1.5305e+06
0.22 8.7248e+07 1.745e+06
0.221 8.6455e+07 1.7291e+06
0.222 5.5108e+07 1.1022e+06
0.223 7.4849e+07 1.497e+06
0.224 6.6495e+07 1.3299e+06
0.225 5.5722e+07 1.1144e+06
0.226 6.3875e+07 1.2775e+06
0.227 6.2986e+07 1.2597e+06
0.228 6.1358e+07 1.2272e+06
0.229 7.9299e+07 1.586e+06
0.23 5.2889e+07 1.0578e+06
0.231 5.1655e+07 1.0331e+06
0.232 6.7035e+07 1.3407e+06
0.233 5.703e+07 1.1406e+06
0.234 7.0335e+07 1.4067e+06
0.235 5.7385e+07 1.1477e+06
0.236 5.8441e+07 1.1688e+06
0.237 5.6287e+07 1.1257e+06
0.238 5.4746e+07 1.0949e+06
0.239 6.2477e+07 1.2495e+06
0.24 5.2858e+07 1.0572e+06
0.241 5.3342e+07 1.0668e+06
0.242 5.3885e+07 1.0777e+06
0.243 4.4657e+07 8.9313e+05
0.244 3.3615e+07 6.7231e+05
0.245 3.5179e+07 7.0357e+05
0.246 5.663e+07 1.1326e+06
0.247 3.3775e+07 6.755e+05
0.248 3.2142e+07 6.4284e+05
0.249 3.5782e+07 7.1564e+05
0.25 3.4003e+07 6.8006e+05
0.251 4.2345e+07 8.4689e+05
0.252 3.4157e+07 6.8313e+05
0.253 3.1467e+07 6.2933e+05
0.254 3.3713e+07 6.7427e+05
0.255 3.0477e+07 6.0954e+05
0.256 3.7855e+07 7.571e+05
0.257 3.5122e+07 7.0244e+05
0.258 4.1903e+07 8.3806e+05
0.259 2.8522e+07 5.7043e+05
0.26 3.6048e+07 7.2096e+05
0.261 3.1933e+07 6.3866e+05
0.262 4.3265e+07 8.653e+05
0.263 2.0913e+07 4.1827e+05
0.264 3.5631e+07 7.1262e+05
0.265 2.6566e+07 5.3132e+05
0.266 3.2624e+07 6.5248e+05
0.267 2.1649e+07 4.3298e+05
0.268 3.0989e+07 6.1977e+05
0.269 2.5087e+07 5.0174e+05
0.27 2.3585e+07 4.717e+05
0.271 3.136e+07 6.272e+05
0.272 3.2102e+07 6.4205e+05
0.273 1.7072e+07 3.4144e+05
0.274 1.5087e+07 3.0175e+05
0.275 3.2571e+07 6.5143e+05
0.276 3.4396e+07 6.8791e+05
0.277 2.6886e+07 5.3772e+05
0.278 2.9491e+07 5.8982e+05
0.279 2.3732e+07 4.7465e+05
0.28 1.8767e+07 3.7534e+05
0.281 2.8722e+07 5.7443e+05
0.282 2.8721e+07 5.7441e+05
0.283 9.698e+06 1.9396e+05
0.284 2.5857e+07 5.1713e+05
0.285 3.3939e+07 6.7878e+05
0.286 2.3107e+07 4.6214e+05
0.287 3.2126e+07 6.4252e+05
0.288 3.7845e+07 7.5691e+05
0.289 3.1527e+07 6.3054e+05
0.29 3.8063e+07 7.6126e+05
0.291 3.2387e+07 6.4773e+05
0.292 1.7717e+07 3.5434e+05
0.293 1.519e+07 3.0379e+05
0.294 4.8761e+07 9.7523e+05
0.295 1.6586e+07 3.3171e+05
0.296 4.163e+07 8.326e+05
0.297 3.3441e+07 6.6883e+05
0.298 3.7597e+07 7.5195e+05
0.299 2.3769e+07 4.7539e+05
0.3 2.8599e+07 5.7197e+05
0.301 2.0184e+07 4.0368e+05
0.302 1.8719e+07 3.7437e+05
0.303 2.4877e+07 4.9753e+05
0.304 3.2835e+07 6.567e+05
0.305 2.7874e+07 5.5748e+05
0.306 3.513e+07 7.0259e+05
0.307 3.1166e+07 6.2332e+05
0.308 3.2719e+07 6.5438e+05
0.309 3.1929e+07 6.3859e+05
0.31 2.948e+07 5.8961e+05
0.311 4.3032e+07 8.6065e+05
0.312 5.2651e+07 1.053e+06
0.313 3.8026e+07 7.6052e+05
0.314 4.2772e+07 8.5544e+05
0.315 4.7256e+07 9.4512e+05
0.316 4.0842e+07 8.1684e+05
0.317 3.2068e+07 6.4136e+05
0.318 4.0469e+07 8.0937e+05
0.319 3.2845e+07 6.569e+05
0.32 3.5148e+07 7.0297e+05
0.321 3.4985e+07 6.997e+05
0.322 3.4989e+07 6.9977e+05
0.323 3.6795e+07 7.3591e+05
0.324 3.849e+07 7.6981e+05
0.325 3.1966e+07 6.3931e+05
0.326 4.0128e+07 8.0255e+05
0.327 3.2449e+07 6.4897e+05
0.328 3.8115e+07 7.6229e+05
0.329 3.5293e+07 7.0585e+05
0.33 3.6639e+07 7.3278e+05
0.331 4.1022e+07 8.2043e+05
0.332 4.2892e+07 8.5783e+05
0.333 4.3844e+07 8.7689e+05
0.334 4.1835e+07 8.3669e+05
0.335 4.9347e+07 9.8693e+05
0.336 3.2293e+07 6.4585e+05
0.337 3.5864e+07 7.1728e+05
0.338 3.6935e+07 7.387e+05
0.339 3.8485e+07 7.6969e+05
0.34 4.9779e+07 9.9557e+05
0.341 3.7442e+07 7.4884e+05
0.342 4.2664e+07 8.5328e+05
0.343 3.9439e+07 7.8879e+05
0.344 4.3329e+07 8.6657e+05
0.345 4.363e+07 8.726e+05
0.346 3.9561e+07 7.9122e+05
0.347 3.9075e+07 7.8149e+05
0.348 4.0904e+07 8.1807e+05
0.349 4.6022e+07 9.2044e+05
0.35 4.0167e+07 8.0334e+05
0.351 4.5724e+07 9.1448e+05
0.352 4.4161e+07 8.8323e+05
0.353 3.2527e+07 6.5054e+05
0.354 4.0666e+07 8.1332e+05
0.355 4.0416e+07 8.0832e+05
0.356 4.3821e+07 8.7643e+05
0.357 5.708e+07 1.1416e+06
0.358 4.0398e+07 8.0797e+05
0.359 5.3417e+07 1.0683e+06
0.36 4.1576e+07 8.3153e+05
0.361 4.7962e+07 9.5924e+05
0.362 4.4837e+07 8.9674e+05
0.363 4.5493e+07 9.0986e+05
0.364 4.2383e+07 8.4766e+05
0.365 4.1038e+07 8.2075e+05
0.366 3.8682e+07 7.7364e+05
0.367 5.727e+07 1.1454e+06
0.368 3.4642e+07 6.9285e+05
0.369 3.9425e+07 7.885e+05
0.37 4.2072e+07 8.4144e+05
0.371 5.9534e+07 1.1907e+06
0.372 4.8643e+07 9.7285e+05
0.373 5.3582e+07 1.0716e+06
0.374 4.7137e+07 9.4275e+05
0.375 4.7123e+07 9.4246e+05
0.376 5.6191e+07 1.1238e+06
0.377 4.8631e+07 9.7261e+05
0.378 4.9295e+07 9.8591e+05
0.379 3.706e+07 7.412e+05
0.38 4.6728e+07 9.3455e+05
0.381 5.1572e+07 1.0314e+06
0.382 5.1497e+07 1.0299e+06
0.383 4.7081e+07 9.4162e+05
0.384 6.5122e+07 1.3024e+06
0.385 4.5493e+07 9.0986e+05
0.386 5.1215e+07 1.0243e+06
0.387 4.9854e+07 9.9707e+05
0.388 4.6155e+07 9.2309e+05
0.389 3.585e+07 7.17e+05
0.39 4.6373e+07 9.2746e+05
0.391 4.4147e+07 8.8293e+05
0.392 4.8629e+07 9.7257e+05
0.393 5.238e+07 1.0476e+06
0.394 4.5478e+07 9.0957e+05
0.395 4.9531e+07 9.9063e+05
0.396 4.2633e+07 8.5265e+05
0.397 4.9007e+07 9.8014e+05
0.398 4.4592e+07 8.9184e+05
0.399 4.684e+07 9.3681e+05
0.4 4.0354e+07 8.0708e+05
0.401 4.3686e+07 8.7373e+05
0.402 4.3545e+07 8.709e+05
0.403 5.2156e+07 1.0431e+06
0.404 4.9563e+07 9.9125e+05
0.405 5.5647e+07 1.1129e+06
0.406 5.0078e+07 1.0016e+06
0.407 4.4935e+07 8.987e+05
0.408 3.9907e+07 7.9815e+05
0.409 4.0195e+07 8.0391e+05
0.41 3.9044e+07 7.8087e+05
0.411 3.8318e+07 7.6636e+05
0.412 3.9625e+07 7.9249e+05
0.413 5.3539e+07 1.0708e+06
0.414 4.4079e+07 8.8157e+05
0.415 4.554e+07 9.1079e+05
0.416 4.271e+07 8.5421e+05
0.417 4.6183e+07 9.2366e+05
0.418 4.0551e+07 8.1101e+05
0.419 5.4529e+07 1.0906e+06
0.42 5.4297e+07 1.0859e+06
0.421 6.0978e+07 1.2196e+06
0.422 4.0852e+07 8.1704e+05
0.423 3.7995e+07 7.599e+05
0.424 4.7581e+07 9.5162e+05
0.425 4.4877e+07 8.9754e+05
0.426 4.6694e+07 9.3387e+05
0.427 3.2322e+07 6.4645e+05
0.428 2.8189e+07 5.6379e+05
0.429 4.275e+07 8.5499e+05
0.43 3.074e+07 6.1479e+05
0.431 4.0102e+07 8.0204e+05
0.432 4.2037e+07 8.4074e+05
0.433 4.4951e+07 8.9903e+05
0.434 5.3168e+07 1.0634e+06
0.435 3.9019e+07 7.8038e+05
0.436 3.9921e+07 7.9841e+05
0.437 4.8717e+07 9.7434e+05
0.438 4.3017e+07 8.6034e+05
0.439 2.553e+07 5.1061e+05
0.44 4.8996e+07 9.7993e+05
0.441 3.6331e+07 7.2661e+05
0.442 4.9809e+07 9.9617e+05
0.443 4.3501e+07 8.7002e+05
0.444 3.3442e+07 6.6884e+05
0.445 4.3379e+07 8.6758e+05
0.446 2.5919e+07 5.1839e+05
0.447 4.7845e+07 9.569e+05
0.448 3.304e+07 6.608e+05
0.449 3.7119e+07 7.4239e+05
0.45 3.934e+07 7.868e+05
0.451 3.3899e+07 6.7797e+05
0.452 3.137e+07 6.274e+05
0.453 4.3427e+07 8.6854e+05
0.454 4.459e+07 8.918e+05
0.455 3.5648e+07 7.1296e+05
0.456 3.6798e+07 7.3597e+05
0.457 4.2875e+07 8.5751e+05
0.458 3.769e+07 7.5379e+05
0.459 4.1148e+07 8.2296e+05
0.46 3.0432e+07 6.0863e+05
0.461 4.2325e+07 8.465e+05
0.462 4.0645e+07 8.129e+05
0.463 4.2328e+07 8.4655e+05
0.464 3.3539e+07 6.7077e+05
0.465 3.2809e+07 6.5618e+05
0.466 3.5499e+07 7.0997e+05
0.467 4.5083e+07 9.0166e+05
0.468 3.7016e+07 7.4032e+05
0.469 3.9075e+07 7.815e+05
0.47 3.9293e+07 7.8585e+05
0.471 3.7639e+07 7.5278e+05
0.472 3.5065e+07 7.013e+05
0.473 3.8126e+07 7.6251e+05
0.474 3.9456e+07 7.8911e+05
0.475 4.4289e+07 8.8578e+05
0.476 3.3932e+07 6.7863e+05
0.477 2.941e+07 5.882e+05
0.478 3.6196e+07 7.2392e+05
0.479 2.1095e+07 4.2191e+05
0.48 3.167e+07 6.334e+05
0.481 3.8092e+07 7.6183e+05
0.482 2.3291e+07 4.6583e+05
0.483 3.617e+07 7.234e+05
0.484 3.6869e+07 7.3738e+05
0.485 3.9169e+07 7.8338e+05
0.486 2.9462e+07 5.8924e+05
0.487 3.2e+07 6.4e+05
0.488 2.7651e+07 5.5301e+05
0.489 3.0488e+07 6.0976e+05
0.49 3.4791e+07 6.9582e+05
0.491 3.1285e+07 6.2569e+05
0.492 2.8747e+07 5.7494e+05
0.493 2.9503e+07 5.9006e+05
0.494 3.1429e+07 6.2859e+05
0.495 4.3926e+07 8.7853e+05
0.496 2.9898e+07 5.9796e+05
0.497 3.8068e+07 7.6137e+05
0.498 3.1907e+07 6.3814e+05
0.499 4.8825e+07 9.765e+05
0.5 3.2381e+07 6.4762e+05
