0.001 6.3697e+09 1.2739e+08
0.002 6.6176e+09 1.3235e+08
0.003 6.0627e+09 1.2125e+08
0.004 6.4225e+09 1.2845e+08
0.005 6.5144e+09 1.3029e+08
0.006 6.3473e+09 1.2695e+08
0.007 6.3859e+09 1.2772e+08
0.008 6.2928e+09 1.2586e+08
0.009 6.4845e+09 1.2969e+08
0.01 6.244e+09 1.2488e+08
0.011 6.4047e+09 1.2809e+08
0.012 6.1381e+09 1.2276e+08
0.013 6.1033e+09 1.2207e+08
0.014 6.1191e+09 1.2238e+08
0.015 6.3042e+09 1.2608e+08
0.016 6.1351e+09 1.227e+08
0.017 6.3708e+09 1.2742e+08
0.018 6.1395e+09 1.2279e+08
0.019 6.3334e+09 1.2667e+08
0.02 6.1238e+09 1.2248e+08
0.021 6.0776e+09 1.2155e+08
0.022 5.9957e+09 1.1991e+08
0.023 6.0045e+09 1.2009e+08
0.024 5.9793e+09 1.1959e+08
0.025 5.9902e+09 1.198e+08
0.026 5.9078e+09 1.1816e+08
0.027 5.8573e+09 1.1715e+08
0.028 5.7879e+09 1.1576e+08
0.029 5.7576e+09 1.1515e+08
0.03 5.798e+09 1.1596e+08
0.031 5.8153e+09 1.1631e+08
0.032 5.6973e+09 1.1395e+08
0.033 5.6705e+09 1.1341e+08
0.034 5.6362e+09 1.1272e+08
0.035 5.5576e+09 1.1115e+08
0.036 5.4568e+09 1.0914e+08
0.037 5.3662e+09 1.0732e+08
0.038 5.4243e+09 1.0849e+08
0.039 5.464e+09 1.0928e+08
0.04 5.2727e+09 1.0545e+08
0.041 5.3044e+09 1.0609e+08
0.042 5.2564e+09 1.0513e+08
0.043 5.2806e+09 1.0561e+08
0.044 5.2121e+09 1.0424e+08
0.045 5.1494e+09 1.0299e+08
0.046 5.109e+09 1.0218e+08
0.047 4.9292e+09 9.8583e+07
0.048 4.9177e+09 9.8354e+07
0.049 4.9606e+09 9.9212e+07
0.05 4.9193e+09 9.8385e+07
0.051 4.7366e+09 9.4733e+07
0.052 4.6809e+09 9.3619e+07
0.053 4.677e+09 9.3539e+07
0.054 4.5796e+09 9.1591e+07
0.055 4.5659e+09 9.1318e+07
0.056 4.5086e+09 9.0171e+07
0.057 4.431e+09 8.8621e+07
0.058 4.313e+09 8.626e+07
0.059 4.2338e+09 8.4677e+07
0.06 4.3417e+09 8.6834e+07
0.061 4.2379e+09 8.4759e+07
0.062 4.1206e+09 8.2412e+07
0.063 4.0909e+09 8.1819e+07
0.064 4.0188e+09 8.0376e+07
0.065 3.9535e+09 7.9071e+07
0.066 3.9152e+09 7.8304e+07
0.067 3.8616e+09 7.7232e+07
0.068 3.7492e+09 7.4984e+07
0.069 3.7535e+09 7.5071e+07
0.07 3.7357e+09 7.4714e+07
0.071 3.6697e+09 7.3395e+07
0.072 3.5426e+09 7.0853e+07
0.073 3.4849e+09 6.9698e+07
0.074 3.4212e+09 6.8424e+07
0.075 3.4488e+09 6.8975e+07
0.076 3.3769e+09 6.7539e+07
0.077 3.3028e+09 6.6056e+07
0.078 3.2559e+09 6.5119e+07
0.079 3.216e+09 6.4321e+07
0.08 3.095e+09 6.1899e+07
0.081 3.0527e+09 6.1053e+07
0.082 3.0198e+09 6.0396e+07
0.083 2.9044e+09 5.8088e+07
0.084 2.8966e+09 5.7931e+07
0.085 2.8067e+09 5.6134e+07
0.086 2.7361e+09 5.4722e+07
0.087 2.7428e+09 5.4855e+07
0.088 2.7002e+09 5.4005e+07
0.089 2.5987e+09 5.1975e+07
0.09 2.5861e+09 5.1723e+07
0.091 2.5173e+09 5.0346e+07
0.092 2.4759e+09 4.9517e+07
0.093 2.405e+09 4.8101e+07
0.094 2.3458e+09 4.6915e+07
0.095 2.3154e+09 4.6309e+07
0.096 2.3484e+09 4.6969e+07
0.097 2.2548e+09 4.5096e+07
0.098 2.157e+09 4.3141e+07
0.099 2.1407e+09 4.2815e+07
0.1 2.1354e+09 4.2707e+07
0.101 2.01e+09 4.02e+07
0.102 2.0242e+09 4.0484e+07
0.103 1.9632e+09 3.9264e+07
0.104 1.9242e+09 3.8483e+07
0.105 1.8448e+09 3.6897e+07
0.106 1.8592e+09 3.7184e+07
0.107 1.7714e+09 3.5428e+07
0.108 1.735e+09 3.4699e+07
0.109 1.7274e+09 3.4548e+07
0.11 1.6668e+09 3.3336e+07
0.111 1.6268e+09 3.2537e+07
0.112 1.6085e+09 3.217e+07
0.113 1.5517e+09 3.1034e+07
0.114 1.5264e+09 3.0527e+07
0.115 1.5006e+09 3.0012e+07
0.116 1.4399e+09 2.8797e+07
0.117 1.434e+09 2.8679e+07
0.118 1.36e+09 2.7199e+07
0.119 1.3224e+09 2.6447e+07
0.12 1.3546e+09 2.7093e+07
0.121 1.2821e+09 2.5642e+07
0.122 1.2242e+09 2.4483e+07
0.123 1.2488e+09 2.4976e+07
0.124 1.2213e+09 2.4425e+07
0.125 1.1598e+09 2.3196e+07
0.126 1.1469e+09 2.2937e+07
0.127 1.1089e+09 2.2177e+07
0.128 1.0825e+09 2.1649e+07
0.129 1.0331e+09 2.0662e+07
0.13 9.957e+08 1.9914e+07
0.131 9.896e+08 1.9792e+07
0.132 9.642e+08 1.9284e+07
0.133 9.4707e+08 1.8941e+07
0.134 9.304e+08 1.8608e+07
0.135 8.9486e+08 1.7897e+07
0.136 8.9421e+08 1.7884e+07
0.137 8.7875e+08 1.7575e+07
0.138 8.3995e+08 1.6799e+07
0.139 7.7949e+08 1.559e+07
0.14 7.9056e+08 1.5811e+07
0.141 7.3272e+08 1.4654e+07
0.142 7.3766e+08 1.4753e+07
0.143 7.4079e+08 1.4816e+07
0.144 6.9352e+08 1.387e+07
0.145 6.94e+08 1.388e+07
0.146 6.5915e+08 1.3183e+07
0.147 6.5825e+08 1.3165e+07
0.148 6.4183e+08 1.2837e+07
0.149 6.1459e+08 1.2292e+07
0.15 5.8076e+08 1.1615e+07
0.151 5.9017e+08 1.1803e+07
0.152 5.5004e+08 1.1001e+07
0.153 5.5752e+08 1.115e+07
0.154 5.1508e+08 1.0302e+07
0.155 5.4537e+08 1.0907e+07
0.156 4.9109e+08 9.8218e+06
0.157 4.6642e+08 9.3283e+06
0.158 4.8606e+08 9.7213e+06
0.159 4.6896e+08 9.3792e+06
0.16 4.5819e+08 9.1637e+06
0.161 4.4345e+08 8.8689e+06
0.162 4.1948e+08 8.3896e+06
0.163 4.1605e+08 8.3209e+06
0.164 3.9234e+08 7.8468e+06
0.165 4.1814e+08 8.3629e+06
0.166 3.9578e+08 7.9155e+06
0.167 3.9425e+08 7.885e+06
0.168 3.6353e+08 7.2705e+06
0.169 3.5778e+08 7.1555e+06
0.17 3.6123e+08 7.2246e+06
0.171 3.5086e+08 7.0171e+06
0.172 3.2923e+08 6.5846e+06
0.173 3.3443e+08 6.6885e+06
0.174 3.4334e+08 6.8668e+06
0.175 3.2621e+08 6.5241e+06
0.176 3.0002e+08 6.0005e+06
0.177 3.0322e+08 6.0645e+06
0.178 3.0445e+08 6.089e+06
0.179 2.8214e+08 5.6429e+06
0.18 2.7249e+08 5.4499e+06
0.181 2.818e+08 5.6361e+06
0.182 2.6933e+08 5.3867e+06
0.183 2.4143e+08 4.8286e+06
0.184 2.3537e+08 4.7074e+06
0.185 2.6833e+08 5.3667e+06
0.186 2.3492e+08 4.6984e+06
0.187 2.39e+08 4.78e+06
0.188 2.3976e+08 4.7952e+06
0.189 2.2742e+08 4.5484e+06
0.19 2.1044e+08 4.2089e+06
0.191 2.1574e+08 4.3147e+06
0.192 2.0539e+08 4.1077e+06
0.193 2.1455e+08 4.2909e+06
0.194 1.8216e+08 3.6433e+06
0.195 2.1346e+08 4.2692e+06
0.196 1.6868e+08 3.3736e+06
0.197 1.9107e+08 3.8214e+06
0.198 1.8692e+08 3.7385e+06
0.199 1.5382e+08 3.0764e+06
0.2 1.5434e+08 3.0868e+06
0.201 1.7183e+08 3.4365e+06
0.202 1.7789e+08 3.5577e+06
0.203 1.5208e+08 3.0416e+06
0.204 1.3686e+08 2.7372e+06
0.205 1.5162e+08 3.0325e+06
0.206 1.3414e+08 2.6828e+06
0.207 1.2291e+08 2.4581e+06
0.208 1.2452e+08 2.4903e+06
0.209 1.4233e+08 2.8467e+06
0.21 1.3253e+08 2.6506e+06
0.211 1.1908e+08 2.3816e+06
0.212 1.374e+08 2.7479e+06
0.213 1.2428e+08 2.4855e+06
0.214 1.139e+08 2.278e+06
0.215 1.0525e+08 2.105e+06
0.216 1.2685e+08 2.537e+06
0.217 1.1335e+08 2.2671e+06
0.218 1.0746e+08 2.1492e+06
0.219 1.0617e+08 2.1234e+06
0.22 9.9555e+07 1.9911e+06
0.221 1.1014e+08 2.2027e+06
0.222 1.0972e+08 2.1944e+06
0.223 1.1123e+08 2.2246e+06
0.224 9.9015e+07 1.9803e+06
0.225 9.974e+07 1.9948e+06
0.226 8.5112e+07 1.7022e+06
0.227 1.0474e+08 2.0948e+06
0.228 1.0206e+08 2.0412e+06
0.229 8.2718e+07 1.6544e+06
0.23 1.1289e+08 2.2578e+06
0.231 9.9185e+07 1.9837e+06
0.232 8.8217e+07 1.7643e+06
0.233 9.317e+07 1.8634e+06
0.234 7.5067e+07 1.5013e+06
0.235 8.6703e+07 1.7341e+06
0.236 7.6604e+07 1.5321e+06
0.237 6.6129e+07 1.3226e+06
0.238 7.241e+07 1.4482e+06
0.239 5.8703e+07 1.1741e+06
0.24 7.3259e+07 1.4652e+06
0.241 6.1383e+07 1.2277e+06
0.242 5.2577e+07 1.0515e+06
0.243 6.2531e+07 1.2506e+06
0.244 4.3522e+07 8.7045e+05
0.245 6.195e+07 1.239e+06
0.246 4.7848e+07 9.5696e+05
0.247 5.0367e+07 1.0073e+06
0.248 6.1257e+07 1.2251e+06
0.249 6.1807e+07 1.2361e+06
0.25 6.0927e+07 1.2185e+06
0.251 3.9028e+07 7.8055e+05
0.252 6.549e+07 1.3098e+06
0.253 5.0881e+07 1.0176e+06
0.254 5.5537e+07 1.1107e+06
0.255 5.0174e+07 1.0035e+06
0.256 5.329e+07 1.0658e+06
0.257 6.0691e+07 1.2138e+06
0.258 4.8654e+07 9.7308e+05
0.259 4.8591e+07 9.7182e+05
0.26 3.5737e+07 7.1475e+05
0.261 4.5091e+07 9.0182e+05
0.262 3.7239e+07 7.4478e+05
0.263 5.1223e+07 1.0245e+06
0.264 3.396e+07 6.7921e+05
0.265 6.2599e+07 1.252e+06
0.266 3.8607e+07 7.7214e+05
0.267 2.3392e+07 4.6785e+05
0.268 3.8943e+07 7.7885e+05
0.269 4.6085e+07 9.2169e+05
0.27 6.7395e+07 1.3479e+06
0.271 4.9952e+07 9.9903e+05
0.272 5.3379e+07 1.0676e+06
0.273 3.4359e+07 6.8719e+05
0.274 4.3465e+07 8.6931e+05
0.275 4.22e+07 8.44e+05
0.276 2.0827e+07 4.1653e+05
0.277 3.9725e+07 7.945e+05
0.278 4.4316e+07 8.8633e+05
0.279 3.2787e+07 6.5575e+05
0.28 3.1562e+07 6.3125e+05
0.281 5.3798e+07 1.076e+06
0.282 3.6435e+07 7.287e+05
0.283 4.4555e+07 8.9111e+05
0.284 4.3387e+07 8.6775e+05
0.285 3.7221e+07 7.4443e+05
0.286 2.5924e+07 5.1848e+05
0.287 3.4703e+07 6.9405e+05
0.288 4.8783e+07 9.7566e+05
0.289 4.6937e+07 9.3873e+05
0.29 5.99e+07 1.198e+06
0.291 6.2259e+07 1.2452e+06
0.292 2.7736e+07 5.5472e+05
0.293 5.159e+07 1.0318e+06
0.294 4.5597e+07 9.1193e+05
0.295 4.0557e+07 8.1114e+05
0.296 3.2947e+07 6.5894e+05
0.297 3.4056e+07 6.8113e+05
0.298 4.3477e+07 8.6953e+05
0.299 5.3795e+07 1.0759e+06
0.3 3.6176e+07 7.2352e+05
0.301 4.3107e+07 8.6214e+05
0.302 4.2347e+07 8.4693e+05
0.303 4.9356e+07 9.8712e+05
0.304 6.0348e+07 1.207e+06
0.305 4.09e+07 8.18e+05
0.306 3.7875e+07 7.575e+05
0.307 5.2879e+07 1.0576e+06
0.308 4.3064e+07 8.6128e+05
0.309 4.9275e+07 9.855e+05
0.31 4.8809e+07 9.7617e+05
0.311 3.8912e+07 7.7824e+05
0.312 6.1659e+07 1.2332e+06
0.313 4.6178e+07 9.2356e+05
0.314 5.2433e+07 1.0487e+06
0.315 6.4266e+07 1.2853e+06
0.316 4.4004e+07 8.8008e+05
0.317 3.8638e+07 7.7276e+05
0.318 5.5834e+07 1.1167e+06
0.319 4.411e+07 8.8219e+05
0.32 4.8649e+07 9.7299e+05
0.321 5.8387e+07 1.1677e+06
0.322 3.8631e+07 7.7262e+05
0.323 5.0504e+07 1.0101e+06
0.324 4.1786e+07 8.3573e+05
0.325 5.5002e+07 1.1e+06
0.326 4.1571e+07 8.3142e+05
0.327 5.237e+07 1.0474e+06
0.328 6.0148e+07 1.203e+06
0.329 5.6775e+07 1.1355e+06
0.33 5.155e+07 1.031e+06
0.331 4.9172e+07 9.8344e+05
0.332 4.6477e+07 9.2954e+05
0.333 4.2384e+07 8.4769e+05
0.334 5.9874e+07 1.1975e+06
0.335 6.3561e+07 1.2712e+06
0.336 6.3242e+07 1.2648e+06
0.337 4.662e+07 9.324e+05
0.338 5.8434e+07 1.1687e+06
0.339 6.2588e+07 1.2518e+06
0.34 5.1482e+07 1.0296e+06
0.341 5.6072e+07 1.1214e+06
0.342 4.6832e+07 9.3663e+05
0.343 5.108e+07 1.0216e+06
0.344 5.1532e+07 1.0306e+06
0.345 5.3083e+07 1.0617e+06
0.346 6.6224e+07 1.3245e+06
0.347 4.9963e+07 9.9926e+05
0.348 4.5346e+07 9.0693e+05
0.349 6.0496e+07 1.2099e+06
0.35 6.4376e+07 1.2875e+06
0.351 7.0572e+07 1.4114e+06
0.352 6.0741e+07 1.2148e+06
0.353 7.0614e+07 1.4123e+06
0.354 7.2866e+07 1.4573e+06
0.355 6.8188e+07 1.3638e+06
0.356 6.5763e+07 1.3153e+06
0.357 7.6186e+07 1.5237e+06
0.358 5.8598e+07 1.172e+06
0.359 5.8388e+07 1.1678e+06
0.36 5.7274e+07 1.1455e+06
0.361 6.2671e+07 1.2534e+06
0.362 6.7462e+07 1.3492e+06
0.363 5.7595e+07 1.1519e+06
0.364 7.4723e+07 1.4945e+06
0.365 7.6298e+07 1.526e+06
0.366 6.7663e+07 1.3533e+06
0.367 6.0894e+07 1.2179e+06
0.368 7.1826e+07 1.4365e+06
0.369 6.4882e+07 1.2976e+06
0.37 5.7339e+07 1.1468e+06
0.371 6.1826e+07 1.2365e+06
0.372 8.1508e+07 1.6302e+06
0.373 5.8189e+07 1.1638e+06
0.374 6.9137e+07 1.3827e+06
0.375 6.0199e+07 1.204e+06
0.376 5.3254e+07 1.0651e+06
0.377 6.4129e+07 1.2826e+06
0.378 5.9759e+07 1.1952e+06
0.379 7.2029e+07 1.4406e+06
0.38 7.8571e+07 1.5714e+06
0.381 6.5224e+07 1.3045e+06
0.382 6.6598e+07 1.332e+06
0.383 7.2773e+07 1.4555e+06
0.384 5.0885e+07 1.0177e+06
0.385 6.429e+07 1.2858e+06
0.386 7.8914e+07 1.5783e+06
0.387 7.2521e+07 1.4504e+06
0.388 6.4131e+07 1.2826e+06
0.389 7.3011e+07 1.4602e+06
0.39 5.5484e+07 1.1097e+06
0.391 7.5549e+07 1.511e+06
0.392 6.6712e+07 1.3342e+06
0.393 7.8548e+07 1.571e+06
0.394 6.8289e+07 1.3658e+06
0.395 4.7016e+07 9.4032e+05
0.396 6.4636e+07 1.2927e+06
0.397 7.2735e+07 1.4547e+06
0.398 6.7806e+07 1.3561e+06
0.399 5.824e+07 1.1648e+06
0.4 7.3661e+07 1.4732e+06
0.401 6.3282e+07 1.2656e+06
0.402 5.221e+07 1.0442e+06
0.403 7.6829e+07 1.5366e+06
0.404 5.4374e+07 1.0875e+06
0.405 6.0938e+07 1.2188e+06
0.406 7.7113e+07 1.5423e+06
0.407 6.5993e+07 1.3199e+06
0.408 5.5989e+07 1.1198e+06
0.409 5.8598e+07 1.172e+06
0.41 6.3499e+07 1.27e+06
0.411 7.2483e+07 1.4497e+06
0.412 5.3684e+07 1.0737e+06
0.413 5.9499e+07 1.19e+06
0.414 6.7318e+07 1.3464e+06
0.415 5.3897e+07 1.0779e+06
0.416 5.98e+07 1.196e+06
0.417 4.7487e+07 9.4974e+05
0.418 4.8952e+07 9.7904e+05
0.419 7.1059e+07 1.4212e+06
0.42 6.4797e+07 1.2959e+06
0.421 4.5368e+07 9.0736e+05
0.422 5.5153e+07 1.1031e+06
0.423 4.542e+07 9.0839e+05
0.424 7.9263e+07 1.5853e+06
0.425 5.6278e+07 1.1256e+06
0.426 5.7146e+07 1.1429e+06
0.427 5.1023e+07 1.0205e+06
0.428 6.0185e+07 1.2037e+06
0.429 7.1916e+07 1.4383e+06
0.43 5.0506e+07 1.0101e+06
0.431 6.0703e+07 1.2141e+06
0.432 3.6802e+07 7.3603e+05
0.433 7.3513e+07 1.4703e+06
0.434 5.1383e+07 1.0277e+06
0.435 3.9236e+07 7.8472e+05
0.436 5.5285e+07 1.1057e+06
0.437 4.9655e+07 9.931e+05
0.438 6.4575e+07 1.2915e+06
0.439 4.6175e+07 9.2351e+05
0.44 6.9428e+07 1.3886e+06
0.441 5.4203e+07 1.0841e+06
0.442 5.4971e+07 1.0994e+06
0.443 6.3919e+07 1.2784e+06
0.444 6.219e+07 1.2438e+06
0.445 4.6526e+07 9.3052e+05
0.446 6.7269e+07 1.3454e+06
0.447 4.0049e+07 8.0099e+05
0.448 5.3515e+07 1.0703e+06
0.449 5.9526e+07 1.1905e+06
0.45 5.9182e+07 1.1836e+06
0.451 5.5393e+07 1.1079e+06
0.452 4.8911e+07 9.7821e+05
0.453 5.6267e+07 1.1253e+06
0.454 6.0045e+07 1.2009e+06
0.455 3.9735e+07 7.947e+05
0.456 6.7081e+07 1.3416e+06
0.457 5.7583e+07 1.1517e+06
0.458 4.8773e+07 9.7546e+05
0.459 5.3518e+07 1.0704e+06
0.46 5.7272e+07 1.1454e+06
0.461 5.1155e+07 1.0231e+06
0.462 4.2134e+07 8.4267e+05
0.463 6.2217e+07 1.2443e+06
0.464 5.5703e+07 1.1141e+06
0.465 5.3338e+07 1.0668e+06
0.466 7.0562e+07 1.4112e+06
0.467 4.6729e+07 9.3457e+05
0.468 4.5858e+07 9.1716e+05
0.469 5.0296e+07 1.0059e+06
0.47 4.2108e+07 8.4216e+05
0.471 4.8771e+07 9.7541e+05
0.472 6.0727e+07 1.2145e+06
0.473 5.5574e+07 1.1115e+06
0.474 3.8967e+07 7.7934e+05
0.475 4.3214e+07 8.6428e+05
0.476 4.3234e+07 8.6467e+05
0.477 3.6258e+07 7.2517e+05
0.478 5.0623e+07 1.0125e+06
0.479 4.1358e+07 8.2717e+05
0.48 4.3704e+07 8.7409e+05
0.481 4.8417e+07 9.6835e+05
0.482 3.6478e+07 7.2957e+05
0.483 6.0843e+07 1.2169e+06
0.484 4.2366e+07 8.4732e+05
0.485 5.1527e+07 1.0305e+06
0.486 3.9328e+07 7.8655e+05
0.487 4.4437e+07 8.8874e+05
0.488 3.0976e+07 6.1951e+05
0.489 4.4908e+07 8.9815e+05
0.49 4.7099e+07 9.4199e+05
0.491 4.5289e+07 9.0578e+05
0.492 5.0586e+07 1.0117e+06
0.493 4.1373e+07 8.2747e+05
0.494 4.6482e+07 9.2963e+05
0.495 5.1134e+07 1.0227e+06
0.496 3.7071e+07 7.4142e+05
0.497 3.7202e+07 7.4404e+05
0.498 3.509e+07 7.0181e+05
0.499 3.5932e+07 7.1864e+05
0.5 4.9575e+07 9.9149e+05
