0.001 8.4456e+09 1.6891e+08
0.002 8.3788e+09 1.6758e+08
0.003 8.5349e+09 1.707e+08
0.004 8.3552e+09 1.671e+08
0.005 8.4195e+09 1.6839e+08
0.006 8.4063e+09 1.6813e+08
0.007 8.4538e+09 1.6908e+08
0.008 8.3439e+09 1.6688e+08
0.009 8.3248e+09 1.665e+08
0.01 8.3065e+09 1.6613e+08
0.011 8.254e+09 1.6508e+08
0.012 8.2552e+09 1.651e+08
0.013 8.2412e+09 1.6482e+08
0.014 8.2512e+09 1.6502e+08
0.015 8.2115e+09 1.6423e+08
0.016 8.1659e+09 1.6332e+08
0.017 8.0862e+09 1.6172e+08
0.018 8.1098e+09 1.622e+08
0.019 8.0942e+09 1.6188e+08
0.02 8.1762e+09 1.6352e+08
0.021 8.0775e+09 1.6155e+08
0.022 8.002e+09 1.6004e+08
0.023 7.952e+09 1.5904e+08
0.024 7.9144e+09 1.5829e+08
0.025 7.8545e+09 1.5709e+08
0.026 7.8747e+09 1.5749e+08
0.027 7.8838e+09 1.5768e+08
0.028 7.7879e+09 1.5576e+08
0.029 7.7227e+09 1.5445e+08
0.03 7.7087e+09 1.5417e+08
0.031 7.6589e+09 1.5318e+08
0.032 7.6414e+09 1.5283e+08
0.033 7.5568e+09 1.5114e+08
0.034 7.5208e+09 1.5042e+08
0.035 7.4451e+09 1.489e+08
0.036 7.3821e+09 1.4764e+08
0.037 7.4017e+09 1.4803e+08
0.038 7.3249e+09 1.465e+08
0.039 7.2456e+09 1.4491e+08
0.04 7.2199e+09 1.444e+08
0.041 7.1633e+09 1.4327e+08
0.042 7.13e+09 1.426e+08
0.043 7.0248e+09 1.405e+08
0.044 6.9934e+09 1.3987e+08
0.045 6.9428e+09 1.3886e+08
0.046 6.8823e+09 1.3765e+08
0.047 6.7755e+09 1.3551e+08
0.048 6.7417e+09 1.3483e+08
0.049 6.6809e+09 1.3362e+08
0.05 6.6117e+09 1.3223e+08
0.051 6.5542e+09 1.3108e+08
0.052 6.4827e+09 1.2965e+08
0.053 6.4116e+09 1.2823e+08
0.054 6.3648e+09 1.273e+08
0.055 6.2779e+09 1.2556e+08
0.056 6.2053e+09 1.2411e+08
0.057 6.1504e+09 1.2301e+08
0.058 6.085e+09 1.217e+08
0.059 6.015e+09 1.203e+08
0.06 5.962e+09 1.1924e+08
0.061 5.8913e+09 1.1783e+08
0.062 5.8298e+09 1.166e+08
0.063 5.7378e+09 1.1476e+08
0.064 5.6678e+09 1.1336e+08
0.065 5.6204e+09 1.1241e+08
0.066 5.5213e+09 1.1043e+08
0.067 5.4758e+09 1.0952e+08
0.068 5.3909e+09 1.0782e+08
0.069 5.3388e+09 1.0678e+08
0.07 5.2709e+09 1.0542e+08
0.071 5.1764e+09 1.0353e+08
0.072 5.1299e+09 1.026e+08
0.073 5.052e+09 1.0104e+08
0.074 4.9853e+09 9.9706e+07
0.075 4.8827e+09 9.7654e+07
0.076 4.8207e+09 9.6415e+07
0.077 4.7675e+09 9.5349e+07
0.078 4.6787e+09 9.3573e+07
0.079 4.6217e+09 9.2433e+07
0.08 4.5605e+09 9.121e+07
0.081 4.4884e+09 8.9768e+07
0.082 4.4125e+09 8.8249e+07
0.083 4.3236e+09 8.6472e+07
0.084 4.2869e+09 8.5737e+07
0.085 4.204e+09 8.408e+07
0.086 4.129e+09 8.2579e+07
0.087 4.0809e+09 8.1618e+07
0.088 4.0036e+09 8.0072e+07
0.089 3.9354e+09 7.8708e+07
0.09 3.8652e+09 7.7304e+07
0.091 3.8094e+09 7.6188e+07
0.092 3.7333e+09 7.4666e+07
0.093 3.6615e+09 7.3229e+07
0.094 3.6147e+09 7.2295e+07
0.095 3.5358e+09 7.0716e+07
0.096 3.4797e+09 6.9595e+07
0.097 3.4124e+09 6.8248e+07
0.098 3.3344e+09 6.6689e+07
0.099 3.2892e+09 6.5783e+07
0.1 3.2309e+09 6.4618e+07
0.101 3.1627e+09 6.3255e+07
0.102 3.0927e+09 6.1855e+07
0.103 3.0378e+09 6.0757e+07
0.104 2.9889e+09 5.9778e+07
0.105 2.9141e+09 5.8282e+07
0.106 2.8802e+09 5.7604e+07
0.107 2.8059e+09 5.6118e+07
0.108 2.7502e+09 5.5004e+07
0.109 2.6915e+09 5.3831e+07
0.11 2.6478e+09 5.2957e+07
0.111 2.5874e+09 5.1747e+07
0.112 2.5573e+09 5.1146e+07
0.113 2.4825e+09 4.965e+07
0.114 2.4293e+09 4.8586e+07
0.115 2.4031e+09 4.8062e+07
0.116 2.3063e+09 4.6126e+07
0.117 2.2882e+09 4.5763e+07
0.118 2.2392e+09 4.4783e+07
0.119 2.1884e+09 4.3769e+07
0.12 2.1193e+09 4.2385e+07
0.121 2.0904e+09 4.1809e+07
0.122 2.0512e+09 4.1023e+07
0.123 1.9937e+09 3.9873e+07
0.124 1.942e+09 3.8841e+07
0.125 1.9066e+09 3.8131e+07
0.126 1.8581e+09 3.7162e+07
0.127 1.8274e+09 3.6549e+07
0.128 1.7754e+09 3.5509e+07
0.129 1.7275e+09 3.4549e+07
0.13 1.6971e+09 3.3943e+07
0.131 1.6575e+09 3.3149e+07
0.132 1.6164e+09 3.2328e+07
0.133 1.5682e+09 3.1364e+07
0.134 1.549e+09 3.098e+07
0.135 1.5017e+09 3.0033e+07
0.136 1.4687e+09 2.9374e+07
0.137 1.4217e+09 2.8435e+07
0.138 1.391e+09 2.782e+07
0.139 1.3664e+09 2.7328e+07
0.14 1.3258e+09 2.6516e+07
0.141 1.2965e+09 2.5929e+07
0.142 1.2549e+09 2.5097e+07
0.143 1.2233e+09 2.4466e+07
0.144 1.1994e+09 2.3988e+07
0.145 1.1806e+09 2.3613e+07
0.146 1.1539e+09 2.3078e+07
0.147 1.1056e+09 2.2111e+07
0.148 1.0832e+09 2.1664e+07
0.149 1.0674e+09 2.1348e+07
0.15 1.0227e+09 2.0454e+07
0.151 1.0081e+09 2.0163e+07
0.152 9.716e+08 1.9432e+07
0.153 9.6113e+08 1.9223e+07
0.154 9.169e+08 1.8338e+07
0.155 9.1483e+08 1.8297e+07
0.156 8.6895e+08 1.7379e+07
0.157 8.5441e+08 1.7088e+07
0.158 8.5156e+08 1.7031e+07
0.159 8.0256e+08 1.6051e+07
0.16 7.9595e+08 1.5919e+07
0.161 7.8143e+08 1.5629e+07
0.162 7.5158e+08 1.5032e+07
0.163 7.3715e+08 1.4743e+07
0.164 7.1371e+08 1.4274e+07
0.165 6.9101e+08 1.382e+07
0.166 6.7e+08 1.34e+07
0.167 6.6527e+08 1.3305e+07
0.168 6.4555e+08 1.2911e+07
0.169 6.1502e+08 1.23e+07
0.17 6.0613e+08 1.2123e+07
0.171 5.9623e+08 1.1925e+07
0.172 5.7696e+08 1.1539e+07
0.173 5.539e+08 1.1078e+07
0.174 5.5494e+08 1.1099e+07
0.175 5.4383e+08 1.0877e+07
0.176 5.2644e+08 1.0529e+07
0.177 5.0928e+08 1.0186e+07
0.178 4.9783e+08 9.9566e+06
0.179 4.9253e+08 9.8507e+06
0.18 4.6886e+08 9.3772e+06
0.181 4.572e+08 9.144e+06
0.182 4.6507e+08 9.3014e+06
0.183 4.3388e+08 8.6776e+06
0.184 4.1983e+08 8.3967e+06
0.185 4.1322e+08 8.2643e+06
0.186 3.9399e+08 7.8798e+06
0.187 4.0395e+08 8.079e+06
0.188 3.8523e+08 7.7045e+06
0.189 3.7219e+08 7.4438e+06
0.19 3.7083e+08 7.4167e+06
0.191 3.6422e+08 7.2844e+06
0.192 3.4406e+08 6.8812e+06
0.193 3.3935e+08 6.7869e+06
0.194 3.4005e+08 6.8011e+06
0.195 3.3396e+08 6.6793e+06
0.196 3.1598e+08 6.3196e+06
0.197 3.1325e+08 6.2651e+06
0.198 2.9593e+08 5.9186e+06
0.199 2.9821e+08 5.9641e+06
0.2 2.8657e+08 5.7313e+06
0.201 2.9035e+08 5.8069e+06
0.202 2.772e+08 5.544e+06
0.203 2.7743e+08 5.5486e+06
0.204 2.6775e+08 5.355e+06
0.205 2.7401e+08 5.4802e+06
0.206 2.471e+08 4.9419e+06
0.207 2.4751e+08 4.9502e+06
0.208 2.5158e+08 5.0316e+06
0.209 2.3257e+08 4.6513e+06
0.21 2.2355e+08 4.471e+06
0.211 2.334e+08 4.6679e+06
0.212 2.3196e+08 4.6391e+06
0.213 2.168e+08 4.3361e+06
0.214 2.1817e+08 4.3635e+06
0.215 1.9749e+08 3.9498e+06
0.216 2.0097e+08 4.0193e+06
0.217 2.1298e+08 4.2595e+06
0.218 1.9284e+08 3.8568e+06
0.219 1.979e+08 3.9581e+06
0.22 2.0247e+08 4.0494e+06
0.221 1.9325e+08 3.8649e+06
0.222 1.7979e+08 3.5959e+06
0.223 1.8151e+08 3.6302e+06
0.224 1.7764e+08 3.5528e+06
0.225 1.7733e+08 3.5466e+06
0.226 1.7931e+08 3.5863e+06
0.227 1.6895e+08 3.3791e+06
0.228 1.5696e+08 3.1393e+06
0.229 1.5538e+08 3.1075e+06
0.23 1.5278e+08 3.0555e+06
0.231 1.5584e+08 3.1167e+06
0.232 1.4757e+08 2.9514e+06
0.233 1.4068e+08 2.8135e+06
0.234 1.5659e+08 3.1318e+06
0.235 1.3892e+08 2.7784e+06
0.236 1.3985e+08 2.797e+06
0.237 1.331e+08 2.6621e+06
0.238 1.3843e+08 2.7685e+06
0.239 1.2944e+08 2.5888e+06
0.24 1.3244e+08 2.6489e+06
0.241 1.2531e+08 2.5063e+06
0.242 1.3273e+08 2.6546e+06
0.243 1.2766e+08 2.5531e+06
0.244 1.1901e+08 2.3802e+06
0.245 1.2285e+08 2.457e+06
0.246 1.3374e+08 2.6749e+06
0.247 1.2063e+08 2.4125e+06
0.248 1.1262e+08 2.2525e+06
0.249 1.1815e+08 2.363e+06
0.25 1.1256e+08 2.2511e+06
0.251 1.0507e+08 2.1014e+06
0.252 1.0536e+08 2.1072e+06
0.253 1.0851e+08 2.1703e+06
0.254 1.0163e+08 2.0326e+06
0.255 9.7553e+07 1.9511e+06
0.256 1.0259e+08 2.0517e+06
0.257 9.9124e+07 1.9825e+06
0.258 9.6575e+07 1.9315e+06
0.259 1.0029e+08 2.0059e+06
0.26 9.5753e+07 1.9151e+06
0.261 9.5462e+07 1.9092e+06
0.262 8.6563e+07 1.7313e+06
0.263 9.4217e+07 1.8843e+06
0.264 9.9928e+07 1.9986e+06
0.265 8.422e+07 1.6844e+06
0.266 8.2479e+07 1.6496e+06
0.267 9.6419e+07 1.9284e+06
0.268 9.408e+07 1.8816e+06
0.269 7.9589e+07 1.5918e+06
0.27 8.6979e+07 1.7396e+06
0.271 8.6475e+07 1.7295e+06
0.272 7.5585e+07 1.5117e+06
0.273 8.1709e+07 1.6342e+06
0.274 7.1304e+07 1.4261e+06
0.275 8.5263e+07 1.7053e+06
0.276 7.9746e+07 1.5949e+06
0.277 8.1781e+07 1.6356e+06
0.278 7.3872e+07 1.4774e+06
0.279 8.2347e+07 1.6469e+06
0.28 8.1787e+07 1.6357e+06
0.281 7.2721e+07 1.4544e+06
0.282 6.4237e+07 1.2847e+06
0.283 7.4026e+07 1.4805e+06
0.284 7.3671e+07 1.4734e+06
0.285 7.2698e+07 1.454e+06
0.286 7.4528e+07 1.4906e+06
0.287 6.3329e+07 1.2666e+06
0.288 7.1588e+07 1.4318e+06
0.289 7.809e+07 1.5618e+06
0.29 7.1795e+07 1.4359e+06
0.291 8.1669e+07 1.6334e+06
0.292 6.8554e+07 1.3711e+06
0.293 7.1613e+07 1.4323e+06
0.294 6.6062e+07 1.3212e+06
0.295 6.2243e+07 1.2449e+06
0.296 6.8554e+07 1.3711e+06
0.297 6.8685e+07 1.3737e+06
0.298 6.3585e+07 1.2717e+06
0.299 5.7209e+07 1.1442e+06
0.3 5.9253e+07 1.1851e+06
0.301 5.9874e+07 1.1975e+06
0.302 6.645e+07 1.329e+06
0.303 6.4547e+07 1.2909e+06
0.304 6.4092e+07 1.2818e+06
0.305 5.9833e+07 1.1967e+06
0.306 6.3254e+07 1.2651e+06
0.307 5.8985e+07 1.1797e+06
0.308 6.9101e+07 1.382e+06
0.309 5.5504e+07 1.1101e+06
0.31 6.3292e+07 1.2658e+06
0.311 5.4786e+07 1.0957e+06
0.312 5.8075e+07 1.1615e+06
0.313 7.1608e+07 1.4322e+06
0.314 5.8386e+07 1.1677e+06
0.315 6.6509e+07 1.3302e+06
0.316 6.8497e+07 1.3699e+06
0.317 5.4037e+07 1.0807e+06
0.318 6.8746e+07 1.3749e+06
0.319 5.6411e+07 1.1282e+06
0.32 6.2486e+07 1.2497e+06
0.321 5.4562e+07 1.0912e+06
0.322 5.9517e+07 1.1903e+06
0.323 5.5277e+07 1.1055e+06
0.324 5.9395e+07 1.1879e+06
0.325 5.6633e+07 1.1327e+06
0.326 6.6356e+07 1.3271e+06
0.327 5.805e+07 1.161e+06
0.328 6.4957e+07 1.2991e+06
0.329 6.0116e+07 1.2023e+06
0.33 6.125e+07 1.225e+06
0.331 6.329e+07 1.2658e+06
0.332 6.0247e+07 1.2049e+06
0.333 6.0179e+07 1.2036e+06
0.334 6.4071e+07 1.2814e+06
0.335 6.3915e+07 1.2783e+06
0.336 5.6835e+07 1.1367e+06
0.337 5.5461e+07 1.1092e+06
0.338 5.5495e+07 1.1099e+06
0.339 5.7194e+07 1.1439e+06
0.34 5.3002e+07 1.06e+06
0.341 5.715e+07 1.143e+06
0.342 7.0357e+07 1.4071e+06
0.343 5.5841e+07 1.1168e+06
0.344 5.9457e+07 1.1891e+06
0.345 5.8247e+07 1.1649e+06
0.346 5.6224e+07 1.1245e+06
0.347 6.0384e+07 1.2077e+06
0.348 5.3646e+07 1.0729e+06
0.349 5.7025e+07 1.1405e+06
0.35 5.4317e+07 1.0863e+06
0.351 5.8635e+07 1.1727e+06
0.352 6.5201e+07 1.304e+06
0.353 5.6277e+07 1.1255e+06
0.354 7.072e+07 1.4144e+06
0.355 6.0649e+07 1.213e+06
0.356 6.6535e+07 1.3307e+06
0.357 5.3693e+07 1.0739e+06
0.358 5.7338e+07 1.1468e+06
0.359 5.82e+07 1.164e+06
0.36 5.7266e+07 1.1453e+06
0.361 6.5676e+07 1.3135e+06
0.362 5.7747e+07 1.1549e+06
0.363 6.3174e+07 1.2635e+06
0.364 6.2853e+07 1.2571e+06
0.365 6.5479e+07 1.3096e+06
0.366 6.6058e+07 1.3212e+06
0.367 7.3566e+07 1.4713e+06
0.368 5.6408e+07 1.1282e+06
0.369 6.6933e+07 1.3387e+06
0.37 6.4544e+07 1.2909e+06
0.371 5.7782e+07 1.1556e+06
0.372 6.2229e+07 1.2446e+06
0.373 6.3074e+07 1.2615e+06
0.374 6.1498e+07 1.23e+06
0.375 6.7929e+07 1.3586e+06
0.376 6.882e+07 1.3764e+06
0.377 6.8173e+07 1.3635e+06
0.378 6.3795e+07 1.2759e+06
0.379 6.4767e+07 1.2953e+06
0.38 6.6245e+07 1.3249e+06
0.381 6.266e+07 1.2532e+06
0.382 6.4808e+07 1.2962e+06
0.383 6.0739e+07 1.2148e+06
0.384 7.1333e+07 1.4267e+06
0.385 6.4517e+07 1.2903e+06
0.386 6.8977e+07 1.3795e+06
0.387 6.7369e+07 1.3474e+06
0.388 7.1823e+07 1.4365e+06
0.389 6.4128e+07 1.2826e+06
0.39 6.4535e+07 1.2907e+06
0.391 7.0484e+07 1.4097e+06
0.392 7.7438e+07 1.5488e+06
0.393 7.769e+07 1.5538e+06
0.394 6.9681e+07 1.3936e+06
0.395 6.7481e+07 1.3496e+06
0.396 6.8859e+07 1.3772e+06
0.397 6.7993e+07 1.3599e+06
0.398 7.0156e+07 1.4031e+06
0.399 6.6542e+07 1.3308e+06
0.4 6.7501e+07 1.35e+06
0.401 6.8207e+07 1.3641e+06
0.402 6.7405e+07 1.3481e+06
0.403 7.904e+07 1.5808e+06
0.404 7.4797e+07 1.4959e+06
0.405 6.6442e+07 1.3288e+06
0.406 6.8986e+07 1.3797e+06
0.407 7.0437e+07 1.4087e+06
0.408 7.2793e+07 1.4559e+06
0.409 7.5333e+07 1.5067e+06
0.41 6.8769e+07 1.3754e+06
0.411 7.1444e+07 1.4289e+06
0.412 7.3024e+07 1.4605e+06
0.413 6.6732e+07 1.3346e+06
0.414 7.0918e+07 1.4184e+06
0.415 6.8405e+07 1.3681e+06
0.416 6.8656e+07 1.3731e+06
0.417 7.632e+07 1.5264e+06
0.418 7.0903e+07 1.4181e+06
0.419 7.0057e+07 1.4011e+06
0.42 7.2004e+07 1.4401e+06
0.421 7.2716e+07 1.4543e+06
0.422 6.8095e+07 1.3619e+06
0.423 6.9905e+07 1.3981e+06
0.424 6.8642e+07 1.3728e+06
0.425 7.1296e+07 1.4259e+06
0.426 7.2873e+07 1.4575e+06
0.427 7.3558e+07 1.4712e+06
0.428 8.0182e+07 1.6036e+06
0.429 7.2711e+07 1.4542e+06
0.43 6.5742e+07 1.3148e+06
0.431 7.6678e+07 1.5336e+06
0.432 7.1732e+07 1.4346e+06
0.433 7.1389e+07 1.4278e+06
0.434 7.4322e+07 1.4864e+06
0.435 7.661e+07 1.5322e+06
0.436 7.2583e+07 1.4517e+06
0.437 7.4519e+07 1.4904e+06
0.438 7.6985e+07 1.5397e+06
0.439 7.1932e+07 1.4386e+06
0.44 7.1739e+07 1.4348e+06
0.441 7.2291e+07 1.4458e+06
0.442 6.8344e+07 1.3669e+06
0.443 8.1044e+07 1.6209e+06
0.444 6.764e+07 1.3528e+06
0.445 7.2389e+07 1.4478e+06
0.446 7.2321e+07 1.4464e+06
0.447 8.1595e+07 1.6319e+06
0.448 7.3182e+07 1.4636e+06
0.449 6.948e+07 1.3896e+06
0.45 7.8108e+07 1.5622e+06
0.451 7.5326e+07 1.5065e+06
0.452 7.2006e+07 1.4401e+06
0.453 6.9107e+07 1.3821e+06
0.454 6.8516e+07 1.3703e+06
0.455 7.7466e+07 1.5493e+06
0.456 7.3762e+07 1.4752e+06
0.457 6.6709e+07 1.3342e+06
0.458 7.6094e+07 1.5219e+06
0.459 7.5248e+07 1.505e+06
0.46 7.394e+07 1.4788e+06
0.461 7.5826e+07 1.5165e+06
0.462 7.0905e+07 1.4181e+06
0.463 7.649e+07 1.5298e+06
0.464 7.0948e+07 1.419e+06
0.465 7.5875e+07 1.5175e+06
0.466 7.189e+07 1.4378e+06
0.467 7.5974e+07 1.5195e+06
0.468 7.0254e+07 1.4051e+06
0.469 7.6038e+07 1.5208e+06
0.47 7.4278e+07 1.4856e+06
0.471 6.878e+07 1.3756e+06
0.472 6.5934e+07 1.3187e+06
0.473 8.0066e+07 1.6013e+06
0.474 7.5347e+07 1.5069e+06
0.475 7.4184e+07 1.4837e+06
0.476 7.0228e+07 1.4046e+06
0.477 7.5378e+07 1.5076e+06
0.478 7.5595e+07 1.5119e+06
0.479 7.7379e+07 1.5476e+06
0.48 7.0005e+07 1.4001e+06
0.481 6.8768e+07 1.3754e+06
0.482 7.6238e+07 1.5248e+06
0.483 7.3629e+07 1.4726e+06
0.484 6.9459e+07 1.3892e+06
0.485 7.3474e+07 1.4695e+06
0.486 7.2899e+07 1.458e+06
0.487 7.4082e+07 1.4816e+06
0.488 7.4538e+07 1.4908e+06
0.489 7.5547e+07 1.5109e+06
0.49 7.51e+07 1.502e+06
0.491 7.2617e+07 1.4523e+06
0.492 7.5169e+07 1.5034e+06
0.493 7.2749e+07 1.455e+06
0.494 7.9042e+07 1.5808e+06
0.495 6.9958e+07 1.3992e+06
0.496 6.7369e+07 1.3474e+06
0.497 7.2213e+07 1.4443e+06
0.498 6.9726e+07 1.3945e+06
0.499 7.4561e+07 1.4912e+06
0.5 7.284e+07 1.4568e+06
