0.001 3.5863e+09 7.1726e+07
0.002 3.4944e+09 6.9888e+07
0.003 3.5042e+09 7.0084e+07
0.004 3.5288e+09 7.0577e+07
0.005 3.4467e+09 6.8933e+07
0.006 3.4513e+09 6.9026e+07
0.007 3.4902e+09 6.9803e+07
0.008 3.4464e+09 6.8927e+07
0.009 3.4637e+09 6.9273e+07
0.01 3.4303e+09 6.8606e+07
0.011 3.4288e+09 6.8575e+07
0.012 3.468e+09 6.936e+07
0.013 3.4366e+09 6.8732e+07
0.014 3.4035e+09 6.807e+07
0.015 3.4171e+09 6.8343e+07
0.016 3.4023e+09 6.8046e+07
0.017 3.3963e+09 6.7925e+07
0.018 3.3912e+09 6.7824e+07
0.019 3.3755e+09 6.751e+07
0.02 3.3429e+09 6.6858e+07
0.021 3.3291e+09 6.6583e+07
0.022 3.3087e+09 6.6173e+07
0.023 3.3213e+09 6.6425e+07
0.024 3.2931e+09 6.5862e+07
0.025 3.3026e+09 6.6051e+07
0.026 3.2473e+09 6.4946e+07
0.027 3.2606e+09 6.5211e+07
0.028 3.2422e+09 6.4845e+07
0.029 3.2056e+09 6.4112e+07
0.03 3.1815e+09 6.363e+07
0.031 3.1624e+09 6.3248e+07
0.032 3.1632e+09 6.3264e+07
0.033 3.1459e+09 6.2917e+07
0.034 3.0989e+09 6.1978e+07
0.035 3.0964e+09 6.1929e+07
0.036 3.0764e+09 6.1528e+07
0.037 3.0413e+09 6.0826e+07
0.038 3.0304e+09 6.0607e+07
0.039 2.9931e+09 5.9862e+07
0.04 2.9928e+09 5.9857e+07
0.041 2.9601e+09 5.9202e+07
0.042 2.928e+09 5.8561e+07
0.043 2.9045e+09 5.809e+07
0.044 2.8813e+09 5.7626e+07
0.045 2.8678e+09 5.7357e+07
0.046 2.8323e+09 5.6647e+07
0.047 2.8102e+09 5.6205e+07
0.048 2.7743e+09 5.5486e+07
0.049 2.7475e+09 5.4949e+07
0.05 2.7203e+09 5.4405e+07
0.051 2.7013e+09 5.4026e+07
0.052 2.6677e+09 5.3354e+07
0.053 2.665e+09 5.3299e+07
0.054 2.6179e+09 5.2357e+07
0.055 2.5855e+09 5.1709e+07
0.056 2.5673e+09 5.1346e+07
0.057 2.5413e+09 5.0825e+07
0.058 2.5101e+09 5.0202e+07
0.059 2.4856e+09 4.9711e+07
0.06 2.4512e+09 4.9023e+07
0.061 2.4221e+09 4.8442e+07
0.062 2.3958e+09 4.7916e+07
0.063 2.3602e+09 4.7204e+07
0.064 2.3469e+09 4.6939e+07
0.065 2.3102e+09 4.6203e+07
0.066 2.2644e+09 4.5288e+07
0.067 2.2441e+09 4.4883e+07
0.068 2.2301e+09 4.4602e+07
0.069 2.1963e+09 4.3926e+07
0.07 2.1635e+09 4.327e+07
0.071 2.1416e+09 4.2832e+07
0.072 2.1112e+09 4.2224e+07
0.073 2.0762e+09 4.1524e+07
0.074 2.0428e+09 4.0856e+07
0.075 2.0188e+09 4.0375e+07
0.076 1.9873e+09 3.9747e+07
0.077 1.9483e+09 3.8966e+07
0.078 1.9319e+09 3.8637e+07
0.079 1.9069e+09 3.8139e+07
0.08 1.8716e+09 3.7433e+07
0.081 1.8393e+09 3.6787e+07
0.082 1.8134e+09 3.6268e+07
0.083 1.7799e+09 3.5598e+07
0.084 1.757e+09 3.5141e+07
0.085 1.7324e+09 3.4649e+07
0.086 1.6983e+09 3.3965e+07
0.087 1.6789e+09 3.3578e+07
0.088 1.6533e+09 3.3067e+07
0.089 1.6253e+09 3.2505e+07
0.09 1.5949e+09 3.1897e+07
0.091 1.5547e+09 3.1093e+07
0.092 1.5306e+09 3.0613e+07
0.093 1.507e+09 3.014e+07
0.094 1.4866e+09 2.9733e+07
0.095 1.4577e+09 2.9155e+07
0.096 1.4233e+09 2.8466e+07
0.097 1.3988e+09 2.7976e+07
0.098 1.3842e+09 2.7685e+07
0.099 1.352e+09 2.7041e+07
0.1 1.3258e+09 2.6516e+07
0.101 1.3117e+09 2.6234e+07
0.102 1.275e+09 2.5499e+07
0.103 1.2578e+09 2.5155e+07
0.104 1.2275e+09 2.4549e+07
0.105 1.2052e+09 2.4104e+07
0.106 1.1796e+09 2.3592e+07
0.107 1.1513e+09 2.3026e+07
0.108 1.139e+09 2.2779e+07
0.109 1.101e+09 2.202e+07
0.11 1.0851e+09 2.1703e+07
0.111 1.0645e+09 2.1291e+07
0.112 1.0449e+09 2.0898e+07
0.113 1.0254e+09 2.0507e+07
0.114 9.9782e+08 1.9956e+07
0.115 9.8515e+08 1.9703e+07
0.116 9.5905e+08 1.9181e+07
0.117 9.3329e+08 1.8666e+07
0.118 9.2221e+08 1.8444e+07
0.119 8.9965e+08 1.7993e+07
0.12 8.7726e+08 1.7545e+07
0.121 8.6317e+08 1.7263e+07
0.122 8.3738e+08 1.6748e+07
0.123 8.2827e+08 1.6565e+07
0.124 8.0718e+08 1.6144e+07
0.125 7.8905e+08 1.5781e+07
0.126 7.7371e+08 1.5474e+07
0.127 7.4937e+08 1.4987e+07
0.128 7.3761e+08 1.4752e+07
0.129 7.199e+08 1.4398e+07
0.13 7.0921e+08 1.4184e+07
0.131 6.8521e+08 1.3704e+07
0.132 6.8017e+08 1.3603e+07
0.133 6.6212e+08 1.3242e+07
0.134 6.421e+08 1.2842e+07
0.135 6.295e+08 1.259e+07
0.136 6.0595e+08 1.2119e+07
0.137 6.0266e+08 1.2053e+07
0.138 5.8822e+08 1.1764e+07
0.139 5.7182e+08 1.1436e+07
0.14 5.6267e+08 1.1253e+07
0.141 5.3989e+08 1.0798e+07
0.142 5.3024e+08 1.0605e+07
0.143 5.1662e+08 1.0332e+07
0.144 5.0336e+08 1.0067e+07
0.145 4.8974e+08 9.7949e+06
0.146 4.8509e+08 9.7017e+06
0.147 4.6336e+08 9.2673e+06
0.148 4.5414e+08 9.0828e+06
0.149 4.4972e+08 8.9944e+06
0.15 4.3903e+08 8.7806e+06
0.151 4.2712e+08 8.5424e+06
0.152 4.1708e+08 8.3415e+06
0.153 4.0329e+08 8.0658e+06
0.154 3.9665e+08 7.9331e+06
0.155 3.8797e+08 7.7594e+06
0.156 3.8025e+08 7.6049e+06
0.157 3.7006e+08 7.4012e+06
0.158 3.6447e+08 7.2895e+06
0.159 3.5363e+08 7.0727e+06
0.16 3.4264e+08 6.8528e+06
0.161 3.3749e+08 6.7498e+06
0.162 3.3008e+08 6.6017e+06
0.163 3.195e+08 6.39e+06
0.164 3.1013e+08 6.2026e+06
0.165 2.9943e+08 5.9887e+06
0.166 3.0397e+08 6.0793e+06
0.167 2.9265e+08 5.8529e+06
0.168 2.8508e+08 5.7016e+06
0.169 2.755e+08 5.51e+06
0.17 2.7549e+08 5.5098e+06
0.171 2.6566e+08 5.3132e+06
0.172 2.5469e+08 5.0938e+06
0.173 2.5431e+08 5.0863e+06
0.174 2.4164e+08 4.8328e+06
0.175 2.433e+08 4.8659e+06
0.176 2.305e+08 4.6099e+06
0.177 2.2649e+08 4.5297e+06
0.178 2.2246e+08 4.4491e+06
0.179 2.1847e+08 4.3694e+06
0.18 2.1199e+08 4.2398e+06
0.181 2.0491e+08 4.0982e+06
0.182 2.022e+08 4.044e+06
0.183 1.9799e+08 3.9598e+06
0.184 1.8969e+08 3.7937e+06
0.185 1.8729e+08 3.7458e+06
0.186 1.8161e+08 3.6322e+06
0.187 1.7936e+08 3.5873e+06
0.188 1.721e+08 3.442e+06
0.189 1.7221e+08 3.4441e+06
0.19 1.6512e+08 3.3024e+06
0.191 1.6423e+08 3.2847e+06
0.192 1.5767e+08 3.1535e+06
0.193 1.5647e+08 3.1293e+06
0.194 1.4981e+08 2.9963e+06
0.195 1.4731e+08 2.9462e+06
0.196 1.4311e+08 2.8621e+06
0.197 1.471e+08 2.9421e+06
0.198 1.382e+08 2.764e+06
0.199 1.3679e+08 2.7358e+06
0.2 1.3576e+08 2.7152e+06
0.201 1.2669e+08 2.5337e+06
0.202 1.2745e+08 2.5491e+06
0.203 1.2636e+08 2.5271e+06
0.204 1.2223e+08 2.4446e+06
0.205 1.1946e+08 2.3892e+06
0.206 1.2042e+08 2.4084e+06
0.207 1.1399e+08 2.2798e+06
0.208 1.1263e+08 2.2525e+06
0.209 1.0667e+08 2.1333e+06
0.21 1.0709e+08 2.1419e+06
0.211 9.974e+07 1.9948e+06
0.212 9.8656e+07 1.9731e+06
0.213 9.8949e+07 1.979e+06
0.214 9.6506e+07 1.9301e+06
0.215 9.3176e+07 1.8635e+06
0.216 9.3605e+07 1.8721e+06
0.217 9.2607e+07 1.8521e+06
0.218 8.9432e+07 1.7886e+06
0.219 8.4636e+07 1.6927e+06
0.22 8.6627e+07 1.7325e+06
0.221 8.7108e+07 1.7422e+06
0.222 7.9929e+07 1.5986e+06
0.223 8.1102e+07 1.622e+06
0.224 8.1174e+07 1.6235e+06
0.225 7.6715e+07 1.5343e+06
0.226 7.3512e+07 1.4702e+06
0.227 7.5762e+07 1.5152e+06
0.228 7.3374e+07 1.4675e+06
0.229 6.9907e+07 1.3981e+06
0.23 6.9318e+07 1.3864e+06
0.231 6.7839e+07 1.3568e+06
0.232 6.8523e+07 1.3705e+06
0.233 6.5942e+07 1.3188e+06
0.234 6.2313e+07 1.2463e+06
0.235 6.3948e+07 1.279e+06
0.236 6.1572e+07 1.2314e+06
0.237 6.1887e+07 1.2377e+06
0.238 5.8675e+07 1.1735e+06
0.239 6.1767e+07 1.2353e+06
0.24 5.7545e+07 1.1509e+06
0.241 5.8727e+07 1.1745e+06
0.242 5.3717e+07 1.0743e+06
0.243 5.448e+07 1.0896e+06
0.244 5.3182e+07 1.0636e+06
0.245 4.9877e+07 9.9753e+05
0.246 4.9915e+07 9.983e+05
0.247 4.7403e+07 9.4806e+05
0.248 5.0309e+07 1.0062e+06
0.249 4.6783e+07 9.3567e+05
0.25 4.714e+07 9.4279e+05
0.251 4.7638e+07 9.5275e+05
0.252 4.6217e+07 9.2435e+05
0.253 4.6234e+07 9.2468e+05
0.254 4.617e+07 9.234e+05
0.255 3.9479e+07 7.8957e+05
0.256 3.8388e+07 7.6775e+05
0.257 4.1577e+07 8.3155e+05
0.258 4.2399e+07 8.4798e+05
0.259 3.6703e+07 7.3405e+05
0.26 3.5855e+07 7.171e+05
0.261 4.0403e+07 8.0806e+05
0.262 3.9026e+07 7.8051e+05
0.263 4.0884e+07 8.1768e+05
0.264 3.736e+07 7.472e+05
0.265 3.4103e+07 6.8206e+05
0.266 3.7379e+07 7.4759e+05
0.267 3.2469e+07 6.4937e+05
0.268 3.1126e+07 6.2251e+05
0.269 3.145e+07 6.29e+05
0.27 3.2854e+07 6.5709e+05
0.271 3.4924e+07 6.9848e+05
0.272 3.3534e+07 6.7067e+05
0.273 3.0337e+07 6.0674e+05
0.274 2.9863e+07 5.9726e+05
0.275 3.3476e+07 6.6953e+05
0.276 2.838e+07 5.676e+05
0.277 3.0269e+07 6.0539e+05
0.278 3.0682e+07 6.1363e+05
0.279 3.1374e+07 6.2748e+05
0.28 3.0103e+07 6.0206e+05
0.281 3.234e+07 6.4681e+05
0.282 3.074e+07 6.1481e+05
0.283 2.6076e+07 5.2152e+05
0.284 2.8195e+07 5.6389e+05
0.285 2.5275e+07 5.0549e+05
0.286 3.2019e+07 6.4038e+05
0.287 2.7232e+07 5.4464e+05
0.288 2.7676e+07 5.5352e+05
0.289 2.8665e+07 5.7331e+05
0.29 2.6483e+07 5.2965e+05
0.291 2.7814e+07 5.5627e+05
0.292 2.6995e+07 5.3991e+05
0.293 2.8294e+07 5.6588e+05
0.294 2.4615e+07 4.923e+05
0.295 2.6919e+07 5.3838e+05
0.296 2.8125e+07 5.6249e+05
0.297 2.6475e+07 5.295e+05
0.298 2.6409e+07 5.2817e+05
0.299 2.4333e+07 4.8665e+05
0.3 2.5978e+07 5.1956e+05
0.301 2.8774e+07 5.7549e+05
0.302 2.4481e+07 4.8963e+05
0.303 2.6514e+07 5.3028e+05
0.304 2.5171e+07 5.0342e+05
0.305 2.5207e+07 5.0414e+05
0.306 2.6433e+07 5.2866e+05
0.307 2.4327e+07 4.8655e+05
0.308 2.6151e+07 5.2302e+05
0.309 2.4522e+07 4.9045e+05
0.31 2.3989e+07 4.7977e+05
0.311 2.3051e+07 4.6101e+05
0.312 2.1558e+07 4.3115e+05
0.313 2.5571e+07 5.1143e+05
0.314 2.8169e+07 5.6339e+05
0.315 2.8067e+07 5.6133e+05
0.316 3.0073e+07 6.0146e+05
0.317 2.6261e+07 5.2521e+05
0.318 2.5459e+07 5.0917e+05
0.319 2.2498e+07 4.4996e+05
0.32 2.4574e+07 4.9148e+05
0.321 2.7329e+07 5.4658e+05
0.322 2.4718e+07 4.9436e+05
0.323 2.2612e+07 4.5224e+05
0.324 2.9015e+07 5.803e+05
0.325 2.6918e+07 5.3836e+05
0.326 2.5197e+07 5.0394e+05
0.327 2.4394e+07 4.8788e+05
0.328 2.3122e+07 4.6243e+05
0.329 2.8502e+07 5.7005e+05
0.33 2.6823e+07 5.3646e+05
0.331 2.6642e+07 5.3284e+05
0.332 2.7061e+07 5.4122e+05
0.333 2.376e+07 4.7519e+05
0.334 2.7072e+07 5.4144e+05
0.335 2.2291e+07 4.4582e+05
0.336 2.4784e+07 4.9569e+05
0.337 2.2559e+07 4.5119e+05
0.338 2.8487e+07 5.6975e+05
0.339 2.459e+07 4.9181e+05
0.34 2.8264e+07 5.6529e+05
0.341 2.6187e+07 5.2375e+05
0.342 2.6539e+07 5.3078e+05
0.343 2.7673e+07 5.5345e+05
0.344 2.5481e+07 5.0962e+05
0.345 2.9051e+07 5.8102e+05
0.346 2.9095e+07 5.819e+05
0.347 2.8068e+07 5.6137e+05
0.348 2.9994e+07 5.9989e+05
0.349 3.1548e+07 6.3095e+05
0.35 2.8062e+07 5.6125e+05
0.351 2.7666e+07 5.5333e+05
0.352 3.0182e+07 6.0363e+05
0.353 2.6939e+07 5.3878e+05
0.354 2.9792e+07 5.9585e+05
0.355 2.8461e+07 5.6923e+05
0.356 2.7487e+07 5.4974e+05
0.357 2.8196e+07 5.6392e+05
0.358 2.6918e+07 5.3837e+05
0.359 2.8486e+07 5.6971e+05
0.36 2.7434e+07 5.4868e+05
0.361 3.0566e+07 6.1133e+05
0.362 2.8706e+07 5.7411e+05
0.363 3.0257e+07 6.0513e+05
0.364 2.9394e+07 5.8788e+05
0.365 3.1148e+07 6.2296e+05
0.366 2.9323e+07 5.8646e+05
0.367 3.1438e+07 6.2876e+05
0.368 2.989e+07 5.978e+05
0.369 3.3362e+07 6.6724e+05
0.37 3.0301e+07 6.0601e+05
0.371 2.7456e+07 5.4912e+05
0.372 3.2171e+07 6.4342e+05
0.373 2.7177e+07 5.4355e+05
0.374 2.9723e+07 5.9447e+05
0.375 3.2733e+07 6.5466e+05
0.376 2.9388e+07 5.8777e+05
0.377 3.1436e+07 6.2871e+05
0.378 3.0989e+07 6.1979e+05
0.379 2.9368e+07 5.8737e+05
0.38 2.7693e+07 5.5386e+05
0.381 2.9998e+07 5.9996e+05
0.382 3.0223e+07 6.0446e+05
0.383 3.1815e+07 6.363e+05
0.384 2.9265e+07 5.853e+05
0.385 3.1312e+07 6.2624e+05
0.386 3.371e+07 6.742e+05
0.387 3.2682e+07 6.5364e+05
0.388 2.9699e+07 5.9398e+05
0.389 3.2865e+07 6.5729e+05
0.39 3.1198e+07 6.2395e+05
0.391 3.0724e+07 6.1448e+05
0.392 3.1078e+07 6.2157e+05
0.393 3.4781e+07 6.9562e+05
0.394 3.7303e+07 7.4605e+05
0.395 3.2093e+07 6.4186e+05
0.396 3.156e+07 6.312e+05
0.397 3.2007e+07 6.4013e+05
0.398 2.9767e+07 5.9534e+05
0.399 3.1538e+07 6.3076e+05
0.4 3.4543e+07 6.9086e+05
0.401 3.3233e+07 6.6466e+05
0.402 3.5618e+07 7.1236e+05
0.403 3.5996e+07 7.1991e+05
0.404 3.4828e+07 6.9657e+05
0.405 3.2134e+07 6.4267e+05
0.406 3.1563e+07 6.3127e+05
0.407 3.386e+07 6.772e+05
0.408 3.3046e+07 6.6093e+05
0.409 3.3013e+07 6.6025e+05
0.41 3.4351e+07 6.8702e+05
0.411 3.3511e+07 6.7021e+05
0.412 3.143e+07 6.2861e+05
0.413 3.1265e+07 6.2531e+05
0.414 3.2987e+07 6.5973e+05
0.415 3.4988e+07 6.9975e+05
0.416 3.0696e+07 6.1392e+05
0.417 3.1683e+07 6.3366e+05
0.418 3.3085e+07 6.617e+05
0.419 3.3914e+07 6.7827e+05
0.42 3.3693e+07 6.7386e+05
0.421 3.3914e+07 6.7828e+05
0.422 3.2605e+07 6.521e+05
0.423 3.1731e+07 6.3462e+05
0.424 3.3922e+07 6.7843e+05
0.425 3.1818e+07 6.3636e+05
0.426 3.5358e+07 7.0715e+05
0.427 3.3531e+07 6.7063e+05
0.428 3.2404e+07 6.4808e+05
0.429 3.4513e+07 6.9026e+05
0.43 3.3419e+07 6.6837e+05
0.431 3.3155e+07 6.6309e+05
0.432 3.3702e+07 6.7405e+05
0.433 3.6918e+07 7.3836e+05
0.434 3.4417e+07 6.8835e+05
0.435 3.4363e+07 6.8727e+05
0.436 3.1124e+07 6.2248e+05
0.437 3.1068e+07 6.2136e+05
0.438 3.1675e+07 6.335e+05
0.439 3.0865e+07 6.173e+05
0.44 3.2625e+07 6.5251e+05
0.441 3.1197e+07 6.2395e+05
0.442 3.4625e+07 6.925e+05
0.443 3.7025e+07 7.4049e+05
0.444 3.2039e+07 6.4078e+05
0.445 3.3509e+07 6.7018e+05
0.446 3.1441e+07 6.2881e+05
0.447 3.3794e+07 6.7589e+05
0.448 3.5761e+07 7.1522e+05
0.449 3.3445e+07 6.6891e+05
0.45 3.4655e+07 6.9309e+05
0.451 3.4437e+07 6.8874e+05
0.452 3.5878e+07 7.1757e+05
0.453 3.2254e+07 6.4508e+05
0.454 3.3592e+07 6.7184e+05
0.455 3.5159e+07 7.0318e+05
0.456 3.2128e+07 6.4256e+05
0.457 3.2686e+07 6.5372e+05
0.458 3.0458e+07 6.0916e+05
0.459 3.2968e+07 6.5936e+05
0.46 3.3876e+07 6.7753e+05
0.461 3.4504e+07 6.9007e+05
0.462 2.9943e+07 5.9886e+05
0.463 3.3442e+07 6.6884e+05
0.464 3.222e+07 6.4439e+05
0.465 3.4728e+07 6.9457e+05
0.466 3.4407e+07 6.8815e+05
0.467 2.9303e+07 5.8605e+05
0.468 3.3681e+07 6.7363e+05
0.469 3.4593e+07 6.9186e+05
0.47 3.0554e+07 6.1107e+05
0.471 3.3025e+07 6.6051e+05
0.472 3.3009e+07 6.6017e+05
0.473 3.3738e+07 6.7477e+05
0.474 3.0078e+07 6.0155e+05
0.475 3.0002e+07 6.0003e+05
0.476 3.4698e+07 6.9395e+05
0.477 3.3602e+07 6.7205e+05
0.478 2.9485e+07 5.897e+05
0.479 3.186e+07 6.3719e+05
0.48 3.3061e+07 6.6122e+05
0.481 3.1827e+07 6.3655e+05
0.482 3.1099e+07 6.2198e+05
0.483 3.3125e+07 6.625e+05
0.484 2.9337e+07 5.8674e+05
0.485 3.0525e+07 6.1051e+05
0.486 3.2406e+07 6.4813e+05
0.487 3.1468e+07 6.2936e+05
0.488 2.9963e+07 5.9926e+05
0.489 2.9692e+07 5.9384e+05
0.49 3.2207e+07 6.4414e+05
0.491 3.0643e+07 6.1286e+05
0.492 2.9182e+07 5.8363e+05
0.493 3.2336e+07 6.4672e+05
0.494 2.9556e+07 5.9112e+05
0.495 3.028e+07 6.0559e+05
0.496 2.8812e+07 5.7625e+05
0.497 2.9714e+07 5.9428e+05
0.498 3.2015e+07 6.403e+05
0.499 3.0845e+07 6.1689e+05
0.5 3.0765e+07 6.1531e+05
