0.001 8.6449e+10 4.7575e+09
0.002 9.4896e+10 3.3632e+09
0.003 9.6595e+10 2.7449e+09
0.004 9.3617e+10 2.3758e+09
0.005 9.0615e+10 2.1234e+09
0.006 9.675e+10 1.9366e+09
0.007 9.478e+10 1.791e+09
0.008 9.4854e+10 1.6733e+09
0.009 9.4948e+10 1.5754e+09
0.01 9.283e+10 1.4922e+09
0.011 9.1154e+10 1.4203e+09
0.012 9.3755e+10 1.3572e+09
0.013 9.3763e+10 1.3013e+09
0.014 9.1429e+10 1.2512e+09
0.015 9.1843e+10 1.2058e+09
0.016 8.9823e+10 1.1646e+09
0.017 9.0929e+10 1.1267e+09
0.018 9.0052e+10 1.0918e+09
0.019 8.7586e+10 1.0595e+09
0.02 8.8316e+10 1.0294e+09
0.021 8.6007e+10 1.0012e+09
0.022 8.7344e+10 9.7474e+08
0.023 8.7031e+10 9.4981e+08
0.024 8.5324e+10 9.2625e+08
0.025 8.5182e+10 9.0391e+08
0.026 8.495e+10 8.8268e+08
0.027 8.3602e+10 8.6246e+08
0.028 8.1224e+10 8.4314e+08
0.029 8.1373e+10 8.2466e+08
0.03 8.2088e+10 8.0693e+08
0.031 7.9154e+10 7.8991e+08
0.032 7.8912e+10 7.7353e+08
0.033 7.7436e+10 7.5774e+08
0.034 7.5602e+10 7.4251e+08
0.035 7.6096e+10 7.2779e+08
0.036 7.4711e+10 7.1355e+08
0.037 7.2524e+10 6.9975e+08
0.038 7.2479e+10 6.8637e+08
0.039 7.1681e+10 6.7338e+08
0.04 7.0919e+10 6.6077e+08
0.041 7.0163e+10 6.485e+08
0.042 6.8426e+10 6.3656e+08
0.043 6.8122e+10 6.2493e+08
0.044 6.6788e+10 6.136e+08
0.045 6.547e+10 6.0254e+08
0.046 6.3988e+10 5.9176e+08
0.047 6.3206e+10 5.8122e+08
0.048 6.2796e+10 5.7093e+08
0.049 6.0858e+10 5.6088e+08
0.05 5.8843e+10 5.5105e+08
0.051 5.9225e+10 5.4143e+08
0.052 5.7196e+10 5.3202e+08
0.053 5.676e+10 5.2281e+08
0.054 5.6013e+10 5.1379e+08
0.055 5.4611e+10 5.0496e+08
0.056 5.3037e+10 4.9631e+08
0.057 5.3434e+10 4.8783e+08
0.058 5.1939e+10 4.7952e+08
0.059 4.9731e+10 4.7137e+08
0.06 4.9906e+10 4.6339e+08
0.061 4.8169e+10 4.5556e+08
0.062 4.7364e+10 4.4788e+08
0.063 4.5899e+10 4.4035e+08
0.064 4.4401e+10 4.3297e+08
0.065 4.4523e+10 4.2572e+08
0.066 4.3153e+10 4.1862e+08
0.067 4.271e+10 4.1165e+08
0.068 4.0899e+10 4.0482e+08
0.069 3.9797e+10 3.9812e+08
0.07 3.9464e+10 3.9154e+08
0.071 3.8518e+10 3.8509e+08
0.072 3.7456e+10 3.7877e+08
0.073 3.5948e+10 3.7257e+08
0.074 3.5393e+10 3.6648e+08
0.075 3.4416e+10 3.6052e+08
0.076 3.3717e+10 3.5467e+08
0.077 3.2513e+10 3.4894e+08
0.078 3.1561e+10 3.4333e+08
0.079 3.1312e+10 3.3782e+08
0.08 2.9723e+10 3.3242e+08
0.081 2.9504e+10 3.2714e+08
0.082 2.8772e+10 3.2196e+08
0.083 2.7596e+10 3.1689e+08
0.084 2.6768e+10 3.1192e+08
0.085 2.6533e+10 3.0706e+08
0.086 2.5022e+10 3.0229e+08
0.087 2.5078e+10 2.9763e+08
0.088 2.4524e+10 2.9307e+08
0.089 2.3172e+10 2.8861e+08
0.09 2.3045e+10 2.8424e+08
0.091 2.255e+10 2.7997e+08
0.092 2.1771e+10 2.758e+08
0.093 2.09e+10 2.7171e+08
0.094 2.0266e+10 2.6772e+08
0.095 1.9365e+10 2.6382e+08
0.096 1.9414e+10 2.6001e+08
0.097 1.8167e+10 2.5628e+08
0.098 1.8173e+10 2.5265e+08
0.099 1.7858e+10 2.4909e+08
0.1 1.7071e+10 2.4563e+08
0.101 1.6965e+10 2.4224e+08
0.102 1.5904e+10 2.3894e+08
0.103 1.5411e+10 2.3571e+08
0.104 1.5057e+10 2.3256e+08
0.105 1.4133e+10 2.2949e+08
0.106 1.4056e+10 2.265e+08
0.107 1.3582e+10 2.2358e+08
0.108 1.3558e+10 2.2073e+08
0.109 1.3139e+10 2.1796e+08
0.11 1.2847e+10 2.1525e+08
0.111 1.2032e+10 2.1261e+08
0.112 1.164e+10 2.1004e+08
0.113 1.1846e+10 2.0754e+08
0.114 1.0852e+10 2.0509e+08
0.115 1.0873e+10 2.0272e+08
0.116 1.0563e+10 2.004e+08
0.117 1.0125e+10 1.9814e+08
0.118 9.8165e+09 1.9594e+08
0.119 9.2608e+09 1.9379e+08
0.12 9.5055e+09 1.917e+08
0.121 9.4046e+09 1.8967e+08
0.122 8.7595e+09 1.8768e+08
0.123 8.5452e+09 1.8575e+08
0.124 8.4197e+09 1.8387e+08
0.125 7.9022e+09 1.8203e+08
0.126 7.847e+09 1.8024e+08
0.127 7.8661e+09 1.785e+08
0.128 7.315e+09 1.7679e+08
0.129 7.1626e+09 1.7514e+08
0.13 6.9857e+09 1.7352e+08
0.131 6.9458e+09 1.7194e+08
0.132 6.6531e+09 1.704e+08
0.133 6.3119e+09 1.689e+08
0.134 6.2474e+09 1.6744e+08
0.135 5.973e+09 1.6601e+08
0.136 5.7653e+09 1.6461e+08
0.137 5.6766e+09 1.6325e+08
0.138 5.3714e+09 1.6192e+08
0.139 5.463e+09 1.6062e+08
0.14 4.9599e+09 1.5935e+08
0.141 5.0251e+09 1.5811e+08
0.142 5.0543e+09 1.569e+08
0.143 4.8571e+09 1.5571e+08
0.144 4.7884e+09 1.5455e+08
0.145 4.5909e+09 1.5342e+08
0.146 4.3255e+09 1.523e+08
0.147 4.3659e+09 1.5122e+08
0.148 4.3932e+09 1.5015e+08
0.149 4.0325e+09 1.4911e+08
0.15 3.8234e+09 1.4809e+08
0.151 3.8768e+09 1.4709e+08
0.152 3.924e+09 1.4611e+08
0.153 3.7921e+09 1.4515e+08
0.154 3.521e+09 1.4421e+08
0.155 3.3858e+09 1.4329e+08
0.156 3.3986e+09 1.4239e+08
0.157 3.3178e+09 1.415e+08
0.158 3.0256e+09 1.4063e+08
0.159 3.0858e+09 1.3978e+08
0.16 2.7576e+09 1.3894e+08
0.161 3.0083e+09 1.3812e+08
0.162 2.6612e+09 1.3732e+08
0.163 2.7202e+09 1.3652e+08
0.164 2.733e+09 1.3575e+08
0.165 2.5751e+09 1.3499e+08
0.166 2.661e+09 1.3424e+08
0.167 2.6289e+09 1.335e+08
0.168 2.5075e+09 1.3278e+08
0.169 2.1531e+09 1.3208e+08
0.17 2.2957e+09 1.3138e+08
0.171 2.5547e+09 1.307e+08
0.172 2.4272e+09 1.3003e+08
0.173 2.1304e+09 1.2937e+08
0.174 2.0589e+09 1.2872e+08
0.175 1.9625e+09 1.2809e+08
0.176 1.9671e+09 1.2746e+08
0.177 1.9223e+09 1.2685e+08
0.178 1.675e+09 1.2625e+08
0.179 1.9263e+09 1.2566e+08
0.18 1.5988e+09 1.2508e+08
0.181 1.8217e+09 1.2451e+08
0.182 1.6593e+09 1.2395e+08
0.183 1.6377e+09 1.234e+08
0.184 1.4974e+09 1.2286e+08
0.185 1.5359e+09 1.2233e+08
0.186 1.4367e+09 1.2181e+08
0.187 1.3799e+09 1.213e+08
0.188 1.5579e+09 1.208e+08
0.189 1.373e+09 1.2031e+08
0.19 1.3125e+09 1.1982e+08
0.191 1.2398e+09 1.1935e+08
0.192 1.4636e+09 1.1888e+08
0.193 1.235e+09 1.1842e+08
0.194 1.2878e+09 1.1797e+08
0.195 1.0831e+09 1.1753e+08
0.196 1.1567e+09 1.171e+08
0.197 1.0996e+09 1.1667e+08
0.198 1.2111e+09 1.1625e+08
0.199 1.2189e+09 1.1584e+08
0.2 1.0545e+09 1.1544e+08
0.201 8.7612e+08 1.1504e+08
0.202 9.6518e+08 1.1465e+08
0.203 9.9043e+08 1.1426e+08
0.204 7.482e+08 1.1389e+08
0.205 8.7042e+08 1.1352e+08
0.206 9.2198e+08 1.1315e+08
0.207 9.2607e+08 1.1279e+08
0.208 6.9062e+08 1.1244e+08
0.209 8.7393e+08 1.1209e+08
0.21 6.9443e+08 1.1175e+08
0.211 6.8058e+08 1.1141e+08
0.212 6.7836e+08 1.1108e+08
0.213 4.422e+08 1.1075e+08
0.214 7.7029e+08 1.1043e+08
0.215 6.7622e+08 1.1012e+08
0.216 6.6942e+08 1.098e+08
0.217 5.1707e+08 1.095e+08
0.218 6.9102e+08 1.0919e+08
0.219 6.1889e+08 1.089e+08
0.22 6.1676e+08 1.086e+08
0.221 7.3302e+08 1.0831e+08
0.222 7.1056e+08 1.0802e+08
0.223 6.895e+08 1.0774e+08
0.224 6.9845e+08 1.0746e+08
0.225 6.2615e+08 1.0718e+08
0.226 6.3901e+08 1.0691e+08
0.227 7.1851e+08 1.0664e+08
0.228 7.0607e+08 1.0637e+08
0.229 4.5364e+08 1.0611e+08
0.23 7.575e+08 1.0585e+08
0.231 6.0189e+08 1.0559e+08
0.232 6.0501e+08 1.0534e+08
0.233 4.017e+08 1.0508e+08
0.234 4.0489e+08 1.0483e+08
0.235 7.1498e+08 1.0459e+08
0.236 3.2989e+08 1.0434e+08
0.237 5.7049e+08 1.041e+08
0.238 2.8184e+08 1.0386e+08
0.239 6.1298e+08 1.0362e+08
0.24 6.9927e+08 1.0338e+08
0.241 4.5444e+08 1.0315e+08
0.242 4.3487e+08 1.0291e+08
0.243 5.3302e+08 1.0268e+08
0.244 5.4574e+08 1.0246e+08
0.245 4.7417e+08 1.0223e+08
0.246 4.7105e+08 1.02e+08
0.247 4.4274e+08 1.0178e+08
0.248 5.3828e+08 1.0156e+08
0.249 4.2494e+08 1.0134e+08
0.25 5.7872e+08 1.0112e+08
0.251 4.7237e+08 1.0091e+08
0.252 5.7286e+08 1.0069e+08
0.253 4.4947e+08 1.0048e+08
0.254 5.7026e+08 1.0027e+08
0.255 6.6613e+08 1.0005e+08
0.256 3.3122e+08 9.9846e+07
0.257 4.6582e+08 9.9639e+07
0.258 3.8597e+08 9.9433e+07
0.259 3.2472e+08 9.9228e+07
0.26 5.1485e+08 9.9025e+07
0.261 4.7775e+08 9.8823e+07
0.262 3.7645e+08 9.8623e+07
0.263 5.6774e+08 9.8424e+07
0.264 4.038e+08 9.8226e+07
0.265 5.3417e+08 9.803e+07
0.266 2.2948e+08 9.7835e+07
0.267 4.1242e+08 9.7641e+07
0.268 5.4177e+08 9.7449e+07
0.269 4.1657e+08 9.7258e+07
0.27 2.9048e+08 9.7068e+07
0.271 5.3526e+08 9.6879e+07
0.272 4.6968e+08 9.6692e+07
0.273 4.5612e+08 9.6506e+07
0.274 4.1896e+08 9.6321e+07
0.275 4.2505e+08 9.6138e+07
0.276 5.4722e+08 9.5955e+07
0.277 5.122e+08 9.5774e+07
0.278 4.1263e+08 9.5594e+07
0.279 3.1797e+08 9.5416e+07
0.28 5.8616e+08 9.5238e+07
0.281 2.8767e+08 9.5062e+07
0.282 4.4344e+08 9.4887e+07
0.283 5.3723e+08 9.4713e+07
0.284 3.7661e+08 9.454e+07
0.285 5.4159e+08 9.4368e+07
0.286 3.6994e+08 9.4198e+07
0.287 4.6387e+08 9.4028e+07
0.288 4.3282e+08 9.386e+07
0.289 3.7773e+08 9.3693e+07
0.29 4.3344e+08 9.3526e+07
0.291 3.8591e+08 9.3361e+07
0.292 2.7773e+08 9.3197e+07
0.293 4.6213e+08 9.3034e+07
0.294 1.5913e+08 9.2872e+07
0.295 3.6222e+08 9.2711e+07
0.296 6.1597e+08 9.2551e+07
0.297 4.7214e+08 9.2391e+07
0.298 3.8145e+08 9.2233e+07
0.299 5.004e+08 9.2076e+07
0.3 4.0647e+08 9.1919e+07
0.301 3.7381e+08 9.1764e+07
0.302 3.6776e+08 9.1609e+07
0.303 3.7392e+08 9.1456e+07
0.304 4.3299e+08 9.1303e+07
0.305 2.1438e+08 9.1151e+07
0.306 3.6282e+08 9.1e+07
0.307 2.9457e+08 9.0849e+07
0.308 5.931e+08 9.07e+07
0.309 4.0095e+08 9.0551e+07
0.31 3.7656e+08 9.0403e+07
0.311 3.0587e+08 9.0256e+07
0.312 4.3369e+08 9.0109e+07
0.313 3.1845e+08 8.9963e+07
0.314 3.6058e+08 8.9818e+07
0.315 4.9453e+08 8.9673e+07
0.316 2.7949e+08 8.953e+07
0.317 4.5156e+08 8.9387e+07
0.318 3.6632e+08 8.9244e+07
0.319 3.1453e+08 8.9102e+07
0.32 4.773e+08 8.8961e+07
0.321 4.395e+08 8.882e+07
0.322 3.3232e+08 8.868e+07
0.323 4.9477e+08 8.8541e+07
0.324 3.2065e+08 8.8402e+07
0.325 4.9854e+08 8.8264e+07
0.326 3.6216e+08 8.8126e+07
0.327 3.5876e+08 8.7989e+07
0.328 4.5571e+08 8.7852e+07
0.329 3.0926e+08 8.7716e+07
0.33 3.6966e+08 8.7581e+07
0.331 3.1432e+08 8.7446e+07
0.332 4.7048e+08 8.7311e+07
0.333 4.7304e+08 8.7177e+07
0.334 4.0266e+08 8.7044e+07
0.335 4.9397e+08 8.6911e+07
0.336 3.4347e+08 8.6778e+07
0.337 4.4157e+08 8.6646e+07
0.338 4.4463e+08 8.6514e+07
0.339 2.856e+08 8.6383e+07
0.34 3.337e+08 8.6253e+07
0.341 5.7209e+08 8.6123e+07
0.342 3.2322e+08 8.5993e+07
0.343 4.5791e+08 8.5864e+07
0.344 3.8834e+08 8.5735e+07
0.345 4.8881e+08 8.5607e+07
0.346 3.7363e+08 8.5479e+07
0.347 3.4344e+08 8.5352e+07
0.348 3.1233e+08 8.5225e+07
0.349 4.088e+08 8.5098e+07
0.35 4.6254e+08 8.4973e+07
0.351 5.1039e+08 8.4847e+07
0.352 4.0925e+08 8.4722e+07
0.353 3.8441e+08 8.4598e+07
0.354 3.8496e+08 8.4474e+07
0.355 4.3657e+08 8.435e+07
0.356 3.0103e+08 8.4227e+07
0.357 4.1681e+08 8.4104e+07
0.358 3.9971e+08 8.3982e+07
0.359 4.0841e+08 8.386e+07
0.36 4.1678e+08 8.3739e+07
0.361 2.5176e+08 8.3618e+07
0.362 5.1548e+08 8.3498e+07
0.363 2.7563e+08 8.3378e+07
0.364 2.5433e+08 8.3259e+07
0.365 4.345e+08 8.314e+07
0.366 2.5833e+08 8.3022e+07
0.367 4.7159e+08 8.2904e+07
0.368 4.0107e+08 8.2787e+07
0.369 4.0751e+08 8.267e+07
0.37 2.7361e+08 8.2554e+07
0.371 3.6381e+08 8.2438e+07
0.372 3.5555e+08 8.2323e+07
0.373 2.5698e+08 8.2208e+07
0.374 4.3249e+08 8.2093e+07
0.375 4.062e+08 8.198e+07
0.376 3.6402e+08 8.1866e+07
0.377 3.6185e+08 8.1753e+07
0.378 2.8399e+08 8.1641e+07
0.379 2.8842e+08 8.1529e+07
0.38 1.6321e+08 8.1418e+07
0.381 4.997e+08 8.1307e+07
0.382 3.0919e+08 8.1197e+07
0.383 3.4902e+08 8.1087e+07
0.384 3.6652e+08 8.0978e+07
0.385 3.9503e+08 8.0869e+07
0.386 2.9882e+08 8.0761e+07
0.387 2.856e+08 8.0653e+07
0.388 2.6198e+08 8.0546e+07
0.389 2.7395e+08 8.044e+07
0.39 3.9118e+08 8.0333e+07
0.391 3.4074e+08 8.0228e+07
0.392 3.4307e+08 8.0123e+07
0.393 3.0206e+08 8.0018e+07
0.394 3.2426e+08 7.9914e+07
0.395 4.1646e+08 7.981e+07
0.396 3.8784e+08 7.9707e+07
0.397 3.1795e+08 7.9605e+07
0.398 2.9946e+08 7.9503e+07
0.399 2.7659e+08 7.9401e+07
0.4 2.9072e+08 7.93e+07
0.401 2.6455e+08 7.9199e+07
0.402 4.4245e+08 7.9099e+07
0.403 3.0399e+08 7.8999e+07
0.404 3.9536e+08 7.89e+07
0.405 4.5751e+08 7.8802e+07
0.406 2.923e+08 7.8704e+07
0.407 3.8724e+08 7.8606e+07
0.408 2.8224e+08 7.8509e+07
0.409 3.0751e+08 7.8412e+07
0.41 2.6282e+08 7.8316e+07
0.411 1.9408e+08 7.822e+07
0.412 3.429e+08 7.8125e+07
0.413 2.8043e+08 7.803e+07
0.414 2.4949e+08 7.7935e+07
0.415 1.6616e+08 7.7841e+07
0.416 3.946e+08 7.7748e+07
0.417 2.0038e+08 7.7655e+07
0.418 3.983e+08 7.7562e+07
0.419 5.1677e+08 7.747e+07
0.42 2.0554e+08 7.7378e+07
0.421 3.4424e+08 7.7287e+07
0.422 3.0708e+08 7.7196e+07
0.423 3.1755e+08 7.7106e+07
0.424 5.3926e+08 7.7016e+07
0.425 3.6834e+08 7.6926e+07
0.426 2.2529e+08 7.6837e+07
0.427 2.8205e+08 7.6748e+07
0.428 3.0763e+08 7.6659e+07
0.429 4.0693e+08 7.6572e+07
0.43 3.5998e+08 7.6484e+07
0.431 4.287e+08 7.6397e+07
0.432 2.2732e+08 7.631e+07
0.433 4.5817e+08 7.6223e+07
0.434 5.3613e+08 7.6137e+07
0.435 2.8466e+08 7.6051e+07
0.436 2.3659e+08 7.5966e+07
0.437 3.9004e+08 7.5881e+07
0.438 5.2275e+08 7.5796e+07
0.439 3.4893e+08 7.5712e+07
0.44 2.7041e+08 7.5628e+07
0.441 2.7095e+08 7.5544e+07
0.442 3.9204e+08 7.5461e+07
0.443 2.6619e+08 7.5378e+07
0.444 2.8366e+08 7.5295e+07
0.445 3.3393e+08 7.5213e+07
0.446 3.8372e+08 7.5131e+07
0.447 2.7958e+08 7.5049e+07
0.448 3.4865e+08 7.4968e+07
0.449 2.154e+08 7.4886e+07
0.45 2.7571e+08 7.4806e+07
0.451 3.0924e+08 7.4725e+07
0.452 2.7609e+08 7.4645e+07
0.453 2.2004e+08 7.4565e+07
0.454 2.7024e+08 7.4485e+07
0.455 2.1265e+08 7.4405e+07
0.456 4.1093e+08 7.4326e+07
0.457 5.2549e+08 7.4247e+07
0.458 3.1958e+08 7.4169e+07
0.459 2.9733e+08 7.409e+07
0.46 3.3422e+08 7.4012e+07
0.461 2.7321e+08 7.3934e+07
0.462 2.7185e+08 7.3856e+07
0.463 3.0086e+08 7.3778e+07
0.464 2.6934e+08 7.3701e+07
0.465 3.3314e+08 7.3624e+07
0.466 3.7358e+08 7.3547e+07
0.467 3.1938e+08 7.347e+07
0.468 4.3423e+08 7.3394e+07
0.469 4.2952e+08 7.3318e+07
0.47 4.5778e+08 7.3242e+07
0.471 3.1235e+08 7.3166e+07
0.472 3.006e+08 7.309e+07
0.473 3.8896e+08 7.3014e+07
0.474 4.7091e+08 7.2939e+07
0.475 2.4843e+08 7.2864e+07
0.476 2.4284e+08 7.2789e+07
0.477 4.5226e+08 7.2714e+07
0.478 2.1772e+08 7.2639e+07
0.479 3.6197e+08 7.2565e+07
0.48 3.4487e+08 7.2491e+07
0.481 3.2911e+08 7.2416e+07
0.482 3.1516e+08 7.2342e+07
0.483 3.4867e+08 7.2269e+07
0.484 4.542e+08 7.2195e+07
0.485 2.3289e+08 7.2121e+07
0.486 3.3995e+08 7.2048e+07
0.487 3.5345e+08 7.1975e+07
0.488 2.7608e+08 7.1902e+07
0.489 3.236e+08 7.1829e+07
0.49 3.0816e+08 7.1756e+07
0.491 3.9435e+08 7.1683e+07
0.492 2.315e+08 7.1611e+07
0.493 2.5943e+08 7.1538e+07
0.494 3.2078e+08 7.1466e+07
0.495 3.4081e+08 7.1394e+07
0.496 2.5572e+08 7.1322e+07
0.497 2.9043e+08 7.125e+07
0.498 3.0989e+08 7.1178e+07
0.499 3.945e+08 7.1107e+07
0.5 2.628e+08 7.1035e+07
