0.001 7.2358e+10 3.5348e+09
0.002 7.1377e+10 2.4989e+09
0.003 7.1526e+10 2.0395e+09
0.004 6.9062e+10 1.7652e+09
0.005 7.2129e+10 1.5777e+09
0.006 7.1859e+10 1.4389e+09
0.007 7.0616e+10 1.3307e+09
0.008 6.962e+10 1.2432e+09
0.009 6.8061e+10 1.1704e+09
0.01 6.8562e+10 1.1086e+09
0.011 6.9919e+10 1.0552e+09
0.012 6.8751e+10 1.0083e+09
0.013 6.8892e+10 9.6675e+08
0.014 6.8593e+10 9.2949e+08
0.015 6.9331e+10 8.9581e+08
0.016 6.7005e+10 8.6513e+08
0.017 6.7201e+10 8.3701e+08
0.018 6.8054e+10 8.1107e+08
0.019 6.7102e+10 7.8702e+08
0.02 6.5057e+10 7.6462e+08
0.021 6.668e+10 7.4366e+08
0.022 6.5349e+10 7.2399e+08
0.023 6.35e+10 7.0545e+08
0.024 6.4508e+10 6.8793e+08
0.025 6.2979e+10 6.7131e+08
0.026 6.3122e+10 6.5552e+08
0.027 6.2249e+10 6.4048e+08
0.028 6.1986e+10 6.261e+08
0.029 5.9836e+10 6.1235e+08
0.03 5.9221e+10 5.9916e+08
0.031 5.9275e+10 5.8649e+08
0.032 5.9046e+10 5.743e+08
0.033 5.8673e+10 5.6255e+08
0.034 5.7524e+10 5.5121e+08
0.035 5.7367e+10 5.4025e+08
0.036 5.75e+10 5.2965e+08
0.037 5.5448e+10 5.1937e+08
0.038 5.544e+10 5.0941e+08
0.039 5.3555e+10 4.9974e+08
0.04 5.2689e+10 4.9034e+08
0.041 5.1183e+10 4.812e+08
0.042 5.1285e+10 4.723e+08
0.043 4.9948e+10 4.6364e+08
0.044 4.9747e+10 4.5519e+08
0.045 4.8017e+10 4.4695e+08
0.046 4.7764e+10 4.3891e+08
0.047 4.6925e+10 4.3106e+08
0.048 4.6545e+10 4.2339e+08
0.049 4.5251e+10 4.1589e+08
0.05 4.5134e+10 4.0856e+08
0.051 4.3383e+10 4.0138e+08
0.052 4.2625e+10 3.9436e+08
0.053 4.2415e+10 3.8749e+08
0.054 4.0829e+10 3.8076e+08
0.055 4.0547e+10 3.7417e+08
0.056 3.9567e+10 3.6771e+08
0.057 3.9507e+10 3.6138e+08
0.058 3.773e+10 3.5518e+08
0.059 3.7144e+10 3.491e+08
0.06 3.5985e+10 3.4313e+08
0.061 3.5591e+10 3.3728e+08
0.062 3.4733e+10 3.3155e+08
0.063 3.4525e+10 3.2592e+08
0.064 3.3889e+10 3.2041e+08
0.065 3.2636e+10 3.1499e+08
0.066 3.1729e+10 3.0968e+08
0.067 3.1294e+10 3.0447e+08
0.068 3.0334e+10 2.9936e+08
0.069 2.9893e+10 2.9435e+08
0.07 2.8974e+10 2.8943e+08
0.071 2.7934e+10 2.8461e+08
0.072 2.723e+10 2.7988e+08
0.073 2.6976e+10 2.7524e+08
0.074 2.5952e+10 2.7069e+08
0.075 2.5176e+10 2.6623e+08
0.076 2.4697e+10 2.6185e+08
0.077 2.4021e+10 2.5756e+08
0.078 2.3637e+10 2.5335e+08
0.079 2.2401e+10 2.4923e+08
0.08 2.2259e+10 2.4519e+08
0.081 2.1784e+10 2.4123e+08
0.082 2.1016e+10 2.3735e+08
0.083 2.0908e+10 2.3355e+08
0.084 1.9936e+10 2.2983e+08
0.085 1.9544e+10 2.2619e+08
0.086 1.8352e+10 2.2262e+08
0.087 1.82e+10 2.1913e+08
0.088 1.8281e+10 2.1571e+08
0.089 1.7264e+10 2.1236e+08
0.09 1.6496e+10 2.0909e+08
0.091 1.5977e+10 2.0589e+08
0.092 1.5718e+10 2.0276e+08
0.093 1.5567e+10 1.997e+08
0.094 1.4836e+10 1.9671e+08
0.095 1.4461e+10 1.9378e+08
0.096 1.3906e+10 1.9093e+08
0.097 1.3507e+10 1.8814e+08
0.098 1.3035e+10 1.8541e+08
0.099 1.2734e+10 1.8275e+08
0.1 1.2572e+10 1.8015e+08
0.101 1.1573e+10 1.7761e+08
0.102 1.1832e+10 1.7514e+08
0.103 1.1179e+10 1.7272e+08
0.104 1.097e+10 1.7037e+08
0.105 1.0714e+10 1.6807e+08
0.106 1.0221e+10 1.6583e+08
0.107 1.0063e+10 1.6364e+08
0.108 9.4147e+09 1.6151e+08
0.109 9.0312e+09 1.5944e+08
0.11 9.0965e+09 1.5742e+08
0.111 8.7634e+09 1.5544e+08
0.112 8.4052e+09 1.5352e+08
0.113 8.0477e+09 1.5165e+08
0.114 8.137e+09 1.4983e+08
0.115 7.6168e+09 1.4805e+08
0.116 7.5045e+09 1.4633e+08
0.117 7.3669e+09 1.4464e+08
0.118 7.0236e+09 1.43e+08
0.119 7.0804e+09 1.414e+08
0.12 6.5652e+09 1.3985e+08
0.121 6.6539e+09 1.3834e+08
0.122 6.3406e+09 1.3686e+08
0.123 6.2139e+09 1.3543e+08
0.124 5.9178e+09 1.3403e+08
0.125 5.7388e+09 1.3267e+08
0.126 5.3742e+09 1.3134e+08
0.127 5.3478e+09 1.3005e+08
0.128 5.3747e+09 1.2879e+08
0.129 4.8468e+09 1.2756e+08
0.13 4.7973e+09 1.2637e+08
0.131 4.8597e+09 1.2521e+08
0.132 4.6596e+09 1.2407e+08
0.133 4.4648e+09 1.2297e+08
0.134 4.1667e+09 1.2189e+08
0.135 4.3882e+09 1.2084e+08
0.136 4.3171e+09 1.1981e+08
0.137 4.1753e+09 1.1881e+08
0.138 3.7972e+09 1.1783e+08
0.139 3.7958e+09 1.1688e+08
0.14 3.9057e+09 1.1595e+08
0.141 3.5502e+09 1.1504e+08
0.142 3.3094e+09 1.1415e+08
0.143 3.3692e+09 1.1329e+08
0.144 3.1522e+09 1.1244e+08
0.145 3.0554e+09 1.1161e+08
0.146 2.8765e+09 1.108e+08
0.147 2.931e+09 1.1001e+08
0.148 3.237e+09 1.0924e+08
0.149 2.9713e+09 1.0848e+08
0.15 2.6469e+09 1.0774e+08
0.151 2.6508e+09 1.0701e+08
0.152 2.5898e+09 1.063e+08
0.153 2.5723e+09 1.056e+08
0.154 2.6098e+09 1.0492e+08
0.155 2.4325e+09 1.0425e+08
0.156 2.1522e+09 1.036e+08
0.157 2.3622e+09 1.0296e+08
0.158 2.2646e+09 1.0233e+08
0.159 2.1228e+09 1.0171e+08
0.16 2.1176e+09 1.011e+08
0.161 2.0317e+09 1.0051e+08
0.162 2.0005e+09 9.9929e+07
0.163 2.0351e+09 9.9357e+07
0.164 1.6226e+09 9.8797e+07
0.165 1.805e+09 9.8247e+07
0.166 1.6103e+09 9.7707e+07
0.167 1.8809e+09 9.7177e+07
0.168 1.6618e+09 9.6656e+07
0.169 1.566e+09 9.6145e+07
0.17 1.6991e+09 9.5644e+07
0.171 1.575e+09 9.5151e+07
0.172 1.4477e+09 9.4668e+07
0.173 1.4943e+09 9.4193e+07
0.174 1.6273e+09 9.3726e+07
0.175 1.5408e+09 9.3268e+07
0.176 1.27e+09 9.2818e+07
0.177 1.2686e+09 9.2376e+07
0.178 1.3519e+09 9.1942e+07
0.179 1.1761e+09 9.1516e+07
0.18 1.31e+09 9.1098e+07
0.181 1.2342e+09 9.0687e+07
0.182 1.2881e+09 9.0283e+07
0.183 9.7872e+08 8.9886e+07
0.184 1.1044e+09 8.9496e+07
0.185 1.0056e+09 8.9113e+07
0.186 1.1325e+09 8.8737e+07
0.187 1.071e+09 8.8368e+07
0.188 8.6391e+08 8.8005e+07
0.189 8.7886e+08 8.7649e+07
0.19 8.3378e+08 8.7299e+07
0.191 7.7401e+08 8.6955e+07
0.192 7.8993e+08 8.6617e+07
0.193 6.2964e+08 8.6285e+07
0.194 8.8515e+08 8.5959e+07
0.195 8.1295e+08 8.5639e+07
0.196 7.5146e+08 8.5324e+07
0.197 7.1346e+08 8.5015e+07
0.198 7.6558e+08 8.4711e+07
0.199 7.9348e+08 8.4412e+07
0.2 6.8819e+08 8.4118e+07
0.201 7.5204e+08 8.383e+07
0.202 7.6492e+08 8.3546e+07
0.203 5.5852e+08 8.3267e+07
0.204 7.629e+08 8.2992e+07
0.205 5.7775e+08 8.2723e+07
0.206 6.4366e+08 8.2457e+07
0.207 4.8517e+08 8.2196e+07
0.208 5.4024e+08 8.1939e+07
0.209 6.2237e+08 8.1686e+07
0.21 4.7294e+08 8.1437e+07
0.211 4.8518e+08 8.1192e+07
0.212 5.8977e+08 8.0951e+07
0.213 5.5635e+08 8.0713e+07
0.214 4.3695e+08 8.0479e+07
0.215 6.4415e+08 8.0249e+07
0.216 6.1145e+08 8.0021e+07
0.217 4.9135e+08 7.9797e+07
0.218 4.2223e+08 7.9576e+07
0.219 5.2789e+08 7.9358e+07
0.22 5.4218e+08 7.9143e+07
0.221 3.426e+08 7.8931e+07
0.222 4.4333e+08 7.8722e+07
0.223 4.2393e+08 7.8515e+07
0.224 4.0707e+08 7.8311e+07
0.225 4.6249e+08 7.811e+07
0.226 3.6461e+08 7.7911e+07
0.227 3.3173e+08 7.7714e+07
0.228 4.054e+08 7.752e+07
0.229 4.687e+08 7.7327e+07
0.23 3.7409e+08 7.7137e+07
0.231 5.7969e+08 7.6949e+07
0.232 4.5377e+08 7.6763e+07
0.233 4.3902e+08 7.6579e+07
0.234 2.9931e+08 7.6397e+07
0.235 4.0526e+08 7.6216e+07
0.236 4.7952e+08 7.6038e+07
0.237 3.1421e+08 7.5861e+07
0.238 4.7586e+08 7.5685e+07
0.239 3.5073e+08 7.5512e+07
0.24 3.5906e+08 7.5339e+07
0.241 4.4934e+08 7.5169e+07
0.242 4.6673e+08 7.5e+07
0.243 5.3623e+08 7.4832e+07
0.244 3.9379e+08 7.4666e+07
0.245 2.1406e+08 7.4501e+07
0.246 2.3659e+08 7.4337e+07
0.247 4.5699e+08 7.4175e+07
0.248 3.5032e+08 7.4014e+07
0.249 2.6461e+08 7.3854e+07
0.25 2.5448e+08 7.3696e+07
0.251 3.2927e+08 7.3538e+07
0.252 3.9067e+08 7.3382e+07
0.253 3.9311e+08 7.3227e+07
0.254 3.9723e+08 7.3073e+07
0.255 4.2849e+08 7.292e+07
0.256 3.4581e+08 7.2769e+07
0.257 4.4578e+08 7.2618e+07
0.258 3.8602e+08 7.2469e+07
0.259 4.4077e+08 7.232e+07
0.26 2.9306e+08 7.2173e+07
0.261 2.4773e+08 7.2026e+07
0.262 3.1161e+08 7.1881e+07
0.263 2.4524e+08 7.1737e+07
0.264 2.6739e+08 7.1593e+07
0.265 2.3901e+08 7.1451e+07
0.266 2.8518e+08 7.1309e+07
0.267 3.6473e+08 7.1169e+07
0.268 3.768e+08 7.1029e+07
0.269 2.648e+08 7.0891e+07
0.27 2.9665e+08 7.0753e+07
0.271 2.6702e+08 7.0616e+07
0.272 2.5549e+08 7.0481e+07
0.273 3.0046e+08 7.0346e+07
0.274 1.6201e+08 7.0212e+07
0.275 3.4586e+08 7.0079e+07
0.276 2.5337e+08 6.9946e+07
0.277 3.7213e+08 6.9815e+07
0.278 2.9988e+08 6.9684e+07
0.279 2.813e+08 6.9555e+07
0.28 3.9938e+08 6.9426e+07
0.281 2.8795e+08 6.9298e+07
0.282 4.0225e+08 6.9171e+07
0.283 3.1413e+08 6.9045e+07
0.284 3.4007e+08 6.8919e+07
0.285 3.3027e+08 6.8795e+07
0.286 2.5694e+08 6.8671e+07
0.287 2.5704e+08 6.8548e+07
0.288 2.1806e+08 6.8425e+07
0.289 3.2233e+08 6.8304e+07
0.29 3.9118e+08 6.8183e+07
0.291 3.8657e+08 6.8063e+07
0.292 2.8601e+08 6.7944e+07
0.293 3.3074e+08 6.7825e+07
0.294 3.2526e+08 6.7707e+07
0.295 2.959e+08 6.759e+07
0.296 3.6619e+08 6.7473e+07
0.297 2.3133e+08 6.7358e+07
0.298 2.6677e+08 6.7242e+07
0.299 2.8724e+08 6.7128e+07
0.3 2.7848e+08 6.7014e+07
0.301 2.61e+08 6.6901e+07
0.302 2.5094e+08 6.6788e+07
0.303 2.6473e+08 6.6676e+07
0.304 3.4447e+08 6.6564e+07
0.305 3.6093e+08 6.6454e+07
0.306 3.099e+08 6.6343e+07
0.307 3.8049e+08 6.6234e+07
0.308 4.0227e+08 6.6124e+07
0.309 4.235e+08 6.6016e+07
0.31 1.877e+08 6.5907e+07
0.311 2.6873e+08 6.58e+07
0.312 1.8724e+08 6.5693e+07
0.313 2.9789e+08 6.5586e+07
0.314 1.6022e+08 6.548e+07
0.315 3.1554e+08 6.5374e+07
0.316 2.5318e+08 6.5269e+07
0.317 3.7035e+08 6.5164e+07
0.318 2.0423e+08 6.506e+07
0.319 1.9838e+08 6.4956e+07
0.32 3.3707e+08 6.4853e+07
0.321 2.9535e+08 6.475e+07
0.322 3.3057e+08 6.4647e+07
0.323 1.4872e+08 6.4545e+07
0.324 2.076e+08 6.4443e+07
0.325 3.362e+08 6.4342e+07
0.326 2.4531e+08 6.4241e+07
0.327 2.9457e+08 6.414e+07
0.328 2.839e+08 6.404e+07
0.329 2.329e+08 6.394e+07
0.33 2.8548e+08 6.3841e+07
0.331 1.8605e+08 6.3742e+07
0.332 2.5252e+08 6.3643e+07
0.333 3.3876e+08 6.3544e+07
0.334 2.8947e+08 6.3446e+07
0.335 2.1244e+08 6.3349e+07
0.336 3.9124e+08 6.3252e+07
0.337 2.8412e+08 6.3155e+07
0.338 2.9845e+08 6.3058e+07
0.339 1.9707e+08 6.2962e+07
0.34 1.6744e+08 6.2866e+07
0.341 2.7217e+08 6.277e+07
0.342 1.6648e+08 6.2675e+07
0.343 3.8265e+08 6.258e+07
0.344 2.3267e+08 6.2486e+07
0.345 3.4387e+08 6.2392e+07
0.346 3.9828e+08 6.2298e+07
0.347 3.3327e+08 6.2204e+07
0.348 2.3627e+08 6.2111e+07
0.349 2.9214e+08 6.2019e+07
0.35 3.01e+08 6.1926e+07
0.351 1.9927e+08 6.1834e+07
0.352 3.1837e+08 6.1742e+07
0.353 2.3809e+08 6.1651e+07
0.354 1.4244e+08 6.156e+07
0.355 3.283e+08 6.1469e+07
0.356 2.5745e+08 6.1379e+07
0.357 1.8179e+08 6.1289e+07
0.358 2.637e+08 6.12e+07
0.359 3.1456e+08 6.1111e+07
0.36 2.5544e+08 6.1022e+07
0.361 3.022e+08 6.0933e+07
0.362 3.3471e+08 6.0845e+07
0.363 2.4369e+08 6.0758e+07
0.364 2.1434e+08 6.067e+07
0.365 2.8577e+08 6.0583e+07
0.366 2.7602e+08 6.0497e+07
0.367 2.7981e+08 6.041e+07
0.368 2.0784e+08 6.0325e+07
0.369 2.9384e+08 6.0239e+07
0.37 2.8612e+08 6.0154e+07
0.371 2.9637e+08 6.0069e+07
0.372 3.5254e+08 5.9985e+07
0.373 3.4617e+08 5.9901e+07
0.374 2.1397e+08 5.9818e+07
0.375 2.1245e+08 5.9734e+07
0.376 3.0221e+08 5.9652e+07
0.377 2.5931e+08 5.9569e+07
0.378 1.6754e+08 5.9487e+07
0.379 2.9527e+08 5.9406e+07
0.38 2.2251e+08 5.9324e+07
0.381 8.066e+07 5.9244e+07
0.382 2.3004e+08 5.9163e+07
0.383 2.1122e+08 5.9083e+07
0.384 1.6007e+08 5.9004e+07
0.385 2.0373e+08 5.8924e+07
0.386 2.5239e+08 5.8845e+07
0.387 1.649e+08 5.8767e+07
0.388 2.583e+08 5.8689e+07
0.389 5.3925e+07 5.8611e+07
0.39 2.0328e+08 5.8534e+07
0.391 2.3597e+08 5.8457e+07
0.392 2.1334e+08 5.838e+07
0.393 2.1335e+08 5.8304e+07
0.394 2.7351e+08 5.8228e+07
0.395 2.2786e+08 5.8153e+07
0.396 3.0738e+08 5.8078e+07
0.397 2.6881e+08 5.8003e+07
0.398 2.3776e+08 5.7929e+07
0.399 2.233e+08 5.7855e+07
0.4 1.4042e+08 5.7781e+07
0.401 1.5476e+08 5.7708e+07
0.402 2.4027e+08 5.7635e+07
0.403 9.2785e+07 5.7563e+07
0.404 2.5167e+08 5.7491e+07
0.405 2.0356e+08 5.7419e+07
0.406 1.2578e+08 5.7348e+07
0.407 1.6103e+08 5.7277e+07
0.408 1.901e+08 5.7206e+07
0.409 3.2184e+08 5.7136e+07
0.41 2.675e+08 5.7066e+07
0.411 1.9398e+08 5.6996e+07
0.412 2.0789e+08 5.6927e+07
0.413 2.5896e+08 5.6858e+07
0.414 2.4138e+08 5.6789e+07
0.415 1.8743e+08 5.6721e+07
0.416 3.2337e+08 5.6653e+07
0.417 2.7446e+08 5.6585e+07
0.418 1.7053e+08 5.6518e+07
0.419 1.667e+08 5.6451e+07
0.42 1.6825e+08 5.6384e+07
0.421 1.9504e+08 5.6318e+07
0.422 2.3781e+08 5.6252e+07
0.423 1.4894e+08 5.6186e+07
0.424 2.1062e+08 5.6121e+07
0.425 2.1042e+08 5.6055e+07
0.426 2.3771e+08 5.599e+07
0.427 1.899e+08 5.5926e+07
0.428 2.6815e+08 5.5862e+07
0.429 2.2514e+08 5.5798e+07
0.43 2.9326e+08 5.5734e+07
0.431 2.6411e+08 5.567e+07
0.432 2.0387e+08 5.5607e+07
0.433 2.1019e+08 5.5544e+07
0.434 2.4717e+08 5.5482e+07
0.435 2.2625e+08 5.5419e+07
0.436 3.3292e+08 5.5357e+07
0.437 2.8225e+08 5.5295e+07
0.438 2.224e+08 5.5234e+07
0.439 2.2104e+08 5.5172e+07
0.44 2.5944e+08 5.5111e+07
0.441 2.4788e+08 5.505e+07
0.442 2.8193e+08 5.499e+07
0.443 3.3422e+08 5.4929e+07
0.444 2.5818e+08 5.4869e+07
0.445 3.1861e+08 5.4809e+07
0.446 2.6051e+08 5.475e+07
0.447 2.2322e+08 5.469e+07
0.448 3.199e+08 5.4631e+07
0.449 1.9082e+08 5.4572e+07
0.45 1.6768e+08 5.4513e+07
0.451 2.6251e+08 5.4454e+07
0.452 1.7321e+08 5.4396e+07
0.453 2.1091e+08 5.4338e+07
0.454 2.7396e+08 5.428e+07
0.455 2.573e+08 5.4222e+07
0.456 7.9876e+07 5.4164e+07
0.457 1.7614e+08 5.4107e+07
0.458 2.6015e+08 5.4049e+07
0.459 3.0135e+08 5.3992e+07
0.46 2.728e+08 5.3935e+07
0.461 1.8276e+08 5.3879e+07
0.462 1.5991e+08 5.3822e+07
0.463 3.0025e+08 5.3766e+07
0.464 3.1303e+08 5.3709e+07
0.465 3.1192e+08 5.3653e+07
0.466 1.1298e+08 5.3597e+07
0.467 2.8419e+08 5.3541e+07
0.468 2.6018e+08 5.3486e+07
0.469 2.6227e+08 5.343e+07
0.47 1.7937e+08 5.3375e+07
0.471 2.9143e+08 5.332e+07
0.472 2.7773e+08 5.3265e+07
0.473 2.4393e+08 5.321e+07
0.474 2.0824e+08 5.3155e+07
0.475 2.5689e+08 5.31e+07
0.476 2.7269e+08 5.3046e+07
0.477 2.7248e+08 5.2991e+07
0.478 2.578e+08 5.2937e+07
0.479 3.0093e+08 5.2883e+07
0.48 2.8305e+08 5.2829e+07
0.481 1.8882e+08 5.2775e+07
0.482 2.3874e+08 5.2721e+07
0.483 2.5809e+08 5.2667e+07
0.484 2.3869e+08 5.2614e+07
0.485 2.5114e+08 5.256e+07
0.486 2.8689e+08 5.2507e+07
0.487 2.0226e+08 5.2453e+07
0.488 2.4421e+08 5.24e+07
0.489 2.6944e+08 5.2347e+07
0.49 2.4933e+08 5.2294e+07
0.491 2.2721e+08 5.2241e+07
0.492 2.1247e+08 5.2189e+07
0.493 2.7337e+08 5.2136e+07
0.494 3.1839e+08 5.2084e+07
0.495 2.9924e+08 5.2031e+07
0.496 2.3172e+08 5.1979e+07
0.497 1.7685e+08 5.1927e+07
0.498 2.5176e+08 5.1874e+07
0.499 2.2951e+08 5.1822e+07
0.5 2.4271e+08 5.1771e+07
