0.001 8.7854e+10 4.4082e+09
0.002 9.2615e+10 3.1163e+09
0.003 9.2729e+10 2.5434e+09
0.004 8.6871e+10 2.2014e+09
0.005 8.7119e+10 1.9675e+09
0.006 8.6658e+10 1.7944e+09
0.007 8.7585e+10 1.6595e+09
0.008 8.5189e+10 1.5504e+09
0.009 8.6252e+10 1.4597e+09
0.01 8.4901e+10 1.3826e+09
0.011 8.6154e+10 1.316e+09
0.012 8.311e+10 1.2576e+09
0.013 8.5037e+10 1.2057e+09
0.014 8.3023e+10 1.1593e+09
0.015 8.3897e+10 1.1173e+09
0.016 8.5336e+10 1.079e+09
0.017 8.5394e+10 1.044e+09
0.018 8.2045e+10 1.0116e+09
0.019 8.1586e+10 9.8166e+08
0.02 8.2299e+10 9.5374e+08
0.021 8.3005e+10 9.2763e+08
0.022 8.1314e+10 9.0311e+08
0.023 8.0523e+10 8.8001e+08
0.024 7.8712e+10 8.5817e+08
0.025 7.9508e+10 8.3747e+08
0.026 7.8912e+10 8.1779e+08
0.027 7.7014e+10 7.9905e+08
0.028 7.6939e+10 7.8114e+08
0.029 7.5968e+10 7.6401e+08
0.03 7.4456e+10 7.4758e+08
0.031 7.471e+10 7.318e+08
0.032 7.3145e+10 7.1661e+08
0.033 7.1857e+10 7.0198e+08
0.034 7.1111e+10 6.8786e+08
0.035 7.0701e+10 6.7422e+08
0.036 6.9425e+10 6.6101e+08
0.037 6.8409e+10 6.4822e+08
0.038 6.7723e+10 6.3582e+08
0.039 6.6503e+10 6.2378e+08
0.04 6.5843e+10 6.1208e+08
0.041 6.4146e+10 6.0071e+08
0.042 6.3066e+10 5.8964e+08
0.043 6.2001e+10 5.7885e+08
0.044 6.1099e+10 5.6835e+08
0.045 6.1371e+10 5.581e+08
0.046 5.9166e+10 5.4809e+08
0.047 5.8365e+10 5.3833e+08
0.048 5.7789e+10 5.2879e+08
0.049 5.6051e+10 5.1946e+08
0.05 5.5585e+10 5.1034e+08
0.051 5.4008e+10 5.0142e+08
0.052 5.3249e+10 4.927e+08
0.053 5.2588e+10 4.8416e+08
0.054 5.1472e+10 4.7579e+08
0.055 5.101e+10 4.676e+08
0.056 4.9682e+10 4.5957e+08
0.057 4.8131e+10 4.5171e+08
0.058 4.7376e+10 4.44e+08
0.059 4.5507e+10 4.3644e+08
0.06 4.6382e+10 4.2904e+08
0.061 4.4278e+10 4.2177e+08
0.062 4.4036e+10 4.1465e+08
0.063 4.3537e+10 4.0766e+08
0.064 4.1319e+10 4.0081e+08
0.065 4.0417e+10 3.9409e+08
0.066 4.0013e+10 3.875e+08
0.067 3.8848e+10 3.8104e+08
0.068 3.8166e+10 3.7469e+08
0.069 3.6429e+10 3.6847e+08
0.07 3.6033e+10 3.6237e+08
0.071 3.4859e+10 3.5639e+08
0.072 3.4784e+10 3.5052e+08
0.073 3.3963e+10 3.4476e+08
0.074 3.3538e+10 3.3912e+08
0.075 3.1778e+10 3.3358e+08
0.076 3.1105e+10 3.2816e+08
0.077 2.9676e+10 3.2284e+08
0.078 2.9231e+10 3.1763e+08
0.079 2.8434e+10 3.1251e+08
0.08 2.7613e+10 3.0751e+08
0.081 2.7335e+10 3.026e+08
0.082 2.6539e+10 2.9779e+08
0.083 2.5116e+10 2.9308e+08
0.084 2.5288e+10 2.8847e+08
0.085 2.4437e+10 2.8396e+08
0.086 2.3576e+10 2.7954e+08
0.087 2.2573e+10 2.7521e+08
0.088 2.2148e+10 2.7097e+08
0.089 2.1605e+10 2.6683e+08
0.09 2.0998e+10 2.6278e+08
0.091 2.0593e+10 2.5881e+08
0.092 2.0235e+10 2.5493e+08
0.093 1.8774e+10 2.5114e+08
0.094 1.8755e+10 2.4744e+08
0.095 1.8012e+10 2.4381e+08
0.096 1.7703e+10 2.4028e+08
0.097 1.7002e+10 2.3682e+08
0.098 1.6863e+10 2.3344e+08
0.099 1.5901e+10 2.3014e+08
0.1 1.5492e+10 2.2692e+08
0.101 1.4927e+10 2.2378e+08
0.102 1.5079e+10 2.2071e+08
0.103 1.4203e+10 2.1772e+08
0.104 1.3747e+10 2.148e+08
0.105 1.3426e+10 2.1195e+08
0.106 1.3128e+10 2.0917e+08
0.107 1.2988e+10 2.0646e+08
0.108 1.1971e+10 2.0382e+08
0.109 1.1843e+10 2.0124e+08
0.11 1.1453e+10 1.9873e+08
0.111 1.1608e+10 1.9629e+08
0.112 1.0766e+10 1.939e+08
0.113 1.0427e+10 1.9158e+08
0.114 1.0287e+10 1.8931e+08
0.115 9.9873e+09 1.8711e+08
0.116 9.9404e+09 1.8496e+08
0.117 9.5042e+09 1.8286e+08
0.118 8.8509e+09 1.8082e+08
0.119 8.8652e+09 1.7883e+08
0.12 8.5437e+09 1.7689e+08
0.121 8.4059e+09 1.7501e+08
0.122 7.9859e+09 1.7317e+08
0.123 7.7141e+09 1.7138e+08
0.124 7.3964e+09 1.6963e+08
0.125 7.5249e+09 1.6793e+08
0.126 6.9271e+09 1.6628e+08
0.127 6.7244e+09 1.6466e+08
0.128 6.5723e+09 1.6309e+08
0.129 6.6035e+09 1.6155e+08
0.13 6.4477e+09 1.6006e+08
0.131 6.2861e+09 1.586e+08
0.132 5.8643e+09 1.5717e+08
0.133 5.7301e+09 1.5579e+08
0.134 5.6998e+09 1.5443e+08
0.135 5.602e+09 1.5311e+08
0.136 5.3688e+09 1.5182e+08
0.137 5.3793e+09 1.5056e+08
0.138 5.1874e+09 1.4933e+08
0.139 4.8227e+09 1.4813e+08
0.14 4.8617e+09 1.4696e+08
0.141 4.5512e+09 1.4581e+08
0.142 4.5003e+09 1.4469e+08
0.143 4.6107e+09 1.436e+08
0.144 4.2356e+09 1.4253e+08
0.145 4.1473e+09 1.4148e+08
0.146 4.1877e+09 1.4045e+08
0.147 4.1708e+09 1.3945e+08
0.148 3.9948e+09 1.3847e+08
0.149 3.6828e+09 1.3751e+08
0.15 3.4035e+09 1.3657e+08
0.151 3.5126e+09 1.3565e+08
0.152 3.2247e+09 1.3474e+08
0.153 3.4317e+09 1.3386e+08
0.154 3.2495e+09 1.3299e+08
0.155 3.3235e+09 1.3214e+08
0.156 2.9549e+09 1.3131e+08
0.157 3.0052e+09 1.305e+08
0.158 2.8239e+09 1.2969e+08
0.159 2.7901e+09 1.2891e+08
0.16 2.7201e+09 1.2814e+08
0.161 2.5814e+09 1.2738e+08
0.162 2.4308e+09 1.2664e+08
0.163 2.2674e+09 1.2591e+08
0.164 2.6311e+09 1.252e+08
0.165 2.2839e+09 1.245e+08
0.166 2.2013e+09 1.2381e+08
0.167 2.1727e+09 1.2313e+08
0.168 2.3225e+09 1.2247e+08
0.169 2.2762e+09 1.2182e+08
0.17 1.9576e+09 1.2118e+08
0.171 1.8932e+09 1.2055e+08
0.172 1.8656e+09 1.1993e+08
0.173 1.9776e+09 1.1932e+08
0.174 1.8433e+09 1.1873e+08
0.175 1.774e+09 1.1815e+08
0.176 1.6288e+09 1.1757e+08
0.177 1.7884e+09 1.1701e+08
0.178 1.8005e+09 1.1645e+08
0.179 1.5675e+09 1.1591e+08
0.18 1.7803e+09 1.1538e+08
0.181 1.5427e+09 1.1485e+08
0.182 1.6513e+09 1.1434e+08
0.183 1.372e+09 1.1383e+08
0.184 1.4015e+09 1.1334e+08
0.185 1.3597e+09 1.1285e+08
0.186 1.5963e+09 1.1237e+08
0.187 1.2886e+09 1.119e+08
0.188 1.2777e+09 1.1144e+08
0.189 1.206e+09 1.1098e+08
0.19 1.2569e+09 1.1054e+08
0.191 1.12e+09 1.101e+08
0.192 1.1389e+09 1.0967e+08
0.193 9.8372e+08 1.0925e+08
0.194 1.139e+09 1.0883e+08
0.195 1.1699e+09 1.0843e+08
0.196 1.1318e+09 1.0803e+08
0.197 8.3631e+08 1.0763e+08
0.198 8.3287e+08 1.0725e+08
0.199 1.0315e+09 1.0687e+08
0.2 8.3937e+08 1.0649e+08
0.201 9.3979e+08 1.0613e+08
0.202 7.8277e+08 1.0577e+08
0.203 9.7993e+08 1.0541e+08
0.204 9.8661e+08 1.0506e+08
0.205 6.5689e+08 1.0472e+08
0.206 9.0683e+08 1.0439e+08
0.207 6.8329e+08 1.0405e+08
0.208 6.0446e+08 1.0373e+08
0.209 4.9437e+08 1.0341e+08
0.21 7.4873e+08 1.0309e+08
0.211 7.3964e+08 1.0278e+08
0.212 8.3182e+08 1.0248e+08
0.213 8.1108e+08 1.0218e+08
0.214 7.1313e+08 1.0188e+08
0.215 6.5606e+08 1.0159e+08
0.216 6.5106e+08 1.013e+08
0.217 6.015e+08 1.0102e+08
0.218 6.8069e+08 1.0074e+08
0.219 3.8749e+08 1.0046e+08
0.22 5.0124e+08 1.0019e+08
0.221 7.1256e+08 9.9921e+07
0.222 8.4848e+08 9.9656e+07
0.223 5.3311e+08 9.9394e+07
0.224 6.4034e+08 9.9136e+07
0.225 6.4929e+08 9.8881e+07
0.226 5.6583e+08 9.8629e+07
0.227 8.8932e+08 9.838e+07
0.228 7.7512e+08 9.8134e+07
0.229 5.7662e+08 9.7891e+07
0.23 5.6222e+08 9.765e+07
0.231 6.3257e+08 9.7412e+07
0.232 5.9545e+08 9.7177e+07
0.233 4.266e+08 9.6944e+07
0.234 5.9269e+08 9.6713e+07
0.235 4.7587e+08 9.6484e+07
0.236 4.2195e+08 9.6258e+07
0.237 4.4833e+08 9.6034e+07
0.238 5.8645e+08 9.5812e+07
0.239 4.7325e+08 9.5592e+07
0.24 5.4059e+08 9.5374e+07
0.241 5.3217e+08 9.5158e+07
0.242 3.5481e+08 9.4943e+07
0.243 6.6361e+08 9.4731e+07
0.244 4.6419e+08 9.452e+07
0.245 5.0041e+08 9.4311e+07
0.246 3.7298e+08 9.4104e+07
0.247 7.3358e+08 9.3898e+07
0.248 4.7469e+08 9.3694e+07
0.249 5.3169e+08 9.3491e+07
0.25 4.3445e+08 9.329e+07
0.251 3.9147e+08 9.309e+07
0.252 4.4594e+08 9.2892e+07
0.253 4.6784e+08 9.2696e+07
0.254 4.5473e+08 9.25e+07
0.255 4.0292e+08 9.2306e+07
0.256 4.8263e+08 9.2114e+07
0.257 3.515e+08 9.1923e+07
0.258 3.2151e+08 9.1733e+07
0.259 3.8822e+08 9.1544e+07
0.26 4.5793e+08 9.1357e+07
0.261 5.5887e+08 9.1171e+07
0.262 3.3965e+08 9.0987e+07
0.263 4.2724e+08 9.0803e+07
0.264 4.6352e+08 9.0621e+07
0.265 3.7354e+08 9.044e+07
0.266 4.0601e+08 9.026e+07
0.267 3.6112e+08 9.0082e+07
0.268 5.4239e+08 8.9904e+07
0.269 3.5028e+08 8.9728e+07
0.27 4.4258e+08 8.9553e+07
0.271 4.6308e+08 8.938e+07
0.272 4.5747e+08 8.9207e+07
0.273 2.5542e+08 8.9036e+07
0.274 3.476e+08 8.8865e+07
0.275 3.6657e+08 8.8696e+07
0.276 4.1834e+08 8.8528e+07
0.277 4.3619e+08 8.8361e+07
0.278 5.8572e+08 8.8196e+07
0.279 3.686e+08 8.8031e+07
0.28 3.6838e+08 8.7867e+07
0.281 4.4612e+08 8.7705e+07
0.282 3.7718e+08 8.7543e+07
0.283 3.7398e+08 8.7383e+07
0.284 2.8819e+08 8.7224e+07
0.285 4.4808e+08 8.7066e+07
0.286 4.0391e+08 8.6908e+07
0.287 5.4875e+08 8.6752e+07
0.288 4.5359e+08 8.6597e+07
0.289 2.9427e+08 8.6443e+07
0.29 4.2306e+08 8.6289e+07
0.291 3.2356e+08 8.6137e+07
0.292 2.9717e+08 8.5986e+07
0.293 3.3292e+08 8.5835e+07
0.294 2.1372e+08 8.5686e+07
0.295 4.0001e+08 8.5537e+07
0.296 3.1545e+08 8.539e+07
0.297 3.0315e+08 8.5243e+07
0.298 3.7631e+08 8.5097e+07
0.299 5.1716e+08 8.4952e+07
0.3 4.4631e+08 8.4807e+07
0.301 3.8688e+08 8.4664e+07
0.302 3.4229e+08 8.4521e+07
0.303 3.5126e+08 8.438e+07
0.304 2.9226e+08 8.4239e+07
0.305 4.2702e+08 8.4098e+07
0.306 3.1514e+08 8.3959e+07
0.307 3.7018e+08 8.382e+07
0.308 3.8578e+08 8.3682e+07
0.309 2.7632e+08 8.3545e+07
0.31 2.5889e+08 8.3408e+07
0.311 3.2298e+08 8.3272e+07
0.312 4.1311e+08 8.3137e+07
0.313 3.5525e+08 8.3002e+07
0.314 2.9943e+08 8.2868e+07
0.315 3.5515e+08 8.2735e+07
0.316 3.2339e+08 8.2602e+07
0.317 4.4349e+08 8.247e+07
0.318 3.2979e+08 8.2338e+07
0.319 2.8766e+08 8.2207e+07
0.32 4.8456e+08 8.2077e+07
0.321 2.7508e+08 8.1947e+07
0.322 4.7649e+08 8.1817e+07
0.323 4.0629e+08 8.1689e+07
0.324 5.0295e+08 8.156e+07
0.325 3.9481e+08 8.1433e+07
0.326 4.1868e+08 8.1305e+07
0.327 3.726e+08 8.1179e+07
0.328 5.0255e+08 8.1052e+07
0.329 3.1552e+08 8.0927e+07
0.33 4.2737e+08 8.0801e+07
0.331 3.094e+08 8.0677e+07
0.332 3.2196e+08 8.0552e+07
0.333 3.6056e+08 8.0429e+07
0.334 4.7428e+08 8.0305e+07
0.335 3.4848e+08 8.0182e+07
0.336 3.6584e+08 8.006e+07
0.337 3.8283e+08 7.9938e+07
0.338 4.0551e+08 7.9816e+07
0.339 3.8865e+08 7.9695e+07
0.34 2.9155e+08 7.9574e+07
0.341 4.5194e+08 7.9454e+07
0.342 3.7636e+08 7.9334e+07
0.343 3.8003e+08 7.9215e+07
0.344 3.8507e+08 7.9096e+07
0.345 3.205e+08 7.8978e+07
0.346 2.876e+08 7.8859e+07
0.347 3.7657e+08 7.8742e+07
0.348 3.4354e+08 7.8625e+07
0.349 2.5221e+08 7.8508e+07
0.35 5.173e+08 7.8391e+07
0.351 4.6103e+08 7.8276e+07
0.352 2.2679e+08 7.816e+07
0.353 3.7163e+08 7.8045e+07
0.354 3.877e+08 7.793e+07
0.355 2.1948e+08 7.7816e+07
0.356 3.1651e+08 7.7703e+07
0.357 3.7804e+08 7.7589e+07
0.358 3.6211e+08 7.7476e+07
0.359 3.1426e+08 7.7364e+07
0.36 1.8316e+08 7.7252e+07
0.361 2.3797e+08 7.7141e+07
0.362 2.6871e+08 7.703e+07
0.363 3.6583e+08 7.6919e+07
0.364 2.4655e+08 7.6809e+07
0.365 2.9655e+08 7.6699e+07
0.366 3.6924e+08 7.659e+07
0.367 2.0546e+08 7.6481e+07
0.368 2.1855e+08 7.6373e+07
0.369 2.6411e+08 7.6265e+07
0.37 1.886e+08 7.6157e+07
0.371 3.1296e+08 7.605e+07
0.372 3.1897e+08 7.5944e+07
0.373 1.4143e+08 7.5838e+07
0.374 3.346e+08 7.5732e+07
0.375 3.5937e+08 7.5627e+07
0.376 3.4982e+08 7.5523e+07
0.377 3.1165e+08 7.5419e+07
0.378 1.9545e+08 7.5315e+07
0.379 2.0554e+08 7.5212e+07
0.38 3.4692e+08 7.5109e+07
0.381 3.7287e+08 7.5007e+07
0.382 2.8333e+08 7.4905e+07
0.383 3.0323e+08 7.4804e+07
0.384 2.9116e+08 7.4703e+07
0.385 3.5187e+08 7.4603e+07
0.386 3.467e+08 7.4503e+07
0.387 3.1222e+08 7.4404e+07
0.388 2.4043e+08 7.4305e+07
0.389 2.3508e+08 7.4206e+07
0.39 1.0883e+08 7.4108e+07
0.391 2.6215e+08 7.4011e+07
0.392 2.5434e+08 7.3914e+07
0.393 3.7211e+08 7.3818e+07
0.394 3.2331e+08 7.3722e+07
0.395 2.884e+08 7.3626e+07
0.396 3.2252e+08 7.3531e+07
0.397 1.7594e+08 7.3436e+07
0.398 2.5472e+08 7.3342e+07
0.399 2.1784e+08 7.3248e+07
0.4 3.4977e+08 7.3155e+07
0.401 3.3175e+08 7.3062e+07
0.402 1.7181e+08 7.297e+07
0.403 2.781e+08 7.2878e+07
0.404 2.5708e+08 7.2787e+07
0.405 1.8484e+08 7.2696e+07
0.406 3.852e+08 7.2605e+07
0.407 4.5034e+08 7.2515e+07
0.408 2.6327e+08 7.2426e+07
0.409 3.0632e+08 7.2336e+07
0.41 3.3301e+08 7.2248e+07
0.411 4.2293e+08 7.2159e+07
0.412 2.2451e+08 7.2071e+07
0.413 3.1734e+08 7.1984e+07
0.414 2.542e+08 7.1897e+07
0.415 4.3774e+08 7.181e+07
0.416 1.4502e+08 7.1724e+07
0.417 3.513e+08 7.1638e+07
0.418 2.6342e+08 7.1553e+07
0.419 1.9086e+08 7.1468e+07
0.42 3.0966e+08 7.1383e+07
0.421 2.7291e+08 7.1299e+07
0.422 2.2919e+08 7.1215e+07
0.423 1.8655e+08 7.1132e+07
0.424 2.3831e+08 7.1049e+07
0.425 2.7208e+08 7.0966e+07
0.426 2.4716e+08 7.0884e+07
0.427 1.1488e+08 7.0802e+07
0.428 3.6075e+08 7.0721e+07
0.429 1.7732e+08 7.0639e+07
0.43 3.1231e+08 7.0559e+07
0.431 2.2357e+08 7.0478e+07
0.432 3.0307e+08 7.0398e+07
0.433 2.4904e+08 7.0318e+07
0.434 2.7621e+08 7.0239e+07
0.435 3.1044e+08 7.016e+07
0.436 3.8235e+08 7.0081e+07
0.437 2.8379e+08 7.0003e+07
0.438 1.3937e+08 6.9925e+07
0.439 3.2423e+08 6.9847e+07
0.44 3.1225e+08 6.9769e+07
0.441 2.3594e+08 6.9692e+07
0.442 2.3132e+08 6.9615e+07
0.443 2.7683e+08 6.9539e+07
0.444 2.813e+08 6.9463e+07
0.445 2.6473e+08 6.9387e+07
0.446 1.8964e+08 6.9311e+07
0.447 2.5825e+08 6.9236e+07
0.448 2.5046e+08 6.916e+07
0.449 3.2386e+08 6.9086e+07
0.45 2.7336e+08 6.9011e+07
0.451 2.8372e+08 6.8937e+07
0.452 2.8076e+08 6.8863e+07
0.453 3.9839e+08 6.8789e+07
0.454 2.611e+08 6.8715e+07
0.455 1.9856e+08 6.8642e+07
0.456 4.51e+08 6.8569e+07
0.457 2.6471e+08 6.8496e+07
0.458 3.4792e+08 6.8423e+07
0.459 2.1038e+08 6.8351e+07
0.46 3.0657e+08 6.8279e+07
0.461 2.9338e+08 6.8207e+07
0.462 2.6884e+08 6.8135e+07
0.463 3.6424e+08 6.8064e+07
0.464 3.767e+08 6.7992e+07
0.465 3.0635e+08 6.7921e+07
0.466 3.8879e+08 6.785e+07
0.467 4.1178e+08 6.778e+07
0.468 3.2951e+08 6.7709e+07
0.469 3.7433e+08 6.7639e+07
0.47 3.7131e+08 6.7568e+07
0.471 4.0293e+08 6.7498e+07
0.472 2.0595e+08 6.7429e+07
0.473 2.9773e+08 6.7359e+07
0.474 2.8636e+08 6.729e+07
0.475 2.3354e+08 6.722e+07
0.476 3.4084e+08 6.7151e+07
0.477 3.0691e+08 6.7082e+07
0.478 2.4985e+08 6.7013e+07
0.479 3.596e+08 6.6945e+07
0.48 3.4337e+08 6.6876e+07
0.481 4.1776e+08 6.6808e+07
0.482 2.868e+08 6.6739e+07
0.483 3.4757e+08 6.6671e+07
0.484 3.6486e+08 6.6603e+07
0.485 3.2317e+08 6.6536e+07
0.486 2.3484e+08 6.6468e+07
0.487 4.131e+08 6.64e+07
0.488 4.0212e+08 6.6333e+07
0.489 1.4845e+08 6.6266e+07
0.49 1.9256e+08 6.6198e+07
0.491 3.0482e+08 6.6131e+07
0.492 1.9798e+08 6.6065e+07
0.493 3.3595e+08 6.5998e+07
0.494 3.26e+08 6.5931e+07
0.495 2.3448e+08 6.5865e+07
0.496 2.4399e+08 6.5798e+07
0.497 3.5085e+08 6.5732e+07
0.498 3.5307e+08 6.5666e+07
0.499 3.6009e+08 6.56e+07
0.5 3.0807e+08 6.5534e+07
