0.001 3.8691e+10 1.8715e+09
0.002 3.9194e+10 1.323e+09
0.003 3.7591e+10 1.0798e+09
0.004 3.597e+10 9.3455e+08
0.005 3.887e+10 8.3524e+08
0.006 3.7694e+10 7.6175e+08
0.007 3.8333e+10 7.0446e+08
0.008 3.6759e+10 6.5811e+08
0.009 3.7369e+10 6.1957e+08
0.01 3.769e+10 5.8682e+08
0.011 3.6818e+10 5.5851e+08
0.012 3.6707e+10 5.3368e+08
0.013 3.6962e+10 5.1165e+08
0.014 3.6515e+10 4.919e+08
0.015 3.64e+10 4.7405e+08
0.016 3.59e+10 4.5778e+08
0.017 3.6736e+10 4.4286e+08
0.018 3.5472e+10 4.291e+08
0.019 3.5092e+10 4.1634e+08
0.02 3.4608e+10 4.0445e+08
0.021 3.4391e+10 3.9333e+08
0.022 3.4564e+10 3.8288e+08
0.023 3.4209e+10 3.7304e+08
0.024 3.3742e+10 3.6373e+08
0.025 3.389e+10 3.549e+08
0.026 3.3771e+10 3.4651e+08
0.027 3.3443e+10 3.3851e+08
0.028 3.27e+10 3.3086e+08
0.029 3.2517e+10 3.2354e+08
0.03 3.1822e+10 3.1653e+08
0.031 3.1611e+10 3.0978e+08
0.032 3.0982e+10 3.0329e+08
0.033 3.1354e+10 2.9703e+08
0.034 3.0763e+10 2.9099e+08
0.035 3.0233e+10 2.8515e+08
0.036 2.998e+10 2.7949e+08
0.037 2.8968e+10 2.7401e+08
0.038 2.8356e+10 2.6869e+08
0.039 2.8109e+10 2.6353e+08
0.04 2.8034e+10 2.5851e+08
0.041 2.7727e+10 2.5363e+08
0.042 2.69e+10 2.4887e+08
0.043 2.7189e+10 2.4424e+08
0.044 2.6077e+10 2.3972e+08
0.045 2.6133e+10 2.3531e+08
0.046 2.5119e+10 2.3101e+08
0.047 2.5229e+10 2.268e+08
0.048 2.4387e+10 2.2269e+08
0.049 2.4344e+10 2.1867e+08
0.05 2.3635e+10 2.1474e+08
0.051 2.3354e+10 2.1089e+08
0.052 2.2689e+10 2.0712e+08
0.053 2.2347e+10 2.0343e+08
0.054 2.2105e+10 1.9982e+08
0.055 2.1317e+10 1.9627e+08
0.056 2.0984e+10 1.928e+08
0.057 2.052e+10 1.8939e+08
0.058 1.9851e+10 1.8605e+08
0.059 1.9481e+10 1.8278e+08
0.06 1.9487e+10 1.7956e+08
0.061 1.8947e+10 1.7641e+08
0.062 1.8153e+10 1.7332e+08
0.063 1.7789e+10 1.7028e+08
0.064 1.7674e+10 1.673e+08
0.065 1.7129e+10 1.6438e+08
0.066 1.6613e+10 1.6151e+08
0.067 1.6253e+10 1.5869e+08
0.068 1.5827e+10 1.5593e+08
0.069 1.5692e+10 1.5321e+08
0.07 1.5276e+10 1.5055e+08
0.071 1.4577e+10 1.4794e+08
0.072 1.428e+10 1.4537e+08
0.073 1.4059e+10 1.4285e+08
0.074 1.3806e+10 1.4038e+08
0.075 1.3167e+10 1.3796e+08
0.076 1.2944e+10 1.3558e+08
0.077 1.2551e+10 1.3325e+08
0.078 1.2317e+10 1.3097e+08
0.079 1.1804e+10 1.2872e+08
0.08 1.1426e+10 1.2652e+08
0.081 1.0966e+10 1.2437e+08
0.082 1.1007e+10 1.2225e+08
0.083 1.0507e+10 1.2018e+08
0.084 1.0005e+10 1.1815e+08
0.085 9.8632e+09 1.1617e+08
0.086 9.3226e+09 1.1422e+08
0.087 9.2214e+09 1.1231e+08
0.088 9.2128e+09 1.1045e+08
0.089 8.6037e+09 1.0862e+08
0.09 8.4722e+09 1.0683e+08
0.091 8.2038e+09 1.0508e+08
0.092 7.828e+09 1.0337e+08
0.093 7.6725e+09 1.017e+08
0.094 7.4595e+09 1.0007e+08
0.095 7.2488e+09 9.8468e+07
0.096 6.9338e+09 9.6907e+07
0.097 6.4685e+09 9.5382e+07
0.098 6.511e+09 9.3892e+07
0.099 6.3379e+09 9.2438e+07
0.1 6.1899e+09 9.1019e+07
0.101 5.9771e+09 8.9634e+07
0.102 5.5743e+09 8.8283e+07
0.103 5.5037e+09 8.6965e+07
0.104 5.2304e+09 8.568e+07
0.105 5.0234e+09 8.4428e+07
0.106 4.9065e+09 8.3207e+07
0.107 4.8392e+09 8.2019e+07
0.108 4.5628e+09 8.086e+07
0.109 4.4609e+09 7.9733e+07
0.11 4.314e+09 7.8635e+07
0.111 4.2589e+09 7.7566e+07
0.112 3.9706e+09 7.6527e+07
0.113 3.8623e+09 7.5515e+07
0.114 3.8804e+09 7.4531e+07
0.115 3.739e+09 7.3574e+07
0.116 3.4797e+09 7.2644e+07
0.117 3.4903e+09 7.1739e+07
0.118 3.2748e+09 7.086e+07
0.119 3.1444e+09 7.0006e+07
0.12 2.9721e+09 6.9175e+07
0.121 2.9546e+09 6.8369e+07
0.122 2.7964e+09 6.7585e+07
0.123 2.8027e+09 6.6823e+07
0.124 2.742e+09 6.6084e+07
0.125 2.5734e+09 6.5365e+07
0.126 2.5179e+09 6.4667e+07
0.127 2.4753e+09 6.3989e+07
0.128 2.3048e+09 6.3331e+07
0.129 2.2539e+09 6.2691e+07
0.13 2.0769e+09 6.207e+07
0.131 2.0994e+09 6.1466e+07
0.132 2.0992e+09 6.088e+07
0.133 1.9667e+09 6.031e+07
0.134 1.9789e+09 5.9756e+07
0.135 1.8504e+09 5.9218e+07
0.136 1.8743e+09 5.8694e+07
0.137 1.881e+09 5.8185e+07
0.138 1.5852e+09 5.769e+07
0.139 1.6444e+09 5.7209e+07
0.14 1.6462e+09 5.6741e+07
0.141 1.6191e+09 5.6285e+07
0.142 1.4838e+09 5.5841e+07
0.143 1.4421e+09 5.5409e+07
0.144 1.3198e+09 5.4988e+07
0.145 1.3176e+09 5.4578e+07
0.146 1.293e+09 5.4178e+07
0.147 1.3528e+09 5.3789e+07
0.148 1.2628e+09 5.3409e+07
0.149 1.2001e+09 5.3038e+07
0.15 1.2094e+09 5.2677e+07
0.151 1.2894e+09 5.2323e+07
0.152 1.113e+09 5.1979e+07
0.153 1.0668e+09 5.1642e+07
0.154 1.1481e+09 5.1313e+07
0.155 1.0684e+09 5.0991e+07
0.156 1.0771e+09 5.0676e+07
0.157 1.0106e+09 5.0368e+07
0.158 9.8086e+08 5.0067e+07
0.159 9.4703e+08 4.9772e+07
0.16 9.1469e+08 4.9484e+07
0.161 8.6309e+08 4.9201e+07
0.162 8.1224e+08 4.8924e+07
0.163 8.8729e+08 4.8653e+07
0.164 8.7291e+08 4.8387e+07
0.165 7.7968e+08 4.8126e+07
0.166 8.0465e+08 4.7871e+07
0.167 7.7609e+08 4.762e+07
0.168 7.3541e+08 4.7374e+07
0.169 7.2059e+08 4.7133e+07
0.17 7.766e+08 4.6896e+07
0.171 6.1432e+08 4.6663e+07
0.172 6.6248e+08 4.6435e+07
0.173 6.1449e+08 4.621e+07
0.174 6.1904e+08 4.599e+07
0.175 5.8719e+08 4.5774e+07
0.176 6.7115e+08 4.5561e+07
0.177 5.8629e+08 4.5352e+07
0.178 5.2358e+08 4.5147e+07
0.179 5.4643e+08 4.4945e+07
0.18 4.6343e+08 4.4747e+07
0.181 5.0847e+08 4.4552e+07
0.182 5.1451e+08 4.4361e+07
0.183 5.072e+08 4.4173e+07
0.184 4.2675e+08 4.3987e+07
0.185 5.6214e+08 4.3805e+07
0.186 4.4495e+08 4.3626e+07
0.187 4.0983e+08 4.345e+07
0.188 4.3227e+08 4.3277e+07
0.189 3.7376e+08 4.3107e+07
0.19 4.1674e+08 4.294e+07
0.191 4.3413e+08 4.2775e+07
0.192 3.82e+08 4.2613e+07
0.193 3.676e+08 4.2454e+07
0.194 3.1421e+08 4.2297e+07
0.195 3.663e+08 4.2143e+07
0.196 4.0555e+08 4.1991e+07
0.197 3.5279e+08 4.1842e+07
0.198 3.7528e+08 4.1695e+07
0.199 4.4995e+08 4.155e+07
0.2 4.265e+08 4.1408e+07
0.201 3.4846e+08 4.1268e+07
0.202 3.336e+08 4.113e+07
0.203 3.3359e+08 4.0994e+07
0.204 3.3428e+08 4.0861e+07
0.205 3.0836e+08 4.0729e+07
0.206 3.0065e+08 4.0599e+07
0.207 2.7245e+08 4.0472e+07
0.208 2.9219e+08 4.0346e+07
0.209 2.8777e+08 4.0222e+07
0.21 2.5004e+08 4.01e+07
0.211 2.4066e+08 3.998e+07
0.212 3.1412e+08 3.9862e+07
0.213 1.9866e+08 3.9745e+07
0.214 2.8508e+08 3.963e+07
0.215 2.4072e+08 3.9517e+07
0.216 2.9201e+08 3.9405e+07
0.217 2.8576e+08 3.9294e+07
0.218 2.4531e+08 3.9185e+07
0.219 2.2893e+08 3.9078e+07
0.22 2.2866e+08 3.8972e+07
0.221 2.2192e+08 3.8867e+07
0.222 2.2153e+08 3.8764e+07
0.223 2.237e+08 3.8662e+07
0.224 2.3418e+08 3.8562e+07
0.225 3.5076e+08 3.8462e+07
0.226 2.206e+08 3.8364e+07
0.227 2.5334e+08 3.8267e+07
0.228 1.6379e+08 3.8171e+07
0.229 2.6282e+08 3.8076e+07
0.23 2.3814e+08 3.7982e+07
0.231 1.5424e+08 3.789e+07
0.232 1.7967e+08 3.7798e+07
0.233 2.431e+08 3.7707e+07
0.234 2.1752e+08 3.7618e+07
0.235 2.6075e+08 3.7529e+07
0.236 1.1895e+08 3.7441e+07
0.237 2.2234e+08 3.7354e+07
0.238 2.3148e+08 3.7268e+07
0.239 1.3639e+08 3.7182e+07
0.24 1.3432e+08 3.7098e+07
0.241 1.4861e+08 3.7014e+07
0.242 1.8146e+08 3.6932e+07
0.243 1.8204e+08 3.6849e+07
0.244 1.823e+08 3.6768e+07
0.245 1.9577e+08 3.6687e+07
0.246 1.4105e+08 3.6608e+07
0.247 1.736e+08 3.6528e+07
0.248 1.624e+08 3.645e+07
0.249 1.7286e+08 3.6372e+07
0.25 1.8365e+08 3.6295e+07
0.251 1.8869e+08 3.6218e+07
0.252 1.6016e+08 3.6142e+07
0.253 1.7774e+08 3.6067e+07
0.254 1.2765e+08 3.5992e+07
0.255 2.209e+08 3.5918e+07
0.256 1.5438e+08 3.5844e+07
0.257 1.8762e+08 3.5771e+07
0.258 1.7751e+08 3.5699e+07
0.259 1.352e+08 3.5627e+07
0.26 1.235e+08 3.5556e+07
0.261 1.7086e+08 3.5485e+07
0.262 1.5822e+08 3.5415e+07
0.263 2.0549e+08 3.5345e+07
0.264 1.7243e+08 3.5275e+07
0.265 1.8775e+08 3.5207e+07
0.266 1.9785e+08 3.5138e+07
0.267 1.9906e+08 3.5071e+07
0.268 1.5207e+08 3.5003e+07
0.269 1.9307e+08 3.4936e+07
0.27 1.3187e+08 3.487e+07
0.271 1.0238e+08 3.4804e+07
0.272 1.493e+08 3.4738e+07
0.273 1.5373e+08 3.4673e+07
0.274 9.7226e+07 3.4609e+07
0.275 1.527e+08 3.4544e+07
0.276 2.0155e+08 3.4481e+07
0.277 2.1511e+08 3.4417e+07
0.278 1.5076e+08 3.4354e+07
0.279 1.4874e+08 3.4291e+07
0.28 1.8289e+08 3.4229e+07
0.281 1.2761e+08 3.4167e+07
0.282 2.2452e+08 3.4106e+07
0.283 1.566e+08 3.4045e+07
0.284 1.6406e+08 3.3984e+07
0.285 1.2669e+08 3.3924e+07
0.286 1.8846e+08 3.3863e+07
0.287 1.525e+08 3.3804e+07
0.288 1.3245e+08 3.3744e+07
0.289 1.0479e+08 3.3685e+07
0.29 1.3169e+08 3.3626e+07
0.291 1.3892e+08 3.3568e+07
0.292 1.3962e+08 3.351e+07
0.293 1.8318e+08 3.3452e+07
0.294 2.0965e+08 3.3394e+07
0.295 9.633e+07 3.3337e+07
0.296 1.2964e+08 3.328e+07
0.297 1.5754e+08 3.3223e+07
0.298 2.0015e+08 3.3167e+07
0.299 1.5084e+08 3.3111e+07
0.3 1.4226e+08 3.3055e+07
0.301 1.9524e+08 3.2999e+07
0.302 1.3957e+08 3.2943e+07
0.303 1.0182e+08 3.2888e+07
0.304 1.6086e+08 3.2833e+07
0.305 1.8037e+08 3.2778e+07
0.306 1.1906e+08 3.2724e+07
0.307 1.4535e+08 3.2669e+07
0.308 1.3257e+08 3.2615e+07
0.309 1.1494e+08 3.2561e+07
0.31 1.6749e+08 3.2507e+07
0.311 1.6946e+08 3.2454e+07
0.312 1.0533e+08 3.24e+07
0.313 1.3953e+08 3.2347e+07
0.314 1.0659e+08 3.2294e+07
0.315 1.2625e+08 3.2241e+07
0.316 1.4793e+08 3.2188e+07
0.317 2.0226e+08 3.2136e+07
0.318 1.6088e+08 3.2084e+07
0.319 1.2192e+08 3.2031e+07
0.32 1.9432e+08 3.1979e+07
0.321 1.3685e+08 3.1928e+07
0.322 1.4909e+08 3.1876e+07
0.323 1.5605e+08 3.1825e+07
0.324 1.2698e+08 3.1773e+07
0.325 1.3356e+08 3.1722e+07
0.326 2.158e+08 3.1671e+07
0.327 2.0673e+08 3.162e+07
0.328 1.754e+08 3.157e+07
0.329 7.3788e+07 3.1519e+07
0.33 1.442e+08 3.1469e+07
0.331 1.3652e+08 3.1418e+07
0.332 1.8947e+08 3.1368e+07
0.333 1.3659e+08 3.1319e+07
0.334 1.7135e+08 3.1269e+07
0.335 1.1268e+08 3.1219e+07
0.336 1.5936e+08 3.117e+07
0.337 1.3704e+08 3.1121e+07
0.338 1.4661e+08 3.1072e+07
0.339 1.306e+08 3.1023e+07
0.34 1.5685e+08 3.0974e+07
0.341 1.3379e+08 3.0926e+07
0.342 1.1308e+08 3.0878e+07
0.343 1.0572e+08 3.0829e+07
0.344 1.152e+08 3.0782e+07
0.345 1.0419e+08 3.0734e+07
0.346 1.1455e+08 3.0686e+07
0.347 1.1971e+08 3.0639e+07
0.348 8.9587e+07 3.0592e+07
0.349 1.2003e+08 3.0545e+07
0.35 1.5101e+08 3.0498e+07
0.351 1.1613e+08 3.0451e+07
0.352 1.5725e+08 3.0405e+07
0.353 1.6442e+08 3.0359e+07
0.354 1.3543e+08 3.0313e+07
0.355 1.2782e+08 3.0267e+07
0.356 1.2559e+08 3.0221e+07
0.357 1.0166e+08 3.0176e+07
0.358 1.7096e+08 3.0131e+07
0.359 1.0768e+08 3.0086e+07
0.36 9.1496e+07 3.0041e+07
0.361 1.1622e+08 2.9996e+07
0.362 1.1606e+08 2.9952e+07
0.363 9.519e+07 2.9908e+07
0.364 9.4458e+07 2.9864e+07
0.365 1.1522e+08 2.9821e+07
0.366 1.4083e+08 2.9777e+07
0.367 1.4278e+08 2.9734e+07
0.368 9.5374e+07 2.9691e+07
0.369 5.8509e+07 2.9648e+07
0.37 7.3772e+07 2.9606e+07
0.371 1.3202e+08 2.9564e+07
0.372 1.3627e+08 2.9521e+07
0.373 1.0828e+08 2.948e+07
0.374 5.6882e+07 2.9438e+07
0.375 7.6179e+07 2.9397e+07
0.376 6.104e+07 2.9356e+07
0.377 1.2792e+08 2.9315e+07
0.378 1.0858e+08 2.9274e+07
0.379 5.072e+07 2.9234e+07
0.38 1.1184e+08 2.9193e+07
0.381 1.1367e+08 2.9153e+07
0.382 6.1329e+07 2.9114e+07
0.383 1.2233e+08 2.9074e+07
0.384 8.8734e+07 2.9035e+07
0.385 4.474e+07 2.8996e+07
0.386 7.6882e+07 2.8957e+07
0.387 5.3713e+07 2.8918e+07
0.388 1.103e+08 2.888e+07
0.389 6.675e+07 2.8841e+07
0.39 1.2731e+08 2.8803e+07
0.391 1.3802e+08 2.8766e+07
0.392 1.7527e+08 2.8728e+07
0.393 8.911e+07 2.8691e+07
0.394 7.3042e+07 2.8653e+07
0.395 1.4157e+08 2.8617e+07
0.396 9.7073e+07 2.858e+07
0.397 1.2392e+08 2.8543e+07
0.398 9.3191e+07 2.8507e+07
0.399 8.8261e+07 2.8471e+07
0.4 1.1192e+08 2.8435e+07
0.401 1.3748e+08 2.8399e+07
0.402 6.4984e+07 2.8363e+07
0.403 9.5149e+07 2.8328e+07
0.404 4.6719e+07 2.8293e+07
0.405 1.2788e+08 2.8258e+07
0.406 1.0689e+08 2.8223e+07
0.407 1.4648e+08 2.8188e+07
0.408 1.3199e+08 2.8154e+07
0.409 1.0084e+08 2.812e+07
0.41 4.2792e+07 2.8085e+07
0.411 6.722e+07 2.8051e+07
0.412 7.7906e+07 2.8018e+07
0.413 1.0526e+08 2.7984e+07
0.414 5.9692e+07 2.7951e+07
0.415 9.8644e+07 2.7917e+07
0.416 7.8856e+07 2.7884e+07
0.417 2.5386e+07 2.7851e+07
0.418 5.8803e+07 2.7818e+07
0.419 1.6722e+08 2.7786e+07
0.42 8.807e+07 2.7753e+07
0.421 1.4756e+08 2.7721e+07
0.422 8.5347e+07 2.7689e+07
0.423 6.4363e+07 2.7657e+07
0.424 9.6467e+07 2.7625e+07
0.425 8.601e+07 2.7593e+07
0.426 1.1316e+08 2.7561e+07
0.427 6.8484e+07 2.753e+07
0.428 1.2006e+08 2.7498e+07
0.429 8.146e+07 2.7467e+07
0.43 9.9089e+07 2.7436e+07
0.431 9.5523e+07 2.7405e+07
0.432 9.6043e+07 2.7374e+07
0.433 1.2335e+08 2.7344e+07
0.434 9.8981e+07 2.7313e+07
0.435 1.047e+08 2.7282e+07
0.436 1.1061e+08 2.7252e+07
0.437 1.2903e+08 2.7222e+07
0.438 1.1907e+08 2.7192e+07
0.439 9.3734e+07 2.7162e+07
0.44 1.2711e+08 2.7132e+07
0.441 6.8879e+07 2.7102e+07
0.442 1.0832e+08 2.7073e+07
0.443 8.1233e+07 2.7043e+07
0.444 8.7688e+07 2.7014e+07
0.445 5.1567e+07 2.6984e+07
0.446 7.2076e+07 2.6955e+07
0.447 1.0535e+08 2.6926e+07
0.448 3.5166e+07 2.6897e+07
0.449 9.0873e+07 2.6868e+07
0.45 1.4258e+08 2.6839e+07
0.451 1.2225e+08 2.6811e+07
0.452 1.1183e+08 2.6782e+07
0.453 1.4275e+08 2.6753e+07
0.454 7.7856e+07 2.6725e+07
0.455 8.5131e+07 2.6697e+07
0.456 8.0467e+07 2.6669e+07
0.457 7.7988e+07 2.664e+07
0.458 9.0712e+07 2.6612e+07
0.459 1.1507e+08 2.6584e+07
0.46 1.1947e+08 2.6557e+07
0.461 1.2329e+08 2.6529e+07
0.462 7.7171e+07 2.6501e+07
0.463 1.179e+08 2.6473e+07
0.464 5.7699e+07 2.6446e+07
0.465 1.0656e+08 2.6418e+07
0.466 8.6307e+07 2.6391e+07
0.467 8.8237e+07 2.6364e+07
0.468 1.0429e+08 2.6337e+07
0.469 1.2168e+08 2.6309e+07
0.47 1.0451e+08 2.6282e+07
0.471 1.655e+08 2.6255e+07
0.472 1.2027e+08 2.6228e+07
0.473 8.3244e+07 2.6202e+07
0.474 1.0253e+08 2.6175e+07
0.475 1.039e+08 2.6148e+07
0.476 9.0362e+07 2.6121e+07
0.477 1.3327e+08 2.6095e+07
0.478 1.0935e+08 2.6068e+07
0.479 1.0468e+08 2.6042e+07
0.48 8.9329e+07 2.6015e+07
0.481 1.2421e+08 2.5989e+07
0.482 1.278e+08 2.5963e+07
0.483 1.1876e+08 2.5937e+07
0.484 1.2177e+08 2.591e+07
0.485 1.1438e+08 2.5884e+07
0.486 1.1529e+08 2.5858e+07
0.487 1.3147e+08 2.5832e+07
0.488 6.2516e+07 2.5806e+07
0.489 9.1527e+07 2.578e+07
0.49 1.1797e+08 2.5755e+07
0.491 1.0378e+08 2.5729e+07
0.492 1.2465e+08 2.5703e+07
0.493 1.2933e+08 2.5677e+07
0.494 1.1607e+08 2.5652e+07
0.495 1.319e+08 2.5626e+07
0.496 1.3383e+08 2.5601e+07
0.497 9.1454e+07 2.5575e+07
0.498 1.2614e+08 2.555e+07
0.499 1.6057e+08 2.5524e+07
0.5 1.1841e+08 2.5499e+07
