0.001 7.6991e+09 3.73e+08
0.002 7.2935e+09 2.6369e+08
0.003 6.6851e+09 2.1522e+08
0.004 7.1303e+09 1.8628e+08
0.005 6.8812e+09 1.665e+08
0.006 7.1185e+09 1.5186e+08
0.007 7.3231e+09 1.4046e+08
0.008 7.1393e+09 1.3123e+08
0.009 7.1567e+09 1.2356e+08
0.01 7.1926e+09 1.1705e+08
0.011 7.1089e+09 1.1142e+08
0.012 7.1914e+09 1.0649e+08
0.013 6.8929e+09 1.0212e+08
0.014 7.1222e+09 9.8198e+07
0.015 6.804e+09 9.4658e+07
0.016 6.7606e+09 9.1434e+07
0.017 6.9153e+09 8.8481e+07
0.018 6.8266e+09 8.5759e+07
0.019 6.9438e+09 8.3237e+07
0.02 6.8049e+09 8.0889e+07
0.021 6.6143e+09 7.8695e+07
0.022 6.6844e+09 7.6636e+07
0.023 6.5076e+09 7.4698e+07
0.024 6.3822e+09 7.2868e+07
0.025 6.4966e+09 7.1134e+07
0.026 6.294e+09 6.9487e+07
0.027 6.4354e+09 6.792e+07
0.028 6.2061e+09 6.6425e+07
0.029 6.193e+09 6.4995e+07
0.03 6.0897e+09 6.3626e+07
0.031 6.1624e+09 6.2312e+07
0.032 5.996e+09 6.1049e+07
0.033 5.96e+09 5.9834e+07
0.034 5.9255e+09 5.8662e+07
0.035 5.7801e+09 5.7531e+07
0.036 5.8325e+09 5.6439e+07
0.037 5.692e+09 5.5382e+07
0.038 5.5627e+09 5.4358e+07
0.039 5.4486e+09 5.3366e+07
0.04 5.4381e+09 5.2404e+07
0.041 5.3182e+09 5.1469e+07
0.042 5.2715e+09 5.0561e+07
0.043 5.2112e+09 4.9678e+07
0.044 5.2405e+09 4.8819e+07
0.045 4.9307e+09 4.7982e+07
0.046 5.0199e+09 4.7167e+07
0.047 4.9079e+09 4.6373e+07
0.048 4.8724e+09 4.5598e+07
0.049 4.7296e+09 4.4843e+07
0.05 4.698e+09 4.4106e+07
0.051 4.5991e+09 4.3386e+07
0.052 4.5023e+09 4.2683e+07
0.053 4.4212e+09 4.1996e+07
0.054 4.2976e+09 4.1325e+07
0.055 4.2622e+09 4.0669e+07
0.056 4.1669e+09 4.0028e+07
0.057 4.1018e+09 3.9401e+07
0.058 4.0764e+09 3.8788e+07
0.059 4.0141e+09 3.8189e+07
0.06 3.9019e+09 3.7602e+07
0.061 3.788e+09 3.7028e+07
0.062 3.7811e+09 3.6467e+07
0.063 3.6606e+09 3.5918e+07
0.064 3.5593e+09 3.5381e+07
0.065 3.5682e+09 3.4855e+07
0.066 3.4848e+09 3.434e+07
0.067 3.4092e+09 3.3837e+07
0.068 3.3404e+09 3.3344e+07
0.069 3.2653e+09 3.2862e+07
0.07 3.1815e+09 3.239e+07
0.071 3.1124e+09 3.1929e+07
0.072 3.0252e+09 3.1477e+07
0.073 2.9785e+09 3.1035e+07
0.074 2.9065e+09 3.0603e+07
0.075 2.8669e+09 3.018e+07
0.076 2.806e+09 2.9766e+07
0.077 2.7492e+09 2.9361e+07
0.078 2.668e+09 2.8965e+07
0.079 2.6337e+09 2.8578e+07
0.08 2.5645e+09 2.8199e+07
0.081 2.5187e+09 2.7829e+07
0.082 2.4738e+09 2.7467e+07
0.083 2.4168e+09 2.7113e+07
0.084 2.36e+09 2.6766e+07
0.085 2.2441e+09 2.6428e+07
0.086 2.2843e+09 2.6097e+07
0.087 2.2138e+09 2.5773e+07
0.088 2.1456e+09 2.5457e+07
0.089 2.1063e+09 2.5148e+07
0.09 2.0938e+09 2.4845e+07
0.091 2.0238e+09 2.455e+07
0.092 1.9672e+09 2.4261e+07
0.093 1.9508e+09 2.3978e+07
0.094 1.9215e+09 2.3702e+07
0.095 1.8566e+09 2.3433e+07
0.096 1.8111e+09 2.3169e+07
0.097 1.8283e+09 2.2911e+07
0.098 1.689e+09 2.2659e+07
0.099 1.704e+09 2.2413e+07
0.1 1.6367e+09 2.2172e+07
0.101 1.5929e+09 2.1936e+07
0.102 1.5675e+09 2.1705e+07
0.103 1.6024e+09 2.148e+07
0.104 1.5036e+09 2.1259e+07
0.105 1.5096e+09 2.1044e+07
0.106 1.4666e+09 2.0833e+07
0.107 1.4279e+09 2.0626e+07
0.108 1.4382e+09 2.0424e+07
0.109 1.3943e+09 2.0226e+07
0.11 1.361e+09 2.0032e+07
0.111 1.3403e+09 1.9842e+07
0.112 1.3339e+09 1.9656e+07
0.113 1.2968e+09 1.9474e+07
0.114 1.2405e+09 1.9295e+07
0.115 1.213e+09 1.912e+07
0.116 1.2031e+09 1.8948e+07
0.117 1.1857e+09 1.878e+07
0.118 1.1432e+09 1.8614e+07
0.119 1.1369e+09 1.8452e+07
0.12 1.1055e+09 1.8293e+07
0.121 1.0815e+09 1.8137e+07
0.122 1.0838e+09 1.7983e+07
0.123 1.0752e+09 1.7832e+07
0.124 1.0389e+09 1.7684e+07
0.125 1.0108e+09 1.7538e+07
0.126 9.8433e+08 1.7395e+07
0.127 9.7218e+08 1.7254e+07
0.128 9.2229e+08 1.7115e+07
0.129 9.4656e+08 1.6979e+07
0.13 9.0219e+08 1.6845e+07
0.131 8.8403e+08 1.6712e+07
0.132 8.8054e+08 1.6582e+07
0.133 8.1499e+08 1.6454e+07
0.134 8.1953e+08 1.6328e+07
0.135 8.1157e+08 1.6203e+07
0.136 7.7699e+08 1.6081e+07
0.137 8.1175e+08 1.596e+07
0.138 7.66e+08 1.5841e+07
0.139 7.6112e+08 1.5723e+07
0.14 7.2492e+08 1.5607e+07
0.141 7.1298e+08 1.5493e+07
0.142 7.1118e+08 1.538e+07
0.143 6.6963e+08 1.5269e+07
0.144 7.0042e+08 1.5159e+07
0.145 6.6287e+08 1.5051e+07
0.146 6.429e+08 1.4944e+07
0.147 6.2781e+08 1.4839e+07
0.148 6.3246e+08 1.4735e+07
0.149 5.8258e+08 1.4633e+07
0.15 5.6072e+08 1.4531e+07
0.151 5.4862e+08 1.4431e+07
0.152 5.383e+08 1.4333e+07
0.153 5.5549e+08 1.4236e+07
0.154 5.0579e+08 1.414e+07
0.155 5.1417e+08 1.4045e+07
0.156 4.8575e+08 1.3952e+07
0.157 4.8471e+08 1.386e+07
0.158 4.6565e+08 1.3769e+07
0.159 4.5312e+08 1.368e+07
0.16 4.4021e+08 1.3591e+07
0.161 4.3597e+08 1.3504e+07
0.162 3.9807e+08 1.3419e+07
0.163 4.1623e+08 1.3334e+07
0.164 3.9077e+08 1.3251e+07
0.165 4.0534e+08 1.3169e+07
0.166 4.0132e+08 1.3088e+07
0.167 3.5734e+08 1.3008e+07
0.168 3.7028e+08 1.293e+07
0.169 3.6127e+08 1.2853e+07
0.17 3.2393e+08 1.2777e+07
0.171 3.3297e+08 1.2702e+07
0.172 3.0752e+08 1.2628e+07
0.173 3.3012e+08 1.2556e+07
0.174 2.9855e+08 1.2485e+07
0.175 2.8928e+08 1.2414e+07
0.176 2.7967e+08 1.2346e+07
0.177 2.9481e+08 1.2278e+07
0.178 2.4945e+08 1.2211e+07
0.179 2.3957e+08 1.2146e+07
0.18 2.4292e+08 1.2081e+07
0.181 2.4644e+08 1.2018e+07
0.182 2.1865e+08 1.1956e+07
0.183 2.1515e+08 1.1895e+07
0.184 2.0988e+08 1.1835e+07
0.185 2.0686e+08 1.1776e+07
0.186 2.1096e+08 1.1719e+07
0.187 1.8948e+08 1.1662e+07
0.188 2.0289e+08 1.1606e+07
0.189 1.7805e+08 1.1552e+07
0.19 1.9081e+08 1.1498e+07
0.191 1.4914e+08 1.1446e+07
0.192 1.6116e+08 1.1394e+07
0.193 1.7173e+08 1.1344e+07
0.194 1.636e+08 1.1294e+07
0.195 1.5892e+08 1.1245e+07
0.196 1.4416e+08 1.1198e+07
0.197 1.5653e+08 1.1151e+07
0.198 1.3538e+08 1.1105e+07
0.199 1.0816e+08 1.106e+07
0.2 1.1673e+08 1.1016e+07
0.201 1.0136e+08 1.0973e+07
0.202 1.1716e+08 1.093e+07
0.203 1.1309e+08 1.0888e+07
0.204 1.0705e+08 1.0848e+07
0.205 8.4056e+07 1.0808e+07
0.206 9.3971e+07 1.0768e+07
0.207 8.1511e+07 1.073e+07
0.208 8.5496e+07 1.0692e+07
0.209 8.8445e+07 1.0655e+07
0.21 8.8951e+07 1.0618e+07
0.211 9.086e+07 1.0583e+07
0.212 8.6528e+07 1.0547e+07
0.213 7.156e+07 1.0513e+07
0.214 7.8436e+07 1.0479e+07
0.215 8.6103e+07 1.0446e+07
0.216 6.9362e+07 1.0413e+07
0.217 8.1924e+07 1.0381e+07
0.218 6.0255e+07 1.035e+07
0.219 7.7507e+07 1.0319e+07
0.22 5.6915e+07 1.0288e+07
0.221 6.1361e+07 1.0259e+07
0.222 4.8893e+07 1.0229e+07
0.223 4.7145e+07 1.02e+07
0.224 4.5614e+07 1.0172e+07
0.225 3.6159e+07 1.0144e+07
0.226 3.7202e+07 1.0116e+07
0.227 4.9406e+07 1.0089e+07
0.228 4.8027e+07 1.0063e+07
0.229 5.5066e+07 1.0036e+07
0.23 4.9331e+07 1.001e+07
0.231 4.2736e+07 9.9849e+06
0.232 4.263e+07 9.9598e+06
0.233 3.637e+07 9.935e+06
0.234 3.1994e+07 9.9106e+06
0.235 3.6501e+07 9.8865e+06
0.236 3.1759e+07 9.8628e+06
0.237 3.8596e+07 9.8394e+06
0.238 3.3021e+07 9.8163e+06
0.239 3.7373e+07 9.7936e+06
0.24 2.3258e+07 9.7711e+06
0.241 4.0253e+07 9.7489e+06
0.242 2.1024e+07 9.727e+06
0.243 3.0381e+07 9.7054e+06
0.244 4.2872e+07 9.684e+06
0.245 6.4397e+07 9.6629e+06
0.246 2.0049e+07 9.642e+06
0.247 2.7707e+07 9.6214e+06
0.248 2.1485e+07 9.601e+06
0.249 3.4658e+07 9.5809e+06
0.25 3.2505e+07 9.561e+06
0.251 3.8439e+07 9.5413e+06
0.252 3.7765e+07 9.5218e+06
0.253 3.8057e+07 9.5025e+06
0.254 2.6973e+07 9.4835e+06
0.255 3.2728e+07 9.4646e+06
0.256 2.4581e+07 9.4459e+06
0.257 1.5273e+07 9.4274e+06
0.258 2.046e+07 9.4091e+06
0.259 4.1811e+07 9.391e+06
0.26 3.8981e+07 9.373e+06
0.261 4.5745e+07 9.3552e+06
0.262 2.8851e+07 9.3376e+06
0.263 2.8444e+07 9.3202e+06
0.264 2.6741e+07 9.3028e+06
0.265 4.3161e+07 9.2857e+06
0.266 2.7839e+07 9.2687e+06
0.267 3.2248e+07 9.2518e+06
0.268 3.6295e+07 9.2351e+06
0.269 3.1229e+07 9.2185e+06
0.27 4.8332e+07 9.202e+06
0.271 4.3345e+07 9.1856e+06
0.272 3.2711e+07 9.1694e+06
0.273 4.0629e+07 9.1533e+06
0.274 4.3872e+07 9.1373e+06
0.275 3.7192e+07 9.1214e+06
0.276 2.7442e+07 9.1057e+06
0.277 4.8382e+07 9.09e+06
0.278 4.506e+07 9.0744e+06
0.279 3.0694e+07 9.0589e+06
0.28 2.1755e+07 9.0436e+06
0.281 2.7182e+07 9.0283e+06
0.282 4.3019e+07 9.013e+06
0.283 4.8131e+07 8.9979e+06
0.284 3.0367e+07 8.9829e+06
0.285 3.7816e+07 8.9679e+06
0.286 3.3937e+07 8.953e+06
0.287 3.576e+07 8.9382e+06
0.288 2.6569e+07 8.9234e+06
0.289 3.9087e+07 8.9087e+06
0.29 3.4359e+07 8.8941e+06
0.291 3.8971e+07 8.8796e+06
0.292 4.8114e+07 8.8651e+06
0.293 4.12e+07 8.8506e+06
0.294 4.374e+07 8.8362e+06
0.295 5.3845e+07 8.8219e+06
0.296 3.2245e+07 8.8076e+06
0.297 3.2406e+07 8.7933e+06
0.298 4.9645e+07 8.7791e+06
0.299 2.7508e+07 8.765e+06
0.3 5.3504e+07 8.7509e+06
0.301 3.5785e+07 8.7368e+06
0.302 3.5315e+07 8.7228e+06
0.303 4.1129e+07 8.7088e+06
0.304 3.6882e+07 8.6948e+06
0.305 3.9639e+07 8.6809e+06
0.306 2.3451e+07 8.6671e+06
0.307 4.241e+07 8.6532e+06
0.308 4.9522e+07 8.6394e+06
0.309 5.2949e+07 8.6257e+06
0.31 4.5584e+07 8.6119e+06
0.311 2.9086e+07 8.5982e+06
0.312 3.7765e+07 8.5846e+06
0.313 2.6194e+07 8.5709e+06
0.314 5.2784e+07 8.5573e+06
0.315 4.1058e+07 8.5438e+06
0.316 5.0316e+07 8.5302e+06
0.317 4.0486e+07 8.5167e+06
0.318 4.8256e+07 8.5033e+06
0.319 3.443e+07 8.4899e+06
0.32 3.585e+07 8.4765e+06
0.321 4.6675e+07 8.4631e+06
0.322 3.2503e+07 8.4498e+06
0.323 4.0996e+07 8.4365e+06
0.324 4.0922e+07 8.4232e+06
0.325 5.0915e+07 8.41e+06
0.326 4.2189e+07 8.3969e+06
0.327 2.7915e+07 8.3837e+06
0.328 3.5183e+07 8.3706e+06
0.329 3.9867e+07 8.3576e+06
0.33 4.9119e+07 8.3446e+06
0.331 4.166e+07 8.3316e+06
0.332 5.016e+07 8.3187e+06
0.333 3.8431e+07 8.3058e+06
0.334 3.3769e+07 8.2929e+06
0.335 4.2204e+07 8.2801e+06
0.336 3.2545e+07 8.2674e+06
0.337 3.7676e+07 8.2547e+06
0.338 5.3694e+07 8.242e+06
0.339 5.1398e+07 8.2294e+06
0.34 5.6861e+07 8.2168e+06
0.341 4.1508e+07 8.2043e+06
0.342 2.246e+07 8.1919e+06
0.343 3.6808e+07 8.1794e+06
0.344 2.9079e+07 8.1671e+06
0.345 3.9802e+07 8.1548e+06
0.346 4.0777e+07 8.1425e+06
0.347 2.0193e+07 8.1303e+06
0.348 4.0986e+07 8.1181e+06
0.349 3.601e+07 8.106e+06
0.35 2.8647e+07 8.094e+06
0.351 2.7423e+07 8.082e+06
0.352 3.9111e+07 8.07e+06
0.353 3.7613e+07 8.0581e+06
0.354 5.5749e+07 8.0463e+06
0.355 3.4489e+07 8.0345e+06
0.356 3.3388e+07 8.0228e+06
0.357 4.1092e+07 8.0111e+06
0.358 1.6878e+07 7.9995e+06
0.359 4.5072e+07 7.9879e+06
0.36 3.3522e+07 7.9764e+06
0.361 2.369e+07 7.9649e+06
0.362 3.2915e+07 7.9535e+06
0.363 4.1362e+07 7.9422e+06
0.364 3.8353e+07 7.9309e+06
0.365 2.6903e+07 7.9196e+06
0.366 4.38e+07 7.9084e+06
0.367 3.9237e+07 7.8973e+06
0.368 3.7145e+07 7.8861e+06
0.369 3.82e+07 7.8751e+06
0.37 4.9461e+07 7.8641e+06
0.371 4.161e+07 7.8531e+06
0.372 2.45e+07 7.8422e+06
0.373 3.992e+07 7.8314e+06
0.374 2.808e+07 7.8205e+06
0.375 3.8566e+07 7.8098e+06
0.376 3.3063e+07 7.7991e+06
0.377 3.5473e+07 7.7884e+06
0.378 3.7318e+07 7.7777e+06
0.379 2.198e+07 7.7672e+06
0.38 4.699e+07 7.7566e+06
0.381 2.8073e+07 7.7461e+06
0.382 3.0054e+07 7.7356e+06
0.383 3.3831e+07 7.7252e+06
0.384 1.8957e+07 7.7148e+06
0.385 3.34e+07 7.7045e+06
0.386 2.9502e+07 7.6942e+06
0.387 2.911e+07 7.6839e+06
0.388 3.2475e+07 7.6737e+06
0.389 3.7742e+07 7.6635e+06
0.39 3.002e+07 7.6533e+06
0.391 2.6132e+07 7.6432e+06
0.392 2.8394e+07 7.6332e+06
0.393 4.095e+07 7.6231e+06
0.394 4.1708e+07 7.6131e+06
0.395 2.7681e+07 7.6031e+06
0.396 3.9326e+07 7.5932e+06
0.397 3.9805e+07 7.5833e+06
0.398 3.3882e+07 7.5734e+06
0.399 2.8033e+07 7.5636e+06
0.4 3.4596e+07 7.5538e+06
0.401 4.6826e+07 7.544e+06
0.402 5.2544e+07 7.5343e+06
0.403 2.7428e+07 7.5246e+06
0.404 3.3587e+07 7.5149e+06
0.405 3.1011e+07 7.5052e+06
0.406 3.416e+07 7.4956e+06
0.407 1.7527e+07 7.4861e+06
0.408 3.0129e+07 7.4765e+06
0.409 2.8298e+07 7.467e+06
0.41 3.605e+07 7.4575e+06
0.411 2.4414e+07 7.4481e+06
0.412 3.037e+07 7.4387e+06
0.413 3.786e+07 7.4293e+06
0.414 3.453e+07 7.42e+06
0.415 1.167e+07 7.4106e+06
0.416 3.3498e+07 7.4014e+06
0.417 2.9529e+07 7.3921e+06
0.418 3.6819e+07 7.3829e+06
0.419 1.9087e+07 7.3737e+06
0.42 3.4055e+07 7.3646e+06
0.421 4.0398e+07 7.3555e+06
0.422 2.5249e+07 7.3464e+06
0.423 3.2422e+07 7.3374e+06
0.424 1.2036e+07 7.3284e+06
0.425 2.2944e+07 7.3194e+06
0.426 3.534e+07 7.3105e+06
0.427 3.0962e+07 7.3016e+06
0.428 3.3679e+07 7.2927e+06
0.429 2.8315e+07 7.2839e+06
0.43 3.8062e+07 7.2751e+06
0.431 1.7555e+07 7.2663e+06
0.432 3.8983e+07 7.2576e+06
0.433 2.2688e+07 7.2489e+06
0.434 3.1785e+07 7.2403e+06
0.435 2.0941e+07 7.2317e+06
0.436 2.5306e+07 7.2231e+06
0.437 2.6671e+07 7.2146e+06
0.438 3.224e+07 7.2061e+06
0.439 3.8164e+07 7.1976e+06
0.44 2.1773e+07 7.1892e+06
0.441 2.1735e+07 7.1808e+06
0.442 4.2622e+07 7.1725e+06
0.443 3.1283e+07 7.1642e+06
0.444 3.3728e+07 7.1559e+06
0.445 2.8125e+07 7.1476e+06
0.446 3.4389e+07 7.1394e+06
0.447 2.9262e+07 7.1313e+06
0.448 3.5343e+07 7.1232e+06
0.449 3.0924e+07 7.1151e+06
0.45 3.6028e+07 7.107e+06
0.451 3.1345e+07 7.099e+06
0.452 2.9652e+07 7.091e+06
0.453 3.0666e+07 7.0831e+06
0.454 3.0686e+07 7.0752e+06
0.455 2.8713e+07 7.0673e+06
0.456 3.7604e+07 7.0594e+06
0.457 2.9119e+07 7.0516e+06
0.458 3.0737e+07 7.0439e+06
0.459 3.1882e+07 7.0361e+06
0.46 3.6382e+07 7.0284e+06
0.461 1.6516e+07 7.0207e+06
0.462 1.695e+07 7.0131e+06
0.463 2.6065e+07 7.0055e+06
0.464 2.8302e+07 6.9979e+06
0.465 2.9861e+07 6.9903e+06
0.466 2.5922e+07 6.9828e+06
0.467 3.8839e+07 6.9753e+06
0.468 2.5235e+07 6.9679e+06
0.469 2.5726e+07 6.9604e+06
0.47 2.4768e+07 6.953e+06
0.471 4.2028e+07 6.9457e+06
0.472 3.3508e+07 6.9383e+06
0.473 2.2157e+07 6.931e+06
0.474 2.6592e+07 6.9237e+06
0.475 3.0934e+07 6.9164e+06
0.476 3.092e+07 6.9092e+06
0.477 1.1321e+07 6.902e+06
0.478 2.6185e+07 6.8948e+06
0.479 2.6517e+07 6.8876e+06
0.48 2.4421e+07 6.8805e+06
0.481 3.0337e+07 6.8733e+06
0.482 2.68e+07 6.8662e+06
0.483 1.1262e+07 6.8592e+06
0.484 2.7476e+07 6.8521e+06
0.485 1.2051e+07 6.8451e+06
0.486 2.7578e+07 6.838e+06
0.487 2.7328e+07 6.831e+06
0.488 3.5016e+07 6.8241e+06
0.489 1.7436e+07 6.8171e+06
0.49 2.6457e+07 6.8102e+06
0.491 1.0299e+07 6.8033e+06
0.492 3.1175e+07 6.7964e+06
0.493 3.4823e+07 6.7895e+06
0.494 2.7639e+07 6.7826e+06
0.495 2.0422e+07 6.7758e+06
0.496 1.9034e+07 6.7689e+06
0.497 2.6123e+07 6.7621e+06
0.498 2.1689e+07 6.7553e+06
0.499 4.6862e+07 6.7485e+06
0.5 2.9108e+07 6.7418e+06
