0.001 1.2932e+10 7.1594e+08
0.002 1.34e+10 5.0616e+08
0.003 1.422e+10 4.1315e+08
0.004 1.2618e+10 3.5766e+08
0.005 1.3245e+10 3.1973e+08
0.006 1.3406e+10 2.9168e+08
0.007 1.341e+10 2.6984e+08
0.008 1.34e+10 2.5219e+08
0.009 1.3216e+10 2.3754e+08
0.01 1.3237e+10 2.251e+08
0.011 1.3217e+10 2.1436e+08
0.012 1.3109e+10 2.0496e+08
0.013 1.299e+10 1.9664e+08
0.014 1.2873e+10 1.8919e+08
0.015 1.2928e+10 1.8247e+08
0.016 1.2964e+10 1.7636e+08
0.017 1.2606e+10 1.7077e+08
0.018 1.2864e+10 1.6563e+08
0.019 1.2609e+10 1.6087e+08
0.02 1.2342e+10 1.5645e+08
0.021 1.2225e+10 1.5233e+08
0.022 1.2273e+10 1.4847e+08
0.023 1.2152e+10 1.4484e+08
0.024 1.2218e+10 1.4141e+08
0.025 1.2065e+10 1.3818e+08
0.026 1.2144e+10 1.3511e+08
0.027 1.1934e+10 1.3219e+08
0.028 1.1703e+10 1.2942e+08
0.029 1.2052e+10 1.2677e+08
0.03 1.1398e+10 1.2424e+08
0.031 1.1549e+10 1.2181e+08
0.032 1.1423e+10 1.1948e+08
0.033 1.1513e+10 1.1724e+08
0.034 1.1146e+10 1.1509e+08
0.035 1.1302e+10 1.1302e+08
0.036 1.1104e+10 1.1102e+08
0.037 1.0833e+10 1.0908e+08
0.038 1.0875e+10 1.0722e+08
0.039 1.0712e+10 1.0541e+08
0.04 1.0602e+10 1.0366e+08
0.041 1.0391e+10 1.0196e+08
0.042 1.0258e+10 1.0031e+08
0.043 1.0265e+10 9.8705e+07
0.044 1.0003e+10 9.7149e+07
0.045 9.9765e+09 9.5635e+07
0.046 9.6317e+09 9.4161e+07
0.047 9.7472e+09 9.2726e+07
0.048 9.8197e+09 9.1328e+07
0.049 9.5419e+09 8.9965e+07
0.05 9.3627e+09 8.8636e+07
0.051 9.0401e+09 8.7339e+07
0.052 8.9392e+09 8.6073e+07
0.053 8.8395e+09 8.4837e+07
0.054 8.7181e+09 8.3629e+07
0.055 8.5064e+09 8.2449e+07
0.056 8.5628e+09 8.1295e+07
0.057 8.4845e+09 8.0168e+07
0.058 8.2313e+09 7.9064e+07
0.059 8.1621e+09 7.7985e+07
0.06 8.0786e+09 7.6929e+07
0.061 7.766e+09 7.5895e+07
0.062 7.901e+09 7.4883e+07
0.063 7.6492e+09 7.3892e+07
0.064 7.5312e+09 7.2922e+07
0.065 7.2796e+09 7.1972e+07
0.066 7.3324e+09 7.1041e+07
0.067 7.1693e+09 7.0129e+07
0.068 6.9572e+09 6.9236e+07
0.069 6.8327e+09 6.8361e+07
0.07 6.8251e+09 6.7503e+07
0.071 6.6165e+09 6.6662e+07
0.072 6.4755e+09 6.5838e+07
0.073 6.4697e+09 6.503e+07
0.074 6.3329e+09 6.4238e+07
0.075 6.2124e+09 6.3462e+07
0.076 6.0353e+09 6.2701e+07
0.077 5.997e+09 6.1955e+07
0.078 5.8723e+09 6.1223e+07
0.079 5.7341e+09 6.0506e+07
0.08 5.7094e+09 5.9802e+07
0.081 5.5334e+09 5.9113e+07
0.082 5.6147e+09 5.8436e+07
0.083 5.3851e+09 5.7773e+07
0.084 5.3684e+09 5.7122e+07
0.085 5.1467e+09 5.6485e+07
0.086 5.0482e+09 5.5859e+07
0.087 5.0681e+09 5.5245e+07
0.088 4.9564e+09 5.4643e+07
0.089 4.7858e+09 5.4053e+07
0.09 4.7642e+09 5.3474e+07
0.091 4.5227e+09 5.2906e+07
0.092 4.5349e+09 5.2348e+07
0.093 4.4813e+09 5.1802e+07
0.094 4.3608e+09 5.1265e+07
0.095 4.2639e+09 5.0739e+07
0.096 4.1225e+09 5.0223e+07
0.097 4.0918e+09 4.9716e+07
0.098 4.1043e+09 4.9219e+07
0.099 3.9688e+09 4.8732e+07
0.1 3.8777e+09 4.8253e+07
0.101 3.7713e+09 4.7783e+07
0.102 3.7581e+09 4.7322e+07
0.103 3.7326e+09 4.6869e+07
0.104 3.5936e+09 4.6425e+07
0.105 3.5842e+09 4.5989e+07
0.106 3.3866e+09 4.5561e+07
0.107 3.3342e+09 4.514e+07
0.108 3.3638e+09 4.4727e+07
0.109 3.2595e+09 4.4322e+07
0.11 3.1669e+09 4.3923e+07
0.111 3.1148e+09 4.3532e+07
0.112 3.0244e+09 4.3148e+07
0.113 2.9536e+09 4.277e+07
0.114 2.9559e+09 4.24e+07
0.115 2.9614e+09 4.2035e+07
0.116 2.8296e+09 4.1677e+07
0.117 2.9011e+09 4.1325e+07
0.118 2.7126e+09 4.0979e+07
0.119 2.5869e+09 4.0639e+07
0.12 2.5756e+09 4.0304e+07
0.121 2.5782e+09 3.9975e+07
0.122 2.5017e+09 3.9652e+07
0.123 2.4459e+09 3.9334e+07
0.124 2.3864e+09 3.9022e+07
0.125 2.3622e+09 3.8714e+07
0.126 2.3182e+09 3.8411e+07
0.127 2.2015e+09 3.8114e+07
0.128 2.2489e+09 3.7821e+07
0.129 2.1073e+09 3.7533e+07
0.13 2.0782e+09 3.7249e+07
0.131 2.0714e+09 3.697e+07
0.132 1.9945e+09 3.6695e+07
0.133 1.9117e+09 3.6425e+07
0.134 1.8797e+09 3.6159e+07
0.135 1.9583e+09 3.5897e+07
0.136 1.8299e+09 3.5639e+07
0.137 1.8339e+09 3.5385e+07
0.138 1.6744e+09 3.5135e+07
0.139 1.7476e+09 3.4889e+07
0.14 1.6633e+09 3.4646e+07
0.141 1.5869e+09 3.4408e+07
0.142 1.6078e+09 3.4173e+07
0.143 1.6223e+09 3.3941e+07
0.144 1.5786e+09 3.3714e+07
0.145 1.4547e+09 3.3489e+07
0.146 1.4147e+09 3.3268e+07
0.147 1.4231e+09 3.3051e+07
0.148 1.3317e+09 3.2836e+07
0.149 1.3528e+09 3.2625e+07
0.15 1.302e+09 3.2417e+07
0.151 1.3365e+09 3.2213e+07
0.152 1.2956e+09 3.2011e+07
0.153 1.239e+09 3.1813e+07
0.154 1.2605e+09 3.1617e+07
0.155 1.167e+09 3.1425e+07
0.156 1.1723e+09 3.1236e+07
0.157 1.1213e+09 3.1049e+07
0.158 1.1399e+09 3.0866e+07
0.159 1.099e+09 3.0685e+07
0.16 1.1056e+09 3.0507e+07
0.161 1.0002e+09 3.0332e+07
0.162 9.9481e+08 3.0159e+07
0.163 9.3501e+08 2.999e+07
0.164 9.0224e+08 2.9823e+07
0.165 9.5161e+08 2.9658e+07
0.166 8.2971e+08 2.9497e+07
0.167 8.369e+08 2.9338e+07
0.168 8.541e+08 2.9181e+07
0.169 8.1709e+08 2.9027e+07
0.17 8.8283e+08 2.8875e+07
0.171 7.9782e+08 2.8726e+07
0.172 7.6444e+08 2.858e+07
0.173 7.3982e+08 2.8435e+07
0.174 7.184e+08 2.8293e+07
0.175 7.1346e+08 2.8154e+07
0.176 6.5381e+08 2.8017e+07
0.177 6.5799e+08 2.7881e+07
0.178 6.3228e+08 2.7749e+07
0.179 6.0383e+08 2.7618e+07
0.18 5.8484e+08 2.749e+07
0.181 5.9326e+08 2.7363e+07
0.182 5.9252e+08 2.7239e+07
0.183 5.9836e+08 2.7117e+07
0.184 5.2828e+08 2.6997e+07
0.185 5.393e+08 2.6879e+07
0.186 5.3132e+08 2.6763e+07
0.187 5.5898e+08 2.6649e+07
0.188 4.9106e+08 2.6536e+07
0.189 4.643e+08 2.6426e+07
0.19 4.306e+08 2.6317e+07
0.191 4.8723e+08 2.621e+07
0.192 4.3593e+08 2.6105e+07
0.193 3.8315e+08 2.6002e+07
0.194 4.4677e+08 2.5901e+07
0.195 3.8044e+08 2.5801e+07
0.196 4.0102e+08 2.5702e+07
0.197 3.7258e+08 2.5606e+07
0.198 3.7178e+08 2.5511e+07
0.199 3.399e+08 2.5417e+07
0.2 3.2322e+08 2.5325e+07
0.201 3.234e+08 2.5234e+07
0.202 2.9674e+08 2.5145e+07
0.203 3.6201e+08 2.5057e+07
0.204 3.0422e+08 2.4971e+07
0.205 2.8084e+08 2.4886e+07
0.206 3.3736e+08 2.4802e+07
0.207 2.7097e+08 2.472e+07
0.208 3.2748e+08 2.4639e+07
0.209 2.7906e+08 2.4559e+07
0.21 2.1894e+08 2.448e+07
0.211 2.37e+08 2.4402e+07
0.212 2.2229e+08 2.4326e+07
0.213 2.5616e+08 2.425e+07
0.214 2.4926e+08 2.4176e+07
0.215 2.0626e+08 2.4103e+07
0.216 2.0122e+08 2.403e+07
0.217 2.2542e+08 2.3959e+07
0.218 2.701e+08 2.3889e+07
0.219 1.7419e+08 2.3819e+07
0.22 1.7481e+08 2.3751e+07
0.221 1.9413e+08 2.3684e+07
0.222 1.9822e+08 2.3617e+07
0.223 1.9792e+08 2.3551e+07
0.224 1.7352e+08 2.3486e+07
0.225 1.496e+08 2.3422e+07
0.226 1.6888e+08 2.3359e+07
0.227 1.4846e+08 2.3297e+07
0.228 1.5392e+08 2.3235e+07
0.229 1.3977e+08 2.3174e+07
0.23 1.9318e+08 2.3113e+07
0.231 1.4778e+08 2.3054e+07
0.232 1.5896e+08 2.2995e+07
0.233 1.5289e+08 2.2937e+07
0.234 1.6216e+08 2.2879e+07
0.235 1.6417e+08 2.2822e+07
0.236 1.3663e+08 2.2766e+07
0.237 1.3063e+08 2.271e+07
0.238 1.1818e+08 2.2655e+07
0.239 1.7661e+08 2.2601e+07
0.24 1.3659e+08 2.2547e+07
0.241 1.6545e+08 2.2494e+07
0.242 1.3017e+08 2.2441e+07
0.243 1.1884e+08 2.2389e+07
0.244 1.0126e+08 2.2337e+07
0.245 1.1632e+08 2.2286e+07
0.246 1.3111e+08 2.2235e+07
0.247 1.7567e+08 2.2185e+07
0.248 1.7062e+08 2.2135e+07
0.249 1.2934e+08 2.2086e+07
0.25 1.0691e+08 2.2037e+07
0.251 1.1831e+08 2.1989e+07
0.252 1.375e+08 2.1941e+07
0.253 6.7752e+07 2.1894e+07
0.254 1.304e+08 2.1847e+07
0.255 1.0867e+08 2.18e+07
0.256 1.0936e+08 2.1754e+07
0.257 1.5058e+08 2.1708e+07
0.258 1.1295e+08 2.1663e+07
0.259 1.3412e+08 2.1618e+07
0.26 1.071e+08 2.1574e+07
0.261 1.2144e+08 2.1529e+07
0.262 9.258e+07 2.1486e+07
0.263 9.6688e+07 2.1442e+07
0.264 6.3062e+07 2.1399e+07
0.265 1.1058e+08 2.1357e+07
0.266 1.1621e+08 2.1314e+07
0.267 1.1212e+08 2.1272e+07
0.268 1.1696e+08 2.1231e+07
0.269 1.0472e+08 2.1189e+07
0.27 8.7483e+07 2.1148e+07
0.271 1.0322e+08 2.1108e+07
0.272 1.1315e+08 2.1067e+07
0.273 9.8597e+07 2.1027e+07
0.274 8.6304e+07 2.0987e+07
0.275 9.2062e+07 2.0948e+07
0.276 1.1386e+08 2.0909e+07
0.277 9.5194e+07 2.087e+07
0.278 9.1146e+07 2.0831e+07
0.279 6.6974e+07 2.0793e+07
0.28 7.07e+07 2.0755e+07
0.281 9.0561e+07 2.0717e+07
0.282 6.7497e+07 2.0679e+07
0.283 5.9423e+07 2.0642e+07
0.284 6.0066e+07 2.0605e+07
0.285 6.3669e+07 2.0568e+07
0.286 1.1151e+08 2.0532e+07
0.287 9.1481e+07 2.0495e+07
0.288 1.2393e+08 2.0459e+07
0.289 1.0657e+08 2.0423e+07
0.29 6.4844e+07 2.0388e+07
0.291 9.4364e+07 2.0352e+07
0.292 8.8067e+07 2.0317e+07
0.293 1.1036e+08 2.0282e+07
0.294 8.6241e+07 2.0247e+07
0.295 6.7092e+07 2.0213e+07
0.296 1.0541e+08 2.0178e+07
0.297 5.3235e+07 2.0144e+07
0.298 1.0527e+08 2.011e+07
0.299 7.2273e+07 2.0076e+07
0.3 1.0295e+08 2.0042e+07
0.301 1.0872e+08 2.0009e+07
0.302 7.7169e+07 1.9976e+07
0.303 9.419e+07 1.9943e+07
0.304 9.23e+07 1.991e+07
0.305 9.767e+07 1.9877e+07
0.306 1.0984e+08 1.9844e+07
0.307 8.3933e+07 1.9812e+07
0.308 1.0344e+08 1.9779e+07
0.309 1.0857e+08 1.9747e+07
0.31 8.8394e+07 1.9715e+07
0.311 5.8505e+07 1.9683e+07
0.312 1.0526e+08 1.9652e+07
0.313 1.008e+08 1.962e+07
0.314 6.1303e+07 1.9589e+07
0.315 9.3371e+07 1.9557e+07
0.316 1.0367e+08 1.9526e+07
0.317 6.662e+07 1.9495e+07
0.318 5.7453e+07 1.9465e+07
0.319 8.9963e+07 1.9434e+07
0.32 7.672e+07 1.9403e+07
0.321 7.0192e+07 1.9373e+07
0.322 5.8634e+07 1.9343e+07
0.323 9.3538e+07 1.9313e+07
0.324 9.9376e+07 1.9283e+07
0.325 7.4697e+07 1.9253e+07
0.326 8.0566e+07 1.9223e+07
0.327 1.087e+08 1.9193e+07
0.328 1.6032e+08 1.9164e+07
0.329 1.0921e+08 1.9135e+07
0.33 8.2731e+07 1.9105e+07
0.331 9.1437e+07 1.9076e+07
0.332 8.3563e+07 1.9047e+07
0.333 8.0019e+07 1.9019e+07
0.334 8.8984e+07 1.899e+07
0.335 1.0079e+08 1.8961e+07
0.336 6.3002e+07 1.8933e+07
0.337 7.4257e+07 1.8905e+07
0.338 6.7902e+07 1.8876e+07
0.339 8.911e+07 1.8848e+07
0.34 1.0623e+08 1.882e+07
0.341 6.5151e+07 1.8793e+07
0.342 9.6693e+07 1.8765e+07
0.343 5.7033e+07 1.8737e+07
0.344 9.0255e+07 1.871e+07
0.345 5.116e+07 1.8683e+07
0.346 8.8314e+07 1.8655e+07
0.347 7.6087e+07 1.8628e+07
0.348 7.4494e+07 1.8601e+07
0.349 8.1394e+07 1.8575e+07
0.35 7.2761e+07 1.8548e+07
0.351 6.0709e+07 1.8521e+07
0.352 8.4414e+07 1.8495e+07
0.353 8.9486e+07 1.8468e+07
0.354 6.6231e+07 1.8442e+07
0.355 5.98e+07 1.8416e+07
0.356 6.6563e+07 1.839e+07
0.357 5.4687e+07 1.8364e+07
0.358 9.2509e+07 1.8338e+07
0.359 8.6075e+07 1.8313e+07
0.36 9.7915e+07 1.8287e+07
0.361 9.1516e+07 1.8262e+07
0.362 6.9745e+07 1.8236e+07
0.363 9.5684e+07 1.8211e+07
0.364 6.8878e+07 1.8186e+07
0.365 1.2443e+08 1.8161e+07
0.366 6.1017e+07 1.8136e+07
0.367 9.1909e+07 1.8111e+07
0.368 6.4836e+07 1.8087e+07
0.369 2.8946e+07 1.8062e+07
0.37 8.9841e+07 1.8038e+07
0.371 5.4841e+07 1.8013e+07
0.372 8.339e+07 1.7989e+07
0.373 8.982e+07 1.7965e+07
0.374 7.8723e+07 1.7941e+07
0.375 6.2409e+07 1.7917e+07
0.376 7.4669e+07 1.7893e+07
0.377 8.4106e+07 1.7869e+07
0.378 1.0525e+08 1.7845e+07
0.379 6.8606e+07 1.7822e+07
0.38 8.5982e+07 1.7798e+07
0.381 7.4906e+07 1.7775e+07
0.382 1.0847e+08 1.7751e+07
0.383 6.7677e+07 1.7728e+07
0.384 9.3024e+07 1.7705e+07
0.385 5.0163e+07 1.7682e+07
0.386 8.5412e+07 1.7659e+07
0.387 1.1153e+08 1.7636e+07
0.388 8.5439e+07 1.7613e+07
0.389 1.0212e+08 1.759e+07
0.39 7.2119e+07 1.7568e+07
0.391 1.0563e+08 1.7545e+07
0.392 9.0435e+07 1.7522e+07
0.393 8.5774e+07 1.75e+07
0.394 7.8688e+07 1.7478e+07
0.395 1.0873e+08 1.7455e+07
0.396 8.7949e+07 1.7433e+07
0.397 8.3642e+07 1.7411e+07
0.398 8.4457e+07 1.7389e+07
0.399 8.3509e+07 1.7367e+07
0.4 6.6929e+07 1.7345e+07
0.401 7.8347e+07 1.7323e+07
0.402 7.1351e+07 1.7302e+07
0.403 9.5765e+07 1.728e+07
0.404 7.1097e+07 1.7258e+07
0.405 6.9994e+07 1.7237e+07
0.406 6.3211e+07 1.7215e+07
0.407 7.6159e+07 1.7194e+07
0.408 8.4268e+07 1.7173e+07
0.409 7.3572e+07 1.7152e+07
0.41 8.9212e+07 1.713e+07
0.411 9.1592e+07 1.7109e+07
0.412 9.9765e+07 1.7088e+07
0.413 9.499e+07 1.7067e+07
0.414 1.0416e+08 1.7046e+07
0.415 6.3682e+07 1.7026e+07
0.416 7.5864e+07 1.7005e+07
0.417 7.3586e+07 1.6984e+07
0.418 1.0087e+08 1.6964e+07
0.419 8.9626e+07 1.6943e+07
0.42 8.1438e+07 1.6923e+07
0.421 9.4039e+07 1.6902e+07
0.422 6.6799e+07 1.6882e+07
0.423 1.0268e+08 1.6862e+07
0.424 8.4259e+07 1.6842e+07
0.425 7.3324e+07 1.6822e+07
0.426 6.6944e+07 1.6802e+07
0.427 1.3328e+08 1.6782e+07
0.428 8.5367e+07 1.6762e+07
0.429 6.572e+07 1.6742e+07
0.43 9.307e+07 1.6722e+07
0.431 6.3513e+07 1.6703e+07
0.432 9.1859e+07 1.6683e+07
0.433 8.5238e+07 1.6664e+07
0.434 5.9055e+07 1.6644e+07
0.435 6.8176e+07 1.6625e+07
0.436 9.057e+07 1.6605e+07
0.437 6.3868e+07 1.6586e+07
0.438 1.0086e+08 1.6567e+07
0.439 1.0291e+08 1.6548e+07
0.44 9.8937e+07 1.6529e+07
0.441 8.1238e+07 1.651e+07
0.442 5.2537e+07 1.6491e+07
0.443 9.1692e+07 1.6472e+07
0.444 8.7534e+07 1.6453e+07
0.445 6.7635e+07 1.6435e+07
0.446 9.3394e+07 1.6416e+07
0.447 7.6896e+07 1.6397e+07
0.448 6.211e+07 1.6379e+07
0.449 4.5437e+07 1.6361e+07
0.45 8.4129e+07 1.6342e+07
0.451 8.9597e+07 1.6324e+07
0.452 5.0339e+07 1.6306e+07
0.453 6.0008e+07 1.6288e+07
0.454 9.0723e+07 1.6269e+07
0.455 6.7044e+07 1.6251e+07
0.456 6.9507e+07 1.6233e+07
0.457 7.8526e+07 1.6216e+07
0.458 7.9435e+07 1.6198e+07
0.459 9.0063e+07 1.618e+07
0.46 9.0733e+07 1.6162e+07
0.461 6.3219e+07 1.6144e+07
0.462 8.5313e+07 1.6127e+07
0.463 8.8999e+07 1.6109e+07
0.464 9.7633e+07 1.6092e+07
0.465 8.3615e+07 1.6074e+07
0.466 6.4876e+07 1.6057e+07
0.467 2.8623e+07 1.604e+07
0.468 7.3048e+07 1.6022e+07
0.469 8.0968e+07 1.6005e+07
0.47 9.4905e+07 1.5988e+07
0.471 4.5247e+07 1.5971e+07
0.472 6.631e+07 1.5954e+07
0.473 6.8043e+07 1.5937e+07
0.474 7.0174e+07 1.592e+07
0.475 7.9271e+07 1.5903e+07
0.476 7.5905e+07 1.5886e+07
0.477 8.5612e+07 1.587e+07
0.478 8.7226e+07 1.5853e+07
0.479 6.2237e+07 1.5836e+07
0.48 8.6292e+07 1.582e+07
0.481 4.9358e+07 1.5803e+07
0.482 9.6661e+07 1.5786e+07
0.483 6.2421e+07 1.577e+07
0.484 7.4383e+07 1.5754e+07
0.485 6.917e+07 1.5737e+07
0.486 5.9826e+07 1.5721e+07
0.487 9.5788e+07 1.5705e+07
0.488 8.4662e+07 1.5688e+07
0.489 6.9789e+07 1.5672e+07
0.49 7.6788e+07 1.5656e+07
0.491 9.9374e+07 1.564e+07
0.492 8.1206e+07 1.5624e+07
0.493 9.5263e+07 1.5608e+07
0.494 7.7738e+07 1.5592e+07
0.495 6.5325e+07 1.5576e+07
0.496 5.714e+07 1.556e+07
0.497 6.2289e+07 1.5544e+07
0.498 8.2276e+07 1.5528e+07
0.499 7.905e+07 1.5512e+07
0.5 9.5921e+07 1.5497e+07
