0.001 8.4985e+09 4.3183e+08
0.002 8.3122e+09 3.0528e+08
0.003 7.948e+09 2.4917e+08
0.004 8.3435e+09 2.1567e+08
0.005 8.3044e+09 1.9277e+08
0.006 8.4851e+09 1.7583e+08
0.007 8.3188e+09 1.6262e+08
0.008 8.1515e+09 1.5195e+08
0.009 8.3537e+09 1.4307e+08
0.01 7.8832e+09 1.3554e+08
0.011 8.2556e+09 1.2903e+08
0.012 8.2369e+09 1.2332e+08
0.013 8.0681e+09 1.1826e+08
0.014 7.8879e+09 1.1373e+08
0.015 7.9965e+09 1.0963e+08
0.016 7.7532e+09 1.059e+08
0.017 7.8049e+09 1.0249e+08
0.018 8.0367e+09 9.9342e+07
0.019 7.8033e+09 9.6426e+07
0.02 7.7318e+09 9.3713e+07
0.021 7.771e+09 9.1178e+07
0.022 7.7221e+09 8.8799e+07
0.023 7.5507e+09 8.656e+07
0.024 7.5254e+09 8.4446e+07
0.025 7.5011e+09 8.2444e+07
0.026 7.4528e+09 8.0543e+07
0.027 7.1129e+09 7.8734e+07
0.028 7.2278e+09 7.7008e+07
0.029 7.0842e+09 7.5358e+07
0.03 7.1743e+09 7.3778e+07
0.031 7.058e+09 7.2262e+07
0.032 6.8773e+09 7.0805e+07
0.033 6.9698e+09 6.9404e+07
0.034 6.7272e+09 6.8053e+07
0.035 6.8176e+09 6.6749e+07
0.036 6.6111e+09 6.5489e+07
0.037 6.5201e+09 6.4271e+07
0.038 6.393e+09 6.3091e+07
0.039 6.3431e+09 6.1948e+07
0.04 6.2873e+09 6.084e+07
0.041 6.1745e+09 5.9763e+07
0.042 6.1558e+09 5.8717e+07
0.043 6.017e+09 5.77e+07
0.044 5.8592e+09 5.6711e+07
0.045 5.7717e+09 5.5747e+07
0.046 5.7263e+09 5.4809e+07
0.047 5.6632e+09 5.3895e+07
0.048 5.5835e+09 5.3003e+07
0.049 5.4633e+09 5.2134e+07
0.05 5.366e+09 5.1285e+07
0.051 5.274e+09 5.0457e+07
0.052 5.2928e+09 4.9648e+07
0.053 5.1295e+09 4.8857e+07
0.054 5.0237e+09 4.8085e+07
0.055 4.9387e+09 4.7331e+07
0.056 4.8046e+09 4.6593e+07
0.057 4.6951e+09 4.5872e+07
0.058 4.6568e+09 4.5167e+07
0.059 4.6148e+09 4.4477e+07
0.06 4.4725e+09 4.3802e+07
0.061 4.4191e+09 4.3142e+07
0.062 4.323e+09 4.2497e+07
0.063 4.2905e+09 4.1865e+07
0.064 4.202e+09 4.1246e+07
0.065 4.1468e+09 4.0641e+07
0.066 3.9986e+09 4.0049e+07
0.067 3.9178e+09 3.947e+07
0.068 3.8366e+09 3.8903e+07
0.069 3.7988e+09 3.8348e+07
0.07 3.6402e+09 3.7805e+07
0.071 3.7272e+09 3.7274e+07
0.072 3.532e+09 3.6754e+07
0.073 3.4858e+09 3.6245e+07
0.074 3.3596e+09 3.5747e+07
0.075 3.343e+09 3.526e+07
0.076 3.338e+09 3.4784e+07
0.077 3.2199e+09 3.4317e+07
0.078 3.1107e+09 3.3861e+07
0.079 3.0377e+09 3.3415e+07
0.08 2.9352e+09 3.2979e+07
0.081 2.9175e+09 3.2552e+07
0.082 2.8658e+09 3.2134e+07
0.083 2.7968e+09 3.1726e+07
0.084 2.7667e+09 3.1326e+07
0.085 2.6688e+09 3.0936e+07
0.086 2.5901e+09 3.0554e+07
0.087 2.5598e+09 3.018e+07
0.088 2.5208e+09 2.9815e+07
0.089 2.3769e+09 2.9458e+07
0.09 2.4276e+09 2.9109e+07
0.091 2.3349e+09 2.8768e+07
0.092 2.2881e+09 2.8434e+07
0.093 2.2564e+09 2.8108e+07
0.094 2.2027e+09 2.7788e+07
0.095 2.1371e+09 2.7477e+07
0.096 2.1054e+09 2.7171e+07
0.097 2.1061e+09 2.6873e+07
0.098 2.042e+09 2.6581e+07
0.099 1.9804e+09 2.6296e+07
0.1 1.9524e+09 2.6017e+07
0.101 1.921e+09 2.5744e+07
0.102 1.8577e+09 2.5477e+07
0.103 1.8192e+09 2.5216e+07
0.104 1.7915e+09 2.4961e+07
0.105 1.7255e+09 2.4711e+07
0.106 1.7432e+09 2.4466e+07
0.107 1.6755e+09 2.4226e+07
0.108 1.6454e+09 2.3992e+07
0.109 1.6293e+09 2.3762e+07
0.11 1.6214e+09 2.3537e+07
0.111 1.5505e+09 2.3317e+07
0.112 1.4677e+09 2.3101e+07
0.113 1.5065e+09 2.2889e+07
0.114 1.464e+09 2.2682e+07
0.115 1.4674e+09 2.2479e+07
0.116 1.393e+09 2.228e+07
0.117 1.3792e+09 2.2084e+07
0.118 1.3489e+09 2.1892e+07
0.119 1.3053e+09 2.1704e+07
0.12 1.3136e+09 2.1519e+07
0.121 1.2704e+09 2.1338e+07
0.122 1.2777e+09 2.1159e+07
0.123 1.1785e+09 2.0984e+07
0.124 1.2032e+09 2.0812e+07
0.125 1.1618e+09 2.0643e+07
0.126 1.1619e+09 2.0477e+07
0.127 1.122e+09 2.0314e+07
0.128 1.0825e+09 2.0153e+07
0.129 1.0365e+09 1.9995e+07
0.13 1.0551e+09 1.9839e+07
0.131 1.0391e+09 1.9686e+07
0.132 1.0018e+09 1.9535e+07
0.133 1.0088e+09 1.9387e+07
0.134 9.7296e+08 1.924e+07
0.135 9.6853e+08 1.9096e+07
0.136 9.6673e+08 1.8954e+07
0.137 8.9305e+08 1.8815e+07
0.138 8.7944e+08 1.8677e+07
0.139 8.6324e+08 1.8541e+07
0.14 8.3656e+08 1.8407e+07
0.141 8.4741e+08 1.8275e+07
0.142 8.0227e+08 1.8145e+07
0.143 8.0342e+08 1.8016e+07
0.144 7.7182e+08 1.789e+07
0.145 7.4932e+08 1.7765e+07
0.146 7.3624e+08 1.7642e+07
0.147 7.2868e+08 1.752e+07
0.148 7.1939e+08 1.7401e+07
0.149 7.0184e+08 1.7282e+07
0.15 6.8028e+08 1.7166e+07
0.151 6.5904e+08 1.7051e+07
0.152 6.4552e+08 1.6938e+07
0.153 6.2034e+08 1.6826e+07
0.154 6.0941e+08 1.6715e+07
0.155 6.0124e+08 1.6607e+07
0.156 5.9016e+08 1.6499e+07
0.157 5.5951e+08 1.6394e+07
0.158 5.297e+08 1.6289e+07
0.159 5.5673e+08 1.6186e+07
0.16 5.4352e+08 1.6085e+07
0.161 5.2379e+08 1.5985e+07
0.162 4.9378e+08 1.5887e+07
0.163 4.7734e+08 1.579e+07
0.164 4.8959e+08 1.5694e+07
0.165 4.3611e+08 1.56e+07
0.166 4.3761e+08 1.5507e+07
0.167 4.3933e+08 1.5416e+07
0.168 4.2358e+08 1.5326e+07
0.169 4.1304e+08 1.5237e+07
0.17 4.1916e+08 1.515e+07
0.171 3.696e+08 1.5064e+07
0.172 3.8897e+08 1.498e+07
0.173 3.5686e+08 1.4897e+07
0.174 3.4231e+08 1.4815e+07
0.175 3.4609e+08 1.4735e+07
0.176 3.2787e+08 1.4656e+07
0.177 3.1941e+08 1.4578e+07
0.178 2.952e+08 1.4501e+07
0.179 2.9241e+08 1.4426e+07
0.18 2.7645e+08 1.4352e+07
0.181 2.7939e+08 1.428e+07
0.182 2.8644e+08 1.4208e+07
0.183 2.7704e+08 1.4138e+07
0.184 2.5468e+08 1.407e+07
0.185 2.333e+08 1.4002e+07
0.186 2.398e+08 1.3935e+07
0.187 2.3618e+08 1.387e+07
0.188 2.2168e+08 1.3806e+07
0.189 2.1208e+08 1.3743e+07
0.19 2.1116e+08 1.3682e+07
0.191 2.3027e+08 1.3621e+07
0.192 2.0451e+08 1.3562e+07
0.193 1.948e+08 1.3503e+07
0.194 1.92e+08 1.3446e+07
0.195 2.0127e+08 1.339e+07
0.196 1.7088e+08 1.3334e+07
0.197 1.7739e+08 1.328e+07
0.198 1.6127e+08 1.3227e+07
0.199 1.9685e+08 1.3175e+07
0.2 1.5015e+08 1.3124e+07
0.201 1.5312e+08 1.3073e+07
0.202 1.3207e+08 1.3024e+07
0.203 1.338e+08 1.2976e+07
0.204 1.3405e+08 1.2928e+07
0.205 1.2004e+08 1.2881e+07
0.206 1.3389e+08 1.2835e+07
0.207 1.184e+08 1.279e+07
0.208 8.2745e+07 1.2746e+07
0.209 1.002e+08 1.2703e+07
0.21 1.0656e+08 1.266e+07
0.211 1.1697e+08 1.2618e+07
0.212 1.1878e+08 1.2577e+07
0.213 1.0188e+08 1.2537e+07
0.214 1.0093e+08 1.2497e+07
0.215 9.5166e+07 1.2458e+07
0.216 6.9124e+07 1.2419e+07
0.217 9.8215e+07 1.2381e+07
0.218 9.6661e+07 1.2344e+07
0.219 8.8739e+07 1.2308e+07
0.22 8.077e+07 1.2272e+07
0.221 9.1062e+07 1.2236e+07
0.222 6.8742e+07 1.2201e+07
0.223 6.486e+07 1.2167e+07
0.224 7.2016e+07 1.2133e+07
0.225 6.6692e+07 1.21e+07
0.226 6.005e+07 1.2067e+07
0.227 7.4258e+07 1.2035e+07
0.228 6.3166e+07 1.2003e+07
0.229 7.0957e+07 1.1972e+07
0.23 6.5693e+07 1.1941e+07
0.231 5.9689e+07 1.191e+07
0.232 4.3466e+07 1.188e+07
0.233 7.6183e+07 1.1851e+07
0.234 5.6368e+07 1.1821e+07
0.235 5.5331e+07 1.1792e+07
0.236 5.9342e+07 1.1764e+07
0.237 4.7834e+07 1.1736e+07
0.238 4.6098e+07 1.1708e+07
0.239 4.889e+07 1.1681e+07
0.24 3.2268e+07 1.1653e+07
0.241 5.08e+07 1.1627e+07
0.242 5.8376e+07 1.16e+07
0.243 5.0402e+07 1.1574e+07
0.244 3.7176e+07 1.1548e+07
0.245 5.8233e+07 1.1523e+07
0.246 3.2311e+07 1.1498e+07
0.247 6.31e+07 1.1473e+07
0.248 4.8934e+07 1.1448e+07
0.249 3.1025e+07 1.1423e+07
0.25 3.8178e+07 1.1399e+07
0.251 5.0452e+07 1.1375e+07
0.252 5.4665e+07 1.1352e+07
0.253 3.7621e+07 1.1328e+07
0.254 4.2559e+07 1.1305e+07
0.255 2.4221e+07 1.1282e+07
0.256 3.8447e+07 1.1259e+07
0.257 5.0119e+07 1.1237e+07
0.258 3.9096e+07 1.1215e+07
0.259 4.9579e+07 1.1193e+07
0.26 3.5288e+07 1.1171e+07
0.261 3.9735e+07 1.1149e+07
0.262 4.7645e+07 1.1128e+07
0.263 6.0473e+07 1.1106e+07
0.264 5.5321e+07 1.1085e+07
0.265 5.5935e+07 1.1064e+07
0.266 4.4125e+07 1.1044e+07
0.267 3.7046e+07 1.1023e+07
0.268 2.4474e+07 1.1003e+07
0.269 5.2881e+07 1.0982e+07
0.27 9.1824e+06 1.0962e+07
0.271 4.2452e+07 1.0942e+07
0.272 2.8762e+07 1.0923e+07
0.273 2.9464e+07 1.0903e+07
0.274 4.1423e+07 1.0883e+07
0.275 4.4152e+07 1.0864e+07
0.276 6.2613e+07 1.0845e+07
0.277 6.4061e+07 1.0826e+07
0.278 5.2813e+07 1.0807e+07
0.279 4.3174e+07 1.0788e+07
0.28 3.811e+07 1.0769e+07
0.281 4.7829e+07 1.0751e+07
0.282 4.6599e+07 1.0732e+07
0.283 2.6872e+07 1.0714e+07
0.284 4.4755e+07 1.0696e+07
0.285 4.7318e+07 1.0677e+07
0.286 2.5689e+07 1.0659e+07
0.287 4.6916e+07 1.0641e+07
0.288 3.9304e+07 1.0623e+07
0.289 3.1381e+07 1.0606e+07
0.29 4.4247e+07 1.0588e+07
0.291 4.8433e+07 1.057e+07
0.292 5.7413e+07 1.0553e+07
0.293 4.7127e+07 1.0535e+07
0.294 7.3909e+07 1.0518e+07
0.295 5.4634e+07 1.0501e+07
0.296 5.0442e+07 1.0483e+07
0.297 6.5468e+07 1.0466e+07
0.298 3.4533e+07 1.0449e+07
0.299 3.5203e+07 1.0432e+07
0.3 6.1307e+07 1.0415e+07
0.301 7.1528e+07 1.0398e+07
0.302 5.4173e+07 1.0381e+07
0.303 5.1444e+07 1.0364e+07
0.304 3.15e+07 1.0348e+07
0.305 5.5925e+07 1.0331e+07
0.306 4.7954e+07 1.0314e+07
0.307 6.0928e+07 1.0298e+07
0.308 6.6982e+07 1.0281e+07
0.309 6.8203e+07 1.0265e+07
0.31 6.2121e+07 1.0248e+07
0.311 5.9633e+07 1.0232e+07
0.312 6.6392e+07 1.0215e+07
0.313 4.7456e+07 1.0199e+07
0.314 1.9585e+07 1.0183e+07
0.315 4.2854e+07 1.0167e+07
0.316 7.631e+07 1.0151e+07
0.317 3.7552e+07 1.0135e+07
0.318 5.1558e+07 1.0119e+07
0.319 6.4552e+07 1.0103e+07
0.32 4.4284e+07 1.0087e+07
0.321 3.0065e+07 1.0071e+07
0.322 4.9731e+07 1.0055e+07
0.323 5.8633e+07 1.0039e+07
0.324 5.4641e+07 1.0023e+07
0.325 3.563e+07 1.0008e+07
0.326 4.2139e+07 9.992e+06
0.327 5.4308e+07 9.9764e+06
0.328 3.3715e+07 9.9609e+06
0.329 6.7345e+07 9.9454e+06
0.33 5.5724e+07 9.93e+06
0.331 5.1062e+07 9.9147e+06
0.332 5.0106e+07 9.8993e+06
0.333 4.5051e+07 9.8841e+06
0.334 4.752e+07 9.8689e+06
0.335 2.9845e+07 9.8538e+06
0.336 6.0929e+07 9.8387e+06
0.337 5.4021e+07 9.8236e+06
0.338 4.1539e+07 9.8087e+06
0.339 2.3767e+07 9.7938e+06
0.34 4.2166e+07 9.7789e+06
0.341 4.6745e+07 9.7641e+06
0.342 5.2554e+07 9.7494e+06
0.343 4.056e+07 9.7348e+06
0.344 5.0328e+07 9.7202e+06
0.345 4.8171e+07 9.7056e+06
0.346 5.2506e+07 9.6912e+06
0.347 4.8589e+07 9.6768e+06
0.348 4.1099e+07 9.6624e+06
0.349 4.3836e+07 9.6481e+06
0.35 3.1195e+07 9.6339e+06
0.351 5.6721e+07 9.6198e+06
0.352 3.1013e+07 9.6057e+06
0.353 3.6441e+07 9.5916e+06
0.354 3.4797e+07 9.5777e+06
0.355 2.8447e+07 9.5638e+06
0.356 3.8766e+07 9.5499e+06
0.357 3.4668e+07 9.5362e+06
0.358 5.4793e+07 9.5225e+06
0.359 4.4605e+07 9.5088e+06
0.36 3.4262e+07 9.4952e+06
0.361 5.1303e+07 9.4817e+06
0.362 3.226e+07 9.4683e+06
0.363 4.5654e+07 9.4549e+06
0.364 4.5737e+07 9.4415e+06
0.365 2.2175e+07 9.4282e+06
0.366 4.097e+07 9.415e+06
0.367 5.2136e+07 9.4019e+06
0.368 4.0566e+07 9.3888e+06
0.369 3.233e+07 9.3757e+06
0.37 4.8361e+07 9.3628e+06
0.371 3.0188e+07 9.3498e+06
0.372 2.974e+07 9.337e+06
0.373 3.4917e+07 9.3241e+06
0.374 3.8869e+07 9.3114e+06
0.375 5.7684e+07 9.2987e+06
0.376 4.4684e+07 9.286e+06
0.377 4.3804e+07 9.2734e+06
0.378 4.5457e+07 9.2609e+06
0.379 4.8873e+07 9.2484e+06
0.38 2.831e+07 9.2359e+06
0.381 3.5243e+07 9.2235e+06
0.382 3.9445e+07 9.2112e+06
0.383 3.493e+07 9.1989e+06
0.384 4.4698e+07 9.1866e+06
0.385 3.7761e+07 9.1744e+06
0.386 4.262e+07 9.1622e+06
0.387 4.137e+07 9.1501e+06
0.388 4.4359e+07 9.138e+06
0.389 3.5059e+07 9.126e+06
0.39 3.2562e+07 9.114e+06
0.391 2.1787e+07 9.1021e+06
0.392 5.9819e+07 9.0902e+06
0.393 4.1189e+07 9.0783e+06
0.394 3.3014e+07 9.0665e+06
0.395 2.9251e+07 9.0547e+06
0.396 2.6496e+07 9.043e+06
0.397 4.3093e+07 9.0313e+06
0.398 3.9632e+07 9.0196e+06
0.399 3.5268e+07 9.008e+06
0.4 3.6392e+07 8.9964e+06
0.401 3.7755e+07 8.9849e+06
0.402 5.577e+07 8.9733e+06
0.403 3.6383e+07 8.9619e+06
0.404 3.1505e+07 8.9504e+06
0.405 4.0764e+07 8.9391e+06
0.406 4.5935e+07 8.9277e+06
0.407 5.4769e+07 8.9164e+06
0.408 2.4753e+07 8.9051e+06
0.409 4.1561e+07 8.8939e+06
0.41 4.677e+07 8.8827e+06
0.411 3.4374e+07 8.8715e+06
0.412 3.0126e+07 8.8604e+06
0.413 3.859e+07 8.8493e+06
0.414 3.4738e+07 8.8382e+06
0.415 3.6977e+07 8.8272e+06
0.416 2.7162e+07 8.8162e+06
0.417 2.9003e+07 8.8053e+06
0.418 3.9415e+07 8.7944e+06
0.419 4.1951e+07 8.7836e+06
0.42 3.4939e+07 8.7727e+06
0.421 3.7265e+07 8.762e+06
0.422 3.55e+07 8.7512e+06
0.423 1.7725e+07 8.7405e+06
0.424 2.718e+07 8.7299e+06
0.425 3.1013e+07 8.7192e+06
0.426 5.1322e+07 8.7087e+06
0.427 2.6111e+07 8.6981e+06
0.428 4.7141e+07 8.6876e+06
0.429 4.0807e+07 8.6772e+06
0.43 3.4581e+07 8.6668e+06
0.431 2.9353e+07 8.6564e+06
0.432 2.1085e+07 8.6461e+06
0.433 3.6155e+07 8.6358e+06
0.434 2.4538e+07 8.6255e+06
0.435 2.022e+07 8.6153e+06
0.436 3.398e+07 8.6052e+06
0.437 4.0592e+07 8.5951e+06
0.438 2.9236e+07 8.585e+06
0.439 3.7052e+07 8.5749e+06
0.44 3.5113e+07 8.5649e+06
0.441 5.2792e+07 8.555e+06
0.442 4.3521e+07 8.5451e+06
0.443 2.3339e+07 8.5352e+06
0.444 3.2208e+07 8.5254e+06
0.445 3.0714e+07 8.5156e+06
0.446 2.732e+07 8.5059e+06
0.447 3.4419e+07 8.4962e+06
0.448 3.7065e+07 8.4865e+06
0.449 5.957e+07 8.4769e+06
0.45 3.5688e+07 8.4673e+06
0.451 2.4463e+07 8.4578e+06
0.452 2.9583e+07 8.4483e+06
0.453 3.9783e+07 8.4389e+06
0.454 2.3086e+07 8.4294e+06
0.455 3.1104e+07 8.4201e+06
0.456 3.9201e+07 8.4107e+06
0.457 3.1292e+07 8.4014e+06
0.458 3.8192e+07 8.3922e+06
0.459 2.645e+07 8.383e+06
0.46 2.9761e+07 8.3738e+06
0.461 1.9158e+07 8.3647e+06
0.462 3.4069e+07 8.3556e+06
0.463 4.1129e+07 8.3465e+06
0.464 3.4656e+07 8.3375e+06
0.465 4.1844e+07 8.3285e+06
0.466 2.7633e+07 8.3195e+06
0.467 3.2536e+07 8.3106e+06
0.468 4.0062e+07 8.3017e+06
0.469 1.8477e+07 8.2928e+06
0.47 3.3637e+07 8.284e+06
0.471 2.1307e+07 8.2752e+06
0.472 4.1107e+07 8.2664e+06
0.473 3.4192e+07 8.2577e+06
0.474 2.991e+07 8.249e+06
0.475 2.6998e+07 8.2403e+06
0.476 3.0853e+07 8.2317e+06
0.477 3.7674e+07 8.223e+06
0.478 5.2999e+07 8.2145e+06
0.479 2.063e+07 8.2059e+06
0.48 3.5812e+07 8.1974e+06
0.481 3.314e+07 8.1889e+06
0.482 5.0872e+07 8.1804e+06
0.483 3.8578e+07 8.1719e+06
0.484 2.4647e+07 8.1635e+06
0.485 3.867e+07 8.1551e+06
0.486 2.4003e+07 8.1467e+06
0.487 3.94e+07 8.1384e+06
0.488 1.7936e+07 8.13e+06
0.489 2.9125e+07 8.1217e+06
0.49 3.2778e+07 8.1135e+06
0.491 4.1224e+07 8.1052e+06
0.492 2.2064e+07 8.097e+06
0.493 3.5484e+07 8.0887e+06
0.494 3.357e+07 8.0805e+06
0.495 4.2935e+07 8.0724e+06
0.496 2.1589e+07 8.0642e+06
0.497 3.0922e+07 8.0561e+06
0.498 2.7766e+07 8.048e+06
0.499 2.5922e+07 8.0399e+06
0.5 3.1423e+07 8.0318e+06
