0.001 8.4596e+09 4.9912e+08
0.002 9.8073e+09 3.5286e+08
0.003 9.5182e+09 2.88e+08
0.004 1.0061e+10 2.493e+08
0.005 9.0502e+09 2.2284e+08
0.006 9.5083e+09 2.0326e+08
0.007 9.214e+09 1.8801e+08
0.008 9.383e+09 1.7568e+08
0.009 9.5452e+09 1.6544e+08
0.01 9.4936e+09 1.5674e+08
0.011 9.5687e+09 1.4922e+08
0.012 9.2831e+09 1.4264e+08
0.013 9.268e+09 1.368e+08
0.014 9.3192e+09 1.3158e+08
0.015 9.3566e+09 1.2686e+08
0.016 9.2369e+09 1.2257e+08
0.017 9.3204e+09 1.1863e+08
0.018 8.9167e+09 1.1501e+08
0.019 8.9969e+09 1.1166e+08
0.02 9.035e+09 1.0854e+08
0.021 8.9995e+09 1.0562e+08
0.022 8.9081e+09 1.0289e+08
0.023 8.6489e+09 1.0032e+08
0.024 8.5255e+09 9.7892e+07
0.025 8.6014e+09 9.5595e+07
0.026 8.4896e+09 9.3415e+07
0.027 8.4233e+09 9.1342e+07
0.028 8.2695e+09 8.9364e+07
0.029 8.4102e+09 8.7475e+07
0.03 8.1984e+09 8.5667e+07
0.031 8.1321e+09 8.3932e+07
0.032 7.9162e+09 8.2267e+07
0.033 7.8653e+09 8.0665e+07
0.034 7.8852e+09 7.9121e+07
0.035 7.748e+09 7.7633e+07
0.036 7.7915e+09 7.6195e+07
0.037 7.525e+09 7.4805e+07
0.038 7.3905e+09 7.346e+07
0.039 7.2924e+09 7.2157e+07
0.04 7.2389e+09 7.0893e+07
0.041 7.1222e+09 6.9666e+07
0.042 7.0485e+09 6.8475e+07
0.043 6.8895e+09 6.7317e+07
0.044 7.0085e+09 6.6191e+07
0.045 6.7871e+09 6.5096e+07
0.046 6.6047e+09 6.4028e+07
0.047 6.5133e+09 6.2988e+07
0.048 6.5145e+09 6.1975e+07
0.049 6.4306e+09 6.0986e+07
0.05 6.269e+09 6.0022e+07
0.051 6.3087e+09 5.9081e+07
0.052 6.1196e+09 5.8162e+07
0.053 6.0104e+09 5.7264e+07
0.054 5.9212e+09 5.6387e+07
0.055 5.8652e+09 5.553e+07
0.056 5.6413e+09 5.4693e+07
0.057 5.5958e+09 5.3874e+07
0.058 5.5246e+09 5.3073e+07
0.059 5.4694e+09 5.2289e+07
0.06 5.2496e+09 5.1523e+07
0.061 5.2634e+09 5.0773e+07
0.062 4.9889e+09 5.004e+07
0.063 5.0244e+09 4.9322e+07
0.064 4.8986e+09 4.8619e+07
0.065 4.7859e+09 4.7931e+07
0.066 4.7642e+09 4.7258e+07
0.067 4.6158e+09 4.6599e+07
0.068 4.5958e+09 4.5954e+07
0.069 4.5581e+09 4.5323e+07
0.07 4.4683e+09 4.4705e+07
0.071 4.3403e+09 4.41e+07
0.072 4.2317e+09 4.3508e+07
0.073 4.1296e+09 4.2928e+07
0.074 4.0911e+09 4.236e+07
0.075 3.9252e+09 4.1804e+07
0.076 3.8985e+09 4.126e+07
0.077 3.8638e+09 4.0727e+07
0.078 3.7601e+09 4.0206e+07
0.079 3.6718e+09 3.9696e+07
0.08 3.5654e+09 3.9196e+07
0.081 3.4833e+09 3.8707e+07
0.082 3.513e+09 3.8228e+07
0.083 3.3517e+09 3.776e+07
0.084 3.3281e+09 3.7301e+07
0.085 3.2327e+09 3.6852e+07
0.086 3.1366e+09 3.6413e+07
0.087 3.1798e+09 3.5983e+07
0.088 2.9981e+09 3.5563e+07
0.089 2.9824e+09 3.5151e+07
0.09 2.9422e+09 3.4748e+07
0.091 2.8003e+09 3.4353e+07
0.092 2.8342e+09 3.3967e+07
0.093 2.6739e+09 3.3589e+07
0.094 2.6722e+09 3.322e+07
0.095 2.5989e+09 3.2858e+07
0.096 2.6052e+09 3.2503e+07
0.097 2.4846e+09 3.2157e+07
0.098 2.4014e+09 3.1817e+07
0.099 2.4059e+09 3.1485e+07
0.1 2.4218e+09 3.1159e+07
0.101 2.2822e+09 3.0841e+07
0.102 2.2143e+09 3.0529e+07
0.103 2.2475e+09 3.0223e+07
0.104 2.1961e+09 2.9924e+07
0.105 2.1162e+09 2.9631e+07
0.106 2.0609e+09 2.9343e+07
0.107 2.0698e+09 2.9062e+07
0.108 1.9964e+09 2.8786e+07
0.109 1.9636e+09 2.8516e+07
0.11 1.9529e+09 2.8251e+07
0.111 1.9012e+09 2.7991e+07
0.112 1.8365e+09 2.7736e+07
0.113 1.7779e+09 2.7487e+07
0.114 1.7916e+09 2.7242e+07
0.115 1.7155e+09 2.7001e+07
0.116 1.7115e+09 2.6765e+07
0.117 1.6964e+09 2.6534e+07
0.118 1.6752e+09 2.6306e+07
0.119 1.5649e+09 2.6083e+07
0.12 1.5655e+09 2.5864e+07
0.121 1.5308e+09 2.5649e+07
0.122 1.5323e+09 2.5437e+07
0.123 1.4537e+09 2.5229e+07
0.124 1.4345e+09 2.5025e+07
0.125 1.4528e+09 2.4824e+07
0.126 1.407e+09 2.4627e+07
0.127 1.3554e+09 2.4432e+07
0.128 1.3483e+09 2.4241e+07
0.129 1.3046e+09 2.4053e+07
0.13 1.2739e+09 2.3868e+07
0.131 1.268e+09 2.3686e+07
0.132 1.2464e+09 2.3507e+07
0.133 1.2313e+09 2.3331e+07
0.134 1.1537e+09 2.3157e+07
0.135 1.1231e+09 2.2986e+07
0.136 1.1188e+09 2.2818e+07
0.137 1.1159e+09 2.2652e+07
0.138 1.1193e+09 2.2488e+07
0.139 1.049e+09 2.2327e+07
0.14 1.0418e+09 2.2168e+07
0.141 1.0276e+09 2.2012e+07
0.142 9.9997e+08 2.1858e+07
0.143 9.9583e+08 2.1706e+07
0.144 9.7695e+08 2.1556e+07
0.145 9.6031e+08 2.1408e+07
0.146 8.9767e+08 2.1263e+07
0.147 8.7071e+08 2.1119e+07
0.148 8.4085e+08 2.0978e+07
0.149 9.1664e+08 2.0839e+07
0.15 8.2874e+08 2.0701e+07
0.151 8.274e+08 2.0566e+07
0.152 7.4736e+08 2.0432e+07
0.153 7.4621e+08 2.03e+07
0.154 7.5349e+08 2.0171e+07
0.155 7.332e+08 2.0043e+07
0.156 7.2367e+08 1.9917e+07
0.157 6.8581e+08 1.9793e+07
0.158 7.0049e+08 1.967e+07
0.159 6.2537e+08 1.9549e+07
0.16 6.5809e+08 1.9431e+07
0.161 6.2602e+08 1.9314e+07
0.162 6.0016e+08 1.9198e+07
0.163 5.7382e+08 1.9085e+07
0.164 6.1175e+08 1.8973e+07
0.165 5.7245e+08 1.8862e+07
0.166 5.3212e+08 1.8754e+07
0.167 5.2338e+08 1.8647e+07
0.168 4.7139e+08 1.8542e+07
0.169 4.706e+08 1.8438e+07
0.17 4.9025e+08 1.8336e+07
0.171 4.5702e+08 1.8236e+07
0.172 4.9023e+08 1.8137e+07
0.173 4.4924e+08 1.804e+07
0.174 4.6699e+08 1.7945e+07
0.175 4.2194e+08 1.7851e+07
0.176 3.9044e+08 1.7759e+07
0.177 3.9967e+08 1.7668e+07
0.178 3.7612e+08 1.7578e+07
0.179 3.6402e+08 1.7491e+07
0.18 3.5642e+08 1.7404e+07
0.181 3.508e+08 1.7319e+07
0.182 3.454e+08 1.7236e+07
0.183 3.0984e+08 1.7154e+07
0.184 3.1251e+08 1.7073e+07
0.185 3.1989e+08 1.6994e+07
0.186 3.3376e+08 1.6916e+07
0.187 2.8913e+08 1.684e+07
0.188 3.0051e+08 1.6765e+07
0.189 2.9553e+08 1.6691e+07
0.19 2.568e+08 1.6619e+07
0.191 2.4269e+08 1.6547e+07
0.192 2.5801e+08 1.6478e+07
0.193 2.5494e+08 1.6409e+07
0.194 2.3081e+08 1.6341e+07
0.195 2.2848e+08 1.6275e+07
0.196 2.2441e+08 1.621e+07
0.197 1.9984e+08 1.6146e+07
0.198 2.0739e+08 1.6083e+07
0.199 1.9486e+08 1.6022e+07
0.2 1.5925e+08 1.5961e+07
0.201 1.8441e+08 1.5901e+07
0.202 1.8014e+08 1.5843e+07
0.203 1.9025e+08 1.5785e+07
0.204 1.7532e+08 1.5729e+07
0.205 1.7359e+08 1.5673e+07
0.206 1.5648e+08 1.5619e+07
0.207 1.6469e+08 1.5565e+07
0.208 1.5187e+08 1.5512e+07
0.209 1.6128e+08 1.546e+07
0.21 1.2745e+08 1.5409e+07
0.211 1.4131e+08 1.5359e+07
0.212 1.4e+08 1.531e+07
0.213 1.6598e+08 1.5261e+07
0.214 1.5118e+08 1.5214e+07
0.215 1.1899e+08 1.5167e+07
0.216 1.3543e+08 1.512e+07
0.217 1.1886e+08 1.5075e+07
0.218 1.0287e+08 1.503e+07
0.219 1.1494e+08 1.4986e+07
0.22 8.8126e+07 1.4942e+07
0.221 1.1197e+08 1.49e+07
0.222 8.6945e+07 1.4857e+07
0.223 1.0635e+08 1.4816e+07
0.224 9.0791e+07 1.4775e+07
0.225 1.0154e+08 1.4734e+07
0.226 1.087e+08 1.4694e+07
0.227 1.0292e+08 1.4655e+07
0.228 8.7753e+07 1.4616e+07
0.229 9.15e+07 1.4578e+07
0.23 9.267e+07 1.454e+07
0.231 7.3322e+07 1.4503e+07
0.232 9.8014e+07 1.4466e+07
0.233 4.4764e+07 1.443e+07
0.234 8.6822e+07 1.4394e+07
0.235 6.8402e+07 1.4359e+07
0.236 7.788e+07 1.4324e+07
0.237 8.2221e+07 1.4289e+07
0.238 4.5766e+07 1.4255e+07
0.239 5.6468e+07 1.4221e+07
0.24 7.1774e+07 1.4188e+07
0.241 8.2999e+07 1.4155e+07
0.242 8.0452e+07 1.4122e+07
0.243 5.4984e+07 1.409e+07
0.244 7.5216e+07 1.4058e+07
0.245 7.1986e+07 1.4027e+07
0.246 6.7202e+07 1.3995e+07
0.247 7.1808e+07 1.3965e+07
0.248 5.5067e+07 1.3934e+07
0.249 5.6355e+07 1.3904e+07
0.25 4.4866e+07 1.3874e+07
0.251 5.1315e+07 1.3844e+07
0.252 4.9206e+07 1.3815e+07
0.253 5.245e+07 1.3786e+07
0.254 5.9516e+07 1.3757e+07
0.255 8.3966e+07 1.3729e+07
0.256 5.1623e+07 1.37e+07
0.257 5.4611e+07 1.3673e+07
0.258 6.518e+07 1.3645e+07
0.259 6.749e+07 1.3617e+07
0.26 5.2201e+07 1.359e+07
0.261 6.7137e+07 1.3563e+07
0.262 5.5193e+07 1.3537e+07
0.263 3.8795e+07 1.351e+07
0.264 6.8524e+07 1.3484e+07
0.265 2.8672e+07 1.3458e+07
0.266 4.6508e+07 1.3432e+07
0.267 6.449e+07 1.3407e+07
0.268 3.2231e+07 1.3381e+07
0.269 6.2066e+07 1.3356e+07
0.27 7.4071e+07 1.3331e+07
0.271 4.9788e+07 1.3306e+07
0.272 3.8543e+07 1.3282e+07
0.273 4.016e+07 1.3257e+07
0.274 5.4937e+07 1.3233e+07
0.275 6.2526e+07 1.3209e+07
0.276 5.8819e+07 1.3185e+07
0.277 4.9827e+07 1.3161e+07
0.278 4.3028e+07 1.3138e+07
0.279 6.547e+07 1.3114e+07
0.28 6.9589e+07 1.3091e+07
0.281 4.2644e+07 1.3068e+07
0.282 6.1654e+07 1.3045e+07
0.283 5.6556e+07 1.3022e+07
0.284 3.6689e+07 1.3e+07
0.285 5.6168e+07 1.2977e+07
0.286 5.6795e+07 1.2955e+07
0.287 7.0395e+07 1.2932e+07
0.288 3.5797e+07 1.291e+07
0.289 5.1795e+07 1.2888e+07
0.29 5.7232e+07 1.2866e+07
0.291 6.2582e+07 1.2844e+07
0.292 6.1655e+07 1.2823e+07
0.293 6.4077e+07 1.2801e+07
0.294 6.7126e+07 1.278e+07
0.295 5.6978e+07 1.2758e+07
0.296 5.3043e+07 1.2737e+07
0.297 7.2497e+07 1.2716e+07
0.298 7.6133e+07 1.2695e+07
0.299 5.7591e+07 1.2674e+07
0.3 6.753e+07 1.2653e+07
0.301 7.4191e+07 1.2632e+07
0.302 4.2688e+07 1.2612e+07
0.303 6.9345e+07 1.2591e+07
0.304 7.0973e+07 1.257e+07
0.305 6.5857e+07 1.255e+07
0.306 7.6189e+07 1.253e+07
0.307 6.3882e+07 1.2509e+07
0.308 7.092e+07 1.2489e+07
0.309 5.1195e+07 1.2469e+07
0.31 5.2176e+07 1.2449e+07
0.311 5.3135e+07 1.2429e+07
0.312 4.0173e+07 1.2409e+07
0.313 4.6891e+07 1.2389e+07
0.314 8.3702e+07 1.2369e+07
0.315 6.3484e+07 1.235e+07
0.316 3.9534e+07 1.233e+07
0.317 5.7139e+07 1.231e+07
0.318 7.5836e+07 1.2291e+07
0.319 4.5329e+07 1.2272e+07
0.32 5.9119e+07 1.2252e+07
0.321 5.4834e+07 1.2233e+07
0.322 4.4651e+07 1.2214e+07
0.323 5.5295e+07 1.2195e+07
0.324 8.7387e+07 1.2176e+07
0.325 7.4514e+07 1.2157e+07
0.326 6.0881e+07 1.2138e+07
0.327 3.9811e+07 1.2119e+07
0.328 5.2839e+07 1.21e+07
0.329 5.9708e+07 1.2081e+07
0.33 6.0723e+07 1.2063e+07
0.331 5.3982e+07 1.2044e+07
0.332 6.5539e+07 1.2026e+07
0.333 5.7701e+07 1.2007e+07
0.334 4.7587e+07 1.1989e+07
0.335 5.3267e+07 1.1971e+07
0.336 5.6035e+07 1.1953e+07
0.337 6.9235e+07 1.1935e+07
0.338 5.4602e+07 1.1916e+07
0.339 4.0957e+07 1.1899e+07
0.34 4.2531e+07 1.1881e+07
0.341 8.9466e+07 1.1863e+07
0.342 6.2288e+07 1.1845e+07
0.343 5.2637e+07 1.1827e+07
0.344 3.4585e+07 1.181e+07
0.345 4.8078e+07 1.1792e+07
0.346 4.9282e+07 1.1775e+07
0.347 4.7959e+07 1.1758e+07
0.348 4.5512e+07 1.174e+07
0.349 5.4604e+07 1.1723e+07
0.35 6.4897e+07 1.1706e+07
0.351 5.2699e+07 1.1689e+07
0.352 7.0014e+07 1.1672e+07
0.353 3.5489e+07 1.1655e+07
0.354 8.2403e+07 1.1638e+07
0.355 3.8614e+07 1.1622e+07
0.356 4.5121e+07 1.1605e+07
0.357 5.9106e+07 1.1588e+07
0.358 4.4963e+07 1.1572e+07
0.359 2.1008e+07 1.1555e+07
0.36 4.5789e+07 1.1539e+07
0.361 3.7126e+07 1.1523e+07
0.362 3.4324e+07 1.1507e+07
0.363 6.1666e+07 1.1491e+07
0.364 4.9672e+07 1.1474e+07
0.365 5.9669e+07 1.1458e+07
0.366 4.8928e+07 1.1443e+07
0.367 5.6405e+07 1.1427e+07
0.368 6.0216e+07 1.1411e+07
0.369 6.109e+07 1.1395e+07
0.37 3.8623e+07 1.138e+07
0.371 5.1935e+07 1.1364e+07
0.372 3.5405e+07 1.1348e+07
0.373 4.3482e+07 1.1333e+07
0.374 5.5915e+07 1.1318e+07
0.375 2.5524e+07 1.1302e+07
0.376 4.3526e+07 1.1287e+07
0.377 5.2766e+07 1.1272e+07
0.378 6.0083e+07 1.1257e+07
0.379 5.504e+07 1.1242e+07
0.38 4.5897e+07 1.1227e+07
0.381 4.6635e+07 1.1212e+07
0.382 4.1781e+07 1.1197e+07
0.383 6.1441e+07 1.1182e+07
0.384 2.9423e+07 1.1167e+07
0.385 3.0219e+07 1.1152e+07
0.386 4.6771e+07 1.1138e+07
0.387 3.6777e+07 1.1123e+07
0.388 4.5502e+07 1.1109e+07
0.389 6.8225e+07 1.1094e+07
0.39 4.45e+07 1.108e+07
0.391 5.1329e+07 1.1065e+07
0.392 4.6202e+07 1.1051e+07
0.393 2.8101e+07 1.1036e+07
0.394 5.0268e+07 1.1022e+07
0.395 5.3649e+07 1.1008e+07
0.396 6.156e+07 1.0994e+07
0.397 5.701e+07 1.098e+07
0.398 5.568e+07 1.0966e+07
0.399 5.9268e+07 1.0952e+07
0.4 5.1391e+07 1.0938e+07
0.401 4.6732e+07 1.0924e+07
0.402 5.0851e+07 1.091e+07
0.403 3.5485e+07 1.0896e+07
0.404 6.0025e+07 1.0882e+07
0.405 4.1203e+07 1.0868e+07
0.406 5.0461e+07 1.0855e+07
0.407 4.0497e+07 1.0841e+07
0.408 4.7343e+07 1.0828e+07
0.409 4.2316e+07 1.0814e+07
0.41 5.8024e+07 1.08e+07
0.411 4.7699e+07 1.0787e+07
0.412 5.8815e+07 1.0774e+07
0.413 5.8223e+07 1.076e+07
0.414 4.9238e+07 1.0747e+07
0.415 5.5094e+07 1.0734e+07
0.416 4.2353e+07 1.072e+07
0.417 4.2851e+07 1.0707e+07
0.418 5.345e+07 1.0694e+07
0.419 4.4768e+07 1.0681e+07
0.42 5.8603e+07 1.0668e+07
0.421 2.8979e+07 1.0655e+07
0.422 3.0388e+07 1.0642e+07
0.423 4.9211e+07 1.0629e+07
0.424 4.0879e+07 1.0616e+07
0.425 5.839e+07 1.0603e+07
0.426 4.5248e+07 1.0591e+07
0.427 6.768e+07 1.0578e+07
0.428 4.3889e+07 1.0565e+07
0.429 4.6722e+07 1.0553e+07
0.43 5.3088e+07 1.054e+07
0.431 4.7155e+07 1.0527e+07
0.432 4.4783e+07 1.0515e+07
0.433 7.4497e+07 1.0503e+07
0.434 5.6201e+07 1.049e+07
0.435 3.9209e+07 1.0478e+07
0.436 5.744e+07 1.0466e+07
0.437 3.7628e+07 1.0453e+07
0.438 5.7201e+07 1.0441e+07
0.439 3.951e+07 1.0429e+07
0.44 2.4051e+07 1.0417e+07
0.441 3.9256e+07 1.0405e+07
0.442 5.8039e+07 1.0393e+07
0.443 3.7033e+07 1.0381e+07
0.444 3.0959e+07 1.0369e+07
0.445 5.4134e+07 1.0357e+07
0.446 3.3259e+07 1.0345e+07
0.447 5.0996e+07 1.0334e+07
0.448 2.9041e+07 1.0322e+07
0.449 4.687e+07 1.031e+07
0.45 5.1059e+07 1.0299e+07
0.451 3.1711e+07 1.0287e+07
0.452 4.6496e+07 1.0276e+07
0.453 3.8181e+07 1.0264e+07
0.454 4.1174e+07 1.0253e+07
0.455 4.926e+07 1.0241e+07
0.456 4.5498e+07 1.023e+07
0.457 3.4047e+07 1.0219e+07
0.458 4.4842e+07 1.0207e+07
0.459 4.2427e+07 1.0196e+07
0.46 4.503e+07 1.0185e+07
0.461 4.3208e+07 1.0174e+07
0.462 4.675e+07 1.0163e+07
0.463 2.5471e+07 1.0152e+07
0.464 3.6779e+07 1.0141e+07
0.465 5.3792e+07 1.013e+07
0.466 3.8004e+07 1.0119e+07
0.467 3.412e+07 1.0108e+07
0.468 4.1448e+07 1.0097e+07
0.469 4.119e+07 1.0086e+07
0.47 3.8703e+07 1.0076e+07
0.471 3.7546e+07 1.0065e+07
0.472 3.09e+07 1.0054e+07
0.473 2.1557e+07 1.0044e+07
0.474 3.2282e+07 1.0033e+07
0.475 3.2967e+07 1.0022e+07
0.476 3.6576e+07 1.0012e+07
0.477 5.7088e+07 1.0001e+07
0.478 4.6716e+07 9.9908e+06
0.479 4.1392e+07 9.9803e+06
0.48 3.3009e+07 9.9699e+06
0.481 3.1282e+07 9.9595e+06
0.482 4.1019e+07 9.9492e+06
0.483 4.9952e+07 9.9389e+06
0.484 2.0852e+07 9.9286e+06
0.485 4.4172e+07 9.9183e+06
0.486 2.6886e+07 9.9081e+06
0.487 3.4079e+07 9.8979e+06
0.488 2.0531e+07 9.8877e+06
0.489 4.6901e+07 9.8776e+06
0.49 4.6268e+07 9.8675e+06
0.491 4.8913e+07 9.8574e+06
0.492 3.7545e+07 9.8473e+06
0.493 5.2413e+07 9.8373e+06
0.494 2.7387e+07 9.8273e+06
0.495 3.3211e+07 9.8173e+06
0.496 3.834e+07 9.8073e+06
0.497 4.0827e+07 9.7974e+06
0.498 4.2135e+07 9.7875e+06
0.499 4.5838e+07 9.7776e+06
0.5 4.7419e+07 9.7677e+06
