0.001 3.789e+09 2.2746e+08
0.002 3.9119e+09 1.6081e+08
0.003 4.2804e+09 1.3127e+08
0.004 4.0034e+09 1.1365e+08
0.005 4.1899e+09 1.016e+08
0.006 4.1201e+09 9.2702e+07
0.007 4.0374e+09 8.5771e+07
0.008 4.137e+09 8.0173e+07
0.009 4.0697e+09 7.5526e+07
0.01 4.1049e+09 7.1584e+07
0.011 4.0386e+09 6.8184e+07
0.012 4.0468e+09 6.5208e+07
0.013 4.107e+09 6.2575e+07
0.014 4.0525e+09 6.022e+07
0.015 3.9623e+09 5.8097e+07
0.016 4.0439e+09 5.6168e+07
0.017 4.0351e+09 5.4405e+07
0.018 3.8294e+09 5.2783e+07
0.019 4.0495e+09 5.1285e+07
0.02 3.9117e+09 4.9893e+07
0.021 3.9601e+09 4.8596e+07
0.022 3.8716e+09 4.7381e+07
0.023 3.8532e+09 4.6241e+07
0.024 3.8708e+09 4.5167e+07
0.025 3.7108e+09 4.4152e+07
0.026 3.7446e+09 4.319e+07
0.027 3.7102e+09 4.2278e+07
0.028 3.7177e+09 4.1409e+07
0.029 3.7083e+09 4.058e+07
0.03 3.6229e+09 3.9789e+07
0.031 3.6547e+09 3.9031e+07
0.032 3.6019e+09 3.8304e+07
0.033 3.5576e+09 3.7606e+07
0.034 3.5659e+09 3.6935e+07
0.035 3.4725e+09 3.6288e+07
0.036 3.4637e+09 3.5665e+07
0.037 3.3451e+09 3.5063e+07
0.038 3.3697e+09 3.4481e+07
0.039 3.3537e+09 3.3918e+07
0.04 3.2486e+09 3.3372e+07
0.041 3.3307e+09 3.2843e+07
0.042 3.2608e+09 3.233e+07
0.043 3.2199e+09 3.1831e+07
0.044 3.1706e+09 3.1347e+07
0.045 3.2004e+09 3.0875e+07
0.046 3.1303e+09 3.0417e+07
0.047 3.0815e+09 2.997e+07
0.048 3.0867e+09 2.9534e+07
0.049 3.0366e+09 2.9109e+07
0.05 3.0277e+09 2.8695e+07
0.051 2.9141e+09 2.829e+07
0.052 2.8374e+09 2.7895e+07
0.053 2.8919e+09 2.7509e+07
0.054 2.7979e+09 2.7131e+07
0.055 2.7669e+09 2.6762e+07
0.056 2.7475e+09 2.6401e+07
0.057 2.7358e+09 2.6047e+07
0.058 2.6467e+09 2.5701e+07
0.059 2.6201e+09 2.5363e+07
0.06 2.5518e+09 2.5031e+07
0.061 2.5241e+09 2.4706e+07
0.062 2.5062e+09 2.4387e+07
0.063 2.4236e+09 2.4074e+07
0.064 2.4174e+09 2.3768e+07
0.065 2.3815e+09 2.3468e+07
0.066 2.3299e+09 2.3173e+07
0.067 2.3178e+09 2.2884e+07
0.068 2.2853e+09 2.2601e+07
0.069 2.2043e+09 2.2323e+07
0.07 2.1993e+09 2.205e+07
0.071 2.1217e+09 2.1782e+07
0.072 2.1582e+09 2.1519e+07
0.073 2.0678e+09 2.1261e+07
0.074 1.9932e+09 2.1008e+07
0.075 1.9528e+09 2.0759e+07
0.076 1.9222e+09 2.0515e+07
0.077 1.9508e+09 2.0275e+07
0.078 1.8952e+09 2.004e+07
0.079 1.8192e+09 1.9809e+07
0.08 1.8061e+09 1.9582e+07
0.081 1.8266e+09 1.9359e+07
0.082 1.7669e+09 1.9141e+07
0.083 1.7039e+09 1.8926e+07
0.084 1.6413e+09 1.8715e+07
0.085 1.648e+09 1.8508e+07
0.086 1.6103e+09 1.8305e+07
0.087 1.5777e+09 1.8105e+07
0.088 1.5612e+09 1.791e+07
0.089 1.4874e+09 1.7717e+07
0.09 1.4565e+09 1.7529e+07
0.091 1.4784e+09 1.7343e+07
0.092 1.4374e+09 1.7161e+07
0.093 1.3835e+09 1.6983e+07
0.094 1.3871e+09 1.6808e+07
0.095 1.3398e+09 1.6636e+07
0.096 1.3358e+09 1.6467e+07
0.097 1.3102e+09 1.6301e+07
0.098 1.2436e+09 1.6139e+07
0.099 1.2287e+09 1.5979e+07
0.1 1.1814e+09 1.5823e+07
0.101 1.1888e+09 1.567e+07
0.102 1.1373e+09 1.5519e+07
0.103 1.1362e+09 1.5371e+07
0.104 1.1049e+09 1.5226e+07
0.105 1.0819e+09 1.5084e+07
0.106 1.0422e+09 1.4945e+07
0.107 1.0119e+09 1.4808e+07
0.108 9.8592e+08 1.4674e+07
0.109 9.7687e+08 1.4543e+07
0.11 9.7357e+08 1.4414e+07
0.111 9.546e+08 1.4288e+07
0.112 8.9688e+08 1.4164e+07
0.113 9.0141e+08 1.4042e+07
0.114 8.6621e+08 1.3923e+07
0.115 8.698e+08 1.3806e+07
0.116 8.5056e+08 1.3692e+07
0.117 8.2144e+08 1.3579e+07
0.118 7.8726e+08 1.3469e+07
0.119 8.0407e+08 1.3361e+07
0.12 7.7905e+08 1.3256e+07
0.121 7.79e+08 1.3152e+07
0.122 7.34e+08 1.305e+07
0.123 7.2127e+08 1.2951e+07
0.124 7.1793e+08 1.2853e+07
0.125 7.0054e+08 1.2757e+07
0.126 6.7995e+08 1.2663e+07
0.127 6.6374e+08 1.2571e+07
0.128 6.3974e+08 1.248e+07
0.129 6.1357e+08 1.2392e+07
0.13 6.1929e+08 1.2305e+07
0.131 6.1511e+08 1.222e+07
0.132 5.622e+08 1.2136e+07
0.133 5.7196e+08 1.2054e+07
0.134 5.9094e+08 1.1974e+07
0.135 5.416e+08 1.1895e+07
0.136 5.5214e+08 1.1817e+07
0.137 5.214e+08 1.1741e+07
0.138 5.1842e+08 1.1667e+07
0.139 4.8989e+08 1.1593e+07
0.14 4.8006e+08 1.1522e+07
0.141 4.7773e+08 1.1451e+07
0.142 4.6958e+08 1.1382e+07
0.143 4.5976e+08 1.1314e+07
0.144 4.5418e+08 1.1247e+07
0.145 4.3911e+08 1.1181e+07
0.146 4.2575e+08 1.1117e+07
0.147 4.3817e+08 1.1053e+07
0.148 4.277e+08 1.0991e+07
0.149 3.9402e+08 1.093e+07
0.15 3.7683e+08 1.087e+07
0.151 3.8387e+08 1.081e+07
0.152 3.8393e+08 1.0752e+07
0.153 3.5155e+08 1.0695e+07
0.154 3.585e+08 1.0639e+07
0.155 3.5998e+08 1.0583e+07
0.156 3.4755e+08 1.0529e+07
0.157 3.4975e+08 1.0475e+07
0.158 3.4678e+08 1.0422e+07
0.159 3.3174e+08 1.037e+07
0.16 3.376e+08 1.0319e+07
0.161 3.3192e+08 1.0269e+07
0.162 3.2275e+08 1.0219e+07
0.163 2.9489e+08 1.017e+07
0.164 3.042e+08 1.0122e+07
0.165 2.8893e+08 1.0074e+07
0.166 2.9889e+08 1.0027e+07
0.167 2.9521e+08 9.9812e+06
0.168 2.781e+08 9.9356e+06
0.169 2.7471e+08 9.8907e+06
0.17 2.4486e+08 9.8464e+06
0.171 2.5305e+08 9.8027e+06
0.172 2.7176e+08 9.7596e+06
0.173 2.4022e+08 9.7171e+06
0.174 2.5831e+08 9.6751e+06
0.175 2.3027e+08 9.6337e+06
0.176 2.2896e+08 9.5928e+06
0.177 2.2445e+08 9.5525e+06
0.178 2.2853e+08 9.5127e+06
0.179 1.8702e+08 9.4733e+06
0.18 2.0786e+08 9.4345e+06
0.181 2.0321e+08 9.3961e+06
0.182 2.1202e+08 9.3583e+06
0.183 2.0804e+08 9.3208e+06
0.184 1.971e+08 9.2839e+06
0.185 1.9683e+08 9.2474e+06
0.186 2.0777e+08 9.2113e+06
0.187 1.9027e+08 9.1757e+06
0.188 1.6059e+08 9.1405e+06
0.189 1.7723e+08 9.1057e+06
0.19 1.6123e+08 9.0713e+06
0.191 1.6671e+08 9.0373e+06
0.192 1.7102e+08 9.0037e+06
0.193 1.5768e+08 8.9706e+06
0.194 1.5653e+08 8.9378e+06
0.195 1.5878e+08 8.9053e+06
0.196 1.499e+08 8.8733e+06
0.197 1.4439e+08 8.8416e+06
0.198 1.2591e+08 8.8103e+06
0.199 1.4013e+08 8.7794e+06
0.2 1.3423e+08 8.7488e+06
0.201 1.2634e+08 8.7185e+06
0.202 1.5108e+08 8.6886e+06
0.203 1.4224e+08 8.6591e+06
0.204 1.2408e+08 8.6299e+06
0.205 1.3421e+08 8.601e+06
0.206 1.1987e+08 8.5724e+06
0.207 1.1868e+08 8.5442e+06
0.208 1.0906e+08 8.5163e+06
0.209 1.2022e+08 8.4887e+06
0.21 1.0963e+08 8.4614e+06
0.211 8.4832e+07 8.4345e+06
0.212 1.0281e+08 8.4078e+06
0.213 1.0395e+08 8.3815e+06
0.214 9.7521e+07 8.3554e+06
0.215 9.079e+07 8.3297e+06
0.216 8.8751e+07 8.3042e+06
0.217 9.1016e+07 8.279e+06
0.218 7.4331e+07 8.2541e+06
0.219 7.7845e+07 8.2295e+06
0.22 8.0664e+07 8.2052e+06
0.221 7.9599e+07 8.1811e+06
0.222 7.729e+07 8.1573e+06
0.223 8.2755e+07 8.1338e+06
0.224 8.1385e+07 8.1106e+06
0.225 7.8249e+07 8.0876e+06
0.226 6.0644e+07 8.0649e+06
0.227 7.2786e+07 8.0424e+06
0.228 7.3785e+07 8.0202e+06
0.229 6.7588e+07 7.9982e+06
0.23 6.6309e+07 7.9765e+06
0.231 6.2609e+07 7.955e+06
0.232 5.9722e+07 7.9338e+06
0.233 5.3935e+07 7.9128e+06
0.234 6.5671e+07 7.892e+06
0.235 6.9534e+07 7.8715e+06
0.236 5.7211e+07 7.8512e+06
0.237 5.1558e+07 7.8311e+06
0.238 4.8618e+07 7.8113e+06
0.239 5.9109e+07 7.7916e+06
0.24 5.3256e+07 7.7722e+06
0.241 3.7266e+07 7.753e+06
0.242 4.0071e+07 7.734e+06
0.243 4.9046e+07 7.7152e+06
0.244 4.4711e+07 7.6966e+06
0.245 5.9049e+07 7.6782e+06
0.246 4.9271e+07 7.66e+06
0.247 4.2819e+07 7.6419e+06
0.248 3.6214e+07 7.6241e+06
0.249 3.8627e+07 7.6065e+06
0.25 3.4235e+07 7.589e+06
0.251 3.5868e+07 7.5718e+06
0.252 3.2042e+07 7.5547e+06
0.253 3.3578e+07 7.5377e+06
0.254 3.2258e+07 7.521e+06
0.255 3.0955e+07 7.5044e+06
0.256 3.6418e+07 7.488e+06
0.257 2.4195e+07 7.4717e+06
0.258 3.1935e+07 7.4556e+06
0.259 1.8907e+07 7.4397e+06
0.26 4.0218e+07 7.4239e+06
0.261 2.8498e+07 7.4083e+06
0.262 3.8355e+07 7.3928e+06
0.263 1.952e+07 7.3775e+06
0.264 2.4335e+07 7.3623e+06
0.265 3.4738e+07 7.3473e+06
0.266 2.1772e+07 7.3323e+06
0.267 3.0569e+07 7.3176e+06
0.268 1.8347e+07 7.3029e+06
0.269 3.1246e+07 7.2884e+06
0.27 3.5643e+07 7.274e+06
0.271 2.871e+07 7.2598e+06
0.272 1.6265e+07 7.2457e+06
0.273 1.9952e+07 7.2316e+06
0.274 1.5498e+07 7.2177e+06
0.275 2.5893e+07 7.204e+06
0.276 2.0853e+07 7.1903e+06
0.277 2.729e+07 7.1768e+06
0.278 3.3264e+07 7.1633e+06
0.279 9.9045e+06 7.15e+06
0.28 2.3157e+07 7.1368e+06
0.281 1.202e+07 7.1236e+06
0.282 2.6418e+07 7.1106e+06
0.283 2.0648e+07 7.0977e+06
0.284 2.0226e+07 7.0849e+06
0.285 1.4993e+07 7.0722e+06
0.286 1.4165e+07 7.0595e+06
0.287 1.0969e+07 7.047e+06
0.288 8.5447e+06 7.0345e+06
0.289 1.5553e+07 7.0222e+06
0.29 2.937e+07 7.0099e+06
0.291 2.3056e+07 6.9977e+06
0.292 1.2899e+07 6.9856e+06
0.293 9.2076e+06 6.9736e+06
0.294 1.5993e+07 6.9616e+06
0.295 9.7321e+06 6.9498e+06
0.296 2.2582e+07 6.938e+06
0.297 2.6256e+07 6.9263e+06
0.298 2.5645e+07 6.9147e+06
0.299 1.8202e+07 6.9031e+06
0.3 3.1948e+06 6.8916e+06
0.301 1.3381e+07 6.8802e+06
0.302 1.6623e+07 6.8688e+06
0.303 1.7078e+07 6.8576e+06
0.304 2.0498e+07 6.8463e+06
0.305 1.7667e+07 6.8352e+06
0.306 8.7593e+06 6.8241e+06
0.307 1.9193e+07 6.8131e+06
0.308 2.0861e+07 6.8021e+06
0.309 1.9132e+07 6.7912e+06
0.31 2.0528e+07 6.7804e+06
0.311 2.0486e+07 6.7696e+06
0.312 1.1388e+07 6.7589e+06
0.313 2.1693e+07 6.7482e+06
0.314 1.9517e+07 6.7376e+06
0.315 2.5651e+07 6.727e+06
0.316 1.1125e+07 6.7165e+06
0.317 9.6656e+06 6.7061e+06
0.318 3.0011e+07 6.6957e+06
0.319 1.9543e+07 6.6854e+06
0.32 2.1248e+07 6.6751e+06
0.321 3.0114e+07 6.6648e+06
0.322 1.1124e+07 6.6546e+06
0.323 2.7617e+07 6.6445e+06
0.324 1.6741e+07 6.6344e+06
0.325 2.0456e+07 6.6243e+06
0.326 2.6882e+07 6.6143e+06
0.327 2.5594e+07 6.6043e+06
0.328 1.4869e+07 6.5944e+06
0.329 1.9534e+07 6.5845e+06
0.33 1.8265e+07 6.5747e+06
0.331 1.7793e+07 6.5649e+06
0.332 2.1203e+07 6.5552e+06
0.333 1.938e+07 6.5455e+06
0.334 3.161e+07 6.5358e+06
0.335 2.3581e+07 6.5262e+06
0.336 2.5737e+07 6.5166e+06
0.337 1.7876e+07 6.5071e+06
0.338 2.0515e+07 6.4976e+06
0.339 1.5797e+07 6.4881e+06
0.34 2.7049e+07 6.4787e+06
0.341 2.1583e+07 6.4693e+06
0.342 2.745e+07 6.4599e+06
0.343 2.2906e+07 6.4506e+06
0.344 3.2722e+07 6.4414e+06
0.345 2.5593e+07 6.4321e+06
0.346 2.5572e+07 6.4229e+06
0.347 2.5684e+07 6.4137e+06
0.348 2.8835e+07 6.4046e+06
0.349 3.0131e+07 6.3955e+06
0.35 2.7789e+07 6.3865e+06
0.351 2.9329e+07 6.3774e+06
0.352 2.5932e+07 6.3684e+06
0.353 3.085e+07 6.3595e+06
0.354 2.5147e+07 6.3506e+06
0.355 1.727e+07 6.3417e+06
0.356 2.6118e+07 6.3328e+06
0.357 2.5298e+07 6.324e+06
0.358 1.8374e+07 6.3152e+06
0.359 2.8574e+07 6.3064e+06
0.36 2.6007e+07 6.2977e+06
0.361 8.8836e+06 6.289e+06
0.362 1.6899e+07 6.2803e+06
0.363 1.6887e+07 6.2717e+06
0.364 2.5644e+07 6.2631e+06
0.365 3.467e+07 6.2545e+06
0.366 1.9026e+07 6.246e+06
0.367 2.1066e+07 6.2375e+06
0.368 1.7065e+07 6.229e+06
0.369 2.1877e+07 6.2206e+06
0.37 3.3254e+07 6.2122e+06
0.371 2.2293e+07 6.2038e+06
0.372 2.6798e+07 6.1955e+06
0.373 1.9664e+07 6.1871e+06
0.374 2.5895e+07 6.1788e+06
0.375 2.7867e+07 6.1706e+06
0.376 1.8573e+07 6.1624e+06
0.377 3.6304e+07 6.1542e+06
0.378 2.7255e+07 6.146e+06
0.379 2.8625e+07 6.1379e+06
0.38 2.5872e+07 6.1297e+06
0.381 1.4364e+07 6.1217e+06
0.382 2.0773e+07 6.1136e+06
0.383 2.8059e+07 6.1056e+06
0.384 2.4613e+07 6.0976e+06
0.385 2.1132e+07 6.0896e+06
0.386 2.2663e+07 6.0817e+06
0.387 1.3573e+07 6.0738e+06
0.388 1.9659e+07 6.0659e+06
0.389 2.4729e+07 6.0581e+06
0.39 1.1133e+07 6.0503e+06
0.391 2.6366e+07 6.0425e+06
0.392 1.9587e+07 6.0347e+06
0.393 2.169e+07 6.027e+06
0.394 1.5599e+07 6.0193e+06
0.395 1.2887e+07 6.0116e+06
0.396 2.3253e+07 6.0039e+06
0.397 1.5078e+07 5.9963e+06
0.398 2.1676e+07 5.9887e+06
0.399 2.2025e+07 5.9812e+06
0.4 2.4548e+07 5.9736e+06
0.401 1.88e+07 5.9661e+06
0.402 2.7967e+07 5.9586e+06
0.403 2.5142e+07 5.9512e+06
0.404 3.0222e+07 5.9437e+06
0.405 2.9275e+07 5.9363e+06
0.406 1.3583e+07 5.9289e+06
0.407 2.4567e+07 5.9216e+06
0.408 2.2463e+07 5.9143e+06
0.409 1.7562e+07 5.907e+06
0.41 1.8568e+07 5.8997e+06
0.411 3.142e+07 5.8924e+06
0.412 2.2635e+07 5.8852e+06
0.413 3.6424e+07 5.878e+06
0.414 2.2844e+07 5.8708e+06
0.415 1.9574e+07 5.8637e+06
0.416 3.2086e+07 5.8566e+06
0.417 1.739e+07 5.8495e+06
0.418 1.5631e+07 5.8424e+06
0.419 2.0222e+07 5.8354e+06
0.42 1.507e+07 5.8283e+06
0.421 3.5812e+07 5.8213e+06
0.422 1.6446e+07 5.8144e+06
0.423 2.1255e+07 5.8074e+06
0.424 1.6555e+07 5.8005e+06
0.425 1.775e+07 5.7936e+06
0.426 2.2974e+07 5.7867e+06
0.427 2.5611e+07 5.7799e+06
0.428 2.2245e+07 5.773e+06
0.429 1.169e+07 5.7662e+06
0.43 1.7607e+07 5.7595e+06
0.431 2.6072e+07 5.7527e+06
0.432 3.1525e+07 5.746e+06
0.433 1.3221e+07 5.7392e+06
0.434 2.5519e+07 5.7326e+06
0.435 2.3314e+07 5.7259e+06
0.436 2.5396e+07 5.7193e+06
0.437 2.4354e+07 5.7126e+06
0.438 2.3819e+07 5.706e+06
0.439 2.1891e+07 5.6995e+06
0.44 2.4674e+07 5.6929e+06
0.441 1.5468e+07 5.6864e+06
0.442 2.0825e+07 5.6799e+06
0.443 2.0895e+07 5.6734e+06
0.444 2.4657e+07 5.6669e+06
0.445 1.9338e+07 5.6605e+06
0.446 1.9483e+07 5.654e+06
0.447 2.1112e+07 5.6476e+06
0.448 2.3408e+07 5.6413e+06
0.449 1.7596e+07 5.6349e+06
0.45 2.677e+07 5.6286e+06
0.451 1.9279e+07 5.6223e+06
0.452 3.375e+07 5.616e+06
0.453 2.3948e+07 5.6097e+06
0.454 3.0674e+07 5.6034e+06
0.455 2.6387e+07 5.5972e+06
0.456 2.2517e+07 5.591e+06
0.457 2.709e+07 5.5848e+06
0.458 1.8123e+07 5.5787e+06
0.459 1.6598e+07 5.5725e+06
0.46 3.1579e+07 5.5664e+06
0.461 2.5804e+07 5.5603e+06
0.462 1.3283e+07 5.5542e+06
0.463 1.4059e+07 5.5481e+06
0.464 2.3284e+07 5.5421e+06
0.465 1.6028e+07 5.5361e+06
0.466 2.2537e+07 5.5301e+06
0.467 2.5173e+07 5.5241e+06
0.468 2.4627e+07 5.5181e+06
0.469 2.9533e+07 5.5122e+06
0.47 1.6919e+07 5.5062e+06
0.471 1.0508e+07 5.5003e+06
0.472 1.724e+07 5.4944e+06
0.473 2.1492e+07 5.4886e+06
0.474 2.2374e+07 5.4827e+06
0.475 1.6242e+07 5.4769e+06
0.476 1.9647e+07 5.4711e+06
0.477 2.4438e+07 5.4653e+06
0.478 2.3216e+07 5.4595e+06
0.479 2.1756e+07 5.4538e+06
0.48 1.8957e+07 5.4481e+06
0.481 2.8005e+07 5.4423e+06
0.482 2.1524e+07 5.4367e+06
0.483 2.4962e+07 5.431e+06
0.484 1.61e+07 5.4253e+06
0.485 1.858e+07 5.4197e+06
0.486 2.6488e+07 5.4141e+06
0.487 1.6862e+07 5.4085e+06
0.488 1.5962e+07 5.4029e+06
0.489 2.6839e+07 5.3973e+06
0.49 1.657e+07 5.3918e+06
0.491 2.796e+07 5.3863e+06
0.492 1.1908e+07 5.3807e+06
0.493 1.9638e+07 5.3753e+06
0.494 1.5082e+07 5.3698e+06
0.495 2.4592e+07 5.3643e+06
0.496 1.6679e+07 5.3589e+06
0.497 1.7149e+07 5.3535e+06
0.498 1.8639e+07 5.3481e+06
0.499 9.6967e+06 5.3427e+06
0.5 2.8294e+07 5.3373e+06
