0.001 6.0951e+09 3.1323e+08
0.002 5.7129e+09 2.2145e+08
0.003 5.6777e+09 1.8077e+08
0.004 5.4379e+09 1.565e+08
0.005 5.6996e+09 1.3991e+08
0.006 5.5498e+09 1.2765e+08
0.007 5.7207e+09 1.1811e+08
0.008 5.5114e+09 1.104e+08
0.009 5.4856e+09 1.04e+08
0.01 5.4368e+09 9.857e+07
0.011 5.3613e+09 9.3886e+07
0.012 5.611e+09 8.9788e+07
0.013 5.5105e+09 8.616e+07
0.014 5.5339e+09 8.2916e+07
0.015 5.5144e+09 7.9991e+07
0.016 5.4713e+09 7.7334e+07
0.017 5.4785e+09 7.4904e+07
0.018 5.3892e+09 7.267e+07
0.019 5.1366e+09 7.0605e+07
0.02 5.3958e+09 6.8688e+07
0.021 5.2092e+09 6.69e+07
0.022 5.2807e+09 6.5226e+07
0.023 5.1608e+09 6.3654e+07
0.024 5.2118e+09 6.2173e+07
0.025 5.2352e+09 6.0774e+07
0.026 5.0787e+09 5.9449e+07
0.027 4.9931e+09 5.8191e+07
0.028 5.0256e+09 5.6993e+07
0.029 4.9767e+09 5.5851e+07
0.03 4.9971e+09 5.4759e+07
0.031 4.8577e+09 5.3714e+07
0.032 4.8925e+09 5.2712e+07
0.033 4.8617e+09 5.175e+07
0.034 4.8919e+09 5.0824e+07
0.035 4.8191e+09 4.9933e+07
0.036 4.69e+09 4.9073e+07
0.037 4.7476e+09 4.8243e+07
0.038 4.6814e+09 4.744e+07
0.039 4.5304e+09 4.6664e+07
0.04 4.5314e+09 4.5912e+07
0.041 4.5513e+09 4.5182e+07
0.042 4.4876e+09 4.4475e+07
0.043 4.3627e+09 4.3787e+07
0.044 4.3255e+09 4.3119e+07
0.045 4.286e+09 4.2469e+07
0.046 4.2221e+09 4.1837e+07
0.047 4.1945e+09 4.122e+07
0.048 4.1329e+09 4.062e+07
0.049 4.0883e+09 4.0035e+07
0.05 3.9946e+09 3.9463e+07
0.051 3.8663e+09 3.8906e+07
0.052 3.9289e+09 3.8361e+07
0.053 3.8511e+09 3.7829e+07
0.054 3.7868e+09 3.7309e+07
0.055 3.7704e+09 3.68e+07
0.056 3.716e+09 3.6303e+07
0.057 3.6203e+09 3.5816e+07
0.058 3.6325e+09 3.534e+07
0.059 3.5689e+09 3.4874e+07
0.06 3.4602e+09 3.4417e+07
0.061 3.4238e+09 3.3969e+07
0.062 3.3771e+09 3.3531e+07
0.063 3.3121e+09 3.3101e+07
0.064 3.3247e+09 3.268e+07
0.065 3.2123e+09 3.2267e+07
0.066 3.1771e+09 3.1862e+07
0.067 3.0954e+09 3.1465e+07
0.068 3.019e+09 3.1076e+07
0.069 2.9794e+09 3.0694e+07
0.07 2.9865e+09 3.0319e+07
0.071 2.8874e+09 2.9951e+07
0.072 2.8657e+09 2.9591e+07
0.073 2.7862e+09 2.9237e+07
0.074 2.6743e+09 2.8889e+07
0.075 2.6373e+09 2.8548e+07
0.076 2.634e+09 2.8214e+07
0.077 2.5701e+09 2.7885e+07
0.078 2.5376e+09 2.7563e+07
0.079 2.5074e+09 2.7247e+07
0.08 2.3881e+09 2.6936e+07
0.081 2.3757e+09 2.6631e+07
0.082 2.2928e+09 2.6332e+07
0.083 2.3311e+09 2.6039e+07
0.084 2.2862e+09 2.5751e+07
0.085 2.2454e+09 2.5468e+07
0.086 2.1317e+09 2.5191e+07
0.087 2.115e+09 2.4918e+07
0.088 2.0473e+09 2.4651e+07
0.089 2.0116e+09 2.4389e+07
0.09 2.0091e+09 2.4131e+07
0.091 1.9201e+09 2.3879e+07
0.092 1.9397e+09 2.3631e+07
0.093 1.8895e+09 2.3388e+07
0.094 1.8454e+09 2.315e+07
0.095 1.7869e+09 2.2916e+07
0.096 1.7295e+09 2.2687e+07
0.097 1.7416e+09 2.2462e+07
0.098 1.7145e+09 2.2241e+07
0.099 1.6101e+09 2.2025e+07
0.1 1.6263e+09 2.1812e+07
0.101 1.5608e+09 2.1604e+07
0.102 1.5187e+09 2.14e+07
0.103 1.5015e+09 2.12e+07
0.104 1.4336e+09 2.1004e+07
0.105 1.4291e+09 2.0811e+07
0.106 1.3939e+09 2.0623e+07
0.107 1.3907e+09 2.0438e+07
0.108 1.3451e+09 2.0257e+07
0.109 1.3332e+09 2.0079e+07
0.11 1.2646e+09 1.9905e+07
0.111 1.2762e+09 1.9734e+07
0.112 1.2347e+09 1.9567e+07
0.113 1.1963e+09 1.9403e+07
0.114 1.1186e+09 1.9242e+07
0.115 1.1549e+09 1.9085e+07
0.116 1.1284e+09 1.893e+07
0.117 1.0812e+09 1.8779e+07
0.118 1.0596e+09 1.8631e+07
0.119 1.0401e+09 1.8485e+07
0.12 1.0222e+09 1.8343e+07
0.121 1.0091e+09 1.8203e+07
0.122 9.6482e+08 1.8066e+07
0.123 9.621e+08 1.7932e+07
0.124 9.4349e+08 1.7801e+07
0.125 9.2522e+08 1.7672e+07
0.126 9.0311e+08 1.7546e+07
0.127 8.8142e+08 1.7422e+07
0.128 8.6466e+08 1.73e+07
0.129 8.2582e+08 1.7181e+07
0.13 8.4589e+08 1.7064e+07
0.131 8.1038e+08 1.695e+07
0.132 7.7701e+08 1.6837e+07
0.133 8.1174e+08 1.6727e+07
0.134 7.6703e+08 1.6619e+07
0.135 7.4804e+08 1.6513e+07
0.136 7.5307e+08 1.6409e+07
0.137 6.9163e+08 1.6306e+07
0.138 7.0521e+08 1.6206e+07
0.139 6.7241e+08 1.6108e+07
0.14 6.6133e+08 1.6011e+07
0.141 6.4918e+08 1.5916e+07
0.142 6.2955e+08 1.5823e+07
0.143 6.3825e+08 1.5731e+07
0.144 6.0687e+08 1.5641e+07
0.145 5.9699e+08 1.5553e+07
0.146 6.0512e+08 1.5466e+07
0.147 6.2048e+08 1.538e+07
0.148 5.1824e+08 1.5296e+07
0.149 5.5477e+08 1.5214e+07
0.15 5.324e+08 1.5132e+07
0.151 5.3137e+08 1.5053e+07
0.152 5.5307e+08 1.4974e+07
0.153 5.1304e+08 1.4897e+07
0.154 5.3606e+08 1.482e+07
0.155 4.9384e+08 1.4745e+07
0.156 4.817e+08 1.4672e+07
0.157 4.6535e+08 1.4599e+07
0.158 4.6898e+08 1.4527e+07
0.159 4.6008e+08 1.4457e+07
0.16 4.6125e+08 1.4387e+07
0.161 4.4463e+08 1.4319e+07
0.162 4.1948e+08 1.4251e+07
0.163 4.302e+08 1.4185e+07
0.164 3.8589e+08 1.4119e+07
0.165 4.3844e+08 1.4055e+07
0.166 4.1412e+08 1.3991e+07
0.167 3.7689e+08 1.3928e+07
0.168 3.9767e+08 1.3866e+07
0.169 3.7658e+08 1.3804e+07
0.17 3.8815e+08 1.3744e+07
0.171 3.625e+08 1.3684e+07
0.172 3.5959e+08 1.3625e+07
0.173 3.6123e+08 1.3567e+07
0.174 3.2985e+08 1.351e+07
0.175 3.3897e+08 1.3453e+07
0.176 3.1134e+08 1.3397e+07
0.177 3.1414e+08 1.3341e+07
0.178 3.142e+08 1.3287e+07
0.179 3.222e+08 1.3233e+07
0.18 2.9854e+08 1.3179e+07
0.181 2.9094e+08 1.3127e+07
0.182 2.6542e+08 1.3074e+07
0.183 2.7541e+08 1.3023e+07
0.184 2.8807e+08 1.2972e+07
0.185 2.8127e+08 1.2922e+07
0.186 2.5359e+08 1.2872e+07
0.187 2.6038e+08 1.2823e+07
0.188 2.4087e+08 1.2774e+07
0.189 2.668e+08 1.2726e+07
0.19 2.5766e+08 1.2678e+07
0.191 2.2761e+08 1.2631e+07
0.192 2.3518e+08 1.2585e+07
0.193 2.2628e+08 1.2539e+07
0.194 2.2493e+08 1.2494e+07
0.195 2.1356e+08 1.2449e+07
0.196 1.8833e+08 1.2404e+07
0.197 1.8444e+08 1.236e+07
0.198 2.2086e+08 1.2317e+07
0.199 2.1004e+08 1.2274e+07
0.2 1.9466e+08 1.2231e+07
0.201 1.7729e+08 1.2189e+07
0.202 1.8108e+08 1.2148e+07
0.203 1.9045e+08 1.2107e+07
0.204 1.5643e+08 1.2066e+07
0.205 1.7013e+08 1.2026e+07
0.206 1.7107e+08 1.1986e+07
0.207 1.7017e+08 1.1946e+07
0.208 1.5627e+08 1.1908e+07
0.209 1.7257e+08 1.1869e+07
0.21 1.5552e+08 1.1831e+07
0.211 1.5171e+08 1.1793e+07
0.212 1.6286e+08 1.1756e+07
0.213 1.4763e+08 1.1719e+07
0.214 1.2128e+08 1.1683e+07
0.215 1.2319e+08 1.1647e+07
0.216 1.3686e+08 1.1611e+07
0.217 1.2825e+08 1.1576e+07
0.218 1.2111e+08 1.1541e+07
0.219 1.3543e+08 1.1507e+07
0.22 1.1871e+08 1.1473e+07
0.221 9.5209e+07 1.1439e+07
0.222 1.2732e+08 1.1406e+07
0.223 1.3285e+08 1.1373e+07
0.224 1.2426e+08 1.134e+07
0.225 1.0469e+08 1.1308e+07
0.226 1.0111e+08 1.1276e+07
0.227 8.2569e+07 1.1245e+07
0.228 1.0693e+08 1.1214e+07
0.229 1.0313e+08 1.1183e+07
0.23 9.9025e+07 1.1152e+07
0.231 7.976e+07 1.1122e+07
0.232 7.5842e+07 1.1092e+07
0.233 7.9426e+07 1.1063e+07
0.234 8.3314e+07 1.1034e+07
0.235 9.938e+07 1.1005e+07
0.236 8.5797e+07 1.0976e+07
0.237 7.0066e+07 1.0948e+07
0.238 7.14e+07 1.092e+07
0.239 6.3879e+07 1.0893e+07
0.24 7.1952e+07 1.0865e+07
0.241 6.2621e+07 1.0838e+07
0.242 5.2711e+07 1.0812e+07
0.243 4.9998e+07 1.0785e+07
0.244 4.4578e+07 1.0759e+07
0.245 4.778e+07 1.0733e+07
0.246 5.5755e+07 1.0708e+07
0.247 5.1931e+07 1.0682e+07
0.248 3.7342e+07 1.0657e+07
0.249 7.0372e+07 1.0632e+07
0.25 7.1036e+07 1.0608e+07
0.251 6.3468e+07 1.0584e+07
0.252 5.4038e+07 1.056e+07
0.253 5.7643e+07 1.0536e+07
0.254 5.2273e+07 1.0512e+07
0.255 5.7008e+07 1.0489e+07
0.256 4.6232e+07 1.0466e+07
0.257 6.5674e+07 1.0443e+07
0.258 4.6432e+07 1.042e+07
0.259 4.0461e+07 1.0398e+07
0.26 3.6684e+07 1.0376e+07
0.261 4.6295e+07 1.0354e+07
0.262 3.5088e+07 1.0332e+07
0.263 2.4125e+07 1.0311e+07
0.264 5.5163e+07 1.0289e+07
0.265 3.6413e+07 1.0268e+07
0.266 5.0319e+07 1.0247e+07
0.267 3.7806e+07 1.0226e+07
0.268 4.9806e+07 1.0206e+07
0.269 2.8071e+07 1.0185e+07
0.27 3.5795e+07 1.0165e+07
0.271 2.7738e+07 1.0145e+07
0.272 3.2497e+07 1.0125e+07
0.273 3.0067e+07 1.0106e+07
0.274 3.4572e+07 1.0086e+07
0.275 3.7412e+07 1.0067e+07
0.276 1.6519e+07 1.0048e+07
0.277 3.3733e+07 1.0029e+07
0.278 2.6472e+07 1.001e+07
0.279 3.2606e+07 9.9914e+06
0.28 8.9878e+06 9.9728e+06
0.281 1.798e+07 9.9545e+06
0.282 3.4487e+07 9.9362e+06
0.283 2.2372e+07 9.9182e+06
0.284 2.5398e+07 9.9002e+06
0.285 4.8083e+07 9.8824e+06
0.286 4.9005e+07 9.8648e+06
0.287 5.1109e+06 9.8473e+06
0.288 1.2325e+07 9.8299e+06
0.289 1.1834e+07 9.8126e+06
0.29 2.2462e+07 9.7955e+06
0.291 2.6817e+07 9.7784e+06
0.292 2.5034e+07 9.7615e+06
0.293 2.9461e+07 9.7448e+06
0.294 2.8692e+07 9.7281e+06
0.295 4.0675e+07 9.7116e+06
0.296 1.6192e+07 9.6951e+06
0.297 2.9375e+07 9.6788e+06
0.298 8.8964e+06 9.6626e+06
0.299 1.4676e+07 9.6465e+06
0.3 3.5081e+07 9.6305e+06
0.301 2.7299e+07 9.6146e+06
0.302 2.5396e+07 9.5988e+06
0.303 2.729e+07 9.5831e+06
0.304 2.8465e+07 9.5675e+06
0.305 2.1305e+07 9.552e+06
0.306 1.0835e+07 9.5366e+06
0.307 2.6073e+07 9.5213e+06
0.308 2.3928e+07 9.5061e+06
0.309 9.5988e+06 9.4909e+06
0.31 2.0129e+07 9.4759e+06
0.311 3.6787e+07 9.4609e+06
0.312 3.4412e+07 9.446e+06
0.313 1.959e+07 9.4312e+06
0.314 3.227e+07 9.4165e+06
0.315 5.1616e+07 9.4018e+06
0.316 8.5158e+06 9.3872e+06
0.317 4.004e+07 9.3728e+06
0.318 4.0053e+07 9.3583e+06
0.319 2.8693e+07 9.344e+06
0.32 3.7605e+07 9.3297e+06
0.321 2.8615e+07 9.3155e+06
0.322 1.4742e+07 9.3014e+06
0.323 4.7563e+07 9.2873e+06
0.324 4.0425e+07 9.2733e+06
0.325 3.1324e+07 9.2594e+06
0.326 2.2445e+07 9.2455e+06
0.327 2.8646e+07 9.2317e+06
0.328 2.3129e+07 9.2179e+06
0.329 3.2455e+07 9.2043e+06
0.33 3.0267e+07 9.1906e+06
0.331 2.0979e+07 9.1771e+06
0.332 5.1307e+07 9.1636e+06
0.333 3.0074e+07 9.1501e+06
0.334 3.9403e+07 9.1367e+06
0.335 2.076e+07 9.1234e+06
0.336 2.4119e+07 9.1101e+06
0.337 2.7876e+07 9.0969e+06
0.338 2.9449e+07 9.0837e+06
0.339 3.2599e+07 9.0706e+06
0.34 3.0244e+07 9.0576e+06
0.341 3.4686e+07 9.0446e+06
0.342 2.3586e+07 9.0316e+06
0.343 3.0509e+07 9.0187e+06
0.344 3.1298e+07 9.0058e+06
0.345 3.5032e+07 8.993e+06
0.346 4.4958e+07 8.9803e+06
0.347 3.2601e+07 8.9676e+06
0.348 4.1312e+07 8.9549e+06
0.349 2.9919e+07 8.9423e+06
0.35 3.1568e+07 8.9297e+06
0.351 4.0925e+07 8.9172e+06
0.352 2.7344e+07 8.9047e+06
0.353 4.069e+07 8.8923e+06
0.354 2.05e+07 8.8799e+06
0.355 3.7698e+07 8.8676e+06
0.356 4.4847e+07 8.8553e+06
0.357 4.6457e+07 8.8431e+06
0.358 3.5011e+07 8.8309e+06
0.359 4.487e+07 8.8187e+06
0.36 3.1455e+07 8.8066e+06
0.361 3.2409e+07 8.7945e+06
0.362 4.8688e+07 8.7825e+06
0.363 3.8609e+07 8.7705e+06
0.364 4.2412e+07 8.7586e+06
0.365 4.7114e+07 8.7467e+06
0.366 4.4909e+07 8.7348e+06
0.367 3.6933e+07 8.723e+06
0.368 4.3619e+07 8.7112e+06
0.369 1.5773e+07 8.6995e+06
0.37 4.255e+07 8.6878e+06
0.371 3.9936e+07 8.6762e+06
0.372 3.88e+07 8.6646e+06
0.373 2.9193e+07 8.653e+06
0.374 4.1301e+07 8.6415e+06
0.375 4.0773e+07 8.63e+06
0.376 3.4847e+07 8.6186e+06
0.377 3.744e+07 8.6072e+06
0.378 2.0402e+07 8.5958e+06
0.379 4.9735e+07 8.5845e+06
0.38 3.147e+07 8.5732e+06
0.381 3.3417e+07 8.562e+06
0.382 4.3017e+07 8.5508e+06
0.383 3.0475e+07 8.5396e+06
0.384 2.1517e+07 8.5285e+06
0.385 4.7904e+07 8.5174e+06
0.386 3.4936e+07 8.5064e+06
0.387 4.1223e+07 8.4954e+06
0.388 5.1115e+07 8.4844e+06
0.389 2.5089e+07 8.4735e+06
0.39 1.8717e+07 8.4626e+06
0.391 4.8574e+07 8.4517e+06
0.392 3.0779e+07 8.4409e+06
0.393 2.8959e+07 8.4302e+06
0.394 2.4823e+07 8.4194e+06
0.395 3.2157e+07 8.4088e+06
0.396 2.9479e+07 8.3981e+06
0.397 2.0397e+07 8.3875e+06
0.398 4.4648e+07 8.3769e+06
0.399 2.8547e+07 8.3664e+06
0.4 3.2634e+07 8.3559e+06
0.401 3.3735e+07 8.3454e+06
0.402 2.3468e+07 8.335e+06
0.403 2.6549e+07 8.3246e+06
0.404 2.7965e+07 8.3142e+06
0.405 2.7624e+07 8.3039e+06
0.406 5.0305e+07 8.2936e+06
0.407 4.0897e+07 8.2834e+06
0.408 3.0748e+07 8.2732e+06
0.409 3.9217e+07 8.263e+06
0.41 3.3084e+07 8.2529e+06
0.411 3.8783e+07 8.2428e+06
0.412 4.1948e+07 8.2327e+06
0.413 3.7185e+07 8.2227e+06
0.414 3.9062e+07 8.2127e+06
0.415 3.9361e+07 8.2027e+06
0.416 3.3412e+07 8.1928e+06
0.417 3.5466e+07 8.1829e+06
0.418 3.1594e+07 8.173e+06
0.419 4.2926e+07 8.1632e+06
0.42 2.2675e+07 8.1534e+06
0.421 2.2483e+07 8.1437e+06
0.422 7.8745e+06 8.134e+06
0.423 3.3535e+07 8.1243e+06
0.424 4.3976e+07 8.1146e+06
0.425 2.9896e+07 8.105e+06
0.426 3.5436e+07 8.0954e+06
0.427 2.8964e+07 8.0858e+06
0.428 1.4221e+07 8.0763e+06
0.429 3.6348e+07 8.0668e+06
0.43 3.1479e+07 8.0574e+06
0.431 4.6602e+07 8.0479e+06
0.432 4.0895e+07 8.0385e+06
0.433 3.671e+07 8.0292e+06
0.434 4.4812e+07 8.0198e+06
0.435 4.373e+07 8.0105e+06
0.436 2.4536e+07 8.0013e+06
0.437 2.5401e+07 7.992e+06
0.438 3.8585e+07 7.9828e+06
0.439 2.7715e+07 7.9736e+06
0.44 3.417e+07 7.9645e+06
0.441 2.5902e+07 7.9553e+06
0.442 2.8752e+07 7.9462e+06
0.443 3.6104e+07 7.9372e+06
0.444 3.8039e+07 7.9281e+06
0.445 2.4635e+07 7.9191e+06
0.446 3.2301e+07 7.9102e+06
0.447 3.4462e+07 7.9012e+06
0.448 4.3684e+07 7.8923e+06
0.449 4.0119e+07 7.8834e+06
0.45 2.8365e+07 7.8746e+06
0.451 3.7259e+07 7.8657e+06
0.452 3.069e+07 7.8569e+06
0.453 3.3428e+07 7.8481e+06
0.454 4.0806e+07 7.8394e+06
0.455 4.0181e+07 7.8307e+06
0.456 2.825e+07 7.822e+06
0.457 3.1654e+07 7.8133e+06
0.458 3.2745e+07 7.8047e+06
0.459 2.2172e+07 7.7961e+06
0.46 2.0172e+07 7.7875e+06
0.461 1.6394e+07 7.7789e+06
0.462 4.365e+07 7.7704e+06
0.463 2.8413e+07 7.7619e+06
0.464 4.3045e+07 7.7534e+06
0.465 3.6327e+07 7.745e+06
0.466 3.2071e+07 7.7366e+06
0.467 2.4215e+07 7.7282e+06
0.468 1.796e+07 7.7198e+06
0.469 4.1364e+07 7.7115e+06
0.47 2.4928e+07 7.7032e+06
0.471 4.12e+07 7.6949e+06
0.472 2.0962e+07 7.6866e+06
0.473 3.4805e+07 7.6784e+06
0.474 2.3799e+07 7.6702e+06
0.475 2.6263e+07 7.662e+06
0.476 4.2502e+07 7.6538e+06
0.477 3.5223e+07 7.6457e+06
0.478 3.9238e+07 7.6376e+06
0.479 2.5231e+07 7.6295e+06
0.48 2.2886e+07 7.6214e+06
0.481 2.6398e+07 7.6134e+06
0.482 1.8365e+07 7.6054e+06
0.483 1.7086e+07 7.5974e+06
0.484 3.9709e+07 7.5895e+06
0.485 2.3892e+07 7.5815e+06
0.486 2.8511e+07 7.5736e+06
0.487 3.4467e+07 7.5657e+06
0.488 2.2758e+07 7.5579e+06
0.489 2.5222e+07 7.5501e+06
0.49 3.613e+07 7.5422e+06
0.491 2.846e+07 7.5345e+06
0.492 2.2067e+07 7.5267e+06
0.493 2.9255e+07 7.519e+06
0.494 1.8506e+07 7.5113e+06
0.495 2.3004e+07 7.5036e+06
0.496 2.1344e+07 7.4959e+06
0.497 1.7672e+07 7.4883e+06
0.498 2.5981e+07 7.4807e+06
0.499 3.3292e+07 7.4731e+06
0.5 4.1855e+07 7.4655e+06
