0.001 8.9118e+08 1.7824e+07
0.002 9.6834e+08 1.9367e+07
0.003 8.9484e+08 1.7897e+07
0.004 8.7375e+08 1.7475e+07
0.005 8.9018e+08 1.7804e+07
0.006 8.7283e+08 1.7457e+07
0.007 9.0093e+08 1.8019e+07
0.008 9.0091e+08 1.8018e+07
0.009 9.3336e+08 1.8667e+07
0.01 9.0034e+08 1.8007e+07
0.011 8.9818e+08 1.7964e+07
0.012 8.905e+08 1.781e+07
0.013 9.1979e+08 1.8396e+07
0.014 8.963e+08 1.7926e+07
0.015 9.0851e+08 1.817e+07
0.016 9.0665e+08 1.8133e+07
0.017 8.4707e+08 1.6941e+07
0.018 8.7203e+08 1.7441e+07
0.019 8.4681e+08 1.6936e+07
0.02 8.8424e+08 1.7685e+07
0.021 8.7055e+08 1.7411e+07
0.022 8.7896e+08 1.7579e+07
0.023 8.547e+08 1.7094e+07
0.024 8.5865e+08 1.7173e+07
0.025 8.7959e+08 1.7592e+07
0.026 8.8483e+08 1.7697e+07
0.027 8.6263e+08 1.7253e+07
0.028 8.1559e+08 1.6312e+07
0.029 8.4696e+08 1.6939e+07
0.03 8.6689e+08 1.7338e+07
0.031 8.4004e+08 1.6801e+07
0.032 8.48e+08 1.696e+07
0.033 8.4642e+08 1.6928e+07
0.034 8.3171e+08 1.6634e+07
0.035 8.3227e+08 1.6645e+07
0.036 8.1738e+08 1.6348e+07
0.037 8.3598e+08 1.672e+07
0.038 8.3496e+08 1.6699e+07
0.039 8.2148e+08 1.643e+07
0.04 8.0999e+08 1.62e+07
0.041 8.0476e+08 1.6095e+07
0.042 8.1069e+08 1.6214e+07
0.043 7.9312e+08 1.5862e+07
0.044 7.9017e+08 1.5803e+07
0.045 7.96e+08 1.592e+07
0.046 7.8455e+08 1.5691e+07
0.047 7.7001e+08 1.54e+07
0.048 7.7362e+08 1.5472e+07
0.049 7.6964e+08 1.5393e+07
0.05 7.8217e+08 1.5643e+07
0.051 7.6414e+08 1.5283e+07
0.052 7.4716e+08 1.4943e+07
0.053 7.5203e+08 1.5041e+07
0.054 7.3772e+08 1.4754e+07
0.055 7.3939e+08 1.4788e+07
0.056 7.249e+08 1.4498e+07
0.057 7.1512e+08 1.4302e+07
0.058 7.2765e+08 1.4553e+07
0.059 7.1257e+08 1.4251e+07
0.06 7.1794e+08 1.4359e+07
0.061 7.0391e+08 1.4078e+07
0.062 6.9909e+08 1.3982e+07
0.063 6.973e+08 1.3946e+07
0.064 6.8809e+08 1.3762e+07
0.065 6.8624e+08 1.3725e+07
0.066 6.7789e+08 1.3558e+07
0.067 6.6113e+08 1.3223e+07
0.068 6.6609e+08 1.3322e+07
0.069 6.6677e+08 1.3335e+07
0.07 6.3835e+08 1.2767e+07
0.071 6.4688e+08 1.2938e+07
0.072 6.2963e+08 1.2593e+07
0.073 6.2873e+08 1.2575e+07
0.074 6.2785e+08 1.2557e+07
0.075 6.218e+08 1.2436e+07
0.076 6.1898e+08 1.238e+07
0.077 6.0571e+08 1.2114e+07
0.078 5.9979e+08 1.1996e+07
0.079 5.8586e+08 1.1717e+07
0.08 5.7121e+08 1.1424e+07
0.081 5.6765e+08 1.1353e+07
0.082 5.6906e+08 1.1381e+07
0.083 5.597e+08 1.1194e+07
0.084 5.569e+08 1.1138e+07
0.085 5.5488e+08 1.1098e+07
0.086 5.4115e+08 1.0823e+07
0.087 5.3664e+08 1.0733e+07
0.088 5.376e+08 1.0752e+07
0.089 5.3515e+08 1.0703e+07
0.09 5.2287e+08 1.0457e+07
0.091 5.0785e+08 1.0157e+07
0.092 5.0712e+08 1.0142e+07
0.093 4.9619e+08 9.9237e+06
0.094 4.9424e+08 9.8849e+06
0.095 4.7646e+08 9.5292e+06
0.096 4.7651e+08 9.5303e+06
0.097 4.7083e+08 9.4166e+06
0.098 4.6237e+08 9.2475e+06
0.099 4.6558e+08 9.3116e+06
0.1 4.5209e+08 9.0419e+06
0.101 4.416e+08 8.8319e+06
0.102 4.4128e+08 8.8255e+06
0.103 4.3497e+08 8.6993e+06
0.104 4.3418e+08 8.6836e+06
0.105 4.1923e+08 8.3846e+06
0.106 4.2379e+08 8.4757e+06
0.107 4.1361e+08 8.2721e+06
0.108 4.0617e+08 8.1233e+06
0.109 4.1201e+08 8.2403e+06
0.11 4.0473e+08 8.0947e+06
0.111 3.9237e+08 7.8474e+06
0.112 3.8269e+08 7.6538e+06
0.113 3.7461e+08 7.4921e+06
0.114 3.6786e+08 7.3572e+06
0.115 3.6286e+08 7.2571e+06
0.116 3.5617e+08 7.1234e+06
0.117 3.5563e+08 7.1127e+06
0.118 3.4616e+08 6.9231e+06
0.119 3.3769e+08 6.7538e+06
0.12 3.3323e+08 6.6646e+06
0.121 3.344e+08 6.6879e+06
0.122 3.2603e+08 6.5206e+06
0.123 3.2548e+08 6.5096e+06
0.124 3.1471e+08 6.2942e+06
0.125 3.0849e+08 6.1698e+06
0.126 2.9749e+08 5.9499e+06
0.127 2.9817e+08 5.9634e+06
0.128 2.9466e+08 5.8933e+06
0.129 2.9142e+08 5.8284e+06
0.13 2.8287e+08 5.6575e+06
0.131 2.8221e+08 5.6441e+06
0.132 2.7265e+08 5.4531e+06
0.133 2.694e+08 5.3881e+06
0.134 2.6359e+08 5.2717e+06
0.135 2.5631e+08 5.1262e+06
0.136 2.58e+08 5.16e+06
0.137 2.4783e+08 4.9566e+06
0.138 2.4756e+08 4.9513e+06
0.139 2.4406e+08 4.8813e+06
0.14 2.348e+08 4.6961e+06
0.141 2.3333e+08 4.6665e+06
0.142 2.2502e+08 4.5005e+06
0.143 2.3226e+08 4.6452e+06
0.144 2.13e+08 4.26e+06
0.145 2.1679e+08 4.3359e+06
0.146 2.0811e+08 4.1622e+06
0.147 2.0579e+08 4.1157e+06
0.148 1.9859e+08 3.9718e+06
0.149 2.0205e+08 4.041e+06
0.15 1.9624e+08 3.9247e+06
0.151 1.9492e+08 3.8984e+06
0.152 1.8421e+08 3.6842e+06
0.153 1.8506e+08 3.7011e+06
0.154 1.7742e+08 3.5485e+06
0.155 1.8065e+08 3.6129e+06
0.156 1.7522e+08 3.5044e+06
0.157 1.672e+08 3.3441e+06
0.158 1.7397e+08 3.4794e+06
0.159 1.6365e+08 3.2729e+06
0.16 1.6214e+08 3.2429e+06
0.161 1.5465e+08 3.0929e+06
0.162 1.4612e+08 2.9224e+06
0.163 1.4689e+08 2.9377e+06
0.164 1.4308e+08 2.8615e+06
0.165 1.4319e+08 2.8637e+06
0.166 1.3976e+08 2.7952e+06
0.167 1.4137e+08 2.8274e+06
0.168 1.339e+08 2.6779e+06
0.169 1.3353e+08 2.6706e+06
0.17 1.2893e+08 2.5786e+06
0.171 1.2405e+08 2.481e+06
0.172 1.2243e+08 2.4485e+06
0.173 1.2314e+08 2.4628e+06
0.174 1.1906e+08 2.3812e+06
0.175 1.1319e+08 2.2638e+06
0.176 1.1388e+08 2.2776e+06
0.177 1.0969e+08 2.1939e+06
0.178 1.0761e+08 2.1521e+06
0.179 1.1012e+08 2.2024e+06
0.18 1.0423e+08 2.0846e+06
0.181 1.0424e+08 2.0848e+06
0.182 9.737e+07 1.9474e+06
0.183 1.0139e+08 2.0278e+06
0.184 9.7991e+07 1.9598e+06
0.185 9.1082e+07 1.8216e+06
0.186 9.5413e+07 1.9083e+06
0.187 8.9081e+07 1.7816e+06
0.188 8.5214e+07 1.7043e+06
0.189 8.8998e+07 1.78e+06
0.19 8.2961e+07 1.6592e+06
0.191 8.0875e+07 1.6175e+06
0.192 7.6521e+07 1.5304e+06
0.193 7.2483e+07 1.4497e+06
0.194 7.2151e+07 1.443e+06
0.195 7.5559e+07 1.5112e+06
0.196 7.3589e+07 1.4718e+06
0.197 6.8083e+07 1.3617e+06
0.198 7.4155e+07 1.4831e+06
0.199 6.9826e+07 1.3965e+06
0.2 6.4968e+07 1.2994e+06
0.201 6.5104e+07 1.3021e+06
0.202 6.5228e+07 1.3046e+06
0.203 6.5543e+07 1.3109e+06
0.204 6.2315e+07 1.2463e+06
0.205 5.7723e+07 1.1545e+06
0.206 6.4406e+07 1.2881e+06
0.207 5.9569e+07 1.1914e+06
0.208 6.1493e+07 1.2299e+06
0.209 5.6646e+07 1.1329e+06
0.21 5.1344e+07 1.0269e+06
0.211 5.8225e+07 1.1645e+06
0.212 5.1937e+07 1.0387e+06
0.213 5.1421e+07 1.0284e+06
0.214 4.7478e+07 9.4956e+05
0.215 4.8508e+07 9.7016e+05
0.216 4.7406e+07 9.4812e+05
0.217 4.5082e+07 9.0163e+05
0.218 5.2146e+07 1.0429e+06
0.219 4.5999e+07 9.1998e+05
0.22 4.2983e+07 8.5966e+05
0.221 4.3188e+07 8.6376e+05
0.222 4.3915e+07 8.7831e+05
0.223 4.1876e+07 8.3752e+05
0.224 3.6028e+07 7.2055e+05
0.225 3.9318e+07 7.8637e+05
0.226 3.9795e+07 7.9591e+05
0.227 3.3502e+07 6.7005e+05
0.228 3.6119e+07 7.2239e+05
0.229 3.0511e+07 6.1023e+05
0.23 3.5453e+07 7.0907e+05
0.231 3.054e+07 6.1081e+05
0.232 3.053e+07 6.106e+05
0.233 3.1626e+07 6.3253e+05
0.234 2.6607e+07 5.3213e+05
0.235 3.4111e+07 6.8222e+05
0.236 2.6324e+07 5.2648e+05
0.237 3.1036e+07 6.2071e+05
0.238 2.8194e+07 5.6389e+05
0.239 2.7944e+07 5.5887e+05
0.24 2.9032e+07 5.8064e+05
0.241 3.0819e+07 6.1639e+05
0.242 2.7447e+07 5.4893e+05
0.243 2.4624e+07 4.9248e+05
0.244 2.8764e+07 5.7527e+05
0.245 2.2471e+07 4.4942e+05
0.246 2.4877e+07 4.9754e+05
0.247 1.805e+07 3.6099e+05
0.248 2.7245e+07 5.449e+05
0.249 2.2436e+07 4.4872e+05
0.25 2.107e+07 4.2141e+05
0.251 2.2445e+07 4.4889e+05
0.252 2.0479e+07 4.0958e+05
0.253 2.4179e+07 4.8357e+05
0.254 1.9612e+07 3.9225e+05
0.255 2.0302e+07 4.0603e+05
0.256 2.2792e+07 4.5584e+05
0.257 1.8359e+07 3.6719e+05
0.258 2.1681e+07 4.3362e+05
0.259 1.8561e+07 3.7122e+05
0.26 1.7327e+07 3.4655e+05
0.261 1.9906e+07 3.9813e+05
0.262 1.4864e+07 2.9728e+05
0.263 1.4742e+07 2.9483e+05
0.264 1.7685e+07 3.537e+05
0.265 1.7261e+07 3.4522e+05
0.266 1.6416e+07 3.2831e+05
0.267 1.5736e+07 3.1471e+05
0.268 1.3141e+07 2.6282e+05
0.269 1.4869e+07 2.9737e+05
0.27 1.4195e+07 2.8391e+05
0.271 1.4609e+07 2.9219e+05
0.272 1.3794e+07 2.7589e+05
0.273 1.0333e+07 2.0666e+05
0.274 1.1472e+07 2.2943e+05
0.275 9.7459e+06 1.9492e+05
0.276 9.4306e+06 1.8861e+05
0.277 1.3895e+07 2.7791e+05
0.278 1.5754e+07 3.1509e+05
0.279 8.6279e+06 1.7256e+05
0.28 1.2058e+07 2.4116e+05
0.281 1.2698e+07 2.5395e+05
0.282 6.6407e+06 1.3281e+05
0.283 1.1628e+07 2.3257e+05
0.284 1.2639e+07 2.5277e+05
0.285 1.2682e+07 2.5364e+05
0.286 9.9524e+06 1.9905e+05
0.287 1.1529e+07 2.3057e+05
0.288 1.2349e+07 2.4698e+05
0.289 9.8688e+06 1.9738e+05
0.29 8.4253e+06 1.6851e+05
0.291 1.1798e+07 2.3597e+05
0.292 1.3757e+07 2.7513e+05
0.293 1.254e+07 2.508e+05
0.294 1.1623e+07 2.3246e+05
0.295 9.9507e+06 1.9901e+05
0.296 6.7939e+06 1.3588e+05
0.297 8.9125e+06 1.7825e+05
0.298 6.9039e+06 1.3808e+05
0.299 7.5018e+06 1.5004e+05
0.3 1.2356e+07 2.4712e+05
0.301 1.287e+07 2.5739e+05
0.302 7.3153e+06 1.4631e+05
0.303 1.0037e+07 2.0073e+05
0.304 6.3217e+06 1.2643e+05
0.305 1.1292e+07 2.2584e+05
0.306 7.7012e+06 1.5402e+05
0.307 1.2619e+07 2.5239e+05
0.308 1.0377e+07 2.0754e+05
0.309 9.0746e+06 1.8149e+05
0.31 2.8898e+06 57795
0.311 1.3236e+07 2.6471e+05
0.312 9.754e+06 1.9508e+05
0.313 9.7286e+06 1.9457e+05
0.314 8.4896e+06 1.6979e+05
0.315 9.9387e+06 1.9877e+05
0.316 4.1042e+06 82084
0.317 7.0159e+06 1.4032e+05
0.318 6.8459e+06 1.3692e+05
0.319 8.9399e+06 1.788e+05
0.32 6.4338e+06 1.2868e+05
0.321 6.877e+06 1.3754e+05
0.322 5.2214e+06 1.0443e+05
0.323 1.0885e+07 2.1771e+05
0.324 5.1441e+06 1.0288e+05
0.325 9.9836e+06 1.9967e+05
0.326 7.2546e+06 1.4509e+05
0.327 7.0568e+06 1.4114e+05
0.328 9.3579e+06 1.8716e+05
0.329 8.173e+06 1.6346e+05
0.33 7.1671e+06 1.4334e+05
0.331 7.5674e+06 1.5135e+05
0.332 8.3162e+06 1.6632e+05
0.333 1.3919e+07 2.7838e+05
0.334 8.474e+06 1.6948e+05
0.335 7.7125e+06 1.5425e+05
0.336 1.0017e+07 2.0033e+05
0.337 4.1899e+06 83798
0.338 1.1623e+07 2.3246e+05
0.339 6.7922e+06 1.3584e+05
0.34 1.1338e+07 2.2677e+05
0.341 7.7899e+06 1.558e+05
0.342 1.1493e+07 2.2986e+05
0.343 1.0064e+07 2.0128e+05
0.344 7.8511e+06 1.5702e+05
0.345 1.0714e+07 2.1428e+05
0.346 1.1387e+07 2.2774e+05
0.347 1.1076e+07 2.2151e+05
0.348 8.4976e+06 1.6995e+05
0.349 1.1247e+07 2.2495e+05
0.35 8.6666e+06 1.7333e+05
0.351 7.4264e+06 1.4853e+05
0.352 8.4308e+06 1.6862e+05
0.353 8.063e+06 1.6126e+05
0.354 6.5451e+06 1.309e+05
0.355 7.7492e+06 1.5498e+05
0.356 1.5326e+07 3.0652e+05
0.357 1.202e+07 2.404e+05
0.358 6.3196e+06 1.2639e+05
0.359 1.0523e+07 2.1046e+05
0.36 9.4833e+06 1.8967e+05
0.361 9.0367e+06 1.8073e+05
0.362 8.946e+06 1.7892e+05
0.363 8.6814e+06 1.7363e+05
0.364 1.3526e+07 2.7052e+05
0.365 1.3948e+07 2.7896e+05
0.366 8.6861e+06 1.7372e+05
0.367 9.3587e+06 1.8717e+05
0.368 9.8287e+06 1.9657e+05
0.369 7.4192e+06 1.4838e+05
0.37 1.2659e+07 2.5318e+05
0.371 1.5232e+07 3.0464e+05
0.372 8.3629e+06 1.6726e+05
0.373 9.4641e+06 1.8928e+05
0.374 1.0075e+07 2.0151e+05
0.375 1.1541e+07 2.3082e+05
0.376 1.1483e+07 2.2965e+05
0.377 1.2711e+07 2.5422e+05
0.378 1.2372e+07 2.4744e+05
0.379 1.4805e+07 2.961e+05
0.38 1.3722e+07 2.7443e+05
0.381 1.3623e+07 2.7245e+05
0.382 1.1529e+07 2.3057e+05
0.383 8.6383e+06 1.7277e+05
0.384 1.5278e+07 3.0557e+05
0.385 1.3739e+07 2.7479e+05
0.386 1.0782e+07 2.1565e+05
0.387 1.2454e+07 2.4908e+05
0.388 1.2257e+07 2.4513e+05
0.389 1.4355e+07 2.871e+05
0.39 1.2371e+07 2.4743e+05
0.391 1.1734e+07 2.3469e+05
0.392 1.6809e+07 3.3617e+05
0.393 1.4427e+07 2.8853e+05
0.394 8.6411e+06 1.7282e+05
0.395 1.5273e+07 3.0545e+05
0.396 1.4534e+07 2.9068e+05
0.397 1.2747e+07 2.5493e+05
0.398 1.5176e+07 3.0351e+05
0.399 1.3134e+07 2.6269e+05
0.4 1.216e+07 2.432e+05
0.401 1.0279e+07 2.0559e+05
0.402 1.268e+07 2.536e+05
0.403 1.4547e+07 2.9094e+05
0.404 1.1286e+07 2.2572e+05
0.405 1.6058e+07 3.2116e+05
0.406 1.664e+07 3.328e+05
0.407 1.3792e+07 2.7584e+05
0.408 1.4272e+07 2.8544e+05
0.409 1.5769e+07 3.1537e+05
0.41 1.5207e+07 3.0415e+05
0.411 1.5359e+07 3.0718e+05
0.412 1.2102e+07 2.4204e+05
0.413 1.697e+07 3.394e+05
0.414 1.4304e+07 2.8608e+05
0.415 1.4722e+07 2.9445e+05
0.416 1.5945e+07 3.189e+05
0.417 1.1808e+07 2.3616e+05
0.418 1.2522e+07 2.5044e+05
0.419 1.7711e+07 3.5423e+05
0.42 1.1551e+07 2.3102e+05
0.421 1.6191e+07 3.2382e+05
0.422 1.3583e+07 2.7167e+05
0.423 1.3877e+07 2.7755e+05
0.424 1.2773e+07 2.5546e+05
0.425 1.3144e+07 2.6287e+05
0.426 1.5133e+07 3.0266e+05
0.427 1.4712e+07 2.9423e+05
0.428 1.4845e+07 2.9689e+05
0.429 1.3611e+07 2.7222e+05
0.43 1.2815e+07 2.5629e+05
0.431 1.5546e+07 3.1092e+05
0.432 1.7855e+07 3.5709e+05
0.433 1.0181e+07 2.0362e+05
0.434 1.4468e+07 2.8936e+05
0.435 1.6177e+07 3.2354e+05
0.436 1.5491e+07 3.0982e+05
0.437 1.4248e+07 2.8496e+05
0.438 1.6168e+07 3.2335e+05
0.439 1.2993e+07 2.5985e+05
0.44 1.4212e+07 2.8424e+05
0.441 1.3699e+07 2.7397e+05
0.442 1.5075e+07 3.0151e+05
0.443 1.134e+07 2.2681e+05
0.444 1.3991e+07 2.7981e+05
0.445 1.1921e+07 2.3842e+05
0.446 1.4364e+07 2.8728e+05
0.447 1.5191e+07 3.0383e+05
0.448 1.4603e+07 2.9205e+05
0.449 1.7027e+07 3.4055e+05
0.45 1.4119e+07 2.8238e+05
0.451 1.6673e+07 3.3346e+05
0.452 1.3077e+07 2.6153e+05
0.453 1.674e+07 3.348e+05
0.454 1.1547e+07 2.3093e+05
0.455 1.2505e+07 2.5009e+05
0.456 1.0937e+07 2.1873e+05
0.457 1.1957e+07 2.3913e+05
0.458 1.6289e+07 3.2577e+05
0.459 7.6563e+06 1.5313e+05
0.46 1.3456e+07 2.6911e+05
0.461 1.2892e+07 2.5783e+05
0.462 1.8189e+07 3.6377e+05
0.463 1.0093e+07 2.0185e+05
0.464 1.1362e+07 2.2724e+05
0.465 1.3959e+07 2.7918e+05
0.466 1.3325e+07 2.665e+05
0.467 1.4086e+07 2.8172e+05
0.468 1.1952e+07 2.3904e+05
0.469 1.1274e+07 2.2548e+05
0.47 1.326e+07 2.6521e+05
0.471 1.2515e+07 2.5029e+05
0.472 1.2694e+07 2.5388e+05
0.473 1.2179e+07 2.4357e+05
0.474 1.0488e+07 2.0975e+05
0.475 1.3003e+07 2.6006e+05
0.476 1.5912e+07 3.1825e+05
0.477 1.1529e+07 2.3059e+05
0.478 1.3789e+07 2.7577e+05
0.479 1.4123e+07 2.8246e+05
0.48 1.3075e+07 2.615e+05
0.481 9.829e+06 1.9658e+05
0.482 1.3266e+07 2.6532e+05
0.483 1.2621e+07 2.5241e+05
0.484 1.4001e+07 2.8003e+05
0.485 1.1252e+07 2.2504e+05
0.486 1.2226e+07 2.4452e+05
0.487 8.67e+06 1.734e+05
0.488 1.4785e+07 2.9569e+05
0.489 1.0641e+07 2.1282e+05
0.49 1.1878e+07 2.3756e+05
0.491 1.1803e+07 2.3606e+05
0.492 8.6325e+06 1.7265e+05
0.493 1.4979e+07 2.9959e+05
0.494 1.0589e+07 2.1178e+05
0.495 9.7743e+06 1.9549e+05
0.496 1.2454e+07 2.4907e+05
0.497 9.3436e+06 1.8687e+05
0.498 1.3365e+07 2.6731e+05
0.499 1.3621e+07 2.7242e+05
0.5 1.2214e+07 2.4428e+05
