0.001 7.641e+08 1.5282e+07
0.002 7.6183e+08 1.5237e+07
0.003 7.6166e+08 1.5233e+07
0.004 7.6269e+08 1.5254e+07
0.005 7.1472e+08 1.4294e+07
0.006 7.423e+08 1.4846e+07
0.007 7.2512e+08 1.4502e+07
0.008 7.0454e+08 1.4091e+07
0.009 7.2756e+08 1.4551e+07
0.01 7.1008e+08 1.4202e+07
0.011 7.3668e+08 1.4734e+07
0.012 7.1629e+08 1.4326e+07
0.013 7.3024e+08 1.4605e+07
0.014 7.0227e+08 1.4045e+07
0.015 7.294e+08 1.4588e+07
0.016 7.2575e+08 1.4515e+07
0.017 6.9349e+08 1.387e+07
0.018 7.3122e+08 1.4624e+07
0.019 7.1506e+08 1.4301e+07
0.02 6.9192e+08 1.3838e+07
0.021 7.0231e+08 1.4046e+07
0.022 6.8791e+08 1.3758e+07
0.023 6.8466e+08 1.3693e+07
0.024 6.8836e+08 1.3767e+07
0.025 7.0115e+08 1.4023e+07
0.026 7.005e+08 1.401e+07
0.027 6.9573e+08 1.3915e+07
0.028 6.8509e+08 1.3702e+07
0.029 6.9677e+08 1.3935e+07
0.03 6.8299e+08 1.366e+07
0.031 6.7353e+08 1.3471e+07
0.032 6.7325e+08 1.3465e+07
0.033 6.8292e+08 1.3658e+07
0.034 6.7552e+08 1.351e+07
0.035 6.6459e+08 1.3292e+07
0.036 6.8404e+08 1.3681e+07
0.037 6.7332e+08 1.3466e+07
0.038 6.5046e+08 1.3009e+07
0.039 6.492e+08 1.2984e+07
0.04 6.4873e+08 1.2975e+07
0.041 6.4856e+08 1.2971e+07
0.042 6.3582e+08 1.2716e+07
0.043 6.3274e+08 1.2655e+07
0.044 6.3486e+08 1.2697e+07
0.045 6.2286e+08 1.2457e+07
0.046 6.3723e+08 1.2745e+07
0.047 6.3362e+08 1.2672e+07
0.048 6.2183e+08 1.2437e+07
0.049 6.2262e+08 1.2452e+07
0.05 6.2519e+08 1.2504e+07
0.051 6.1427e+08 1.2285e+07
0.052 6.1932e+08 1.2386e+07
0.053 5.9719e+08 1.1944e+07
0.054 5.9795e+08 1.1959e+07
0.055 5.9461e+08 1.1892e+07
0.056 5.8774e+08 1.1755e+07
0.057 5.8995e+08 1.1799e+07
0.058 5.791e+08 1.1582e+07
0.059 5.896e+08 1.1792e+07
0.06 5.783e+08 1.1566e+07
0.061 5.625e+08 1.125e+07
0.062 5.5918e+08 1.1184e+07
0.063 5.5529e+08 1.1106e+07
0.064 5.5939e+08 1.1188e+07
0.065 5.5712e+08 1.1142e+07
0.066 5.451e+08 1.0902e+07
0.067 5.4487e+08 1.0897e+07
0.068 5.3596e+08 1.0719e+07
0.069 5.3392e+08 1.0678e+07
0.07 5.1764e+08 1.0353e+07
0.071 5.3471e+08 1.0694e+07
0.072 5.191e+08 1.0382e+07
0.073 5.171e+08 1.0342e+07
0.074 5.0969e+08 1.0194e+07
0.075 5.0539e+08 1.0108e+07
0.076 4.9431e+08 9.8863e+06
0.077 4.9961e+08 9.9922e+06
0.078 4.8526e+08 9.7052e+06
0.079 4.8101e+08 9.6202e+06
0.08 4.8084e+08 9.6168e+06
0.081 4.7539e+08 9.5078e+06
0.082 4.67e+08 9.3401e+06
0.083 4.687e+08 9.374e+06
0.084 4.5508e+08 9.1017e+06
0.085 4.6669e+08 9.3337e+06
0.086 4.483e+08 8.966e+06
0.087 4.4611e+08 8.9221e+06
0.088 4.3343e+08 8.6685e+06
0.089 4.4448e+08 8.8896e+06
0.09 4.2658e+08 8.5317e+06
0.091 4.2664e+08 8.5328e+06
0.092 4.1786e+08 8.3571e+06
0.093 4.1746e+08 8.3492e+06
0.094 4.1223e+08 8.2446e+06
0.095 4.0884e+08 8.1767e+06
0.096 3.9705e+08 7.9411e+06
0.097 3.9269e+08 7.8538e+06
0.098 3.92e+08 7.8399e+06
0.099 3.8119e+08 7.6238e+06
0.1 3.8059e+08 7.6118e+06
0.101 3.7769e+08 7.5539e+06
0.102 3.6818e+08 7.3636e+06
0.103 3.6491e+08 7.2982e+06
0.104 3.7114e+08 7.4228e+06
0.105 3.6265e+08 7.2529e+06
0.106 3.5251e+08 7.0503e+06
0.107 3.469e+08 6.938e+06
0.108 3.371e+08 6.7421e+06
0.109 3.4383e+08 6.8765e+06
0.11 3.3103e+08 6.6206e+06
0.111 3.3166e+08 6.6333e+06
0.112 3.2422e+08 6.4843e+06
0.113 3.1639e+08 6.3277e+06
0.114 3.1382e+08 6.2765e+06
0.115 3.0853e+08 6.1707e+06
0.116 3.0897e+08 6.1794e+06
0.117 2.9587e+08 5.9174e+06
0.118 2.925e+08 5.85e+06
0.119 2.8816e+08 5.7632e+06
0.12 2.8942e+08 5.7885e+06
0.121 2.8455e+08 5.6911e+06
0.122 2.7599e+08 5.5198e+06
0.123 2.7791e+08 5.5583e+06
0.124 2.7346e+08 5.4693e+06
0.125 2.6472e+08 5.2944e+06
0.126 2.5728e+08 5.1457e+06
0.127 2.5492e+08 5.0984e+06
0.128 2.5404e+08 5.0809e+06
0.129 2.5107e+08 5.0214e+06
0.13 2.4534e+08 4.9067e+06
0.131 2.417e+08 4.834e+06
0.132 2.4285e+08 4.8569e+06
0.133 2.2661e+08 4.5322e+06
0.134 2.2799e+08 4.5598e+06
0.135 2.2916e+08 4.5833e+06
0.136 2.1824e+08 4.3647e+06
0.137 2.1949e+08 4.3899e+06
0.138 2.1202e+08 4.2404e+06
0.139 2.0306e+08 4.0612e+06
0.14 2.0803e+08 4.1607e+06
0.141 2.0388e+08 4.0775e+06
0.142 1.999e+08 3.9979e+06
0.143 1.989e+08 3.9781e+06
0.144 1.9033e+08 3.8066e+06
0.145 1.8615e+08 3.7229e+06
0.146 1.8277e+08 3.6554e+06
0.147 1.8133e+08 3.6267e+06
0.148 1.8107e+08 3.6214e+06
0.149 1.7022e+08 3.4044e+06
0.15 1.7508e+08 3.5016e+06
0.151 1.739e+08 3.478e+06
0.152 1.6594e+08 3.3188e+06
0.153 1.5873e+08 3.1746e+06
0.154 1.5753e+08 3.1506e+06
0.155 1.5519e+08 3.1037e+06
0.156 1.5753e+08 3.1506e+06
0.157 1.4897e+08 2.9794e+06
0.158 1.4828e+08 2.9657e+06
0.159 1.4596e+08 2.9192e+06
0.16 1.3744e+08 2.7488e+06
0.161 1.3905e+08 2.781e+06
0.162 1.3208e+08 2.6416e+06
0.163 1.3391e+08 2.6781e+06
0.164 1.3606e+08 2.7213e+06
0.165 1.3077e+08 2.6154e+06
0.166 1.2538e+08 2.5076e+06
0.167 1.1669e+08 2.3338e+06
0.168 1.2506e+08 2.5012e+06
0.169 1.1903e+08 2.3805e+06
0.17 1.1539e+08 2.3078e+06
0.171 1.1064e+08 2.2127e+06
0.172 1.121e+08 2.242e+06
0.173 1.1211e+08 2.2422e+06
0.174 1.107e+08 2.2141e+06
0.175 1.0485e+08 2.097e+06
0.176 9.7548e+07 1.951e+06
0.177 9.7977e+07 1.9595e+06
0.178 9.675e+07 1.935e+06
0.179 9.9117e+07 1.9823e+06
0.18 9.2148e+07 1.843e+06
0.181 9.0985e+07 1.8197e+06
0.182 9.0899e+07 1.818e+06
0.183 8.9118e+07 1.7824e+06
0.184 8.412e+07 1.6824e+06
0.185 8.0779e+07 1.6156e+06
0.186 7.9585e+07 1.5917e+06
0.187 8.0895e+07 1.6179e+06
0.188 7.6909e+07 1.5382e+06
0.189 7.2913e+07 1.4583e+06
0.19 7.3325e+07 1.4665e+06
0.191 7.1572e+07 1.4314e+06
0.192 7.5773e+07 1.5155e+06
0.193 6.8041e+07 1.3608e+06
0.194 6.4267e+07 1.2853e+06
0.195 6.5963e+07 1.3193e+06
0.196 6.8532e+07 1.3706e+06
0.197 6.4842e+07 1.2968e+06
0.198 6.3992e+07 1.2798e+06
0.199 5.9119e+07 1.1824e+06
0.2 6.4109e+07 1.2822e+06
0.201 5.893e+07 1.1786e+06
0.202 5.6137e+07 1.1227e+06
0.203 5.6656e+07 1.1331e+06
0.204 5.3788e+07 1.0758e+06
0.205 5.3526e+07 1.0705e+06
0.206 5.2001e+07 1.04e+06
0.207 4.6023e+07 9.2045e+05
0.208 4.407e+07 8.8139e+05
0.209 4.6599e+07 9.3197e+05
0.21 4.7401e+07 9.4802e+05
0.211 4.685e+07 9.3701e+05
0.212 4.5652e+07 9.1304e+05
0.213 4.1225e+07 8.245e+05
0.214 3.8905e+07 7.7811e+05
0.215 3.8767e+07 7.7534e+05
0.216 4.0891e+07 8.1783e+05
0.217 4.262e+07 8.5241e+05
0.218 4.0078e+07 8.0157e+05
0.219 3.6129e+07 7.2257e+05
0.22 3.8483e+07 7.6965e+05
0.221 3.1943e+07 6.3886e+05
0.222 3.9608e+07 7.9216e+05
0.223 3.5608e+07 7.1216e+05
0.224 3.2395e+07 6.479e+05
0.225 3.079e+07 6.1579e+05
0.226 3.2762e+07 6.5525e+05
0.227 2.867e+07 5.7341e+05
0.228 3.0022e+07 6.0044e+05
0.229 3.0275e+07 6.0551e+05
0.23 3.0237e+07 6.0475e+05
0.231 2.8028e+07 5.6055e+05
0.232 2.5262e+07 5.0523e+05
0.233 2.5754e+07 5.1508e+05
0.234 2.5065e+07 5.0131e+05
0.235 2.5542e+07 5.1085e+05
0.236 2.4979e+07 4.9957e+05
0.237 2.7856e+07 5.5713e+05
0.238 2.2695e+07 4.539e+05
0.239 2.055e+07 4.1101e+05
0.24 1.9863e+07 3.9726e+05
0.241 2.4606e+07 4.9211e+05
0.242 2.2264e+07 4.4528e+05
0.243 2.1472e+07 4.2945e+05
0.244 1.8041e+07 3.6083e+05
0.245 1.7429e+07 3.4858e+05
0.246 1.7379e+07 3.4758e+05
0.247 1.8739e+07 3.7478e+05
0.248 1.6342e+07 3.2683e+05
0.249 2.0836e+07 4.1673e+05
0.25 1.5552e+07 3.1104e+05
0.251 1.7361e+07 3.4722e+05
0.252 1.349e+07 2.698e+05
0.253 1.3708e+07 2.7417e+05
0.254 1.8458e+07 3.6916e+05
0.255 1.4971e+07 2.9941e+05
0.256 1.2052e+07 2.4105e+05
0.257 1.6213e+07 3.2426e+05
0.258 1.5641e+07 3.1283e+05
0.259 1.5414e+07 3.0827e+05
0.26 1.1308e+07 2.2617e+05
0.261 1.5939e+07 3.1878e+05
0.262 1.3537e+07 2.7073e+05
0.263 1.1842e+07 2.3684e+05
0.264 1.1045e+07 2.2091e+05
0.265 1.3298e+07 2.6597e+05
0.266 1.4786e+07 2.9571e+05
0.267 1.1063e+07 2.2126e+05
0.268 1.043e+07 2.0861e+05
0.269 9.1547e+06 1.8309e+05
0.27 9.9762e+06 1.9952e+05
0.271 1.2801e+07 2.5602e+05
0.272 9.4834e+06 1.8967e+05
0.273 8.4135e+06 1.6827e+05
0.274 8.6643e+06 1.7329e+05
0.275 1.0314e+07 2.0627e+05
0.276 9.7388e+06 1.9478e+05
0.277 8.2567e+06 1.6513e+05
0.278 1.0868e+07 2.1735e+05
0.279 1.061e+07 2.1219e+05
0.28 5.5975e+06 1.1195e+05
0.281 9.0589e+06 1.8118e+05
0.282 1.0766e+07 2.1531e+05
0.283 9.5322e+06 1.9064e+05
0.284 8.9181e+06 1.7836e+05
0.285 1.0248e+07 2.0497e+05
0.286 6.2196e+06 1.2439e+05
0.287 1.0495e+07 2.0989e+05
0.288 5.8631e+06 1.1726e+05
0.289 1.1114e+07 2.2229e+05
0.29 7.0283e+06 1.4057e+05
0.291 9.952e+06 1.9904e+05
0.292 4.9489e+06 98979
0.293 5.5115e+06 1.1023e+05
0.294 4.1768e+06 83536
0.295 2.8551e+06 57103
0.296 8.3524e+06 1.6705e+05
0.297 6.7425e+06 1.3485e+05
0.298 6.7452e+06 1.349e+05
0.299 1.0082e+07 2.0165e+05
0.3 3.8538e+06 77076
0.301 8.2704e+06 1.6541e+05
0.302 7.0477e+06 1.4095e+05
0.303 3.6233e+06 72466
0.304 6.2084e+06 1.2417e+05
0.305 8.4192e+06 1.6838e+05
0.306 3.774e+06 75479
0.307 8.0563e+06 1.6113e+05
0.308 3.4812e+06 69624
0.309 3.7736e+06 75471
0.31 7.5927e+06 1.5185e+05
0.311 5.6934e+06 1.1387e+05
0.312 4.5571e+06 91142
0.313 8.0138e+06 1.6028e+05
0.314 8.0834e+06 1.6167e+05
0.315 5.9733e+06 1.1947e+05
0.316 6.7965e+06 1.3593e+05
0.317 5.4519e+06 1.0904e+05
0.318 6.8702e+06 1.374e+05
0.319 7.6319e+06 1.5264e+05
0.32 3.6549e+06 73099
0.321 6.616e+06 1.3232e+05
0.322 6.5785e+06 1.3157e+05
0.323 6.3808e+06 1.2762e+05
0.324 5.2456e+06 1.0491e+05
0.325 6.8632e+06 1.3726e+05
0.326 5.8323e+06 1.1665e+05
0.327 7.2501e+06 1.45e+05
0.328 7.203e+06 1.4406e+05
0.329 7.0559e+06 1.4112e+05
0.33 7.2412e+06 1.4482e+05
0.331 8.4064e+06 1.6813e+05
0.332 5.1604e+06 1.0321e+05
0.333 8.3877e+06 1.6775e+05
0.334 6.1668e+06 1.2334e+05
0.335 8.4757e+06 1.6951e+05
0.336 9.1335e+06 1.8267e+05
0.337 4.6366e+06 92732
0.338 5.6731e+06 1.1346e+05
0.339 5.4488e+06 1.0898e+05
0.34 9.3881e+06 1.8776e+05
0.341 5.2792e+06 1.0558e+05
0.342 8.6861e+06 1.7372e+05
0.343 5.7914e+06 1.1583e+05
0.344 1.0006e+07 2.0011e+05
0.345 1.1765e+07 2.3529e+05
0.346 7.2153e+06 1.4431e+05
0.347 8.3594e+06 1.6719e+05
0.348 5.8547e+06 1.1709e+05
0.349 6.7059e+06 1.3412e+05
0.35 6.0362e+06 1.2072e+05
0.351 7.4149e+06 1.483e+05
0.352 9.8569e+06 1.9714e+05
0.353 9.9703e+06 1.9941e+05
0.354 9.2759e+06 1.8552e+05
0.355 1.0512e+07 2.1025e+05
0.356 9.9195e+06 1.9839e+05
0.357 1.0647e+07 2.1294e+05
0.358 1.2227e+07 2.4454e+05
0.359 1.1791e+07 2.3581e+05
0.36 8.587e+06 1.7174e+05
0.361 1.0019e+07 2.0039e+05
0.362 7.7601e+06 1.552e+05
0.363 1.1383e+07 2.2766e+05
0.364 8.5226e+06 1.7045e+05
0.365 1.06e+07 2.12e+05
0.366 1.0328e+07 2.0655e+05
0.367 1.0567e+07 2.1135e+05
0.368 1.0202e+07 2.0404e+05
0.369 8.5001e+06 1.7e+05
0.37 1.0152e+07 2.0303e+05
0.371 9.8753e+06 1.9751e+05
0.372 1.1487e+07 2.2973e+05
0.373 8.9995e+06 1.7999e+05
0.374 1.3738e+07 2.7476e+05
0.375 1.4565e+07 2.913e+05
0.376 1.5696e+07 3.1391e+05
0.377 1.115e+07 2.23e+05
0.378 1.2648e+07 2.5296e+05
0.379 1.2302e+07 2.4605e+05
0.38 1.0987e+07 2.1975e+05
0.381 1.0321e+07 2.0642e+05
0.382 1.1632e+07 2.3264e+05
0.383 9.9478e+06 1.9896e+05
0.384 1.1769e+07 2.3539e+05
0.385 9.5688e+06 1.9138e+05
0.386 9.6618e+06 1.9324e+05
0.387 1.253e+07 2.5059e+05
0.388 1.125e+07 2.2499e+05
0.389 1.3841e+07 2.7682e+05
0.39 1.1079e+07 2.2157e+05
0.391 1.1041e+07 2.2083e+05
0.392 1.4859e+07 2.9719e+05
0.393 1.0487e+07 2.0975e+05
0.394 1.0245e+07 2.0489e+05
0.395 1.083e+07 2.1659e+05
0.396 1.1785e+07 2.3569e+05
0.397 1.7042e+07 3.4084e+05
0.398 1.0648e+07 2.1297e+05
0.399 1.3127e+07 2.6253e+05
0.4 1.4012e+07 2.8023e+05
0.401 1.1854e+07 2.3708e+05
0.402 1.2238e+07 2.4475e+05
0.403 1.3212e+07 2.6423e+05
0.404 1.1953e+07 2.3906e+05
0.405 1.2476e+07 2.4951e+05
0.406 1.4586e+07 2.9171e+05
0.407 1.0878e+07 2.1756e+05
0.408 1.374e+07 2.748e+05
0.409 1.1002e+07 2.2005e+05
0.41 1.083e+07 2.1661e+05
0.411 1.1543e+07 2.3086e+05
0.412 1.2169e+07 2.4338e+05
0.413 1.5386e+07 3.0773e+05
0.414 1.166e+07 2.332e+05
0.415 1.4304e+07 2.8607e+05
0.416 1.2766e+07 2.5531e+05
0.417 1.315e+07 2.6301e+05
0.418 1.3135e+07 2.6271e+05
0.419 1.1703e+07 2.3405e+05
0.42 1.3336e+07 2.6673e+05
0.421 1.3539e+07 2.7079e+05
0.422 1.4045e+07 2.809e+05
0.423 1.109e+07 2.218e+05
0.424 1.1121e+07 2.2242e+05
0.425 1.1397e+07 2.2795e+05
0.426 1.2659e+07 2.5318e+05
0.427 1.4135e+07 2.827e+05
0.428 1.4262e+07 2.8524e+05
0.429 1.5643e+07 3.1286e+05
0.43 9.4332e+06 1.8866e+05
0.431 1.0345e+07 2.069e+05
0.432 1.4127e+07 2.8255e+05
0.433 1.2368e+07 2.4735e+05
0.434 1.0848e+07 2.1695e+05
0.435 1.162e+07 2.324e+05
0.436 1.2373e+07 2.4746e+05
0.437 1.1274e+07 2.2549e+05
0.438 1.553e+07 3.1059e+05
0.439 1.2732e+07 2.5464e+05
0.44 1.0581e+07 2.1162e+05
0.441 1.3078e+07 2.6155e+05
0.442 1.0646e+07 2.1291e+05
0.443 1.1379e+07 2.2758e+05
0.444 1.1895e+07 2.379e+05
0.445 1.3044e+07 2.6088e+05
0.446 1.214e+07 2.4279e+05
0.447 1.1573e+07 2.3146e+05
0.448 1.3226e+07 2.6453e+05
0.449 1.2386e+07 2.4773e+05
0.45 1.3029e+07 2.6059e+05
0.451 1.2241e+07 2.4482e+05
0.452 1.2197e+07 2.4394e+05
0.453 1.2855e+07 2.571e+05
0.454 1.3219e+07 2.6438e+05
0.455 1.3102e+07 2.6204e+05
0.456 1.0851e+07 2.1702e+05
0.457 1.1975e+07 2.3951e+05
0.458 1.0798e+07 2.1597e+05
0.459 6.3696e+06 1.2739e+05
0.46 1.1135e+07 2.227e+05
0.461 1.0612e+07 2.1223e+05
0.462 1.1234e+07 2.2469e+05
0.463 1.1666e+07 2.3333e+05
0.464 1.1721e+07 2.3442e+05
0.465 1.1873e+07 2.3746e+05
0.466 1.3105e+07 2.621e+05
0.467 1.1965e+07 2.3929e+05
0.468 1.0277e+07 2.0554e+05
0.469 1.1539e+07 2.3079e+05
0.47 1.1696e+07 2.3392e+05
0.471 1.3798e+07 2.7595e+05
0.472 1.117e+07 2.2339e+05
0.473 9.5909e+06 1.9182e+05
0.474 1.4638e+07 2.9276e+05
0.475 1.2341e+07 2.4682e+05
0.476 1.1328e+07 2.2655e+05
0.477 1.141e+07 2.282e+05
0.478 1.1609e+07 2.3217e+05
0.479 1.0017e+07 2.0034e+05
0.48 1.3389e+07 2.6778e+05
0.481 9.2587e+06 1.8517e+05
0.482 1.1961e+07 2.3922e+05
0.483 1.1911e+07 2.3822e+05
0.484 7.8533e+06 1.5707e+05
0.485 1.1917e+07 2.3835e+05
0.486 8.7202e+06 1.744e+05
0.487 9.7986e+06 1.9597e+05
0.488 7.9028e+06 1.5806e+05
0.489 9.4414e+06 1.8883e+05
0.49 1.1795e+07 2.359e+05
0.491 1.1003e+07 2.2006e+05
0.492 1.4134e+07 2.8268e+05
0.493 1.2203e+07 2.4406e+05
0.494 1.0539e+07 2.1079e+05
0.495 1.1508e+07 2.3017e+05
0.496 1.0551e+07 2.1102e+05
0.497 1.1363e+07 2.2726e+05
0.498 1.2045e+07 2.4091e+05
0.499 9.2758e+06 1.8552e+05
0.5 1.142e+07 2.2841e+05
