0.001 1.0754e+09 2.1508e+07
0.002 9.7218e+08 1.9444e+07
0.003 9.7427e+08 1.9485e+07
0.004 9.6799e+08 1.936e+07
0.005 9.5264e+08 1.9053e+07
0.006 9.633e+08 1.9266e+07
0.007 9.5044e+08 1.9009e+07
0.008 9.5174e+08 1.9035e+07
0.009 9.3413e+08 1.8683e+07
0.01 9.695e+08 1.939e+07
0.011 9.5819e+08 1.9164e+07
0.012 9.2394e+08 1.8479e+07
0.013 9.2508e+08 1.8502e+07
0.014 9.7702e+08 1.954e+07
0.015 9.6003e+08 1.9201e+07
0.016 9.6618e+08 1.9324e+07
0.017 9.4197e+08 1.8839e+07
0.018 9.3777e+08 1.8755e+07
0.019 9.4711e+08 1.8942e+07
0.02 9.657e+08 1.9314e+07
0.021 9.2066e+08 1.8413e+07
0.022 9.0781e+08 1.8156e+07
0.023 9.2884e+08 1.8577e+07
0.024 9.1221e+08 1.8244e+07
0.025 9.1689e+08 1.8338e+07
0.026 9.1429e+08 1.8286e+07
0.027 9.0039e+08 1.8008e+07
0.028 9.1194e+08 1.8239e+07
0.029 9.1573e+08 1.8315e+07
0.03 9.0555e+08 1.8111e+07
0.031 8.7938e+08 1.7588e+07
0.032 8.8002e+08 1.76e+07
0.033 8.8254e+08 1.7651e+07
0.034 8.6811e+08 1.7362e+07
0.035 8.8892e+08 1.7778e+07
0.036 8.6739e+08 1.7348e+07
0.037 8.8415e+08 1.7683e+07
0.038 8.6246e+08 1.7249e+07
0.039 8.667e+08 1.7334e+07
0.04 8.4164e+08 1.6833e+07
0.041 8.7615e+08 1.7523e+07
0.042 8.5515e+08 1.7103e+07
0.043 8.4874e+08 1.6975e+07
0.044 8.2277e+08 1.6455e+07
0.045 8.3773e+08 1.6755e+07
0.046 8.3172e+08 1.6634e+07
0.047 8.1789e+08 1.6358e+07
0.048 8.0804e+08 1.6161e+07
0.049 8.1896e+08 1.6379e+07
0.05 7.988e+08 1.5976e+07
0.051 8.0051e+08 1.601e+07
0.052 8.0503e+08 1.6101e+07
0.053 7.8467e+08 1.5693e+07
0.054 7.7374e+08 1.5475e+07
0.055 7.7338e+08 1.5468e+07
0.056 7.7264e+08 1.5453e+07
0.057 7.6889e+08 1.5378e+07
0.058 7.4192e+08 1.4838e+07
0.059 7.5012e+08 1.5002e+07
0.06 7.5445e+08 1.5089e+07
0.061 7.3241e+08 1.4648e+07
0.062 7.417e+08 1.4834e+07
0.063 7.2025e+08 1.4405e+07
0.064 7.1637e+08 1.4327e+07
0.065 7.0066e+08 1.4013e+07
0.066 7.1169e+08 1.4234e+07
0.067 7.0815e+08 1.4163e+07
0.068 6.9535e+08 1.3907e+07
0.069 6.814e+08 1.3628e+07
0.07 6.7322e+08 1.3464e+07
0.071 6.7633e+08 1.3527e+07
0.072 6.6694e+08 1.3339e+07
0.073 6.5738e+08 1.3148e+07
0.074 6.5244e+08 1.3049e+07
0.075 6.3913e+08 1.2783e+07
0.076 6.4056e+08 1.2811e+07
0.077 6.3693e+08 1.2739e+07
0.078 6.2484e+08 1.2497e+07
0.079 6.1277e+08 1.2255e+07
0.08 6.0084e+08 1.2017e+07
0.081 6.0523e+08 1.2105e+07
0.082 5.9481e+08 1.1896e+07
0.083 5.8185e+08 1.1637e+07
0.084 5.8798e+08 1.176e+07
0.085 5.7007e+08 1.1401e+07
0.086 5.7156e+08 1.1431e+07
0.087 5.5908e+08 1.1182e+07
0.088 5.6777e+08 1.1355e+07
0.089 5.6321e+08 1.1264e+07
0.09 5.417e+08 1.0834e+07
0.091 5.3006e+08 1.0601e+07
0.092 5.2785e+08 1.0557e+07
0.093 5.3834e+08 1.0767e+07
0.094 5.2656e+08 1.0531e+07
0.095 5.1291e+08 1.0258e+07
0.096 4.9752e+08 9.9504e+06
0.097 4.8317e+08 9.6635e+06
0.098 4.927e+08 9.854e+06
0.099 4.7752e+08 9.5503e+06
0.1 4.7787e+08 9.5573e+06
0.101 4.6689e+08 9.3378e+06
0.102 4.5737e+08 9.1474e+06
0.103 4.5699e+08 9.1398e+06
0.104 4.5107e+08 9.0213e+06
0.105 4.4494e+08 8.8987e+06
0.106 4.3966e+08 8.7932e+06
0.107 4.3954e+08 8.7907e+06
0.108 4.2562e+08 8.5124e+06
0.109 4.1965e+08 8.393e+06
0.11 4.0904e+08 8.1807e+06
0.111 4.0714e+08 8.1429e+06
0.112 3.9846e+08 7.9691e+06
0.113 4.0213e+08 8.0426e+06
0.114 3.8678e+08 7.7355e+06
0.115 3.8313e+08 7.6625e+06
0.116 3.7806e+08 7.5612e+06
0.117 3.7195e+08 7.439e+06
0.118 3.5916e+08 7.1833e+06
0.119 3.5815e+08 7.1631e+06
0.12 3.4466e+08 6.8933e+06
0.121 3.4515e+08 6.903e+06
0.122 3.4234e+08 6.8467e+06
0.123 3.3367e+08 6.6734e+06
0.124 3.2851e+08 6.5702e+06
0.125 3.2943e+08 6.5887e+06
0.126 3.1672e+08 6.3345e+06
0.127 3.0671e+08 6.1342e+06
0.128 3.0708e+08 6.1416e+06
0.129 2.9331e+08 5.8662e+06
0.13 2.9079e+08 5.8157e+06
0.131 2.9868e+08 5.9736e+06
0.132 2.7503e+08 5.5006e+06
0.133 2.7684e+08 5.5368e+06
0.134 2.7821e+08 5.5641e+06
0.135 2.7292e+08 5.4584e+06
0.136 2.6962e+08 5.3924e+06
0.137 2.6242e+08 5.2484e+06
0.138 2.5394e+08 5.0788e+06
0.139 2.4903e+08 4.9807e+06
0.14 2.4391e+08 4.8783e+06
0.141 2.4358e+08 4.8716e+06
0.142 2.3955e+08 4.7911e+06
0.143 2.3194e+08 4.6388e+06
0.144 2.2964e+08 4.5929e+06
0.145 2.2251e+08 4.4502e+06
0.146 2.2377e+08 4.4755e+06
0.147 2.1937e+08 4.3873e+06
0.148 2.1028e+08 4.2056e+06
0.149 2.0832e+08 4.1665e+06
0.15 2.0517e+08 4.1035e+06
0.151 1.8886e+08 3.7771e+06
0.152 1.9681e+08 3.9361e+06
0.153 1.8802e+08 3.7603e+06
0.154 1.8817e+08 3.7633e+06
0.155 1.8907e+08 3.7814e+06
0.156 1.7993e+08 3.5986e+06
0.157 1.8288e+08 3.6576e+06
0.158 1.7292e+08 3.4584e+06
0.159 1.6593e+08 3.3187e+06
0.16 1.6234e+08 3.2468e+06
0.161 1.6613e+08 3.3225e+06
0.162 1.5524e+08 3.1048e+06
0.163 1.5275e+08 3.0551e+06
0.164 1.5332e+08 3.0665e+06
0.165 1.5313e+08 3.0626e+06
0.166 1.4679e+08 2.9359e+06
0.167 1.4467e+08 2.8933e+06
0.168 1.4553e+08 2.9105e+06
0.169 1.3751e+08 2.7502e+06
0.17 1.3749e+08 2.7497e+06
0.171 1.3078e+08 2.6156e+06
0.172 1.279e+08 2.558e+06
0.173 1.2752e+08 2.5503e+06
0.174 1.2026e+08 2.4052e+06
0.175 1.254e+08 2.508e+06
0.176 1.2488e+08 2.4977e+06
0.177 1.1178e+08 2.2356e+06
0.178 1.204e+08 2.408e+06
0.179 1.1134e+08 2.2268e+06
0.18 1.1317e+08 2.2635e+06
0.181 1.0277e+08 2.0553e+06
0.182 1.0189e+08 2.0379e+06
0.183 9.9169e+07 1.9834e+06
0.184 1.0236e+08 2.0473e+06
0.185 9.5148e+07 1.903e+06
0.186 9.4987e+07 1.8997e+06
0.187 8.6681e+07 1.7336e+06
0.188 9.6854e+07 1.9371e+06
0.189 8.1136e+07 1.6227e+06
0.19 8.7675e+07 1.7535e+06
0.191 9.0031e+07 1.8006e+06
0.192 8.5113e+07 1.7023e+06
0.193 8.1131e+07 1.6226e+06
0.194 8.16e+07 1.632e+06
0.195 7.8974e+07 1.5795e+06
0.196 8.081e+07 1.6162e+06
0.197 7.0555e+07 1.4111e+06
0.198 7.5736e+07 1.5147e+06
0.199 6.7118e+07 1.3424e+06
0.2 6.8088e+07 1.3618e+06
0.201 6.637e+07 1.3274e+06
0.202 6.4916e+07 1.2983e+06
0.203 6.1956e+07 1.2391e+06
0.204 6.1055e+07 1.2211e+06
0.205 6.5494e+07 1.3099e+06
0.206 5.9801e+07 1.196e+06
0.207 6.0275e+07 1.2055e+06
0.208 5.3655e+07 1.0731e+06
0.209 5.7933e+07 1.1587e+06
0.21 5.7758e+07 1.1552e+06
0.211 5.5894e+07 1.1179e+06
0.212 5.8243e+07 1.1649e+06
0.213 5.7048e+07 1.141e+06
0.214 5.6244e+07 1.1249e+06
0.215 5.5996e+07 1.1199e+06
0.216 5.7199e+07 1.144e+06
0.217 4.9301e+07 9.8602e+05
0.218 4.9218e+07 9.8435e+05
0.219 4.6944e+07 9.3889e+05
0.22 4.92e+07 9.8401e+05
0.221 4.7023e+07 9.4047e+05
0.222 4.1727e+07 8.3453e+05
0.223 4.0252e+07 8.0504e+05
0.224 4.182e+07 8.364e+05
0.225 3.6727e+07 7.3454e+05
0.226 3.8902e+07 7.7803e+05
0.227 3.6943e+07 7.3886e+05
0.228 4.1359e+07 8.2717e+05
0.229 4.0065e+07 8.0131e+05
0.23 3.674e+07 7.3481e+05
0.231 3.1361e+07 6.2722e+05
0.232 3.699e+07 7.398e+05
0.233 3.2833e+07 6.5667e+05
0.234 3.6655e+07 7.331e+05
0.235 3.4981e+07 6.9962e+05
0.236 3.1947e+07 6.3895e+05
0.237 3.4559e+07 6.9118e+05
0.238 3.0763e+07 6.1526e+05
0.239 2.6783e+07 5.3567e+05
0.24 3.004e+07 6.008e+05
0.241 2.8217e+07 5.6434e+05
0.242 3.0068e+07 6.0137e+05
0.243 2.04e+07 4.08e+05
0.244 3.1685e+07 6.337e+05
0.245 2.1988e+07 4.3976e+05
0.246 2.8151e+07 5.6302e+05
0.247 2.0264e+07 4.0527e+05
0.248 2.8739e+07 5.7478e+05
0.249 2.1086e+07 4.2172e+05
0.25 2.2612e+07 4.5223e+05
0.251 2.878e+07 5.7559e+05
0.252 2.4124e+07 4.8249e+05
0.253 2.3021e+07 4.6042e+05
0.254 1.8509e+07 3.7018e+05
0.255 2.0631e+07 4.1263e+05
0.256 2.0756e+07 4.1511e+05
0.257 2.0173e+07 4.0347e+05
0.258 1.9809e+07 3.9617e+05
0.259 1.7903e+07 3.5805e+05
0.26 2.0048e+07 4.0096e+05
0.261 1.9225e+07 3.845e+05
0.262 1.5649e+07 3.1298e+05
0.263 1.7733e+07 3.5467e+05
0.264 1.4208e+07 2.8415e+05
0.265 1.5185e+07 3.0369e+05
0.266 1.7867e+07 3.5734e+05
0.267 1.1512e+07 2.3024e+05
0.268 1.4079e+07 2.8159e+05
0.269 1.5846e+07 3.1693e+05
0.27 1.6959e+07 3.3918e+05
0.271 1.2672e+07 2.5345e+05
0.272 1.4753e+07 2.9505e+05
0.273 1.6491e+07 3.2982e+05
0.274 1.6359e+07 3.2717e+05
0.275 1.1175e+07 2.235e+05
0.276 1.9851e+07 3.9703e+05
0.277 9.1944e+06 1.8389e+05
0.278 9.5269e+06 1.9054e+05
0.279 1.3377e+07 2.6755e+05
0.28 1.4934e+07 2.9869e+05
0.281 1.4176e+07 2.8351e+05
0.282 1.4339e+07 2.8678e+05
0.283 6.4868e+06 1.2974e+05
0.284 1.2347e+07 2.4694e+05
0.285 9.9177e+06 1.9835e+05
0.286 1.0506e+07 2.1013e+05
0.287 9.6412e+06 1.9282e+05
0.288 1.4654e+07 2.9308e+05
0.289 1.013e+07 2.0259e+05
0.29 1.4717e+07 2.9433e+05
0.291 1.0643e+07 2.1286e+05
0.292 9.2741e+06 1.8548e+05
0.293 1.0665e+07 2.1329e+05
0.294 1.0489e+07 2.0979e+05
0.295 9.2071e+06 1.8414e+05
0.296 1.0979e+07 2.1958e+05
0.297 8.405e+06 1.681e+05
0.298 1.3508e+07 2.7016e+05
0.299 6.1834e+06 1.2367e+05
0.3 1.1547e+07 2.3094e+05
0.301 5.9832e+06 1.1966e+05
0.302 9.4972e+06 1.8994e+05
0.303 6.7468e+06 1.3494e+05
0.304 8.6463e+06 1.7293e+05
0.305 1.5056e+07 3.0112e+05
0.306 9.2475e+06 1.8495e+05
0.307 7.7786e+06 1.5557e+05
0.308 7.207e+06 1.4414e+05
0.309 6.8951e+06 1.379e+05
0.31 1.1207e+07 2.2414e+05
0.311 8.3425e+06 1.6685e+05
0.312 8.7768e+06 1.7554e+05
0.313 9.1647e+06 1.8329e+05
0.314 8.5301e+06 1.706e+05
0.315 6.0663e+06 1.2133e+05
0.316 5.1133e+06 1.0227e+05
0.317 1.1369e+07 2.2738e+05
0.318 8.0477e+06 1.6095e+05
0.319 1.0922e+07 2.1844e+05
0.32 5.2929e+06 1.0586e+05
0.321 8.5694e+06 1.7139e+05
0.322 8.1212e+06 1.6242e+05
0.323 6.3893e+06 1.2779e+05
0.324 8.7388e+06 1.7478e+05
0.325 1.0333e+07 2.0665e+05
0.326 8.3328e+06 1.6666e+05
0.327 8.6911e+06 1.7382e+05
0.328 1.105e+07 2.2101e+05
0.329 3.9643e+06 79286
0.33 9.0853e+06 1.8171e+05
0.331 1.122e+07 2.244e+05
0.332 1.3222e+07 2.6444e+05
0.333 1.0352e+07 2.0705e+05
0.334 1.0251e+07 2.0503e+05
0.335 1.0427e+07 2.0853e+05
0.336 1.0639e+07 2.1278e+05
0.337 9.2789e+06 1.8558e+05
0.338 9.6786e+06 1.9357e+05
0.339 7.9635e+06 1.5927e+05
0.34 1.1118e+07 2.2236e+05
0.341 9.4009e+06 1.8802e+05
0.342 1.2381e+07 2.4762e+05
0.343 1.2284e+07 2.4568e+05
0.344 1.127e+07 2.2539e+05
0.345 8.1705e+06 1.6341e+05
0.346 5.8417e+06 1.1683e+05
0.347 7.1293e+06 1.4259e+05
0.348 8.871e+06 1.7742e+05
0.349 8.2551e+06 1.651e+05
0.35 9.6025e+06 1.9205e+05
0.351 4.4196e+06 88393
0.352 8.5323e+06 1.7065e+05
0.353 7.9584e+06 1.5917e+05
0.354 1.1016e+07 2.2033e+05
0.355 6.5267e+06 1.3053e+05
0.356 1.2764e+07 2.5527e+05
0.357 8.7323e+06 1.7465e+05
0.358 1.0215e+07 2.043e+05
0.359 8.8514e+06 1.7703e+05
0.36 8.6939e+06 1.7388e+05
0.361 7.8724e+06 1.5745e+05
0.362 9.1582e+06 1.8316e+05
0.363 9.6181e+06 1.9236e+05
0.364 1.0851e+07 2.1702e+05
0.365 1.3302e+07 2.6603e+05
0.366 1.385e+07 2.7699e+05
0.367 1.1759e+07 2.3518e+05
0.368 1.0204e+07 2.0408e+05
0.369 1.1371e+07 2.2743e+05
0.37 1.3485e+07 2.6971e+05
0.371 1.1714e+07 2.3427e+05
0.372 1.2608e+07 2.5216e+05
0.373 9.9568e+06 1.9914e+05
0.374 1.231e+07 2.462e+05
0.375 1.6737e+07 3.3475e+05
0.376 1.4657e+07 2.9314e+05
0.377 1.53e+07 3.0599e+05
0.378 1.1548e+07 2.3096e+05
0.379 1.1686e+07 2.3373e+05
0.38 1.1878e+07 2.3755e+05
0.381 1.1648e+07 2.3297e+05
0.382 1.0698e+07 2.1395e+05
0.383 1.0969e+07 2.1938e+05
0.384 1.1231e+07 2.2462e+05
0.385 1.1816e+07 2.3632e+05
0.386 1.2201e+07 2.4403e+05
0.387 1.3446e+07 2.6891e+05
0.388 1.5555e+07 3.111e+05
0.389 1.5667e+07 3.1335e+05
0.39 1.7801e+07 3.5601e+05
0.391 1.5802e+07 3.1604e+05
0.392 1.5424e+07 3.0848e+05
0.393 1.3927e+07 2.7854e+05
0.394 1.4657e+07 2.9314e+05
0.395 1.4345e+07 2.869e+05
0.396 1.3822e+07 2.7644e+05
0.397 1.1558e+07 2.3116e+05
0.398 1.3626e+07 2.7252e+05
0.399 1.5268e+07 3.0536e+05
0.4 1.208e+07 2.4161e+05
0.401 1.5693e+07 3.1386e+05
0.402 1.614e+07 3.2281e+05
0.403 1.0805e+07 2.1609e+05
0.404 1.424e+07 2.848e+05
0.405 1.8109e+07 3.6219e+05
0.406 1.0341e+07 2.0682e+05
0.407 1.5893e+07 3.1786e+05
0.408 1.3625e+07 2.725e+05
0.409 1.5402e+07 3.0805e+05
0.41 1.26e+07 2.52e+05
0.411 1.5393e+07 3.0786e+05
0.412 1.3005e+07 2.601e+05
0.413 1.4592e+07 2.9184e+05
0.414 1.4686e+07 2.9371e+05
0.415 1.5473e+07 3.0947e+05
0.416 1.3579e+07 2.7157e+05
0.417 1.4116e+07 2.8232e+05
0.418 1.7376e+07 3.4752e+05
0.419 1.413e+07 2.8259e+05
0.42 9.257e+06 1.8514e+05
0.421 1.3612e+07 2.7224e+05
0.422 1.5803e+07 3.1606e+05
0.423 1.7245e+07 3.449e+05
0.424 1.3371e+07 2.6741e+05
0.425 1.4416e+07 2.8832e+05
0.426 1.3444e+07 2.6888e+05
0.427 1.94e+07 3.88e+05
0.428 1.683e+07 3.3659e+05
0.429 1.4496e+07 2.8992e+05
0.43 1.6586e+07 3.3172e+05
0.431 1.3084e+07 2.6168e+05
0.432 1.5743e+07 3.1486e+05
0.433 1.3519e+07 2.7039e+05
0.434 1.4834e+07 2.9668e+05
0.435 1.313e+07 2.626e+05
0.436 1.4308e+07 2.8615e+05
0.437 1.489e+07 2.978e+05
0.438 1.2632e+07 2.5263e+05
0.439 1.1351e+07 2.2702e+05
0.44 1.5731e+07 3.1462e+05
0.441 1.2297e+07 2.4593e+05
0.442 1.8484e+07 3.6969e+05
0.443 1.724e+07 3.4479e+05
0.444 1.5982e+07 3.1965e+05
0.445 9.1578e+06 1.8316e+05
0.446 1.3404e+07 2.6808e+05
0.447 1.2045e+07 2.409e+05
0.448 1.5684e+07 3.1367e+05
0.449 1.52e+07 3.04e+05
0.45 1.5004e+07 3.0007e+05
0.451 1.2217e+07 2.4434e+05
0.452 8.2735e+06 1.6547e+05
0.453 1.7622e+07 3.5243e+05
0.454 1.5579e+07 3.1158e+05
0.455 1.3977e+07 2.7953e+05
0.456 1.676e+07 3.3521e+05
0.457 1.6966e+07 3.3931e+05
0.458 1.1381e+07 2.2761e+05
0.459 1.6785e+07 3.357e+05
0.46 1.54e+07 3.08e+05
0.461 1.3419e+07 2.6837e+05
0.462 1.1374e+07 2.2747e+05
0.463 1.5428e+07 3.0855e+05
0.464 1.2755e+07 2.551e+05
0.465 1.6281e+07 3.2562e+05
0.466 9.5769e+06 1.9154e+05
0.467 1.4227e+07 2.8454e+05
0.468 1.2921e+07 2.5842e+05
0.469 1.3432e+07 2.6863e+05
0.47 1.2653e+07 2.5305e+05
0.471 1.3504e+07 2.7008e+05
0.472 1.2567e+07 2.5135e+05
0.473 1.2219e+07 2.4439e+05
0.474 1.5258e+07 3.0517e+05
0.475 1.2577e+07 2.5154e+05
0.476 1.4105e+07 2.8209e+05
0.477 1.4727e+07 2.9455e+05
0.478 1.4311e+07 2.8622e+05
0.479 1.2637e+07 2.5275e+05
0.48 9.2176e+06 1.8435e+05
0.481 1.1924e+07 2.3848e+05
0.482 1.3791e+07 2.7582e+05
0.483 1.2681e+07 2.5363e+05
0.484 1.7698e+07 3.5395e+05
0.485 1.3376e+07 2.6753e+05
0.486 1.3031e+07 2.6062e+05
0.487 1.5642e+07 3.1284e+05
0.488 1.1026e+07 2.2052e+05
0.489 1.7463e+07 3.4927e+05
0.49 1.3884e+07 2.7767e+05
0.491 1.1411e+07 2.2821e+05
0.492 1.3257e+07 2.6514e+05
0.493 1.1268e+07 2.2535e+05
0.494 1.1381e+07 2.2762e+05
0.495 8.9783e+06 1.7957e+05
0.496 1.2955e+07 2.591e+05
0.497 8.0414e+06 1.6083e+05
0.498 9.8944e+06 1.9789e+05
0.499 1.4337e+07 2.8674e+05
0.5 1.1066e+07 2.2132e+05
