0.001 1.1742e+09 2.3485e+07
0.002 1.0607e+09 2.1215e+07
0.003 9.7457e+08 1.9491e+07
0.004 1.0443e+09 2.0885e+07
0.005 1.0548e+09 2.1095e+07
0.006 1.0233e+09 2.0465e+07
0.007 1.0362e+09 2.0724e+07
0.008 1.039e+09 2.078e+07
0.009 1.0108e+09 2.0216e+07
0.01 1.0119e+09 2.0239e+07
0.011 1.0298e+09 2.0596e+07
0.012 1.0387e+09 2.0775e+07
0.013 9.9909e+08 1.9982e+07
0.014 1.0043e+09 2.0086e+07
0.015 1.0073e+09 2.0146e+07
0.016 1.0112e+09 2.0223e+07
0.017 1.0185e+09 2.0371e+07
0.018 1.0333e+09 2.0666e+07
0.019 1.0169e+09 2.0338e+07
0.02 9.9225e+08 1.9845e+07
0.021 1.0252e+09 2.0504e+07
0.022 9.9644e+08 1.9929e+07
0.023 9.8904e+08 1.9781e+07
0.024 1.0014e+09 2.0029e+07
0.025 1.0067e+09 2.0134e+07
0.026 9.6432e+08 1.9286e+07
0.027 9.54e+08 1.908e+07
0.028 9.7938e+08 1.9588e+07
0.029 9.7873e+08 1.9575e+07
0.03 9.4684e+08 1.8937e+07
0.031 9.4997e+08 1.8999e+07
0.032 9.6729e+08 1.9346e+07
0.033 9.5266e+08 1.9053e+07
0.034 9.5265e+08 1.9053e+07
0.035 9.5688e+08 1.9138e+07
0.036 9.3122e+08 1.8624e+07
0.037 9.2072e+08 1.8414e+07
0.038 9.3949e+08 1.879e+07
0.039 9.1708e+08 1.8342e+07
0.04 9.185e+08 1.837e+07
0.041 9.2058e+08 1.8412e+07
0.042 9.1238e+08 1.8248e+07
0.043 9.0638e+08 1.8128e+07
0.044 8.9306e+08 1.7861e+07
0.045 8.9437e+08 1.7887e+07
0.046 8.882e+08 1.7764e+07
0.047 8.8529e+08 1.7706e+07
0.048 8.7044e+08 1.7409e+07
0.049 8.8099e+08 1.762e+07
0.05 8.6958e+08 1.7392e+07
0.051 8.6636e+08 1.7327e+07
0.052 8.5064e+08 1.7013e+07
0.053 8.6163e+08 1.7233e+07
0.054 8.4702e+08 1.694e+07
0.055 8.3082e+08 1.6616e+07
0.056 8.1961e+08 1.6392e+07
0.057 8.2007e+08 1.6401e+07
0.058 8.1382e+08 1.6276e+07
0.059 7.9634e+08 1.5927e+07
0.06 7.943e+08 1.5886e+07
0.061 7.8276e+08 1.5655e+07
0.062 7.7962e+08 1.5592e+07
0.063 7.725e+08 1.545e+07
0.064 7.5797e+08 1.5159e+07
0.065 7.6961e+08 1.5392e+07
0.066 7.5962e+08 1.5192e+07
0.067 7.492e+08 1.4984e+07
0.068 7.5478e+08 1.5096e+07
0.069 7.3951e+08 1.479e+07
0.07 7.2307e+08 1.4461e+07
0.071 7.17e+08 1.434e+07
0.072 7.2559e+08 1.4512e+07
0.073 7.0645e+08 1.4129e+07
0.074 7.0113e+08 1.4023e+07
0.075 6.987e+08 1.3974e+07
0.076 6.9066e+08 1.3813e+07
0.077 6.7404e+08 1.3481e+07
0.078 6.6782e+08 1.3356e+07
0.079 6.62e+08 1.324e+07
0.08 6.5676e+08 1.3135e+07
0.081 6.4316e+08 1.2863e+07
0.082 6.4885e+08 1.2977e+07
0.083 6.2234e+08 1.2447e+07
0.084 6.0875e+08 1.2175e+07
0.085 6.1516e+08 1.2303e+07
0.086 6.1343e+08 1.2269e+07
0.087 6.0268e+08 1.2054e+07
0.088 5.9759e+08 1.1952e+07
0.089 5.8924e+08 1.1785e+07
0.09 5.7779e+08 1.1556e+07
0.091 5.8161e+08 1.1632e+07
0.092 5.6792e+08 1.1358e+07
0.093 5.5004e+08 1.1001e+07
0.094 5.4575e+08 1.0915e+07
0.095 5.4357e+08 1.0871e+07
0.096 5.4687e+08 1.0937e+07
0.097 5.2557e+08 1.0511e+07
0.098 5.3064e+08 1.0613e+07
0.099 5.2292e+08 1.0458e+07
0.1 5.0469e+08 1.0094e+07
0.101 5.002e+08 1.0004e+07
0.102 4.9271e+08 9.8543e+06
0.103 4.763e+08 9.526e+06
0.104 4.7955e+08 9.591e+06
0.105 4.7107e+08 9.4214e+06
0.106 4.6434e+08 9.2868e+06
0.107 4.6377e+08 9.2753e+06
0.108 4.6432e+08 9.2863e+06
0.109 4.4861e+08 8.9723e+06
0.11 4.435e+08 8.87e+06
0.111 4.3237e+08 8.6473e+06
0.112 4.2913e+08 8.5826e+06
0.113 4.2368e+08 8.4736e+06
0.114 4.0593e+08 8.1185e+06
0.115 4.1364e+08 8.2727e+06
0.116 4.0518e+08 8.1036e+06
0.117 3.9048e+08 7.8096e+06
0.118 3.8257e+08 7.6514e+06
0.119 3.8682e+08 7.7365e+06
0.12 3.8421e+08 7.6842e+06
0.121 3.7381e+08 7.4763e+06
0.122 3.6991e+08 7.3981e+06
0.123 3.5867e+08 7.1733e+06
0.124 3.4935e+08 6.9871e+06
0.125 3.4547e+08 6.9094e+06
0.126 3.3947e+08 6.7894e+06
0.127 3.2688e+08 6.5377e+06
0.128 3.2311e+08 6.4623e+06
0.129 3.2351e+08 6.4701e+06
0.13 3.107e+08 6.2139e+06
0.131 3.1361e+08 6.2722e+06
0.132 3.1531e+08 6.3063e+06
0.133 3.0548e+08 6.1096e+06
0.134 2.9466e+08 5.8932e+06
0.135 2.9157e+08 5.8314e+06
0.136 2.7975e+08 5.5951e+06
0.137 2.7154e+08 5.4309e+06
0.138 2.7636e+08 5.5273e+06
0.139 2.6774e+08 5.3549e+06
0.14 2.6552e+08 5.3105e+06
0.141 2.6255e+08 5.251e+06
0.142 2.6282e+08 5.2564e+06
0.143 2.4594e+08 4.9187e+06
0.144 2.5081e+08 5.0162e+06
0.145 2.4079e+08 4.8159e+06
0.146 2.309e+08 4.618e+06
0.147 2.3013e+08 4.6026e+06
0.148 2.2559e+08 4.5119e+06
0.149 2.2485e+08 4.4971e+06
0.15 2.1594e+08 4.3189e+06
0.151 2.1955e+08 4.3909e+06
0.152 2.1507e+08 4.3015e+06
0.153 2.0009e+08 4.0017e+06
0.154 2.1252e+08 4.2505e+06
0.155 2.0721e+08 4.1442e+06
0.156 1.9539e+08 3.9078e+06
0.157 1.9224e+08 3.8449e+06
0.158 1.7897e+08 3.5794e+06
0.159 1.7722e+08 3.5444e+06
0.16 1.7728e+08 3.5457e+06
0.161 1.801e+08 3.6019e+06
0.162 1.7696e+08 3.5392e+06
0.163 1.6284e+08 3.2569e+06
0.164 1.7105e+08 3.4211e+06
0.165 1.6415e+08 3.2831e+06
0.166 1.5838e+08 3.1676e+06
0.167 1.6739e+08 3.3479e+06
0.168 1.5226e+08 3.0453e+06
0.169 1.4849e+08 2.9698e+06
0.17 1.4843e+08 2.9686e+06
0.171 1.4252e+08 2.8505e+06
0.172 1.4246e+08 2.8493e+06
0.173 1.4635e+08 2.927e+06
0.174 1.3261e+08 2.6522e+06
0.175 1.3228e+08 2.6456e+06
0.176 1.2644e+08 2.5288e+06
0.177 1.2699e+08 2.5397e+06
0.178 1.2493e+08 2.4986e+06
0.179 1.2303e+08 2.4606e+06
0.18 1.1396e+08 2.2791e+06
0.181 1.1372e+08 2.2745e+06
0.182 1.1162e+08 2.2324e+06
0.183 1.1565e+08 2.3129e+06
0.184 1.0945e+08 2.189e+06
0.185 1.0231e+08 2.0461e+06
0.186 1.0654e+08 2.1308e+06
0.187 1.0372e+08 2.0744e+06
0.188 1.0004e+08 2.0008e+06
0.189 9.6433e+07 1.9287e+06
0.19 9.7818e+07 1.9564e+06
0.191 9.563e+07 1.9126e+06
0.192 8.6606e+07 1.7321e+06
0.193 8.7738e+07 1.7548e+06
0.194 8.5341e+07 1.7068e+06
0.195 8.9852e+07 1.797e+06
0.196 7.8184e+07 1.5637e+06
0.197 8.1639e+07 1.6328e+06
0.198 7.9907e+07 1.5981e+06
0.199 7.8662e+07 1.5732e+06
0.2 7.7909e+07 1.5582e+06
0.201 7.4231e+07 1.4846e+06
0.202 7.5522e+07 1.5104e+06
0.203 7.489e+07 1.4978e+06
0.204 7.2665e+07 1.4533e+06
0.205 7.4309e+07 1.4862e+06
0.206 6.4871e+07 1.2974e+06
0.207 7.3271e+07 1.4654e+06
0.208 6.8317e+07 1.3663e+06
0.209 6.5124e+07 1.3025e+06
0.21 6.0526e+07 1.2105e+06
0.211 6.0992e+07 1.2198e+06
0.212 5.6625e+07 1.1325e+06
0.213 5.5777e+07 1.1155e+06
0.214 5.1511e+07 1.0302e+06
0.215 5.3582e+07 1.0716e+06
0.216 5.6868e+07 1.1374e+06
0.217 5.6969e+07 1.1394e+06
0.218 5.3033e+07 1.0607e+06
0.219 5.3868e+07 1.0774e+06
0.22 5.1533e+07 1.0307e+06
0.221 4.2609e+07 8.5219e+05
0.222 4.9704e+07 9.9408e+05
0.223 5.0192e+07 1.0038e+06
0.224 5.331e+07 1.0662e+06
0.225 4.4776e+07 8.9552e+05
0.226 3.8706e+07 7.7412e+05
0.227 3.9085e+07 7.8171e+05
0.228 3.7403e+07 7.4806e+05
0.229 3.6247e+07 7.2493e+05
0.23 4.4279e+07 8.8559e+05
0.231 3.9195e+07 7.8389e+05
0.232 3.8413e+07 7.6826e+05
0.233 3.394e+07 6.788e+05
0.234 4.1036e+07 8.2072e+05
0.235 4.0151e+07 8.0302e+05
0.236 3.3637e+07 6.7274e+05
0.237 3.6238e+07 7.2476e+05
0.238 3.4435e+07 6.887e+05
0.239 3.5646e+07 7.1292e+05
0.24 3.466e+07 6.932e+05
0.241 3.3859e+07 6.7718e+05
0.242 3.3005e+07 6.6009e+05
0.243 2.5658e+07 5.1316e+05
0.244 3.1633e+07 6.3266e+05
0.245 3.1256e+07 6.2513e+05
0.246 2.873e+07 5.746e+05
0.247 2.6396e+07 5.2791e+05
0.248 2.4846e+07 4.9693e+05
0.249 3.1378e+07 6.2757e+05
0.25 2.3446e+07 4.6893e+05
0.251 2.9094e+07 5.8188e+05
0.252 2.5221e+07 5.0443e+05
0.253 2.7023e+07 5.4046e+05
0.254 2.5865e+07 5.1731e+05
0.255 2.6701e+07 5.3402e+05
0.256 2.55e+07 5.0999e+05
0.257 2.1419e+07 4.2839e+05
0.258 2.207e+07 4.4141e+05
0.259 2.218e+07 4.436e+05
0.26 2.3413e+07 4.6826e+05
0.261 2.0232e+07 4.0464e+05
0.262 1.9174e+07 3.8349e+05
0.263 2.3788e+07 4.7576e+05
0.264 2.147e+07 4.2941e+05
0.265 1.7863e+07 3.5727e+05
0.266 2.6374e+07 5.2748e+05
0.267 2.2331e+07 4.4662e+05
0.268 2.0873e+07 4.1746e+05
0.269 1.5971e+07 3.1942e+05
0.27 1.6374e+07 3.2749e+05
0.271 1.5884e+07 3.1768e+05
0.272 1.9815e+07 3.9631e+05
0.273 1.6478e+07 3.2957e+05
0.274 1.7643e+07 3.5286e+05
0.275 1.618e+07 3.2359e+05
0.276 1.2443e+07 2.4887e+05
0.277 1.8216e+07 3.6432e+05
0.278 1.8496e+07 3.6992e+05
0.279 1.3481e+07 2.6961e+05
0.28 1.5693e+07 3.1385e+05
0.281 1.3299e+07 2.6597e+05
0.282 1.1057e+07 2.2115e+05
0.283 1.7366e+07 3.4732e+05
0.284 1.021e+07 2.0419e+05
0.285 1.4683e+07 2.9366e+05
0.286 1.0937e+07 2.1875e+05
0.287 9.8182e+06 1.9636e+05
0.288 9.5368e+06 1.9074e+05
0.289 1.1346e+07 2.2692e+05
0.29 1.1493e+07 2.2986e+05
0.291 1.5888e+07 3.1776e+05
0.292 1.2959e+07 2.5917e+05
0.293 1.3096e+07 2.6193e+05
0.294 1.2383e+07 2.4765e+05
0.295 1.4007e+07 2.8014e+05
0.296 1.1995e+07 2.399e+05
0.297 1.5763e+07 3.1526e+05
0.298 7.8017e+06 1.5603e+05
0.299 7.2433e+06 1.4487e+05
0.3 1.1764e+07 2.3528e+05
0.301 8.2278e+06 1.6456e+05
0.302 1.1016e+07 2.2031e+05
0.303 1.1046e+07 2.2091e+05
0.304 1.1985e+07 2.3969e+05
0.305 8.2535e+06 1.6507e+05
0.306 1.2435e+07 2.4869e+05
0.307 1.1393e+07 2.2786e+05
0.308 1.046e+07 2.092e+05
0.309 9.6673e+06 1.9335e+05
0.31 9.6806e+06 1.9361e+05
0.311 1.2739e+07 2.5479e+05
0.312 1.0372e+07 2.0744e+05
0.313 1.2178e+07 2.4356e+05
0.314 1.1257e+07 2.2514e+05
0.315 8.8252e+06 1.765e+05
0.316 9.6767e+06 1.9353e+05
0.317 1.3905e+07 2.7811e+05
0.318 8.2138e+06 1.6428e+05
0.319 6.6944e+05 13389
0.32 1.0262e+07 2.0524e+05
0.321 9.263e+06 1.8526e+05
0.322 1.1852e+07 2.3704e+05
0.323 5.3328e+06 1.0666e+05
0.324 7.846e+06 1.5692e+05
0.325 9.6697e+06 1.9339e+05
0.326 7.4351e+06 1.487e+05
0.327 8.674e+06 1.7348e+05
0.328 8.1806e+06 1.6361e+05
0.329 7.5025e+06 1.5005e+05
0.33 9.093e+06 1.8186e+05
0.331 1.0783e+07 2.1567e+05
0.332 7.7478e+06 1.5496e+05
0.333 6.6581e+06 1.3316e+05
0.334 1.344e+07 2.6879e+05
0.335 5.0722e+06 1.0144e+05
0.336 8.2095e+06 1.6419e+05
0.337 3.9127e+06 78253
0.338 7.4193e+06 1.4839e+05
0.339 1.0199e+07 2.0399e+05
0.34 1.0995e+07 2.1989e+05
0.341 9.3225e+06 1.8645e+05
0.342 5.3074e+06 1.0615e+05
0.343 6.0013e+06 1.2003e+05
0.344 1.1365e+07 2.2731e+05
0.345 1.2002e+07 2.4004e+05
0.346 9.7866e+06 1.9573e+05
0.347 6.6258e+06 1.3252e+05
0.348 7.3728e+06 1.4746e+05
0.349 5.2529e+06 1.0506e+05
0.35 8.8987e+06 1.7797e+05
0.351 9.6568e+06 1.9314e+05
0.352 1.0014e+07 2.0027e+05
0.353 1.0463e+07 2.0925e+05
0.354 9.1291e+06 1.8258e+05
0.355 1.1622e+07 2.3244e+05
0.356 1.4121e+07 2.8242e+05
0.357 1.1302e+07 2.2604e+05
0.358 8.7841e+06 1.7568e+05
0.359 9.6865e+06 1.9373e+05
0.36 1.113e+07 2.2259e+05
0.361 1.2261e+07 2.4521e+05
0.362 8.2949e+06 1.659e+05
0.363 1.2062e+07 2.4124e+05
0.364 5.1858e+06 1.0372e+05
0.365 8.7623e+06 1.7525e+05
0.366 1.457e+07 2.9141e+05
0.367 1.2684e+07 2.5368e+05
0.368 9.8774e+06 1.9755e+05
0.369 1.3281e+07 2.6562e+05
0.37 1.3031e+07 2.6062e+05
0.371 1.3859e+07 2.7718e+05
0.372 1.1329e+07 2.2657e+05
0.373 1.3842e+07 2.7684e+05
0.374 1.3636e+07 2.7272e+05
0.375 1.0502e+07 2.1005e+05
0.376 1.2161e+07 2.4322e+05
0.377 1.405e+07 2.8101e+05
0.378 1.2093e+07 2.4185e+05
0.379 1.2342e+07 2.4684e+05
0.38 1.3951e+07 2.7902e+05
0.381 9.1091e+06 1.8218e+05
0.382 1.5608e+07 3.1216e+05
0.383 1.4107e+07 2.8215e+05
0.384 8.3195e+06 1.6639e+05
0.385 9.8303e+06 1.9661e+05
0.386 1.1656e+07 2.3312e+05
0.387 9.3658e+06 1.8732e+05
0.388 1.3779e+07 2.7558e+05
0.389 1.4792e+07 2.9583e+05
0.39 1.3804e+07 2.7608e+05
0.391 1.0471e+07 2.0942e+05
0.392 1.1424e+07 2.2849e+05
0.393 1.2621e+07 2.5243e+05
0.394 1.1292e+07 2.2583e+05
0.395 1.2804e+07 2.5607e+05
0.396 1.8062e+07 3.6124e+05
0.397 1.0793e+07 2.1585e+05
0.398 1.1647e+07 2.3294e+05
0.399 1.2028e+07 2.4056e+05
0.4 1.3546e+07 2.7093e+05
0.401 1.3654e+07 2.7308e+05
0.402 1.7464e+07 3.4929e+05
0.403 1.2725e+07 2.5449e+05
0.404 1.6959e+07 3.3918e+05
0.405 1.4198e+07 2.8397e+05
0.406 1.3128e+07 2.6256e+05
0.407 1.4939e+07 2.9878e+05
0.408 1.1666e+07 2.3332e+05
0.409 1.4188e+07 2.8376e+05
0.41 1.223e+07 2.446e+05
0.411 1.3508e+07 2.7015e+05
0.412 1.5796e+07 3.1592e+05
0.413 1.4569e+07 2.9139e+05
0.414 1.1443e+07 2.2887e+05
0.415 1.4669e+07 2.9338e+05
0.416 1.4665e+07 2.933e+05
0.417 1.4686e+07 2.9371e+05
0.418 1.2506e+07 2.5013e+05
0.419 1.4933e+07 2.9866e+05
0.42 1.707e+07 3.414e+05
0.421 1.548e+07 3.0959e+05
0.422 1.243e+07 2.486e+05
0.423 1.4636e+07 2.9272e+05
0.424 1.4481e+07 2.8961e+05
0.425 1.6835e+07 3.367e+05
0.426 1.4694e+07 2.9389e+05
0.427 8.851e+06 1.7702e+05
0.428 1.5454e+07 3.0909e+05
0.429 1.2729e+07 2.5459e+05
0.43 1.3433e+07 2.6865e+05
0.431 1.8761e+07 3.7523e+05
0.432 1.1714e+07 2.3427e+05
0.433 1.3797e+07 2.7594e+05
0.434 1.4818e+07 2.9636e+05
0.435 1.4586e+07 2.9172e+05
0.436 1.1598e+07 2.3196e+05
0.437 1.7996e+07 3.5991e+05
0.438 2.0348e+07 4.0697e+05
0.439 1.7224e+07 3.4449e+05
0.44 1.5137e+07 3.0273e+05
0.441 1.5425e+07 3.085e+05
0.442 1.2411e+07 2.4822e+05
0.443 1.267e+07 2.534e+05
0.444 1.4168e+07 2.8336e+05
0.445 1.0994e+07 2.1987e+05
0.446 1.602e+07 3.204e+05
0.447 2.0581e+07 4.1161e+05
0.448 1.5025e+07 3.0051e+05
0.449 1.3521e+07 2.7042e+05
0.45 1.5322e+07 3.0643e+05
0.451 1.5957e+07 3.1915e+05
0.452 1.1482e+07 2.2965e+05
0.453 1.6608e+07 3.3216e+05
0.454 1.3959e+07 2.7917e+05
0.455 1.5021e+07 3.0042e+05
0.456 1.8516e+07 3.7031e+05
0.457 1.3378e+07 2.6756e+05
0.458 1.2197e+07 2.4393e+05
0.459 1.7479e+07 3.4958e+05
0.46 1.6349e+07 3.2699e+05
0.461 1.4642e+07 2.9283e+05
0.462 1.6802e+07 3.3604e+05
0.463 1.0508e+07 2.1016e+05
0.464 1.6969e+07 3.3938e+05
0.465 1.5772e+07 3.1544e+05
0.466 1.2183e+07 2.4366e+05
0.467 1.5161e+07 3.0322e+05
0.468 1.7969e+07 3.5938e+05
0.469 1.7231e+07 3.4463e+05
0.47 1.2995e+07 2.599e+05
0.471 1.3537e+07 2.7075e+05
0.472 1.511e+07 3.0221e+05
0.473 1.4038e+07 2.8076e+05
0.474 1.4022e+07 2.8045e+05
0.475 1.1083e+07 2.2166e+05
0.476 1.0833e+07 2.1666e+05
0.477 1.3682e+07 2.7365e+05
0.478 1.2748e+07 2.5496e+05
0.479 1.7474e+07 3.4949e+05
0.48 1.0539e+07 2.1078e+05
0.481 1.492e+07 2.9841e+05
0.482 1.4797e+07 2.9593e+05
0.483 1.2971e+07 2.5943e+05
0.484 1.355e+07 2.71e+05
0.485 1.1913e+07 2.3826e+05
0.486 1.1463e+07 2.2927e+05
0.487 1.2854e+07 2.5707e+05
0.488 1.3427e+07 2.6854e+05
0.489 1.3849e+07 2.7697e+05
0.49 1.2845e+07 2.569e+05
0.491 1.0173e+07 2.0346e+05
0.492 1.4936e+07 2.9872e+05
0.493 1.216e+07 2.4321e+05
0.494 1.1309e+07 2.2618e+05
0.495 1.1618e+07 2.3236e+05
0.496 1.1474e+07 2.2948e+05
0.497 1.4251e+07 2.8502e+05
0.498 1.4264e+07 2.8528e+05
0.499 1.2409e+07 2.4819e+05
0.5 1.6529e+07 3.3058e+05
