0.001 7e+09 4.1749e+08
0.002 6.466e+09 2.9519e+08
0.003 6.8121e+09 2.41e+08
0.004 6.3806e+09 2.0868e+08
0.005 6.3586e+09 1.8662e+08
0.006 6.5322e+09 1.7032e+08
0.007 6.566e+09 1.5765e+08
0.008 6.3585e+09 1.4742e+08
0.009 6.5608e+09 1.3895e+08
0.01 6.3936e+09 1.3177e+08
0.011 6.3511e+09 1.2558e+08
0.012 6.3183e+09 1.2018e+08
0.013 6.4588e+09 1.1541e+08
0.014 6.4739e+09 1.1116e+08
0.015 6.448e+09 1.0733e+08
0.016 6.3131e+09 1.0386e+08
0.017 6.2765e+09 1.0069e+08
0.018 6.3931e+09 9.7789e+07
0.019 6.2331e+09 9.5114e+07
0.02 6.1846e+09 9.2636e+07
0.021 6.1421e+09 9.0332e+07
0.022 6.3188e+09 8.8183e+07
0.023 6.2966e+09 8.6171e+07
0.024 6.1694e+09 8.4281e+07
0.025 6.1239e+09 8.2501e+07
0.026 6.1734e+09 8.0821e+07
0.027 6.054e+09 7.923e+07
0.028 6.0478e+09 7.7722e+07
0.029 6.0413e+09 7.6288e+07
0.03 5.9914e+09 7.4923e+07
0.031 5.9463e+09 7.362e+07
0.032 6.0691e+09 7.2376e+07
0.033 6.0541e+09 7.1184e+07
0.034 5.7625e+09 7.0042e+07
0.035 5.911e+09 6.8946e+07
0.036 5.829e+09 6.7893e+07
0.037 5.7106e+09 6.6879e+07
0.038 5.7754e+09 6.5903e+07
0.039 5.6905e+09 6.4961e+07
0.04 5.7283e+09 6.4051e+07
0.041 5.7013e+09 6.3173e+07
0.042 5.6874e+09 6.2322e+07
0.043 5.7371e+09 6.1499e+07
0.044 5.5124e+09 6.0701e+07
0.045 5.568e+09 5.9928e+07
0.046 5.6438e+09 5.9177e+07
0.047 5.5871e+09 5.8447e+07
0.048 5.4271e+09 5.7739e+07
0.049 5.3508e+09 5.7049e+07
0.05 5.4551e+09 5.6378e+07
0.051 5.3206e+09 5.5724e+07
0.052 5.2694e+09 5.5087e+07
0.053 5.2306e+09 5.4466e+07
0.054 5.1661e+09 5.3861e+07
0.055 5.1636e+09 5.327e+07
0.056 5.0584e+09 5.2692e+07
0.057 5.0238e+09 5.2128e+07
0.058 5.0024e+09 5.1577e+07
0.059 5.0361e+09 5.1038e+07
0.06 4.9327e+09 5.0511e+07
0.061 4.9116e+09 4.9995e+07
0.062 4.8966e+09 4.949e+07
0.063 4.7536e+09 4.8996e+07
0.064 4.7617e+09 4.8511e+07
0.065 4.7645e+09 4.8037e+07
0.066 4.7249e+09 4.7571e+07
0.067 4.5991e+09 4.7115e+07
0.068 4.6043e+09 4.6667e+07
0.069 4.5809e+09 4.6228e+07
0.07 4.5955e+09 4.5797e+07
0.071 4.4977e+09 4.5374e+07
0.072 4.458e+09 4.4958e+07
0.073 4.3904e+09 4.455e+07
0.074 4.2194e+09 4.415e+07
0.075 4.2575e+09 4.3756e+07
0.076 4.3509e+09 4.3369e+07
0.077 4.1937e+09 4.2988e+07
0.078 4.2219e+09 4.2615e+07
0.079 4.187e+09 4.2247e+07
0.08 4.0929e+09 4.1885e+07
0.081 4.0532e+09 4.1529e+07
0.082 4.0695e+09 4.1179e+07
0.083 3.9485e+09 4.0835e+07
0.084 3.9041e+09 4.0496e+07
0.085 3.8219e+09 4.0162e+07
0.086 3.7752e+09 3.9834e+07
0.087 3.7124e+09 3.9511e+07
0.088 3.6912e+09 3.9193e+07
0.089 3.7229e+09 3.8879e+07
0.09 3.5871e+09 3.857e+07
0.091 3.6193e+09 3.8266e+07
0.092 3.4914e+09 3.7967e+07
0.093 3.449e+09 3.7672e+07
0.094 3.4335e+09 3.7381e+07
0.095 3.4432e+09 3.7095e+07
0.096 3.3046e+09 3.6813e+07
0.097 3.214e+09 3.6534e+07
0.098 3.2429e+09 3.626e+07
0.099 3.2103e+09 3.599e+07
0.1 3.1277e+09 3.5724e+07
0.101 3.1133e+09 3.5461e+07
0.102 3.0638e+09 3.5203e+07
0.103 3.0743e+09 3.4948e+07
0.104 3.0133e+09 3.4696e+07
0.105 3.0023e+09 3.4448e+07
0.106 2.8915e+09 3.4204e+07
0.107 2.8821e+09 3.3963e+07
0.108 2.794e+09 3.3725e+07
0.109 2.7891e+09 3.349e+07
0.11 2.7558e+09 3.3259e+07
0.111 2.6998e+09 3.3031e+07
0.112 2.705e+09 3.2806e+07
0.113 2.6656e+09 3.2584e+07
0.114 2.6136e+09 3.2365e+07
0.115 2.5873e+09 3.215e+07
0.116 2.5385e+09 3.1937e+07
0.117 2.4885e+09 3.1727e+07
0.118 2.4678e+09 3.152e+07
0.119 2.4183e+09 3.1315e+07
0.12 2.4134e+09 3.1114e+07
0.121 2.3713e+09 3.0915e+07
0.122 2.2824e+09 3.0718e+07
0.123 2.2407e+09 3.0525e+07
0.124 2.2213e+09 3.0334e+07
0.125 2.1796e+09 3.0145e+07
0.126 2.1239e+09 2.9959e+07
0.127 2.093e+09 2.9776e+07
0.128 2.1473e+09 2.9595e+07
0.129 2.0953e+09 2.9416e+07
0.13 2.0379e+09 2.924e+07
0.131 1.9588e+09 2.9066e+07
0.132 1.9655e+09 2.8894e+07
0.133 1.8963e+09 2.8725e+07
0.134 1.8902e+09 2.8558e+07
0.135 1.8969e+09 2.8393e+07
0.136 1.8013e+09 2.823e+07
0.137 1.8102e+09 2.807e+07
0.138 1.7856e+09 2.7911e+07
0.139 1.7444e+09 2.7755e+07
0.14 1.6772e+09 2.76e+07
0.141 1.6856e+09 2.7448e+07
0.142 1.666e+09 2.7297e+07
0.143 1.6426e+09 2.7149e+07
0.144 1.5722e+09 2.7002e+07
0.145 1.5482e+09 2.6858e+07
0.146 1.5271e+09 2.6715e+07
0.147 1.5476e+09 2.6574e+07
0.148 1.4765e+09 2.6435e+07
0.149 1.5086e+09 2.6298e+07
0.15 1.4545e+09 2.6162e+07
0.151 1.3907e+09 2.6028e+07
0.152 1.3637e+09 2.5896e+07
0.153 1.3709e+09 2.5766e+07
0.154 1.3677e+09 2.5637e+07
0.155 1.2655e+09 2.551e+07
0.156 1.3015e+09 2.5385e+07
0.157 1.2239e+09 2.5261e+07
0.158 1.2343e+09 2.5138e+07
0.159 1.2287e+09 2.5018e+07
0.16 1.1648e+09 2.4898e+07
0.161 1.1066e+09 2.478e+07
0.162 1.1626e+09 2.4664e+07
0.163 1.0699e+09 2.4549e+07
0.164 1.1178e+09 2.4436e+07
0.165 1.0602e+09 2.4324e+07
0.166 1.0525e+09 2.4213e+07
0.167 1.0151e+09 2.4104e+07
0.168 1.0409e+09 2.3996e+07
0.169 9.6026e+08 2.389e+07
0.17 9.7336e+08 2.3784e+07
0.171 1.0211e+09 2.368e+07
0.172 9.2562e+08 2.3578e+07
0.173 9.0859e+08 2.3476e+07
0.174 9.3574e+08 2.3376e+07
0.175 9.2026e+08 2.3277e+07
0.176 8.3477e+08 2.3179e+07
0.177 8.4757e+08 2.3083e+07
0.178 8.4026e+08 2.2987e+07
0.179 8.023e+08 2.2893e+07
0.18 7.8104e+08 2.28e+07
0.181 7.4057e+08 2.2708e+07
0.182 7.6876e+08 2.2617e+07
0.183 7.7021e+08 2.2527e+07
0.184 7.3707e+08 2.2438e+07
0.185 7.2065e+08 2.2351e+07
0.186 7.433e+08 2.2264e+07
0.187 6.7065e+08 2.2178e+07
0.188 6.4368e+08 2.2094e+07
0.189 6.5258e+08 2.201e+07
0.19 6.0725e+08 2.1927e+07
0.191 6.1332e+08 2.1845e+07
0.192 6.4536e+08 2.1765e+07
0.193 5.8044e+08 2.1685e+07
0.194 5.3497e+08 2.1606e+07
0.195 5.4567e+08 2.1528e+07
0.196 5.268e+08 2.145e+07
0.197 5.5032e+08 2.1374e+07
0.198 5.3133e+08 2.1299e+07
0.199 5.1898e+08 2.1224e+07
0.2 5.205e+08 2.1151e+07
0.201 5.2582e+08 2.1078e+07
0.202 4.6569e+08 2.1006e+07
0.203 4.9377e+08 2.0934e+07
0.204 4.717e+08 2.0864e+07
0.205 4.3684e+08 2.0794e+07
0.206 4.5306e+08 2.0725e+07
0.207 4.6013e+08 2.0657e+07
0.208 4.5509e+08 2.059e+07
0.209 3.86e+08 2.0523e+07
0.21 3.6818e+08 2.0458e+07
0.211 3.764e+08 2.0392e+07
0.212 3.6401e+08 2.0328e+07
0.213 3.5213e+08 2.0264e+07
0.214 3.4053e+08 2.0201e+07
0.215 3.3755e+08 2.0139e+07
0.216 3.7983e+08 2.0077e+07
0.217 3.383e+08 2.0016e+07
0.218 3.0203e+08 1.9956e+07
0.219 3.3475e+08 1.9896e+07
0.22 3.2039e+08 1.9837e+07
0.221 3.0786e+08 1.9779e+07
0.222 2.9051e+08 1.9721e+07
0.223 2.7197e+08 1.9664e+07
0.224 2.6315e+08 1.9608e+07
0.225 2.4727e+08 1.9552e+07
0.226 2.4258e+08 1.9496e+07
0.227 2.0788e+08 1.9442e+07
0.228 2.5629e+08 1.9388e+07
0.229 2.2207e+08 1.9334e+07
0.23 2.3305e+08 1.9281e+07
0.231 2.1002e+08 1.9229e+07
0.232 2.1857e+08 1.9177e+07
0.233 2.2476e+08 1.9125e+07
0.234 2.1072e+08 1.9075e+07
0.235 1.9485e+08 1.9024e+07
0.236 1.5761e+08 1.8975e+07
0.237 1.841e+08 1.8925e+07
0.238 1.8519e+08 1.8877e+07
0.239 1.606e+08 1.8828e+07
0.24 1.467e+08 1.8781e+07
0.241 1.672e+08 1.8733e+07
0.242 1.9548e+08 1.8687e+07
0.243 1.4543e+08 1.864e+07
0.244 1.9068e+08 1.8595e+07
0.245 1.5344e+08 1.8549e+07
0.246 1.3691e+08 1.8504e+07
0.247 1.318e+08 1.846e+07
0.248 1.2588e+08 1.8416e+07
0.249 1.3017e+08 1.8373e+07
0.25 9.9035e+07 1.8329e+07
0.251 1.0482e+08 1.8287e+07
0.252 9.3162e+07 1.8245e+07
0.253 1.1043e+08 1.8203e+07
0.254 1.0799e+08 1.8161e+07
0.255 1.1373e+08 1.812e+07
0.256 9.7469e+07 1.808e+07
0.257 9.3049e+07 1.804e+07
0.258 6.1274e+07 1.8e+07
0.259 1.1754e+08 1.796e+07
0.26 5.352e+07 1.7921e+07
0.261 1.2626e+08 1.7883e+07
0.262 7.3028e+07 1.7845e+07
0.263 6.191e+07 1.7807e+07
0.264 8.9713e+07 1.7769e+07
0.265 1.0064e+08 1.7732e+07
0.266 9.2349e+07 1.7695e+07
0.267 8.1039e+07 1.7658e+07
0.268 6.9874e+07 1.7622e+07
0.269 5.5446e+07 1.7587e+07
0.27 6.5171e+07 1.7551e+07
0.271 6.4346e+07 1.7516e+07
0.272 6.4265e+07 1.7481e+07
0.273 7.647e+07 1.7446e+07
0.274 4.9582e+07 1.7412e+07
0.275 7.763e+07 1.7378e+07
0.276 5.9679e+07 1.7345e+07
0.277 3.2314e+07 1.7311e+07
0.278 6.5443e+07 1.7278e+07
0.279 6.9622e+07 1.7246e+07
0.28 2.7913e+07 1.7213e+07
0.281 4.8288e+07 1.7181e+07
0.282 6.5207e+07 1.7149e+07
0.283 3.7053e+07 1.7117e+07
0.284 4.8268e+07 1.7086e+07
0.285 3.6854e+07 1.7055e+07
0.286 2.7043e+07 1.7024e+07
0.287 4.417e+07 1.6994e+07
0.288 1.713e+07 1.6963e+07
0.289 3.8303e+07 1.6933e+07
0.29 4.4659e+07 1.6903e+07
0.291 4.2213e+07 1.6874e+07
0.292 5e+07 1.6844e+07
0.293 3.103e+07 1.6815e+07
0.294 6.6346e+07 1.6786e+07
0.295 4.7267e+07 1.6757e+07
0.296 7.0415e+07 1.6729e+07
0.297 7.7612e+06 1.6701e+07
0.298 2.7714e+07 1.6673e+07
0.299 4.7169e+07 1.6645e+07
0.3 2.544e+07 1.6617e+07
0.301 5.7797e+07 1.659e+07
0.302 2.5538e+06 1.6562e+07
0.303 3.0223e+07 1.6535e+07
0.304 6.2357e+07 1.6509e+07
0.305 2.5512e+07 1.6482e+07
0.306 5.0791e+07 1.6455e+07
0.307 6.2208e+07 1.6429e+07
0.308 7.2238e+07 1.6403e+07
0.309 4.0219e+07 1.6377e+07
0.31 8.3681e+07 1.6351e+07
0.311 3.9307e+07 1.6326e+07
0.312 7.3832e+07 1.63e+07
0.313 1.9981e+07 1.6275e+07
0.314 2.9149e+07 1.625e+07
0.315 2.424e+07 1.6225e+07
0.316 1.2819e+07 1.62e+07
0.317 5.9165e+07 1.6175e+07
0.318 5.829e+07 1.6151e+07
0.319 5.6821e+07 1.6126e+07
0.32 5.6202e+07 1.6102e+07
0.321 2.1933e+07 1.6078e+07
0.322 7.3478e+07 1.6054e+07
0.323 4.0527e+07 1.603e+07
0.324 6.2241e+07 1.6006e+07
0.325 6.5203e+07 1.5983e+07
0.326 6.0517e+07 1.596e+07
0.327 6.9691e+07 1.5936e+07
0.328 6.0924e+07 1.5913e+07
0.329 6.7418e+07 1.589e+07
0.33 4.7886e+07 1.5867e+07
0.331 4.2196e+07 1.5844e+07
0.332 5.5017e+07 1.5822e+07
0.333 4.776e+07 1.5799e+07
0.334 7.1e+07 1.5776e+07
0.335 5.9615e+07 1.5754e+07
0.336 6.9073e+07 1.5732e+07
0.337 7.3709e+07 1.571e+07
0.338 7.6935e+07 1.5688e+07
0.339 7.0424e+07 1.5666e+07
0.34 6.6793e+07 1.5644e+07
0.341 6.2163e+07 1.5622e+07
0.342 4.5671e+07 1.5601e+07
0.343 7.1165e+07 1.5579e+07
0.344 6.557e+07 1.5558e+07
0.345 8.0545e+07 1.5536e+07
0.346 8.4573e+07 1.5515e+07
0.347 6.7767e+07 1.5494e+07
0.348 5.9289e+07 1.5473e+07
0.349 8.4885e+07 1.5452e+07
0.35 7.5019e+07 1.5431e+07
0.351 1.006e+08 1.541e+07
0.352 9.4774e+07 1.5389e+07
0.353 7.9668e+07 1.5369e+07
0.354 5.6153e+07 1.5348e+07
0.355 8.6807e+07 1.5328e+07
0.356 7.347e+07 1.5307e+07
0.357 7.8077e+07 1.5287e+07
0.358 7.6886e+07 1.5267e+07
0.359 7.2543e+07 1.5247e+07
0.36 6.7429e+07 1.5226e+07
0.361 8.7706e+07 1.5206e+07
0.362 8.5402e+07 1.5186e+07
0.363 1.1288e+08 1.5167e+07
0.364 8.127e+07 1.5147e+07
0.365 7.962e+07 1.5127e+07
0.366 9.4955e+07 1.5107e+07
0.367 1.0584e+08 1.5088e+07
0.368 1.1328e+08 1.5068e+07
0.369 8.6775e+07 1.5049e+07
0.37 9.0475e+07 1.5029e+07
0.371 1.0052e+08 1.501e+07
0.372 9.6333e+07 1.4991e+07
0.373 8.8899e+07 1.4972e+07
0.374 1.0804e+08 1.4953e+07
0.375 1.0063e+08 1.4933e+07
0.376 1.1154e+08 1.4914e+07
0.377 9.7035e+07 1.4896e+07
0.378 1.1195e+08 1.4877e+07
0.379 1.1216e+08 1.4858e+07
0.38 9.8364e+07 1.4839e+07
0.381 8.3268e+07 1.482e+07
0.382 1.0992e+08 1.4802e+07
0.383 1.0285e+08 1.4783e+07
0.384 1.2204e+08 1.4765e+07
0.385 1.0129e+08 1.4746e+07
0.386 1.1132e+08 1.4728e+07
0.387 1.0522e+08 1.4709e+07
0.388 9.8143e+07 1.4691e+07
0.389 1.0682e+08 1.4673e+07
0.39 1.1442e+08 1.4655e+07
0.391 1.0422e+08 1.4636e+07
0.392 1.01e+08 1.4618e+07
0.393 1.186e+08 1.46e+07
0.394 9.6361e+07 1.4582e+07
0.395 8.99e+07 1.4564e+07
0.396 1.1202e+08 1.4547e+07
0.397 9.3903e+07 1.4529e+07
0.398 8.9051e+07 1.4511e+07
0.399 1.131e+08 1.4493e+07
0.4 1.2e+08 1.4476e+07
0.401 1.0378e+08 1.4458e+07
0.402 1.1894e+08 1.444e+07
0.403 9.3455e+07 1.4423e+07
0.404 1.1333e+08 1.4405e+07
0.405 9.6911e+07 1.4388e+07
0.406 1.0032e+08 1.4371e+07
0.407 1.0095e+08 1.4353e+07
0.408 8.1472e+07 1.4336e+07
0.409 1.2504e+08 1.4319e+07
0.41 8.9967e+07 1.4302e+07
0.411 1.1469e+08 1.4284e+07
0.412 1.1997e+08 1.4267e+07
0.413 1.0245e+08 1.425e+07
0.414 1.152e+08 1.4233e+07
0.415 1.4666e+08 1.4216e+07
0.416 1.3045e+08 1.4199e+07
0.417 1.1005e+08 1.4183e+07
0.418 1.0607e+08 1.4166e+07
0.419 1.1249e+08 1.4149e+07
0.42 1.0299e+08 1.4132e+07
0.421 1.2381e+08 1.4116e+07
0.422 1.1166e+08 1.4099e+07
0.423 8.1939e+07 1.4082e+07
0.424 1.3602e+08 1.4066e+07
0.425 1.1951e+08 1.4049e+07
0.426 1.2896e+08 1.4033e+07
0.427 1.1325e+08 1.4016e+07
0.428 1.0959e+08 1.4e+07
0.429 1.0886e+08 1.3984e+07
0.43 8.3462e+07 1.3967e+07
0.431 1.2474e+08 1.3951e+07
0.432 1.5024e+08 1.3935e+07
0.433 1.182e+08 1.3919e+07
0.434 1.248e+08 1.3903e+07
0.435 1.3314e+08 1.3887e+07
0.436 1.2094e+08 1.3871e+07
0.437 1.314e+08 1.3855e+07
0.438 1.3533e+08 1.3839e+07
0.439 1.0096e+08 1.3823e+07
0.44 1.2417e+08 1.3807e+07
0.441 1.3199e+08 1.3791e+07
0.442 1.1681e+08 1.3775e+07
0.443 1.204e+08 1.376e+07
0.444 1.2785e+08 1.3744e+07
0.445 1.3133e+08 1.3728e+07
0.446 1.1707e+08 1.3713e+07
0.447 1.2322e+08 1.3697e+07
0.448 9.2487e+07 1.3682e+07
0.449 1.231e+08 1.3666e+07
0.45 9.3356e+07 1.3651e+07
0.451 1.1859e+08 1.3636e+07
0.452 1.1496e+08 1.362e+07
0.453 1.0627e+08 1.3605e+07
0.454 1.1852e+08 1.359e+07
0.455 1.2606e+08 1.3574e+07
0.456 1.1618e+08 1.3559e+07
0.457 1.0499e+08 1.3544e+07
0.458 9.7047e+07 1.3529e+07
0.459 1.1788e+08 1.3514e+07
0.46 9.6043e+07 1.3499e+07
0.461 9.9953e+07 1.3484e+07
0.462 1.1233e+08 1.3469e+07
0.463 8.621e+07 1.3454e+07
0.464 1.0927e+08 1.3439e+07
0.465 8.5724e+07 1.3425e+07
0.466 1.346e+08 1.341e+07
0.467 1.1264e+08 1.3395e+07
0.468 1.1333e+08 1.3381e+07
0.469 1.1094e+08 1.3366e+07
0.47 1.2817e+08 1.3351e+07
0.471 1.0984e+08 1.3337e+07
0.472 1.2477e+08 1.3322e+07
0.473 1.1984e+08 1.3308e+07
0.474 8.109e+07 1.3294e+07
0.475 1.0612e+08 1.3279e+07
0.476 9.9161e+07 1.3265e+07
0.477 1.2969e+08 1.3251e+07
0.478 8.9913e+07 1.3236e+07
0.479 1.1295e+08 1.3222e+07
0.48 1.005e+08 1.3208e+07
0.481 9.3815e+07 1.3194e+07
0.482 1.0811e+08 1.318e+07
0.483 8.6651e+07 1.3166e+07
0.484 9.5138e+07 1.3152e+07
0.485 1.2584e+08 1.3138e+07
0.486 9.7727e+07 1.3124e+07
0.487 9.8136e+07 1.311e+07
0.488 9.6483e+07 1.3096e+07
0.489 1.2083e+08 1.3083e+07
0.49 1.3006e+08 1.3069e+07
0.491 8.8371e+07 1.3055e+07
0.492 9.5294e+07 1.3041e+07
0.493 1.3215e+08 1.3028e+07
0.494 9.7366e+07 1.3014e+07
0.495 7.7784e+07 1.3001e+07
0.496 1.0573e+08 1.2987e+07
0.497 8.9008e+07 1.2974e+07
0.498 7.3153e+07 1.296e+07
0.499 1.0176e+08 1.2947e+07
0.5 1.0658e+08 1.2934e+07
