0.001 4.9105e+10 2.5148e+09
0.002 4.9941e+10 1.7778e+09
0.003 5.1397e+10 1.451e+09
0.004 4.9498e+10 1.2558e+09
0.005 4.9165e+10 1.1224e+09
0.006 5.1833e+10 1.0236e+09
0.007 4.995e+10 9.4667e+08
0.008 5.0489e+10 8.844e+08
0.009 5.0898e+10 8.3263e+08
0.01 4.9888e+10 7.8864e+08
0.011 4.9374e+10 7.506e+08
0.012 4.7839e+10 7.1726e+08
0.013 4.9085e+10 6.8766e+08
0.014 4.7886e+10 6.6114e+08
0.015 4.8661e+10 6.3717e+08
0.016 4.8331e+10 6.1533e+08
0.017 4.8594e+10 5.953e+08
0.018 4.8247e+10 5.7683e+08
0.019 4.7223e+10 5.597e+08
0.02 4.6647e+10 5.4375e+08
0.021 4.7204e+10 5.2882e+08
0.022 4.6201e+10 5.1481e+08
0.023 4.5713e+10 5.016e+08
0.024 4.5584e+10 4.8911e+08
0.025 4.568e+10 4.7727e+08
0.026 4.439e+10 4.6602e+08
0.027 4.4613e+10 4.5529e+08
0.028 4.3752e+10 4.4505e+08
0.029 4.3329e+10 4.3524e+08
0.03 4.3228e+10 4.2583e+08
0.031 4.232e+10 4.168e+08
0.032 4.1077e+10 4.081e+08
0.033 4.1781e+10 3.9972e+08
0.034 4.1114e+10 3.9163e+08
0.035 4.0154e+10 3.8381e+08
0.036 3.9844e+10 3.7624e+08
0.037 3.9133e+10 3.689e+08
0.038 3.8309e+10 3.6179e+08
0.039 3.8292e+10 3.5488e+08
0.04 3.77e+10 3.4817e+08
0.041 3.6552e+10 3.4164e+08
0.042 3.7175e+10 3.3528e+08
0.043 3.5605e+10 3.2909e+08
0.044 3.5102e+10 3.2305e+08
0.045 3.4627e+10 3.1716e+08
0.046 3.3978e+10 3.1141e+08
0.047 3.3528e+10 3.0579e+08
0.048 3.2701e+10 3.003e+08
0.049 3.267e+10 2.9494e+08
0.05 3.1459e+10 2.8969e+08
0.051 3.1162e+10 2.8456e+08
0.052 3.0786e+10 2.7953e+08
0.053 2.9812e+10 2.7461e+08
0.054 2.9354e+10 2.6979e+08
0.055 2.8552e+10 2.6507e+08
0.056 2.831e+10 2.6044e+08
0.057 2.7528e+10 2.559e+08
0.058 2.709e+10 2.5145e+08
0.059 2.598e+10 2.4709e+08
0.06 2.6065e+10 2.4282e+08
0.061 2.5553e+10 2.3862e+08
0.062 2.4896e+10 2.345e+08
0.063 2.4423e+10 2.3047e+08
0.064 2.3172e+10 2.2651e+08
0.065 2.3015e+10 2.2262e+08
0.066 2.264e+10 2.1881e+08
0.067 2.1907e+10 2.1506e+08
0.068 2.1483e+10 2.1139e+08
0.069 2.1112e+10 2.0779e+08
0.07 2.0284e+10 2.0425e+08
0.071 1.9888e+10 2.0079e+08
0.072 1.951e+10 1.9738e+08
0.073 1.9132e+10 1.9405e+08
0.074 1.8604e+10 1.9077e+08
0.075 1.8236e+10 1.8756e+08
0.076 1.7634e+10 1.8441e+08
0.077 1.7211e+10 1.8132e+08
0.078 1.6737e+10 1.7829e+08
0.079 1.5907e+10 1.7532e+08
0.08 1.5449e+10 1.7241e+08
0.081 1.5045e+10 1.6956e+08
0.082 1.4845e+10 1.6676e+08
0.083 1.4274e+10 1.6402e+08
0.084 1.3741e+10 1.6134e+08
0.085 1.3454e+10 1.5871e+08
0.086 1.3049e+10 1.5614e+08
0.087 1.2694e+10 1.5362e+08
0.088 1.2433e+10 1.5115e+08
0.089 1.1926e+10 1.4874e+08
0.09 1.1519e+10 1.4638e+08
0.091 1.1287e+10 1.4407e+08
0.092 1.1012e+10 1.4181e+08
0.093 1.0659e+10 1.396e+08
0.094 1.0266e+10 1.3744e+08
0.095 9.9859e+09 1.3533e+08
0.096 9.6059e+09 1.3327e+08
0.097 9.5115e+09 1.3126e+08
0.098 9.131e+09 1.2929e+08
0.099 8.5855e+09 1.2737e+08
0.1 8.6648e+09 1.255e+08
0.101 8.0462e+09 1.2367e+08
0.102 8.0357e+09 1.2188e+08
0.103 7.726e+09 1.2014e+08
0.104 7.4687e+09 1.1845e+08
0.105 7.2324e+09 1.1679e+08
0.106 7.0069e+09 1.1518e+08
0.107 6.8934e+09 1.136e+08
0.108 6.6217e+09 1.1207e+08
0.109 6.1675e+09 1.1058e+08
0.11 6.2061e+09 1.0912e+08
0.111 5.8351e+09 1.0771e+08
0.112 5.8747e+09 1.0633e+08
0.113 5.4498e+09 1.0498e+08
0.114 5.4993e+09 1.0368e+08
0.115 5.2638e+09 1.024e+08
0.116 5.0806e+09 1.0116e+08
0.117 5.0301e+09 9.996e+07
0.118 4.6697e+09 9.8787e+07
0.119 4.7695e+09 9.7647e+07
0.12 4.6526e+09 9.6537e+07
0.121 4.4089e+09 9.5458e+07
0.122 4.4662e+09 9.4408e+07
0.123 4.0238e+09 9.3386e+07
0.124 3.7948e+09 9.2392e+07
0.125 3.7759e+09 9.1426e+07
0.126 3.6308e+09 9.0486e+07
0.127 3.5076e+09 8.9571e+07
0.128 3.5527e+09 8.8681e+07
0.129 3.4204e+09 8.7815e+07
0.13 3.2652e+09 8.6973e+07
0.131 3.075e+09 8.6153e+07
0.132 3.141e+09 8.5355e+07
0.133 3.0037e+09 8.4578e+07
0.134 3.0123e+09 8.3821e+07
0.135 2.7866e+09 8.3085e+07
0.136 2.6658e+09 8.2367e+07
0.137 2.5985e+09 8.1668e+07
0.138 2.5651e+09 8.0987e+07
0.139 2.4392e+09 8.0324e+07
0.14 2.4484e+09 7.9677e+07
0.141 2.35e+09 7.9046e+07
0.142 2.2863e+09 7.8431e+07
0.143 2.1817e+09 7.783e+07
0.144 1.9522e+09 7.7244e+07
0.145 2.0716e+09 7.6673e+07
0.146 2.085e+09 7.6114e+07
0.147 1.9318e+09 7.5569e+07
0.148 2.0138e+09 7.5036e+07
0.149 1.9613e+09 7.4516e+07
0.15 1.7788e+09 7.4007e+07
0.151 1.8231e+09 7.3509e+07
0.152 1.6503e+09 7.3023e+07
0.153 1.646e+09 7.2547e+07
0.154 1.5896e+09 7.2081e+07
0.155 1.5652e+09 7.1625e+07
0.156 1.6264e+09 7.1178e+07
0.157 1.5103e+09 7.0741e+07
0.158 1.4502e+09 7.0313e+07
0.159 1.4199e+09 6.9893e+07
0.16 1.3149e+09 6.9482e+07
0.161 1.4004e+09 6.9078e+07
0.162 1.3018e+09 6.8683e+07
0.163 1.2843e+09 6.8296e+07
0.164 1.3259e+09 6.7915e+07
0.165 1.254e+09 6.7542e+07
0.166 1.1641e+09 6.7176e+07
0.167 1.0434e+09 6.6817e+07
0.168 1.0736e+09 6.6465e+07
0.169 1.2187e+09 6.6119e+07
0.17 9.9407e+08 6.5779e+07
0.171 1.0243e+09 6.5446e+07
0.172 9.8659e+08 6.5118e+07
0.173 9.5531e+08 6.4797e+07
0.174 1.0549e+09 6.4481e+07
0.175 1.0061e+09 6.4171e+07
0.176 8.4238e+08 6.3866e+07
0.177 8.4848e+08 6.3567e+07
0.178 9.0641e+08 6.3273e+07
0.179 8.338e+08 6.2984e+07
0.18 8.243e+08 6.2701e+07
0.181 7.2487e+08 6.2422e+07
0.182 7.7202e+08 6.2148e+07
0.183 7.4916e+08 6.1879e+07
0.184 7.1569e+08 6.1615e+07
0.185 7.5322e+08 6.1355e+07
0.186 7.269e+08 6.1099e+07
0.187 5.6381e+08 6.0848e+07
0.188 6.0747e+08 6.0602e+07
0.189 6.3077e+08 6.0359e+07
0.19 5.7299e+08 6.0121e+07
0.191 5.7056e+08 5.9887e+07
0.192 7.065e+08 5.9657e+07
0.193 6.2527e+08 5.9431e+07
0.194 4.4971e+08 5.9208e+07
0.195 5.7787e+08 5.899e+07
0.196 5.8728e+08 5.8775e+07
0.197 4.4648e+08 5.8563e+07
0.198 5.5801e+08 5.8355e+07
0.199 5.1891e+08 5.8151e+07
0.2 5.0499e+08 5.795e+07
0.201 5.3727e+08 5.7752e+07
0.202 4.6127e+08 5.7558e+07
0.203 4.962e+08 5.7367e+07
0.204 5.1967e+08 5.7179e+07
0.205 4.8402e+08 5.6994e+07
0.206 5.0285e+08 5.6811e+07
0.207 3.6323e+08 5.6632e+07
0.208 3.3413e+08 5.6455e+07
0.209 2.5026e+08 5.6282e+07
0.21 2.5451e+08 5.6111e+07
0.211 4.8315e+08 5.5942e+07
0.212 4.6715e+08 5.5776e+07
0.213 3.8207e+08 5.5612e+07
0.214 3.9121e+08 5.5451e+07
0.215 4.1676e+08 5.5292e+07
0.216 1.7302e+08 5.5136e+07
0.217 3.2487e+08 5.4981e+07
0.218 3.046e+08 5.4829e+07
0.219 2.9772e+08 5.4679e+07
0.22 3.3346e+08 5.4531e+07
0.221 2.414e+08 5.4385e+07
0.222 3.2414e+08 5.424e+07
0.223 3.291e+08 5.4098e+07
0.224 2.3585e+08 5.3957e+07
0.225 3.2857e+08 5.3818e+07
0.226 3.5404e+08 5.3681e+07
0.227 3.9615e+08 5.3545e+07
0.228 2.4451e+08 5.3411e+07
0.229 3.5749e+08 5.3278e+07
0.23 3.8407e+08 5.3147e+07
0.231 2.9684e+08 5.3018e+07
0.232 2.6444e+08 5.289e+07
0.233 2.8045e+08 5.2763e+07
0.234 2.8937e+08 5.2637e+07
0.235 3.1923e+08 5.2513e+07
0.236 2.8447e+08 5.239e+07
0.237 1.7878e+08 5.2268e+07
0.238 3.14e+08 5.2147e+07
0.239 3.4224e+08 5.2028e+07
0.24 2.4976e+08 5.1909e+07
0.241 2.3706e+08 5.1792e+07
0.242 1.8909e+08 5.1676e+07
0.243 2.6318e+08 5.156e+07
0.244 2.096e+08 5.1446e+07
0.245 2.8426e+08 5.1333e+07
0.246 2.6539e+08 5.122e+07
0.247 1.3783e+08 5.1109e+07
0.248 3.4037e+08 5.0999e+07
0.249 1.7286e+08 5.0889e+07
0.25 2.0789e+08 5.078e+07
0.251 2.8734e+08 5.0672e+07
0.252 2.2862e+08 5.0565e+07
0.253 1.8679e+08 5.0459e+07
0.254 2.9459e+08 5.0354e+07
0.255 1.9028e+08 5.0249e+07
0.256 2.5133e+08 5.0145e+07
0.257 2.3969e+08 5.0042e+07
0.258 2.5901e+08 4.994e+07
0.259 2.2509e+08 4.9838e+07
0.26 2.1382e+08 4.9737e+07
0.261 1.9731e+08 4.9637e+07
0.262 1.3162e+08 4.9538e+07
0.263 1.8643e+08 4.9439e+07
0.264 2.5023e+08 4.9341e+07
0.265 2.3602e+08 4.9244e+07
0.266 2.3455e+08 4.9147e+07
0.267 1.7928e+08 4.9051e+07
0.268 1.6627e+08 4.8956e+07
0.269 2.365e+08 4.8861e+07
0.27 2.4982e+08 4.8767e+07
0.271 1.7007e+08 4.8673e+07
0.272 2.7604e+08 4.8581e+07
0.273 1.8318e+08 4.8489e+07
0.274 2.1758e+08 4.8397e+07
0.275 2.0233e+08 4.8306e+07
0.276 2.7046e+08 4.8216e+07
0.277 2.4561e+08 4.8126e+07
0.278 2.353e+08 4.8037e+07
0.279 2.4716e+08 4.7948e+07
0.28 2.1462e+08 4.786e+07
0.281 1.8441e+08 4.7773e+07
0.282 2.327e+08 4.7686e+07
0.283 2.485e+08 4.7599e+07
0.284 2.1468e+08 4.7514e+07
0.285 2.4328e+08 4.7428e+07
0.286 1.4509e+08 4.7343e+07
0.287 1.2944e+08 4.7259e+07
0.288 3.0883e+08 4.7175e+07
0.289 1.3307e+08 4.7092e+07
0.29 1.3486e+08 4.7009e+07
0.291 2.2512e+08 4.6927e+07
0.292 2.5844e+08 4.6845e+07
0.293 1.4211e+08 4.6764e+07
0.294 1.7127e+08 4.6683e+07
0.295 2.4868e+08 4.6602e+07
0.296 1.8404e+08 4.6522e+07
0.297 2.4071e+08 4.6442e+07
0.298 2.3334e+08 4.6363e+07
0.299 1.748e+08 4.6284e+07
0.3 2.2736e+08 4.6206e+07
0.301 2.5033e+08 4.6128e+07
0.302 2.2188e+08 4.605e+07
0.303 1.9491e+08 4.5973e+07
0.304 2.4848e+08 4.5896e+07
0.305 2.1573e+08 4.582e+07
0.306 1.6914e+08 4.5743e+07
0.307 2.6497e+08 4.5668e+07
0.308 1.8157e+08 4.5592e+07
0.309 2.6354e+08 4.5517e+07
0.31 2.4869e+08 4.5442e+07
0.311 1.4255e+08 4.5368e+07
0.312 1.9059e+08 4.5293e+07
0.313 1.3436e+08 4.522e+07
0.314 2.3523e+08 4.5146e+07
0.315 1.9541e+08 4.5073e+07
0.316 2.4558e+08 4.5e+07
0.317 2.7008e+08 4.4927e+07
0.318 1.9855e+08 4.4854e+07
0.319 1.9768e+08 4.4782e+07
0.32 1.8116e+08 4.471e+07
0.321 1.7786e+08 4.4639e+07
0.322 2.9769e+08 4.4567e+07
0.323 2.261e+08 4.4496e+07
0.324 3.0039e+08 4.4426e+07
0.325 2.2e+08 4.4355e+07
0.326 2.2001e+08 4.4285e+07
0.327 1.7233e+08 4.4215e+07
0.328 2.0054e+08 4.4145e+07
0.329 2.5751e+08 4.4075e+07
0.33 2.0215e+08 4.4006e+07
0.331 2.2406e+08 4.3937e+07
0.332 1.8567e+08 4.3868e+07
0.333 2.6026e+08 4.3799e+07
0.334 2.1783e+08 4.3731e+07
0.335 1.2151e+08 4.3663e+07
0.336 9.8721e+07 4.3595e+07
0.337 1.917e+08 4.3527e+07
0.338 1.4206e+08 4.346e+07
0.339 2.3457e+08 4.3393e+07
0.34 1.7659e+08 4.3326e+07
0.341 2.293e+08 4.3259e+07
0.342 1.714e+08 4.3193e+07
0.343 1.8131e+08 4.3126e+07
0.344 1.8019e+08 4.3061e+07
0.345 1.8626e+08 4.2995e+07
0.346 2.1972e+08 4.2929e+07
0.347 9.5699e+07 4.2864e+07
0.348 1.0543e+08 4.2799e+07
0.349 1.8145e+08 4.2735e+07
0.35 2.1386e+08 4.267e+07
0.351 2.1077e+08 4.2606e+07
0.352 1.9163e+08 4.2542e+07
0.353 2.0363e+08 4.2478e+07
0.354 1.9092e+08 4.2415e+07
0.355 1.6172e+08 4.2352e+07
0.356 1.8598e+08 4.2289e+07
0.357 1.6206e+08 4.2226e+07
0.358 1.9382e+08 4.2164e+07
0.359 2.0253e+08 4.2102e+07
0.36 1.2837e+08 4.204e+07
0.361 1.1607e+08 4.1979e+07
0.362 1.4577e+08 4.1917e+07
0.363 1.1433e+08 4.1856e+07
0.364 1.8797e+08 4.1796e+07
0.365 1.4936e+08 4.1735e+07
0.366 1.206e+08 4.1675e+07
0.367 1.3897e+08 4.1615e+07
0.368 7.2701e+07 4.1556e+07
0.369 1.382e+08 4.1497e+07
0.37 1.0784e+08 4.1438e+07
0.371 1.9565e+08 4.1379e+07
0.372 2.4112e+08 4.1321e+07
0.373 1.5233e+08 4.1262e+07
0.374 1.9478e+08 4.1205e+07
0.375 1.6692e+08 4.1147e+07
0.376 1.2516e+08 4.109e+07
0.377 1.2383e+08 4.1033e+07
0.378 1.2351e+08 4.0976e+07
0.379 1.4407e+08 4.092e+07
0.38 1.5025e+08 4.0864e+07
0.381 1.8436e+08 4.0808e+07
0.382 1.7377e+08 4.0752e+07
0.383 1.7997e+08 4.0697e+07
0.384 1.0806e+08 4.0642e+07
0.385 9.6286e+07 4.0588e+07
0.386 1.8786e+08 4.0533e+07
0.387 1.5119e+08 4.0479e+07
0.388 8.172e+07 4.0425e+07
0.389 1.6562e+08 4.0372e+07
0.39 7.9931e+07 4.0319e+07
0.391 1.5296e+08 4.0266e+07
0.392 2.0051e+08 4.0213e+07
0.393 1.3329e+08 4.0161e+07
0.394 1.2856e+08 4.0108e+07
0.395 2.3012e+08 4.0057e+07
0.396 1.4364e+08 4.0005e+07
0.397 1.9655e+08 3.9954e+07
0.398 1.9727e+08 3.9903e+07
0.399 1.426e+08 3.9852e+07
0.4 1.9174e+08 3.9801e+07
0.401 1.391e+08 3.9751e+07
0.402 1.5358e+08 3.9701e+07
0.403 1.2239e+08 3.9651e+07
0.404 1.9826e+08 3.9602e+07
0.405 1.1768e+08 3.9552e+07
0.406 1.4673e+08 3.9504e+07
0.407 1.8344e+08 3.9455e+07
0.408 1.2848e+08 3.9406e+07
0.409 1.2811e+08 3.9358e+07
0.41 1.4941e+08 3.931e+07
0.411 1.3608e+08 3.9262e+07
0.412 1.7831e+08 3.9215e+07
0.413 1.9303e+08 3.9167e+07
0.414 1.0917e+08 3.912e+07
0.415 1.8941e+08 3.9073e+07
0.416 1.22e+08 3.9027e+07
0.417 1.8298e+08 3.898e+07
0.418 9.455e+07 3.8934e+07
0.419 1.0966e+08 3.8888e+07
0.42 1.1412e+08 3.8842e+07
0.421 1.478e+08 3.8797e+07
0.422 1.1506e+08 3.8752e+07
0.423 1.4661e+08 3.8706e+07
0.424 1.2627e+08 3.8662e+07
0.425 1.341e+08 3.8617e+07
0.426 1.6349e+08 3.8572e+07
0.427 1.3898e+08 3.8528e+07
0.428 7.478e+07 3.8484e+07
0.429 1.1985e+08 3.844e+07
0.43 1.6157e+08 3.8396e+07
0.431 1.178e+08 3.8353e+07
0.432 1.2188e+08 3.8309e+07
0.433 1.2565e+08 3.8266e+07
0.434 1.2232e+08 3.8223e+07
0.435 1.3729e+08 3.818e+07
0.436 1.9479e+08 3.8138e+07
0.437 1.9678e+08 3.8095e+07
0.438 1.4931e+08 3.8053e+07
0.439 1.2001e+08 3.8011e+07
0.44 2.4434e+08 3.7969e+07
0.441 1.7957e+08 3.7927e+07
0.442 1.2859e+08 3.7885e+07
0.443 1.5971e+08 3.7844e+07
0.444 2.4494e+08 3.7802e+07
0.445 1.7074e+08 3.7761e+07
0.446 6.3497e+07 3.772e+07
0.447 1.3869e+08 3.7679e+07
0.448 1.6158e+08 3.7639e+07
0.449 1.8949e+08 3.7598e+07
0.45 1.5932e+08 3.7558e+07
0.451 1.445e+08 3.7517e+07
0.452 1.5838e+08 3.7477e+07
0.453 1.5217e+08 3.7437e+07
0.454 1.3688e+08 3.7397e+07
0.455 2.0626e+08 3.7357e+07
0.456 2.071e+08 3.7318e+07
0.457 1.3604e+08 3.7278e+07
0.458 7.4983e+07 3.7239e+07
0.459 1.1331e+08 3.72e+07
0.46 1.3352e+08 3.7161e+07
0.461 1.7585e+08 3.7122e+07
0.462 2.2507e+08 3.7083e+07
0.463 1.3887e+08 3.7044e+07
0.464 1.7907e+08 3.7005e+07
0.465 1.9602e+08 3.6967e+07
0.466 2.3563e+08 3.6928e+07
0.467 1.8391e+08 3.689e+07
0.468 1.4691e+08 3.6852e+07
0.469 1.6413e+08 3.6813e+07
0.47 1.8767e+08 3.6775e+07
0.471 1.8066e+08 3.6738e+07
0.472 1.6939e+08 3.67e+07
0.473 1.8022e+08 3.6662e+07
0.474 1.7906e+08 3.6624e+07
0.475 1.8268e+08 3.6587e+07
0.476 1.5577e+08 3.6549e+07
0.477 1.551e+08 3.6512e+07
0.478 1.0537e+08 3.6475e+07
0.479 1.5825e+08 3.6437e+07
0.48 1.791e+08 3.64e+07
0.481 2.5437e+08 3.6363e+07
0.482 2.2781e+08 3.6326e+07
0.483 1.9245e+08 3.6289e+07
0.484 1.754e+08 3.6253e+07
0.485 1.3871e+08 3.6216e+07
0.486 2.1244e+08 3.6179e+07
0.487 2.2049e+08 3.6143e+07
0.488 1.5727e+08 3.6106e+07
0.489 1.9848e+08 3.607e+07
0.49 1.3297e+08 3.6034e+07
0.491 2.5613e+08 3.5997e+07
0.492 1.6138e+08 3.5961e+07
0.493 2.1006e+08 3.5925e+07
0.494 2.1334e+08 3.5889e+07
0.495 1.3707e+08 3.5853e+07
0.496 1.4723e+08 3.5817e+07
0.497 1.7971e+08 3.5781e+07
0.498 1.7809e+08 3.5745e+07
0.499 1.9597e+08 3.571e+07
0.5 1.0581e+08 3.5674e+07
