0.001 2.6753e+10 1.3587e+09
0.002 2.7186e+10 9.6047e+08
0.003 2.7158e+10 7.8388e+08
0.004 2.79e+10 6.7844e+08
0.005 2.7612e+10 6.0634e+08
0.006 2.7067e+10 5.5298e+08
0.007 2.714e+10 5.1138e+08
0.008 2.7544e+10 4.7773e+08
0.009 2.7384e+10 4.4974e+08
0.01 2.7201e+10 4.2595e+08
0.011 2.7626e+10 4.0539e+08
0.012 2.7853e+10 3.8735e+08
0.013 2.6382e+10 3.7135e+08
0.014 2.688e+10 3.57e+08
0.015 2.6339e+10 3.4402e+08
0.016 2.7278e+10 3.322e+08
0.017 2.617e+10 3.2136e+08
0.018 2.5936e+10 3.1135e+08
0.019 2.6028e+10 3.0208e+08
0.02 2.5811e+10 2.9343e+08
0.021 2.5271e+10 2.8534e+08
0.022 2.5295e+10 2.7774e+08
0.023 2.4832e+10 2.7058e+08
0.024 2.4561e+10 2.638e+08
0.025 2.4623e+10 2.5738e+08
0.026 2.431e+10 2.5127e+08
0.027 2.419e+10 2.4544e+08
0.028 2.383e+10 2.3987e+08
0.029 2.3045e+10 2.3454e+08
0.03 2.3116e+10 2.2943e+08
0.031 2.3053e+10 2.2451e+08
0.032 2.265e+10 2.1978e+08
0.033 2.2719e+10 2.1522e+08
0.034 2.2034e+10 2.1081e+08
0.035 2.2098e+10 2.0655e+08
0.036 2.128e+10 2.0242e+08
0.037 2.1615e+10 1.9842e+08
0.038 2.0919e+10 1.9454e+08
0.039 2.0878e+10 1.9077e+08
0.04 2.071e+10 1.871e+08
0.041 2.0182e+10 1.8353e+08
0.042 1.9729e+10 1.8006e+08
0.043 1.9546e+10 1.7667e+08
0.044 1.9333e+10 1.7337e+08
0.045 1.8883e+10 1.7014e+08
0.046 1.8422e+10 1.6699e+08
0.047 1.8177e+10 1.6391e+08
0.048 1.813e+10 1.609e+08
0.049 1.7503e+10 1.5796e+08
0.05 1.7266e+10 1.5508e+08
0.051 1.6809e+10 1.5226e+08
0.052 1.6259e+10 1.4949e+08
0.053 1.65e+10 1.4679e+08
0.054 1.5753e+10 1.4413e+08
0.055 1.5779e+10 1.4153e+08
0.056 1.5016e+10 1.3898e+08
0.057 1.493e+10 1.3648e+08
0.058 1.4475e+10 1.3402e+08
0.059 1.4298e+10 1.3161e+08
0.06 1.3965e+10 1.2925e+08
0.061 1.3691e+10 1.2693e+08
0.062 1.3312e+10 1.2465e+08
0.063 1.3057e+10 1.2242e+08
0.064 1.27e+10 1.2022e+08
0.065 1.2288e+10 1.1807e+08
0.066 1.2169e+10 1.1595e+08
0.067 1.1766e+10 1.1388e+08
0.068 1.1496e+10 1.1184e+08
0.069 1.0896e+10 1.0983e+08
0.07 1.0979e+10 1.0787e+08
0.071 1.0677e+10 1.0594e+08
0.072 1.0271e+10 1.0404e+08
0.073 1.0175e+10 1.0218e+08
0.074 9.724e+09 1.0035e+08
0.075 9.6525e+09 9.8557e+07
0.076 9.2944e+09 9.6797e+07
0.077 8.9388e+09 9.507e+07
0.078 8.6284e+09 9.3375e+07
0.079 8.563e+09 9.1713e+07
0.08 8.3501e+09 9.0082e+07
0.081 7.8105e+09 8.8482e+07
0.082 7.6958e+09 8.6914e+07
0.083 7.5112e+09 8.5376e+07
0.084 7.1983e+09 8.3869e+07
0.085 7.1517e+09 8.2392e+07
0.086 6.8131e+09 8.0945e+07
0.087 6.5375e+09 7.9527e+07
0.088 6.3423e+09 7.8139e+07
0.089 6.1931e+09 7.6779e+07
0.09 5.9427e+09 7.5449e+07
0.091 5.7575e+09 7.4147e+07
0.092 5.5363e+09 7.2873e+07
0.093 5.353e+09 7.1627e+07
0.094 5.1379e+09 7.0409e+07
0.095 4.99e+09 6.9218e+07
0.096 4.8383e+09 6.8054e+07
0.097 4.7659e+09 6.6917e+07
0.098 4.5533e+09 6.5807e+07
0.099 4.3496e+09 6.4723e+07
0.1 4.2261e+09 6.3665e+07
0.101 4.0826e+09 6.2633e+07
0.102 3.8472e+09 6.1626e+07
0.103 3.6843e+09 6.0644e+07
0.104 3.6721e+09 5.9686e+07
0.105 3.4883e+09 5.8754e+07
0.106 3.5442e+09 5.7845e+07
0.107 3.2675e+09 5.696e+07
0.108 3.1053e+09 5.6099e+07
0.109 3.0897e+09 5.526e+07
0.11 2.8459e+09 5.4445e+07
0.111 2.7608e+09 5.3651e+07
0.112 2.7036e+09 5.288e+07
0.113 2.5599e+09 5.213e+07
0.114 2.5154e+09 5.1401e+07
0.115 2.3461e+09 5.0694e+07
0.116 2.3852e+09 5.0006e+07
0.117 2.362e+09 4.9339e+07
0.118 2.0952e+09 4.8691e+07
0.119 2.094e+09 4.8062e+07
0.12 2.0313e+09 4.7452e+07
0.121 1.9848e+09 4.686e+07
0.122 1.8514e+09 4.6286e+07
0.123 1.7709e+09 4.573e+07
0.124 1.706e+09 4.519e+07
0.125 1.6715e+09 4.4667e+07
0.126 1.5566e+09 4.416e+07
0.127 1.4884e+09 4.3669e+07
0.128 1.4862e+09 4.3193e+07
0.129 1.35e+09 4.2731e+07
0.13 1.3967e+09 4.2284e+07
0.131 1.3119e+09 4.1851e+07
0.132 1.3224e+09 4.1431e+07
0.133 1.2813e+09 4.1025e+07
0.134 1.2121e+09 4.0631e+07
0.135 1.1462e+09 4.0249e+07
0.136 1.1395e+09 3.9878e+07
0.137 1.1746e+09 3.9519e+07
0.138 1.046e+09 3.9171e+07
0.139 1.0066e+09 3.8834e+07
0.14 1.0532e+09 3.8507e+07
0.141 9.6989e+08 3.8189e+07
0.142 9.2413e+08 3.7881e+07
0.143 9.3658e+08 3.7582e+07
0.144 8.7846e+08 3.7291e+07
0.145 8.6461e+08 3.7009e+07
0.146 8.5055e+08 3.6735e+07
0.147 7.4685e+08 3.6469e+07
0.148 7.6538e+08 3.621e+07
0.149 6.9448e+08 3.5958e+07
0.15 7.5257e+08 3.5713e+07
0.151 7.2454e+08 3.5474e+07
0.152 7.6552e+08 3.5242e+07
0.153 6.6068e+08 3.5015e+07
0.154 7.0393e+08 3.4794e+07
0.155 6.3048e+08 3.4579e+07
0.156 6.5115e+08 3.4369e+07
0.157 6.3051e+08 3.4164e+07
0.158 5.517e+08 3.3964e+07
0.159 5.6491e+08 3.3768e+07
0.16 5.4646e+08 3.3577e+07
0.161 5.2595e+08 3.339e+07
0.162 4.7655e+08 3.3208e+07
0.163 5.1511e+08 3.3029e+07
0.164 5.0502e+08 3.2854e+07
0.165 4.8602e+08 3.2682e+07
0.166 4.7075e+08 3.2514e+07
0.167 4.3411e+08 3.235e+07
0.168 4.8117e+08 3.2188e+07
0.169 5.1318e+08 3.203e+07
0.17 4.0484e+08 3.1875e+07
0.171 3.9299e+08 3.1722e+07
0.172 4.1217e+08 3.1572e+07
0.173 3.9171e+08 3.1426e+07
0.174 3.9609e+08 3.1281e+07
0.175 3.7862e+08 3.114e+07
0.176 3.9376e+08 3.1e+07
0.177 3.6608e+08 3.0863e+07
0.178 3.501e+08 3.0729e+07
0.179 3.1865e+08 3.0596e+07
0.18 2.8831e+08 3.0466e+07
0.181 2.7594e+08 3.0338e+07
0.182 3.3676e+08 3.0212e+07
0.183 2.6547e+08 3.0088e+07
0.184 3.5771e+08 2.9966e+07
0.185 2.6105e+08 2.9846e+07
0.186 2.8877e+08 2.9728e+07
0.187 2.6943e+08 2.9611e+07
0.188 2.838e+08 2.9497e+07
0.189 2.4937e+08 2.9384e+07
0.19 3.0415e+08 2.9273e+07
0.191 2.5249e+08 2.9163e+07
0.192 2.3144e+08 2.9055e+07
0.193 2.2482e+08 2.8949e+07
0.194 2.5068e+08 2.8845e+07
0.195 2.0496e+08 2.8742e+07
0.196 2.0406e+08 2.864e+07
0.197 2.4029e+08 2.854e+07
0.198 1.8981e+08 2.8442e+07
0.199 2.5232e+08 2.8345e+07
0.2 2.2414e+08 2.8249e+07
0.201 2.1774e+08 2.8155e+07
0.202 2.0545e+08 2.8062e+07
0.203 2.2635e+08 2.797e+07
0.204 2.1808e+08 2.788e+07
0.205 1.9856e+08 2.7791e+07
0.206 1.9682e+08 2.7703e+07
0.207 1.534e+08 2.7617e+07
0.208 1.5046e+08 2.7532e+07
0.209 1.7522e+08 2.7448e+07
0.21 1.7638e+08 2.7365e+07
0.211 1.2843e+08 2.7283e+07
0.212 1.3018e+08 2.7203e+07
0.213 2.0169e+08 2.7123e+07
0.214 1.8808e+08 2.7045e+07
0.215 1.6452e+08 2.6967e+07
0.216 1.7178e+08 2.6891e+07
0.217 2.189e+08 2.6816e+07
0.218 1.2781e+08 2.6741e+07
0.219 1.5299e+08 2.6668e+07
0.22 1.127e+08 2.6596e+07
0.221 1.2961e+08 2.6524e+07
0.222 1.4031e+08 2.6453e+07
0.223 1.0086e+08 2.6384e+07
0.224 9.5102e+07 2.6315e+07
0.225 1.1293e+08 2.6247e+07
0.226 1.3812e+08 2.618e+07
0.227 1.2965e+08 2.6113e+07
0.228 1.2969e+08 2.6048e+07
0.229 1.1423e+08 2.5983e+07
0.23 8.9291e+07 2.5919e+07
0.231 1.331e+08 2.5856e+07
0.232 1.4226e+08 2.5793e+07
0.233 1.0793e+08 2.5731e+07
0.234 1.5163e+08 2.567e+07
0.235 1.3802e+08 2.561e+07
0.236 1.266e+08 2.555e+07
0.237 1.0811e+08 2.5491e+07
0.238 1.2769e+08 2.5432e+07
0.239 1.4374e+08 2.5374e+07
0.24 1.3102e+08 2.5317e+07
0.241 1.1673e+08 2.526e+07
0.242 1.1337e+08 2.5204e+07
0.243 1.0569e+08 2.5148e+07
0.244 9.499e+07 2.5093e+07
0.245 1.0191e+08 2.5038e+07
0.246 1.209e+08 2.4984e+07
0.247 8.7516e+07 2.4931e+07
0.248 9.634e+07 2.4878e+07
0.249 1.288e+08 2.4825e+07
0.25 9.0496e+07 2.4773e+07
0.251 1.2774e+08 2.4721e+07
0.252 8.9927e+07 2.467e+07
0.253 1.113e+08 2.462e+07
0.254 7.7853e+07 2.4569e+07
0.255 1.4459e+08 2.452e+07
0.256 5.5901e+07 2.447e+07
0.257 1.1123e+08 2.4421e+07
0.258 9.9929e+07 2.4373e+07
0.259 1.3157e+08 2.4324e+07
0.26 1.0744e+08 2.4277e+07
0.261 1.0721e+08 2.4229e+07
0.262 7.618e+07 2.4182e+07
0.263 1.5444e+08 2.4135e+07
0.264 1.0263e+08 2.4089e+07
0.265 1.7216e+08 2.4043e+07
0.266 1.0123e+08 2.3997e+07
0.267 8.3108e+07 2.3952e+07
0.268 1.2064e+08 2.3907e+07
0.269 1.2354e+08 2.3862e+07
0.27 1.2613e+08 2.3818e+07
0.271 1.1344e+08 2.3774e+07
0.272 1.5661e+08 2.373e+07
0.273 1.1951e+08 2.3687e+07
0.274 8.86e+07 2.3643e+07
0.275 1.4336e+08 2.36e+07
0.276 1.1379e+08 2.3558e+07
0.277 1.0753e+08 2.3515e+07
0.278 9.4009e+07 2.3473e+07
0.279 7.5088e+07 2.3431e+07
0.28 1.28e+08 2.3389e+07
0.281 1.1492e+08 2.3348e+07
0.282 1.2246e+08 2.3307e+07
0.283 8.2778e+07 2.3266e+07
0.284 8.4729e+07 2.3225e+07
0.285 1.1359e+08 2.3184e+07
0.286 8.1885e+07 2.3144e+07
0.287 8.1866e+07 2.3104e+07
0.288 9.2198e+07 2.3064e+07
0.289 1.0126e+08 2.3024e+07
0.29 1.0843e+08 2.2984e+07
0.291 1.0399e+08 2.2945e+07
0.292 7.9417e+07 2.2906e+07
0.293 1.3138e+08 2.2866e+07
0.294 1.39e+08 2.2827e+07
0.295 9.4447e+07 2.2789e+07
0.296 4.2402e+07 2.275e+07
0.297 9.6282e+07 2.2711e+07
0.298 1.4631e+08 2.2673e+07
0.299 1.2491e+08 2.2635e+07
0.3 1.124e+08 2.2596e+07
0.301 8.4638e+07 2.2558e+07
0.302 8.6923e+07 2.2521e+07
0.303 9.726e+07 2.2483e+07
0.304 1.1951e+08 2.2445e+07
0.305 8.7842e+07 2.2407e+07
0.306 4.9083e+07 2.237e+07
0.307 9.4316e+07 2.2333e+07
0.308 1.3116e+08 2.2295e+07
0.309 1.2311e+08 2.2258e+07
0.31 4.8487e+07 2.2221e+07
0.311 1.0935e+08 2.2184e+07
0.312 9.9807e+07 2.2147e+07
0.313 9.3039e+07 2.211e+07
0.314 1.3407e+08 2.2074e+07
0.315 1.1943e+08 2.2037e+07
0.316 9.1526e+07 2.2e+07
0.317 1.0397e+08 2.1964e+07
0.318 1.0865e+08 2.1927e+07
0.319 8.1412e+07 2.1891e+07
0.32 1.0156e+08 2.1855e+07
0.321 1.4162e+08 2.1819e+07
0.322 9.7615e+07 2.1783e+07
0.323 9.9497e+07 2.1747e+07
0.324 9.5219e+07 2.1711e+07
0.325 8.5222e+07 2.1675e+07
0.326 7.8058e+07 2.164e+07
0.327 1.0901e+08 2.1604e+07
0.328 7.739e+07 2.1568e+07
0.329 1.143e+08 2.1533e+07
0.33 7.7558e+07 2.1498e+07
0.331 8.769e+07 2.1463e+07
0.332 1.0285e+08 2.1427e+07
0.333 9.0877e+07 2.1392e+07
0.334 8.5695e+07 2.1358e+07
0.335 8.5973e+07 2.1323e+07
0.336 9.9908e+07 2.1288e+07
0.337 7.3899e+07 2.1254e+07
0.338 7.4967e+07 2.1219e+07
0.339 1.0239e+08 2.1185e+07
0.34 9.4583e+07 2.1151e+07
0.341 5.206e+07 2.1116e+07
0.342 9.1159e+07 2.1082e+07
0.343 1.1008e+08 2.1049e+07
0.344 6.7927e+07 2.1015e+07
0.345 9.101e+07 2.0981e+07
0.346 9.2835e+07 2.0948e+07
0.347 8.3089e+07 2.0915e+07
0.348 3.3209e+07 2.0882e+07
0.349 6.5837e+07 2.0849e+07
0.35 5.6246e+07 2.0816e+07
0.351 6.9657e+07 2.0783e+07
0.352 8.2596e+07 2.0751e+07
0.353 9.8098e+07 2.0718e+07
0.354 8.9704e+07 2.0686e+07
0.355 1.1237e+08 2.0654e+07
0.356 5.9696e+07 2.0622e+07
0.357 6.3142e+07 2.059e+07
0.358 5.2049e+07 2.0559e+07
0.359 9.2917e+07 2.0527e+07
0.36 7.4643e+07 2.0496e+07
0.361 5.0066e+07 2.0465e+07
0.362 3.6458e+07 2.0434e+07
0.363 7.1761e+07 2.0404e+07
0.364 6.5262e+07 2.0373e+07
0.365 5.9548e+07 2.0343e+07
0.366 6.8037e+07 2.0313e+07
0.367 4.7783e+07 2.0283e+07
0.368 6.6827e+07 2.0253e+07
0.369 8.2411e+07 2.0223e+07
0.37 5.6264e+07 2.0194e+07
0.371 7.8201e+07 2.0164e+07
0.372 4.7596e+07 2.0135e+07
0.373 6.3871e+07 2.0107e+07
0.374 3.1772e+07 2.0078e+07
0.375 7.0973e+07 2.0049e+07
0.376 1.1258e+08 2.0021e+07
0.377 9.8151e+07 1.9993e+07
0.378 5.8882e+07 1.9965e+07
0.379 6.7509e+07 1.9937e+07
0.38 5.0411e+07 1.991e+07
0.381 4.2862e+07 1.9882e+07
0.382 6.6681e+07 1.9855e+07
0.383 2.5677e+07 1.9828e+07
0.384 4.4182e+07 1.9801e+07
0.385 3.7575e+07 1.9774e+07
0.386 2.5156e+07 1.9748e+07
0.387 7.5429e+07 1.9721e+07
0.388 3.5929e+07 1.9695e+07
0.389 4.8806e+07 1.9669e+07
0.39 8.1715e+07 1.9643e+07
0.391 8.1076e+07 1.9617e+07
0.392 6.7046e+07 1.9592e+07
0.393 8.1805e+07 1.9566e+07
0.394 4.9977e+07 1.9541e+07
0.395 5.6163e+07 1.9516e+07
0.396 4.8786e+07 1.9491e+07
0.397 7.8325e+07 1.9466e+07
0.398 6.3799e+07 1.9442e+07
0.399 4.8254e+07 1.9417e+07
0.4 6.8651e+07 1.9393e+07
0.401 4.8819e+07 1.9368e+07
0.402 5.7773e+07 1.9344e+07
0.403 -9.0172e+06 1.932e+07
0.404 6.2735e+07 1.9297e+07
0.405 5.768e+07 1.9273e+07
0.406 1.0422e+08 1.9249e+07
0.407 8.1455e+07 1.9226e+07
0.408 6.7378e+07 1.9203e+07
0.409 7.7826e+07 1.918e+07
0.41 4.7898e+07 1.9156e+07
0.411 6.6532e+07 1.9134e+07
0.412 5.1801e+07 1.9111e+07
0.413 4.7411e+07 1.9088e+07
0.414 5.8524e+07 1.9065e+07
0.415 6.1627e+07 1.9043e+07
0.416 7.8735e+07 1.9021e+07
0.417 3.3701e+07 1.8998e+07
0.418 2.387e+07 1.8976e+07
0.419 7.6703e+07 1.8954e+07
0.42 7.3047e+07 1.8932e+07
0.421 4.7886e+07 1.891e+07
0.422 8.7722e+07 1.8889e+07
0.423 6.2084e+07 1.8867e+07
0.424 5.067e+07 1.8845e+07
0.425 6.7787e+07 1.8824e+07
0.426 6.6196e+07 1.8802e+07
0.427 5.6528e+07 1.8781e+07
0.428 4.365e+07 1.876e+07
0.429 1.0422e+08 1.8739e+07
0.43 5.977e+07 1.8718e+07
0.431 8.1643e+07 1.8697e+07
0.432 7.7014e+07 1.8676e+07
0.433 9.1473e+07 1.8655e+07
0.434 4.6139e+07 1.8634e+07
0.435 6.2671e+07 1.8614e+07
0.436 8.1533e+07 1.8593e+07
0.437 6.6918e+07 1.8573e+07
0.438 4.3558e+07 1.8552e+07
0.439 5.9141e+07 1.8532e+07
0.44 6.8752e+07 1.8512e+07
0.441 6.4006e+07 1.8492e+07
0.442 1.1125e+08 1.8472e+07
0.443 4.823e+07 1.8452e+07
0.444 1.0216e+08 1.8432e+07
0.445 8.6278e+07 1.8412e+07
0.446 6.5409e+07 1.8392e+07
0.447 4.9168e+07 1.8372e+07
0.448 7.3424e+07 1.8353e+07
0.449 8.838e+07 1.8333e+07
0.45 4.7351e+07 1.8314e+07
0.451 5.3622e+07 1.8294e+07
0.452 7.2729e+07 1.8275e+07
0.453 6.6749e+07 1.8255e+07
0.454 6.0974e+07 1.8236e+07
0.455 7.0601e+07 1.8217e+07
0.456 8.2498e+07 1.8198e+07
0.457 6.9937e+07 1.8179e+07
0.458 7.8048e+07 1.816e+07
0.459 6.0226e+07 1.8141e+07
0.46 6.171e+07 1.8122e+07
0.461 1.0374e+08 1.8103e+07
0.462 7.9345e+07 1.8084e+07
0.463 6.0225e+07 1.8065e+07
0.464 5.9503e+07 1.8047e+07
0.465 7.1268e+07 1.8028e+07
0.466 8.2822e+07 1.8009e+07
0.467 1.0299e+08 1.7991e+07
0.468 5.3335e+07 1.7973e+07
0.469 5.4572e+07 1.7954e+07
0.47 4.3386e+07 1.7936e+07
0.471 7.0632e+07 1.7917e+07
0.472 7.6069e+07 1.7899e+07
0.473 7.6585e+07 1.7881e+07
0.474 5.3128e+07 1.7863e+07
0.475 8.4302e+07 1.7845e+07
0.476 1.0165e+08 1.7827e+07
0.477 8.2379e+07 1.7809e+07
0.478 7.6562e+07 1.7791e+07
0.479 5.5729e+07 1.7773e+07
0.48 7.17e+07 1.7755e+07
0.481 5.2182e+07 1.7737e+07
0.482 1.0153e+08 1.7719e+07
0.483 7.5837e+07 1.7702e+07
0.484 6.4026e+07 1.7684e+07
0.485 7.1606e+07 1.7666e+07
0.486 5.8805e+07 1.7649e+07
0.487 8.8908e+07 1.7631e+07
0.488 5.9606e+07 1.7613e+07
0.489 6.2553e+07 1.7596e+07
0.49 9.6809e+07 1.7579e+07
0.491 7.124e+07 1.7561e+07
0.492 6.6973e+07 1.7544e+07
0.493 5.5583e+07 1.7526e+07
0.494 1.1477e+08 1.7509e+07
0.495 9.1692e+07 1.7492e+07
0.496 3.0922e+07 1.7474e+07
0.497 1.0136e+08 1.7457e+07
0.498 8.2356e+07 1.744e+07
0.499 9.49e+07 1.7423e+07
0.5 9.0446e+07 1.7406e+07
