0.001 2.0916e+10 1.0759e+09
0.002 2.1107e+10 7.6057e+08
0.003 2.1203e+10 6.2073e+08
0.004 2.3451e+10 5.3724e+08
0.005 2.1298e+10 4.8014e+08
0.006 2.2196e+10 4.3788e+08
0.007 2.1513e+10 4.0494e+08
0.008 2.1327e+10 3.7828e+08
0.009 2.1274e+10 3.5612e+08
0.01 2.1515e+10 3.3728e+08
0.011 2.1443e+10 3.2099e+08
0.012 2.1756e+10 3.067e+08
0.013 2.1311e+10 2.9402e+08
0.014 2.1684e+10 2.8266e+08
0.015 2.0791e+10 2.7238e+08
0.016 2.1418e+10 2.6301e+08
0.017 2.0196e+10 2.5442e+08
0.018 2.0777e+10 2.4649e+08
0.019 2.0786e+10 2.3914e+08
0.02 2.0439e+10 2.3229e+08
0.021 1.9925e+10 2.2588e+08
0.022 1.9925e+10 2.1986e+08
0.023 1.964e+10 2.1418e+08
0.024 1.9214e+10 2.0881e+08
0.025 1.966e+10 2.0371e+08
0.026 1.8923e+10 1.9887e+08
0.027 1.9124e+10 1.9425e+08
0.028 1.9157e+10 1.8983e+08
0.029 1.85e+10 1.856e+08
0.03 1.8699e+10 1.8155e+08
0.031 1.8616e+10 1.7765e+08
0.032 1.8065e+10 1.7389e+08
0.033 1.8121e+10 1.7027e+08
0.034 1.7838e+10 1.6677e+08
0.035 1.748e+10 1.6339e+08
0.036 1.7186e+10 1.6011e+08
0.037 1.6811e+10 1.5693e+08
0.038 1.6903e+10 1.5385e+08
0.039 1.6402e+10 1.5086e+08
0.04 1.6156e+10 1.4794e+08
0.041 1.5961e+10 1.4511e+08
0.042 1.6078e+10 1.4235e+08
0.043 1.5527e+10 1.3965e+08
0.044 1.5232e+10 1.3703e+08
0.045 1.4891e+10 1.3446e+08
0.046 1.4714e+10 1.3196e+08
0.047 1.4341e+10 1.2951e+08
0.048 1.4028e+10 1.2711e+08
0.049 1.3719e+10 1.2477e+08
0.05 1.3465e+10 1.2248e+08
0.051 1.339e+10 1.2023e+08
0.052 1.3266e+10 1.1803e+08
0.053 1.2704e+10 1.1587e+08
0.054 1.2329e+10 1.1376e+08
0.055 1.2393e+10 1.1169e+08
0.056 1.1985e+10 1.0965e+08
0.057 1.1978e+10 1.0766e+08
0.058 1.137e+10 1.057e+08
0.059 1.1209e+10 1.0378e+08
0.06 1.0899e+10 1.0189e+08
0.061 1.0657e+10 1.0004e+08
0.062 1.0372e+10 9.8224e+07
0.063 1.0352e+10 9.6438e+07
0.064 1.002e+10 9.4685e+07
0.065 9.8045e+09 9.2963e+07
0.066 9.7772e+09 9.1272e+07
0.067 9.2009e+09 8.9611e+07
0.068 9.1085e+09 8.798e+07
0.069 8.7461e+09 8.6377e+07
0.07 8.503e+09 8.4803e+07
0.071 8.3148e+09 8.3257e+07
0.072 8.1323e+09 8.1738e+07
0.073 7.9795e+09 8.0247e+07
0.074 7.5466e+09 7.8783e+07
0.075 7.4996e+09 7.7346e+07
0.076 7.3387e+09 7.5934e+07
0.077 7.0948e+09 7.4549e+07
0.078 6.8557e+09 7.3189e+07
0.079 6.5969e+09 7.1854e+07
0.08 6.4326e+09 7.0544e+07
0.081 6.2405e+09 6.9259e+07
0.082 5.9983e+09 6.7999e+07
0.083 5.7282e+09 6.6763e+07
0.084 5.7072e+09 6.5551e+07
0.085 5.5027e+09 6.4362e+07
0.086 5.3929e+09 6.3198e+07
0.087 5.2007e+09 6.2057e+07
0.088 5.0088e+09 6.0939e+07
0.089 4.8279e+09 5.9844e+07
0.09 4.5511e+09 5.8771e+07
0.091 4.5051e+09 5.7722e+07
0.092 4.252e+09 5.6695e+07
0.093 4.1706e+09 5.569e+07
0.094 4.0572e+09 5.4707e+07
0.095 3.9755e+09 5.3746e+07
0.096 3.7165e+09 5.2806e+07
0.097 3.6352e+09 5.1888e+07
0.098 3.4428e+09 5.0991e+07
0.099 3.4042e+09 5.0116e+07
0.1 3.2254e+09 4.9261e+07
0.101 3.0654e+09 4.8426e+07
0.102 3.0345e+09 4.7613e+07
0.103 2.896e+09 4.6819e+07
0.104 2.804e+09 4.6045e+07
0.105 2.7151e+09 4.5291e+07
0.106 2.6291e+09 4.4556e+07
0.107 2.4566e+09 4.3841e+07
0.108 2.3841e+09 4.3145e+07
0.109 2.3083e+09 4.2467e+07
0.11 2.1985e+09 4.1808e+07
0.111 2.0741e+09 4.1167e+07
0.112 2.0124e+09 4.0544e+07
0.113 1.9756e+09 3.9938e+07
0.114 1.9366e+09 3.935e+07
0.115 1.8281e+09 3.8779e+07
0.116 1.7916e+09 3.8225e+07
0.117 1.6772e+09 3.7687e+07
0.118 1.6235e+09 3.7165e+07
0.119 1.5777e+09 3.6659e+07
0.12 1.513e+09 3.6169e+07
0.121 1.4717e+09 3.5693e+07
0.122 1.3987e+09 3.5233e+07
0.123 1.3156e+09 3.4786e+07
0.124 1.2653e+09 3.4354e+07
0.125 1.2849e+09 3.3936e+07
0.126 1.085e+09 3.3531e+07
0.127 1.1372e+09 3.3139e+07
0.128 1.0587e+09 3.276e+07
0.129 1.0759e+09 3.2393e+07
0.13 9.8211e+08 3.2038e+07
0.131 1.013e+09 3.1694e+07
0.132 9.5838e+08 3.1362e+07
0.133 8.5256e+08 3.1041e+07
0.134 8.6969e+08 3.073e+07
0.135 8.0187e+08 3.0429e+07
0.136 8.1024e+08 3.0139e+07
0.137 7.9589e+08 2.9857e+07
0.138 7.529e+08 2.9585e+07
0.139 7.5317e+08 2.9322e+07
0.14 6.8985e+08 2.9067e+07
0.141 6.9993e+08 2.882e+07
0.142 6.8254e+08 2.8582e+07
0.143 6.4316e+08 2.8351e+07
0.144 5.8573e+08 2.8127e+07
0.145 6.2973e+08 2.791e+07
0.146 5.095e+08 2.7699e+07
0.147 5.357e+08 2.7495e+07
0.148 5.9092e+08 2.7297e+07
0.149 5.0277e+08 2.7105e+07
0.15 4.6697e+08 2.6919e+07
0.151 5.1062e+08 2.6738e+07
0.152 4.7273e+08 2.6562e+07
0.153 4.6476e+08 2.6391e+07
0.154 4.542e+08 2.6225e+07
0.155 4.2545e+08 2.6063e+07
0.156 3.8538e+08 2.5905e+07
0.157 4.1679e+08 2.5752e+07
0.158 4.1078e+08 2.5602e+07
0.159 3.8012e+08 2.5456e+07
0.16 3.8143e+08 2.5314e+07
0.161 3.322e+08 2.5175e+07
0.162 3.7217e+08 2.5039e+07
0.163 3.7134e+08 2.4906e+07
0.164 3.4271e+08 2.4776e+07
0.165 3.231e+08 2.4649e+07
0.166 3.5398e+08 2.4525e+07
0.167 3.4808e+08 2.4404e+07
0.168 3.244e+08 2.4284e+07
0.169 3.1796e+08 2.4168e+07
0.17 3.0518e+08 2.4053e+07
0.171 2.7437e+08 2.3941e+07
0.172 2.8347e+08 2.383e+07
0.173 2.6188e+08 2.3722e+07
0.174 2.7364e+08 2.3616e+07
0.175 2.9729e+08 2.3511e+07
0.176 2.2119e+08 2.3409e+07
0.177 2.3316e+08 2.3308e+07
0.178 2.2232e+08 2.3208e+07
0.179 2.4525e+08 2.3111e+07
0.18 2.469e+08 2.3015e+07
0.181 2.1952e+08 2.292e+07
0.182 1.9092e+08 2.2827e+07
0.183 2.2265e+08 2.2735e+07
0.184 2.1349e+08 2.2645e+07
0.185 2.2075e+08 2.2556e+07
0.186 2.5605e+08 2.2469e+07
0.187 1.8149e+08 2.2382e+07
0.188 2.1463e+08 2.2297e+07
0.189 1.9377e+08 2.2214e+07
0.19 2.1788e+08 2.2131e+07
0.191 1.6822e+08 2.205e+07
0.192 1.9766e+08 2.197e+07
0.193 1.7202e+08 2.1891e+07
0.194 1.4819e+08 2.1813e+07
0.195 1.5616e+08 2.1736e+07
0.196 1.4969e+08 2.166e+07
0.197 1.5285e+08 2.1585e+07
0.198 1.2954e+08 2.1511e+07
0.199 1.4244e+08 2.1439e+07
0.2 1.3811e+08 2.1367e+07
0.201 1.2736e+08 2.1296e+07
0.202 1.3408e+08 2.1226e+07
0.203 1.6346e+08 2.1158e+07
0.204 1.4058e+08 2.109e+07
0.205 1.0409e+08 2.1023e+07
0.206 1.2653e+08 2.0957e+07
0.207 1.1779e+08 2.0892e+07
0.208 1.5005e+08 2.0827e+07
0.209 1.3058e+08 2.0764e+07
0.21 1.0734e+08 2.0701e+07
0.211 9.2404e+07 2.064e+07
0.212 1.5034e+08 2.0579e+07
0.213 1.0218e+08 2.0519e+07
0.214 1.3491e+08 2.0459e+07
0.215 1.35e+08 2.0401e+07
0.216 1.0025e+08 2.0343e+07
0.217 1.134e+08 2.0286e+07
0.218 8.92e+07 2.023e+07
0.219 6.9541e+07 2.0174e+07
0.22 1.1743e+08 2.0119e+07
0.221 1.0516e+08 2.0065e+07
0.222 9.7825e+07 2.0012e+07
0.223 9.6832e+07 1.9959e+07
0.224 8.8923e+07 1.9907e+07
0.225 8.1749e+07 1.9856e+07
0.226 1.3212e+08 1.9805e+07
0.227 1.1449e+08 1.9755e+07
0.228 1.2578e+08 1.9705e+07
0.229 1.1574e+08 1.9656e+07
0.23 8.7867e+07 1.9608e+07
0.231 7.4375e+07 1.956e+07
0.232 9.773e+07 1.9513e+07
0.233 1.0374e+08 1.9466e+07
0.234 9.858e+07 1.942e+07
0.235 1.124e+08 1.9374e+07
0.236 7.5627e+07 1.9329e+07
0.237 8.5742e+07 1.9285e+07
0.238 8.7501e+07 1.9241e+07
0.239 5.4131e+07 1.9197e+07
0.24 1.2102e+08 1.9154e+07
0.241 8.7938e+07 1.9111e+07
0.242 7.4971e+07 1.9069e+07
0.243 7.4467e+07 1.9028e+07
0.244 6.6044e+07 1.8986e+07
0.245 1.0636e+08 1.8945e+07
0.246 8.207e+07 1.8905e+07
0.247 6.239e+07 1.8865e+07
0.248 6.4346e+07 1.8825e+07
0.249 9.6606e+07 1.8786e+07
0.25 8.434e+07 1.8747e+07
0.251 7.9653e+07 1.8709e+07
0.252 1.028e+08 1.8671e+07
0.253 7.198e+07 1.8633e+07
0.254 6.1739e+07 1.8596e+07
0.255 1.1464e+08 1.8559e+07
0.256 9.1825e+07 1.8522e+07
0.257 4.0429e+07 1.8485e+07
0.258 7.8478e+07 1.8449e+07
0.259 8.2071e+07 1.8414e+07
0.26 6.9101e+07 1.8378e+07
0.261 6.5887e+07 1.8343e+07
0.262 8.3479e+07 1.8308e+07
0.263 9.9268e+07 1.8273e+07
0.264 1.1613e+08 1.8239e+07
0.265 6.5073e+07 1.8205e+07
0.266 8.5799e+07 1.8171e+07
0.267 6.3512e+07 1.8138e+07
0.268 5.6624e+07 1.8104e+07
0.269 1.1804e+08 1.8071e+07
0.27 9.9334e+07 1.8038e+07
0.271 9.0516e+07 1.8006e+07
0.272 7.8425e+07 1.7973e+07
0.273 6.7791e+07 1.7941e+07
0.274 9.3714e+07 1.7909e+07
0.275 1.0865e+08 1.7877e+07
0.276 7.957e+07 1.7845e+07
0.277 8.9546e+07 1.7814e+07
0.278 5.5937e+07 1.7783e+07
0.279 9.9422e+07 1.7752e+07
0.28 8.2682e+07 1.7721e+07
0.281 7.5097e+07 1.769e+07
0.282 7.0903e+07 1.7659e+07
0.283 5.9431e+07 1.7628e+07
0.284 9.7532e+07 1.7598e+07
0.285 6.3586e+07 1.7568e+07
0.286 1.2212e+08 1.7538e+07
0.287 5.2689e+07 1.7508e+07
0.288 5.0948e+07 1.7478e+07
0.289 6.36e+07 1.7448e+07
0.29 7.5743e+07 1.7418e+07
0.291 8.4934e+07 1.7389e+07
0.292 2.2788e+07 1.7359e+07
0.293 7.6525e+07 1.733e+07
0.294 1.0846e+08 1.73e+07
0.295 1.1667e+08 1.7271e+07
0.296 9.677e+07 1.7242e+07
0.297 7.6794e+07 1.7213e+07
0.298 7.3333e+07 1.7184e+07
0.299 9.3556e+07 1.7155e+07
0.3 6.8173e+07 1.7126e+07
0.301 1.0308e+08 1.7097e+07
0.302 4.3408e+07 1.7068e+07
0.303 1.1077e+08 1.704e+07
0.304 5.5207e+07 1.7011e+07
0.305 8.1149e+07 1.6982e+07
0.306 7.6393e+07 1.6954e+07
0.307 8.545e+07 1.6925e+07
0.308 6.7428e+07 1.6897e+07
0.309 8.7446e+07 1.6868e+07
0.31 5.1563e+07 1.684e+07
0.311 5.6504e+07 1.6812e+07
0.312 6.3378e+07 1.6783e+07
0.313 8.5328e+07 1.6755e+07
0.314 8.0038e+07 1.6727e+07
0.315 8.6998e+07 1.6699e+07
0.316 6.6817e+07 1.667e+07
0.317 8.5161e+07 1.6642e+07
0.318 8.8286e+07 1.6614e+07
0.319 3.9338e+07 1.6586e+07
0.32 5.555e+07 1.6558e+07
0.321 7.0863e+07 1.653e+07
0.322 5.8043e+07 1.6503e+07
0.323 5.4308e+07 1.6475e+07
0.324 9.7949e+07 1.6447e+07
0.325 9.1424e+07 1.6419e+07
0.326 7.8686e+07 1.6392e+07
0.327 9.5358e+07 1.6364e+07
0.328 6.7365e+07 1.6336e+07
0.329 5.0993e+07 1.6309e+07
0.33 7.8605e+07 1.6281e+07
0.331 6.3407e+07 1.6254e+07
0.332 6.04e+07 1.6227e+07
0.333 6.3948e+07 1.62e+07
0.334 5.8513e+07 1.6172e+07
0.335 7.4827e+07 1.6145e+07
0.336 6.4167e+07 1.6118e+07
0.337 5.7978e+07 1.6092e+07
0.338 4.0814e+07 1.6065e+07
0.339 4.6539e+07 1.6038e+07
0.34 3.1302e+07 1.6011e+07
0.341 6.5916e+07 1.5985e+07
0.342 6.8792e+07 1.5958e+07
0.343 7.309e+07 1.5932e+07
0.344 7.251e+07 1.5906e+07
0.345 6.927e+07 1.588e+07
0.346 4.7187e+07 1.5854e+07
0.347 6.5064e+07 1.5828e+07
0.348 6.7086e+07 1.5802e+07
0.349 6.9522e+07 1.5777e+07
0.35 3.7878e+07 1.5751e+07
0.351 7.1731e+07 1.5726e+07
0.352 6.7604e+07 1.5701e+07
0.353 5.4568e+07 1.5675e+07
0.354 6.6345e+07 1.565e+07
0.355 3.554e+07 1.5626e+07
0.356 7.6087e+07 1.5601e+07
0.357 8.3765e+07 1.5576e+07
0.358 5.877e+07 1.5552e+07
0.359 5.4951e+07 1.5528e+07
0.36 5.5985e+07 1.5504e+07
0.361 5.1018e+07 1.548e+07
0.362 8.1956e+07 1.5456e+07
0.363 4.194e+07 1.5432e+07
0.364 5.9525e+07 1.5409e+07
0.365 3.7936e+07 1.5385e+07
0.366 3.8489e+07 1.5362e+07
0.367 4.4536e+07 1.5339e+07
0.368 3.6169e+06 1.5316e+07
0.369 1.4206e+07 1.5294e+07
0.37 4.0938e+07 1.5271e+07
0.371 2.8301e+07 1.5249e+07
0.372 7.7073e+07 1.5226e+07
0.373 3.9324e+07 1.5204e+07
0.374 6.1588e+07 1.5182e+07
0.375 4.042e+07 1.5161e+07
0.376 3.7486e+07 1.5139e+07
0.377 3.9552e+07 1.5118e+07
0.378 3.2536e+07 1.5096e+07
0.379 4.896e+07 1.5075e+07
0.38 4.9212e+07 1.5054e+07
0.381 4.9724e+07 1.5033e+07
0.382 1.0332e+07 1.5013e+07
0.383 7.892e+07 1.4992e+07
0.384 3.2385e+07 1.4972e+07
0.385 6.8766e+07 1.4951e+07
0.386 4.8715e+07 1.4931e+07
0.387 1.8192e+07 1.4911e+07
0.388 2.6024e+07 1.4891e+07
0.389 3.2945e+07 1.4872e+07
0.39 2.5203e+07 1.4852e+07
0.391 1.884e+07 1.4833e+07
0.392 5.7424e+07 1.4814e+07
0.393 2.2554e+07 1.4794e+07
0.394 3.4861e+07 1.4775e+07
0.395 4.8986e+07 1.4756e+07
0.396 5.0074e+07 1.4738e+07
0.397 3.0966e+07 1.4719e+07
0.398 3.6581e+07 1.4701e+07
0.399 3.2625e+07 1.4682e+07
0.4 5.8962e+07 1.4664e+07
0.401 4.6868e+07 1.4646e+07
0.402 3.8261e+07 1.4628e+07
0.403 5.1881e+07 1.461e+07
0.404 7.6436e+07 1.4592e+07
0.405 3.1579e+07 1.4574e+07
0.406 2.1159e+07 1.4556e+07
0.407 3.5565e+07 1.4539e+07
0.408 4.1142e+07 1.4521e+07
0.409 3.7478e+07 1.4504e+07
0.41 5.9572e+07 1.4487e+07
0.411 3.2271e+07 1.4469e+07
0.412 4.4028e+07 1.4452e+07
0.413 3.2434e+07 1.4435e+07
0.414 5.6018e+07 1.4418e+07
0.415 5.3894e+07 1.4402e+07
0.416 1.1385e+07 1.4385e+07
0.417 5.2474e+07 1.4368e+07
0.418 1.1881e+07 1.4352e+07
0.419 6.164e+07 1.4335e+07
0.42 5.245e+07 1.4319e+07
0.421 3.4495e+07 1.4302e+07
0.422 8.5751e+07 1.4286e+07
0.423 3.8974e+07 1.427e+07
0.424 3.7561e+07 1.4254e+07
0.425 5.1264e+07 1.4237e+07
0.426 2.8966e+07 1.4221e+07
0.427 3.0175e+07 1.4206e+07
0.428 3.5948e+07 1.419e+07
0.429 1.7208e+07 1.4174e+07
0.43 4.2205e+07 1.4158e+07
0.431 3.0276e+07 1.4142e+07
0.432 3.1603e+07 1.4127e+07
0.433 8.1707e+07 1.4111e+07
0.434 5.4203e+07 1.4096e+07
0.435 3.1911e+07 1.408e+07
0.436 6.2675e+07 1.4065e+07
0.437 5.4137e+07 1.4049e+07
0.438 7.5428e+07 1.4034e+07
0.439 4.257e+07 1.4019e+07
0.44 4.5762e+07 1.4003e+07
0.441 6.1929e+07 1.3988e+07
0.442 5.0275e+07 1.3973e+07
0.443 4.5147e+07 1.3958e+07
0.444 4.794e+07 1.3943e+07
0.445 3.981e+07 1.3928e+07
0.446 5.4356e+07 1.3913e+07
0.447 4.2739e+07 1.3898e+07
0.448 5.9573e+07 1.3884e+07
0.449 4.8499e+07 1.3869e+07
0.45 4.8085e+07 1.3854e+07
0.451 6.0861e+07 1.384e+07
0.452 3.6992e+07 1.3825e+07
0.453 5.4706e+07 1.381e+07
0.454 4.9439e+07 1.3796e+07
0.455 4.8404e+07 1.3781e+07
0.456 6.1854e+07 1.3767e+07
0.457 3.0301e+07 1.3753e+07
0.458 5.2565e+07 1.3738e+07
0.459 6.4938e+07 1.3724e+07
0.46 6.1305e+07 1.371e+07
0.461 6.1494e+07 1.3696e+07
0.462 5.2138e+07 1.3682e+07
0.463 3.4155e+07 1.3667e+07
0.464 8.4629e+07 1.3653e+07
0.465 3.6265e+07 1.3639e+07
0.466 4.4435e+07 1.3625e+07
0.467 3.5395e+07 1.3611e+07
0.468 5.8292e+07 1.3598e+07
0.469 5.095e+07 1.3584e+07
0.47 3.1801e+07 1.357e+07
0.471 4.7345e+07 1.3556e+07
0.472 5.4779e+07 1.3542e+07
0.473 6.3954e+07 1.3529e+07
0.474 5.5844e+07 1.3515e+07
0.475 4.9177e+07 1.3501e+07
0.476 5.6511e+07 1.3488e+07
0.477 7.6453e+07 1.3474e+07
0.478 5.004e+07 1.3461e+07
0.479 4.4408e+07 1.3447e+07
0.48 6.1241e+07 1.3434e+07
0.481 4.9953e+07 1.342e+07
0.482 6.3719e+07 1.3407e+07
0.483 4.215e+07 1.3394e+07
0.484 4.6905e+07 1.338e+07
0.485 5.5411e+07 1.3367e+07
0.486 7.6207e+07 1.3354e+07
0.487 6.8264e+07 1.3341e+07
0.488 8.5146e+07 1.3328e+07
0.489 4.2204e+07 1.3314e+07
0.49 5.7834e+07 1.3301e+07
0.491 7.8462e+07 1.3288e+07
0.492 3.9627e+07 1.3275e+07
0.493 7.2937e+07 1.3262e+07
0.494 5.9615e+07 1.3249e+07
0.495 4.8956e+07 1.3236e+07
0.496 5.5862e+07 1.3223e+07
0.497 4.7347e+07 1.321e+07
0.498 5.766e+07 1.3197e+07
0.499 6.9643e+07 1.3184e+07
0.5 7.6568e+07 1.3172e+07
