0.001 2.2858e+09 4.5716e+07
0.002 2.5621e+09 5.1242e+07
0.003 2.449e+09 4.898e+07
0.004 2.3126e+09 4.6252e+07
0.005 2.4487e+09 4.8975e+07
0.006 2.4297e+09 4.8594e+07
0.007 2.3983e+09 4.7966e+07
0.008 2.4515e+09 4.903e+07
0.009 2.4206e+09 4.8412e+07
0.01 2.3227e+09 4.6453e+07
0.011 2.3701e+09 4.7402e+07
0.012 2.3753e+09 4.7506e+07
0.013 2.3925e+09 4.785e+07
0.014 2.33e+09 4.6599e+07
0.015 2.3289e+09 4.6579e+07
0.016 2.3194e+09 4.6389e+07
0.017 2.3135e+09 4.627e+07
0.018 2.3509e+09 4.7018e+07
0.019 2.3366e+09 4.6731e+07
0.02 2.3117e+09 4.6235e+07
0.021 2.2947e+09 4.5894e+07
0.022 2.2705e+09 4.5409e+07
0.023 2.2901e+09 4.5802e+07
0.024 2.275e+09 4.5501e+07
0.025 2.2412e+09 4.4824e+07
0.026 2.2778e+09 4.5555e+07
0.027 2.2467e+09 4.4934e+07
0.028 2.1999e+09 4.3998e+07
0.029 2.2333e+09 4.4666e+07
0.03 2.1844e+09 4.3688e+07
0.031 2.2197e+09 4.4394e+07
0.032 2.1801e+09 4.3603e+07
0.033 2.1447e+09 4.2894e+07
0.034 2.1266e+09 4.2532e+07
0.035 2.0886e+09 4.1772e+07
0.036 2.1775e+09 4.355e+07
0.037 2.087e+09 4.1739e+07
0.038 2.0665e+09 4.1331e+07
0.039 2.0068e+09 4.0135e+07
0.04 2.0232e+09 4.0465e+07
0.041 2.0257e+09 4.0514e+07
0.042 1.9738e+09 3.9476e+07
0.043 1.9587e+09 3.9174e+07
0.044 1.9728e+09 3.9456e+07
0.045 1.9346e+09 3.8693e+07
0.046 1.9291e+09 3.8583e+07
0.047 1.9001e+09 3.8003e+07
0.048 1.8976e+09 3.7952e+07
0.049 1.8719e+09 3.7438e+07
0.05 1.8495e+09 3.699e+07
0.051 1.8555e+09 3.7111e+07
0.052 1.8231e+09 3.6461e+07
0.053 1.8131e+09 3.6261e+07
0.054 1.7679e+09 3.5358e+07
0.055 1.7483e+09 3.4965e+07
0.056 1.746e+09 3.4919e+07
0.057 1.6919e+09 3.3837e+07
0.058 1.7162e+09 3.4323e+07
0.059 1.6595e+09 3.3191e+07
0.06 1.6532e+09 3.3065e+07
0.061 1.6191e+09 3.2383e+07
0.062 1.5919e+09 3.1838e+07
0.063 1.5982e+09 3.1964e+07
0.064 1.5774e+09 3.1547e+07
0.065 1.5573e+09 3.1146e+07
0.066 1.5083e+09 3.0165e+07
0.067 1.5111e+09 3.0221e+07
0.068 1.4796e+09 2.9593e+07
0.069 1.439e+09 2.8781e+07
0.07 1.4176e+09 2.8353e+07
0.071 1.4161e+09 2.8322e+07
0.072 1.3936e+09 2.7873e+07
0.073 1.373e+09 2.746e+07
0.074 1.3451e+09 2.6902e+07
0.075 1.3329e+09 2.6658e+07
0.076 1.3075e+09 2.6151e+07
0.077 1.2721e+09 2.5441e+07
0.078 1.272e+09 2.544e+07
0.079 1.2553e+09 2.5106e+07
0.08 1.2263e+09 2.4527e+07
0.081 1.1859e+09 2.3719e+07
0.082 1.1893e+09 2.3786e+07
0.083 1.1653e+09 2.3306e+07
0.084 1.1405e+09 2.281e+07
0.085 1.1442e+09 2.2883e+07
0.086 1.1081e+09 2.2162e+07
0.087 1.1024e+09 2.2048e+07
0.088 1.0671e+09 2.1342e+07
0.089 1.0509e+09 2.1017e+07
0.09 1.0173e+09 2.0346e+07
0.091 1.0048e+09 2.0095e+07
0.092 9.8523e+08 1.9705e+07
0.093 9.7066e+08 1.9413e+07
0.094 9.4378e+08 1.8876e+07
0.095 9.2452e+08 1.849e+07
0.096 8.9634e+08 1.7927e+07
0.097 9.1613e+08 1.8323e+07
0.098 8.7918e+08 1.7584e+07
0.099 8.5747e+08 1.7149e+07
0.1 8.445e+08 1.689e+07
0.101 8.238e+08 1.6476e+07
0.102 8.1387e+08 1.6277e+07
0.103 7.9545e+08 1.5909e+07
0.104 7.6705e+08 1.5341e+07
0.105 7.6841e+08 1.5368e+07
0.106 7.4019e+08 1.4804e+07
0.107 7.2288e+08 1.4458e+07
0.108 7.1042e+08 1.4208e+07
0.109 6.9065e+08 1.3813e+07
0.11 6.7653e+08 1.3531e+07
0.111 6.672e+08 1.3344e+07
0.112 6.405e+08 1.281e+07
0.113 6.4813e+08 1.2963e+07
0.114 6.2628e+08 1.2526e+07
0.115 6.1299e+08 1.226e+07
0.116 6.06e+08 1.212e+07
0.117 5.7942e+08 1.1588e+07
0.118 5.7532e+08 1.1506e+07
0.119 5.4963e+08 1.0993e+07
0.12 5.4342e+08 1.0868e+07
0.121 5.1687e+08 1.0337e+07
0.122 5.349e+08 1.0698e+07
0.123 5.0385e+08 1.0077e+07
0.124 4.8574e+08 9.7147e+06
0.125 4.8105e+08 9.6211e+06
0.126 4.5853e+08 9.1707e+06
0.127 4.5292e+08 9.0583e+06
0.128 4.3945e+08 8.789e+06
0.129 4.2466e+08 8.4931e+06
0.13 4.2257e+08 8.4514e+06
0.131 4.1029e+08 8.2057e+06
0.132 3.93e+08 7.8601e+06
0.133 3.7868e+08 7.5737e+06
0.134 3.7279e+08 7.4558e+06
0.135 3.6069e+08 7.2139e+06
0.136 3.6338e+08 7.2676e+06
0.137 3.4801e+08 6.9603e+06
0.138 3.4487e+08 6.8973e+06
0.139 3.2573e+08 6.5146e+06
0.14 3.3269e+08 6.6539e+06
0.141 3.2664e+08 6.5328e+06
0.142 3.1328e+08 6.2656e+06
0.143 3.0424e+08 6.0848e+06
0.144 2.9373e+08 5.8747e+06
0.145 2.837e+08 5.674e+06
0.146 2.7751e+08 5.5502e+06
0.147 2.6513e+08 5.3025e+06
0.148 2.7636e+08 5.5272e+06
0.149 2.5244e+08 5.0489e+06
0.15 2.5501e+08 5.1002e+06
0.151 2.4644e+08 4.9288e+06
0.152 2.3172e+08 4.6344e+06
0.153 2.3691e+08 4.7383e+06
0.154 2.2031e+08 4.4061e+06
0.155 2.2148e+08 4.4296e+06
0.156 2.0338e+08 4.0676e+06
0.157 2.025e+08 4.0499e+06
0.158 2.0067e+08 4.0134e+06
0.159 1.9734e+08 3.9468e+06
0.16 1.9298e+08 3.8597e+06
0.161 1.8648e+08 3.7296e+06
0.162 1.8141e+08 3.6283e+06
0.163 1.8331e+08 3.6663e+06
0.164 1.7129e+08 3.4258e+06
0.165 1.6134e+08 3.2268e+06
0.166 1.5627e+08 3.1255e+06
0.167 1.5658e+08 3.1317e+06
0.168 1.505e+08 3.0101e+06
0.169 1.4501e+08 2.9001e+06
0.17 1.4987e+08 2.9974e+06
0.171 1.3693e+08 2.7386e+06
0.172 1.3834e+08 2.7668e+06
0.173 1.3792e+08 2.7585e+06
0.174 1.3506e+08 2.7012e+06
0.175 1.2398e+08 2.4795e+06
0.176 1.1879e+08 2.3758e+06
0.177 1.2162e+08 2.4323e+06
0.178 1.1567e+08 2.3133e+06
0.179 1.1957e+08 2.3915e+06
0.18 1.1312e+08 2.2623e+06
0.181 1.0597e+08 2.1195e+06
0.182 1.0466e+08 2.0933e+06
0.183 1.1218e+08 2.2437e+06
0.184 9.6771e+07 1.9354e+06
0.185 9.9571e+07 1.9914e+06
0.186 9.6789e+07 1.9358e+06
0.187 9.6477e+07 1.9295e+06
0.188 8.8431e+07 1.7686e+06
0.189 8.3054e+07 1.6611e+06
0.19 7.6688e+07 1.5338e+06
0.191 8.0403e+07 1.6081e+06
0.192 8.2129e+07 1.6426e+06
0.193 8.1723e+07 1.6345e+06
0.194 7.172e+07 1.4344e+06
0.195 6.804e+07 1.3608e+06
0.196 8.1068e+07 1.6214e+06
0.197 7.5263e+07 1.5053e+06
0.198 7.8506e+07 1.5701e+06
0.199 7.1619e+07 1.4324e+06
0.2 6.2236e+07 1.2447e+06
0.201 7.0315e+07 1.4063e+06
0.202 7.3824e+07 1.4765e+06
0.203 6.8316e+07 1.3663e+06
0.204 5.4022e+07 1.0804e+06
0.205 5.8924e+07 1.1785e+06
0.206 5.8754e+07 1.1751e+06
0.207 5.1226e+07 1.0245e+06
0.208 5.7701e+07 1.154e+06
0.209 5.0812e+07 1.0162e+06
0.21 5.2334e+07 1.0467e+06
0.211 6.0126e+07 1.2025e+06
0.212 5.5282e+07 1.1056e+06
0.213 4.5717e+07 9.1433e+05
0.214 4.9061e+07 9.8121e+05
0.215 5.0494e+07 1.0099e+06
0.216 4.7405e+07 9.4811e+05
0.217 5.0658e+07 1.0132e+06
0.218 4.2312e+07 8.4624e+05
0.219 4.9583e+07 9.9167e+05
0.22 4.435e+07 8.87e+05
0.221 4.4059e+07 8.8118e+05
0.222 4.2946e+07 8.5891e+05
0.223 4.0853e+07 8.1707e+05
0.224 3.6392e+07 7.2784e+05
0.225 4.1543e+07 8.3087e+05
0.226 3.62e+07 7.24e+05
0.227 4.0798e+07 8.1596e+05
0.228 4.1835e+07 8.367e+05
0.229 3.5923e+07 7.1845e+05
0.23 3.6154e+07 7.2308e+05
0.231 3.9882e+07 7.9764e+05
0.232 3.8606e+07 7.7211e+05
0.233 3.2355e+07 6.4711e+05
0.234 3.6415e+07 7.2831e+05
0.235 3.7737e+07 7.5474e+05
0.236 3.0461e+07 6.0921e+05
0.237 2.7516e+07 5.5032e+05
0.238 2.7876e+07 5.5752e+05
0.239 3.0494e+07 6.0987e+05
0.24 2.5021e+07 5.0043e+05
0.241 3.7232e+07 7.4465e+05
0.242 3.1963e+07 6.3927e+05
0.243 2.9564e+07 5.9128e+05
0.244 3.3187e+07 6.6374e+05
0.245 2.6141e+07 5.2282e+05
0.246 2.6857e+07 5.3714e+05
0.247 3.3127e+07 6.6254e+05
0.248 2.7268e+07 5.4536e+05
0.249 2.5124e+07 5.0248e+05
0.25 2.903e+07 5.806e+05
0.251 2.7825e+07 5.565e+05
0.252 2.6856e+07 5.3712e+05
0.253 2.902e+07 5.8039e+05
0.254 2.5542e+07 5.1083e+05
0.255 2.5571e+07 5.1143e+05
0.256 2.4452e+07 4.8905e+05
0.257 2.1067e+07 4.2134e+05
0.258 2.0744e+07 4.1487e+05
0.259 3.0036e+07 6.0073e+05
0.26 1.9678e+07 3.9357e+05
0.261 2.4767e+07 4.9535e+05
0.262 1.5199e+07 3.0399e+05
0.263 3.014e+07 6.0279e+05
0.264 2.6592e+07 5.3184e+05
0.265 2.9907e+07 5.9814e+05
0.266 2.2698e+07 4.5395e+05
0.267 2.8689e+07 5.7379e+05
0.268 2.4917e+07 4.9834e+05
0.269 2.8995e+07 5.799e+05
0.27 2.3881e+07 4.7762e+05
0.271 1.7812e+07 3.5625e+05
0.272 2.5362e+07 5.0724e+05
0.273 3.1481e+07 6.2962e+05
0.274 2.636e+07 5.272e+05
0.275 2.8395e+07 5.6791e+05
0.276 2.0302e+07 4.0604e+05
0.277 2.9398e+07 5.8796e+05
0.278 2.801e+07 5.602e+05
0.279 2.6178e+07 5.2357e+05
0.28 2.7813e+07 5.5626e+05
0.281 2.9105e+07 5.8209e+05
0.282 3.3974e+07 6.7948e+05
0.283 2.9101e+07 5.8202e+05
0.284 2.5319e+07 5.0637e+05
0.285 3.3704e+07 6.7407e+05
0.286 3.0799e+07 6.1599e+05
0.287 2.7869e+07 5.5738e+05
0.288 2.4422e+07 4.8844e+05
0.289 2.0648e+07 4.1295e+05
0.29 2.6512e+07 5.3024e+05
0.291 2.8285e+07 5.657e+05
0.292 2.5635e+07 5.127e+05
0.293 3.3009e+07 6.6018e+05
0.294 2.5494e+07 5.0988e+05
0.295 2.4596e+07 4.9193e+05
0.296 3.1503e+07 6.3007e+05
0.297 2.8642e+07 5.7284e+05
0.298 2.9451e+07 5.8902e+05
0.299 2.2434e+07 4.4868e+05
0.3 2.5946e+07 5.1893e+05
0.301 2.3444e+07 4.6889e+05
0.302 3.0549e+07 6.1097e+05
0.303 3.2029e+07 6.4059e+05
0.304 2.5834e+07 5.1668e+05
0.305 2.991e+07 5.982e+05
0.306 2.8405e+07 5.6811e+05
0.307 3.0363e+07 6.0727e+05
0.308 2.5181e+07 5.0363e+05
0.309 3.2399e+07 6.4799e+05
0.31 3.0546e+07 6.1093e+05
0.311 2.9392e+07 5.8785e+05
0.312 2.7067e+07 5.4133e+05
0.313 3.416e+07 6.8319e+05
0.314 3.0606e+07 6.1213e+05
0.315 2.5706e+07 5.1413e+05
0.316 3.1129e+07 6.2257e+05
0.317 2.7774e+07 5.5548e+05
0.318 2.9695e+07 5.9391e+05
0.319 2.8976e+07 5.7952e+05
0.32 3.2064e+07 6.4127e+05
0.321 2.1621e+07 4.3242e+05
0.322 2.7351e+07 5.4701e+05
0.323 2.9419e+07 5.8837e+05
0.324 2.8566e+07 5.7131e+05
0.325 2.4396e+07 4.8792e+05
0.326 2.9838e+07 5.9677e+05
0.327 3.0992e+07 6.1983e+05
0.328 2.7607e+07 5.5215e+05
0.329 2.4842e+07 4.9683e+05
0.33 2.8218e+07 5.6436e+05
0.331 2.9684e+07 5.9369e+05
0.332 3.5398e+07 7.0796e+05
0.333 2.7676e+07 5.5352e+05
0.334 3.0983e+07 6.1966e+05
0.335 3.0619e+07 6.1238e+05
0.336 2.4189e+07 4.8378e+05
0.337 3.503e+07 7.006e+05
0.338 3.1312e+07 6.2624e+05
0.339 2.4188e+07 4.8376e+05
0.34 2.2852e+07 4.5705e+05
0.341 2.8385e+07 5.677e+05
0.342 3.5747e+07 7.1493e+05
0.343 3.3393e+07 6.6786e+05
0.344 3.0001e+07 6.0002e+05
0.345 2.9308e+07 5.8617e+05
0.346 2.6724e+07 5.3449e+05
0.347 2.8367e+07 5.6733e+05
0.348 3.0317e+07 6.0634e+05
0.349 2.8301e+07 5.6602e+05
0.35 3.3724e+07 6.7449e+05
0.351 2.8672e+07 5.7344e+05
0.352 3.168e+07 6.336e+05
0.353 2.7454e+07 5.4907e+05
0.354 2.5763e+07 5.1527e+05
0.355 2.9822e+07 5.9644e+05
0.356 2.3195e+07 4.639e+05
0.357 2.5909e+07 5.1817e+05
0.358 3.3905e+07 6.7809e+05
0.359 2.664e+07 5.3279e+05
0.36 2.0901e+07 4.1802e+05
0.361 3.4067e+07 6.8134e+05
0.362 2.7131e+07 5.4261e+05
0.363 2.3538e+07 4.7076e+05
0.364 2.8188e+07 5.6376e+05
0.365 2.785e+07 5.57e+05
0.366 2.6772e+07 5.3543e+05
0.367 2.4014e+07 4.8027e+05
0.368 2.2533e+07 4.5065e+05
0.369 2.3089e+07 4.6177e+05
0.37 2.3181e+07 4.6362e+05
0.371 1.8148e+07 3.6297e+05
0.372 2.7068e+07 5.4137e+05
0.373 2.5709e+07 5.1417e+05
0.374 2.5402e+07 5.0804e+05
0.375 2.4608e+07 4.9217e+05
0.376 2.5987e+07 5.1975e+05
0.377 2.6341e+07 5.2682e+05
0.378 2.8112e+07 5.6225e+05
0.379 2.2177e+07 4.4353e+05
0.38 1.9497e+07 3.8994e+05
0.381 2.1622e+07 4.3245e+05
0.382 2.6421e+07 5.2841e+05
0.383 2.298e+07 4.596e+05
0.384 2.1655e+07 4.331e+05
0.385 2.2106e+07 4.4211e+05
0.386 2.2998e+07 4.5996e+05
0.387 1.8946e+07 3.7892e+05
0.388 2.7007e+07 5.4014e+05
0.389 1.766e+07 3.5321e+05
0.39 2.1527e+07 4.3055e+05
0.391 2.4821e+07 4.9641e+05
0.392 1.5476e+07 3.0952e+05
0.393 2.4274e+07 4.8549e+05
0.394 2.5888e+07 5.1776e+05
0.395 2.1313e+07 4.2625e+05
0.396 1.743e+07 3.486e+05
0.397 2.6317e+07 5.2634e+05
0.398 2.5592e+07 5.1184e+05
0.399 2.477e+07 4.9541e+05
0.4 2.4184e+07 4.8368e+05
0.401 2.258e+07 4.516e+05
0.402 2.575e+07 5.1499e+05
0.403 1.9364e+07 3.8728e+05
0.404 1.443e+07 2.8861e+05
0.405 2.003e+07 4.0059e+05
0.406 1.845e+07 3.69e+05
0.407 1.7553e+07 3.5106e+05
0.408 1.8974e+07 3.7948e+05
0.409 2.484e+07 4.968e+05
0.41 1.8602e+07 3.7203e+05
0.411 2.1153e+07 4.2306e+05
0.412 1.6711e+07 3.3421e+05
0.413 1.5447e+07 3.0893e+05
0.414 2.5802e+07 5.1603e+05
0.415 2.0681e+07 4.1362e+05
0.416 1.822e+07 3.6441e+05
0.417 2.4584e+07 4.9168e+05
0.418 2.0334e+07 4.0669e+05
0.419 1.6466e+07 3.2933e+05
0.42 1.8416e+07 3.6832e+05
0.421 1.9314e+07 3.8628e+05
0.422 1.8195e+07 3.6391e+05
0.423 2.4694e+07 4.9388e+05
0.424 2.111e+07 4.222e+05
0.425 1.7607e+07 3.5214e+05
0.426 1.788e+07 3.5759e+05
0.427 1.629e+07 3.2579e+05
0.428 2.2765e+07 4.553e+05
0.429 2.2269e+07 4.4538e+05
0.43 2.0609e+07 4.1217e+05
0.431 1.6369e+07 3.2738e+05
0.432 2.0253e+07 4.0506e+05
0.433 1.8428e+07 3.6857e+05
0.434 1.3942e+07 2.7885e+05
0.435 2.09e+07 4.18e+05
0.436 1.669e+07 3.338e+05
0.437 2.0098e+07 4.0197e+05
0.438 2.1203e+07 4.2406e+05
0.439 1.9724e+07 3.9447e+05
0.44 1.5654e+07 3.1309e+05
0.441 1.7274e+07 3.4547e+05
0.442 1.5917e+07 3.1834e+05
0.443 1.6694e+07 3.3389e+05
0.444 1.124e+07 2.248e+05
0.445 1.7327e+07 3.4654e+05
0.446 1.0422e+07 2.0844e+05
0.447 1.4663e+07 2.9325e+05
0.448 1.8316e+07 3.6632e+05
0.449 1.7586e+07 3.5172e+05
0.45 1.7239e+07 3.4479e+05
0.451 1.0157e+07 2.0315e+05
0.452 2.3079e+07 4.6158e+05
0.453 8.6729e+06 1.7346e+05
0.454 1.7464e+07 3.4928e+05
0.455 1.7121e+07 3.4242e+05
0.456 1.5589e+07 3.1179e+05
0.457 1.5486e+07 3.0972e+05
0.458 1.0906e+07 2.1811e+05
0.459 1.6841e+07 3.3683e+05
0.46 1.5478e+07 3.0957e+05
0.461 1.607e+07 3.2141e+05
0.462 1.7375e+07 3.4751e+05
0.463 1.5065e+07 3.0131e+05
0.464 1.633e+07 3.266e+05
0.465 1.9522e+07 3.9044e+05
0.466 1.6027e+07 3.2054e+05
0.467 1.5806e+07 3.1612e+05
0.468 1.8216e+07 3.6432e+05
0.469 1.5695e+07 3.139e+05
0.47 1.444e+07 2.888e+05
0.471 1.4271e+07 2.8542e+05
0.472 1.5551e+07 3.1102e+05
0.473 1.5714e+07 3.1429e+05
0.474 1.4597e+07 2.9194e+05
0.475 1.2692e+07 2.5384e+05
0.476 1.2997e+07 2.5994e+05
0.477 1.1973e+07 2.3946e+05
0.478 1.148e+07 2.296e+05
0.479 1.8336e+07 3.6671e+05
0.48 1.7776e+07 3.5553e+05
0.481 1.1273e+07 2.2546e+05
0.482 1.3698e+07 2.7397e+05
0.483 1.3613e+07 2.7226e+05
0.484 1.1793e+07 2.3587e+05
0.485 1.0964e+07 2.1927e+05
0.486 1.8197e+07 3.6395e+05
0.487 1.6418e+07 3.2837e+05
0.488 1.2284e+07 2.4568e+05
0.489 1.5201e+07 3.0402e+05
0.49 1.27e+07 2.5399e+05
0.491 9.2267e+06 1.8453e+05
0.492 1.1447e+07 2.2895e+05
0.493 1.4204e+07 2.8408e+05
0.494 1.348e+07 2.6961e+05
0.495 1.6378e+07 3.2756e+05
0.496 1.7928e+07 3.5856e+05
0.497 1.0878e+07 2.1757e+05
0.498 1.3165e+07 2.6331e+05
0.499 8.9674e+06 1.7935e+05
0.5 9.5231e+06 1.9046e+05
