0.001 3.3669e+09 6.7338e+07
0.002 3.3827e+09 6.7654e+07
0.003 3.6883e+09 7.3767e+07
0.004 3.5678e+09 7.1356e+07
0.005 3.1273e+09 6.2546e+07
0.006 3.2258e+09 6.4515e+07
0.007 3.2148e+09 6.4296e+07
0.008 3.2175e+09 6.4349e+07
0.009 3.3785e+09 6.757e+07
0.01 3.2391e+09 6.4782e+07
0.011 3.2359e+09 6.4718e+07
0.012 3.2752e+09 6.5504e+07
0.013 3.3042e+09 6.6083e+07
0.014 3.196e+09 6.3919e+07
0.015 3.2529e+09 6.5058e+07
0.016 3.2596e+09 6.5193e+07
0.017 3.1974e+09 6.3948e+07
0.018 3.2246e+09 6.4491e+07
0.019 3.1592e+09 6.3183e+07
0.02 3.1822e+09 6.3644e+07
0.021 3.111e+09 6.222e+07
0.022 3.1585e+09 6.317e+07
0.023 3.0789e+09 6.1579e+07
0.024 3.1449e+09 6.2899e+07
0.025 3.113e+09 6.2261e+07
0.026 3.073e+09 6.146e+07
0.027 3.0545e+09 6.1089e+07
0.028 3.0889e+09 6.1778e+07
0.029 2.9571e+09 5.9143e+07
0.03 3.0102e+09 6.0204e+07
0.031 2.9211e+09 5.8421e+07
0.032 2.9419e+09 5.8839e+07
0.033 2.8924e+09 5.7847e+07
0.034 2.9025e+09 5.805e+07
0.035 2.8776e+09 5.7551e+07
0.036 2.873e+09 5.746e+07
0.037 2.817e+09 5.6339e+07
0.038 2.8593e+09 5.7186e+07
0.039 2.7949e+09 5.5898e+07
0.04 2.7687e+09 5.5373e+07
0.041 2.7233e+09 5.4466e+07
0.042 2.7305e+09 5.4609e+07
0.043 2.7167e+09 5.4334e+07
0.044 2.6777e+09 5.3554e+07
0.045 2.6311e+09 5.2623e+07
0.046 2.5964e+09 5.1927e+07
0.047 2.5971e+09 5.1941e+07
0.048 2.5286e+09 5.0573e+07
0.049 2.5232e+09 5.0465e+07
0.05 2.5028e+09 5.0056e+07
0.051 2.4605e+09 4.9209e+07
0.052 2.4581e+09 4.9163e+07
0.053 2.451e+09 4.9019e+07
0.054 2.4029e+09 4.8057e+07
0.055 2.3757e+09 4.7514e+07
0.056 2.2861e+09 4.5722e+07
0.057 2.309e+09 4.618e+07
0.058 2.2722e+09 4.5444e+07
0.059 2.2433e+09 4.4866e+07
0.06 2.2003e+09 4.4006e+07
0.061 2.2103e+09 4.4205e+07
0.062 2.1465e+09 4.293e+07
0.063 2.1582e+09 4.3164e+07
0.064 2.0807e+09 4.1615e+07
0.065 2.0649e+09 4.1299e+07
0.066 2.0406e+09 4.0813e+07
0.067 1.9981e+09 3.9962e+07
0.068 1.9764e+09 3.9528e+07
0.069 1.9563e+09 3.9125e+07
0.07 1.9069e+09 3.8138e+07
0.071 1.9029e+09 3.8057e+07
0.072 1.8295e+09 3.659e+07
0.073 1.8146e+09 3.6291e+07
0.074 1.8068e+09 3.6136e+07
0.075 1.8039e+09 3.6078e+07
0.076 1.7491e+09 3.4982e+07
0.077 1.713e+09 3.426e+07
0.078 1.6692e+09 3.3384e+07
0.079 1.6625e+09 3.3251e+07
0.08 1.6273e+09 3.2546e+07
0.081 1.6214e+09 3.2427e+07
0.082 1.5835e+09 3.1669e+07
0.083 1.5543e+09 3.1086e+07
0.084 1.519e+09 3.038e+07
0.085 1.5007e+09 3.0014e+07
0.086 1.4682e+09 2.9364e+07
0.087 1.4533e+09 2.9065e+07
0.088 1.3981e+09 2.7963e+07
0.089 1.3911e+09 2.7822e+07
0.09 1.3438e+09 2.6876e+07
0.091 1.3289e+09 2.6578e+07
0.092 1.2917e+09 2.5834e+07
0.093 1.2634e+09 2.5269e+07
0.094 1.267e+09 2.534e+07
0.095 1.1997e+09 2.3994e+07
0.096 1.2152e+09 2.4303e+07
0.097 1.1706e+09 2.3412e+07
0.098 1.1547e+09 2.3095e+07
0.099 1.1319e+09 2.2638e+07
0.1 1.0975e+09 2.195e+07
0.101 1.0883e+09 2.1765e+07
0.102 1.0742e+09 2.1485e+07
0.103 1.0783e+09 2.1567e+07
0.104 1.0294e+09 2.0588e+07
0.105 9.9819e+08 1.9964e+07
0.106 9.6642e+08 1.9328e+07
0.107 9.6546e+08 1.9309e+07
0.108 9.1796e+08 1.8359e+07
0.109 9.1159e+08 1.8232e+07
0.11 8.8702e+08 1.774e+07
0.111 8.5855e+08 1.7171e+07
0.112 8.3737e+08 1.6747e+07
0.113 8.3032e+08 1.6606e+07
0.114 8.0199e+08 1.604e+07
0.115 7.9358e+08 1.5872e+07
0.116 7.8165e+08 1.5633e+07
0.117 7.7056e+08 1.5411e+07
0.118 7.3974e+08 1.4795e+07
0.119 7.0467e+08 1.4093e+07
0.12 6.9808e+08 1.3962e+07
0.121 6.7988e+08 1.3598e+07
0.122 6.5116e+08 1.3023e+07
0.123 6.5488e+08 1.3098e+07
0.124 6.3543e+08 1.2709e+07
0.125 6.2296e+08 1.2459e+07
0.126 6.0759e+08 1.2152e+07
0.127 5.7819e+08 1.1564e+07
0.128 5.7346e+08 1.1469e+07
0.129 5.7798e+08 1.156e+07
0.13 5.6496e+08 1.1299e+07
0.131 5.3196e+08 1.0639e+07
0.132 5.0981e+08 1.0196e+07
0.133 5.1465e+08 1.0293e+07
0.134 4.9581e+08 9.9163e+06
0.135 4.7977e+08 9.5954e+06
0.136 4.7927e+08 9.5855e+06
0.137 4.649e+08 9.298e+06
0.138 4.5277e+08 9.0554e+06
0.139 4.4802e+08 8.9604e+06
0.14 4.4271e+08 8.8542e+06
0.141 4.0904e+08 8.1809e+06
0.142 4.0822e+08 8.1645e+06
0.143 3.9908e+08 7.9816e+06
0.144 3.9358e+08 7.8717e+06
0.145 3.9446e+08 7.8892e+06
0.146 3.7082e+08 7.4164e+06
0.147 3.5994e+08 7.1988e+06
0.148 3.444e+08 6.888e+06
0.149 3.4255e+08 6.851e+06
0.15 3.4161e+08 6.8321e+06
0.151 3.2707e+08 6.5413e+06
0.152 3.1884e+08 6.3768e+06
0.153 3.1196e+08 6.2391e+06
0.154 3.0077e+08 6.0155e+06
0.155 2.9756e+08 5.9512e+06
0.156 2.9477e+08 5.8955e+06
0.157 2.7541e+08 5.5082e+06
0.158 2.6531e+08 5.3062e+06
0.159 2.7036e+08 5.4072e+06
0.16 2.5822e+08 5.1644e+06
0.161 2.5382e+08 5.0764e+06
0.162 2.5631e+08 5.1262e+06
0.163 2.4004e+08 4.8009e+06
0.164 2.4106e+08 4.8213e+06
0.165 2.2746e+08 4.5492e+06
0.166 2.1777e+08 4.3554e+06
0.167 2.2204e+08 4.4407e+06
0.168 2.1684e+08 4.3369e+06
0.169 2.1488e+08 4.2975e+06
0.17 2.0702e+08 4.1404e+06
0.171 1.9662e+08 3.9323e+06
0.172 1.9623e+08 3.9247e+06
0.173 1.9557e+08 3.9113e+06
0.174 1.8546e+08 3.7093e+06
0.175 1.7653e+08 3.5306e+06
0.176 1.8335e+08 3.667e+06
0.177 1.8864e+08 3.7727e+06
0.178 1.6901e+08 3.3802e+06
0.179 1.7152e+08 3.4304e+06
0.18 1.5699e+08 3.1397e+06
0.181 1.7928e+08 3.5855e+06
0.182 1.5034e+08 3.0069e+06
0.183 1.4919e+08 2.9838e+06
0.184 1.3729e+08 2.7459e+06
0.185 1.4142e+08 2.8283e+06
0.186 1.4561e+08 2.9122e+06
0.187 1.344e+08 2.688e+06
0.188 1.3889e+08 2.7778e+06
0.189 1.3714e+08 2.7428e+06
0.19 1.3184e+08 2.6368e+06
0.191 1.3672e+08 2.7344e+06
0.192 1.2888e+08 2.5776e+06
0.193 1.2206e+08 2.4412e+06
0.194 1.205e+08 2.4099e+06
0.195 1.1652e+08 2.3303e+06
0.196 1.1465e+08 2.293e+06
0.197 1.0745e+08 2.149e+06
0.198 1.1077e+08 2.2154e+06
0.199 1.0918e+08 2.1836e+06
0.2 1.0856e+08 2.1712e+06
0.201 1.001e+08 2.0021e+06
0.202 9.4341e+07 1.8868e+06
0.203 9.5888e+07 1.9178e+06
0.204 9.2919e+07 1.8584e+06
0.205 9.7878e+07 1.9576e+06
0.206 9.9007e+07 1.9801e+06
0.207 9.3461e+07 1.8692e+06
0.208 9.681e+07 1.9362e+06
0.209 9.3287e+07 1.8657e+06
0.21 8.1808e+07 1.6362e+06
0.211 8.5966e+07 1.7193e+06
0.212 7.663e+07 1.5326e+06
0.213 6.9373e+07 1.3875e+06
0.214 8.0577e+07 1.6115e+06
0.215 7.2005e+07 1.4401e+06
0.216 7.5868e+07 1.5174e+06
0.217 7.2142e+07 1.4428e+06
0.218 7.402e+07 1.4804e+06
0.219 6.0691e+07 1.2138e+06
0.22 7.9848e+07 1.597e+06
0.221 6.3169e+07 1.2634e+06
0.222 5.8895e+07 1.1779e+06
0.223 6.2795e+07 1.2559e+06
0.224 6.0577e+07 1.2115e+06
0.225 6.1676e+07 1.2335e+06
0.226 5.4065e+07 1.0813e+06
0.227 5.2977e+07 1.0595e+06
0.228 5.0579e+07 1.0116e+06
0.229 5.6047e+07 1.1209e+06
0.23 5.2298e+07 1.046e+06
0.231 4.4794e+07 8.9587e+05
0.232 5.8531e+07 1.1706e+06
0.233 4.6352e+07 9.2704e+05
0.234 4.3929e+07 8.7859e+05
0.235 5.3492e+07 1.0698e+06
0.236 4.4499e+07 8.8998e+05
0.237 4.1364e+07 8.2728e+05
0.238 4.3022e+07 8.6044e+05
0.239 4.3465e+07 8.6929e+05
0.24 3.3465e+07 6.693e+05
0.241 5.4217e+07 1.0843e+06
0.242 3.9092e+07 7.8183e+05
0.243 4.7449e+07 9.4898e+05
0.244 4.6551e+07 9.3102e+05
0.245 3.8319e+07 7.6637e+05
0.246 3.8783e+07 7.7566e+05
0.247 5.3749e+07 1.075e+06
0.248 3.8206e+07 7.6413e+05
0.249 2.2324e+07 4.4648e+05
0.25 2.7007e+07 5.4014e+05
0.251 4.2646e+07 8.5292e+05
0.252 3.0666e+07 6.1333e+05
0.253 3.3099e+07 6.6198e+05
0.254 3.4272e+07 6.8544e+05
0.255 3.2185e+07 6.437e+05
0.256 4.6225e+07 9.2449e+05
0.257 3.1851e+07 6.3702e+05
0.258 3.4636e+07 6.9273e+05
0.259 3.9054e+07 7.8109e+05
0.26 3.6703e+07 7.3405e+05
0.261 3.6434e+07 7.2868e+05
0.262 2.9129e+07 5.8258e+05
0.263 3.6879e+07 7.3757e+05
0.264 2.7941e+07 5.5882e+05
0.265 3.3846e+07 6.7693e+05
0.266 2.8584e+07 5.7168e+05
0.267 3.3061e+07 6.6123e+05
0.268 2.9949e+07 5.9899e+05
0.269 4.0597e+07 8.1194e+05
0.27 3.3084e+07 6.6169e+05
0.271 3.1898e+07 6.3796e+05
0.272 2.5222e+07 5.0445e+05
0.273 2.3249e+07 4.6499e+05
0.274 2.9673e+07 5.9346e+05
0.275 2.9246e+07 5.8492e+05
0.276 2.7237e+07 5.4475e+05
0.277 2.978e+07 5.956e+05
0.278 3.0012e+07 6.0024e+05
0.279 3.705e+07 7.4101e+05
0.28 3.2231e+07 6.4463e+05
0.281 3.5757e+07 7.1514e+05
0.282 4.013e+07 8.0261e+05
0.283 3.7711e+07 7.5422e+05
0.284 2.8391e+07 5.6782e+05
0.285 4.2561e+07 8.5122e+05
0.286 3.6724e+07 7.3449e+05
0.287 2.7634e+07 5.5268e+05
0.288 2.5413e+07 5.0826e+05
0.289 3.146e+07 6.2919e+05
0.29 3.6019e+07 7.2038e+05
0.291 2.7165e+07 5.433e+05
0.292 3.158e+07 6.316e+05
0.293 3.0841e+07 6.1682e+05
0.294 3.7589e+07 7.5178e+05
0.295 3.5286e+07 7.0571e+05
0.296 3.8342e+07 7.6684e+05
0.297 3.4308e+07 6.8616e+05
0.298 3.6251e+07 7.2502e+05
0.299 3.6114e+07 7.2227e+05
0.3 3.2897e+07 6.5795e+05
0.301 3.4958e+07 6.9915e+05
0.302 2.9185e+07 5.8371e+05
0.303 2.3299e+07 4.6598e+05
0.304 2.734e+07 5.468e+05
0.305 3.1419e+07 6.2838e+05
0.306 3.9078e+07 7.8156e+05
0.307 3.4199e+07 6.8397e+05
0.308 3.7024e+07 7.4049e+05
0.309 3.3196e+07 6.6393e+05
0.31 3.3926e+07 6.7853e+05
0.311 2.6798e+07 5.3596e+05
0.312 2.507e+07 5.014e+05
0.313 2.648e+07 5.296e+05
0.314 3.6102e+07 7.2205e+05
0.315 3.9108e+07 7.8216e+05
0.316 2.8703e+07 5.7405e+05
0.317 3.5127e+07 7.0254e+05
0.318 3.2775e+07 6.555e+05
0.319 3.2117e+07 6.4234e+05
0.32 4.542e+07 9.0841e+05
0.321 3.4567e+07 6.9135e+05
0.322 2.5184e+07 5.0369e+05
0.323 2.9611e+07 5.9222e+05
0.324 4.6338e+07 9.2676e+05
0.325 4.0271e+07 8.0541e+05
0.326 4.3047e+07 8.6093e+05
0.327 3.0001e+07 6.0002e+05
0.328 3.2486e+07 6.4972e+05
0.329 3.5758e+07 7.1516e+05
0.33 3.8381e+07 7.6762e+05
0.331 4.5286e+07 9.0572e+05
0.332 3.8997e+07 7.7994e+05
0.333 3.1408e+07 6.2815e+05
0.334 3.0493e+07 6.0986e+05
0.335 3.7843e+07 7.5686e+05
0.336 3.4761e+07 6.9522e+05
0.337 3.5864e+07 7.1727e+05
0.338 3.6309e+07 7.2618e+05
0.339 4.0359e+07 8.0719e+05
0.34 3.5786e+07 7.1572e+05
0.341 2.5886e+07 5.1771e+05
0.342 3.5026e+07 7.0053e+05
0.343 3.6926e+07 7.3852e+05
0.344 3.3358e+07 6.6715e+05
0.345 3.9223e+07 7.8446e+05
0.346 3.5818e+07 7.1637e+05
0.347 3.7208e+07 7.4416e+05
0.348 3.2876e+07 6.5752e+05
0.349 4.2558e+07 8.5117e+05
0.35 3.7217e+07 7.4434e+05
0.351 3.3316e+07 6.6632e+05
0.352 3.7355e+07 7.4711e+05
0.353 4.2539e+07 8.5079e+05
0.354 3.9285e+07 7.8571e+05
0.355 4.0154e+07 8.0308e+05
0.356 3.2357e+07 6.4715e+05
0.357 3.8086e+07 7.6173e+05
0.358 4.2205e+07 8.4411e+05
0.359 2.7221e+07 5.4442e+05
0.36 3.0215e+07 6.043e+05
0.361 3.4798e+07 6.9595e+05
0.362 3.6809e+07 7.3618e+05
0.363 3.7374e+07 7.4747e+05
0.364 3.0652e+07 6.1303e+05
0.365 3.851e+07 7.7021e+05
0.366 3.3325e+07 6.665e+05
0.367 3.1147e+07 6.2293e+05
0.368 3.8182e+07 7.6365e+05
0.369 4.2256e+07 8.4512e+05
0.37 3.4352e+07 6.8704e+05
0.371 3.1678e+07 6.3357e+05
0.372 3.6477e+07 7.2954e+05
0.373 3.1048e+07 6.2097e+05
0.374 3.909e+07 7.8181e+05
0.375 3.0853e+07 6.1706e+05
0.376 2.9078e+07 5.8157e+05
0.377 2.5736e+07 5.1473e+05
0.378 3.8544e+07 7.7089e+05
0.379 3.4908e+07 6.9815e+05
0.38 3.0464e+07 6.0928e+05
0.381 3.4988e+07 6.9976e+05
0.382 2.5963e+07 5.1926e+05
0.383 3.7587e+07 7.5173e+05
0.384 3.7216e+07 7.4431e+05
0.385 3.4407e+07 6.8815e+05
0.386 3.2965e+07 6.5929e+05
0.387 2.9604e+07 5.9207e+05
0.388 3.6539e+07 7.3077e+05
0.389 3.0719e+07 6.1438e+05
0.39 3.7009e+07 7.4017e+05
0.391 2.9974e+07 5.9948e+05
0.392 3.2283e+07 6.4566e+05
0.393 2.8151e+07 5.6301e+05
0.394 2.9233e+07 5.8467e+05
0.395 2.637e+07 5.2741e+05
0.396 2.5259e+07 5.0518e+05
0.397 2.4837e+07 4.9673e+05
0.398 2.154e+07 4.308e+05
0.399 3.1151e+07 6.2302e+05
0.4 2.8183e+07 5.6365e+05
0.401 3.5866e+07 7.1732e+05
0.402 3.7362e+07 7.4723e+05
0.403 3.9979e+07 7.9957e+05
0.404 3.1949e+07 6.3897e+05
0.405 3.0416e+07 6.0833e+05
0.406 3.2141e+07 6.4281e+05
0.407 3.4686e+07 6.9372e+05
0.408 2.3219e+07 4.6438e+05
0.409 3.2709e+07 6.5417e+05
0.41 2.3973e+07 4.7946e+05
0.411 2.7293e+07 5.4587e+05
0.412 2.4121e+07 4.8242e+05
0.413 2.9897e+07 5.9794e+05
0.414 3.5395e+07 7.0791e+05
0.415 3.645e+07 7.29e+05
0.416 3.1434e+07 6.2868e+05
0.417 1.942e+07 3.884e+05
0.418 2.5264e+07 5.0528e+05
0.419 3.0266e+07 6.0531e+05
0.42 1.9317e+07 3.8634e+05
0.421 3.4629e+07 6.9258e+05
0.422 3.0801e+07 6.1602e+05
0.423 1.7805e+07 3.561e+05
0.424 2.2807e+07 4.5614e+05
0.425 3.0026e+07 6.0052e+05
0.426 2.6852e+07 5.3704e+05
0.427 3.5261e+07 7.0523e+05
0.428 2.9852e+07 5.9705e+05
0.429 2.6835e+07 5.367e+05
0.43 2.4071e+07 4.8141e+05
0.431 2.6561e+07 5.3122e+05
0.432 3.4332e+07 6.8664e+05
0.433 3.41e+07 6.8199e+05
0.434 2.8908e+07 5.7815e+05
0.435 3.5566e+07 7.1131e+05
0.436 2.8353e+07 5.6705e+05
0.437 2.6483e+07 5.2966e+05
0.438 3.0402e+07 6.0804e+05
0.439 2.7684e+07 5.5368e+05
0.44 1.8205e+07 3.641e+05
0.441 3.0219e+07 6.0439e+05
0.442 3.3033e+07 6.6065e+05
0.443 2.0278e+07 4.0555e+05
0.444 2.2497e+07 4.4994e+05
0.445 2.3396e+07 4.6793e+05
0.446 2.2639e+07 4.5278e+05
0.447 1.9601e+07 3.9202e+05
0.448 1.7788e+07 3.5575e+05
0.449 2.9313e+07 5.8627e+05
0.45 3.4686e+07 6.9373e+05
0.451 3.1562e+07 6.3123e+05
0.452 2.3796e+07 4.7593e+05
0.453 2.6986e+07 5.3971e+05
0.454 1.6662e+07 3.3325e+05
0.455 2.7325e+07 5.465e+05
0.456 2.7852e+07 5.5704e+05
0.457 2.449e+07 4.8979e+05
0.458 2.6301e+07 5.2602e+05
0.459 2.3501e+07 4.7002e+05
0.46 2.4053e+07 4.8105e+05
0.461 1.6653e+07 3.3306e+05
0.462 2.1892e+07 4.3785e+05
0.463 2.0169e+07 4.0338e+05
0.464 2.4706e+07 4.9413e+05
0.465 2.3769e+07 4.7539e+05
0.466 2.9847e+07 5.9693e+05
0.467 2.3481e+07 4.6963e+05
0.468 2.5526e+07 5.1052e+05
0.469 1.823e+07 3.646e+05
0.47 2.2304e+07 4.4608e+05
0.471 2.5655e+07 5.1309e+05
0.472 2.4705e+07 4.9409e+05
0.473 2.4633e+07 4.9266e+05
0.474 2.5097e+07 5.0194e+05
0.475 2.4209e+07 4.8417e+05
0.476 2.0478e+07 4.0956e+05
0.477 2.4086e+07 4.8171e+05
0.478 2.0149e+07 4.0298e+05
0.479 2.7135e+07 5.4271e+05
0.48 2.7553e+07 5.5106e+05
0.481 2.4189e+07 4.8377e+05
0.482 1.9093e+07 3.8186e+05
0.483 2.1512e+07 4.3025e+05
0.484 2.4034e+07 4.8068e+05
0.485 2.1012e+07 4.2023e+05
0.486 2.5339e+07 5.0678e+05
0.487 1.6719e+07 3.3438e+05
0.488 2.4207e+07 4.8413e+05
0.489 2.9322e+07 5.8644e+05
0.49 2.0071e+07 4.0141e+05
0.491 2.0449e+07 4.0898e+05
0.492 1.7072e+07 3.4143e+05
0.493 1.759e+07 3.518e+05
0.494 1.8428e+07 3.6856e+05
0.495 2.7456e+07 5.4911e+05
0.496 2.4805e+07 4.9611e+05
0.497 2.7509e+07 5.5018e+05
0.498 1.4921e+07 2.9842e+05
0.499 2.9291e+07 5.8581e+05
0.5 2.4322e+07 4.8644e+05
