0.001 3.4687e+09 6.9373e+07
0.002 3.1402e+09 6.2805e+07
0.003 3.2855e+09 6.5709e+07
0.004 3.4707e+09 6.9414e+07
0.005 3.4991e+09 6.9981e+07
0.006 3.392e+09 6.7841e+07
0.007 3.3975e+09 6.795e+07
0.008 3.3618e+09 6.7237e+07
0.009 3.4986e+09 6.9971e+07
0.01 3.4917e+09 6.9833e+07
0.011 3.4695e+09 6.939e+07
0.012 3.3815e+09 6.763e+07
0.013 3.2738e+09 6.5477e+07
0.014 3.3258e+09 6.6515e+07
0.015 3.3641e+09 6.7283e+07
0.016 3.3556e+09 6.7112e+07
0.017 3.3812e+09 6.7623e+07
0.018 3.2727e+09 6.5455e+07
0.019 3.2633e+09 6.5267e+07
0.02 3.2731e+09 6.5462e+07
0.021 3.2491e+09 6.4981e+07
0.022 3.3138e+09 6.6275e+07
0.023 3.2053e+09 6.4105e+07
0.024 3.2836e+09 6.5673e+07
0.025 3.1907e+09 6.3814e+07
0.026 3.1929e+09 6.3859e+07
0.027 3.2272e+09 6.4544e+07
0.028 3.138e+09 6.276e+07
0.029 3.1251e+09 6.2502e+07
0.03 3.1557e+09 6.3114e+07
0.031 3.0629e+09 6.1258e+07
0.032 3.1112e+09 6.2224e+07
0.033 3.0273e+09 6.0545e+07
0.034 3.0923e+09 6.1846e+07
0.035 3.0027e+09 6.0053e+07
0.036 3.0122e+09 6.0243e+07
0.037 2.9237e+09 5.8473e+07
0.038 2.9869e+09 5.9738e+07
0.039 2.8954e+09 5.7907e+07
0.04 2.881e+09 5.762e+07
0.041 2.813e+09 5.6259e+07
0.042 2.8147e+09 5.6295e+07
0.043 2.8285e+09 5.657e+07
0.044 2.7697e+09 5.5395e+07
0.045 2.7425e+09 5.4849e+07
0.046 2.7203e+09 5.4407e+07
0.047 2.7094e+09 5.4189e+07
0.048 2.701e+09 5.402e+07
0.049 2.6464e+09 5.2928e+07
0.05 2.6273e+09 5.2545e+07
0.051 2.577e+09 5.1539e+07
0.052 2.5485e+09 5.097e+07
0.053 2.5658e+09 5.1316e+07
0.054 2.5046e+09 5.0092e+07
0.055 2.4477e+09 4.8954e+07
0.056 2.4162e+09 4.8323e+07
0.057 2.3954e+09 4.7908e+07
0.058 2.3665e+09 4.7331e+07
0.059 2.3741e+09 4.7481e+07
0.06 2.318e+09 4.6359e+07
0.061 2.2955e+09 4.5911e+07
0.062 2.2292e+09 4.4585e+07
0.063 2.2011e+09 4.4022e+07
0.064 2.189e+09 4.378e+07
0.065 2.1914e+09 4.3828e+07
0.066 2.0962e+09 4.1924e+07
0.067 2.0973e+09 4.1947e+07
0.068 2.0743e+09 4.1487e+07
0.069 2.0171e+09 4.0343e+07
0.07 2.0199e+09 4.0398e+07
0.071 1.9894e+09 3.9789e+07
0.072 1.9523e+09 3.9046e+07
0.073 1.9558e+09 3.9116e+07
0.074 1.8765e+09 3.753e+07
0.075 1.8584e+09 3.7168e+07
0.076 1.8122e+09 3.6244e+07
0.077 1.7933e+09 3.5865e+07
0.078 1.7146e+09 3.4291e+07
0.079 1.7309e+09 3.4617e+07
0.08 1.7109e+09 3.4219e+07
0.081 1.6921e+09 3.3843e+07
0.082 1.6564e+09 3.3128e+07
0.083 1.5913e+09 3.1826e+07
0.084 1.5902e+09 3.1805e+07
0.085 1.5624e+09 3.1248e+07
0.086 1.5331e+09 3.0661e+07
0.087 1.5019e+09 3.0038e+07
0.088 1.4611e+09 2.9222e+07
0.089 1.4656e+09 2.9312e+07
0.09 1.4116e+09 2.8233e+07
0.091 1.3914e+09 2.7829e+07
0.092 1.3858e+09 2.7716e+07
0.093 1.3132e+09 2.6264e+07
0.094 1.3204e+09 2.6408e+07
0.095 1.3008e+09 2.6016e+07
0.096 1.2351e+09 2.4703e+07
0.097 1.2459e+09 2.4919e+07
0.098 1.2041e+09 2.4082e+07
0.099 1.1867e+09 2.3734e+07
0.1 1.1661e+09 2.3322e+07
0.101 1.1529e+09 2.3057e+07
0.102 1.1349e+09 2.2697e+07
0.103 1.0889e+09 2.1778e+07
0.104 1.0736e+09 2.1472e+07
0.105 1.0438e+09 2.0876e+07
0.106 1.0394e+09 2.0788e+07
0.107 1.0087e+09 2.0174e+07
0.108 9.7881e+08 1.9576e+07
0.109 9.3502e+08 1.87e+07
0.11 9.4467e+08 1.8893e+07
0.111 9.1072e+08 1.8214e+07
0.112 8.9562e+08 1.7912e+07
0.113 8.608e+08 1.7216e+07
0.114 8.7297e+08 1.7459e+07
0.115 8.4893e+08 1.6979e+07
0.116 8.2138e+08 1.6428e+07
0.117 7.9154e+08 1.5831e+07
0.118 7.9287e+08 1.5857e+07
0.119 7.7937e+08 1.5587e+07
0.12 7.2628e+08 1.4526e+07
0.121 7.1643e+08 1.4329e+07
0.122 7.193e+08 1.4386e+07
0.123 7.0652e+08 1.413e+07
0.124 6.6474e+08 1.3295e+07
0.125 6.6882e+08 1.3376e+07
0.126 6.4734e+08 1.2947e+07
0.127 6.2683e+08 1.2537e+07
0.128 6.2305e+08 1.2461e+07
0.129 6.0761e+08 1.2152e+07
0.13 5.9064e+08 1.1813e+07
0.131 5.5856e+08 1.1171e+07
0.132 5.7068e+08 1.1414e+07
0.133 5.337e+08 1.0674e+07
0.134 5.2919e+08 1.0584e+07
0.135 5.0874e+08 1.0175e+07
0.136 4.9895e+08 9.979e+06
0.137 4.8025e+08 9.6049e+06
0.138 4.9158e+08 9.8316e+06
0.139 4.7778e+08 9.5555e+06
0.14 4.4539e+08 8.9078e+06
0.141 4.5834e+08 9.1667e+06
0.142 4.2531e+08 8.5063e+06
0.143 4.2121e+08 8.4243e+06
0.144 4.123e+08 8.2461e+06
0.145 3.8887e+08 7.7775e+06
0.146 4.0308e+08 8.0615e+06
0.147 3.8858e+08 7.7716e+06
0.148 3.7043e+08 7.4086e+06
0.149 3.6217e+08 7.2434e+06
0.15 3.606e+08 7.212e+06
0.151 3.3789e+08 6.7579e+06
0.152 3.3725e+08 6.7449e+06
0.153 3.4151e+08 6.8302e+06
0.154 3.1974e+08 6.3948e+06
0.155 3.1257e+08 6.2514e+06
0.156 3.0793e+08 6.1585e+06
0.157 3.0667e+08 6.1334e+06
0.158 2.9509e+08 5.9018e+06
0.159 3.0262e+08 6.0525e+06
0.16 2.7204e+08 5.4408e+06
0.161 2.8524e+08 5.7048e+06
0.162 2.7495e+08 5.499e+06
0.163 2.6283e+08 5.2565e+06
0.164 2.5417e+08 5.0833e+06
0.165 2.5364e+08 5.0729e+06
0.166 2.4961e+08 4.9922e+06
0.167 2.3035e+08 4.6069e+06
0.168 2.218e+08 4.4359e+06
0.169 2.3782e+08 4.7563e+06
0.17 2.238e+08 4.476e+06
0.171 2.1813e+08 4.3625e+06
0.172 2.2089e+08 4.4179e+06
0.173 2.0841e+08 4.1681e+06
0.174 1.8608e+08 3.7216e+06
0.175 2.0946e+08 4.1892e+06
0.176 1.918e+08 3.836e+06
0.177 1.9159e+08 3.8319e+06
0.178 1.7325e+08 3.465e+06
0.179 1.854e+08 3.708e+06
0.18 1.6886e+08 3.3772e+06
0.181 1.7377e+08 3.4755e+06
0.182 1.7504e+08 3.5008e+06
0.183 1.674e+08 3.348e+06
0.184 1.5715e+08 3.1429e+06
0.185 1.5843e+08 3.1686e+06
0.186 1.5269e+08 3.0537e+06
0.187 1.5336e+08 3.0672e+06
0.188 1.4325e+08 2.865e+06
0.189 1.4188e+08 2.8377e+06
0.19 1.2966e+08 2.5931e+06
0.191 1.4047e+08 2.8093e+06
0.192 1.3995e+08 2.799e+06
0.193 1.3279e+08 2.6558e+06
0.194 1.2838e+08 2.5676e+06
0.195 1.2976e+08 2.5952e+06
0.196 1.2916e+08 2.5831e+06
0.197 1.1846e+08 2.3693e+06
0.198 1.1211e+08 2.2421e+06
0.199 1.076e+08 2.152e+06
0.2 1.0969e+08 2.1939e+06
0.201 1.0019e+08 2.0039e+06
0.202 1.0732e+08 2.1464e+06
0.203 9.8476e+07 1.9695e+06
0.204 1.1136e+08 2.2271e+06
0.205 1.0143e+08 2.0286e+06
0.206 1.0469e+08 2.0938e+06
0.207 8.3532e+07 1.6706e+06
0.208 9.7156e+07 1.9431e+06
0.209 9.1109e+07 1.8222e+06
0.21 9.6945e+07 1.9389e+06
0.211 9.049e+07 1.8098e+06
0.212 8.5737e+07 1.7147e+06
0.213 9.5467e+07 1.9093e+06
0.214 8.4069e+07 1.6814e+06
0.215 8.2349e+07 1.647e+06
0.216 7.6327e+07 1.5265e+06
0.217 7.9844e+07 1.5969e+06
0.218 7.197e+07 1.4394e+06
0.219 7.5889e+07 1.5178e+06
0.22 7.4074e+07 1.4815e+06
0.221 6.641e+07 1.3282e+06
0.222 6.8537e+07 1.3707e+06
0.223 6.7381e+07 1.3476e+06
0.224 5.6407e+07 1.1281e+06
0.225 6.0838e+07 1.2168e+06
0.226 5.5933e+07 1.1187e+06
0.227 6.3674e+07 1.2735e+06
0.228 5.2611e+07 1.0522e+06
0.229 5.5797e+07 1.1159e+06
0.23 6.6137e+07 1.3227e+06
0.231 5.1951e+07 1.039e+06
0.232 4.799e+07 9.5979e+05
0.233 5.2101e+07 1.042e+06
0.234 5.6402e+07 1.128e+06
0.235 5.0744e+07 1.0149e+06
0.236 4.9015e+07 9.8029e+05
0.237 5.0271e+07 1.0054e+06
0.238 4.419e+07 8.838e+05
0.239 5.0879e+07 1.0176e+06
0.24 4.8038e+07 9.6075e+05
0.241 4.5608e+07 9.1216e+05
0.242 4.9777e+07 9.9554e+05
0.243 4.5847e+07 9.1695e+05
0.244 4.3538e+07 8.7076e+05
0.245 4.4609e+07 8.9218e+05
0.246 4.5862e+07 9.1723e+05
0.247 5.5862e+07 1.1172e+06
0.248 4.5401e+07 9.0801e+05
0.249 4.3806e+07 8.7612e+05
0.25 4.2667e+07 8.5335e+05
0.251 3.8911e+07 7.7823e+05
0.252 3.1491e+07 6.2982e+05
0.253 3.0613e+07 6.1225e+05
0.254 4.5062e+07 9.0125e+05
0.255 3.1802e+07 6.3605e+05
0.256 2.5497e+07 5.0993e+05
0.257 3.1196e+07 6.2393e+05
0.258 4.0845e+07 8.169e+05
0.259 2.9247e+07 5.8495e+05
0.26 3.6005e+07 7.2009e+05
0.261 3.2364e+07 6.4728e+05
0.262 3.4232e+07 6.8464e+05
0.263 3.0831e+07 6.1662e+05
0.264 2.1454e+07 4.2908e+05
0.265 3.3303e+07 6.6605e+05
0.266 3.7197e+07 7.4393e+05
0.267 2.2314e+07 4.4629e+05
0.268 3.7449e+07 7.4898e+05
0.269 2.7373e+07 5.4746e+05
0.27 2.9948e+07 5.9895e+05
0.271 3.1076e+07 6.2152e+05
0.272 2.4638e+07 4.9275e+05
0.273 3.3171e+07 6.6342e+05
0.274 3.3783e+07 6.7566e+05
0.275 2.619e+07 5.2379e+05
0.276 3.5031e+07 7.0062e+05
0.277 3.9066e+07 7.8132e+05
0.278 1.8258e+07 3.6516e+05
0.279 3.381e+07 6.7619e+05
0.28 2.2823e+07 4.5647e+05
0.281 3.5922e+07 7.1844e+05
0.282 3.8942e+07 7.7884e+05
0.283 2.6759e+07 5.3517e+05
0.284 3.3702e+07 6.7404e+05
0.285 2.5255e+07 5.0511e+05
0.286 3.0377e+07 6.0753e+05
0.287 3.0222e+07 6.0444e+05
0.288 3.7493e+07 7.4986e+05
0.289 2.6147e+07 5.2295e+05
0.29 3.5839e+07 7.1678e+05
0.291 3.5068e+07 7.0136e+05
0.292 3.2769e+07 6.5538e+05
0.293 3.1467e+07 6.2934e+05
0.294 3.4323e+07 6.8646e+05
0.295 3.0339e+07 6.0678e+05
0.296 3.6026e+07 7.2051e+05
0.297 3.2317e+07 6.4633e+05
0.298 3.2674e+07 6.5348e+05
0.299 3.3808e+07 6.7615e+05
0.3 3.2492e+07 6.4983e+05
0.301 3.4968e+07 6.9936e+05
0.302 3.1729e+07 6.3458e+05
0.303 3.1771e+07 6.3542e+05
0.304 3.652e+07 7.304e+05
0.305 2.9874e+07 5.9748e+05
0.306 2.7792e+07 5.5584e+05
0.307 3.4041e+07 6.8081e+05
0.308 3.6004e+07 7.2008e+05
0.309 4.1783e+07 8.3566e+05
0.31 3.74e+07 7.4799e+05
0.311 3.457e+07 6.914e+05
0.312 4.5926e+07 9.1851e+05
0.313 2.1164e+07 4.2328e+05
0.314 3.4741e+07 6.9482e+05
0.315 2.7929e+07 5.5857e+05
0.316 3.0186e+07 6.0373e+05
0.317 4.1957e+07 8.3913e+05
0.318 3.3305e+07 6.6609e+05
0.319 4.1479e+07 8.2958e+05
0.32 2.8531e+07 5.7062e+05
0.321 4.1716e+07 8.3431e+05
0.322 3.7471e+07 7.4941e+05
0.323 2.8564e+07 5.7127e+05
0.324 3.641e+07 7.2819e+05
0.325 2.8408e+07 5.6816e+05
0.326 3.862e+07 7.7241e+05
0.327 3.3449e+07 6.6897e+05
0.328 3.1542e+07 6.3083e+05
0.329 3.8028e+07 7.6056e+05
0.33 3.8651e+07 7.7301e+05
0.331 4.0006e+07 8.0012e+05
0.332 3.9215e+07 7.8429e+05
0.333 3.3344e+07 6.6688e+05
0.334 3.6986e+07 7.3971e+05
0.335 3.7428e+07 7.4857e+05
0.336 3.079e+07 6.1579e+05
0.337 3.5937e+07 7.1873e+05
0.338 3.7306e+07 7.4611e+05
0.339 3.1626e+07 6.3253e+05
0.34 3.6214e+07 7.2428e+05
0.341 2.5839e+07 5.1679e+05
0.342 4.5231e+07 9.0462e+05
0.343 4.8009e+07 9.6017e+05
0.344 4.3261e+07 8.6522e+05
0.345 4.2536e+07 8.5071e+05
0.346 3.6446e+07 7.2891e+05
0.347 3.2053e+07 6.4106e+05
0.348 3.2824e+07 6.5648e+05
0.349 3.991e+07 7.9821e+05
0.35 3.6185e+07 7.237e+05
0.351 3.886e+07 7.772e+05
0.352 3.643e+07 7.2859e+05
0.353 3.3812e+07 6.7625e+05
0.354 3.6764e+07 7.3528e+05
0.355 2.8626e+07 5.7253e+05
0.356 3.7172e+07 7.4344e+05
0.357 4.4004e+07 8.8007e+05
0.358 3.1078e+07 6.2155e+05
0.359 3.1447e+07 6.2894e+05
0.36 4.3537e+07 8.7074e+05
0.361 4.1386e+07 8.2772e+05
0.362 4.1772e+07 8.3545e+05
0.363 3.3768e+07 6.7536e+05
0.364 3.5712e+07 7.1424e+05
0.365 3.6493e+07 7.2987e+05
0.366 2.8005e+07 5.6011e+05
0.367 3.9445e+07 7.8889e+05
0.368 2.7517e+07 5.5034e+05
0.369 4.2414e+07 8.4827e+05
0.37 3.3496e+07 6.6991e+05
0.371 3.6015e+07 7.2031e+05
0.372 3.896e+07 7.792e+05
0.373 3.5243e+07 7.0487e+05
0.374 3.6053e+07 7.2107e+05
0.375 3.4296e+07 6.8592e+05
0.376 4.1983e+07 8.3965e+05
0.377 3.0133e+07 6.0265e+05
0.378 3.8796e+07 7.7593e+05
0.379 3.1326e+07 6.2653e+05
0.38 3.951e+07 7.9019e+05
0.381 3.5048e+07 7.0095e+05
0.382 3.9128e+07 7.8256e+05
0.383 3.7759e+07 7.5518e+05
0.384 4.3372e+07 8.6744e+05
0.385 3.508e+07 7.0159e+05
0.386 3.2715e+07 6.543e+05
0.387 3.7169e+07 7.4338e+05
0.388 3.3779e+07 6.7558e+05
0.389 2.7152e+07 5.4303e+05
0.39 2.8908e+07 5.7816e+05
0.391 2.8664e+07 5.7328e+05
0.392 3.0668e+07 6.1337e+05
0.393 3.2362e+07 6.4723e+05
0.394 2.6721e+07 5.3442e+05
0.395 3.4873e+07 6.9747e+05
0.396 2.7072e+07 5.4144e+05
0.397 3.1289e+07 6.2579e+05
0.398 3.8092e+07 7.6184e+05
0.399 3.2543e+07 6.5087e+05
0.4 3.0048e+07 6.0096e+05
0.401 3.3851e+07 6.7702e+05
0.402 2.8624e+07 5.7247e+05
0.403 3.3798e+07 6.7595e+05
0.404 2.817e+07 5.634e+05
0.405 2.2369e+07 4.4738e+05
0.406 4.3123e+07 8.6246e+05
0.407 2.7745e+07 5.5491e+05
0.408 2.3522e+07 4.7045e+05
0.409 2.453e+07 4.906e+05
0.41 3.9463e+07 7.8926e+05
0.411 2.8986e+07 5.7971e+05
0.412 2.393e+07 4.786e+05
0.413 3.5551e+07 7.1101e+05
0.414 2.7775e+07 5.555e+05
0.415 2.7631e+07 5.5262e+05
0.416 2.7566e+07 5.5131e+05
0.417 2.7519e+07 5.5039e+05
0.418 2.5548e+07 5.1095e+05
0.419 2.8332e+07 5.6664e+05
0.42 3.0059e+07 6.0118e+05
0.421 2.8678e+07 5.7355e+05
0.422 2.7044e+07 5.4088e+05
0.423 2.7821e+07 5.5642e+05
0.424 2.1864e+07 4.3728e+05
0.425 3.069e+07 6.138e+05
0.426 3.1667e+07 6.3334e+05
0.427 2.6771e+07 5.3541e+05
0.428 2.9939e+07 5.9878e+05
0.429 2.5919e+07 5.1838e+05
0.43 2.7023e+07 5.4045e+05
0.431 2.3061e+07 4.6122e+05
0.432 3.3245e+07 6.6489e+05
0.433 3.4048e+07 6.8096e+05
0.434 3.3777e+07 6.7554e+05
0.435 3.5791e+07 7.1582e+05
0.436 2.0819e+07 4.1638e+05
0.437 3.2745e+07 6.549e+05
0.438 2.7006e+07 5.4012e+05
0.439 3.2998e+07 6.5997e+05
0.44 2.8167e+07 5.6333e+05
0.441 2.9719e+07 5.9438e+05
0.442 2.5854e+07 5.1707e+05
0.443 2.2244e+07 4.4488e+05
0.444 3.2685e+07 6.537e+05
0.445 2.8825e+07 5.765e+05
0.446 2.9534e+07 5.9067e+05
0.447 3.5694e+07 7.1389e+05
0.448 3.1653e+07 6.3305e+05
0.449 2.9574e+07 5.9149e+05
0.45 2.7609e+07 5.5219e+05
0.451 3.2078e+07 6.4156e+05
0.452 2.2695e+07 4.5391e+05
0.453 2.3255e+07 4.6511e+05
0.454 3.4185e+07 6.837e+05
0.455 3.0968e+07 6.1937e+05
0.456 2.8649e+07 5.7299e+05
0.457 2.2018e+07 4.4036e+05
0.458 2.7998e+07 5.5995e+05
0.459 3.2361e+07 6.4723e+05
0.46 2.5906e+07 5.1813e+05
0.461 2.786e+07 5.5719e+05
0.462 3.0176e+07 6.0352e+05
0.463 2.1727e+07 4.3455e+05
0.464 2.1526e+07 4.3052e+05
0.465 3.0024e+07 6.0049e+05
0.466 2.2936e+07 4.5872e+05
0.467 2.5901e+07 5.1801e+05
0.468 2.5655e+07 5.131e+05
0.469 2.861e+07 5.722e+05
0.47 2.9621e+07 5.9242e+05
0.471 2.2182e+07 4.4363e+05
0.472 2.6288e+07 5.2576e+05
0.473 1.4287e+07 2.8574e+05
0.474 3.3127e+07 6.6254e+05
0.475 2.7424e+07 5.4847e+05
0.476 2.5987e+07 5.1975e+05
0.477 2.0769e+07 4.1537e+05
0.478 2.5686e+07 5.1371e+05
0.479 1.934e+07 3.868e+05
0.48 1.9132e+07 3.8263e+05
0.481 2.4957e+07 4.9914e+05
0.482 1.8258e+07 3.6516e+05
0.483 2.5821e+07 5.1642e+05
0.484 3.2864e+07 6.5728e+05
0.485 2.4315e+07 4.863e+05
0.486 2.0991e+07 4.1982e+05
0.487 2.3199e+07 4.6398e+05
0.488 2.6566e+07 5.3132e+05
0.489 2.8663e+07 5.7327e+05
0.49 2.0426e+07 4.0851e+05
0.491 2.5453e+07 5.0905e+05
0.492 2.5314e+07 5.0627e+05
0.493 2.5664e+07 5.1327e+05
0.494 1.7948e+07 3.5896e+05
0.495 2.1336e+07 4.2672e+05
0.496 2.1128e+07 4.2256e+05
0.497 2.3155e+07 4.631e+05
0.498 1.7435e+07 3.4871e+05
0.499 3.4445e+07 6.889e+05
0.5 2.3947e+07 4.7893e+05
