0.001 1.5328e+10 3.0657e+08
0.002 1.5933e+10 3.1865e+08
0.003 1.5837e+10 3.1674e+08
0.004 1.6256e+10 3.2512e+08
0.005 1.6075e+10 3.215e+08
0.006 1.6004e+10 3.2007e+08
0.007 1.649e+10 3.298e+08
0.008 1.6001e+10 3.2002e+08
0.009 1.6636e+10 3.3272e+08
0.01 1.6042e+10 3.2084e+08
0.011 1.6416e+10 3.2832e+08
0.012 1.6382e+10 3.2764e+08
0.013 1.6227e+10 3.2453e+08
0.014 1.585e+10 3.1701e+08
0.015 1.5849e+10 3.1699e+08
0.016 1.5843e+10 3.1686e+08
0.017 1.5419e+10 3.0838e+08
0.018 1.5854e+10 3.1708e+08
0.019 1.5784e+10 3.1568e+08
0.02 1.5619e+10 3.1237e+08
0.021 1.6038e+10 3.2076e+08
0.022 1.5386e+10 3.0771e+08
0.023 1.5727e+10 3.1455e+08
0.024 1.5199e+10 3.0399e+08
0.025 1.5526e+10 3.1052e+08
0.026 1.5312e+10 3.0623e+08
0.027 1.5313e+10 3.0626e+08
0.028 1.4936e+10 2.9872e+08
0.029 1.5029e+10 3.0057e+08
0.03 1.5015e+10 3.0029e+08
0.031 1.4971e+10 2.9942e+08
0.032 1.4747e+10 2.9494e+08
0.033 1.468e+10 2.936e+08
0.034 1.484e+10 2.968e+08
0.035 1.4517e+10 2.9035e+08
0.036 1.4414e+10 2.8828e+08
0.037 1.4132e+10 2.8264e+08
0.038 1.4009e+10 2.8019e+08
0.039 1.4125e+10 2.825e+08
0.04 1.406e+10 2.8119e+08
0.041 1.3918e+10 2.7836e+08
0.042 1.3998e+10 2.7995e+08
0.043 1.3803e+10 2.7606e+08
0.044 1.3545e+10 2.709e+08
0.045 1.3553e+10 2.7105e+08
0.046 1.3272e+10 2.6544e+08
0.047 1.3347e+10 2.6693e+08
0.048 1.3091e+10 2.6182e+08
0.049 1.3095e+10 2.619e+08
0.05 1.2959e+10 2.5919e+08
0.051 1.2653e+10 2.5305e+08
0.052 1.2736e+10 2.5471e+08
0.053 1.2357e+10 2.4714e+08
0.054 1.2227e+10 2.4454e+08
0.055 1.2158e+10 2.4315e+08
0.056 1.2104e+10 2.4208e+08
0.057 1.2077e+10 2.4154e+08
0.058 1.176e+10 2.352e+08
0.059 1.1567e+10 2.3134e+08
0.06 1.1404e+10 2.2809e+08
0.061 1.1628e+10 2.3256e+08
0.062 1.1212e+10 2.2423e+08
0.063 1.0999e+10 2.1999e+08
0.064 1.0967e+10 2.1935e+08
0.065 1.0759e+10 2.1518e+08
0.066 1.0626e+10 2.1252e+08
0.067 1.0581e+10 2.1161e+08
0.068 1.0415e+10 2.083e+08
0.069 1.0404e+10 2.0809e+08
0.07 1.0193e+10 2.0386e+08
0.071 9.991e+09 1.9982e+08
0.072 9.9355e+09 1.9871e+08
0.073 9.7907e+09 1.9581e+08
0.074 9.6915e+09 1.9383e+08
0.075 9.4473e+09 1.8895e+08
0.076 9.4319e+09 1.8864e+08
0.077 9.2579e+09 1.8516e+08
0.078 8.9996e+09 1.7999e+08
0.079 8.9347e+09 1.7869e+08
0.08 8.8991e+09 1.7798e+08
0.081 8.6819e+09 1.7364e+08
0.082 8.464e+09 1.6928e+08
0.083 8.3349e+09 1.667e+08
0.084 8.2285e+09 1.6457e+08
0.085 8.0382e+09 1.6076e+08
0.086 7.9137e+09 1.5827e+08
0.087 7.7892e+09 1.5578e+08
0.088 7.6389e+09 1.5278e+08
0.089 7.4845e+09 1.4969e+08
0.09 7.4391e+09 1.4878e+08
0.091 7.3647e+09 1.4729e+08
0.092 7.2136e+09 1.4427e+08
0.093 7.0252e+09 1.405e+08
0.094 6.8346e+09 1.3669e+08
0.095 6.7074e+09 1.3415e+08
0.096 6.5557e+09 1.3111e+08
0.097 6.4749e+09 1.295e+08
0.098 6.3709e+09 1.2742e+08
0.099 6.237e+09 1.2474e+08
0.1 6.0717e+09 1.2143e+08
0.101 5.9496e+09 1.1899e+08
0.102 5.8618e+09 1.1724e+08
0.103 5.7028e+09 1.1406e+08
0.104 5.7006e+09 1.1401e+08
0.105 5.5962e+09 1.1192e+08
0.106 5.3132e+09 1.0626e+08
0.107 5.3267e+09 1.0653e+08
0.108 5.0694e+09 1.0139e+08
0.109 4.9187e+09 9.8374e+07
0.11 4.9715e+09 9.943e+07
0.111 4.8775e+09 9.7551e+07
0.112 4.779e+09 9.558e+07
0.113 4.5467e+09 9.0934e+07
0.114 4.4075e+09 8.815e+07
0.115 4.3802e+09 8.7604e+07
0.116 4.2792e+09 8.5584e+07
0.117 4.2033e+09 8.4067e+07
0.118 4.0848e+09 8.1696e+07
0.119 4.0773e+09 8.1547e+07
0.12 3.8437e+09 7.6874e+07
0.121 3.7671e+09 7.5343e+07
0.122 3.5866e+09 7.1733e+07
0.123 3.6274e+09 7.2548e+07
0.124 3.4247e+09 6.8495e+07
0.125 3.3304e+09 6.6608e+07
0.126 3.2634e+09 6.5267e+07
0.127 3.1503e+09 6.3007e+07
0.128 3.1029e+09 6.2059e+07
0.129 3.0659e+09 6.1319e+07
0.13 2.8821e+09 5.7642e+07
0.131 2.8423e+09 5.6846e+07
0.132 2.7753e+09 5.5506e+07
0.133 2.6955e+09 5.3909e+07
0.134 2.5987e+09 5.1974e+07
0.135 2.553e+09 5.106e+07
0.136 2.4538e+09 4.9075e+07
0.137 2.4065e+09 4.813e+07
0.138 2.3103e+09 4.6206e+07
0.139 2.2707e+09 4.5414e+07
0.14 2.2178e+09 4.4356e+07
0.141 2.0837e+09 4.1675e+07
0.142 2.0459e+09 4.0918e+07
0.143 1.9939e+09 3.9878e+07
0.144 1.9206e+09 3.8412e+07
0.145 1.84e+09 3.68e+07
0.146 1.8241e+09 3.6483e+07
0.147 1.6277e+09 3.2553e+07
0.148 1.698e+09 3.396e+07
0.149 1.6201e+09 3.2403e+07
0.15 1.5804e+09 3.1609e+07
0.151 1.5337e+09 3.0674e+07
0.152 1.4368e+09 2.8736e+07
0.153 1.4018e+09 2.8037e+07
0.154 1.3677e+09 2.7353e+07
0.155 1.2978e+09 2.5956e+07
0.156 1.2706e+09 2.5412e+07
0.157 1.1563e+09 2.3126e+07
0.158 1.143e+09 2.2859e+07
0.159 1.1526e+09 2.3052e+07
0.16 1.0724e+09 2.1449e+07
0.161 1.0595e+09 2.119e+07
0.162 9.9992e+08 1.9998e+07
0.163 9.6919e+08 1.9384e+07
0.164 9.0179e+08 1.8036e+07
0.165 8.8675e+08 1.7735e+07
0.166 8.8897e+08 1.7779e+07
0.167 8.0751e+08 1.615e+07
0.168 8.1024e+08 1.6205e+07
0.169 7.4291e+08 1.4858e+07
0.17 7.1741e+08 1.4348e+07
0.171 7.3805e+08 1.4761e+07
0.172 7.0223e+08 1.4045e+07
0.173 6.2595e+08 1.2519e+07
0.174 5.8415e+08 1.1683e+07
0.175 6.1417e+08 1.2283e+07
0.176 5.8181e+08 1.1636e+07
0.177 5.8284e+08 1.1657e+07
0.178 5.2966e+08 1.0593e+07
0.179 5.6589e+08 1.1318e+07
0.18 5.1205e+08 1.0241e+07
0.181 4.4915e+08 8.9831e+06
0.182 4.7145e+08 9.429e+06
0.183 4.1319e+08 8.2637e+06
0.184 4.3259e+08 8.6519e+06
0.185 4.3323e+08 8.6647e+06
0.186 4.0112e+08 8.0224e+06
0.187 3.7688e+08 7.5377e+06
0.188 3.6365e+08 7.273e+06
0.189 3.5951e+08 7.1901e+06
0.19 3.1784e+08 6.3568e+06
0.191 2.9958e+08 5.9917e+06
0.192 3.2511e+08 6.5022e+06
0.193 2.9677e+08 5.9354e+06
0.194 2.6377e+08 5.2755e+06
0.195 2.3314e+08 4.6628e+06
0.196 2.5397e+08 5.0795e+06
0.197 2.1865e+08 4.3731e+06
0.198 2.309e+08 4.6181e+06
0.199 2.1025e+08 4.205e+06
0.2 2.0189e+08 4.0378e+06
0.201 2.4192e+08 4.8385e+06
0.202 2.2112e+08 4.4224e+06
0.203 2.2418e+08 4.4836e+06
0.204 2.1384e+08 4.2768e+06
0.205 1.7071e+08 3.4142e+06
0.206 1.9304e+08 3.8609e+06
0.207 1.6468e+08 3.2936e+06
0.208 1.9431e+08 3.8861e+06
0.209 1.8133e+08 3.6267e+06
0.21 1.7344e+08 3.4688e+06
0.211 1.9967e+08 3.9934e+06
0.212 1.3771e+08 2.7542e+06
0.213 1.8077e+08 3.6155e+06
0.214 1.7528e+08 3.5055e+06
0.215 1.6374e+08 3.2749e+06
0.216 1.4368e+08 2.8735e+06
0.217 1.3778e+08 2.7557e+06
0.218 1.4988e+08 2.9975e+06
0.219 1.5004e+08 3.0008e+06
0.22 1.0685e+08 2.1369e+06
0.221 1.4152e+08 2.8305e+06
0.222 1.6757e+08 3.3514e+06
0.223 1.2687e+08 2.5375e+06
0.224 1.5277e+08 3.0553e+06
0.225 1.6167e+08 3.2334e+06
0.226 1.6783e+08 3.3567e+06
0.227 2.0576e+08 4.1153e+06
0.228 1.6361e+08 3.2722e+06
0.229 1.6115e+08 3.223e+06
0.23 1.6095e+08 3.219e+06
0.231 1.7113e+08 3.4227e+06
0.232 1.7481e+08 3.4962e+06
0.233 1.5119e+08 3.0238e+06
0.234 1.1997e+08 2.3995e+06
0.235 1.3077e+08 2.6155e+06
0.236 1.6195e+08 3.239e+06
0.237 1.5027e+08 3.0055e+06
0.238 1.9315e+08 3.863e+06
0.239 1.9762e+08 3.9524e+06
0.24 1.662e+08 3.324e+06
0.241 1.7023e+08 3.4046e+06
0.242 1.9333e+08 3.8667e+06
0.243 1.99e+08 3.9799e+06
0.244 1.8395e+08 3.6791e+06
0.245 1.728e+08 3.456e+06
0.246 1.9802e+08 3.9605e+06
0.247 1.7268e+08 3.4535e+06
0.248 1.3418e+08 2.6836e+06
0.249 1.5216e+08 3.0433e+06
0.25 1.8021e+08 3.6043e+06
0.251 1.7032e+08 3.4064e+06
0.252 1.7758e+08 3.5517e+06
0.253 1.4874e+08 2.9749e+06
0.254 1.8545e+08 3.709e+06
0.255 1.575e+08 3.1501e+06
0.256 1.7056e+08 3.4111e+06
0.257 1.6598e+08 3.3196e+06
0.258 1.6407e+08 3.2815e+06
0.259 1.8522e+08 3.7044e+06
0.26 1.736e+08 3.472e+06
0.261 1.878e+08 3.7561e+06
0.262 1.8868e+08 3.7736e+06
0.263 2.2128e+08 4.4256e+06
0.264 1.894e+08 3.7881e+06
0.265 1.7578e+08 3.5155e+06
0.266 1.843e+08 3.6861e+06
0.267 1.5598e+08 3.1196e+06
0.268 2.0075e+08 4.015e+06
0.269 1.7203e+08 3.4407e+06
0.27 1.6105e+08 3.221e+06
0.271 2.0794e+08 4.1588e+06
0.272 1.6893e+08 3.3787e+06
0.273 2.1098e+08 4.2195e+06
0.274 1.9105e+08 3.821e+06
0.275 1.632e+08 3.264e+06
0.276 2.2025e+08 4.405e+06
0.277 2.3015e+08 4.6029e+06
0.278 1.9364e+08 3.8728e+06
0.279 1.7974e+08 3.5947e+06
0.28 2.0381e+08 4.0762e+06
0.281 1.839e+08 3.6781e+06
0.282 1.889e+08 3.7781e+06
0.283 1.8906e+08 3.7813e+06
0.284 1.4171e+08 2.8341e+06
0.285 1.9882e+08 3.9764e+06
0.286 1.6753e+08 3.3507e+06
0.287 2.0292e+08 4.0584e+06
0.288 1.5915e+08 3.183e+06
0.289 1.7492e+08 3.4983e+06
0.29 1.8553e+08 3.7107e+06
0.291 1.5925e+08 3.1851e+06
0.292 1.5765e+08 3.153e+06
0.293 1.5496e+08 3.0992e+06
0.294 1.4647e+08 2.9294e+06
0.295 1.5871e+08 3.1741e+06
0.296 1.6317e+08 3.2635e+06
0.297 1.6543e+08 3.3085e+06
0.298 1.5434e+08 3.0869e+06
0.299 1.6262e+08 3.2524e+06
0.3 1.8621e+08 3.7242e+06
0.301 1.7371e+08 3.4743e+06
0.302 1.7483e+08 3.4965e+06
0.303 1.0674e+08 2.1349e+06
0.304 1.424e+08 2.8481e+06
0.305 1.5118e+08 3.0236e+06
0.306 1.2485e+08 2.497e+06
0.307 1.1685e+08 2.3371e+06
0.308 1.2774e+08 2.5549e+06
0.309 1.1878e+08 2.3757e+06
0.31 1.2629e+08 2.5258e+06
0.311 1.399e+08 2.7979e+06
0.312 1.6453e+08 3.2905e+06
0.313 1.4746e+08 2.9493e+06
0.314 1.2882e+08 2.5764e+06
0.315 1.3493e+08 2.6986e+06
0.316 1.2484e+08 2.4968e+06
0.317 1.0389e+08 2.0779e+06
0.318 1.0456e+08 2.0912e+06
0.319 1.1837e+08 2.3675e+06
0.32 1.0759e+08 2.1517e+06
0.321 1.282e+08 2.5641e+06
0.322 1.3569e+08 2.7137e+06
0.323 1.6655e+08 3.3309e+06
0.324 1.1979e+08 2.3958e+06
0.325 1.203e+08 2.4061e+06
0.326 1.3603e+08 2.7206e+06
0.327 1.1409e+08 2.2818e+06
0.328 1.2156e+08 2.4312e+06
0.329 1.1501e+08 2.3002e+06
0.33 1.2239e+08 2.4478e+06
0.331 1.3685e+08 2.737e+06
0.332 1.0173e+08 2.0346e+06
0.333 1.1217e+08 2.2433e+06
0.334 1.1684e+08 2.3367e+06
0.335 9.6096e+07 1.9219e+06
0.336 1.41e+08 2.82e+06
0.337 1.2734e+08 2.5469e+06
0.338 9.7957e+07 1.9591e+06
0.339 1.1121e+08 2.2243e+06
0.34 9.4718e+07 1.8944e+06
0.341 9.6637e+07 1.9327e+06
0.342 1.0813e+08 2.1625e+06
0.343 9.3452e+07 1.869e+06
0.344 9.9352e+07 1.987e+06
0.345 9.0292e+07 1.8058e+06
0.346 8.8099e+07 1.762e+06
0.347 1.065e+08 2.1301e+06
0.348 1.3361e+08 2.6723e+06
0.349 1.0482e+08 2.0965e+06
0.35 8.977e+07 1.7954e+06
0.351 9.3703e+07 1.8741e+06
0.352 8.4196e+07 1.6839e+06
0.353 1.1452e+08 2.2903e+06
0.354 1.1063e+08 2.2126e+06
0.355 1.2367e+08 2.4733e+06
0.356 1.1171e+08 2.2343e+06
0.357 1.0126e+08 2.0251e+06
0.358 8.7034e+07 1.7407e+06
0.359 8.5023e+07 1.7005e+06
0.36 9.2324e+07 1.8465e+06
0.361 8.5765e+07 1.7153e+06
0.362 3.9832e+07 7.9665e+05
0.363 7.1908e+07 1.4382e+06
0.364 1.0395e+08 2.0789e+06
0.365 1.0889e+08 2.1777e+06
0.366 1.0101e+08 2.0201e+06
0.367 8.2021e+07 1.6404e+06
0.368 7.5417e+07 1.5083e+06
0.369 1.1968e+08 2.3935e+06
0.37 8.9098e+07 1.782e+06
0.371 7.2349e+07 1.447e+06
0.372 8.6875e+07 1.7375e+06
0.373 6.9149e+07 1.383e+06
0.374 7.0655e+07 1.4131e+06
0.375 8.6216e+07 1.7243e+06
0.376 9.5314e+07 1.9063e+06
0.377 1.0442e+08 2.0885e+06
0.378 8.8474e+07 1.7695e+06
0.379 9.0177e+07 1.8035e+06
0.38 8.1063e+07 1.6213e+06
0.381 8.816e+07 1.7632e+06
0.382 6.9982e+07 1.3996e+06
0.383 7.6635e+07 1.5327e+06
0.384 8.4328e+07 1.6866e+06
0.385 7.9002e+07 1.58e+06
0.386 8.7482e+07 1.7496e+06
0.387 7.4598e+07 1.492e+06
0.388 8.2103e+07 1.6421e+06
0.389 1.0195e+08 2.039e+06
0.39 5.6936e+07 1.1387e+06
0.391 6.2196e+07 1.2439e+06
0.392 6.7099e+07 1.342e+06
0.393 7.319e+07 1.4638e+06
0.394 7.2973e+07 1.4595e+06
0.395 6.6219e+07 1.3244e+06
0.396 8.0958e+07 1.6192e+06
0.397 6.0454e+07 1.2091e+06
0.398 8.6698e+07 1.734e+06
0.399 1.0861e+08 2.1721e+06
0.4 9.4933e+07 1.8987e+06
0.401 6.3759e+07 1.2752e+06
0.402 9.1916e+07 1.8383e+06
0.403 7.0026e+07 1.4005e+06
0.404 8.5545e+07 1.7109e+06
0.405 9.0991e+07 1.8198e+06
0.406 9.3877e+07 1.8775e+06
0.407 1.1888e+08 2.3777e+06
0.408 1.0482e+08 2.0964e+06
0.409 9.0775e+07 1.8155e+06
0.41 9.6078e+07 1.9216e+06
0.411 9.0172e+07 1.8034e+06
0.412 9.6523e+07 1.9305e+06
0.413 1.1209e+08 2.2418e+06
0.414 9.7457e+07 1.9491e+06
0.415 7.1061e+07 1.4212e+06
0.416 1.0004e+08 2.0008e+06
0.417 8.7429e+07 1.7486e+06
0.418 1.4773e+08 2.9546e+06
0.419 8.0014e+07 1.6003e+06
0.42 8.643e+07 1.7286e+06
0.421 8.4643e+07 1.6929e+06
0.422 1.0757e+08 2.1515e+06
0.423 9.8884e+07 1.9777e+06
0.424 6.0691e+07 1.2138e+06
0.425 9.2708e+07 1.8542e+06
0.426 8.6706e+07 1.7341e+06
0.427 9.4758e+07 1.8952e+06
0.428 8.6443e+07 1.7289e+06
0.429 9.9185e+07 1.9837e+06
0.43 1.0183e+08 2.0366e+06
0.431 9.0698e+07 1.814e+06
0.432 1.2167e+08 2.4334e+06
0.433 8.8998e+07 1.78e+06
0.434 8.3435e+07 1.6687e+06
0.435 1.0406e+08 2.0812e+06
0.436 6.0395e+07 1.2079e+06
0.437 1.0355e+08 2.0709e+06
0.438 7.2145e+07 1.4429e+06
0.439 7.5068e+07 1.5014e+06
0.44 9.9508e+07 1.9902e+06
0.441 1.1566e+08 2.3132e+06
0.442 9.709e+07 1.9418e+06
0.443 9.2025e+07 1.8405e+06
0.444 1.0808e+08 2.1615e+06
0.445 1.0194e+08 2.0387e+06
0.446 9.2822e+07 1.8564e+06
0.447 9.3286e+07 1.8657e+06
0.448 8.2742e+07 1.6548e+06
0.449 8.2683e+07 1.6537e+06
0.45 1.0813e+08 2.1627e+06
0.451 9.5745e+07 1.9149e+06
0.452 1.1088e+08 2.2176e+06
0.453 9.9574e+07 1.9915e+06
0.454 8.2957e+07 1.6591e+06
0.455 1.0281e+08 2.0562e+06
0.456 7.8738e+07 1.5748e+06
0.457 9.183e+07 1.8366e+06
0.458 7.2337e+07 1.4467e+06
0.459 1.0353e+08 2.0706e+06
0.46 7.4973e+07 1.4995e+06
0.461 9.4085e+07 1.8817e+06
0.462 6.8986e+07 1.3797e+06
0.463 8.5891e+07 1.7178e+06
0.464 6.9417e+07 1.3883e+06
0.465 8.5807e+07 1.7161e+06
0.466 1.0371e+08 2.0743e+06
0.467 9.251e+07 1.8502e+06
0.468 8.3378e+07 1.6676e+06
0.469 1.025e+08 2.05e+06
0.47 8.1182e+07 1.6236e+06
0.471 1.0333e+08 2.0666e+06
0.472 7.1777e+07 1.4355e+06
0.473 8.0086e+07 1.6017e+06
0.474 9.9087e+07 1.9817e+06
0.475 7.8396e+07 1.5679e+06
0.476 6.6396e+07 1.3279e+06
0.477 6.9457e+07 1.3891e+06
0.478 9.4437e+07 1.8887e+06
0.479 6.7251e+07 1.345e+06
0.48 8.3294e+07 1.6659e+06
0.481 9.1656e+07 1.8331e+06
0.482 7.1316e+07 1.4263e+06
0.483 9.074e+07 1.8148e+06
0.484 7.4588e+07 1.4918e+06
0.485 9.8504e+07 1.9701e+06
0.486 6.0271e+07 1.2054e+06
0.487 8.36e+07 1.672e+06
0.488 8.4559e+07 1.6912e+06
0.489 8.2504e+07 1.6501e+06
0.49 7.813e+07 1.5626e+06
0.491 9.2041e+07 1.8408e+06
0.492 6.2856e+07 1.2571e+06
0.493 4.5575e+07 9.1149e+05
0.494 6.2038e+07 1.2408e+06
0.495 6.2628e+07 1.2526e+06
0.496 6.0056e+07 1.2011e+06
0.497 7.9045e+07 1.5809e+06
0.498 8.9608e+07 1.7922e+06
0.499 7.5526e+07 1.5105e+06
0.5 8.6506e+07 1.7301e+06
