0.001 1.6382e+10 8.2442e+08
0.002 1.6605e+10 5.8284e+08
0.003 1.5902e+10 4.7573e+08
0.004 1.5193e+10 4.118e+08
0.005 1.6476e+10 3.6811e+08
0.006 1.5964e+10 3.3579e+08
0.007 1.6254e+10 3.1061e+08
0.008 1.5569e+10 2.9026e+08
0.009 1.5848e+10 2.7335e+08
0.01 1.6001e+10 2.59e+08
0.011 1.5629e+10 2.466e+08
0.012 1.5593e+10 2.3575e+08
0.013 1.5721e+10 2.2612e+08
0.014 1.5539e+10 2.1751e+08
0.015 1.5505e+10 2.0973e+08
0.016 1.5302e+10 2.0266e+08
0.017 1.5691e+10 1.9618e+08
0.018 1.5152e+10 1.9022e+08
0.019 1.5004e+10 1.8469e+08
0.02 1.4811e+10 1.7956e+08
0.021 1.4738e+10 1.7476e+08
0.022 1.4839e+10 1.7026e+08
0.023 1.4705e+10 1.6603e+08
0.024 1.4523e+10 1.6204e+08
0.025 1.4616e+10 1.5826e+08
0.026 1.459e+10 1.5467e+08
0.027 1.4472e+10 1.5126e+08
0.028 1.4169e+10 1.48e+08
0.029 1.4117e+10 1.4489e+08
0.03 1.3836e+10 1.4191e+08
0.031 1.3772e+10 1.3906e+08
0.032 1.3521e+10 1.3631e+08
0.033 1.3721e+10 1.3367e+08
0.034 1.3488e+10 1.3113e+08
0.035 1.3282e+10 1.2867e+08
0.036 1.3202e+10 1.263e+08
0.037 1.2778e+10 1.2401e+08
0.038 1.2535e+10 1.2178e+08
0.039 1.2458e+10 1.1963e+08
0.04 1.2459e+10 1.1753e+08
0.041 1.2356e+10 1.155e+08
0.042 1.2015e+10 1.1353e+08
0.043 1.2183e+10 1.116e+08
0.044 1.1711e+10 1.0973e+08
0.045 1.1773e+10 1.0791e+08
0.046 1.1345e+10 1.0613e+08
0.047 1.1432e+10 1.044e+08
0.048 1.1082e+10 1.027e+08
0.049 1.1099e+10 1.0105e+08
0.05 1.0808e+10 9.943e+07
0.051 1.0715e+10 9.7849e+07
0.052 1.0443e+10 9.6303e+07
0.053 1.0321e+10 9.479e+07
0.054 1.0245e+10 9.3309e+07
0.055 9.9135e+09 9.1859e+07
0.056 9.7938e+09 9.0438e+07
0.057 9.6124e+09 8.9046e+07
0.058 9.3336e+09 8.7682e+07
0.059 9.1947e+09 8.6345e+07
0.06 9.233e+09 8.5034e+07
0.061 9.0126e+09 8.3748e+07
0.062 8.6701e+09 8.2487e+07
0.063 8.5307e+09 8.1249e+07
0.064 8.51e+09 8.0035e+07
0.065 8.283e+09 7.8844e+07
0.066 8.0684e+09 7.7675e+07
0.067 7.928e+09 7.6527e+07
0.068 7.7545e+09 7.54e+07
0.069 7.7213e+09 7.4295e+07
0.07 7.5512e+09 7.3209e+07
0.071 7.2417e+09 7.2143e+07
0.072 7.1269e+09 7.1097e+07
0.073 7.0489e+09 7.007e+07
0.074 6.9541e+09 6.9061e+07
0.075 6.6678e+09 6.8071e+07
0.076 6.5859e+09 6.7099e+07
0.077 6.4188e+09 6.6145e+07
0.078 6.3298e+09 6.5209e+07
0.079 6.1002e+09 6.429e+07
0.08 5.9366e+09 6.3387e+07
0.081 5.731e+09 6.2502e+07
0.082 5.7759e+09 6.1633e+07
0.083 5.5472e+09 6.078e+07
0.084 5.3157e+09 5.9943e+07
0.085 5.2658e+09 5.9122e+07
0.086 5.0116e+09 5.8317e+07
0.087 4.9805e+09 5.7527e+07
0.088 4.9965e+09 5.6753e+07
0.089 4.7026e+09 5.5993e+07
0.09 4.6535e+09 5.5248e+07
0.091 4.5328e+09 5.4518e+07
0.092 4.3549e+09 5.3803e+07
0.093 4.2905e+09 5.3101e+07
0.094 4.1954e+09 5.2414e+07
0.095 4.1003e+09 5.174e+07
0.096 3.9493e+09 5.1081e+07
0.097 3.7175e+09 5.0434e+07
0.098 3.7533e+09 4.9802e+07
0.099 3.6741e+09 4.9182e+07
0.1 3.6075e+09 4.8575e+07
0.101 3.5054e+09 4.7982e+07
0.102 3.3003e+09 4.74e+07
0.103 3.2724e+09 4.6832e+07
0.104 3.1346e+09 4.6275e+07
0.105 3.0315e+09 4.5731e+07
0.106 2.9763e+09 4.5198e+07
0.107 2.9475e+09 4.4678e+07
0.108 2.804e+09 4.4169e+07
0.109 2.7549e+09 4.3671e+07
0.11 2.6805e+09 4.3184e+07
0.111 2.6559e+09 4.2709e+07
0.112 2.5021e+09 4.2244e+07
0.113 2.4469e+09 4.179e+07
0.114 2.4612e+09 4.1346e+07
0.115 2.3865e+09 4.0913e+07
0.116 2.2454e+09 4.0489e+07
0.117 2.2542e+09 4.0075e+07
0.118 2.1361e+09 3.9671e+07
0.119 2.0651e+09 3.9277e+07
0.12 1.9699e+09 3.8892e+07
0.121 1.9612e+09 3.8515e+07
0.122 1.8729e+09 3.8148e+07
0.123 1.8771e+09 3.7789e+07
0.124 1.8431e+09 3.7439e+07
0.125 1.7475e+09 3.7097e+07
0.126 1.7157e+09 3.6764e+07
0.127 1.6909e+09 3.6438e+07
0.128 1.593e+09 3.6119e+07
0.129 1.5629e+09 3.5809e+07
0.13 1.4605e+09 3.5506e+07
0.131 1.4719e+09 3.5209e+07
0.132 1.4702e+09 3.492e+07
0.133 1.3924e+09 3.4638e+07
0.134 1.3975e+09 3.4362e+07
0.135 1.3215e+09 3.4093e+07
0.136 1.3331e+09 3.383e+07
0.137 1.3347e+09 3.3572e+07
0.138 1.1615e+09 3.3321e+07
0.139 1.1932e+09 3.3076e+07
0.14 1.1917e+09 3.2836e+07
0.141 1.1734e+09 3.2602e+07
0.142 1.0923e+09 3.2372e+07
0.143 1.0653e+09 3.2148e+07
0.144 9.9154e+08 3.1929e+07
0.145 9.8735e+08 3.1715e+07
0.146 9.7017e+08 3.1505e+07
0.147 1.0021e+09 3.13e+07
0.148 9.4677e+08 3.1099e+07
0.149 9.0733e+08 3.0902e+07
0.15 9.0986e+08 3.071e+07
0.151 9.5363e+08 3.0521e+07
0.152 8.4784e+08 3.0337e+07
0.153 8.1793e+08 3.0156e+07
0.154 8.6252e+08 2.9978e+07
0.155 8.1315e+08 2.9804e+07
0.156 8.1537e+08 2.9634e+07
0.157 7.7368e+08 2.9467e+07
0.158 7.5346e+08 2.9303e+07
0.159 7.3088e+08 2.9142e+07
0.16 7.0919e+08 2.8984e+07
0.161 6.7623e+08 2.8829e+07
0.162 6.4372e+08 2.8677e+07
0.163 6.8504e+08 2.8527e+07
0.164 6.7397e+08 2.838e+07
0.165 6.1665e+08 2.8236e+07
0.166 6.2871e+08 2.8094e+07
0.167 6.0937e+08 2.7955e+07
0.168 5.8293e+08 2.7818e+07
0.169 5.717e+08 2.7683e+07
0.17 6.0211e+08 2.755e+07
0.171 5.0428e+08 2.742e+07
0.172 5.3011e+08 2.7291e+07
0.173 4.9946e+08 2.7165e+07
0.174 4.9971e+08 2.7041e+07
0.175 4.7857e+08 2.6919e+07
0.176 5.2556e+08 2.6798e+07
0.177 4.7328e+08 2.668e+07
0.178 4.3403e+08 2.6563e+07
0.179 4.4512e+08 2.6448e+07
0.18 3.9394e+08 2.6335e+07
0.181 4.1812e+08 2.6223e+07
0.182 4.1936e+08 2.6113e+07
0.183 4.1276e+08 2.6005e+07
0.184 3.631e+08 2.5898e+07
0.185 4.4053e+08 2.5793e+07
0.186 3.6925e+08 2.5689e+07
0.187 3.463e+08 2.5587e+07
0.188 3.5726e+08 2.5486e+07
0.189 3.2055e+08 2.5386e+07
0.19 3.4361e+08 2.5288e+07
0.191 3.5161e+08 2.5192e+07
0.192 3.1868e+08 2.5096e+07
0.193 3.0798e+08 2.5003e+07
0.194 2.7432e+08 2.491e+07
0.195 3.0278e+08 2.4819e+07
0.196 3.237e+08 2.4728e+07
0.197 2.9044e+08 2.464e+07
0.198 3.015e+08 2.4552e+07
0.199 3.433e+08 2.4465e+07
0.2 3.2732e+08 2.438e+07
0.201 2.7923e+08 2.4296e+07
0.202 2.6834e+08 2.4213e+07
0.203 2.6621e+08 2.4131e+07
0.204 2.6451e+08 2.405e+07
0.205 2.4715e+08 2.397e+07
0.206 2.4054e+08 2.3892e+07
0.207 2.2188e+08 2.3814e+07
0.208 2.3145e+08 2.3737e+07
0.209 2.2683e+08 2.3662e+07
0.21 2.0263e+08 2.3587e+07
0.211 1.9513e+08 2.3513e+07
0.212 2.3637e+08 2.3441e+07
0.213 1.6654e+08 2.3369e+07
0.214 2.1544e+08 2.3298e+07
0.215 1.8747e+08 2.3228e+07
0.216 2.1575e+08 2.3159e+07
0.217 2.1023e+08 2.3091e+07
0.218 1.8465e+08 2.3024e+07
0.219 1.7325e+08 2.2957e+07
0.22 1.7133e+08 2.2891e+07
0.221 1.6565e+08 2.2827e+07
0.222 1.6372e+08 2.2763e+07
0.223 1.6334e+08 2.2699e+07
0.224 1.6785e+08 2.2637e+07
0.225 2.3467e+08 2.2575e+07
0.226 1.5671e+08 2.2514e+07
0.227 1.7438e+08 2.2454e+07
0.228 1.2032e+08 2.2394e+07
0.229 1.7694e+08 2.2335e+07
0.23 1.6102e+08 2.2277e+07
0.231 1.104e+08 2.2219e+07
0.232 1.2394e+08 2.2163e+07
0.233 1.5978e+08 2.2106e+07
0.234 1.4346e+08 2.2051e+07
0.235 1.6751e+08 2.1996e+07
0.236 8.3159e+07 2.1941e+07
0.237 1.4252e+08 2.1887e+07
0.238 1.4668e+08 2.1834e+07
0.239 8.9814e+07 2.1781e+07
0.24 8.7472e+07 2.1729e+07
0.241 9.4742e+07 2.1677e+07
0.242 1.1291e+08 2.1626e+07
0.243 1.122e+08 2.1575e+07
0.244 1.1133e+08 2.1525e+07
0.245 1.1822e+08 2.1476e+07
0.246 8.5226e+07 2.1426e+07
0.247 1.0334e+08 2.1378e+07
0.248 9.5862e+07 2.1329e+07
0.249 1.0109e+08 2.1282e+07
0.25 1.0653e+08 2.1234e+07
0.251 1.0863e+08 2.1187e+07
0.252 9.1119e+07 2.1141e+07
0.253 1.0059e+08 2.1095e+07
0.254 7.0513e+07 2.1049e+07
0.255 1.2428e+08 2.1003e+07
0.256 8.4636e+07 2.0959e+07
0.257 1.0334e+08 2.0914e+07
0.258 9.6718e+07 2.087e+07
0.259 7.1296e+07 2.0826e+07
0.26 6.3777e+07 2.0782e+07
0.261 9.0801e+07 2.0739e+07
0.262 8.2765e+07 2.0696e+07
0.263 1.0976e+08 2.0654e+07
0.264 8.9828e+07 2.0612e+07
0.265 9.8177e+07 2.057e+07
0.266 1.0348e+08 2.0529e+07
0.267 1.0362e+08 2.0487e+07
0.268 7.561e+07 2.0447e+07
0.269 9.9008e+07 2.0406e+07
0.27 6.273e+07 2.0366e+07
0.271 4.4986e+07 2.0326e+07
0.272 7.1878e+07 2.0286e+07
0.273 7.3971e+07 2.0247e+07
0.274 4.0495e+07 2.0208e+07
0.275 7.2413e+07 2.0169e+07
0.276 1.0048e+08 2.013e+07
0.277 1.0794e+08 2.0092e+07
0.278 6.9947e+07 2.0054e+07
0.279 6.8347e+07 2.0016e+07
0.28 8.7873e+07 1.9979e+07
0.281 5.5216e+07 1.9942e+07
0.282 1.114e+08 1.9905e+07
0.283 7.1392e+07 1.9868e+07
0.284 7.5396e+07 1.9831e+07
0.285 5.3254e+07 1.9795e+07
0.286 8.8977e+07 1.9759e+07
0.287 6.7689e+07 1.9724e+07
0.288 5.5699e+07 1.9688e+07
0.289 3.9292e+07 1.9653e+07
0.29 5.4731e+07 1.9618e+07
0.291 5.8709e+07 1.9583e+07
0.292 5.8895e+07 1.9549e+07
0.293 8.41e+07 1.9514e+07
0.294 9.9361e+07 1.948e+07
0.295 3.3087e+07 1.9446e+07
0.296 5.2369e+07 1.9413e+07
0.297 6.8515e+07 1.9379e+07
0.298 9.3262e+07 1.9346e+07
0.299 6.4409e+07 1.9313e+07
0.3 5.9333e+07 1.9281e+07
0.301 9.0187e+07 1.9248e+07
0.302 5.7685e+07 1.9216e+07
0.303 3.5658e+07 1.9184e+07
0.304 7.0115e+07 1.9152e+07
0.305 8.153e+07 1.912e+07
0.306 4.5822e+07 1.9088e+07
0.307 6.1237e+07 1.9057e+07
0.308 5.3883e+07 1.9026e+07
0.309 4.3716e+07 1.8995e+07
0.31 7.452e+07 1.8964e+07
0.311 7.5833e+07 1.8934e+07
0.312 3.8606e+07 1.8903e+07
0.313 5.8766e+07 1.8873e+07
0.314 3.9778e+07 1.8843e+07
0.315 5.1499e+07 1.8813e+07
0.316 6.4423e+07 1.8784e+07
0.317 9.6419e+07 1.8754e+07
0.318 7.2586e+07 1.8725e+07
0.319 5.0174e+07 1.8696e+07
0.32 9.2789e+07 1.8667e+07
0.321 5.9611e+07 1.8638e+07
0.322 6.7148e+07 1.8609e+07
0.323 7.1617e+07 1.8581e+07
0.324 5.5066e+07 1.8552e+07
0.325 5.9346e+07 1.8524e+07
0.326 1.0783e+08 1.8496e+07
0.327 1.0301e+08 1.8468e+07
0.328 8.52e+07 1.844e+07
0.329 2.6341e+07 1.8413e+07
0.33 6.7986e+07 1.8385e+07
0.331 6.4026e+07 1.8358e+07
0.332 9.5503e+07 1.8331e+07
0.333 6.515e+07 1.8304e+07
0.334 8.6023e+07 1.8277e+07
0.335 5.2295e+07 1.825e+07
0.336 8.0158e+07 1.8223e+07
0.337 6.769e+07 1.8196e+07
0.338 7.3873e+07 1.817e+07
0.339 6.5101e+07 1.8144e+07
0.34 8.1048e+07 1.8117e+07
0.341 6.816e+07 1.8091e+07
0.342 5.6643e+07 1.8065e+07
0.343 5.2937e+07 1.8039e+07
0.344 5.9089e+07 1.8013e+07
0.345 5.3244e+07 1.7988e+07
0.346 5.9906e+07 1.7962e+07
0.347 6.3523e+07 1.7937e+07
0.348 4.6484e+07 1.7911e+07
0.349 6.4896e+07 1.7886e+07
0.35 8.3629e+07 1.7861e+07
0.351 6.3779e+07 1.7835e+07
0.352 8.8439e+07 1.781e+07
0.353 9.3206e+07 1.7785e+07
0.354 7.678e+07 1.7761e+07
0.355 7.2873e+07 1.7736e+07
0.356 7.21e+07 1.7711e+07
0.357 5.8605e+07 1.7686e+07
0.358 9.974e+07 1.7662e+07
0.359 6.3154e+07 1.7637e+07
0.36 5.4157e+07 1.7613e+07
0.361 6.9132e+07 1.7589e+07
0.362 6.9504e+07 1.7565e+07
0.363 5.7715e+07 1.754e+07
0.364 5.772e+07 1.7516e+07
0.365 7.0322e+07 1.7492e+07
0.366 8.5749e+07 1.7469e+07
0.367 8.7285e+07 1.7445e+07
0.368 5.9846e+07 1.7421e+07
0.369 3.8571e+07 1.7397e+07
0.37 4.7865e+07 1.7374e+07
0.371 8.237e+07 1.735e+07
0.372 8.5174e+07 1.7327e+07
0.373 6.9036e+07 1.7303e+07
0.374 3.9136e+07 1.728e+07
0.375 5.0715e+07 1.7257e+07
0.376 4.2063e+07 1.7234e+07
0.377 8.1546e+07 1.7211e+07
0.378 7.0391e+07 1.7187e+07
0.379 3.6603e+07 1.7165e+07
0.38 7.2658e+07 1.7142e+07
0.381 7.3878e+07 1.7119e+07
0.382 4.3274e+07 1.7096e+07
0.383 7.921e+07 1.7073e+07
0.384 5.9577e+07 1.7051e+07
0.385 3.382e+07 1.7028e+07
0.386 5.276e+07 1.7006e+07
0.387 3.9199e+07 1.6984e+07
0.388 7.2463e+07 1.6961e+07
0.389 4.6902e+07 1.6939e+07
0.39 8.2468e+07 1.6917e+07
0.391 8.8746e+07 1.6895e+07
0.392 1.1059e+08 1.6873e+07
0.393 5.9946e+07 1.6851e+07
0.394 5.0451e+07 1.6829e+07
0.395 9.063e+07 1.6807e+07
0.396 6.4409e+07 1.6785e+07
0.397 8.0081e+07 1.6764e+07
0.398 6.1921e+07 1.6742e+07
0.399 5.8904e+07 1.6721e+07
0.4 7.2664e+07 1.6699e+07
0.401 8.7529e+07 1.6678e+07
0.402 4.48e+07 1.6657e+07
0.403 6.235e+07 1.6635e+07
0.404 3.3734e+07 1.6614e+07
0.405 8.121e+07 1.6593e+07
0.406 6.8689e+07 1.6572e+07
0.407 9.1733e+07 1.6551e+07
0.408 8.3015e+07 1.6531e+07
0.409 6.4504e+07 1.651e+07
0.41 3.0198e+07 1.6489e+07
0.411 4.4306e+07 1.6469e+07
0.412 5.0342e+07 1.6448e+07
0.413 6.6154e+07 1.6428e+07
0.414 3.9153e+07 1.6407e+07
0.415 6.1761e+07 1.6387e+07
0.416 4.9885e+07 1.6367e+07
0.417 1.8235e+07 1.6347e+07
0.418 3.7578e+07 1.6327e+07
0.419 1.0093e+08 1.6307e+07
0.42 5.4201e+07 1.6287e+07
0.421 8.883e+07 1.6267e+07
0.422 5.2035e+07 1.6247e+07
0.423 3.9435e+07 1.6228e+07
0.424 5.798e+07 1.6208e+07
0.425 5.1552e+07 1.6188e+07
0.426 6.7185e+07 1.6169e+07
0.427 4.0678e+07 1.615e+07
0.428 7.0632e+07 1.613e+07
0.429 4.7692e+07 1.6111e+07
0.43 5.773e+07 1.6092e+07
0.431 5.5336e+07 1.6073e+07
0.432 5.5337e+07 1.6054e+07
0.433 7.1044e+07 1.6035e+07
0.434 5.6452e+07 1.6016e+07
0.435 5.9503e+07 1.5997e+07
0.436 6.2658e+07 1.5979e+07
0.437 7.3155e+07 1.596e+07
0.438 6.7007e+07 1.5941e+07
0.439 5.1852e+07 1.5923e+07
0.44 7.111e+07 1.5904e+07
0.441 3.6677e+07 1.5886e+07
0.442 5.9495e+07 1.5868e+07
0.443 4.3315e+07 1.5849e+07
0.444 4.6797e+07 1.5831e+07
0.445 2.5332e+07 1.5813e+07
0.446 3.7052e+07 1.5795e+07
0.447 5.6251e+07 1.5777e+07
0.448 1.4836e+07 1.5759e+07
0.449 4.7181e+07 1.5741e+07
0.45 7.718e+07 1.5724e+07
0.451 6.4977e+07 1.5706e+07
0.452 5.8588e+07 1.5688e+07
0.453 7.6406e+07 1.5671e+07
0.454 3.8115e+07 1.5653e+07
0.455 4.2094e+07 1.5636e+07
0.456 3.9082e+07 1.5618e+07
0.457 3.7353e+07 1.5601e+07
0.458 4.4529e+07 1.5584e+07
0.459 5.8518e+07 1.5566e+07
0.46 6.0826e+07 1.5549e+07
0.461 6.2791e+07 1.5532e+07
0.462 3.5529e+07 1.5515e+07
0.463 5.9109e+07 1.5498e+07
0.464 2.3611e+07 1.5481e+07
0.465 5.1958e+07 1.5464e+07
0.466 3.9853e+07 1.5447e+07
0.467 4.0736e+07 1.5431e+07
0.468 4.9889e+07 1.5414e+07
0.469 5.9826e+07 1.5397e+07
0.47 4.9543e+07 1.5381e+07
0.471 8.4996e+07 1.5364e+07
0.472 5.8305e+07 1.5348e+07
0.473 3.6414e+07 1.5331e+07
0.474 4.7479e+07 1.5315e+07
0.475 4.8065e+07 1.5299e+07
0.476 3.9938e+07 1.5282e+07
0.477 6.4834e+07 1.5266e+07
0.478 5.0645e+07 1.525e+07
0.479 4.7715e+07 1.5234e+07
0.48 3.8548e+07 1.5218e+07
0.481 5.8768e+07 1.5202e+07
0.482 6.0694e+07 1.5186e+07
0.483 5.5234e+07 1.517e+07
0.484 5.6825e+07 1.5154e+07
0.485 5.2343e+07 1.5139e+07
0.486 5.2723e+07 1.5123e+07
0.487 6.2035e+07 1.5107e+07
0.488 2.1569e+07 1.5092e+07
0.489 3.84e+07 1.5076e+07
0.49 5.3731e+07 1.5061e+07
0.491 4.5312e+07 1.5045e+07
0.492 5.74e+07 1.503e+07
0.493 6.0026e+07 1.5015e+07
0.494 5.2174e+07 1.4999e+07
0.495 6.1333e+07 1.4984e+07
0.496 6.2373e+07 1.4969e+07
0.497 3.7512e+07 1.4954e+07
0.498 5.7715e+07 1.4939e+07
0.499 7.7781e+07 1.4924e+07
0.5 5.3066e+07 1.4909e+07
