0.001 1.4438e+10 7.898e+08
0.002 1.5586e+10 5.5836e+08
0.003 1.5451e+10 4.5574e+08
0.004 1.5771e+10 3.9449e+08
0.005 1.5312e+10 3.5263e+08
0.006 1.5271e+10 3.2166e+08
0.007 1.5007e+10 2.9753e+08
0.008 1.5048e+10 2.7803e+08
0.009 1.5149e+10 2.6182e+08
0.01 1.545e+10 2.4806e+08
0.011 1.5083e+10 2.3617e+08
0.012 1.4906e+10 2.2576e+08
0.013 1.4911e+10 2.1653e+08
0.014 1.504e+10 2.0827e+08
0.015 1.4833e+10 2.0081e+08
0.016 1.4866e+10 1.9402e+08
0.017 1.4913e+10 1.878e+08
0.018 1.4623e+10 1.8207e+08
0.019 1.4575e+10 1.7677e+08
0.02 1.4575e+10 1.7184e+08
0.021 1.4631e+10 1.6723e+08
0.022 1.4509e+10 1.629e+08
0.023 1.4247e+10 1.5883e+08
0.024 1.4104e+10 1.5499e+08
0.025 1.4043e+10 1.5136e+08
0.026 1.4051e+10 1.4791e+08
0.027 1.388e+10 1.4462e+08
0.028 1.3754e+10 1.4149e+08
0.029 1.3754e+10 1.3849e+08
0.03 1.3246e+10 1.3563e+08
0.031 1.3344e+10 1.3287e+08
0.032 1.3152e+10 1.3023e+08
0.033 1.295e+10 1.2768e+08
0.034 1.2923e+10 1.2523e+08
0.035 1.2817e+10 1.2286e+08
0.036 1.2526e+10 1.2057e+08
0.037 1.2589e+10 1.1835e+08
0.038 1.2313e+10 1.1621e+08
0.039 1.2113e+10 1.1412e+08
0.04 1.1964e+10 1.121e+08
0.041 1.1687e+10 1.1014e+08
0.042 1.1648e+10 1.0823e+08
0.043 1.153e+10 1.0637e+08
0.044 1.1405e+10 1.0456e+08
0.045 1.1246e+10 1.0279e+08
0.046 1.1161e+10 1.0107e+08
0.047 1.0882e+10 9.939e+07
0.048 1.0644e+10 9.775e+07
0.049 1.0365e+10 9.6146e+07
0.05 1.0319e+10 9.4579e+07
0.051 1.0083e+10 9.3046e+07
0.052 1.0114e+10 9.1547e+07
0.053 9.8816e+09 9.0079e+07
0.054 9.6732e+09 8.8642e+07
0.055 9.5125e+09 8.7234e+07
0.056 9.2953e+09 8.5855e+07
0.057 9.2447e+09 8.4503e+07
0.058 8.9402e+09 8.3178e+07
0.059 8.9392e+09 8.1878e+07
0.06 8.6859e+09 8.0604e+07
0.061 8.4315e+09 7.9354e+07
0.062 8.4364e+09 7.8127e+07
0.063 8.1166e+09 7.6923e+07
0.064 7.9958e+09 7.5742e+07
0.065 8.0006e+09 7.4583e+07
0.066 7.7449e+09 7.3445e+07
0.067 7.5394e+09 7.2327e+07
0.068 7.4988e+09 7.123e+07
0.069 7.2713e+09 7.0153e+07
0.07 7.0321e+09 6.9096e+07
0.071 6.9232e+09 6.8057e+07
0.072 6.8191e+09 6.7037e+07
0.073 6.5356e+09 6.6036e+07
0.074 6.5581e+09 6.5053e+07
0.075 6.4427e+09 6.4088e+07
0.076 6.2603e+09 6.314e+07
0.077 5.9502e+09 6.221e+07
0.078 5.9325e+09 6.1296e+07
0.079 5.8193e+09 6.0399e+07
0.08 5.6392e+09 5.9519e+07
0.081 5.5009e+09 5.8655e+07
0.082 5.4888e+09 5.7807e+07
0.083 5.221e+09 5.6975e+07
0.084 4.9408e+09 5.6158e+07
0.085 4.9319e+09 5.5357e+07
0.086 4.7718e+09 5.4571e+07
0.087 4.7343e+09 5.38e+07
0.088 4.5442e+09 5.3044e+07
0.089 4.5088e+09 5.2303e+07
0.09 4.329e+09 5.1576e+07
0.091 4.1462e+09 5.0863e+07
0.092 4.167e+09 5.0165e+07
0.093 3.9637e+09 4.9481e+07
0.094 3.8592e+09 4.881e+07
0.095 3.7227e+09 4.8153e+07
0.096 3.7288e+09 4.751e+07
0.097 3.6145e+09 4.6879e+07
0.098 3.586e+09 4.6263e+07
0.099 3.2866e+09 4.5659e+07
0.1 3.2486e+09 4.5067e+07
0.101 3.1778e+09 4.4489e+07
0.102 3.1184e+09 4.3923e+07
0.103 3.0078e+09 4.3369e+07
0.104 2.9612e+09 4.2828e+07
0.105 2.8384e+09 4.2298e+07
0.106 2.752e+09 4.178e+07
0.107 2.7523e+09 4.1274e+07
0.108 2.5621e+09 4.078e+07
0.109 2.5622e+09 4.0297e+07
0.11 2.4739e+09 3.9824e+07
0.111 2.336e+09 3.9363e+07
0.112 2.3432e+09 3.8913e+07
0.113 2.2394e+09 3.8473e+07
0.114 2.17e+09 3.8043e+07
0.115 2.096e+09 3.7624e+07
0.116 2.0254e+09 3.7215e+07
0.117 1.9831e+09 3.6815e+07
0.118 1.7995e+09 3.6425e+07
0.119 1.8683e+09 3.6045e+07
0.12 1.7755e+09 3.5674e+07
0.121 1.7197e+09 3.5312e+07
0.122 1.6724e+09 3.4959e+07
0.123 1.6991e+09 3.4614e+07
0.124 1.6481e+09 3.4278e+07
0.125 1.5814e+09 3.395e+07
0.126 1.5502e+09 3.3631e+07
0.127 1.5157e+09 3.3319e+07
0.128 1.4096e+09 3.3015e+07
0.129 1.4339e+09 3.2719e+07
0.13 1.3217e+09 3.243e+07
0.131 1.2762e+09 3.2148e+07
0.132 1.3016e+09 3.1873e+07
0.133 1.2307e+09 3.1605e+07
0.134 1.1363e+09 3.1344e+07
0.135 1.197e+09 3.1089e+07
0.136 1.1812e+09 3.084e+07
0.137 1.0732e+09 3.0597e+07
0.138 1.0021e+09 3.0361e+07
0.139 1.0114e+09 3.013e+07
0.14 1.0158e+09 2.9904e+07
0.141 9.5048e+08 2.9684e+07
0.142 9.1694e+08 2.9469e+07
0.143 9.6476e+08 2.9259e+07
0.144 9.116e+08 2.9054e+07
0.145 8.9669e+08 2.8854e+07
0.146 8.6414e+08 2.8659e+07
0.147 8.0573e+08 2.8468e+07
0.148 7.8739e+08 2.8281e+07
0.149 7.4454e+08 2.8098e+07
0.15 7.7318e+08 2.792e+07
0.151 7.7084e+08 2.7745e+07
0.152 7.3789e+08 2.7574e+07
0.153 7.1277e+08 2.7407e+07
0.154 6.6142e+08 2.7244e+07
0.155 6.8501e+08 2.7083e+07
0.156 6.2997e+08 2.6927e+07
0.157 6.3427e+08 2.6773e+07
0.158 6.1199e+08 2.6622e+07
0.159 6.4967e+08 2.6475e+07
0.16 6.2362e+08 2.633e+07
0.161 6.3619e+08 2.6188e+07
0.162 5.8401e+08 2.6049e+07
0.163 5.5704e+08 2.5912e+07
0.164 5.5668e+08 2.5778e+07
0.165 5.0501e+08 2.5647e+07
0.166 5.5922e+08 2.5518e+07
0.167 5.0264e+08 2.5391e+07
0.168 4.7288e+08 2.5266e+07
0.169 5.0625e+08 2.5144e+07
0.17 4.5032e+08 2.5024e+07
0.171 4.6369e+08 2.4905e+07
0.172 4.4233e+08 2.4789e+07
0.173 4.1299e+08 2.4675e+07
0.174 4.4275e+08 2.4562e+07
0.175 3.933e+08 2.4452e+07
0.176 4.4302e+08 2.4343e+07
0.177 4.6249e+08 2.4236e+07
0.178 4.0276e+08 2.413e+07
0.179 3.2076e+08 2.4026e+07
0.18 3.7888e+08 2.3924e+07
0.181 3.7177e+08 2.3823e+07
0.182 3.0944e+08 2.3724e+07
0.183 3.5172e+08 2.3627e+07
0.184 3.5697e+08 2.353e+07
0.185 3.0237e+08 2.3436e+07
0.186 3.4192e+08 2.3342e+07
0.187 2.966e+08 2.325e+07
0.188 3.0039e+08 2.3159e+07
0.189 3.2531e+08 2.307e+07
0.19 2.9185e+08 2.2982e+07
0.191 2.3935e+08 2.2895e+07
0.192 3.2137e+08 2.2809e+07
0.193 2.5661e+08 2.2725e+07
0.194 2.7087e+08 2.2642e+07
0.195 2.6357e+08 2.2559e+07
0.196 2.7963e+08 2.2478e+07
0.197 2.4542e+08 2.2399e+07
0.198 2.6992e+08 2.232e+07
0.199 2.0802e+08 2.2242e+07
0.2 2.3692e+08 2.2165e+07
0.201 2.4661e+08 2.209e+07
0.202 1.844e+08 2.2015e+07
0.203 1.9885e+08 2.1942e+07
0.204 2.0711e+08 2.1869e+07
0.205 2.0326e+08 2.1797e+07
0.206 1.5008e+08 2.1727e+07
0.207 1.9774e+08 2.1657e+07
0.208 1.6746e+08 2.1588e+07
0.209 1.9472e+08 2.152e+07
0.21 1.89e+08 2.1453e+07
0.211 1.8045e+08 2.1387e+07
0.212 1.417e+08 2.1322e+07
0.213 1.5194e+08 2.1257e+07
0.214 1.475e+08 2.1194e+07
0.215 1.5587e+08 2.1131e+07
0.216 1.4367e+08 2.1069e+07
0.217 1.5042e+08 2.1008e+07
0.218 1.4215e+08 2.0947e+07
0.219 1.7537e+08 2.0887e+07
0.22 1.6378e+08 2.0828e+07
0.221 1.6286e+08 2.077e+07
0.222 1.3865e+08 2.0712e+07
0.223 1.2809e+08 2.0655e+07
0.224 1.844e+08 2.0599e+07
0.225 1.395e+08 2.0544e+07
0.226 1.4898e+08 2.0489e+07
0.227 1.3488e+08 2.0434e+07
0.228 1.6983e+08 2.0381e+07
0.229 8.8907e+07 2.0328e+07
0.23 1.289e+08 2.0275e+07
0.231 1.2611e+08 2.0223e+07
0.232 1.0017e+08 2.0172e+07
0.233 1.251e+08 2.0121e+07
0.234 1.1333e+08 2.0071e+07
0.235 9.9948e+07 2.0021e+07
0.236 9.6443e+07 1.9972e+07
0.237 9.3338e+07 1.9924e+07
0.238 8.7474e+07 1.9875e+07
0.239 1.0958e+08 1.9828e+07
0.24 9.5121e+07 1.9781e+07
0.241 9.3669e+07 1.9734e+07
0.242 1.1448e+08 1.9687e+07
0.243 1.0516e+08 1.9642e+07
0.244 7.5492e+07 1.9596e+07
0.245 7.0832e+07 1.9551e+07
0.246 1.34e+08 1.9507e+07
0.247 8.2938e+07 1.9462e+07
0.248 5.566e+07 1.9419e+07
0.249 7.3129e+07 1.9375e+07
0.25 1.0059e+08 1.9332e+07
0.251 6.2989e+07 1.929e+07
0.252 8.9428e+07 1.9247e+07
0.253 1.0047e+08 1.9205e+07
0.254 1.1175e+08 1.9164e+07
0.255 1.0809e+08 1.9122e+07
0.256 7.6867e+07 1.9082e+07
0.257 7.5513e+07 1.9041e+07
0.258 6.4068e+07 1.9001e+07
0.259 1.2374e+08 1.8961e+07
0.26 5.7916e+07 1.8921e+07
0.261 6.8288e+07 1.8882e+07
0.262 9.5825e+07 1.8843e+07
0.263 6.1968e+07 1.8804e+07
0.264 9.3874e+07 1.8765e+07
0.265 4.8184e+07 1.8727e+07
0.266 8.6916e+07 1.8689e+07
0.267 9.2479e+07 1.8652e+07
0.268 7.271e+07 1.8614e+07
0.269 8.4752e+07 1.8577e+07
0.27 7.4635e+07 1.854e+07
0.271 6.9448e+07 1.8504e+07
0.272 7.1393e+07 1.8467e+07
0.273 7.7052e+07 1.8431e+07
0.274 6.7012e+07 1.8395e+07
0.275 2.7694e+07 1.836e+07
0.276 6.6615e+07 1.8324e+07
0.277 4.2291e+07 1.8289e+07
0.278 8.4501e+07 1.8254e+07
0.279 8.514e+07 1.822e+07
0.28 9.7861e+07 1.8185e+07
0.281 8.5027e+07 1.8151e+07
0.282 7.8874e+07 1.8117e+07
0.283 9.1099e+07 1.8083e+07
0.284 1.0369e+08 1.805e+07
0.285 7.4023e+07 1.8017e+07
0.286 9.567e+07 1.7983e+07
0.287 6.8728e+07 1.7951e+07
0.288 4.8256e+07 1.7918e+07
0.289 9.3159e+07 1.7886e+07
0.29 6.3297e+07 1.7853e+07
0.291 6.099e+07 1.7821e+07
0.292 3.5273e+07 1.779e+07
0.293 6.4917e+07 1.7758e+07
0.294 6.5489e+07 1.7727e+07
0.295 6.2457e+07 1.7696e+07
0.296 7.5486e+07 1.7665e+07
0.297 3.8704e+07 1.7634e+07
0.298 2.6694e+07 1.7603e+07
0.299 6.1172e+07 1.7573e+07
0.3 7.8848e+07 1.7543e+07
0.301 5.2484e+07 1.7513e+07
0.302 5.6154e+07 1.7483e+07
0.303 6.3412e+07 1.7454e+07
0.304 1.1555e+08 1.7424e+07
0.305 3.4146e+07 1.7395e+07
0.306 5.3879e+07 1.7366e+07
0.307 6.5934e+07 1.7337e+07
0.308 3.474e+07 1.7309e+07
0.309 7.1813e+07 1.728e+07
0.31 6.7909e+07 1.7252e+07
0.311 6.1202e+07 1.7224e+07
0.312 5.7627e+07 1.7196e+07
0.313 4.5491e+07 1.7168e+07
0.314 6.1318e+07 1.7141e+07
0.315 3.5483e+07 1.7113e+07
0.316 6.4727e+07 1.7086e+07
0.317 4.9911e+07 1.7059e+07
0.318 7.2837e+07 1.7032e+07
0.319 5.9224e+07 1.7005e+07
0.32 4.4054e+07 1.6979e+07
0.321 4.2421e+07 1.6952e+07
0.322 6.9874e+07 1.6926e+07
0.323 5.6387e+07 1.69e+07
0.324 7.0653e+07 1.6874e+07
0.325 7.2589e+07 1.6848e+07
0.326 8.4895e+07 1.6822e+07
0.327 3.8101e+07 1.6797e+07
0.328 4.5104e+07 1.6771e+07
0.329 4.7775e+07 1.6746e+07
0.33 3.2279e+07 1.6721e+07
0.331 3.7945e+07 1.6696e+07
0.332 6.8766e+07 1.6671e+07
0.333 3.8897e+07 1.6646e+07
0.334 5.8184e+07 1.6622e+07
0.335 4.8355e+07 1.6597e+07
0.336 7.0488e+07 1.6573e+07
0.337 4.1955e+07 1.6548e+07
0.338 3.0675e+07 1.6524e+07
0.339 4.3715e+07 1.65e+07
0.34 5.5634e+07 1.6476e+07
0.341 6.3791e+07 1.6452e+07
0.342 3.394e+07 1.6428e+07
0.343 9.6055e+07 1.6405e+07
0.344 2.7676e+07 1.6381e+07
0.345 4.6872e+07 1.6358e+07
0.346 7.3751e+07 1.6334e+07
0.347 5.9893e+07 1.6311e+07
0.348 6.1143e+07 1.6288e+07
0.349 7.3373e+07 1.6265e+07
0.35 3.7527e+07 1.6242e+07
0.351 3.804e+07 1.6219e+07
0.352 4.1263e+07 1.6196e+07
0.353 6.7678e+07 1.6173e+07
0.354 2.9475e+07 1.615e+07
0.355 7.0405e+07 1.6128e+07
0.356 6.6048e+07 1.6105e+07
0.357 9.6046e+07 1.6083e+07
0.358 7.2459e+07 1.606e+07
0.359 5.0189e+07 1.6038e+07
0.36 7.6439e+07 1.6016e+07
0.361 6.6747e+07 1.5994e+07
0.362 5.3694e+07 1.5972e+07
0.363 5.316e+07 1.595e+07
0.364 7.2865e+07 1.5928e+07
0.365 5.6362e+07 1.5906e+07
0.366 5.212e+07 1.5884e+07
0.367 7.4011e+07 1.5862e+07
0.368 6.0591e+07 1.5841e+07
0.369 6.9895e+07 1.5819e+07
0.37 3.8957e+07 1.5798e+07
0.371 3.9586e+07 1.5776e+07
0.372 5.0053e+07 1.5755e+07
0.373 8.2067e+07 1.5734e+07
0.374 6.9146e+07 1.5712e+07
0.375 5.3435e+07 1.5691e+07
0.376 4.1162e+07 1.567e+07
0.377 8.3211e+07 1.5649e+07
0.378 5.5958e+07 1.5628e+07
0.379 7.9006e+07 1.5607e+07
0.38 3.9362e+07 1.5586e+07
0.381 6.1053e+07 1.5566e+07
0.382 6.2116e+07 1.5545e+07
0.383 5.7544e+07 1.5524e+07
0.384 3.6156e+07 1.5504e+07
0.385 4.0733e+07 1.5483e+07
0.386 4.4176e+07 1.5463e+07
0.387 5.5812e+07 1.5443e+07
0.388 4.9543e+07 1.5422e+07
0.389 5.368e+07 1.5402e+07
0.39 6.7944e+07 1.5382e+07
0.391 5.5086e+07 1.5362e+07
0.392 7.8568e+07 1.5342e+07
0.393 5.6735e+07 1.5322e+07
0.394 4.3242e+07 1.5302e+07
0.395 6.4206e+07 1.5282e+07
0.396 3.9883e+07 1.5262e+07
0.397 4.4854e+07 1.5243e+07
0.398 3.2158e+07 1.5223e+07
0.399 3.2885e+07 1.5204e+07
0.4 6.1627e+07 1.5184e+07
0.401 6.9039e+07 1.5165e+07
0.402 4.4873e+07 1.5145e+07
0.403 5.9563e+07 1.5126e+07
0.404 5.7654e+07 1.5107e+07
0.405 7.6805e+07 1.5088e+07
0.406 4.1043e+07 1.5069e+07
0.407 5.2735e+07 1.505e+07
0.408 6.6309e+07 1.5031e+07
0.409 4.2226e+07 1.5012e+07
0.41 7.885e+07 1.4993e+07
0.411 7.1337e+07 1.4975e+07
0.412 5.5906e+07 1.4956e+07
0.413 6.2966e+07 1.4937e+07
0.414 3.8119e+07 1.4919e+07
0.415 7.2055e+07 1.49e+07
0.416 3.9961e+07 1.4882e+07
0.417 6.2e+07 1.4864e+07
0.418 4.673e+07 1.4846e+07
0.419 7.8291e+07 1.4828e+07
0.42 3.4395e+07 1.4809e+07
0.421 6.8751e+07 1.4791e+07
0.422 3.2509e+07 1.4774e+07
0.423 3.8169e+07 1.4756e+07
0.424 4.4252e+07 1.4738e+07
0.425 4.3636e+07 1.472e+07
0.426 8.0861e+07 1.4703e+07
0.427 4.3846e+07 1.4685e+07
0.428 4.6748e+07 1.4668e+07
0.429 3.6894e+07 1.465e+07
0.43 5.3662e+07 1.4633e+07
0.431 6.6094e+07 1.4615e+07
0.432 2.8611e+07 1.4598e+07
0.433 3.3564e+07 1.4581e+07
0.434 5.1592e+07 1.4564e+07
0.435 3.6213e+07 1.4547e+07
0.436 4.9415e+07 1.453e+07
0.437 5.7801e+07 1.4513e+07
0.438 4.6983e+07 1.4496e+07
0.439 5.3538e+07 1.4479e+07
0.44 1.2628e+07 1.4463e+07
0.441 6.3859e+07 1.4446e+07
0.442 3.2423e+07 1.4429e+07
0.443 4.1404e+07 1.4413e+07
0.444 6.4363e+07 1.4396e+07
0.445 4.8027e+07 1.438e+07
0.446 3.2696e+07 1.4364e+07
0.447 3.0665e+07 1.4347e+07
0.448 6.0871e+07 1.4331e+07
0.449 5.1648e+07 1.4315e+07
0.45 2.7699e+07 1.4299e+07
0.451 5.7658e+07 1.4283e+07
0.452 6.117e+07 1.4267e+07
0.453 7.3472e+07 1.4251e+07
0.454 4.5929e+07 1.4235e+07
0.455 4.6703e+07 1.4219e+07
0.456 6.0706e+07 1.4203e+07
0.457 6.1332e+07 1.4188e+07
0.458 3.9092e+07 1.4172e+07
0.459 4.3322e+07 1.4157e+07
0.46 5.4641e+07 1.4141e+07
0.461 5.0899e+07 1.4126e+07
0.462 8.0716e+07 1.411e+07
0.463 3.9446e+07 1.4095e+07
0.464 4.4555e+07 1.4079e+07
0.465 4.9918e+07 1.4064e+07
0.466 3.3854e+07 1.4049e+07
0.467 4.4162e+07 1.4034e+07
0.468 5.9036e+07 1.4019e+07
0.469 7.4934e+07 1.4004e+07
0.47 3.9466e+07 1.3989e+07
0.471 3.7184e+07 1.3974e+07
0.472 4.5888e+07 1.3959e+07
0.473 4.4026e+07 1.3944e+07
0.474 4.6928e+07 1.3929e+07
0.475 7.1057e+07 1.3914e+07
0.476 5.6677e+07 1.39e+07
0.477 2.4374e+07 1.3885e+07
0.478 4.7421e+07 1.387e+07
0.479 7.5268e+07 1.3856e+07
0.48 3.7676e+07 1.3841e+07
0.481 8.3339e+07 1.3827e+07
0.482 6.699e+07 1.3812e+07
0.483 4.9368e+07 1.3798e+07
0.484 4.4884e+07 1.3784e+07
0.485 3.6376e+07 1.3769e+07
0.486 3.9281e+07 1.3755e+07
0.487 3.4289e+07 1.3741e+07
0.488 4.6508e+07 1.3727e+07
0.489 2.4513e+07 1.3713e+07
0.49 3.5781e+07 1.3699e+07
0.491 2.7128e+07 1.3685e+07
0.492 4.9019e+07 1.3671e+07
0.493 5.5109e+07 1.3657e+07
0.494 6.6553e+07 1.3643e+07
0.495 6.7129e+07 1.3629e+07
0.496 4.7501e+07 1.3615e+07
0.497 4.7646e+07 1.3602e+07
0.498 4.8331e+07 1.3588e+07
0.499 6.0852e+07 1.3574e+07
0.5 5.7165e+07 1.3561e+07
