0.001 1.8321e+10 9.5177e+08
0.002 1.806e+10 6.7289e+08
0.003 1.8105e+10 5.4925e+08
0.004 1.7448e+10 4.7547e+08
0.005 1.8282e+10 4.2505e+08
0.006 1.8219e+10 3.8777e+08
0.007 1.7896e+10 3.5873e+08
0.008 1.7641e+10 3.3527e+08
0.009 1.7236e+10 3.1578e+08
0.01 1.7388e+10 2.9925e+08
0.011 1.7773e+10 2.8498e+08
0.012 1.7478e+10 2.7248e+08
0.013 1.7539e+10 2.6141e+08
0.014 1.7482e+10 2.5151e+08
0.015 1.7707e+10 2.4257e+08
0.016 1.7104e+10 2.3445e+08
0.017 1.7186e+10 2.2702e+08
0.018 1.7448e+10 2.2018e+08
0.019 1.7222e+10 2.1385e+08
0.02 1.6699e+10 2.0797e+08
0.021 1.7176e+10 2.0248e+08
0.022 1.685e+10 1.9734e+08
0.023 1.6383e+10 1.9251e+08
0.024 1.6697e+10 1.8795e+08
0.025 1.6319e+10 1.8364e+08
0.026 1.64e+10 1.7956e+08
0.027 1.6204e+10 1.7567e+08
0.028 1.6175e+10 1.7197e+08
0.029 1.5629e+10 1.6844e+08
0.03 1.5506e+10 1.6506e+08
0.031 1.5567e+10 1.6183e+08
0.032 1.5552e+10 1.5872e+08
0.033 1.5498e+10 1.5573e+08
0.034 1.523e+10 1.5285e+08
0.035 1.5237e+10 1.5008e+08
0.036 1.5326e+10 1.474e+08
0.037 1.4807e+10 1.4482e+08
0.038 1.4858e+10 1.4231e+08
0.039 1.4385e+10 1.3989e+08
0.04 1.4196e+10 1.3754e+08
0.041 1.3828e+10 1.3525e+08
0.042 1.3911e+10 1.3304e+08
0.043 1.359e+10 1.3088e+08
0.044 1.3589e+10 1.2879e+08
0.045 1.3155e+10 1.2675e+08
0.046 1.3139e+10 1.2476e+08
0.047 1.2957e+10 1.2282e+08
0.048 1.2905e+10 1.2093e+08
0.049 1.2592e+10 1.1909e+08
0.05 1.2616e+10 1.1729e+08
0.051 1.2169e+10 1.1553e+08
0.052 1.2007e+10 1.1381e+08
0.053 1.2004e+10 1.1213e+08
0.054 1.16e+10 1.1048e+08
0.055 1.1575e+10 1.0888e+08
0.056 1.1346e+10 1.073e+08
0.057 1.1385e+10 1.0576e+08
0.058 1.092e+10 1.0425e+08
0.059 1.0803e+10 1.0277e+08
0.06 1.0516e+10 1.0132e+08
0.061 1.0453e+10 9.9901e+07
0.062 1.0253e+10 9.8509e+07
0.063 1.0245e+10 9.7144e+07
0.064 1.0108e+10 9.5805e+07
0.065 9.7859e+09 9.4493e+07
0.066 9.5655e+09 9.3205e+07
0.067 9.4855e+09 9.1942e+07
0.068 9.2457e+09 9.0702e+07
0.069 9.162e+09 8.9486e+07
0.07 8.9314e+09 8.8293e+07
0.071 8.6618e+09 8.7122e+07
0.072 8.4933e+09 8.5973e+07
0.073 8.4617e+09 8.4845e+07
0.074 8.1914e+09 8.3738e+07
0.075 7.9958e+09 8.2652e+07
0.076 7.8906e+09 8.1585e+07
0.077 7.7228e+09 8.0539e+07
0.078 7.6447e+09 7.9512e+07
0.079 7.2974e+09 7.8503e+07
0.08 7.2925e+09 7.7514e+07
0.081 7.1815e+09 7.6543e+07
0.082 6.9758e+09 7.559e+07
0.083 6.9791e+09 7.4655e+07
0.084 6.7045e+09 7.3737e+07
0.085 6.614e+09 7.2837e+07
0.086 6.2634e+09 7.1953e+07
0.087 6.2472e+09 7.1087e+07
0.088 6.3059e+09 7.0236e+07
0.089 6.0057e+09 6.9402e+07
0.09 5.7842e+09 6.8584e+07
0.091 5.6424e+09 6.7781e+07
0.092 5.5847e+09 6.6994e+07
0.093 5.5618e+09 6.6222e+07
0.094 5.3451e+09 6.5465e+07
0.095 5.2449e+09 6.4723e+07
0.096 5.0828e+09 6.3996e+07
0.097 4.9715e+09 6.3282e+07
0.098 4.8342e+09 6.2583e+07
0.099 4.7531e+09 6.1898e+07
0.1 4.7182e+09 6.1226e+07
0.101 4.3967e+09 6.0568e+07
0.102 4.5028e+09 5.9923e+07
0.103 4.2959e+09 5.9291e+07
0.104 4.24e+09 5.8671e+07
0.105 4.1668e+09 5.8065e+07
0.106 4.0105e+09 5.747e+07
0.107 3.9688e+09 5.6888e+07
0.108 3.7554e+09 5.6318e+07
0.109 3.6327e+09 5.576e+07
0.11 3.6661e+09 5.5213e+07
0.111 3.5591e+09 5.4677e+07
0.112 3.442e+09 5.4153e+07
0.113 3.324e+09 5.3639e+07
0.114 3.3633e+09 5.3136e+07
0.115 3.1855e+09 5.2644e+07
0.116 3.1517e+09 5.2161e+07
0.117 3.1083e+09 5.1689e+07
0.118 2.9906e+09 5.1227e+07
0.119 3.0155e+09 5.0774e+07
0.12 2.8342e+09 5.0331e+07
0.121 2.8695e+09 4.9897e+07
0.122 2.7593e+09 4.9472e+07
0.123 2.7159e+09 4.9056e+07
0.124 2.6104e+09 4.8649e+07
0.125 2.5468e+09 4.825e+07
0.126 2.415e+09 4.7859e+07
0.127 2.4059e+09 4.7477e+07
0.128 2.4159e+09 4.7102e+07
0.129 2.2226e+09 4.6735e+07
0.13 2.2038e+09 4.6376e+07
0.131 2.226e+09 4.6024e+07
0.132 2.1513e+09 4.5679e+07
0.133 2.0782e+09 4.5341e+07
0.134 1.9665e+09 4.501e+07
0.135 2.0465e+09 4.4685e+07
0.136 2.0183e+09 4.4367e+07
0.137 1.9636e+09 4.4055e+07
0.138 1.8209e+09 4.3749e+07
0.139 1.8178e+09 4.345e+07
0.14 1.8561e+09 4.3156e+07
0.141 1.7209e+09 4.2868e+07
0.142 1.6281e+09 4.2585e+07
0.143 1.6473e+09 4.2308e+07
0.144 1.563e+09 4.2035e+07
0.145 1.5235e+09 4.1768e+07
0.146 1.4531e+09 4.1506e+07
0.147 1.4701e+09 4.1249e+07
0.148 1.5815e+09 4.0996e+07
0.149 1.4783e+09 4.0748e+07
0.15 1.3528e+09 4.0504e+07
0.151 1.3506e+09 4.0265e+07
0.152 1.324e+09 4.003e+07
0.153 1.3138e+09 3.9799e+07
0.154 1.3243e+09 3.9572e+07
0.155 1.2537e+09 3.9349e+07
0.156 1.1441e+09 3.9129e+07
0.157 1.2196e+09 3.8913e+07
0.158 1.179e+09 3.8701e+07
0.159 1.1216e+09 3.8492e+07
0.16 1.1158e+09 3.8287e+07
0.161 1.0794e+09 3.8085e+07
0.162 1.0638e+09 3.7886e+07
0.163 1.0731e+09 3.7691e+07
0.164 9.127e+08 3.7498e+07
0.165 9.7805e+08 3.7309e+07
0.166 9.0024e+08 3.7122e+07
0.167 9.9917e+08 3.6938e+07
0.168 9.12e+08 3.6757e+07
0.169 8.7163e+08 3.6579e+07
0.17 9.1833e+08 3.6403e+07
0.171 8.6717e+08 3.623e+07
0.172 8.147e+08 3.606e+07
0.173 8.2849e+08 3.5892e+07
0.174 8.7517e+08 3.5726e+07
0.175 8.3818e+08 3.5563e+07
0.176 7.3087e+08 3.5402e+07
0.177 7.2625e+08 3.5244e+07
0.178 7.5397e+08 3.5088e+07
0.179 6.8275e+08 3.4934e+07
0.18 7.297e+08 3.4782e+07
0.181 6.9659e+08 3.4632e+07
0.182 7.1303e+08 3.4484e+07
0.183 5.9062e+08 3.4339e+07
0.184 6.3437e+08 3.4195e+07
0.185 5.9236e+08 3.4054e+07
0.186 6.3657e+08 3.3914e+07
0.187 6.0875e+08 3.3776e+07
0.188 5.2528e+08 3.364e+07
0.189 5.2664e+08 3.3507e+07
0.19 5.0504e+08 3.3374e+07
0.191 4.778e+08 3.3244e+07
0.192 4.7949e+08 3.3115e+07
0.193 4.138e+08 3.2989e+07
0.194 5.0707e+08 3.2864e+07
0.195 4.7502e+08 3.274e+07
0.196 4.4708e+08 3.2618e+07
0.197 4.2811e+08 3.2498e+07
0.198 4.4359e+08 3.238e+07
0.199 4.4981e+08 3.2263e+07
0.2 4.0514e+08 3.2148e+07
0.201 4.2511e+08 3.2034e+07
0.202 4.256e+08 3.1921e+07
0.203 3.4235e+08 3.1811e+07
0.204 4.1603e+08 3.1701e+07
0.205 3.4094e+08 3.1593e+07
0.206 3.6177e+08 3.1487e+07
0.207 2.9694e+08 3.1382e+07
0.208 3.1368e+08 3.1278e+07
0.209 3.4077e+08 3.1176e+07
0.21 2.7953e+08 3.1075e+07
0.211 2.8003e+08 3.0976e+07
0.212 3.1579e+08 3.0877e+07
0.213 2.9894e+08 3.078e+07
0.214 2.4937e+08 3.0685e+07
0.215 3.2437e+08 3.059e+07
0.216 3.0796e+08 3.0497e+07
0.217 2.583e+08 3.0405e+07
0.218 2.2815e+08 3.0314e+07
0.219 2.6464e+08 3.0224e+07
0.22 2.6638e+08 3.0136e+07
0.221 1.8677e+08 3.0048e+07
0.222 2.2155e+08 2.9962e+07
0.223 2.1068e+08 2.9877e+07
0.224 2.0085e+08 2.9792e+07
0.225 2.1859e+08 2.9709e+07
0.226 1.781e+08 2.9627e+07
0.227 1.6241e+08 2.9546e+07
0.228 1.8731e+08 2.9466e+07
0.229 2.0833e+08 2.9387e+07
0.23 1.6943e+08 2.9308e+07
0.231 2.4466e+08 2.9231e+07
0.232 1.9404e+08 2.9155e+07
0.233 1.8572e+08 2.9079e+07
0.234 1.3005e+08 2.9005e+07
0.235 1.6773e+08 2.8931e+07
0.236 1.9345e+08 2.8858e+07
0.237 1.2834e+08 2.8786e+07
0.238 1.8737e+08 2.8715e+07
0.239 1.3768e+08 2.8644e+07
0.24 1.3871e+08 2.8575e+07
0.241 1.7089e+08 2.8506e+07
0.242 1.7551e+08 2.8438e+07
0.243 1.9996e+08 2.837e+07
0.244 1.4413e+08 2.8304e+07
0.245 7.4267e+07 2.8238e+07
0.246 8.1143e+07 2.8172e+07
0.247 1.6307e+08 2.8108e+07
0.248 1.2113e+08 2.8044e+07
0.249 8.7209e+07 2.798e+07
0.25 8.1993e+07 2.7918e+07
0.251 1.0901e+08 2.7856e+07
0.252 1.3102e+08 2.7794e+07
0.253 1.3076e+08 2.7733e+07
0.254 1.312e+08 2.7673e+07
0.255 1.4198e+08 2.7614e+07
0.256 1.0967e+08 2.7554e+07
0.257 1.4659e+08 2.7496e+07
0.258 1.2307e+08 2.7438e+07
0.259 1.4297e+08 2.738e+07
0.26 8.6269e+07 2.7323e+07
0.261 6.8382e+07 2.7267e+07
0.262 9.1883e+07 2.7211e+07
0.263 6.6132e+07 2.7156e+07
0.264 7.393e+07 2.7101e+07
0.265 6.2646e+07 2.7046e+07
0.266 7.9624e+07 2.6992e+07
0.267 1.0927e+08 2.6938e+07
0.268 1.1342e+08 2.6885e+07
0.269 7.0645e+07 2.6833e+07
0.27 8.235e+07 2.678e+07
0.271 7.082e+07 2.6728e+07
0.272 6.6177e+07 2.6677e+07
0.273 8.2946e+07 2.6626e+07
0.274 3.0326e+07 2.6575e+07
0.275 9.9724e+07 2.6525e+07
0.276 6.4555e+07 2.6475e+07
0.277 1.0937e+08 2.6426e+07
0.278 8.1914e+07 2.6377e+07
0.279 7.4797e+07 2.6328e+07
0.28 1.1943e+08 2.628e+07
0.281 7.7218e+07 2.6232e+07
0.282 1.2047e+08 2.6184e+07
0.283 8.7122e+07 2.6137e+07
0.284 9.6966e+07 2.609e+07
0.285 9.3307e+07 2.6043e+07
0.286 6.5614e+07 2.5997e+07
0.287 6.5737e+07 2.5951e+07
0.288 5.1084e+07 2.5905e+07
0.289 9.0684e+07 2.586e+07
0.29 1.1689e+08 2.5815e+07
0.291 1.1531e+08 2.577e+07
0.292 7.7409e+07 2.5726e+07
0.293 9.4536e+07 2.5682e+07
0.294 9.2671e+07 2.5638e+07
0.295 8.1779e+07 2.5595e+07
0.296 1.0864e+08 2.5551e+07
0.297 5.7827e+07 2.5509e+07
0.298 7.152e+07 2.5466e+07
0.299 7.9559e+07 2.5424e+07
0.3 7.6548e+07 2.5381e+07
0.301 7.0243e+07 2.534e+07
0.302 6.6768e+07 2.5298e+07
0.303 7.2342e+07 2.5257e+07
0.304 1.0291e+08 2.5216e+07
0.305 1.0953e+08 2.5175e+07
0.306 9.0592e+07 2.5134e+07
0.307 1.1775e+08 2.5094e+07
0.308 1.2642e+08 2.5054e+07
0.309 1.3491e+08 2.5014e+07
0.31 4.6014e+07 2.4974e+07
0.311 7.7183e+07 2.4935e+07
0.312 4.6783e+07 2.4896e+07
0.313 8.9211e+07 2.4857e+07
0.314 3.7544e+07 2.4818e+07
0.315 9.6934e+07 2.478e+07
0.316 7.3832e+07 2.4741e+07
0.317 1.188e+08 2.4703e+07
0.318 5.6383e+07 2.4665e+07
0.319 5.4735e+07 2.4628e+07
0.32 1.0791e+08 2.459e+07
0.321 9.2686e+07 2.4553e+07
0.322 1.0665e+08 2.4516e+07
0.323 3.8305e+07 2.4479e+07
0.324 6.1263e+07 2.4442e+07
0.325 1.1068e+08 2.4406e+07
0.326 7.6851e+07 2.4369e+07
0.327 9.6196e+07 2.4333e+07
0.328 9.2816e+07 2.4297e+07
0.329 7.4138e+07 2.4261e+07
0.33 9.4768e+07 2.4225e+07
0.331 5.7724e+07 2.419e+07
0.332 8.3639e+07 2.4154e+07
0.333 1.1707e+08 2.4119e+07
0.334 9.9069e+07 2.4084e+07
0.335 7.053e+07 2.4049e+07
0.336 1.3912e+08 2.4014e+07
0.337 9.9166e+07 2.398e+07
0.338 1.0532e+08 2.3945e+07
0.339 6.7538e+07 2.3911e+07
0.34 5.6999e+07 2.3876e+07
0.341 9.7488e+07 2.3842e+07
0.342 5.8055e+07 2.3808e+07
0.343 1.4089e+08 2.3774e+07
0.344 8.4615e+07 2.3741e+07
0.345 1.2757e+08 2.3707e+07
0.346 1.4895e+08 2.3674e+07
0.347 1.2494e+08 2.364e+07
0.348 8.8766e+07 2.3607e+07
0.349 1.1068e+08 2.3574e+07
0.35 1.1473e+08 2.3541e+07
0.351 7.6717e+07 2.3508e+07
0.352 1.2266e+08 2.3475e+07
0.353 9.2779e+07 2.3443e+07
0.354 5.7041e+07 2.341e+07
0.355 1.2835e+08 2.3377e+07
0.356 1.0202e+08 2.3345e+07
0.357 7.3843e+07 2.3313e+07
0.358 1.0559e+08 2.3281e+07
0.359 1.2551e+08 2.3249e+07
0.36 1.0358e+08 2.3217e+07
0.361 1.2192e+08 2.3185e+07
0.362 1.3482e+08 2.3153e+07
0.363 1.0071e+08 2.3121e+07
0.364 9.0035e+07 2.309e+07
0.365 1.177e+08 2.3058e+07
0.366 1.1446e+08 2.3027e+07
0.367 1.1635e+08 2.2996e+07
0.368 8.9386e+07 2.2965e+07
0.369 1.2254e+08 2.2933e+07
0.37 1.1999e+08 2.2902e+07
0.371 1.2427e+08 2.2872e+07
0.372 1.4602e+08 2.2841e+07
0.373 1.4393e+08 2.281e+07
0.374 9.391e+07 2.2779e+07
0.375 9.3625e+07 2.2749e+07
0.376 1.2809e+08 2.2718e+07
0.377 1.1201e+08 2.2688e+07
0.378 7.7295e+07 2.2658e+07
0.379 1.2617e+08 2.2628e+07
0.38 9.8651e+07 2.2597e+07
0.381 4.4797e+07 2.2567e+07
0.382 1.0186e+08 2.2538e+07
0.383 9.4829e+07 2.2508e+07
0.384 7.5463e+07 2.2478e+07
0.385 9.2196e+07 2.2448e+07
0.386 1.1082e+08 2.2419e+07
0.387 7.7544e+07 2.2389e+07
0.388 1.1317e+08 2.236e+07
0.389 3.5329e+07 2.2331e+07
0.39 9.2237e+07 2.2302e+07
0.391 1.0468e+08 2.2273e+07
0.392 9.6026e+07 2.2244e+07
0.393 9.5979e+07 2.2215e+07
0.394 1.1883e+08 2.2186e+07
0.395 1.0136e+08 2.2157e+07
0.396 1.3155e+08 2.2128e+07
0.397 1.1674e+08 2.21e+07
0.398 1.0477e+08 2.2072e+07
0.399 9.9114e+07 2.2043e+07
0.4 6.737e+07 2.2015e+07
0.401 7.2652e+07 2.1987e+07
0.402 1.0503e+08 2.1959e+07
0.403 4.8631e+07 2.1931e+07
0.404 1.0894e+08 2.1903e+07
0.405 9.037e+07 2.1875e+07
0.406 6.0485e+07 2.1847e+07
0.407 7.3644e+07 2.182e+07
0.408 8.4441e+07 2.1792e+07
0.409 1.3433e+08 2.1765e+07
0.41 1.1333e+08 2.1738e+07
0.411 8.501e+07 2.171e+07
0.412 8.9983e+07 2.1683e+07
0.413 1.091e+08 2.1656e+07
0.414 1.0205e+08 2.1629e+07
0.415 8.1146e+07 2.1603e+07
0.416 1.3256e+08 2.1576e+07
0.417 1.1355e+08 2.1549e+07
0.418 7.3584e+07 2.1523e+07
0.419 7.1733e+07 2.1496e+07
0.42 7.1925e+07 2.147e+07
0.421 8.1715e+07 2.1444e+07
0.422 9.7581e+07 2.1417e+07
0.423 6.3323e+07 2.1391e+07
0.424 8.6377e+07 2.1365e+07
0.425 8.5865e+07 2.1339e+07
0.426 9.581e+07 2.1314e+07
0.427 7.7165e+07 2.1288e+07
0.428 1.0649e+08 2.1262e+07
0.429 8.9666e+07 2.1237e+07
0.43 1.1513e+08 2.1211e+07
0.431 1.0357e+08 2.1186e+07
0.432 8.0172e+07 2.1161e+07
0.433 8.2105e+07 2.1136e+07
0.434 9.5696e+07 2.1111e+07
0.435 8.7257e+07 2.1086e+07
0.436 1.2736e+08 2.1061e+07
0.437 1.0759e+08 2.1036e+07
0.438 8.4336e+07 2.1011e+07
0.439 8.3331e+07 2.0987e+07
0.44 9.7448e+07 2.0962e+07
0.441 9.2561e+07 2.0938e+07
0.442 1.0502e+08 2.0914e+07
0.443 1.2441e+08 2.0889e+07
0.444 9.5e+07 2.0865e+07
0.445 1.1749e+08 2.0841e+07
0.446 9.4902e+07 2.0817e+07
0.447 8.0235e+07 2.0793e+07
0.448 1.165e+08 2.0769e+07
0.449 6.6938e+07 2.0746e+07
0.45 5.7659e+07 2.0722e+07
0.451 9.3222e+07 2.0698e+07
0.452 5.8798e+07 2.0675e+07
0.453 7.2647e+07 2.0652e+07
0.454 9.6132e+07 2.0628e+07
0.455 8.9326e+07 2.0605e+07
0.456 2.1435e+07 2.0582e+07
0.457 5.7551e+07 2.0559e+07
0.458 8.9007e+07 2.0536e+07
0.459 1.042e+08 2.0513e+07
0.46 9.29e+07 2.049e+07
0.461 5.8246e+07 2.0467e+07
0.462 4.9123e+07 2.0445e+07
0.463 1.0199e+08 2.0422e+07
0.464 1.0641e+08 2.04e+07
0.465 1.0556e+08 2.0377e+07
0.466 2.9586e+07 2.0355e+07
0.467 9.4194e+07 2.0333e+07
0.468 8.4665e+07 2.031e+07
0.469 8.506e+07 2.0288e+07
0.47 5.3188e+07 2.0266e+07
0.471 9.535e+07 2.0244e+07
0.472 8.9772e+07 2.0222e+07
0.473 7.6568e+07 2.0201e+07
0.474 6.2657e+07 2.0179e+07
0.475 8.077e+07 2.0157e+07
0.476 8.6422e+07 2.0136e+07
0.477 8.6006e+07 2.0114e+07
0.478 8.0106e+07 2.0093e+07
0.479 9.6155e+07 2.0071e+07
0.48 8.9059e+07 2.005e+07
0.481 5.2999e+07 2.0029e+07
0.482 7.1655e+07 2.0008e+07
0.483 7.8717e+07 1.9987e+07
0.484 7.1087e+07 1.9966e+07
0.485 7.5551e+07 1.9945e+07
0.486 8.8863e+07 1.9924e+07
0.487 5.6514e+07 1.9903e+07
0.488 7.2203e+07 1.9882e+07
0.489 8.1557e+07 1.9862e+07
0.49 7.3716e+07 1.9841e+07
0.491 6.5128e+07 1.9821e+07
0.492 5.935e+07 1.98e+07
0.493 8.2274e+07 1.978e+07
0.494 9.9189e+07 1.9759e+07
0.495 9.1771e+07 1.9739e+07
0.496 6.601e+07 1.9719e+07
0.497 4.5057e+07 1.9699e+07
0.498 7.3352e+07 1.9679e+07
0.499 6.4795e+07 1.9659e+07
0.5 6.97e+07 1.9639e+07
