0.001 1.7614e+10 9.0522e+08
0.002 1.7847e+10 6.3997e+08
0.003 1.6687e+10 5.2237e+08
0.004 1.82e+10 4.5219e+08
0.005 1.711e+10 4.0423e+08
0.006 1.6935e+10 3.6877e+08
0.007 1.6361e+10 3.4114e+08
0.008 1.7247e+10 3.1882e+08
0.009 1.6838e+10 3.0027e+08
0.01 1.756e+10 2.8454e+08
0.011 1.6698e+10 2.7095e+08
0.012 1.6801e+10 2.5905e+08
0.013 1.6691e+10 2.4851e+08
0.014 1.6709e+10 2.3908e+08
0.015 1.6768e+10 2.3057e+08
0.016 1.6751e+10 2.2283e+08
0.017 1.6744e+10 2.1575e+08
0.018 1.6503e+10 2.0923e+08
0.019 1.657e+10 2.0319e+08
0.02 1.5995e+10 1.9759e+08
0.021 1.6359e+10 1.9235e+08
0.022 1.6216e+10 1.8744e+08
0.023 1.5867e+10 1.8283e+08
0.024 1.603e+10 1.7848e+08
0.025 1.5862e+10 1.7436e+08
0.026 1.5741e+10 1.7046e+08
0.027 1.5231e+10 1.6675e+08
0.028 1.5365e+10 1.6321e+08
0.029 1.541e+10 1.5984e+08
0.03 1.5405e+10 1.566e+08
0.031 1.4758e+10 1.5351e+08
0.032 1.4635e+10 1.5053e+08
0.033 1.4779e+10 1.4767e+08
0.034 1.4397e+10 1.4492e+08
0.035 1.443e+10 1.4226e+08
0.036 1.4047e+10 1.3969e+08
0.037 1.3904e+10 1.3721e+08
0.038 1.3882e+10 1.3481e+08
0.039 1.3949e+10 1.3249e+08
0.04 1.381e+10 1.3023e+08
0.041 1.3189e+10 1.2804e+08
0.042 1.3099e+10 1.2591e+08
0.043 1.2976e+10 1.2384e+08
0.044 1.2914e+10 1.2183e+08
0.045 1.287e+10 1.1987e+08
0.046 1.2515e+10 1.1796e+08
0.047 1.2153e+10 1.1609e+08
0.048 1.2227e+10 1.1428e+08
0.049 1.2044e+10 1.125e+08
0.05 1.1896e+10 1.1077e+08
0.051 1.1518e+10 1.0908e+08
0.052 1.1454e+10 1.0742e+08
0.053 1.1329e+10 1.058e+08
0.054 1.0978e+10 1.0422e+08
0.055 1.1045e+10 1.0267e+08
0.056 1.0812e+10 1.0115e+08
0.057 1.06e+10 9.9663e+07
0.058 1.0396e+10 9.8207e+07
0.059 1.0429e+10 9.6781e+07
0.06 1.0186e+10 9.5383e+07
0.061 9.9667e+09 9.4013e+07
0.062 9.7872e+09 9.2669e+07
0.063 9.5803e+09 9.1351e+07
0.064 9.505e+09 9.0059e+07
0.065 9.3109e+09 8.8792e+07
0.066 8.9251e+09 8.7548e+07
0.067 8.7463e+09 8.6328e+07
0.068 8.7804e+09 8.5131e+07
0.069 8.5023e+09 8.3956e+07
0.07 8.5265e+09 8.2803e+07
0.071 8.2423e+09 8.1671e+07
0.072 7.968e+09 8.0561e+07
0.073 7.8915e+09 7.9471e+07
0.074 7.5562e+09 7.8401e+07
0.075 7.4975e+09 7.735e+07
0.076 7.4059e+09 7.632e+07
0.077 7.2546e+09 7.5308e+07
0.078 7.1305e+09 7.4315e+07
0.079 6.7803e+09 7.334e+07
0.08 6.8551e+09 7.2384e+07
0.081 6.7372e+09 7.1445e+07
0.082 6.4765e+09 7.0524e+07
0.083 6.3436e+09 6.962e+07
0.084 6.2689e+09 6.8733e+07
0.085 6.1699e+09 6.7863e+07
0.086 6.0328e+09 6.7009e+07
0.087 5.8271e+09 6.6172e+07
0.088 5.6895e+09 6.535e+07
0.089 5.401e+09 6.4545e+07
0.09 5.3929e+09 6.3755e+07
0.091 5.2749e+09 6.298e+07
0.092 5.114e+09 6.222e+07
0.093 5.0974e+09 6.1475e+07
0.094 4.9465e+09 6.0745e+07
0.095 4.8024e+09 6.0029e+07
0.096 4.7444e+09 5.9327e+07
0.097 4.5356e+09 5.864e+07
0.098 4.5321e+09 5.7966e+07
0.099 4.2812e+09 5.7306e+07
0.1 4.1952e+09 5.6659e+07
0.101 4.1982e+09 5.6025e+07
0.102 4.1472e+09 5.5405e+07
0.103 3.9066e+09 5.4797e+07
0.104 3.7905e+09 5.4202e+07
0.105 3.7308e+09 5.3619e+07
0.106 3.608e+09 5.3049e+07
0.107 3.5244e+09 5.249e+07
0.108 3.468e+09 5.1943e+07
0.109 3.4046e+09 5.1408e+07
0.11 3.2988e+09 5.0884e+07
0.111 3.1492e+09 5.0371e+07
0.112 3.008e+09 4.9869e+07
0.113 3.0259e+09 4.9378e+07
0.114 2.9423e+09 4.8898e+07
0.115 2.934e+09 4.8428e+07
0.116 2.84e+09 4.7968e+07
0.117 2.76e+09 4.7518e+07
0.118 2.5844e+09 4.7078e+07
0.119 2.6046e+09 4.6647e+07
0.12 2.5589e+09 4.6226e+07
0.121 2.4968e+09 4.5814e+07
0.122 2.4242e+09 4.541e+07
0.123 2.4173e+09 4.5016e+07
0.124 2.3311e+09 4.463e+07
0.125 2.2207e+09 4.4252e+07
0.126 2.2444e+09 4.3883e+07
0.127 2.2e+09 4.3522e+07
0.128 2.0877e+09 4.3168e+07
0.129 2.068e+09 4.2822e+07
0.13 1.9296e+09 4.2484e+07
0.131 1.9394e+09 4.2152e+07
0.132 1.9626e+09 4.1828e+07
0.133 1.838e+09 4.151e+07
0.134 1.7701e+09 4.12e+07
0.135 1.6932e+09 4.0896e+07
0.136 1.6625e+09 4.0598e+07
0.137 1.6374e+09 4.0306e+07
0.138 1.6972e+09 4.002e+07
0.139 1.6549e+09 3.9741e+07
0.14 1.5357e+09 3.9466e+07
0.141 1.461e+09 3.9198e+07
0.142 1.5163e+09 3.8935e+07
0.143 1.4312e+09 3.8677e+07
0.144 1.3527e+09 3.8424e+07
0.145 1.4309e+09 3.8176e+07
0.146 1.3892e+09 3.7933e+07
0.147 1.2964e+09 3.7695e+07
0.148 1.245e+09 3.7461e+07
0.149 1.2686e+09 3.7231e+07
0.15 1.2765e+09 3.7006e+07
0.151 1.1817e+09 3.6785e+07
0.152 1.1446e+09 3.6568e+07
0.153 1.1971e+09 3.6355e+07
0.154 1.0328e+09 3.6146e+07
0.155 1.0484e+09 3.5941e+07
0.156 1.0444e+09 3.5739e+07
0.157 1.1424e+09 3.5541e+07
0.158 1.007e+09 3.5346e+07
0.159 9.8646e+08 3.5154e+07
0.16 9.6983e+08 3.4966e+07
0.161 9.735e+08 3.4781e+07
0.162 9.4249e+08 3.4598e+07
0.163 9.0842e+08 3.4419e+07
0.164 9.3848e+08 3.4243e+07
0.165 8.2573e+08 3.407e+07
0.166 8.6636e+08 3.3899e+07
0.167 8.546e+08 3.3731e+07
0.168 7.4747e+08 3.3566e+07
0.169 8.0638e+08 3.3403e+07
0.17 7.5746e+08 3.3243e+07
0.171 7.5209e+08 3.3085e+07
0.172 7.0222e+08 3.293e+07
0.173 7.7065e+08 3.2777e+07
0.174 7.5736e+08 3.2626e+07
0.175 6.8961e+08 3.2477e+07
0.176 6.9265e+08 3.2331e+07
0.177 5.8751e+08 3.2187e+07
0.178 6.1935e+08 3.2044e+07
0.179 5.9813e+08 3.1904e+07
0.18 5.986e+08 3.1766e+07
0.181 6.2302e+08 3.163e+07
0.182 5.8272e+08 3.1496e+07
0.183 5.3873e+08 3.1363e+07
0.184 5.1105e+08 3.1233e+07
0.185 5.6665e+08 3.1104e+07
0.186 5.0527e+08 3.0977e+07
0.187 5.4727e+08 3.0852e+07
0.188 4.783e+08 3.0729e+07
0.189 4.6905e+08 3.0607e+07
0.19 4.6677e+08 3.0487e+07
0.191 4.8551e+08 3.0369e+07
0.192 4.3837e+08 3.0252e+07
0.193 4.5818e+08 3.0137e+07
0.194 4.5596e+08 3.0023e+07
0.195 4.2161e+08 2.9911e+07
0.196 4.2484e+08 2.9801e+07
0.197 3.6163e+08 2.9692e+07
0.198 3.9972e+08 2.9584e+07
0.199 3.4661e+08 2.9478e+07
0.2 3.4646e+08 2.9373e+07
0.201 3.8293e+08 2.927e+07
0.202 3.2723e+08 2.9168e+07
0.203 3.4235e+08 2.9068e+07
0.204 3.6302e+08 2.8969e+07
0.205 3.0217e+08 2.8871e+07
0.206 2.5298e+08 2.8774e+07
0.207 3.1798e+08 2.8679e+07
0.208 2.8618e+08 2.8585e+07
0.209 3.0584e+08 2.8492e+07
0.21 2.9776e+08 2.84e+07
0.211 2.7677e+08 2.831e+07
0.212 2.7e+08 2.8221e+07
0.213 2.7189e+08 2.8133e+07
0.214 2.69e+08 2.8046e+07
0.215 2.0865e+08 2.796e+07
0.216 2.3576e+08 2.7875e+07
0.217 2.0893e+08 2.7792e+07
0.218 2.5891e+08 2.7709e+07
0.219 1.6712e+08 2.7628e+07
0.22 2.3087e+08 2.7547e+07
0.221 1.6796e+08 2.7468e+07
0.222 2.1551e+08 2.739e+07
0.223 2.0234e+08 2.7312e+07
0.224 1.6516e+08 2.7236e+07
0.225 1.9676e+08 2.716e+07
0.226 2.0454e+08 2.7085e+07
0.227 1.8758e+08 2.7012e+07
0.228 1.6085e+08 2.6939e+07
0.229 1.6846e+08 2.6867e+07
0.23 1.5317e+08 2.6796e+07
0.231 1.6921e+08 2.6726e+07
0.232 1.4883e+08 2.6656e+07
0.233 1.6889e+08 2.6588e+07
0.234 1.8062e+08 2.652e+07
0.235 1.7984e+08 2.6453e+07
0.236 1.4728e+08 2.6386e+07
0.237 1.4783e+08 2.6321e+07
0.238 1.6674e+08 2.6256e+07
0.239 1.1203e+08 2.6192e+07
0.24 1.163e+08 2.6128e+07
0.241 1.2251e+08 2.6065e+07
0.242 1.5352e+08 2.6003e+07
0.243 1.3889e+08 2.5942e+07
0.244 9.2998e+07 2.5881e+07
0.245 9.4281e+07 2.5821e+07
0.246 1.0604e+08 2.5761e+07
0.247 8.4545e+07 2.5703e+07
0.248 1.0945e+08 2.5644e+07
0.249 1.1065e+08 2.5586e+07
0.25 1.211e+08 2.5529e+07
0.251 1.1643e+08 2.5473e+07
0.252 1.1979e+08 2.5416e+07
0.253 1.3441e+08 2.5361e+07
0.254 6.3388e+07 2.5306e+07
0.255 9.5256e+07 2.5251e+07
0.256 9.7681e+07 2.5197e+07
0.257 8.6467e+07 2.5144e+07
0.258 1.1477e+08 2.5091e+07
0.259 9.5235e+07 2.5038e+07
0.26 5.5428e+07 2.4986e+07
0.261 1.1022e+08 2.4934e+07
0.262 8.7321e+07 2.4883e+07
0.263 9.1213e+07 2.4832e+07
0.264 6.7172e+07 2.4782e+07
0.265 9.0703e+07 2.4732e+07
0.266 6.8424e+07 2.4682e+07
0.267 9.8944e+07 2.4633e+07
0.268 8.6254e+07 2.4584e+07
0.269 1.3163e+08 2.4536e+07
0.27 1.0675e+08 2.4488e+07
0.271 1.1868e+08 2.444e+07
0.272 1.2306e+08 2.4393e+07
0.273 9.084e+07 2.4346e+07
0.274 6.7381e+07 2.43e+07
0.275 1.6708e+07 2.4254e+07
0.276 9.1487e+07 2.4208e+07
0.277 6.0806e+07 2.4162e+07
0.278 5.642e+07 2.4117e+07
0.279 3.8635e+07 2.4072e+07
0.28 8.991e+07 2.4028e+07
0.281 9.7806e+07 2.3984e+07
0.282 1.1719e+08 2.394e+07
0.283 5.8009e+07 2.3897e+07
0.284 5.806e+07 2.3853e+07
0.285 5.7727e+07 2.3811e+07
0.286 9.6889e+07 2.3768e+07
0.287 5.7356e+07 2.3726e+07
0.288 3.4018e+07 2.3684e+07
0.289 8.599e+07 2.3642e+07
0.29 3.8778e+07 2.3601e+07
0.291 6.5927e+07 2.356e+07
0.292 5.4149e+07 2.3519e+07
0.293 7.246e+07 2.3478e+07
0.294 4.9302e+07 2.3438e+07
0.295 9.7766e+07 2.3398e+07
0.296 1.0015e+08 2.3358e+07
0.297 1.1056e+08 2.3319e+07
0.298 6.777e+07 2.3279e+07
0.299 8.2434e+07 2.324e+07
0.3 7.1145e+07 2.3202e+07
0.301 5.3266e+07 2.3163e+07
0.302 9.1054e+07 2.3125e+07
0.303 5.1497e+07 2.3087e+07
0.304 6.1919e+07 2.3049e+07
0.305 8.2693e+07 2.3012e+07
0.306 8.8374e+07 2.2974e+07
0.307 8.5327e+07 2.2937e+07
0.308 7.0236e+07 2.29e+07
0.309 8.5638e+07 2.2864e+07
0.31 1.043e+08 2.2827e+07
0.311 1.0146e+08 2.2791e+07
0.312 9.6517e+07 2.2755e+07
0.313 5.9426e+07 2.2719e+07
0.314 8.8599e+07 2.2684e+07
0.315 5.1151e+07 2.2648e+07
0.316 6.7296e+07 2.2613e+07
0.317 9.1013e+07 2.2578e+07
0.318 5.8457e+07 2.2543e+07
0.319 9.193e+07 2.2509e+07
0.32 3.6057e+07 2.2474e+07
0.321 6.6682e+07 2.244e+07
0.322 6.1924e+07 2.2406e+07
0.323 5.6995e+07 2.2372e+07
0.324 8.5233e+07 2.2338e+07
0.325 9.7748e+07 2.2305e+07
0.326 8.7819e+07 2.2271e+07
0.327 9.1632e+07 2.2238e+07
0.328 7.1873e+07 2.2205e+07
0.329 7.7553e+07 2.2172e+07
0.33 7.3706e+07 2.2139e+07
0.331 8.1083e+07 2.2107e+07
0.332 9.1154e+07 2.2074e+07
0.333 1.0393e+08 2.2042e+07
0.334 1.0781e+08 2.201e+07
0.335 9.8131e+07 2.1978e+07
0.336 7.8983e+07 2.1946e+07
0.337 3.1899e+07 2.1914e+07
0.338 4.7002e+07 2.1882e+07
0.339 4.3439e+07 2.1851e+07
0.34 8.2955e+07 2.1819e+07
0.341 7.815e+07 2.1788e+07
0.342 8.4762e+07 2.1757e+07
0.343 8.6185e+07 2.1726e+07
0.344 8.3883e+07 2.1695e+07
0.345 5.9189e+07 2.1664e+07
0.346 1.0005e+08 2.1634e+07
0.347 8.7609e+07 2.1603e+07
0.348 8.8024e+07 2.1573e+07
0.349 5.5595e+07 2.1542e+07
0.35 1.111e+08 2.1512e+07
0.351 7.9957e+07 2.1482e+07
0.352 9.3656e+07 2.1452e+07
0.353 1.0686e+08 2.1422e+07
0.354 9.0035e+07 2.1392e+07
0.355 7.0982e+07 2.1362e+07
0.356 9.2268e+07 2.1333e+07
0.357 1.0128e+08 2.1303e+07
0.358 1.078e+08 2.1274e+07
0.359 1.3457e+08 2.1245e+07
0.36 9.9845e+07 2.1215e+07
0.361 7.0293e+07 2.1186e+07
0.362 8.6149e+07 2.1157e+07
0.363 7.0777e+07 2.1128e+07
0.364 9.4726e+07 2.1099e+07
0.365 5.4046e+07 2.107e+07
0.366 7.1247e+07 2.1042e+07
0.367 1.27e+08 2.1013e+07
0.368 7.0798e+07 2.0985e+07
0.369 9.3091e+07 2.0956e+07
0.37 1.0877e+08 2.0928e+07
0.371 5.45e+07 2.09e+07
0.372 8.5868e+07 2.0871e+07
0.373 7.2187e+07 2.0843e+07
0.374 1.0196e+08 2.0815e+07
0.375 9.2883e+07 2.0787e+07
0.376 6.8121e+07 2.0759e+07
0.377 9.3801e+07 2.0732e+07
0.378 5.336e+07 2.0704e+07
0.379 6.6437e+07 2.0676e+07
0.38 1.0515e+08 2.0649e+07
0.381 1e+08 2.0621e+07
0.382 1.0196e+08 2.0594e+07
0.383 1.0728e+08 2.0567e+07
0.384 8.5945e+07 2.054e+07
0.385 7.2334e+07 2.0513e+07
0.386 1.0008e+08 2.0486e+07
0.387 8.4625e+07 2.0459e+07
0.388 8.6389e+07 2.0432e+07
0.389 1.1715e+08 2.0405e+07
0.39 9.2122e+07 2.0378e+07
0.391 1.1636e+08 2.0352e+07
0.392 8.8877e+07 2.0325e+07
0.393 8.7819e+07 2.0299e+07
0.394 8.0084e+07 2.0273e+07
0.395 9.3653e+07 2.0246e+07
0.396 5.895e+07 2.022e+07
0.397 6.7621e+07 2.0194e+07
0.398 7.7464e+07 2.0168e+07
0.399 1.0008e+08 2.0142e+07
0.4 1.0964e+08 2.0116e+07
0.401 1.0946e+08 2.0091e+07
0.402 8.9912e+07 2.0065e+07
0.403 1.0265e+08 2.004e+07
0.404 6.7702e+07 2.0014e+07
0.405 7.9902e+07 1.9989e+07
0.406 6.0144e+07 1.9963e+07
0.407 1.1661e+08 1.9938e+07
0.408 3.9032e+07 1.9913e+07
0.409 7.7236e+07 1.9888e+07
0.41 6.2089e+07 1.9863e+07
0.411 6.0923e+07 1.9838e+07
0.412 5.5299e+07 1.9814e+07
0.413 9.4268e+07 1.9789e+07
0.414 1.1468e+08 1.9764e+07
0.415 8.6674e+07 1.974e+07
0.416 8.508e+07 1.9715e+07
0.417 9.4105e+07 1.9691e+07
0.418 1.1561e+08 1.9667e+07
0.419 9.8477e+07 1.9643e+07
0.42 8.9538e+07 1.9619e+07
0.421 7.3762e+07 1.9595e+07
0.422 5.6845e+07 1.9571e+07
0.423 6.7071e+07 1.9547e+07
0.424 8.0092e+07 1.9523e+07
0.425 7.4905e+07 1.95e+07
0.426 7.1342e+07 1.9476e+07
0.427 7.219e+07 1.9453e+07
0.428 1.3298e+08 1.9429e+07
0.429 2.3545e+07 1.9406e+07
0.43 8.3036e+07 1.9383e+07
0.431 6.6343e+07 1.936e+07
0.432 6.7613e+07 1.9337e+07
0.433 7.4777e+07 1.9314e+07
0.434 8.3612e+07 1.9291e+07
0.435 9.5748e+07 1.9268e+07
0.436 1.0688e+08 1.9246e+07
0.437 7.4043e+07 1.9223e+07
0.438 6.0235e+07 1.92e+07
0.439 5.2078e+07 1.9178e+07
0.44 7.7251e+07 1.9156e+07
0.441 7.0016e+07 1.9133e+07
0.442 7.8556e+07 1.9111e+07
0.443 6.8937e+07 1.9089e+07
0.444 5.9995e+07 1.9067e+07
0.445 7.4042e+07 1.9045e+07
0.446 5.6671e+07 1.9023e+07
0.447 3.0857e+07 1.9002e+07
0.448 7.9061e+07 1.898e+07
0.449 9.4373e+07 1.8958e+07
0.45 7.2594e+07 1.8937e+07
0.451 8.3721e+07 1.8915e+07
0.452 5.7532e+07 1.8894e+07
0.453 7.1333e+07 1.8872e+07
0.454 8.4598e+07 1.8851e+07
0.455 1.038e+08 1.883e+07
0.456 8.1808e+07 1.8809e+07
0.457 2.9648e+07 1.8788e+07
0.458 8.2644e+07 1.8767e+07
0.459 6.6399e+07 1.8746e+07
0.46 8.1825e+07 1.8725e+07
0.461 7.2121e+07 1.8705e+07
0.462 7.6689e+07 1.8684e+07
0.463 1.1938e+08 1.8663e+07
0.464 7.6284e+07 1.8643e+07
0.465 1.9123e+07 1.8622e+07
0.466 9.0388e+07 1.8602e+07
0.467 9.0784e+07 1.8582e+07
0.468 6.4575e+07 1.8561e+07
0.469 6.3001e+07 1.8541e+07
0.47 6.7727e+07 1.8521e+07
0.471 6.8375e+07 1.8501e+07
0.472 8.5679e+07 1.8481e+07
0.473 7.7947e+07 1.8461e+07
0.474 4.4128e+07 1.8442e+07
0.475 5.7479e+07 1.8422e+07
0.476 8.8331e+07 1.8402e+07
0.477 7.9725e+07 1.8382e+07
0.478 9.3007e+07 1.8363e+07
0.479 7.8916e+07 1.8343e+07
0.48 9.444e+07 1.8324e+07
0.481 4.9095e+07 1.8305e+07
0.482 6.7323e+07 1.8285e+07
0.483 5.3145e+07 1.8266e+07
0.484 4.6206e+07 1.8247e+07
0.485 8.9225e+07 1.8228e+07
0.486 8.5753e+07 1.8209e+07
0.487 6.0525e+07 1.819e+07
0.488 7.7281e+07 1.8171e+07
0.489 1.0636e+08 1.8152e+07
0.49 8.3677e+07 1.8133e+07
0.491 4.3816e+07 1.8115e+07
0.492 4.1674e+07 1.8096e+07
0.493 1.0421e+08 1.8078e+07
0.494 6.5524e+07 1.8059e+07
0.495 3.5821e+07 1.8041e+07
0.496 6.6936e+07 1.8022e+07
0.497 6.8526e+07 1.8004e+07
0.498 5.2744e+07 1.7986e+07
0.499 2.2246e+07 1.7967e+07
0.5 6.135e+07 1.7949e+07
