0.001 1.7044e+10 9.1188e+08
0.002 1.7243e+10 6.4468e+08
0.003 1.714e+10 5.2622e+08
0.004 1.7042e+10 4.5553e+08
0.005 1.7308e+10 4.0721e+08
0.006 1.6886e+10 3.7149e+08
0.007 1.718e+10 3.4366e+08
0.008 1.7428e+10 3.2117e+08
0.009 1.6879e+10 3.0249e+08
0.01 1.7589e+10 2.8664e+08
0.011 1.6855e+10 2.7296e+08
0.012 1.7439e+10 2.6097e+08
0.013 1.7048e+10 2.5036e+08
0.014 1.6704e+10 2.4086e+08
0.015 1.616e+10 2.3229e+08
0.016 1.6745e+10 2.2449e+08
0.017 1.6547e+10 2.1736e+08
0.018 1.6637e+10 2.108e+08
0.019 1.6749e+10 2.0472e+08
0.02 1.6153e+10 1.9907e+08
0.021 1.6403e+10 1.938e+08
0.022 1.594e+10 1.8886e+08
0.023 1.6107e+10 1.8422e+08
0.024 1.5736e+10 1.7984e+08
0.025 1.5502e+10 1.7569e+08
0.026 1.5274e+10 1.7176e+08
0.027 1.5397e+10 1.6803e+08
0.028 1.5631e+10 1.6447e+08
0.029 1.5334e+10 1.6107e+08
0.03 1.5148e+10 1.5782e+08
0.031 1.5094e+10 1.547e+08
0.032 1.4966e+10 1.517e+08
0.033 1.467e+10 1.4883e+08
0.034 1.447e+10 1.4605e+08
0.035 1.4469e+10 1.4338e+08
0.036 1.438e+10 1.408e+08
0.037 1.4119e+10 1.383e+08
0.038 1.3922e+10 1.3589e+08
0.039 1.3957e+10 1.3355e+08
0.04 1.3927e+10 1.3128e+08
0.041 1.3882e+10 1.2907e+08
0.042 1.3453e+10 1.2693e+08
0.043 1.3312e+10 1.2485e+08
0.044 1.2921e+10 1.2283e+08
0.045 1.2972e+10 1.2085e+08
0.046 1.2794e+10 1.1893e+08
0.047 1.2541e+10 1.1706e+08
0.048 1.2419e+10 1.1523e+08
0.049 1.2044e+10 1.1345e+08
0.05 1.1951e+10 1.117e+08
0.051 1.1737e+10 1.1e+08
0.052 1.1737e+10 1.0834e+08
0.053 1.1293e+10 1.0671e+08
0.054 1.1117e+10 1.0512e+08
0.055 1.1126e+10 1.0356e+08
0.056 1.0961e+10 1.0203e+08
0.057 1.0792e+10 1.0054e+08
0.058 1.0589e+10 9.9074e+07
0.059 1.0477e+10 9.764e+07
0.06 1.0139e+10 9.6235e+07
0.061 9.9324e+09 9.4857e+07
0.062 9.7649e+09 9.3507e+07
0.063 9.563e+09 9.2182e+07
0.064 9.4708e+09 9.0884e+07
0.065 9.3406e+09 8.961e+07
0.066 9.1192e+09 8.836e+07
0.067 9.0883e+09 8.7134e+07
0.068 8.9662e+09 8.593e+07
0.069 8.6405e+09 8.475e+07
0.07 8.6184e+09 8.3591e+07
0.071 8.3012e+09 8.2454e+07
0.072 8.1608e+09 8.1338e+07
0.073 8.072e+09 8.0242e+07
0.074 7.7313e+09 7.9167e+07
0.075 7.6137e+09 7.8112e+07
0.076 7.5046e+09 7.7076e+07
0.077 7.2821e+09 7.6059e+07
0.078 7.1702e+09 7.5062e+07
0.079 7.0208e+09 7.4082e+07
0.08 6.7747e+09 7.3121e+07
0.081 6.712e+09 7.2178e+07
0.082 6.7001e+09 7.1252e+07
0.083 6.4394e+09 7.0344e+07
0.084 6.2833e+09 6.9453e+07
0.085 6.0452e+09 6.8578e+07
0.086 5.8944e+09 6.772e+07
0.087 5.8205e+09 6.6879e+07
0.088 5.7813e+09 6.6053e+07
0.089 5.5687e+09 6.5244e+07
0.09 5.4538e+09 6.4449e+07
0.091 5.3651e+09 6.3671e+07
0.092 5.2764e+09 6.2907e+07
0.093 5.0585e+09 6.2158e+07
0.094 4.9801e+09 6.1424e+07
0.095 4.8786e+09 6.0705e+07
0.096 4.7104e+09 5.9999e+07
0.097 4.5912e+09 5.9308e+07
0.098 4.521e+09 5.8631e+07
0.099 4.3536e+09 5.7967e+07
0.1 4.2647e+09 5.7317e+07
0.101 4.2155e+09 5.668e+07
0.102 4.0669e+09 5.6056e+07
0.103 3.9685e+09 5.5445e+07
0.104 3.8944e+09 5.4846e+07
0.105 3.8727e+09 5.426e+07
0.106 3.6579e+09 5.3686e+07
0.107 3.6191e+09 5.3124e+07
0.108 3.5311e+09 5.2574e+07
0.109 3.3714e+09 5.2036e+07
0.11 3.3549e+09 5.1508e+07
0.111 3.2613e+09 5.0992e+07
0.112 3.1682e+09 5.0487e+07
0.113 3.0827e+09 4.9993e+07
0.114 2.964e+09 4.951e+07
0.115 2.9245e+09 4.9036e+07
0.116 2.8809e+09 4.8573e+07
0.117 2.8551e+09 4.812e+07
0.118 2.7104e+09 4.7677e+07
0.119 2.6451e+09 4.7243e+07
0.12 2.5893e+09 4.6819e+07
0.121 2.6163e+09 4.6403e+07
0.122 2.3685e+09 4.5997e+07
0.123 2.3806e+09 4.56e+07
0.124 2.2705e+09 4.5211e+07
0.125 2.2415e+09 4.483e+07
0.126 2.2599e+09 4.4458e+07
0.127 2.1706e+09 4.4093e+07
0.128 2.1346e+09 4.3737e+07
0.129 2.1596e+09 4.3388e+07
0.13 2.0134e+09 4.3046e+07
0.131 1.9722e+09 4.2712e+07
0.132 1.9411e+09 4.2385e+07
0.133 1.8885e+09 4.2064e+07
0.134 1.7942e+09 4.1751e+07
0.135 1.8308e+09 4.1443e+07
0.136 1.7592e+09 4.1143e+07
0.137 1.6935e+09 4.0848e+07
0.138 1.5924e+09 4.056e+07
0.139 1.6503e+09 4.0277e+07
0.14 1.4844e+09 4e+07
0.141 1.4979e+09 3.9729e+07
0.142 1.527e+09 3.9463e+07
0.143 1.4557e+09 3.9202e+07
0.144 1.3876e+09 3.8946e+07
0.145 1.3989e+09 3.8696e+07
0.146 1.3663e+09 3.845e+07
0.147 1.3901e+09 3.8209e+07
0.148 1.3114e+09 3.7972e+07
0.149 1.3361e+09 3.774e+07
0.15 1.268e+09 3.7512e+07
0.151 1.2634e+09 3.7289e+07
0.152 1.1934e+09 3.7069e+07
0.153 1.1515e+09 3.6854e+07
0.154 1.1033e+09 3.6642e+07
0.155 1.1176e+09 3.6434e+07
0.156 1.0696e+09 3.6229e+07
0.157 1.0609e+09 3.6029e+07
0.158 1.0698e+09 3.5831e+07
0.159 1.0161e+09 3.5637e+07
0.16 9.2699e+08 3.5446e+07
0.161 1.0083e+09 3.5259e+07
0.162 9.7511e+08 3.5074e+07
0.163 9.3529e+08 3.4893e+07
0.164 9.008e+08 3.4714e+07
0.165 9.1784e+08 3.4538e+07
0.166 8.3049e+08 3.4366e+07
0.167 8.5544e+08 3.4195e+07
0.168 8.2105e+08 3.4028e+07
0.169 7.5717e+08 3.3863e+07
0.17 7.7195e+08 3.37e+07
0.171 8.3047e+08 3.354e+07
0.172 7.1001e+08 3.3383e+07
0.173 6.7528e+08 3.3227e+07
0.174 6.8258e+08 3.3074e+07
0.175 6.8776e+08 3.2924e+07
0.176 6.2641e+08 3.2775e+07
0.177 6.4676e+08 3.2629e+07
0.178 6.6081e+08 3.2485e+07
0.179 6.5027e+08 3.2343e+07
0.18 6.3745e+08 3.2203e+07
0.181 6.3624e+08 3.2064e+07
0.182 5.881e+08 3.1928e+07
0.183 6.072e+08 3.1794e+07
0.184 5.6358e+08 3.1662e+07
0.185 5.6329e+08 3.1531e+07
0.186 5.0457e+08 3.1402e+07
0.187 4.9222e+08 3.1275e+07
0.188 4.6646e+08 3.115e+07
0.189 4.1991e+08 3.1027e+07
0.19 4.4653e+08 3.0905e+07
0.191 4.903e+08 3.0785e+07
0.192 4.2701e+08 3.0666e+07
0.193 4.0286e+08 3.055e+07
0.194 4.5645e+08 3.0434e+07
0.195 4.6279e+08 3.0321e+07
0.196 3.8224e+08 3.0209e+07
0.197 4.4247e+08 3.0098e+07
0.198 4.3188e+08 2.9989e+07
0.199 3.9405e+08 2.9881e+07
0.2 3.7509e+08 2.9775e+07
0.201 3.4463e+08 2.967e+07
0.202 3.6686e+08 2.9567e+07
0.203 3.129e+08 2.9465e+07
0.204 3.176e+08 2.9364e+07
0.205 3.1939e+08 2.9265e+07
0.206 3.5963e+08 2.9167e+07
0.207 2.8908e+08 2.907e+07
0.208 2.86e+08 2.8975e+07
0.209 2.7828e+08 2.888e+07
0.21 2.7401e+08 2.8787e+07
0.211 2.9009e+08 2.8696e+07
0.212 2.3033e+08 2.8605e+07
0.213 2.4226e+08 2.8516e+07
0.214 2.9015e+08 2.8428e+07
0.215 1.8426e+08 2.8341e+07
0.216 2.3157e+08 2.8255e+07
0.217 2.4414e+08 2.817e+07
0.218 2.9794e+08 2.8086e+07
0.219 2.3366e+08 2.8004e+07
0.22 2.8465e+08 2.7922e+07
0.221 2.8813e+08 2.7841e+07
0.222 2.1354e+08 2.7762e+07
0.223 1.982e+08 2.7683e+07
0.224 2.0344e+08 2.7606e+07
0.225 1.9861e+08 2.7529e+07
0.226 2.0528e+08 2.7453e+07
0.227 2.1171e+08 2.7378e+07
0.228 1.2582e+08 2.7304e+07
0.229 1.9137e+08 2.7231e+07
0.23 1.3564e+08 2.7159e+07
0.231 1.7259e+08 2.7088e+07
0.232 1.565e+08 2.7018e+07
0.233 1.7623e+08 2.6948e+07
0.234 1.9734e+08 2.6879e+07
0.235 1.5175e+08 2.6811e+07
0.236 1.5693e+08 2.6744e+07
0.237 1.6478e+08 2.6677e+07
0.238 1.2036e+08 2.6612e+07
0.239 1.6103e+08 2.6546e+07
0.24 1.084e+08 2.6482e+07
0.241 1.4558e+08 2.6418e+07
0.242 1.2783e+08 2.6356e+07
0.243 9.877e+07 2.6293e+07
0.244 8.0843e+07 2.6232e+07
0.245 1.547e+08 2.6171e+07
0.246 1.0888e+08 2.611e+07
0.247 1.2877e+08 2.605e+07
0.248 1.1312e+08 2.5991e+07
0.249 9.8725e+07 2.5933e+07
0.25 9.6179e+07 2.5875e+07
0.251 1.2867e+08 2.5817e+07
0.252 7.914e+07 2.576e+07
0.253 8.3352e+07 2.5704e+07
0.254 8.8402e+07 2.5648e+07
0.255 1.0889e+08 2.5593e+07
0.256 6.5076e+07 2.5538e+07
0.257 1.0583e+08 2.5484e+07
0.258 9.1095e+07 2.543e+07
0.259 1.2465e+08 2.5377e+07
0.26 8.6603e+07 2.5324e+07
0.261 8.3243e+07 2.5272e+07
0.262 9.3772e+07 2.522e+07
0.263 4.1975e+07 2.5168e+07
0.264 1.1076e+08 2.5117e+07
0.265 8.4536e+07 2.5066e+07
0.266 8.4131e+07 2.5016e+07
0.267 1.1137e+08 2.4966e+07
0.268 5.9778e+07 2.4917e+07
0.269 9.8993e+07 2.4868e+07
0.27 8.7567e+07 2.4819e+07
0.271 1.4083e+08 2.4771e+07
0.272 1.4598e+08 2.4723e+07
0.273 7.2497e+07 2.4676e+07
0.274 1.0877e+08 2.4629e+07
0.275 9.0837e+07 2.4582e+07
0.276 1.0789e+08 2.4536e+07
0.277 1.0371e+08 2.449e+07
0.278 7.7475e+07 2.4444e+07
0.279 9.4181e+07 2.4399e+07
0.28 8.1848e+07 2.4354e+07
0.281 9.3238e+07 2.4309e+07
0.282 8.4096e+07 2.4265e+07
0.283 8.9067e+07 2.4221e+07
0.284 5.0875e+07 2.4177e+07
0.285 7.7773e+07 2.4134e+07
0.286 7.5043e+07 2.409e+07
0.287 8.3743e+07 2.4048e+07
0.288 1.5093e+08 2.4005e+07
0.289 4.9891e+07 2.3963e+07
0.29 7.416e+07 2.3921e+07
0.291 7.7709e+07 2.3879e+07
0.292 3.6705e+07 2.3838e+07
0.293 7.6965e+07 2.3797e+07
0.294 6.0569e+07 2.3756e+07
0.295 9.5947e+07 2.3716e+07
0.296 6.8569e+07 2.3675e+07
0.297 5.0758e+07 2.3635e+07
0.298 7.6198e+07 2.3596e+07
0.299 1.0201e+08 2.3556e+07
0.3 5.9014e+07 2.3517e+07
0.301 9.8444e+07 2.3478e+07
0.302 8.5326e+07 2.3439e+07
0.303 7.0875e+07 2.3401e+07
0.304 5.2338e+07 2.3363e+07
0.305 9.083e+07 2.3325e+07
0.306 7.7268e+07 2.3287e+07
0.307 8.7351e+07 2.3249e+07
0.308 7.8764e+07 2.3212e+07
0.309 9.575e+07 2.3175e+07
0.31 8.1938e+07 2.3138e+07
0.311 7.3179e+07 2.3101e+07
0.312 6.8622e+07 2.3065e+07
0.313 5.8107e+07 2.3029e+07
0.314 7.6942e+07 2.2993e+07
0.315 9.7644e+07 2.2957e+07
0.316 5.6566e+07 2.2921e+07
0.317 8.1935e+07 2.2886e+07
0.318 1.0001e+08 2.285e+07
0.319 4.5949e+07 2.2815e+07
0.32 1.0075e+08 2.278e+07
0.321 1.1679e+08 2.2746e+07
0.322 1.1141e+08 2.2711e+07
0.323 9.9952e+07 2.2677e+07
0.324 6.5048e+07 2.2643e+07
0.325 7.5548e+07 2.2609e+07
0.326 7.9806e+07 2.2575e+07
0.327 1.0309e+08 2.2541e+07
0.328 1.0608e+08 2.2508e+07
0.329 9.7356e+07 2.2474e+07
0.33 9.9746e+07 2.2441e+07
0.331 6.306e+07 2.2408e+07
0.332 1.1269e+08 2.2375e+07
0.333 7.0548e+07 2.2342e+07
0.334 9.3279e+07 2.231e+07
0.335 8.5109e+07 2.2277e+07
0.336 7.59e+07 2.2245e+07
0.337 6.9771e+07 2.2213e+07
0.338 6.8778e+07 2.2181e+07
0.339 9.491e+07 2.2149e+07
0.34 5.1474e+07 2.2117e+07
0.341 9.187e+07 2.2085e+07
0.342 5.9642e+07 2.2054e+07
0.343 1.0152e+08 2.2022e+07
0.344 9.0262e+07 2.1991e+07
0.345 8.4219e+07 2.196e+07
0.346 1.2494e+08 2.1929e+07
0.347 1.1626e+08 2.1898e+07
0.348 1.131e+08 2.1867e+07
0.349 6.4163e+07 2.1836e+07
0.35 1.0197e+08 2.1806e+07
0.351 8.148e+07 2.1775e+07
0.352 1.0047e+08 2.1745e+07
0.353 8.1387e+07 2.1714e+07
0.354 1.4414e+08 2.1684e+07
0.355 8.4217e+07 2.1654e+07
0.356 1.1344e+08 2.1624e+07
0.357 1.3097e+08 2.1594e+07
0.358 6.684e+07 2.1564e+07
0.359 5.1051e+07 2.1535e+07
0.36 6.6314e+07 2.1505e+07
0.361 1.1148e+08 2.1475e+07
0.362 1.1215e+08 2.1446e+07
0.363 1.1243e+08 2.1417e+07
0.364 1.092e+08 2.1387e+07
0.365 1.1348e+08 2.1358e+07
0.366 4.4003e+07 2.1329e+07
0.367 1.0828e+08 2.13e+07
0.368 1.161e+08 2.1271e+07
0.369 1.0477e+08 2.1242e+07
0.37 7.3743e+07 2.1214e+07
0.371 1.2861e+08 2.1185e+07
0.372 1.2359e+08 2.1156e+07
0.373 1.001e+08 2.1128e+07
0.374 9.4395e+07 2.1099e+07
0.375 1.1987e+08 2.1071e+07
0.376 8.3504e+07 2.1043e+07
0.377 8.2425e+07 2.1015e+07
0.378 8.3492e+07 2.0987e+07
0.379 1.0864e+08 2.0959e+07
0.38 7.0366e+07 2.0931e+07
0.381 8.9301e+07 2.0903e+07
0.382 9.3944e+07 2.0875e+07
0.383 1.029e+08 2.0848e+07
0.384 7.5402e+07 2.082e+07
0.385 5.169e+07 2.0793e+07
0.386 6.1104e+07 2.0765e+07
0.387 1.1073e+08 2.0738e+07
0.388 1.0974e+08 2.0711e+07
0.389 8.3008e+07 2.0684e+07
0.39 9.7441e+07 2.0657e+07
0.391 7.402e+07 2.063e+07
0.392 5.9049e+07 2.0603e+07
0.393 1.0058e+08 2.0576e+07
0.394 1.1309e+08 2.0549e+07
0.395 6.7088e+07 2.0523e+07
0.396 4.5011e+07 2.0496e+07
0.397 6.2641e+07 2.047e+07
0.398 9.1637e+07 2.0444e+07
0.399 9.2954e+07 2.0417e+07
0.4 4.7075e+07 2.0391e+07
0.401 9.2417e+07 2.0365e+07
0.402 9.9548e+07 2.0339e+07
0.403 1.2414e+08 2.0313e+07
0.404 9.669e+07 2.0287e+07
0.405 1.1728e+08 2.0262e+07
0.406 4.6972e+07 2.0236e+07
0.407 6.892e+07 2.021e+07
0.408 8.3599e+07 2.0185e+07
0.409 8.464e+07 2.016e+07
0.41 5.7792e+07 2.0134e+07
0.411 8.8933e+07 2.0109e+07
0.412 9.1479e+07 2.0084e+07
0.413 3.6246e+07 2.0059e+07
0.414 6.6784e+07 2.0034e+07
0.415 7.068e+07 2.0009e+07
0.416 1.0298e+08 1.9985e+07
0.417 7.3266e+07 1.996e+07
0.418 5.7823e+07 1.9935e+07
0.419 8.1662e+07 1.9911e+07
0.42 9.2595e+07 1.9887e+07
0.421 3.8946e+07 1.9862e+07
0.422 5.5776e+07 1.9838e+07
0.423 6.7759e+07 1.9814e+07
0.424 9.439e+07 1.979e+07
0.425 5.078e+07 1.9766e+07
0.426 8.0101e+07 1.9742e+07
0.427 6.0968e+07 1.9718e+07
0.428 8.3516e+07 1.9695e+07
0.429 7.6161e+07 1.9671e+07
0.43 5.8457e+07 1.9648e+07
0.431 6.9877e+07 1.9624e+07
0.432 1.1634e+08 1.9601e+07
0.433 8.5849e+07 1.9577e+07
0.434 1.0215e+08 1.9554e+07
0.435 7.7672e+07 1.9531e+07
0.436 6.4831e+07 1.9508e+07
0.437 1.0249e+08 1.9485e+07
0.438 1.095e+08 1.9463e+07
0.439 1.0111e+08 1.944e+07
0.44 7.8155e+07 1.9417e+07
0.441 7.6716e+07 1.9395e+07
0.442 8.2074e+07 1.9372e+07
0.443 5.5641e+07 1.935e+07
0.444 5.4154e+07 1.9327e+07
0.445 7.5975e+07 1.9305e+07
0.446 8.7225e+07 1.9283e+07
0.447 8.2004e+07 1.9261e+07
0.448 8.1687e+07 1.9239e+07
0.449 8.2795e+07 1.9217e+07
0.45 7.0725e+07 1.9195e+07
0.451 7.0059e+07 1.9173e+07
0.452 7.553e+07 1.9151e+07
0.453 6.6174e+07 1.913e+07
0.454 5.3976e+07 1.9108e+07
0.455 7.3205e+07 1.9087e+07
0.456 9.3923e+07 1.9065e+07
0.457 5.7308e+07 1.9044e+07
0.458 7.0298e+07 1.9023e+07
0.459 7.7745e+07 1.9002e+07
0.46 9.5325e+07 1.8981e+07
0.461 9.1664e+07 1.896e+07
0.462 3.7324e+07 1.8939e+07
0.463 1.0082e+08 1.8918e+07
0.464 6.1529e+07 1.8897e+07
0.465 8.1034e+07 1.8876e+07
0.466 5.8823e+07 1.8856e+07
0.467 6.5195e+07 1.8835e+07
0.468 8.9789e+07 1.8814e+07
0.469 4.7912e+07 1.8794e+07
0.47 7.3945e+07 1.8774e+07
0.471 5.9457e+07 1.8753e+07
0.472 1.1052e+08 1.8733e+07
0.473 7.8593e+07 1.8713e+07
0.474 7.1713e+07 1.8693e+07
0.475 8.7189e+07 1.8673e+07
0.476 8.6115e+07 1.8653e+07
0.477 7.9855e+07 1.8633e+07
0.478 5.7818e+07 1.8613e+07
0.479 7.0575e+07 1.8593e+07
0.48 6.397e+07 1.8574e+07
0.481 2.7316e+07 1.8554e+07
0.482 6.227e+07 1.8535e+07
0.483 1.1038e+08 1.8515e+07
0.484 7.2372e+07 1.8496e+07
0.485 8.2809e+07 1.8476e+07
0.486 8.6896e+07 1.8457e+07
0.487 6.5489e+07 1.8438e+07
0.488 7.3576e+07 1.8419e+07
0.489 9.7839e+07 1.84e+07
0.49 6.1252e+07 1.8381e+07
0.491 4.2378e+07 1.8362e+07
0.492 3.7777e+07 1.8343e+07
0.493 6.5084e+07 1.8324e+07
0.494 6.4063e+07 1.8305e+07
0.495 8.6824e+07 1.8286e+07
0.496 5.5521e+07 1.8268e+07
0.497 6.2301e+07 1.8249e+07
0.498 6.0566e+07 1.8231e+07
0.499 6.6839e+07 1.8212e+07
0.5 5.4252e+07 1.8194e+07
