0.001 3.9195e+10 1.9479e+09
0.002 3.7362e+10 1.3772e+09
0.003 3.9315e+10 1.1242e+09
0.004 3.7003e+10 9.7319e+08
0.005 3.7314e+10 8.7003e+08
0.006 3.7332e+10 7.9376e+08
0.007 3.8484e+10 7.3437e+08
0.008 3.812e+10 6.8639e+08
0.009 3.6757e+10 6.4655e+08
0.01 3.7952e+10 6.1275e+08
0.011 3.7119e+10 5.8358e+08
0.012 3.648e+10 5.5806e+08
0.013 3.8534e+10 5.3545e+08
0.014 3.8512e+10 5.1523e+08
0.015 3.7089e+10 4.97e+08
0.016 3.7116e+10 4.8042e+08
0.017 3.64e+10 4.6526e+08
0.018 3.5935e+10 4.5132e+08
0.019 3.6182e+10 4.3842e+08
0.02 3.6268e+10 4.2644e+08
0.021 3.6666e+10 4.1526e+08
0.022 3.6562e+10 4.0479e+08
0.023 3.5754e+10 3.9495e+08
0.024 3.5391e+10 3.8568e+08
0.025 3.5387e+10 3.7691e+08
0.026 3.5392e+10 3.686e+08
0.027 3.442e+10 3.607e+08
0.028 3.4683e+10 3.5317e+08
0.029 3.454e+10 3.4599e+08
0.03 3.4643e+10 3.3912e+08
0.031 3.3968e+10 3.3254e+08
0.032 3.3383e+10 3.2622e+08
0.033 3.3046e+10 3.2015e+08
0.034 3.3559e+10 3.143e+08
0.035 3.3146e+10 3.0867e+08
0.036 3.2935e+10 3.0322e+08
0.037 3.2469e+10 2.9796e+08
0.038 3.1866e+10 2.9287e+08
0.039 3.1456e+10 2.8793e+08
0.04 3.1336e+10 2.8314e+08
0.041 3.0783e+10 2.785e+08
0.042 3.0193e+10 2.7398e+08
0.043 3.0024e+10 2.6959e+08
0.044 2.9755e+10 2.6531e+08
0.045 3.0179e+10 2.6115e+08
0.046 2.9277e+10 2.5709e+08
0.047 2.8594e+10 2.5312e+08
0.048 2.8519e+10 2.4926e+08
0.049 2.8488e+10 2.4548e+08
0.05 2.8476e+10 2.4178e+08
0.051 2.7774e+10 2.3817e+08
0.052 2.7584e+10 2.3464e+08
0.053 2.6778e+10 2.3118e+08
0.054 2.6633e+10 2.2779e+08
0.055 2.6101e+10 2.2447e+08
0.056 2.6186e+10 2.2121e+08
0.057 2.5642e+10 2.1802e+08
0.058 2.5238e+10 2.1489e+08
0.059 2.4766e+10 2.1182e+08
0.06 2.4509e+10 2.088e+08
0.061 2.4054e+10 2.0584e+08
0.062 2.3594e+10 2.0293e+08
0.063 2.3216e+10 2.0007e+08
0.064 2.2975e+10 1.9726e+08
0.065 2.2541e+10 1.945e+08
0.066 2.2244e+10 1.9178e+08
0.067 2.2332e+10 1.8911e+08
0.068 2.1408e+10 1.8648e+08
0.069 2.124e+10 1.839e+08
0.07 2.0505e+10 1.8136e+08
0.071 2.036e+10 1.7886e+08
0.072 1.98e+10 1.764e+08
0.073 2.0068e+10 1.7397e+08
0.074 1.9246e+10 1.7159e+08
0.075 1.9325e+10 1.6924e+08
0.076 1.8472e+10 1.6693e+08
0.077 1.8327e+10 1.6465e+08
0.078 1.8315e+10 1.6241e+08
0.079 1.7482e+10 1.602e+08
0.08 1.7246e+10 1.5803e+08
0.081 1.6863e+10 1.5589e+08
0.082 1.6614e+10 1.5378e+08
0.083 1.6277e+10 1.5171e+08
0.084 1.5847e+10 1.4966e+08
0.085 1.5397e+10 1.4765e+08
0.086 1.5085e+10 1.4567e+08
0.087 1.4718e+10 1.4372e+08
0.088 1.4297e+10 1.4179e+08
0.089 1.4257e+10 1.399e+08
0.09 1.3746e+10 1.3804e+08
0.091 1.3555e+10 1.362e+08
0.092 1.3216e+10 1.3439e+08
0.093 1.2805e+10 1.3261e+08
0.094 1.2593e+10 1.3086e+08
0.095 1.2464e+10 1.2914e+08
0.096 1.1938e+10 1.2744e+08
0.097 1.1804e+10 1.2577e+08
0.098 1.1309e+10 1.2413e+08
0.099 1.1232e+10 1.2251e+08
0.1 1.0977e+10 1.2092e+08
0.101 1.0527e+10 1.1935e+08
0.102 1.0389e+10 1.1781e+08
0.103 1.0003e+10 1.163e+08
0.104 9.7307e+09 1.1481e+08
0.105 9.578e+09 1.1334e+08
0.106 9.1997e+09 1.119e+08
0.107 9.1379e+09 1.1049e+08
0.108 8.7871e+09 1.091e+08
0.109 8.4681e+09 1.0773e+08
0.11 8.3885e+09 1.0639e+08
0.111 8.0444e+09 1.0507e+08
0.112 7.9193e+09 1.0377e+08
0.113 7.459e+09 1.025e+08
0.114 7.5304e+09 1.0125e+08
0.115 7.2267e+09 1.0002e+08
0.116 7.17e+09 9.8817e+07
0.117 7.0017e+09 9.7635e+07
0.118 6.5372e+09 9.6475e+07
0.119 6.3611e+09 9.5338e+07
0.12 6.2506e+09 9.4221e+07
0.121 5.9408e+09 9.3127e+07
0.122 5.8769e+09 9.2054e+07
0.123 5.6305e+09 9.1003e+07
0.124 5.7437e+09 8.9972e+07
0.125 5.4578e+09 8.8962e+07
0.126 5.1039e+09 8.7972e+07
0.127 4.8707e+09 8.7003e+07
0.128 4.8013e+09 8.6054e+07
0.129 4.6917e+09 8.5125e+07
0.13 4.6122e+09 8.4216e+07
0.131 4.4852e+09 8.3326e+07
0.132 4.2739e+09 8.2455e+07
0.133 4.27e+09 8.1603e+07
0.134 3.9396e+09 8.077e+07
0.135 3.8334e+09 7.9956e+07
0.136 3.8289e+09 7.916e+07
0.137 3.7975e+09 7.8381e+07
0.138 3.5019e+09 7.7621e+07
0.139 3.4519e+09 7.6878e+07
0.14 3.2937e+09 7.6152e+07
0.141 3.1647e+09 7.5443e+07
0.142 3.0371e+09 7.4751e+07
0.143 2.9989e+09 7.4075e+07
0.144 2.95e+09 7.3415e+07
0.145 2.846e+09 7.2771e+07
0.146 2.7406e+09 7.2143e+07
0.147 2.4748e+09 7.1531e+07
0.148 2.4917e+09 7.0933e+07
0.149 2.3258e+09 7.035e+07
0.15 2.2519e+09 6.9781e+07
0.151 2.1279e+09 6.9227e+07
0.152 2.1179e+09 6.8687e+07
0.153 2.0863e+09 6.816e+07
0.154 1.934e+09 6.7647e+07
0.155 1.9996e+09 6.7147e+07
0.156 1.8538e+09 6.6659e+07
0.157 1.9079e+09 6.6184e+07
0.158 1.6168e+09 6.5721e+07
0.159 1.7605e+09 6.527e+07
0.16 1.7005e+09 6.4831e+07
0.161 1.5677e+09 6.4403e+07
0.162 1.5142e+09 6.3987e+07
0.163 1.3932e+09 6.358e+07
0.164 1.372e+09 6.3185e+07
0.165 1.2904e+09 6.28e+07
0.166 1.3872e+09 6.2424e+07
0.167 1.2661e+09 6.2059e+07
0.168 1.1659e+09 6.1703e+07
0.169 1.156e+09 6.1356e+07
0.17 1.0574e+09 6.1018e+07
0.171 1.207e+09 6.0688e+07
0.172 1.029e+09 6.0367e+07
0.173 1.0983e+09 6.0054e+07
0.174 1.0213e+09 5.9749e+07
0.175 9.9704e+08 5.9451e+07
0.176 1.001e+09 5.9161e+07
0.177 9.8573e+08 5.8878e+07
0.178 9.2132e+08 5.8602e+07
0.179 8.0812e+08 5.8333e+07
0.18 9.5425e+08 5.807e+07
0.181 9.0805e+08 5.7813e+07
0.182 8.7309e+08 5.7563e+07
0.183 7.7967e+08 5.7318e+07
0.184 8.0784e+08 5.7079e+07
0.185 8.188e+08 5.6845e+07
0.186 6.3829e+08 5.6617e+07
0.187 6.5024e+08 5.6393e+07
0.188 7.3041e+08 5.6174e+07
0.189 6.0624e+08 5.5961e+07
0.19 6.2801e+08 5.5751e+07
0.191 7.1373e+08 5.5546e+07
0.192 6.1235e+08 5.5345e+07
0.193 6.2547e+08 5.5148e+07
0.194 5.7292e+08 5.4955e+07
0.195 5.542e+08 5.4765e+07
0.196 5.1494e+08 5.458e+07
0.197 5.4659e+08 5.4397e+07
0.198 5.7326e+08 5.4218e+07
0.199 5.0449e+08 5.4042e+07
0.2 5.0777e+08 5.3869e+07
0.201 4.9447e+08 5.3699e+07
0.202 5.0634e+08 5.3531e+07
0.203 4.8111e+08 5.3366e+07
0.204 5.3178e+08 5.3204e+07
0.205 4.6729e+08 5.3044e+07
0.206 5.4255e+08 5.2887e+07
0.207 6.0205e+08 5.2732e+07
0.208 5.3849e+08 5.2579e+07
0.209 4.8845e+08 5.2428e+07
0.21 4.5877e+08 5.2279e+07
0.211 5.0194e+08 5.2132e+07
0.212 4.8738e+08 5.1987e+07
0.213 5.1296e+08 5.1843e+07
0.214 4.4303e+08 5.1701e+07
0.215 4.7694e+08 5.1561e+07
0.216 4.0433e+08 5.1422e+07
0.217 4.3565e+08 5.1285e+07
0.218 3.8334e+08 5.1149e+07
0.219 3.7418e+08 5.1015e+07
0.22 4.1594e+08 5.0881e+07
0.221 4.4084e+08 5.075e+07
0.222 3.18e+08 5.0619e+07
0.223 5.0867e+08 5.0489e+07
0.224 3.3664e+08 5.0361e+07
0.225 3.2141e+08 5.0234e+07
0.226 3.584e+08 5.0108e+07
0.227 3.8177e+08 4.9982e+07
0.228 4.0322e+08 4.9858e+07
0.229 4.0255e+08 4.9735e+07
0.23 3.6663e+08 4.9613e+07
0.231 4.1299e+08 4.9491e+07
0.232 3.7975e+08 4.9371e+07
0.233 3.8176e+08 4.9251e+07
0.234 4.0398e+08 4.9132e+07
0.235 4.2449e+08 4.9014e+07
0.236 3.8751e+08 4.8897e+07
0.237 3.7214e+08 4.878e+07
0.238 3.6016e+08 4.8664e+07
0.239 3.1381e+08 4.8549e+07
0.24 3.1077e+08 4.8435e+07
0.241 2.6034e+08 4.8322e+07
0.242 2.8799e+08 4.8209e+07
0.243 2.969e+08 4.8097e+07
0.244 3.7958e+08 4.7985e+07
0.245 3.8884e+08 4.7875e+07
0.246 2.6223e+08 4.7765e+07
0.247 3.1967e+08 4.7655e+07
0.248 3.9374e+08 4.7547e+07
0.249 2.8162e+08 4.7438e+07
0.25 3.4544e+08 4.7331e+07
0.251 2.7287e+08 4.7224e+07
0.252 2.6005e+08 4.7118e+07
0.253 3.078e+08 4.7013e+07
0.254 3.2718e+08 4.6908e+07
0.255 2.8091e+08 4.6804e+07
0.256 2.6704e+08 4.6701e+07
0.257 3.0555e+08 4.6598e+07
0.258 2.4075e+08 4.6496e+07
0.259 2.3723e+08 4.6395e+07
0.26 3.093e+08 4.6294e+07
0.261 4.6232e+08 4.6194e+07
0.262 2.805e+08 4.6095e+07
0.263 2.2756e+08 4.5996e+07
0.264 3.2074e+08 4.5898e+07
0.265 2.7492e+08 4.58e+07
0.266 3.1992e+08 4.5704e+07
0.267 2.2084e+08 4.5607e+07
0.268 2.8181e+08 4.5512e+07
0.269 2.4902e+08 4.5417e+07
0.27 2.0409e+08 4.5323e+07
0.271 1.5401e+08 4.523e+07
0.272 2.6893e+08 4.5137e+07
0.273 1.8229e+08 4.5045e+07
0.274 1.793e+08 4.4953e+07
0.275 1.7441e+08 4.4863e+07
0.276 2.363e+08 4.4773e+07
0.277 3.2168e+08 4.4683e+07
0.278 2.4834e+08 4.4594e+07
0.279 1.5836e+08 4.4506e+07
0.28 2.1828e+08 4.4419e+07
0.281 2.387e+08 4.4332e+07
0.282 2.3884e+08 4.4246e+07
0.283 2.9724e+08 4.4161e+07
0.284 2.0165e+08 4.4076e+07
0.285 2.3092e+08 4.3992e+07
0.286 2.0747e+08 4.3908e+07
0.287 2.0171e+08 4.3825e+07
0.288 2.1195e+08 4.3743e+07
0.289 2.0223e+08 4.3662e+07
0.29 1.795e+08 4.3581e+07
0.291 1.8022e+08 4.3501e+07
0.292 1.5076e+08 4.3421e+07
0.293 1.4522e+08 4.3342e+07
0.294 2.4537e+08 4.3263e+07
0.295 2.0963e+08 4.3186e+07
0.296 2.3698e+08 4.3108e+07
0.297 2.6953e+08 4.3032e+07
0.298 2.0912e+08 4.2956e+07
0.299 1.3445e+08 4.288e+07
0.3 2.0537e+08 4.2805e+07
0.301 1.9895e+08 4.2731e+07
0.302 2.1651e+08 4.2657e+07
0.303 2.0858e+08 4.2584e+07
0.304 2.317e+08 4.2512e+07
0.305 1.3881e+08 4.2439e+07
0.306 1.8947e+08 4.2368e+07
0.307 1.3126e+08 4.2297e+07
0.308 2.0814e+08 4.2226e+07
0.309 1.6924e+08 4.2156e+07
0.31 1.2818e+08 4.2087e+07
0.311 2.1413e+08 4.2017e+07
0.312 1.9176e+08 4.1949e+07
0.313 1.4396e+08 4.1881e+07
0.314 2.3972e+08 4.1813e+07
0.315 2.6219e+08 4.1746e+07
0.316 1.2687e+08 4.1679e+07
0.317 1.8053e+08 4.1612e+07
0.318 2.5849e+08 4.1546e+07
0.319 2.0636e+08 4.1481e+07
0.32 9.6563e+07 4.1415e+07
0.321 1.5696e+08 4.1351e+07
0.322 1.8877e+08 4.1286e+07
0.323 1.7956e+08 4.1222e+07
0.324 2.1088e+08 4.1158e+07
0.325 2.0193e+08 4.1095e+07
0.326 1.8885e+08 4.1032e+07
0.327 2.2394e+08 4.0969e+07
0.328 5.0755e+07 4.0907e+07
0.329 2.6142e+08 4.0844e+07
0.33 2.6093e+08 4.0783e+07
0.331 1.6286e+08 4.0721e+07
0.332 1.0705e+08 4.066e+07
0.333 1.9393e+08 4.0599e+07
0.334 2.2827e+08 4.0538e+07
0.335 1.3852e+08 4.0478e+07
0.336 2.1169e+08 4.0417e+07
0.337 1.4285e+08 4.0358e+07
0.338 2.294e+08 4.0298e+07
0.339 1.6194e+08 4.0238e+07
0.34 1.4488e+08 4.0179e+07
0.341 2.2017e+08 4.012e+07
0.342 1.9637e+08 4.0061e+07
0.343 1.8706e+08 4.0003e+07
0.344 1.5815e+08 3.9944e+07
0.345 1.5178e+08 3.9886e+07
0.346 1.6839e+08 3.9828e+07
0.347 1.5701e+08 3.977e+07
0.348 1.6206e+08 3.9712e+07
0.349 1.7551e+08 3.9655e+07
0.35 2.1041e+08 3.9598e+07
0.351 1.8076e+08 3.954e+07
0.352 1.583e+08 3.9483e+07
0.353 1.6649e+08 3.9427e+07
0.354 1.9594e+08 3.937e+07
0.355 1.7206e+08 3.9313e+07
0.356 1.4428e+08 3.9257e+07
0.357 1.7165e+08 3.9201e+07
0.358 1.4271e+08 3.9145e+07
0.359 1.5559e+08 3.9089e+07
0.36 2.0559e+08 3.9033e+07
0.361 2.2806e+08 3.8977e+07
0.362 1.381e+08 3.8922e+07
0.363 1.7899e+08 3.8867e+07
0.364 2.2004e+08 3.8811e+07
0.365 2.3389e+08 3.8756e+07
0.366 1.6336e+08 3.8701e+07
0.367 1.759e+08 3.8647e+07
0.368 2.1698e+08 3.8592e+07
0.369 2.4226e+08 3.8538e+07
0.37 2.0444e+08 3.8483e+07
0.371 1.9259e+08 3.8429e+07
0.372 1.9223e+08 3.8375e+07
0.373 1.5522e+08 3.8321e+07
0.374 2.0335e+08 3.8267e+07
0.375 1.3772e+08 3.8214e+07
0.376 2.4657e+08 3.816e+07
0.377 1.8891e+08 3.8107e+07
0.378 1.1183e+08 3.8054e+07
0.379 1.4899e+08 3.8001e+07
0.38 1.765e+08 3.7948e+07
0.381 1.3896e+08 3.7896e+07
0.382 1.9507e+08 3.7843e+07
0.383 2.33e+08 3.7791e+07
0.384 1.1075e+08 3.7739e+07
0.385 1.9248e+08 3.7687e+07
0.386 1.4136e+08 3.7635e+07
0.387 1.7565e+08 3.7584e+07
0.388 2.0391e+08 3.7532e+07
0.389 1.7853e+08 3.7481e+07
0.39 1.897e+08 3.743e+07
0.391 1.1536e+08 3.7379e+07
0.392 2.0575e+08 3.7328e+07
0.393 1.3457e+08 3.7278e+07
0.394 1.7946e+08 3.7228e+07
0.395 1.2173e+08 3.7178e+07
0.396 1.5087e+08 3.7128e+07
0.397 1.0761e+08 3.7078e+07
0.398 1.0652e+08 3.7029e+07
0.399 1.3572e+08 3.698e+07
0.4 7.8226e+07 3.6931e+07
0.401 4.406e+07 3.6882e+07
0.402 1.2233e+08 3.6833e+07
0.403 1.7489e+08 3.6785e+07
0.404 1.1505e+08 3.6737e+07
0.405 1.603e+08 3.6689e+07
0.406 1.9291e+08 3.6642e+07
0.407 2.0163e+08 3.6594e+07
0.408 1.6237e+08 3.6547e+07
0.409 8.4678e+07 3.65e+07
0.41 1.4116e+08 3.6453e+07
0.411 1.3281e+08 3.6407e+07
0.412 8.9276e+07 3.636e+07
0.413 1.6251e+08 3.6314e+07
0.414 1.0247e+08 3.6269e+07
0.415 1.3152e+08 3.6223e+07
0.416 1.4283e+08 3.6178e+07
0.417 8.4141e+07 3.6133e+07
0.418 1.6301e+08 3.6088e+07
0.419 1.3634e+08 3.6043e+07
0.42 8.5081e+07 3.5999e+07
0.421 1.1748e+08 3.5955e+07
0.422 9.0837e+07 3.5911e+07
0.423 1.9421e+08 3.5867e+07
0.424 1.3483e+08 3.5824e+07
0.425 1.0031e+08 3.5781e+07
0.426 1.1889e+08 3.5738e+07
0.427 1.3172e+08 3.5695e+07
0.428 1.5844e+08 3.5652e+07
0.429 7.1911e+07 3.561e+07
0.43 1.879e+08 3.5568e+07
0.431 1.3014e+08 3.5526e+07
0.432 1.1229e+08 3.5485e+07
0.433 1.8979e+08 3.5443e+07
0.434 1.6105e+08 3.5402e+07
0.435 9.1668e+07 3.5361e+07
0.436 1.1267e+08 3.5321e+07
0.437 1.4395e+08 3.528e+07
0.438 1.8577e+08 3.524e+07
0.439 1.3382e+08 3.52e+07
0.44 1.0554e+08 3.516e+07
0.441 1.3036e+08 3.512e+07
0.442 1.1665e+08 3.5081e+07
0.443 1.4154e+08 3.5042e+07
0.444 1.1082e+08 3.5003e+07
0.445 1.2855e+08 3.4964e+07
0.446 1.537e+08 3.4925e+07
0.447 1.3331e+08 3.4887e+07
0.448 7.6188e+07 3.4848e+07
0.449 1.3961e+08 3.481e+07
0.45 1.4092e+08 3.4772e+07
0.451 1.032e+08 3.4734e+07
0.452 2.0284e+08 3.4697e+07
0.453 1.1734e+08 3.4659e+07
0.454 7.2332e+07 3.4622e+07
0.455 1.3119e+08 3.4585e+07
0.456 1.334e+08 3.4548e+07
0.457 1.5248e+08 3.4511e+07
0.458 1.2452e+08 3.4475e+07
0.459 1.06e+08 3.4438e+07
0.46 1.2695e+08 3.4402e+07
0.461 9.0849e+07 3.4365e+07
0.462 1.1901e+08 3.4329e+07
0.463 1.085e+08 3.4293e+07
0.464 1.1069e+08 3.4258e+07
0.465 9.7718e+07 3.4222e+07
0.466 1.0691e+08 3.4186e+07
0.467 1.6112e+08 3.4151e+07
0.468 1.3581e+08 3.4115e+07
0.469 8.7713e+07 3.408e+07
0.47 1.4552e+08 3.4045e+07
0.471 1.3809e+08 3.401e+07
0.472 1.6285e+08 3.3975e+07
0.473 1.9233e+08 3.394e+07
0.474 9.8052e+07 3.3906e+07
0.475 1.2478e+08 3.3871e+07
0.476 1.5286e+08 3.3836e+07
0.477 2.0084e+08 3.3802e+07
0.478 1.2021e+08 3.3768e+07
0.479 1.4213e+08 3.3733e+07
0.48 1.6527e+08 3.3699e+07
0.481 9.6397e+07 3.3665e+07
0.482 2.0844e+08 3.3631e+07
0.483 1.0157e+08 3.3597e+07
0.484 1.7803e+08 3.3563e+07
0.485 1.3525e+08 3.3529e+07
0.486 1.3219e+08 3.3496e+07
0.487 1.6281e+08 3.3462e+07
0.488 1.2292e+08 3.3429e+07
0.489 1.4414e+08 3.3395e+07
0.49 9.6036e+07 3.3362e+07
0.491 1.4212e+08 3.3328e+07
0.492 1.1449e+08 3.3295e+07
0.493 1.3533e+08 3.3262e+07
0.494 1.8589e+08 3.3228e+07
0.495 1.1362e+08 3.3195e+07
0.496 1.1269e+08 3.3162e+07
0.497 1.4554e+08 3.3129e+07
0.498 1.8904e+08 3.3096e+07
0.499 1.7029e+08 3.3063e+07
0.5 8.7022e+07 3.303e+07
