0.001 1.0059e+10 5.0908e+08
0.002 9.7687e+09 3.5991e+08
0.003 1.0216e+10 2.9377e+08
0.004 9.9429e+09 2.543e+08
0.005 9.9504e+09 2.2733e+08
0.006 9.9233e+09 2.0738e+08
0.007 9.7645e+09 1.9184e+08
0.008 9.5341e+09 1.7928e+08
0.009 9.5961e+09 1.6885e+08
0.01 9.668e+09 1.6e+08
0.011 9.7112e+09 1.5235e+08
0.012 9.6572e+09 1.4566e+08
0.013 9.718e+09 1.3973e+08
0.014 9.6932e+09 1.3442e+08
0.015 9.3592e+09 1.2963e+08
0.016 9.4995e+09 1.2527e+08
0.017 9.5978e+09 1.2129e+08
0.018 9.4935e+09 1.1761e+08
0.019 9.5886e+09 1.1422e+08
0.02 9.4263e+09 1.1106e+08
0.021 9.3534e+09 1.0811e+08
0.022 9.2701e+09 1.0534e+08
0.023 9.224e+09 1.0274e+08
0.024 9.0984e+09 1.0029e+08
0.025 9.1031e+09 9.7969e+07
0.026 9.107e+09 9.5767e+07
0.027 9.0468e+09 9.3673e+07
0.028 8.8958e+09 9.1677e+07
0.029 8.8875e+09 8.977e+07
0.03 8.7522e+09 8.7945e+07
0.031 8.5264e+09 8.6195e+07
0.032 8.5565e+09 8.4513e+07
0.033 8.4849e+09 8.2896e+07
0.034 8.3987e+09 8.1338e+07
0.035 8.2499e+09 7.9834e+07
0.036 8.1931e+09 7.8382e+07
0.037 8.1983e+09 7.6977e+07
0.038 7.9212e+09 7.5616e+07
0.039 7.903e+09 7.4297e+07
0.04 7.827e+09 7.3017e+07
0.041 7.6884e+09 7.1774e+07
0.042 7.5382e+09 7.0565e+07
0.043 7.5925e+09 6.9389e+07
0.044 7.5747e+09 6.8244e+07
0.045 7.3922e+09 6.7129e+07
0.046 7.3069e+09 6.6041e+07
0.047 7.3362e+09 6.4979e+07
0.048 7.1761e+09 6.3942e+07
0.049 7.0339e+09 6.2929e+07
0.05 6.8639e+09 6.194e+07
0.051 6.8091e+09 6.0972e+07
0.052 6.6467e+09 6.0025e+07
0.053 6.573e+09 5.9098e+07
0.054 6.4863e+09 5.819e+07
0.055 6.3703e+09 5.7301e+07
0.056 6.1993e+09 5.643e+07
0.057 6.087e+09 5.5576e+07
0.058 6.14e+09 5.4738e+07
0.059 5.9398e+09 5.3917e+07
0.06 5.8376e+09 5.3111e+07
0.061 5.8587e+09 5.2321e+07
0.062 5.6501e+09 5.1545e+07
0.063 5.642e+09 5.0783e+07
0.064 5.4744e+09 5.0035e+07
0.065 5.3416e+09 4.93e+07
0.066 5.2432e+09 4.8579e+07
0.067 5.1981e+09 4.787e+07
0.068 5.098e+09 4.7174e+07
0.069 4.9334e+09 4.649e+07
0.07 4.8408e+09 4.5818e+07
0.071 4.7613e+09 4.5158e+07
0.072 4.6606e+09 4.4509e+07
0.073 4.5152e+09 4.3871e+07
0.074 4.4878e+09 4.3244e+07
0.075 4.4231e+09 4.2628e+07
0.076 4.219e+09 4.2023e+07
0.077 4.1916e+09 4.1428e+07
0.078 4.1089e+09 4.0843e+07
0.079 4.0135e+09 4.0268e+07
0.08 4.0008e+09 3.9704e+07
0.081 3.7796e+09 3.9149e+07
0.082 3.7789e+09 3.8603e+07
0.083 3.7061e+09 3.8067e+07
0.084 3.6006e+09 3.7541e+07
0.085 3.5683e+09 3.7024e+07
0.086 3.401e+09 3.6515e+07
0.087 3.3139e+09 3.6016e+07
0.088 3.1957e+09 3.5526e+07
0.089 3.1848e+09 3.5044e+07
0.09 3.0591e+09 3.4572e+07
0.091 3.0011e+09 3.4107e+07
0.092 2.9018e+09 3.3652e+07
0.093 2.8728e+09 3.3204e+07
0.094 2.8371e+09 3.2765e+07
0.095 2.6775e+09 3.2334e+07
0.096 2.5912e+09 3.1911e+07
0.097 2.5622e+09 3.1496e+07
0.098 2.5015e+09 3.1089e+07
0.099 2.422e+09 3.069e+07
0.1 2.38e+09 3.0299e+07
0.101 2.2905e+09 2.9915e+07
0.102 2.2009e+09 2.9538e+07
0.103 2.171e+09 2.917e+07
0.104 2.0622e+09 2.8808e+07
0.105 2.0241e+09 2.8454e+07
0.106 1.9737e+09 2.8107e+07
0.107 1.9469e+09 2.7767e+07
0.108 1.889e+09 2.7434e+07
0.109 1.7942e+09 2.7108e+07
0.11 1.7981e+09 2.6789e+07
0.111 1.7171e+09 2.6477e+07
0.112 1.7113e+09 2.6171e+07
0.113 1.6525e+09 2.5872e+07
0.114 1.5671e+09 2.5579e+07
0.115 1.5843e+09 2.5293e+07
0.116 1.4678e+09 2.5013e+07
0.117 1.435e+09 2.4739e+07
0.118 1.4465e+09 2.4471e+07
0.119 1.3746e+09 2.421e+07
0.12 1.3677e+09 2.3954e+07
0.121 1.3004e+09 2.3704e+07
0.122 1.2877e+09 2.3459e+07
0.123 1.2368e+09 2.3221e+07
0.124 1.1578e+09 2.2987e+07
0.125 1.1331e+09 2.276e+07
0.126 1.1104e+09 2.2537e+07
0.127 1.0855e+09 2.232e+07
0.128 1.0276e+09 2.2107e+07
0.129 1.0635e+09 2.19e+07
0.13 1.0092e+09 2.1698e+07
0.131 9.6328e+08 2.15e+07
0.132 9.5667e+08 2.1307e+07
0.133 9.0218e+08 2.1119e+07
0.134 8.8325e+08 2.0935e+07
0.135 8.4855e+08 2.0756e+07
0.136 8.1165e+08 2.0581e+07
0.137 8.6252e+08 2.041e+07
0.138 7.7058e+08 2.0243e+07
0.139 7.575e+08 2.008e+07
0.14 7.5281e+08 1.9921e+07
0.141 6.9749e+08 1.9766e+07
0.142 6.704e+08 1.9614e+07
0.143 6.9885e+08 1.9467e+07
0.144 6.5397e+08 1.9322e+07
0.145 6.0702e+08 1.9181e+07
0.146 6.0414e+08 1.9044e+07
0.147 5.9379e+08 1.8909e+07
0.148 5.7577e+08 1.8778e+07
0.149 5.6399e+08 1.865e+07
0.15 5.3054e+08 1.8525e+07
0.151 5.3168e+08 1.8403e+07
0.152 4.992e+08 1.8283e+07
0.153 4.9219e+08 1.8167e+07
0.154 4.9187e+08 1.8053e+07
0.155 4.9907e+08 1.7941e+07
0.156 4.8685e+08 1.7832e+07
0.157 4.2482e+08 1.7726e+07
0.158 4.6178e+08 1.7621e+07
0.159 4.0457e+08 1.7519e+07
0.16 4.2455e+08 1.742e+07
0.161 4.1011e+08 1.7322e+07
0.162 3.9307e+08 1.7227e+07
0.163 3.7216e+08 1.7133e+07
0.164 3.4895e+08 1.7041e+07
0.165 3.4426e+08 1.6952e+07
0.166 3.5753e+08 1.6864e+07
0.167 3.4096e+08 1.6778e+07
0.168 3.4409e+08 1.6694e+07
0.169 3.192e+08 1.6611e+07
0.17 2.8857e+08 1.653e+07
0.171 2.7717e+08 1.645e+07
0.172 2.8228e+08 1.6373e+07
0.173 3.0355e+08 1.6296e+07
0.174 2.8181e+08 1.6221e+07
0.175 2.8708e+08 1.6147e+07
0.176 2.5649e+08 1.6075e+07
0.177 2.5852e+08 1.6004e+07
0.178 2.7539e+08 1.5934e+07
0.179 2.489e+08 1.5866e+07
0.18 2.6379e+08 1.5798e+07
0.181 2.3161e+08 1.5732e+07
0.182 2.2304e+08 1.5667e+07
0.183 2.2487e+08 1.5603e+07
0.184 2.0495e+08 1.5541e+07
0.185 2.281e+08 1.5479e+07
0.186 2.2951e+08 1.5418e+07
0.187 2.2097e+08 1.5358e+07
0.188 1.9985e+08 1.5299e+07
0.189 1.7489e+08 1.5241e+07
0.19 2.1661e+08 1.5184e+07
0.191 1.9297e+08 1.5128e+07
0.192 2.0371e+08 1.5072e+07
0.193 1.8447e+08 1.5018e+07
0.194 1.7726e+08 1.4964e+07
0.195 1.51e+08 1.4911e+07
0.196 1.8143e+08 1.4859e+07
0.197 2.0211e+08 1.4808e+07
0.198 1.5964e+08 1.4757e+07
0.199 1.687e+08 1.4707e+07
0.2 1.6541e+08 1.4658e+07
0.201 1.8132e+08 1.4609e+07
0.202 1.3234e+08 1.4561e+07
0.203 1.3432e+08 1.4514e+07
0.204 1.5298e+08 1.4468e+07
0.205 1.5071e+08 1.4422e+07
0.206 1.4503e+08 1.4376e+07
0.207 1.5184e+08 1.4331e+07
0.208 1.5994e+08 1.4287e+07
0.209 1.3701e+08 1.4244e+07
0.21 1.2289e+08 1.42e+07
0.211 1.5495e+08 1.4158e+07
0.212 8.7126e+07 1.4116e+07
0.213 1.2552e+08 1.4074e+07
0.214 1.0295e+08 1.4033e+07
0.215 1.1182e+08 1.3993e+07
0.216 1.1592e+08 1.3953e+07
0.217 1.1639e+08 1.3913e+07
0.218 1.2309e+08 1.3874e+07
0.219 1.1692e+08 1.3836e+07
0.22 1.1178e+08 1.3797e+07
0.221 9.4965e+07 1.376e+07
0.222 1.017e+08 1.3722e+07
0.223 1.081e+08 1.3685e+07
0.224 7.9788e+07 1.3649e+07
0.225 1.0989e+08 1.3613e+07
0.226 1.0767e+08 1.3577e+07
0.227 1.0266e+08 1.3542e+07
0.228 8.984e+07 1.3507e+07
0.229 1.1053e+08 1.3472e+07
0.23 8.0175e+07 1.3438e+07
0.231 9.0284e+07 1.3404e+07
0.232 7.9435e+07 1.337e+07
0.233 8.607e+07 1.3337e+07
0.234 1.0003e+08 1.3304e+07
0.235 1.0295e+08 1.3272e+07
0.236 8.1723e+07 1.3239e+07
0.237 8.906e+07 1.3207e+07
0.238 8.2881e+07 1.3176e+07
0.239 8.9541e+07 1.3144e+07
0.24 8.3561e+07 1.3113e+07
0.241 8.8677e+07 1.3082e+07
0.242 9.3905e+07 1.3052e+07
0.243 9.082e+07 1.3021e+07
0.244 7.5894e+07 1.2991e+07
0.245 7.6549e+07 1.2961e+07
0.246 6.7767e+07 1.2932e+07
0.247 7.1553e+07 1.2902e+07
0.248 6.4519e+07 1.2873e+07
0.249 6.5359e+07 1.2845e+07
0.25 6.1457e+07 1.2816e+07
0.251 4.8271e+07 1.2788e+07
0.252 8.5257e+07 1.2759e+07
0.253 5.3973e+07 1.2731e+07
0.254 7.384e+07 1.2704e+07
0.255 6.1921e+07 1.2676e+07
0.256 5.3951e+07 1.2649e+07
0.257 7.4905e+07 1.2622e+07
0.258 5.36e+07 1.2595e+07
0.259 5.8681e+07 1.2568e+07
0.26 5.8871e+07 1.2542e+07
0.261 5.2878e+07 1.2515e+07
0.262 8.6341e+07 1.2489e+07
0.263 5.3673e+07 1.2463e+07
0.264 7.6333e+07 1.2437e+07
0.265 6.5394e+07 1.2412e+07
0.266 6.7592e+07 1.2386e+07
0.267 5.8755e+07 1.2361e+07
0.268 5.7082e+07 1.2336e+07
0.269 6.6254e+07 1.2311e+07
0.27 3.901e+07 1.2286e+07
0.271 5.055e+07 1.2262e+07
0.272 4.1515e+07 1.2237e+07
0.273 6.1798e+07 1.2213e+07
0.274 6.9749e+07 1.2189e+07
0.275 5.3011e+07 1.2165e+07
0.276 5.2011e+07 1.2141e+07
0.277 3.7552e+07 1.2118e+07
0.278 4.8997e+07 1.2094e+07
0.279 5.3886e+07 1.2071e+07
0.28 5.9778e+07 1.2048e+07
0.281 4.36e+07 1.2025e+07
0.282 5.4541e+07 1.2002e+07
0.283 6.3442e+07 1.1979e+07
0.284 5.8919e+07 1.1957e+07
0.285 5.0104e+07 1.1935e+07
0.286 5.8651e+07 1.1912e+07
0.287 5.3388e+07 1.189e+07
0.288 4.917e+07 1.1868e+07
0.289 4.1522e+07 1.1846e+07
0.29 6.0039e+07 1.1825e+07
0.291 6.189e+07 1.1803e+07
0.292 5.8594e+07 1.1782e+07
0.293 6.0532e+07 1.1761e+07
0.294 2.8965e+07 1.174e+07
0.295 7.1724e+07 1.1719e+07
0.296 6.2259e+07 1.1698e+07
0.297 6.1062e+07 1.1677e+07
0.298 4.7205e+07 1.1657e+07
0.299 4.57e+07 1.1636e+07
0.3 5.155e+07 1.1616e+07
0.301 2.3684e+07 1.1596e+07
0.302 2.8671e+07 1.1576e+07
0.303 4.4993e+07 1.1556e+07
0.304 2.8319e+07 1.1536e+07
0.305 3.3963e+07 1.1517e+07
0.306 4.4506e+07 1.1497e+07
0.307 3.207e+07 1.1478e+07
0.308 3.3896e+07 1.1459e+07
0.309 6.1197e+07 1.144e+07
0.31 3.2541e+07 1.1421e+07
0.311 3.9359e+07 1.1402e+07
0.312 4.8666e+07 1.1383e+07
0.313 5.25e+07 1.1365e+07
0.314 4.4007e+07 1.1346e+07
0.315 5.9046e+07 1.1328e+07
0.316 2.8807e+07 1.1309e+07
0.317 4.3393e+07 1.1291e+07
0.318 6.2247e+07 1.1273e+07
0.319 3.0985e+07 1.1255e+07
0.32 4.91e+07 1.1237e+07
0.321 2.306e+07 1.122e+07
0.322 4.3975e+07 1.1202e+07
0.323 5.951e+07 1.1185e+07
0.324 5.1081e+07 1.1167e+07
0.325 5.1136e+07 1.115e+07
0.326 3.1212e+07 1.1133e+07
0.327 3.5793e+07 1.1115e+07
0.328 3.161e+07 1.1098e+07
0.329 1.9716e+07 1.1081e+07
0.33 4.5661e+07 1.1064e+07
0.331 4.5131e+07 1.1048e+07
0.332 4.2265e+07 1.1031e+07
0.333 4.0999e+07 1.1014e+07
0.334 2.9076e+07 1.0998e+07
0.335 3.284e+07 1.0981e+07
0.336 1.9751e+07 1.0965e+07
0.337 2.2709e+07 1.0949e+07
0.338 4.2708e+07 1.0932e+07
0.339 2.227e+07 1.0916e+07
0.34 3.4704e+07 1.09e+07
0.341 4.4285e+07 1.0884e+07
0.342 3.2423e+07 1.0868e+07
0.343 2.5739e+07 1.0852e+07
0.344 4.0303e+07 1.0836e+07
0.345 5.831e+07 1.0821e+07
0.346 4.4662e+07 1.0805e+07
0.347 2.571e+07 1.0789e+07
0.348 3.3559e+07 1.0774e+07
0.349 4.2425e+07 1.0758e+07
0.35 6.15e+07 1.0743e+07
0.351 3.3299e+07 1.0727e+07
0.352 3.3021e+07 1.0712e+07
0.353 4.249e+07 1.0696e+07
0.354 4.9e+07 1.0681e+07
0.355 4.4553e+07 1.0666e+07
0.356 4.4031e+07 1.0651e+07
0.357 3.7945e+07 1.0636e+07
0.358 5.5347e+07 1.0621e+07
0.359 4.9644e+07 1.0606e+07
0.36 3.8704e+07 1.0591e+07
0.361 4.5177e+07 1.0576e+07
0.362 3.1734e+07 1.0561e+07
0.363 4.2021e+07 1.0546e+07
0.364 2.7128e+07 1.0531e+07
0.365 3.5033e+07 1.0516e+07
0.366 4.3045e+07 1.0502e+07
0.367 3.1682e+07 1.0487e+07
0.368 4.1462e+07 1.0472e+07
0.369 2.7443e+07 1.0458e+07
0.37 4.5504e+07 1.0443e+07
0.371 3.6924e+07 1.0429e+07
0.372 3.8052e+07 1.0414e+07
0.373 1.6401e+07 1.04e+07
0.374 3.4664e+07 1.0386e+07
0.375 4.5572e+07 1.0371e+07
0.376 2.3486e+07 1.0357e+07
0.377 3.5651e+07 1.0343e+07
0.378 2.8834e+07 1.0329e+07
0.379 3.2414e+07 1.0315e+07
0.38 3.9374e+07 1.03e+07
0.381 3.2742e+07 1.0286e+07
0.382 5.8558e+07 1.0272e+07
0.383 4.8023e+07 1.0258e+07
0.384 2.8892e+07 1.0245e+07
0.385 5.3737e+07 1.0231e+07
0.386 2.3991e+07 1.0217e+07
0.387 3.5295e+07 1.0203e+07
0.388 4.3174e+07 1.0189e+07
0.389 4.6578e+07 1.0176e+07
0.39 2.908e+07 1.0162e+07
0.391 2.9186e+07 1.0148e+07
0.392 2.7247e+07 1.0135e+07
0.393 4.0642e+07 1.0121e+07
0.394 2.6108e+07 1.0108e+07
0.395 3.7382e+07 1.0095e+07
0.396 1.8275e+07 1.0081e+07
0.397 2.6006e+07 1.0068e+07
0.398 3.7513e+07 1.0055e+07
0.399 2.6359e+07 1.0042e+07
0.4 1.8224e+07 1.0028e+07
0.401 1.7832e+07 1.0015e+07
0.402 2.7099e+07 1.0002e+07
0.403 3.4193e+07 9.9893e+06
0.404 3.645e+07 9.9764e+06
0.405 3.1667e+07 9.9636e+06
0.406 2.4079e+07 9.9508e+06
0.407 4.6041e+07 9.938e+06
0.408 2.8251e+07 9.9253e+06
0.409 3.169e+07 9.9127e+06
0.41 3.3202e+07 9.9001e+06
0.411 2.6452e+07 9.8875e+06
0.412 3.1037e+07 9.8751e+06
0.413 3.7592e+07 9.8626e+06
0.414 3.908e+07 9.8503e+06
0.415 2.2625e+07 9.838e+06
0.416 2.7792e+07 9.8257e+06
0.417 1.435e+07 9.8135e+06
0.418 1.7598e+07 9.8014e+06
0.419 4.175e+07 9.7893e+06
0.42 3.4263e+07 9.7773e+06
0.421 2.636e+07 9.7653e+06
0.422 3.0292e+07 9.7534e+06
0.423 3.607e+07 9.7416e+06
0.424 2.8027e+07 9.7298e+06
0.425 3.5511e+07 9.7181e+06
0.426 3.7308e+07 9.7064e+06
0.427 2.9497e+07 9.6948e+06
0.428 4.1983e+07 9.6832e+06
0.429 2.4968e+07 9.6717e+06
0.43 3.0682e+07 9.6602e+06
0.431 3.9732e+07 9.6488e+06
0.432 3.5419e+07 9.6375e+06
0.433 2.9089e+07 9.6262e+06
0.434 2.2015e+07 9.6149e+06
0.435 2.177e+07 9.6038e+06
0.436 2.0896e+07 9.5926e+06
0.437 4.3138e+07 9.5815e+06
0.438 1.6773e+07 9.5705e+06
0.439 2.5954e+07 9.5595e+06
0.44 2.0164e+07 9.5486e+06
0.441 3.2104e+07 9.5377e+06
0.442 4.6686e+07 9.5269e+06
0.443 2.5614e+07 9.5161e+06
0.444 3.0397e+07 9.5054e+06
0.445 3.4523e+07 9.4947e+06
0.446 2.2871e+07 9.4841e+06
0.447 3.7811e+07 9.4735e+06
0.448 2.7022e+07 9.463e+06
0.449 1.5048e+07 9.4525e+06
0.45 3.7049e+07 9.4421e+06
0.451 2.4258e+07 9.4316e+06
0.452 2.7574e+07 9.4213e+06
0.453 3.6159e+07 9.411e+06
0.454 3.5801e+07 9.4007e+06
0.455 2.3944e+07 9.3905e+06
0.456 2.428e+07 9.3803e+06
0.457 9.9347e+06 9.3701e+06
0.458 1.9072e+07 9.36e+06
0.459 1.9661e+07 9.3499e+06
0.46 2.4494e+07 9.3399e+06
0.461 2.5767e+07 9.3299e+06
0.462 3.1761e+07 9.3199e+06
0.463 3.8208e+07 9.31e+06
0.464 2.0762e+07 9.3001e+06
0.465 3.2549e+07 9.2903e+06
0.466 2.3387e+07 9.2804e+06
0.467 1.3483e+07 9.2706e+06
0.468 2.6256e+07 9.2609e+06
0.469 3.9745e+07 9.2512e+06
0.47 2.4062e+07 9.2415e+06
0.471 4.1308e+07 9.2318e+06
0.472 2.2732e+07 9.2222e+06
0.473 2.6337e+07 9.2125e+06
0.474 2.9768e+07 9.203e+06
0.475 1.2425e+07 9.1934e+06
0.476 3.3022e+07 9.1839e+06
0.477 2.7509e+07 9.1744e+06
0.478 2.0388e+07 9.1649e+06
0.479 2.3724e+07 9.1555e+06
0.48 2.2207e+07 9.1461e+06
0.481 2.7501e+07 9.1367e+06
0.482 3.6962e+07 9.1273e+06
0.483 1.7517e+07 9.118e+06
0.484 4.4854e+07 9.1087e+06
0.485 2.6052e+07 9.0994e+06
0.486 2.9114e+07 9.0901e+06
0.487 1.6193e+07 9.0809e+06
0.488 3.1422e+07 9.0716e+06
0.489 1.3461e+07 9.0624e+06
0.49 2.5769e+07 9.0532e+06
0.491 2.1986e+07 9.0441e+06
0.492 4.459e+07 9.035e+06
0.493 1.7311e+07 9.0258e+06
0.494 3.1701e+07 9.0167e+06
0.495 1.2685e+07 9.0077e+06
0.496 3.5893e+07 8.9986e+06
0.497 2.9304e+07 8.9896e+06
0.498 2.8563e+07 8.9806e+06
0.499 2.8813e+07 8.9716e+06
0.5 3.0181e+07 8.9626e+06
