0.001 3.688e+10 2.108e+09
0.002 4.2532e+10 1.4903e+09
0.003 4.043e+10 1.2165e+09
0.004 4.1615e+10 1.0532e+09
0.005 4.083e+10 9.4153e+08
0.006 4.1707e+10 8.59e+08
0.007 4.2003e+10 7.9473e+08
0.008 4.0115e+10 7.4281e+08
0.009 4.1017e+10 6.997e+08
0.01 4.2228e+10 6.6313e+08
0.011 4.0772e+10 6.3157e+08
0.012 4.0265e+10 6.0395e+08
0.013 4.0589e+10 5.7949e+08
0.014 4.1039e+10 5.5762e+08
0.015 4.0365e+10 5.3789e+08
0.016 4.0131e+10 5.1996e+08
0.017 4.0014e+10 5.0356e+08
0.018 3.945e+10 4.8847e+08
0.019 3.9545e+10 4.7452e+08
0.02 3.9848e+10 4.6156e+08
0.021 3.9444e+10 4.4947e+08
0.022 3.8733e+10 4.3814e+08
0.023 3.894e+10 4.275e+08
0.024 3.8978e+10 4.1747e+08
0.025 3.8279e+10 4.0799e+08
0.026 3.7893e+10 3.99e+08
0.027 3.7237e+10 3.9046e+08
0.028 3.8195e+10 3.8232e+08
0.029 3.748e+10 3.7455e+08
0.03 3.785e+10 3.6713e+08
0.031 3.6616e+10 3.6001e+08
0.032 3.6399e+10 3.5318e+08
0.033 3.6582e+10 3.4662e+08
0.034 3.5856e+10 3.4029e+08
0.035 3.5737e+10 3.342e+08
0.036 3.5643e+10 3.2831e+08
0.037 3.5424e+10 3.2263e+08
0.038 3.4452e+10 3.1712e+08
0.039 3.4103e+10 3.1179e+08
0.04 3.4017e+10 3.0661e+08
0.041 3.3882e+10 3.0159e+08
0.042 3.306e+10 2.9671e+08
0.043 3.3581e+10 2.9196e+08
0.044 3.3306e+10 2.8734e+08
0.045 3.2537e+10 2.8284e+08
0.046 3.2035e+10 2.7845e+08
0.047 3.1867e+10 2.7417e+08
0.048 3.1048e+10 2.6999e+08
0.049 3.0775e+10 2.659e+08
0.05 3.0755e+10 2.6191e+08
0.051 3.0032e+10 2.5801e+08
0.052 2.9701e+10 2.5419e+08
0.053 2.9678e+10 2.5045e+08
0.054 2.8584e+10 2.4679e+08
0.055 2.8434e+10 2.432e+08
0.056 2.7953e+10 2.3968e+08
0.057 2.7888e+10 2.3623e+08
0.058 2.7091e+10 2.3285e+08
0.059 2.7162e+10 2.2952e+08
0.06 2.6852e+10 2.2626e+08
0.061 2.6155e+10 2.2306e+08
0.062 2.6244e+10 2.1992e+08
0.063 2.5606e+10 2.1683e+08
0.064 2.4583e+10 2.1379e+08
0.065 2.4801e+10 2.108e+08
0.066 2.4138e+10 2.0787e+08
0.067 2.3845e+10 2.0498e+08
0.068 2.3312e+10 2.0214e+08
0.069 2.2701e+10 1.9935e+08
0.07 2.2747e+10 1.966e+08
0.071 2.2386e+10 1.939e+08
0.072 2.175e+10 1.9124e+08
0.073 2.1346e+10 1.8862e+08
0.074 2.1483e+10 1.8604e+08
0.075 2.0705e+10 1.835e+08
0.076 2.0401e+10 1.81e+08
0.077 2.0151e+10 1.7854e+08
0.078 1.9333e+10 1.7611e+08
0.079 1.9106e+10 1.7373e+08
0.08 1.8482e+10 1.7137e+08
0.081 1.85e+10 1.6906e+08
0.082 1.7695e+10 1.6678e+08
0.083 1.7667e+10 1.6453e+08
0.084 1.7234e+10 1.6232e+08
0.085 1.6898e+10 1.6014e+08
0.086 1.6387e+10 1.58e+08
0.087 1.6178e+10 1.5588e+08
0.088 1.5713e+10 1.538e+08
0.089 1.5193e+10 1.5175e+08
0.09 1.5257e+10 1.4973e+08
0.091 1.4787e+10 1.4775e+08
0.092 1.4567e+10 1.4579e+08
0.093 1.4166e+10 1.4386e+08
0.094 1.3708e+10 1.4197e+08
0.095 1.3863e+10 1.401e+08
0.096 1.3186e+10 1.3826e+08
0.097 1.2948e+10 1.3645e+08
0.098 1.2432e+10 1.3467e+08
0.099 1.2141e+10 1.3292e+08
0.1 1.2189e+10 1.3119e+08
0.101 1.1782e+10 1.2949e+08
0.102 1.1333e+10 1.2782e+08
0.103 1.1094e+10 1.2618e+08
0.104 1.0865e+10 1.2457e+08
0.105 1.0696e+10 1.2298e+08
0.106 1.0085e+10 1.2142e+08
0.107 1.0029e+10 1.1988e+08
0.108 9.5387e+09 1.1837e+08
0.109 9.5184e+09 1.1689e+08
0.11 9.1611e+09 1.1543e+08
0.111 8.9696e+09 1.14e+08
0.112 8.7959e+09 1.1259e+08
0.113 8.3608e+09 1.1121e+08
0.114 8.103e+09 1.0985e+08
0.115 7.8647e+09 1.0852e+08
0.116 7.7324e+09 1.0721e+08
0.117 7.4003e+09 1.0593e+08
0.118 7.2295e+09 1.0467e+08
0.119 7.1227e+09 1.0343e+08
0.12 6.7887e+09 1.0222e+08
0.121 6.7083e+09 1.0103e+08
0.122 6.5158e+09 9.9861e+07
0.123 6.1968e+09 9.8717e+07
0.124 6.1604e+09 9.7596e+07
0.125 5.8849e+09 9.6498e+07
0.126 5.7216e+09 9.5422e+07
0.127 5.4785e+09 9.4368e+07
0.128 5.2514e+09 9.3336e+07
0.129 4.976e+09 9.2325e+07
0.13 4.8614e+09 9.1336e+07
0.131 4.8302e+09 9.0367e+07
0.132 4.5653e+09 8.942e+07
0.133 4.4862e+09 8.8493e+07
0.134 4.4507e+09 8.7586e+07
0.135 4.187e+09 8.6699e+07
0.136 4.1855e+09 8.5832e+07
0.137 3.8449e+09 8.4985e+07
0.138 3.7181e+09 8.4157e+07
0.139 3.4663e+09 8.3348e+07
0.14 3.5984e+09 8.2557e+07
0.141 3.5386e+09 8.1785e+07
0.142 3.3073e+09 8.1031e+07
0.143 3.1602e+09 8.0295e+07
0.144 3.1212e+09 7.9577e+07
0.145 3.0422e+09 7.8876e+07
0.146 2.8797e+09 7.8191e+07
0.147 2.7392e+09 7.7524e+07
0.148 2.5378e+09 7.6873e+07
0.149 2.6177e+09 7.6238e+07
0.15 2.3889e+09 7.5619e+07
0.151 2.3233e+09 7.5015e+07
0.152 2.3859e+09 7.4426e+07
0.153 2.2891e+09 7.3853e+07
0.154 2.1174e+09 7.3294e+07
0.155 2.1374e+09 7.2749e+07
0.156 2.1029e+09 7.2218e+07
0.157 1.8906e+09 7.1701e+07
0.158 1.816e+09 7.1197e+07
0.159 1.8781e+09 7.0706e+07
0.16 1.6293e+09 7.0227e+07
0.161 1.6288e+09 6.9762e+07
0.162 1.6356e+09 6.9308e+07
0.163 1.6184e+09 6.8866e+07
0.164 1.622e+09 6.8436e+07
0.165 1.5824e+09 6.8017e+07
0.166 1.4478e+09 6.7608e+07
0.167 1.495e+09 6.7211e+07
0.168 1.3323e+09 6.6823e+07
0.169 1.4338e+09 6.6446e+07
0.17 1.2096e+09 6.6078e+07
0.171 1.2025e+09 6.572e+07
0.172 1.1606e+09 6.5371e+07
0.173 1.0284e+09 6.5031e+07
0.174 1.1319e+09 6.4699e+07
0.175 1.076e+09 6.4376e+07
0.176 1.121e+09 6.4061e+07
0.177 9.941e+08 6.3754e+07
0.178 1.0794e+09 6.3454e+07
0.179 8.6228e+08 6.3162e+07
0.18 9.2216e+08 6.2877e+07
0.181 9.2385e+08 6.2598e+07
0.182 9.2907e+08 6.2326e+07
0.183 9.0881e+08 6.2061e+07
0.184 8.2889e+08 6.1802e+07
0.185 8.3613e+08 6.1548e+07
0.186 8.0179e+08 6.1301e+07
0.187 8.6588e+08 6.1059e+07
0.188 7.4462e+08 6.0822e+07
0.189 8.077e+08 6.059e+07
0.19 7.8977e+08 6.0363e+07
0.191 7.1666e+08 6.0141e+07
0.192 6.988e+08 5.9924e+07
0.193 6.9668e+08 5.9711e+07
0.194 7.1068e+08 5.9502e+07
0.195 6.7161e+08 5.9297e+07
0.196 5.7577e+08 5.9096e+07
0.197 6.84e+08 5.8898e+07
0.198 5.8184e+08 5.8704e+07
0.199 6.7381e+08 5.8514e+07
0.2 5.4151e+08 5.8327e+07
0.201 5.6936e+08 5.8143e+07
0.202 5.5617e+08 5.7962e+07
0.203 5.0488e+08 5.7784e+07
0.204 5.6014e+08 5.7609e+07
0.205 5.8487e+08 5.7436e+07
0.206 5.6434e+08 5.7266e+07
0.207 6.0736e+08 5.7098e+07
0.208 5.5772e+08 5.6933e+07
0.209 5.3354e+08 5.677e+07
0.21 4.8032e+08 5.6609e+07
0.211 5.4643e+08 5.645e+07
0.212 5.6374e+08 5.6293e+07
0.213 4.5361e+08 5.6138e+07
0.214 5.4533e+08 5.5984e+07
0.215 4.8774e+08 5.5833e+07
0.216 5.584e+08 5.5683e+07
0.217 5.9502e+08 5.5535e+07
0.218 4.9158e+08 5.5388e+07
0.219 4.2854e+08 5.5243e+07
0.22 4.8602e+08 5.5099e+07
0.221 4.9297e+08 5.4956e+07
0.222 4.2367e+08 5.4815e+07
0.223 3.854e+08 5.4675e+07
0.224 4.023e+08 5.4536e+07
0.225 4.4069e+08 5.4399e+07
0.226 4.0771e+08 5.4262e+07
0.227 5.0237e+08 5.4127e+07
0.228 4.044e+08 5.3992e+07
0.229 3.8995e+08 5.3859e+07
0.23 4.3064e+08 5.3727e+07
0.231 5.4111e+08 5.3595e+07
0.232 4.0847e+08 5.3465e+07
0.233 4.0911e+08 5.3335e+07
0.234 3.3999e+08 5.3207e+07
0.235 3.961e+08 5.3079e+07
0.236 4.7147e+08 5.2952e+07
0.237 4.079e+08 5.2826e+07
0.238 2.8376e+08 5.27e+07
0.239 3.8413e+08 5.2576e+07
0.24 4.2772e+08 5.2452e+07
0.241 3.5468e+08 5.2329e+07
0.242 3.267e+08 5.2207e+07
0.243 3.9038e+08 5.2086e+07
0.244 3.8522e+08 5.1965e+07
0.245 4.2712e+08 5.1845e+07
0.246 4.5518e+08 5.1726e+07
0.247 2.5188e+08 5.1607e+07
0.248 2.8463e+08 5.149e+07
0.249 3.1225e+08 5.1373e+07
0.25 3.6902e+08 5.1256e+07
0.251 3.3925e+08 5.1141e+07
0.252 3.9204e+08 5.1026e+07
0.253 3.4948e+08 5.0912e+07
0.254 3.7994e+08 5.0798e+07
0.255 3.8329e+08 5.0685e+07
0.256 2.576e+08 5.0573e+07
0.257 2.7503e+08 5.0462e+07
0.258 3.41e+08 5.0351e+07
0.259 3.4257e+08 5.0241e+07
0.26 3.0777e+08 5.0132e+07
0.261 3.2484e+08 5.0024e+07
0.262 3.5399e+08 4.9916e+07
0.263 2.6324e+08 4.9809e+07
0.264 3.3023e+08 4.9703e+07
0.265 2.7319e+08 4.9597e+07
0.266 3.1186e+08 4.9492e+07
0.267 2.0672e+08 4.9388e+07
0.268 1.5427e+08 4.9284e+07
0.269 2.5636e+08 4.9182e+07
0.27 2.9556e+08 4.908e+07
0.271 2.6389e+08 4.8978e+07
0.272 2.2724e+08 4.8878e+07
0.273 2.4306e+08 4.8778e+07
0.274 2.9319e+08 4.8679e+07
0.275 1.7643e+08 4.8581e+07
0.276 2.6093e+08 4.8483e+07
0.277 1.9171e+08 4.8386e+07
0.278 2.3422e+08 4.829e+07
0.279 2.9624e+08 4.8194e+07
0.28 2.3258e+08 4.81e+07
0.281 2.7145e+08 4.8006e+07
0.282 2.6513e+08 4.7912e+07
0.283 2.2777e+08 4.782e+07
0.284 2.4698e+08 4.7728e+07
0.285 3.053e+08 4.7637e+07
0.286 2.5014e+08 4.7546e+07
0.287 2.2789e+08 4.7457e+07
0.288 1.6244e+08 4.7368e+07
0.289 2.732e+08 4.7279e+07
0.29 2.1448e+08 4.7192e+07
0.291 2.2257e+08 4.7105e+07
0.292 2.209e+08 4.7018e+07
0.293 1.179e+08 4.6933e+07
0.294 2.3628e+08 4.6848e+07
0.295 1.6494e+08 4.6764e+07
0.296 1.9976e+08 4.668e+07
0.297 2.9826e+08 4.6597e+07
0.298 2.7241e+08 4.6515e+07
0.299 2.8177e+08 4.6433e+07
0.3 2.5007e+08 4.6352e+07
0.301 2.7557e+08 4.6271e+07
0.302 1.8686e+08 4.6192e+07
0.303 1.7948e+08 4.6112e+07
0.304 1.1911e+08 4.6034e+07
0.305 2.046e+08 4.5956e+07
0.306 2.7521e+08 4.5878e+07
0.307 2.0074e+08 4.5801e+07
0.308 2.1946e+08 4.5725e+07
0.309 2.545e+08 4.5649e+07
0.31 2.3882e+08 4.5573e+07
0.311 2.2664e+08 4.5499e+07
0.312 2.0386e+08 4.5424e+07
0.313 2.8774e+08 4.535e+07
0.314 2.156e+08 4.5277e+07
0.315 1.9062e+08 4.5204e+07
0.316 1.9251e+08 4.5132e+07
0.317 2.2045e+08 4.506e+07
0.318 1.6831e+08 4.4988e+07
0.319 1.5127e+08 4.4917e+07
0.32 1.7109e+08 4.4847e+07
0.321 2.9446e+08 4.4777e+07
0.322 1.6422e+08 4.4707e+07
0.323 1.8645e+08 4.4637e+07
0.324 2.4737e+08 4.4568e+07
0.325 2.3168e+08 4.45e+07
0.326 1.6209e+08 4.4431e+07
0.327 2.2451e+08 4.4363e+07
0.328 1.7423e+08 4.4296e+07
0.329 1.7588e+08 4.4229e+07
0.33 2.1846e+08 4.4162e+07
0.331 2.2125e+08 4.4095e+07
0.332 2.5647e+08 4.4029e+07
0.333 1.7197e+08 4.3963e+07
0.334 2.3483e+08 4.3897e+07
0.335 1.2125e+08 4.3832e+07
0.336 2.0365e+08 4.3766e+07
0.337 1.5212e+08 4.3701e+07
0.338 2.2052e+08 4.3637e+07
0.339 2.2801e+08 4.3572e+07
0.34 1.8173e+08 4.3508e+07
0.341 2.0561e+08 4.3444e+07
0.342 1.6807e+08 4.3381e+07
0.343 1.8661e+08 4.3317e+07
0.344 5.5015e+07 4.3254e+07
0.345 1.6179e+08 4.3191e+07
0.346 1.0283e+08 4.3128e+07
0.347 1.7397e+08 4.3065e+07
0.348 2.4775e+08 4.3003e+07
0.349 1.1037e+08 4.294e+07
0.35 2.5121e+08 4.2878e+07
0.351 1.8169e+08 4.2816e+07
0.352 2.8011e+08 4.2755e+07
0.353 1.7524e+08 4.2693e+07
0.354 2.0357e+08 4.2632e+07
0.355 2.2057e+08 4.257e+07
0.356 2.8253e+08 4.2509e+07
0.357 1.9401e+08 4.2448e+07
0.358 1.729e+08 4.2388e+07
0.359 2.2792e+08 4.2327e+07
0.36 2.0487e+08 4.2267e+07
0.361 2.3279e+08 4.2206e+07
0.362 2.1946e+08 4.2146e+07
0.363 1.8065e+08 4.2086e+07
0.364 2.3264e+08 4.2027e+07
0.365 2.842e+08 4.1967e+07
0.366 1.2012e+08 4.1907e+07
0.367 1.4182e+08 4.1848e+07
0.368 2.0607e+08 4.1789e+07
0.369 2.7259e+08 4.173e+07
0.37 2.3748e+08 4.1671e+07
0.371 1.9385e+08 4.1612e+07
0.372 1.1985e+08 4.1554e+07
0.373 2.3785e+08 4.1495e+07
0.374 1.888e+08 4.1437e+07
0.375 1.5512e+08 4.1379e+07
0.376 1.8956e+08 4.1321e+07
0.377 1.7403e+08 4.1264e+07
0.378 2.0294e+08 4.1206e+07
0.379 2.2187e+08 4.1149e+07
0.38 1.5244e+08 4.1091e+07
0.381 1.5203e+08 4.1034e+07
0.382 2.1194e+08 4.0978e+07
0.383 1.5842e+08 4.0921e+07
0.384 1.7398e+08 4.0865e+07
0.385 1.283e+08 4.0808e+07
0.386 2.5481e+08 4.0752e+07
0.387 1.3003e+08 4.0696e+07
0.388 1.8065e+08 4.0641e+07
0.389 1.4263e+08 4.0585e+07
0.39 1.7115e+08 4.053e+07
0.391 1.4506e+08 4.0475e+07
0.392 1.5542e+08 4.042e+07
0.393 2.1631e+08 4.0365e+07
0.394 1.7221e+08 4.0311e+07
0.395 1.2752e+08 4.0257e+07
0.396 1.798e+08 4.0203e+07
0.397 2.0477e+08 4.0149e+07
0.398 1.4556e+08 4.0096e+07
0.399 1.5889e+08 4.0042e+07
0.4 1.2277e+08 3.9989e+07
0.401 1.0586e+08 3.9936e+07
0.402 1.4556e+08 3.9884e+07
0.403 7.0018e+07 3.9831e+07
0.404 1.6409e+08 3.9779e+07
0.405 6.4256e+07 3.9728e+07
0.406 1.3471e+08 3.9676e+07
0.407 4.1878e+07 3.9625e+07
0.408 1.4194e+08 3.9573e+07
0.409 1.1654e+08 3.9523e+07
0.41 1.3045e+08 3.9472e+07
0.411 2.0592e+08 3.9422e+07
0.412 1.0113e+08 3.9372e+07
0.413 8.2957e+07 3.9322e+07
0.414 2.5998e+08 3.9272e+07
0.415 1.3737e+08 3.9223e+07
0.416 1.3285e+08 3.9174e+07
0.417 1.1814e+08 3.9125e+07
0.418 1.4033e+08 3.9076e+07
0.419 8.1716e+07 3.9028e+07
0.42 1.2317e+08 3.898e+07
0.421 1.49e+08 3.8932e+07
0.422 1.5055e+08 3.8885e+07
0.423 9.0599e+07 3.8837e+07
0.424 1.4103e+08 3.879e+07
0.425 2.1562e+08 3.8744e+07
0.426 1.0871e+08 3.8697e+07
0.427 1.1189e+08 3.8651e+07
0.428 1.8587e+08 3.8605e+07
0.429 1.6353e+08 3.8559e+07
0.43 1.7943e+08 3.8514e+07
0.431 1.1181e+08 3.8468e+07
0.432 1.1832e+08 3.8423e+07
0.433 1.3726e+08 3.8379e+07
0.434 9.5783e+07 3.8334e+07
0.435 1.0502e+08 3.829e+07
0.436 1.3053e+08 3.8246e+07
0.437 1.3272e+08 3.8202e+07
0.438 1.6201e+08 3.8158e+07
0.439 7.6335e+07 3.8115e+07
0.44 1.5501e+08 3.8072e+07
0.441 7.9238e+07 3.8029e+07
0.442 1.038e+08 3.7986e+07
0.443 1.5036e+08 3.7944e+07
0.444 8.0279e+07 3.7901e+07
0.445 6.4775e+07 3.7859e+07
0.446 1.2807e+08 3.7817e+07
0.447 8.1588e+07 3.7776e+07
0.448 2.4828e+08 3.7734e+07
0.449 2.0617e+08 3.7693e+07
0.45 1.116e+08 3.7652e+07
0.451 7.1954e+07 3.7611e+07
0.452 8.4867e+07 3.757e+07
0.453 6.2374e+07 3.753e+07
0.454 1.8923e+08 3.749e+07
0.455 1.2172e+08 3.7449e+07
0.456 1.0482e+08 3.7409e+07
0.457 1.3132e+08 3.737e+07
0.458 2.0561e+08 3.733e+07
0.459 1.3177e+08 3.729e+07
0.46 1.7137e+08 3.7251e+07
0.461 1.4746e+08 3.7212e+07
0.462 8.2509e+07 3.7173e+07
0.463 1.6599e+08 3.7134e+07
0.464 9.8009e+07 3.7095e+07
0.465 1.0612e+08 3.7056e+07
0.466 8.6348e+07 3.7018e+07
0.467 1.013e+08 3.6979e+07
0.468 7.7593e+07 3.6941e+07
0.469 1.7653e+08 3.6903e+07
0.47 1.5087e+08 3.6865e+07
0.471 1.153e+08 3.6827e+07
0.472 1.7458e+08 3.6789e+07
0.473 1.1048e+08 3.6752e+07
0.474 1.6503e+08 3.6714e+07
0.475 1.7788e+08 3.6677e+07
0.476 1.7318e+08 3.6639e+07
0.477 2.0512e+08 3.6602e+07
0.478 1.5598e+08 3.6565e+07
0.479 2.5575e+08 3.6528e+07
0.48 1.2672e+08 3.6491e+07
0.481 1.1757e+08 3.6454e+07
0.482 1.632e+08 3.6417e+07
0.483 2.2372e+08 3.638e+07
0.484 1.4711e+08 3.6344e+07
0.485 1.0204e+08 3.6307e+07
0.486 1.816e+08 3.6271e+07
0.487 1.2482e+08 3.6234e+07
0.488 2.1859e+08 3.6198e+07
0.489 1.5322e+08 3.6161e+07
0.49 1.8824e+08 3.6125e+07
0.491 1.1943e+08 3.6089e+07
0.492 1.8449e+08 3.6053e+07
0.493 1.8091e+08 3.6017e+07
0.494 1.6903e+08 3.5981e+07
0.495 1.698e+08 3.5945e+07
0.496 1.7083e+08 3.5909e+07
0.497 1.3937e+08 3.5873e+07
0.498 1.4354e+08 3.5838e+07
0.499 1.4381e+08 3.5802e+07
0.5 1.3729e+08 3.5766e+07
