0.001 3.3785e+10 1.6272e+09
0.002 3.3523e+10 1.1504e+09
0.003 3.0978e+10 9.3907e+08
0.004 3.4213e+10 8.1295e+08
0.005 3.1826e+10 7.2677e+08
0.006 3.1513e+10 6.6305e+08
0.007 3.2495e+10 6.1343e+08
0.008 3.1944e+10 5.7335e+08
0.009 3.0994e+10 5.4006e+08
0.01 3.1749e+10 5.1182e+08
0.011 3.1101e+10 4.8744e+08
0.012 3.1374e+10 4.6611e+08
0.013 3.1743e+10 4.4722e+08
0.014 3.1013e+10 4.3032e+08
0.015 3.1288e+10 4.1507e+08
0.016 3.0577e+10 4.0122e+08
0.017 3.0885e+10 3.8854e+08
0.018 3.043e+10 3.7688e+08
0.019 3.0271e+10 3.661e+08
0.02 3.0106e+10 3.5608e+08
0.021 2.9998e+10 3.4673e+08
0.022 3.06e+10 3.3797e+08
0.023 3.0012e+10 3.2974e+08
0.024 3.0049e+10 3.2198e+08
0.025 2.9655e+10 3.1464e+08
0.026 2.9706e+10 3.0769e+08
0.027 2.9828e+10 3.0108e+08
0.028 2.838e+10 2.9478e+08
0.029 2.8689e+10 2.8877e+08
0.03 2.8885e+10 2.8302e+08
0.031 2.8803e+10 2.7751e+08
0.032 2.8139e+10 2.7222e+08
0.033 2.7778e+10 2.6713e+08
0.034 2.761e+10 2.6224e+08
0.035 2.7139e+10 2.5751e+08
0.036 2.7255e+10 2.5295e+08
0.037 2.6932e+10 2.4855e+08
0.038 2.6566e+10 2.4428e+08
0.039 2.6452e+10 2.4015e+08
0.04 2.6569e+10 2.3613e+08
0.041 2.5793e+10 2.3224e+08
0.042 2.568e+10 2.2846e+08
0.043 2.5459e+10 2.2477e+08
0.044 2.5015e+10 2.2119e+08
0.045 2.4786e+10 2.177e+08
0.046 2.4542e+10 2.143e+08
0.047 2.3852e+10 2.1097e+08
0.048 2.3698e+10 2.0773e+08
0.049 2.3289e+10 2.0457e+08
0.05 2.3477e+10 2.0147e+08
0.051 2.3125e+10 1.9844e+08
0.052 2.2655e+10 1.9548e+08
0.053 2.2225e+10 1.9258e+08
0.054 2.2004e+10 1.8974e+08
0.055 2.1878e+10 1.8695e+08
0.056 2.1304e+10 1.8422e+08
0.057 2.1171e+10 1.8155e+08
0.058 2.1187e+10 1.7892e+08
0.059 2.0638e+10 1.7635e+08
0.06 2.0184e+10 1.7382e+08
0.061 1.9856e+10 1.7134e+08
0.062 1.9668e+10 1.689e+08
0.063 1.9514e+10 1.665e+08
0.064 1.908e+10 1.6415e+08
0.065 1.8974e+10 1.6183e+08
0.066 1.8582e+10 1.5956e+08
0.067 1.8292e+10 1.5732e+08
0.068 1.7814e+10 1.5512e+08
0.069 1.7491e+10 1.5296e+08
0.07 1.7016e+10 1.5083e+08
0.071 1.6964e+10 1.4874e+08
0.072 1.6536e+10 1.4668e+08
0.073 1.624e+10 1.4465e+08
0.074 1.5997e+10 1.4265e+08
0.075 1.5563e+10 1.4069e+08
0.076 1.5314e+10 1.3875e+08
0.077 1.509e+10 1.3685e+08
0.078 1.4694e+10 1.3497e+08
0.079 1.4398e+10 1.3313e+08
0.08 1.4439e+10 1.3131e+08
0.081 1.4002e+10 1.2952e+08
0.082 1.364e+10 1.2776e+08
0.083 1.3357e+10 1.2603e+08
0.084 1.275e+10 1.2432e+08
0.085 1.2978e+10 1.2264e+08
0.086 1.2539e+10 1.2098e+08
0.087 1.2172e+10 1.1935e+08
0.088 1.1671e+10 1.1775e+08
0.089 1.1535e+10 1.1617e+08
0.09 1.1474e+10 1.1461e+08
0.091 1.1196e+10 1.1308e+08
0.092 1.0765e+10 1.1157e+08
0.093 1.0814e+10 1.1009e+08
0.094 1.0383e+10 1.0863e+08
0.095 1.0089e+10 1.072e+08
0.096 9.9252e+09 1.0578e+08
0.097 9.5704e+09 1.0439e+08
0.098 9.3214e+09 1.0302e+08
0.099 9.072e+09 1.0168e+08
0.1 9.0259e+09 1.0035e+08
0.101 8.4984e+09 9.9053e+07
0.102 8.4108e+09 9.7773e+07
0.103 8.1423e+09 9.6514e+07
0.104 8.0292e+09 9.5277e+07
0.105 7.8163e+09 9.406e+07
0.106 7.737e+09 9.2865e+07
0.107 7.3089e+09 9.169e+07
0.108 7.241e+09 9.0536e+07
0.109 7.0991e+09 8.9402e+07
0.11 6.7493e+09 8.8288e+07
0.111 6.6383e+09 8.7194e+07
0.112 6.4034e+09 8.612e+07
0.113 6.1975e+09 8.5066e+07
0.114 6.1948e+09 8.4031e+07
0.115 5.8095e+09 8.3015e+07
0.116 5.8348e+09 8.2019e+07
0.117 5.6358e+09 8.1041e+07
0.118 5.3375e+09 8.0082e+07
0.119 5.2446e+09 7.9141e+07
0.12 5.1283e+09 7.8219e+07
0.121 4.977e+09 7.7315e+07
0.122 4.8145e+09 7.6429e+07
0.123 4.6175e+09 7.5561e+07
0.124 4.5447e+09 7.4711e+07
0.125 4.4832e+09 7.3877e+07
0.126 4.292e+09 7.3062e+07
0.127 4.1586e+09 7.2263e+07
0.128 4.0978e+09 7.148e+07
0.129 3.8493e+09 7.0715e+07
0.13 3.7426e+09 6.9966e+07
0.131 3.6437e+09 6.9233e+07
0.132 3.5082e+09 6.8516e+07
0.133 3.416e+09 6.7815e+07
0.134 3.3249e+09 6.713e+07
0.135 3.2128e+09 6.646e+07
0.136 3.1426e+09 6.5805e+07
0.137 2.9682e+09 6.5165e+07
0.138 2.8162e+09 6.4539e+07
0.139 2.7446e+09 6.3929e+07
0.14 2.8293e+09 6.3332e+07
0.141 2.5239e+09 6.275e+07
0.142 2.505e+09 6.2181e+07
0.143 2.3616e+09 6.1626e+07
0.144 2.431e+09 6.1084e+07
0.145 2.2294e+09 6.0555e+07
0.146 2.2411e+09 6.0039e+07
0.147 2.1568e+09 5.9536e+07
0.148 2.0761e+09 5.9045e+07
0.149 2.006e+09 5.8566e+07
0.15 1.9442e+09 5.8099e+07
0.151 1.8708e+09 5.7644e+07
0.152 1.6791e+09 5.72e+07
0.153 1.7106e+09 5.6768e+07
0.154 1.6126e+09 5.6346e+07
0.155 1.5958e+09 5.5935e+07
0.156 1.5115e+09 5.5534e+07
0.157 1.5023e+09 5.5144e+07
0.158 1.3847e+09 5.4763e+07
0.159 1.3768e+09 5.4393e+07
0.16 1.4085e+09 5.4031e+07
0.161 1.2694e+09 5.3679e+07
0.162 1.3652e+09 5.3336e+07
0.163 1.2307e+09 5.3002e+07
0.164 1.2131e+09 5.2676e+07
0.165 1.0902e+09 5.2359e+07
0.166 1.0484e+09 5.205e+07
0.167 1.1089e+09 5.1749e+07
0.168 1.0534e+09 5.1455e+07
0.169 1.0291e+09 5.1168e+07
0.17 9.6162e+08 5.0889e+07
0.171 9.4325e+08 5.0617e+07
0.172 9.122e+08 5.0352e+07
0.173 8.936e+08 5.0093e+07
0.174 8.122e+08 4.9841e+07
0.175 7.4549e+08 4.9595e+07
0.176 8.2794e+08 4.9354e+07
0.177 8.1056e+08 4.912e+07
0.178 8.0142e+08 4.8891e+07
0.179 7.7001e+08 4.8668e+07
0.18 6.7536e+08 4.845e+07
0.181 6.1586e+08 4.8237e+07
0.182 6.7175e+08 4.8029e+07
0.183 6.7023e+08 4.7825e+07
0.184 6.4497e+08 4.7626e+07
0.185 6.6963e+08 4.7432e+07
0.186 5.8637e+08 4.7242e+07
0.187 6.4432e+08 4.7056e+07
0.188 5.7557e+08 4.6873e+07
0.189 5.1037e+08 4.6695e+07
0.19 6.0666e+08 4.652e+07
0.191 6.135e+08 4.6349e+07
0.192 4.6045e+08 4.6181e+07
0.193 5.2955e+08 4.6017e+07
0.194 5.812e+08 4.5855e+07
0.195 5.8298e+08 4.5697e+07
0.196 4.9708e+08 4.5541e+07
0.197 5.2971e+08 4.5389e+07
0.198 5.1678e+08 4.5239e+07
0.199 4.9869e+08 4.5091e+07
0.2 5.3332e+08 4.4946e+07
0.201 4.7022e+08 4.4804e+07
0.202 5.1222e+08 4.4663e+07
0.203 3.9758e+08 4.4525e+07
0.204 4.3262e+08 4.4389e+07
0.205 5.25e+08 4.4255e+07
0.206 4.6382e+08 4.4123e+07
0.207 3.9752e+08 4.3993e+07
0.208 4.8797e+08 4.3865e+07
0.209 4.6122e+08 4.3738e+07
0.21 4.638e+08 4.3613e+07
0.211 4.5543e+08 4.349e+07
0.212 4.8096e+08 4.3368e+07
0.213 3.2693e+08 4.3248e+07
0.214 3.6773e+08 4.3129e+07
0.215 3.4101e+08 4.3011e+07
0.216 3.9253e+08 4.2895e+07
0.217 3.1546e+08 4.2779e+07
0.218 3.4297e+08 4.2666e+07
0.219 3.5234e+08 4.2553e+07
0.22 3.5591e+08 4.2441e+07
0.221 2.967e+08 4.2331e+07
0.222 3.1509e+08 4.2221e+07
0.223 3.0137e+08 4.2113e+07
0.224 2.8209e+08 4.2005e+07
0.225 4.0622e+08 4.1899e+07
0.226 2.964e+08 4.1793e+07
0.227 3.7979e+08 4.1688e+07
0.228 3.2451e+08 4.1584e+07
0.229 2.8588e+08 4.1481e+07
0.23 3.3658e+08 4.1379e+07
0.231 2.85e+08 4.1277e+07
0.232 3.1222e+08 4.1177e+07
0.233 3.4099e+08 4.1076e+07
0.234 3.0286e+08 4.0977e+07
0.235 2.751e+08 4.0879e+07
0.236 2.7763e+08 4.0781e+07
0.237 3.3882e+08 4.0683e+07
0.238 2.6894e+08 4.0587e+07
0.239 3.5779e+08 4.0491e+07
0.24 2.167e+08 4.0395e+07
0.241 1.7915e+08 4.0301e+07
0.242 3.2633e+08 4.0207e+07
0.243 2.9702e+08 4.0113e+07
0.244 2.3595e+08 4.002e+07
0.245 2.3388e+08 3.9928e+07
0.246 2.1367e+08 3.9836e+07
0.247 2.5334e+08 3.9745e+07
0.248 3.1425e+08 3.9655e+07
0.249 2.2761e+08 3.9565e+07
0.25 2.906e+08 3.9476e+07
0.251 2.3534e+08 3.9387e+07
0.252 2.3874e+08 3.9298e+07
0.253 2.3295e+08 3.9211e+07
0.254 2.5085e+08 3.9124e+07
0.255 3.1008e+08 3.9037e+07
0.256 2.3649e+08 3.8951e+07
0.257 3.089e+08 3.8866e+07
0.258 2.4954e+08 3.8781e+07
0.259 2.3296e+08 3.8696e+07
0.26 2.505e+08 3.8613e+07
0.261 2.6151e+08 3.8529e+07
0.262 1.587e+08 3.8447e+07
0.263 2.7825e+08 3.8364e+07
0.264 2.5247e+08 3.8283e+07
0.265 2.4654e+08 3.8202e+07
0.266 2.2656e+08 3.8121e+07
0.267 1.9027e+08 3.8041e+07
0.268 2.2173e+08 3.7962e+07
0.269 2.1038e+08 3.7883e+07
0.27 2.0546e+08 3.7805e+07
0.271 1.5863e+08 3.7727e+07
0.272 2.0256e+08 3.765e+07
0.273 1.8628e+08 3.7573e+07
0.274 2.0029e+08 3.7497e+07
0.275 1.8356e+08 3.7422e+07
0.276 2.2177e+08 3.7347e+07
0.277 1.8879e+08 3.7272e+07
0.278 1.8509e+08 3.7198e+07
0.279 1.9801e+08 3.7125e+07
0.28 1.9437e+08 3.7052e+07
0.281 1.7807e+08 3.698e+07
0.282 9.7802e+07 3.6908e+07
0.283 1.4608e+08 3.6837e+07
0.284 1.9026e+08 3.6767e+07
0.285 1.7153e+08 3.6697e+07
0.286 1.594e+08 3.6627e+07
0.287 2.532e+08 3.6558e+07
0.288 1.794e+08 3.649e+07
0.289 2.1538e+08 3.6422e+07
0.29 1.0626e+08 3.6354e+07
0.291 1.5137e+08 3.6287e+07
0.292 1.5274e+08 3.6221e+07
0.293 1.0278e+08 3.6155e+07
0.294 1.4851e+08 3.609e+07
0.295 2.0282e+08 3.6025e+07
0.296 1.3945e+08 3.5961e+07
0.297 1.2704e+08 3.5897e+07
0.298 1.3768e+08 3.5833e+07
0.299 1.5432e+08 3.577e+07
0.3 1.2304e+08 3.5708e+07
0.301 1.0344e+08 3.5646e+07
0.302 1.0902e+08 3.5584e+07
0.303 2.3728e+08 3.5523e+07
0.304 1.918e+08 3.5463e+07
0.305 7.0149e+07 3.5402e+07
0.306 1.4496e+08 3.5343e+07
0.307 1.1712e+08 3.5283e+07
0.308 1.2275e+08 3.5225e+07
0.309 1.6659e+08 3.5166e+07
0.31 1.7946e+08 3.5108e+07
0.311 1.355e+08 3.505e+07
0.312 1.2864e+08 3.4993e+07
0.313 1.2531e+08 3.4936e+07
0.314 1.5625e+08 3.488e+07
0.315 1.1685e+08 3.4823e+07
0.316 1.4684e+08 3.4768e+07
0.317 1.4363e+08 3.4712e+07
0.318 2.0848e+08 3.4657e+07
0.319 1.7507e+08 3.4602e+07
0.32 1.3537e+08 3.4548e+07
0.321 1.628e+08 3.4494e+07
0.322 1.0359e+08 3.444e+07
0.323 2.0947e+08 3.4386e+07
0.324 1.5522e+08 3.4333e+07
0.325 1.4521e+08 3.428e+07
0.326 1.8794e+08 3.4228e+07
0.327 1.2189e+08 3.4175e+07
0.328 1.2272e+08 3.4123e+07
0.329 1.311e+08 3.4071e+07
0.33 1.5805e+08 3.402e+07
0.331 1.5388e+08 3.3968e+07
0.332 2.1541e+08 3.3917e+07
0.333 1.5621e+08 3.3866e+07
0.334 1.1193e+08 3.3816e+07
0.335 1.9596e+08 3.3765e+07
0.336 1.6917e+08 3.3715e+07
0.337 1.5991e+08 3.3665e+07
0.338 1.5897e+08 3.3615e+07
0.339 1.3493e+08 3.3566e+07
0.34 1.6528e+08 3.3516e+07
0.341 2.0032e+08 3.3467e+07
0.342 1.4213e+08 3.3418e+07
0.343 1.4444e+08 3.3369e+07
0.344 1.8268e+08 3.332e+07
0.345 1.7708e+08 3.3272e+07
0.346 1.5684e+08 3.3223e+07
0.347 1.8445e+08 3.3175e+07
0.348 1.4987e+08 3.3127e+07
0.349 1.3663e+08 3.3079e+07
0.35 1.4283e+08 3.3031e+07
0.351 2.0227e+08 3.2984e+07
0.352 1.6732e+08 3.2936e+07
0.353 1.5487e+08 3.2889e+07
0.354 8.8361e+07 3.2842e+07
0.355 2.0101e+08 3.2795e+07
0.356 2.4085e+08 3.2748e+07
0.357 1.0294e+08 3.2701e+07
0.358 1.5166e+08 3.2654e+07
0.359 1.5432e+08 3.2607e+07
0.36 2.011e+08 3.2561e+07
0.361 1.2387e+08 3.2515e+07
0.362 9.5406e+07 3.2468e+07
0.363 1.3708e+08 3.2422e+07
0.364 1.3676e+08 3.2376e+07
0.365 1.2463e+08 3.233e+07
0.366 9.9521e+07 3.2285e+07
0.367 1.3557e+08 3.2239e+07
0.368 1.7281e+08 3.2194e+07
0.369 1.5272e+08 3.2148e+07
0.37 8.5097e+07 3.2103e+07
0.371 9.4237e+07 3.2058e+07
0.372 1.4384e+08 3.2013e+07
0.373 8.2023e+07 3.1968e+07
0.374 1.4286e+08 3.1923e+07
0.375 3.436e+07 3.1879e+07
0.376 9.3599e+07 3.1834e+07
0.377 1.509e+08 3.179e+07
0.378 1.7318e+08 3.1745e+07
0.379 8.7196e+07 3.1701e+07
0.38 1.6408e+08 3.1657e+07
0.381 1.418e+08 3.1614e+07
0.382 1.6642e+08 3.157e+07
0.383 1.5344e+08 3.1526e+07
0.384 6.4314e+07 3.1483e+07
0.385 9.319e+07 3.144e+07
0.386 1.4484e+08 3.1397e+07
0.387 1.3844e+08 3.1354e+07
0.388 1.4832e+08 3.1311e+07
0.389 1.0065e+08 3.1268e+07
0.39 1.5863e+08 3.1226e+07
0.391 1.289e+08 3.1183e+07
0.392 1.3506e+08 3.1141e+07
0.393 1.0501e+08 3.1099e+07
0.394 1.1591e+08 3.1057e+07
0.395 1.0751e+08 3.1015e+07
0.396 1.0673e+08 3.0974e+07
0.397 8.5154e+07 3.0933e+07
0.398 1.5611e+08 3.0891e+07
0.399 1.5109e+08 3.085e+07
0.4 1.5535e+08 3.081e+07
0.401 1.832e+08 3.0769e+07
0.402 1.1707e+08 3.0728e+07
0.403 6.5086e+07 3.0688e+07
0.404 1.1123e+08 3.0648e+07
0.405 6.6129e+07 3.0608e+07
0.406 4.3935e+07 3.0568e+07
0.407 1.0439e+08 3.0529e+07
0.408 1.419e+08 3.049e+07
0.409 7.0274e+07 3.045e+07
0.41 1.2719e+08 3.0411e+07
0.411 6.1086e+07 3.0373e+07
0.412 1.151e+08 3.0334e+07
0.413 3.3344e+07 3.0296e+07
0.414 1.0328e+08 3.0258e+07
0.415 7.6832e+07 3.022e+07
0.416 9.8193e+07 3.0182e+07
0.417 6.8161e+07 3.0144e+07
0.418 1.0779e+08 3.0107e+07
0.419 9.2172e+07 3.007e+07
0.42 1.5164e+08 3.0033e+07
0.421 8.5863e+07 2.9996e+07
0.422 1.5659e+08 2.9959e+07
0.423 1.0855e+08 2.9923e+07
0.424 8.3511e+07 2.9886e+07
0.425 1.6681e+08 2.985e+07
0.426 8.8521e+07 2.9815e+07
0.427 4.4606e+07 2.9779e+07
0.428 1.1764e+08 2.9743e+07
0.429 1.5862e+08 2.9708e+07
0.43 1.0504e+08 2.9673e+07
0.431 8.0676e+07 2.9638e+07
0.432 1.0735e+08 2.9604e+07
0.433 7.8328e+07 2.9569e+07
0.434 1.2161e+08 2.9535e+07
0.435 7.1263e+07 2.9501e+07
0.436 1.0676e+08 2.9467e+07
0.437 1.0081e+08 2.9433e+07
0.438 9.6545e+07 2.9399e+07
0.439 1.2001e+08 2.9366e+07
0.44 6.0652e+07 2.9332e+07
0.441 1.2383e+08 2.9299e+07
0.442 1.6581e+08 2.9266e+07
0.443 9.946e+07 2.9234e+07
0.444 6.9221e+07 2.9201e+07
0.445 6.503e+07 2.9169e+07
0.446 1.3424e+08 2.9136e+07
0.447 1.1044e+08 2.9104e+07
0.448 1.6511e+08 2.9072e+07
0.449 1.0795e+08 2.904e+07
0.45 1.1535e+08 2.9009e+07
0.451 3.3615e+07 2.8977e+07
0.452 1.2363e+08 2.8946e+07
0.453 7.4601e+07 2.8914e+07
0.454 1.0403e+08 2.8883e+07
0.455 1.4171e+08 2.8852e+07
0.456 1.3598e+08 2.8821e+07
0.457 9.4554e+07 2.8791e+07
0.458 9.153e+07 2.876e+07
0.459 7.8128e+07 2.8729e+07
0.46 1.2318e+08 2.8699e+07
0.461 1.2275e+08 2.8669e+07
0.462 8.017e+07 2.8639e+07
0.463 1.0794e+08 2.8609e+07
0.464 8.2406e+07 2.8579e+07
0.465 1.3518e+08 2.8549e+07
0.466 1.4397e+08 2.8519e+07
0.467 8.3622e+07 2.8489e+07
0.468 7.5152e+07 2.846e+07
0.469 1.0166e+08 2.8431e+07
0.47 1.1881e+08 2.8401e+07
0.471 1.3565e+08 2.8372e+07
0.472 8.2109e+07 2.8343e+07
0.473 1.0743e+08 2.8314e+07
0.474 1.0389e+08 2.8285e+07
0.475 1.0589e+08 2.8256e+07
0.476 1.6151e+08 2.8227e+07
0.477 1.4229e+08 2.8198e+07
0.478 1.4889e+08 2.8169e+07
0.479 1.5744e+08 2.8141e+07
0.48 1.1053e+08 2.8112e+07
0.481 8.8793e+07 2.8084e+07
0.482 1.1097e+08 2.8055e+07
0.483 1.0369e+08 2.8027e+07
0.484 1.1119e+08 2.7999e+07
0.485 1.5727e+08 2.7971e+07
0.486 7.8925e+07 2.7942e+07
0.487 1.4791e+08 2.7914e+07
0.488 7.8558e+07 2.7886e+07
0.489 1.0776e+08 2.7858e+07
0.49 1.4741e+08 2.783e+07
0.491 1.1955e+08 2.7802e+07
0.492 1.1841e+08 2.7775e+07
0.493 8.0123e+07 2.7747e+07
0.494 1.4713e+08 2.7719e+07
0.495 8.3877e+07 2.7691e+07
0.496 1.141e+08 2.7664e+07
0.497 1.1109e+08 2.7636e+07
0.498 1.4421e+08 2.7609e+07
0.499 1.5991e+08 2.7581e+07
0.5 1.2571e+08 2.7554e+07
