0.001 1.2317e+10 6.8771e+08
0.002 1.4109e+10 4.862e+08
0.003 1.357e+10 3.9686e+08
0.004 1.2971e+10 3.4354e+08
0.005 1.3582e+10 3.071e+08
0.006 1.3416e+10 2.8016e+08
0.007 1.353e+10 2.5917e+08
0.008 1.3453e+10 2.4221e+08
0.009 1.3041e+10 2.2812e+08
0.01 1.291e+10 2.1616e+08
0.011 1.3647e+10 2.0584e+08
0.012 1.3349e+10 1.968e+08
0.013 1.317e+10 1.8879e+08
0.014 1.3125e+10 1.8162e+08
0.015 1.3336e+10 1.7516e+08
0.016 1.3043e+10 1.6927e+08
0.017 1.286e+10 1.6389e+08
0.018 1.2817e+10 1.5893e+08
0.019 1.2683e+10 1.5435e+08
0.02 1.2831e+10 1.5008e+08
0.021 1.2421e+10 1.461e+08
0.022 1.2624e+10 1.4237e+08
0.023 1.2464e+10 1.3887e+08
0.024 1.2539e+10 1.3556e+08
0.025 1.2204e+10 1.3242e+08
0.026 1.2144e+10 1.2945e+08
0.027 1.2081e+10 1.2663e+08
0.028 1.1961e+10 1.2394e+08
0.029 1.193e+10 1.2136e+08
0.03 1.1528e+10 1.189e+08
0.031 1.178e+10 1.1654e+08
0.032 1.1627e+10 1.1427e+08
0.033 1.1589e+10 1.1209e+08
0.034 1.1318e+10 1.0999e+08
0.035 1.1212e+10 1.0797e+08
0.036 1.1263e+10 1.0601e+08
0.037 1.1278e+10 1.0411e+08
0.038 1.1102e+10 1.0228e+08
0.039 1.0881e+10 1.005e+08
0.04 1.0721e+10 9.8773e+07
0.041 1.0713e+10 9.7096e+07
0.042 1.072e+10 9.5467e+07
0.043 1.0408e+10 9.3881e+07
0.044 1.0089e+10 9.2336e+07
0.045 1.0076e+10 9.0832e+07
0.046 9.9654e+09 8.9364e+07
0.047 9.8049e+09 8.7932e+07
0.048 9.6591e+09 8.6534e+07
0.049 9.5537e+09 8.5167e+07
0.05 9.3155e+09 8.3832e+07
0.051 9.3316e+09 8.2526e+07
0.052 9.1375e+09 8.1248e+07
0.053 9.0787e+09 7.9996e+07
0.054 8.8291e+09 7.8771e+07
0.055 8.8135e+09 7.7571e+07
0.056 8.6517e+09 7.6394e+07
0.057 8.5461e+09 7.5241e+07
0.058 8.3693e+09 7.4109e+07
0.059 8.2568e+09 7.3e+07
0.06 8.187e+09 7.1911e+07
0.061 7.9935e+09 7.0842e+07
0.062 7.6601e+09 6.9792e+07
0.063 7.6458e+09 6.8762e+07
0.064 7.5649e+09 6.775e+07
0.065 7.3827e+09 6.6756e+07
0.066 7.2609e+09 6.5779e+07
0.067 7.0242e+09 6.482e+07
0.068 7.1335e+09 6.3876e+07
0.069 6.8584e+09 6.295e+07
0.07 6.7005e+09 6.2039e+07
0.071 6.537e+09 6.1143e+07
0.072 6.4435e+09 6.0262e+07
0.073 6.4187e+09 5.9397e+07
0.074 6.1149e+09 5.8546e+07
0.075 5.9988e+09 5.7709e+07
0.076 5.9626e+09 5.6886e+07
0.077 5.8971e+09 5.6077e+07
0.078 5.7005e+09 5.5282e+07
0.079 5.6381e+09 5.4499e+07
0.08 5.4663e+09 5.373e+07
0.081 5.245e+09 5.2974e+07
0.082 5.1925e+09 5.2231e+07
0.083 5.0728e+09 5.15e+07
0.084 4.9787e+09 5.0781e+07
0.085 4.8263e+09 5.0075e+07
0.086 4.5886e+09 4.9381e+07
0.087 4.6037e+09 4.8698e+07
0.088 4.5461e+09 4.8028e+07
0.089 4.3806e+09 4.7368e+07
0.09 4.2208e+09 4.6721e+07
0.091 4.1804e+09 4.6085e+07
0.092 4.056e+09 4.5459e+07
0.093 4.0186e+09 4.4845e+07
0.094 3.9265e+09 4.4242e+07
0.095 3.7458e+09 4.365e+07
0.096 3.6079e+09 4.3068e+07
0.097 3.5173e+09 4.2497e+07
0.098 3.4972e+09 4.1937e+07
0.099 3.2967e+09 4.1386e+07
0.1 3.2651e+09 4.0847e+07
0.101 3.2778e+09 4.0317e+07
0.102 3.0913e+09 3.9797e+07
0.103 3.0058e+09 3.9287e+07
0.104 2.931e+09 3.8787e+07
0.105 2.8885e+09 3.8297e+07
0.106 2.8312e+09 3.7816e+07
0.107 2.7067e+09 3.7345e+07
0.108 2.6388e+09 3.6883e+07
0.109 2.4958e+09 3.643e+07
0.11 2.5233e+09 3.5987e+07
0.111 2.4928e+09 3.5552e+07
0.112 2.2978e+09 3.5127e+07
0.113 2.2477e+09 3.471e+07
0.114 2.191e+09 3.4302e+07
0.115 2.1713e+09 3.3903e+07
0.116 2.065e+09 3.3512e+07
0.117 2.0699e+09 3.313e+07
0.118 2.0013e+09 3.2755e+07
0.119 1.8624e+09 3.2389e+07
0.12 1.8403e+09 3.2031e+07
0.121 1.8137e+09 3.1681e+07
0.122 1.7419e+09 3.1339e+07
0.123 1.6917e+09 3.1004e+07
0.124 1.6426e+09 3.0677e+07
0.125 1.6145e+09 3.0357e+07
0.126 1.572e+09 3.0045e+07
0.127 1.4723e+09 2.974e+07
0.128 1.4794e+09 2.9442e+07
0.129 1.3938e+09 2.915e+07
0.13 1.3566e+09 2.8866e+07
0.131 1.2589e+09 2.8588e+07
0.132 1.2627e+09 2.8317e+07
0.133 1.2706e+09 2.8052e+07
0.134 1.1809e+09 2.7794e+07
0.135 1.1365e+09 2.7542e+07
0.136 1.1326e+09 2.7295e+07
0.137 1.0113e+09 2.7055e+07
0.138 1.0159e+09 2.6821e+07
0.139 1.0222e+09 2.6592e+07
0.14 1.0262e+09 2.6369e+07
0.141 9.4455e+08 2.6151e+07
0.142 9.8144e+08 2.5938e+07
0.143 9.173e+08 2.5731e+07
0.144 8.6271e+08 2.5528e+07
0.145 8.4541e+08 2.5331e+07
0.146 8.4831e+08 2.5138e+07
0.147 8.1014e+08 2.495e+07
0.148 7.539e+08 2.4767e+07
0.149 7.6087e+08 2.4588e+07
0.15 6.9793e+08 2.4413e+07
0.151 7.0721e+08 2.4243e+07
0.152 7.2018e+08 2.4076e+07
0.153 6.5824e+08 2.3914e+07
0.154 6.6084e+08 2.3756e+07
0.155 6.5759e+08 2.3601e+07
0.156 6.3401e+08 2.345e+07
0.157 5.7134e+08 2.3302e+07
0.158 5.5451e+08 2.3158e+07
0.159 5.3934e+08 2.3018e+07
0.16 5.0263e+08 2.288e+07
0.161 5.2221e+08 2.2746e+07
0.162 4.982e+08 2.2615e+07
0.163 4.8521e+08 2.2487e+07
0.164 4.7538e+08 2.2362e+07
0.165 4.8216e+08 2.2239e+07
0.166 4.5659e+08 2.2119e+07
0.167 4.177e+08 2.2002e+07
0.168 4.4699e+08 2.1888e+07
0.169 3.9195e+08 2.1776e+07
0.17 4.246e+08 2.1666e+07
0.171 3.8248e+08 2.1559e+07
0.172 4.314e+08 2.1454e+07
0.173 4.2573e+08 2.1351e+07
0.174 3.3689e+08 2.125e+07
0.175 3.7153e+08 2.1151e+07
0.176 3.5302e+08 2.1055e+07
0.177 3.483e+08 2.096e+07
0.178 3.2684e+08 2.0867e+07
0.179 2.886e+08 2.0776e+07
0.18 2.7676e+08 2.0686e+07
0.181 3.1497e+08 2.0598e+07
0.182 2.8151e+08 2.0512e+07
0.183 2.867e+08 2.0428e+07
0.184 3.0718e+08 2.0345e+07
0.185 2.6817e+08 2.0264e+07
0.186 2.7998e+08 2.0184e+07
0.187 2.4496e+08 2.0105e+07
0.188 2.7358e+08 2.0028e+07
0.189 2.4138e+08 1.9952e+07
0.19 2.488e+08 1.9877e+07
0.191 2.4427e+08 1.9804e+07
0.192 2.3168e+08 1.9732e+07
0.193 1.9785e+08 1.9661e+07
0.194 2.2549e+08 1.9591e+07
0.195 2.276e+08 1.9522e+07
0.196 1.8796e+08 1.9454e+07
0.197 2.5718e+08 1.9388e+07
0.198 2.0811e+08 1.9322e+07
0.199 1.906e+08 1.9257e+07
0.2 2.1546e+08 1.9194e+07
0.201 1.855e+08 1.9131e+07
0.202 1.9979e+08 1.9069e+07
0.203 1.8424e+08 1.9008e+07
0.204 1.7186e+08 1.8948e+07
0.205 2.1272e+08 1.8888e+07
0.206 1.4232e+08 1.883e+07
0.207 1.8893e+08 1.8772e+07
0.208 1.6058e+08 1.8715e+07
0.209 1.58e+08 1.8659e+07
0.21 1.4673e+08 1.8603e+07
0.211 1.6302e+08 1.8548e+07
0.212 1.7988e+08 1.8494e+07
0.213 1.7303e+08 1.8441e+07
0.214 1.8418e+08 1.8388e+07
0.215 1.4337e+08 1.8336e+07
0.216 1.4994e+08 1.8284e+07
0.217 1.4278e+08 1.8233e+07
0.218 1.3062e+08 1.8183e+07
0.219 1.4147e+08 1.8133e+07
0.22 1.6041e+08 1.8083e+07
0.221 1.6594e+08 1.8035e+07
0.222 1.7133e+08 1.7986e+07
0.223 1.6461e+08 1.7939e+07
0.224 1.3591e+08 1.7891e+07
0.225 1.7086e+08 1.7845e+07
0.226 1.4178e+08 1.7798e+07
0.227 9.9772e+07 1.7753e+07
0.228 1.2769e+08 1.7707e+07
0.229 1.3202e+08 1.7662e+07
0.23 1.0687e+08 1.7618e+07
0.231 1.4923e+08 1.7574e+07
0.232 9.0088e+07 1.753e+07
0.233 1.0907e+08 1.7487e+07
0.234 9.1923e+07 1.7444e+07
0.235 1.1e+08 1.7401e+07
0.236 1.0576e+08 1.7359e+07
0.237 1.0167e+08 1.7317e+07
0.238 1.2421e+08 1.7276e+07
0.239 8.149e+07 1.7235e+07
0.24 7.9401e+07 1.7194e+07
0.241 1.1981e+08 1.7154e+07
0.242 1.2733e+08 1.7114e+07
0.243 1.2812e+08 1.7074e+07
0.244 9.6617e+07 1.7035e+07
0.245 1.0567e+08 1.6996e+07
0.246 1.0585e+08 1.6957e+07
0.247 6.6274e+07 1.6918e+07
0.248 1.0604e+08 1.688e+07
0.249 1.055e+08 1.6842e+07
0.25 8.377e+07 1.6805e+07
0.251 7.0439e+07 1.6767e+07
0.252 8.6248e+07 1.673e+07
0.253 9.8645e+07 1.6694e+07
0.254 8.0929e+07 1.6657e+07
0.255 8.7492e+07 1.6621e+07
0.256 1.0927e+08 1.6585e+07
0.257 1.1065e+08 1.6549e+07
0.258 6.3905e+07 1.6513e+07
0.259 9.3751e+07 1.6478e+07
0.26 1.1408e+08 1.6443e+07
0.261 7.9379e+07 1.6408e+07
0.262 1.1287e+08 1.6374e+07
0.263 9.6172e+07 1.634e+07
0.264 9.6894e+07 1.6306e+07
0.265 7.7357e+07 1.6272e+07
0.266 7.4072e+07 1.6238e+07
0.267 5.2653e+07 1.6205e+07
0.268 8.8211e+07 1.6172e+07
0.269 1.0351e+08 1.6139e+07
0.27 9.0711e+07 1.6106e+07
0.271 5.2847e+07 1.6074e+07
0.272 8.0721e+07 1.6041e+07
0.273 7.7346e+07 1.6009e+07
0.274 8.5705e+07 1.5977e+07
0.275 5.6179e+07 1.5946e+07
0.276 6.7946e+07 1.5914e+07
0.277 6.9655e+07 1.5883e+07
0.278 8.2323e+07 1.5852e+07
0.279 7.3814e+07 1.5822e+07
0.28 6.076e+07 1.5791e+07
0.281 4.3176e+07 1.5761e+07
0.282 6.7983e+07 1.5731e+07
0.283 5.6901e+07 1.5701e+07
0.284 7.4754e+07 1.5671e+07
0.285 8.5006e+07 1.5642e+07
0.286 7.4135e+07 1.5612e+07
0.287 6.4373e+07 1.5583e+07
0.288 7.3061e+07 1.5554e+07
0.289 7.8434e+07 1.5526e+07
0.29 4.3223e+07 1.5497e+07
0.291 6.9754e+07 1.5469e+07
0.292 5.2508e+07 1.5441e+07
0.293 6.2413e+07 1.5413e+07
0.294 7.1589e+07 1.5385e+07
0.295 7.3089e+07 1.5358e+07
0.296 9.299e+07 1.533e+07
0.297 6.9002e+07 1.5303e+07
0.298 6.286e+07 1.5276e+07
0.299 8.4593e+07 1.5249e+07
0.3 5.1645e+07 1.5223e+07
0.301 8.0707e+07 1.5196e+07
0.302 4.2888e+07 1.517e+07
0.303 6.0293e+07 1.5144e+07
0.304 9.3677e+07 1.5118e+07
0.305 9.8653e+07 1.5093e+07
0.306 3.9241e+07 1.5067e+07
0.307 5.5502e+07 1.5042e+07
0.308 6.6514e+07 1.5017e+07
0.309 4.0145e+07 1.4992e+07
0.31 5.8411e+07 1.4967e+07
0.311 6.0583e+07 1.4942e+07
0.312 4.0692e+07 1.4918e+07
0.313 3.1803e+07 1.4893e+07
0.314 4.3917e+07 1.4869e+07
0.315 6.9778e+07 1.4845e+07
0.316 7.9313e+07 1.4821e+07
0.317 5.4467e+07 1.4797e+07
0.318 6.3385e+07 1.4774e+07
0.319 6.6462e+07 1.475e+07
0.32 5.3258e+07 1.4727e+07
0.321 5.6201e+07 1.4704e+07
0.322 7.2415e+07 1.4681e+07
0.323 6.0283e+07 1.4658e+07
0.324 5.7621e+07 1.4635e+07
0.325 7.3464e+07 1.4612e+07
0.326 5.9203e+07 1.459e+07
0.327 8.4542e+07 1.4567e+07
0.328 3.2832e+07 1.4545e+07
0.329 6.5975e+07 1.4523e+07
0.33 6.0617e+07 1.4501e+07
0.331 5.6474e+07 1.4479e+07
0.332 5.0153e+07 1.4457e+07
0.333 3.9497e+07 1.4435e+07
0.334 6.164e+07 1.4414e+07
0.335 6.2961e+07 1.4392e+07
0.336 6.121e+07 1.4371e+07
0.337 3.7535e+07 1.4349e+07
0.338 4.7811e+07 1.4328e+07
0.339 6.6959e+07 1.4307e+07
0.34 6.5339e+07 1.4286e+07
0.341 4.1715e+07 1.4265e+07
0.342 6.7921e+07 1.4244e+07
0.343 5.4825e+07 1.4223e+07
0.344 8.5858e+07 1.4203e+07
0.345 4.8361e+07 1.4182e+07
0.346 4.9658e+07 1.4161e+07
0.347 8.4413e+07 1.4141e+07
0.348 6.6774e+07 1.412e+07
0.349 6.9469e+07 1.41e+07
0.35 7.0022e+07 1.408e+07
0.351 5.1733e+07 1.406e+07
0.352 3.2156e+07 1.4039e+07
0.353 6.9371e+07 1.4019e+07
0.354 4.7357e+07 1.3999e+07
0.355 4.192e+07 1.3979e+07
0.356 5.8261e+07 1.396e+07
0.357 2.9058e+07 1.394e+07
0.358 5.4549e+07 1.392e+07
0.359 4.7482e+07 1.39e+07
0.36 4.2778e+07 1.3881e+07
0.361 7.6684e+07 1.3861e+07
0.362 7.5756e+07 1.3841e+07
0.363 6.4795e+07 1.3822e+07
0.364 5.7571e+07 1.3803e+07
0.365 4.7107e+07 1.3783e+07
0.366 4.1483e+07 1.3764e+07
0.367 1.5468e+07 1.3745e+07
0.368 6.024e+07 1.3725e+07
0.369 6.0916e+07 1.3706e+07
0.37 8.2237e+07 1.3687e+07
0.371 5.657e+07 1.3668e+07
0.372 6.5828e+07 1.3649e+07
0.373 5.5624e+07 1.363e+07
0.374 5.1568e+07 1.3611e+07
0.375 5.0056e+07 1.3592e+07
0.376 3.7328e+07 1.3574e+07
0.377 3.9886e+07 1.3555e+07
0.378 1.8927e+07 1.3536e+07
0.379 5.9835e+07 1.3518e+07
0.38 5.6059e+07 1.3499e+07
0.381 3.5172e+07 1.3481e+07
0.382 5.0465e+07 1.3462e+07
0.383 6.556e+07 1.3444e+07
0.384 4.95e+07 1.3426e+07
0.385 4.2119e+07 1.3407e+07
0.386 4.6023e+07 1.3389e+07
0.387 5.7703e+07 1.3371e+07
0.388 4.5408e+07 1.3353e+07
0.389 4.1128e+07 1.3335e+07
0.39 5.1299e+07 1.3317e+07
0.391 4.9713e+07 1.3299e+07
0.392 2.9674e+07 1.3281e+07
0.393 4.9638e+07 1.3263e+07
0.394 4.7652e+07 1.3246e+07
0.395 4.0728e+07 1.3228e+07
0.396 4.5673e+07 1.3211e+07
0.397 3.9286e+07 1.3193e+07
0.398 2.0849e+07 1.3176e+07
0.399 4.6619e+07 1.3158e+07
0.4 6.3311e+07 1.3141e+07
0.401 6.4183e+07 1.3124e+07
0.402 5.9233e+07 1.3107e+07
0.403 4.5984e+07 1.309e+07
0.404 6.1877e+07 1.3073e+07
0.405 4.2581e+07 1.3056e+07
0.406 3.8614e+07 1.3039e+07
0.407 2.9334e+07 1.3022e+07
0.408 5.5762e+07 1.3005e+07
0.409 3.2516e+07 1.2989e+07
0.41 3.6656e+07 1.2972e+07
0.411 2.8008e+07 1.2956e+07
0.412 3.0371e+07 1.2939e+07
0.413 2.8558e+07 1.2923e+07
0.414 5.2235e+07 1.2907e+07
0.415 2.5077e+07 1.2891e+07
0.416 2.953e+07 1.2875e+07
0.417 5.7146e+07 1.2859e+07
0.418 2.195e+07 1.2843e+07
0.419 4.3006e+07 1.2827e+07
0.42 3.3655e+07 1.2811e+07
0.421 5.4087e+07 1.2795e+07
0.422 2.7191e+07 1.278e+07
0.423 5.2383e+07 1.2764e+07
0.424 6.355e+07 1.2749e+07
0.425 3.8852e+07 1.2733e+07
0.426 3.5208e+07 1.2718e+07
0.427 7.0807e+07 1.2703e+07
0.428 2.946e+07 1.2688e+07
0.429 4.7396e+07 1.2673e+07
0.43 4.1588e+07 1.2658e+07
0.431 4.1495e+07 1.2643e+07
0.432 2.171e+07 1.2628e+07
0.433 4.1687e+07 1.2613e+07
0.434 3.9964e+07 1.2598e+07
0.435 2.9582e+07 1.2584e+07
0.436 8.9107e+06 1.2569e+07
0.437 7.0758e+07 1.2555e+07
0.438 4.6765e+07 1.254e+07
0.439 4.7837e+07 1.2526e+07
0.44 2.85e+07 1.2512e+07
0.441 5.643e+07 1.2497e+07
0.442 4.18e+07 1.2483e+07
0.443 4.7536e+07 1.2469e+07
0.444 6.3474e+07 1.2455e+07
0.445 3.855e+07 1.2441e+07
0.446 4.5692e+07 1.2427e+07
0.447 5.1533e+07 1.2413e+07
0.448 5.0122e+07 1.24e+07
0.449 3.3557e+07 1.2386e+07
0.45 6.9177e+07 1.2372e+07
0.451 5.6324e+07 1.2359e+07
0.452 3.6802e+07 1.2345e+07
0.453 4.0868e+07 1.2332e+07
0.454 2.7642e+07 1.2318e+07
0.455 2.7503e+07 1.2305e+07
0.456 2.4467e+07 1.2292e+07
0.457 4.5482e+07 1.2279e+07
0.458 3.6423e+07 1.2265e+07
0.459 5.5264e+07 1.2252e+07
0.46 3.6713e+07 1.2239e+07
0.461 2.4651e+07 1.2226e+07
0.462 7.1618e+06 1.2213e+07
0.463 2.9112e+07 1.22e+07
0.464 4.0779e+07 1.2187e+07
0.465 3.8526e+07 1.2174e+07
0.466 4.9951e+07 1.2162e+07
0.467 7.9366e+07 1.2149e+07
0.468 5.5927e+07 1.2136e+07
0.469 3.4218e+07 1.2123e+07
0.47 4.7435e+07 1.2111e+07
0.471 5.7667e+07 1.2098e+07
0.472 3.6434e+07 1.2086e+07
0.473 5.866e+07 1.2073e+07
0.474 6.3879e+07 1.2061e+07
0.475 3.8825e+07 1.2048e+07
0.476 4.327e+07 1.2036e+07
0.477 4.6124e+07 1.2023e+07
0.478 6.1966e+07 1.2011e+07
0.479 4.0316e+07 1.1999e+07
0.48 2.6954e+07 1.1986e+07
0.481 3.7855e+07 1.1974e+07
0.482 1.8638e+07 1.1962e+07
0.483 4.8869e+07 1.195e+07
0.484 4.7691e+07 1.1938e+07
0.485 6.6002e+07 1.1925e+07
0.486 4.0051e+07 1.1913e+07
0.487 2.86e+07 1.1901e+07
0.488 4.565e+07 1.1889e+07
0.489 5.1373e+07 1.1877e+07
0.49 5.763e+07 1.1865e+07
0.491 3.6313e+07 1.1853e+07
0.492 5.0191e+07 1.1841e+07
0.493 5.8628e+07 1.1829e+07
0.494 4.0391e+07 1.1817e+07
0.495 6.2752e+07 1.1806e+07
0.496 5.934e+07 1.1794e+07
0.497 1.6526e+07 1.1782e+07
0.498 4.4724e+07 1.177e+07
0.499 4.0263e+07 1.1758e+07
0.5 3.7504e+07 1.1747e+07
