0.001 9.4316e+09 4.5456e+08
0.002 8.731e+09 3.2136e+08
0.003 8.9129e+09 2.6231e+08
0.004 9.1732e+09 2.2707e+08
0.005 9.0667e+09 2.0298e+08
0.006 8.8443e+09 1.8517e+08
0.007 8.744e+09 1.713e+08
0.008 8.579e+09 1.6009e+08
0.009 8.7878e+09 1.5077e+08
0.01 8.6992e+09 1.4287e+08
0.011 8.5206e+09 1.3604e+08
0.012 8.5319e+09 1.3006e+08
0.013 8.4248e+09 1.2477e+08
0.014 8.5254e+09 1.2003e+08
0.015 8.6697e+09 1.1575e+08
0.016 8.5257e+09 1.1186e+08
0.017 8.52e+09 1.083e+08
0.018 8.41e+09 1.0503e+08
0.019 8.4217e+09 1.0199e+08
0.02 8.2814e+09 9.9173e+07
0.021 8.3113e+09 9.654e+07
0.022 8.1828e+09 9.4073e+07
0.023 8.124e+09 9.1752e+07
0.024 8.268e+09 8.9563e+07
0.025 8.1227e+09 8.7491e+07
0.026 8.1036e+09 8.5526e+07
0.027 7.8164e+09 8.3657e+07
0.028 7.8612e+09 8.1876e+07
0.029 7.8862e+09 8.0174e+07
0.03 7.7026e+09 7.8545e+07
0.031 7.6493e+09 7.6983e+07
0.032 7.6867e+09 7.5483e+07
0.033 7.511e+09 7.404e+07
0.034 7.4264e+09 7.265e+07
0.035 7.4176e+09 7.1309e+07
0.036 7.3638e+09 7.0013e+07
0.037 7.2994e+09 6.876e+07
0.038 7.1933e+09 6.7546e+07
0.039 7.1472e+09 6.637e+07
0.04 7.0314e+09 6.5228e+07
0.041 6.8802e+09 6.412e+07
0.042 6.7773e+09 6.3042e+07
0.043 6.7072e+09 6.1993e+07
0.044 6.6379e+09 6.0972e+07
0.045 6.5687e+09 5.9977e+07
0.046 6.5148e+09 5.9007e+07
0.047 6.4012e+09 5.8061e+07
0.048 6.3164e+09 5.7137e+07
0.049 6.231e+09 5.6234e+07
0.05 6.1135e+09 5.5352e+07
0.051 5.9749e+09 5.449e+07
0.052 5.9416e+09 5.3646e+07
0.053 5.8389e+09 5.282e+07
0.054 5.8339e+09 5.2011e+07
0.055 5.7289e+09 5.1219e+07
0.056 5.6918e+09 5.0443e+07
0.057 5.5097e+09 4.9683e+07
0.058 5.3104e+09 4.8937e+07
0.059 5.3855e+09 4.8206e+07
0.06 5.2683e+09 4.7489e+07
0.061 5.17e+09 4.6785e+07
0.062 5.0295e+09 4.6094e+07
0.063 4.9368e+09 4.5416e+07
0.064 4.9009e+09 4.475e+07
0.065 4.7643e+09 4.4097e+07
0.066 4.667e+09 4.3455e+07
0.067 4.5885e+09 4.2825e+07
0.068 4.4735e+09 4.2205e+07
0.069 4.4082e+09 4.1597e+07
0.07 4.2615e+09 4.1e+07
0.071 4.1633e+09 4.0413e+07
0.072 4.1661e+09 3.9836e+07
0.073 4.0634e+09 3.9269e+07
0.074 3.9748e+09 3.8712e+07
0.075 3.9072e+09 3.8164e+07
0.076 3.7709e+09 3.7627e+07
0.077 3.6857e+09 3.7098e+07
0.078 3.5962e+09 3.6579e+07
0.079 3.5676e+09 3.6068e+07
0.08 3.4749e+09 3.5567e+07
0.081 3.4207e+09 3.5074e+07
0.082 3.2952e+09 3.459e+07
0.083 3.2331e+09 3.4115e+07
0.084 3.1855e+09 3.3647e+07
0.085 3.1589e+09 3.3189e+07
0.086 3.0078e+09 3.2738e+07
0.087 2.888e+09 3.2295e+07
0.088 2.8986e+09 3.186e+07
0.089 2.7549e+09 3.1434e+07
0.09 2.7067e+09 3.1014e+07
0.091 2.6377e+09 3.0603e+07
0.092 2.6468e+09 3.0199e+07
0.093 2.5133e+09 2.9803e+07
0.094 2.4548e+09 2.9414e+07
0.095 2.5182e+09 2.9032e+07
0.096 2.3349e+09 2.8658e+07
0.097 2.3068e+09 2.829e+07
0.098 2.2165e+09 2.793e+07
0.099 2.218e+09 2.7577e+07
0.1 2.1146e+09 2.7231e+07
0.101 2.0706e+09 2.6891e+07
0.102 2.0144e+09 2.6558e+07
0.103 1.9682e+09 2.6232e+07
0.104 1.8933e+09 2.5912e+07
0.105 1.847e+09 2.5599e+07
0.106 1.7977e+09 2.5292e+07
0.107 1.7052e+09 2.4992e+07
0.108 1.6636e+09 2.4698e+07
0.109 1.5902e+09 2.441e+07
0.11 1.5773e+09 2.4128e+07
0.111 1.5471e+09 2.3852e+07
0.112 1.5129e+09 2.3582e+07
0.113 1.4418e+09 2.3318e+07
0.114 1.4419e+09 2.3059e+07
0.115 1.3582e+09 2.2806e+07
0.116 1.3388e+09 2.2559e+07
0.117 1.2811e+09 2.2317e+07
0.118 1.2959e+09 2.2081e+07
0.119 1.2556e+09 2.185e+07
0.12 1.1893e+09 2.1624e+07
0.121 1.1703e+09 2.1403e+07
0.122 1.1501e+09 2.1187e+07
0.123 1.0609e+09 2.0977e+07
0.124 1.0531e+09 2.0771e+07
0.125 9.9886e+08 2.0569e+07
0.126 1.0141e+09 2.0373e+07
0.127 9.6675e+08 2.0181e+07
0.128 9.437e+08 1.9993e+07
0.129 8.7107e+08 1.981e+07
0.13 8.7032e+08 1.9632e+07
0.131 8.5455e+08 1.9457e+07
0.132 8.35e+08 1.9286e+07
0.133 8.1904e+08 1.912e+07
0.134 8.0718e+08 1.8958e+07
0.135 7.5854e+08 1.8799e+07
0.136 7.3197e+08 1.8644e+07
0.137 7.359e+08 1.8493e+07
0.138 6.9112e+08 1.8345e+07
0.139 6.6879e+08 1.8201e+07
0.14 6.7643e+08 1.806e+07
0.141 6.8871e+08 1.7923e+07
0.142 6.4389e+08 1.7789e+07
0.143 6.0835e+08 1.7658e+07
0.144 5.6463e+08 1.753e+07
0.145 5.8315e+08 1.7405e+07
0.146 5.432e+08 1.7282e+07
0.147 5.1266e+08 1.7163e+07
0.148 5.2912e+08 1.7047e+07
0.149 4.9514e+08 1.6933e+07
0.15 4.8264e+08 1.6821e+07
0.151 4.971e+08 1.6713e+07
0.152 4.7035e+08 1.6606e+07
0.153 4.7734e+08 1.6502e+07
0.154 4.4112e+08 1.6401e+07
0.155 4.0318e+08 1.6301e+07
0.156 4.196e+08 1.6204e+07
0.157 4.0429e+08 1.6109e+07
0.158 3.9606e+08 1.6016e+07
0.159 3.98e+08 1.5924e+07
0.16 3.6628e+08 1.5835e+07
0.161 3.6342e+08 1.5748e+07
0.162 3.4986e+08 1.5662e+07
0.163 3.567e+08 1.5578e+07
0.164 3.4582e+08 1.5496e+07
0.165 3.3915e+08 1.5416e+07
0.166 3.1888e+08 1.5337e+07
0.167 3.117e+08 1.526e+07
0.168 2.9516e+08 1.5184e+07
0.169 2.9371e+08 1.5109e+07
0.17 3.1496e+08 1.5036e+07
0.171 3.218e+08 1.4965e+07
0.172 2.7546e+08 1.4894e+07
0.173 2.7018e+08 1.4825e+07
0.174 2.7189e+08 1.4758e+07
0.175 2.5982e+08 1.4691e+07
0.176 2.6136e+08 1.4626e+07
0.177 2.4605e+08 1.4561e+07
0.178 2.3846e+08 1.4498e+07
0.179 2.4628e+08 1.4436e+07
0.18 2.289e+08 1.4375e+07
0.181 2.1342e+08 1.4315e+07
0.182 2.5473e+08 1.4256e+07
0.183 1.9159e+08 1.4198e+07
0.184 2.3387e+08 1.4141e+07
0.185 1.9145e+08 1.4085e+07
0.186 2.0102e+08 1.403e+07
0.187 2.0582e+08 1.3975e+07
0.188 1.9414e+08 1.3921e+07
0.189 1.8749e+08 1.3869e+07
0.19 1.8491e+08 1.3817e+07
0.191 1.7699e+08 1.3765e+07
0.192 1.5931e+08 1.3715e+07
0.193 1.6146e+08 1.3665e+07
0.194 1.6527e+08 1.3616e+07
0.195 1.5061e+08 1.3568e+07
0.196 1.5797e+08 1.352e+07
0.197 1.3737e+08 1.3474e+07
0.198 1.379e+08 1.3427e+07
0.199 1.4882e+08 1.3382e+07
0.2 1.4114e+08 1.3337e+07
0.201 1.4276e+08 1.3292e+07
0.202 1.3262e+08 1.3249e+07
0.203 1.5839e+08 1.3205e+07
0.204 1.5071e+08 1.3163e+07
0.205 1.369e+08 1.3121e+07
0.206 1.3458e+08 1.3079e+07
0.207 1.2855e+08 1.3038e+07
0.208 1.1378e+08 1.2998e+07
0.209 1.3168e+08 1.2958e+07
0.21 1.2216e+08 1.2918e+07
0.211 1.5292e+08 1.288e+07
0.212 1.1497e+08 1.2841e+07
0.213 1.4245e+08 1.2803e+07
0.214 1.3225e+08 1.2766e+07
0.215 1.1393e+08 1.2729e+07
0.216 9.1094e+07 1.2692e+07
0.217 1.2307e+08 1.2656e+07
0.218 1.0298e+08 1.262e+07
0.219 1.0367e+08 1.2585e+07
0.22 1.0014e+08 1.255e+07
0.221 1.0296e+08 1.2515e+07
0.222 9.4396e+07 1.2481e+07
0.223 1.1103e+08 1.2448e+07
0.224 1.029e+08 1.2414e+07
0.225 7.3851e+07 1.2381e+07
0.226 1.1506e+08 1.2349e+07
0.227 7.8022e+07 1.2316e+07
0.228 7.9321e+07 1.2284e+07
0.229 9.2505e+07 1.2253e+07
0.23 5.9751e+07 1.2222e+07
0.231 7.8746e+07 1.2191e+07
0.232 8.8139e+07 1.216e+07
0.233 9.118e+07 1.213e+07
0.234 1.0769e+08 1.21e+07
0.235 7.8455e+07 1.207e+07
0.236 9.1422e+07 1.204e+07
0.237 5.6975e+07 1.2011e+07
0.238 7.7406e+07 1.1982e+07
0.239 6.6868e+07 1.1954e+07
0.24 8.4024e+07 1.1925e+07
0.241 6.9106e+07 1.1897e+07
0.242 7.9939e+07 1.187e+07
0.243 6.5216e+07 1.1842e+07
0.244 6.7258e+07 1.1815e+07
0.245 4.7424e+07 1.1787e+07
0.246 4.4212e+07 1.1761e+07
0.247 6.0233e+07 1.1734e+07
0.248 7.2383e+07 1.1707e+07
0.249 6.1765e+07 1.1681e+07
0.25 6.0502e+07 1.1655e+07
0.251 4.8548e+07 1.1629e+07
0.252 4.3972e+07 1.1604e+07
0.253 5.8094e+07 1.1578e+07
0.254 7.6348e+07 1.1553e+07
0.255 4.5201e+07 1.1528e+07
0.256 7.0001e+07 1.1503e+07
0.257 7.5369e+07 1.1479e+07
0.258 5.7846e+07 1.1454e+07
0.259 4.115e+07 1.143e+07
0.26 6.5946e+07 1.1406e+07
0.261 6.1268e+07 1.1382e+07
0.262 7.1326e+07 1.1358e+07
0.263 6.8399e+07 1.1335e+07
0.264 6.4982e+07 1.1311e+07
0.265 4.6502e+07 1.1288e+07
0.266 4.2577e+07 1.1265e+07
0.267 3.5656e+07 1.1242e+07
0.268 3.564e+07 1.1219e+07
0.269 4.6608e+07 1.1197e+07
0.27 3.3382e+07 1.1174e+07
0.271 6.9892e+07 1.1152e+07
0.272 2.9572e+07 1.113e+07
0.273 5.0624e+07 1.1108e+07
0.274 5.1941e+07 1.1086e+07
0.275 5.0031e+07 1.1064e+07
0.276 4.6104e+07 1.1043e+07
0.277 4.6104e+07 1.1021e+07
0.278 4.6303e+07 1.1e+07
0.279 4.0848e+07 1.0979e+07
0.28 5.7728e+07 1.0958e+07
0.281 4.7722e+07 1.0937e+07
0.282 5.7683e+07 1.0917e+07
0.283 3.0422e+07 1.0896e+07
0.284 4.8258e+07 1.0875e+07
0.285 3.1711e+07 1.0855e+07
0.286 3.7972e+07 1.0835e+07
0.287 3.8248e+07 1.0815e+07
0.288 5.1445e+07 1.0795e+07
0.289 4.2416e+07 1.0775e+07
0.29 3.5498e+07 1.0756e+07
0.291 3.5412e+07 1.0736e+07
0.292 5.0469e+07 1.0717e+07
0.293 4.7735e+07 1.0697e+07
0.294 5.9312e+07 1.0678e+07
0.295 3.421e+07 1.0659e+07
0.296 4.9449e+07 1.064e+07
0.297 3.2219e+07 1.0622e+07
0.298 6.0432e+07 1.0603e+07
0.299 4.1601e+07 1.0584e+07
0.3 4.6849e+07 1.0566e+07
0.301 3.5629e+07 1.0548e+07
0.302 5.6813e+07 1.053e+07
0.303 3.6719e+07 1.0512e+07
0.304 3.4715e+07 1.0494e+07
0.305 4.7683e+07 1.0476e+07
0.306 4.7657e+07 1.0458e+07
0.307 2.7491e+07 1.044e+07
0.308 1.6414e+07 1.0423e+07
0.309 3.5972e+07 1.0406e+07
0.31 3.7309e+07 1.0388e+07
0.311 2.9438e+07 1.0371e+07
0.312 4.1093e+07 1.0354e+07
0.313 3.2914e+07 1.0337e+07
0.314 6.8806e+07 1.032e+07
0.315 5.2943e+07 1.0304e+07
0.316 4.5666e+07 1.0287e+07
0.317 2.3672e+07 1.027e+07
0.318 3.9573e+07 1.0254e+07
0.319 4.1312e+07 1.0238e+07
0.32 3.2455e+07 1.0221e+07
0.321 6.1921e+07 1.0205e+07
0.322 3.9074e+07 1.0189e+07
0.323 4.2663e+07 1.0173e+07
0.324 3.9665e+07 1.0157e+07
0.325 3.6452e+07 1.0142e+07
0.326 3.4846e+07 1.0126e+07
0.327 3.6782e+07 1.011e+07
0.328 3.685e+07 1.0095e+07
0.329 5.7022e+07 1.0079e+07
0.33 5.5558e+07 1.0064e+07
0.331 3.6898e+07 1.0049e+07
0.332 5.0039e+07 1.0033e+07
0.333 3.132e+07 1.0018e+07
0.334 1.8209e+07 1.0003e+07
0.335 3.2471e+07 9.9882e+06
0.336 4.3955e+07 9.9732e+06
0.337 3.8246e+07 9.9584e+06
0.338 4.1366e+07 9.9436e+06
0.339 2.3577e+07 9.9289e+06
0.34 4.5666e+07 9.9142e+06
0.341 3.6665e+07 9.8996e+06
0.342 5.4632e+07 9.885e+06
0.343 3.6609e+07 9.8706e+06
0.344 2.6793e+07 9.8561e+06
0.345 4.7196e+07 9.8418e+06
0.346 4.5579e+07 9.8275e+06
0.347 4.6692e+07 9.8132e+06
0.348 3.9879e+07 9.799e+06
0.349 3.8777e+07 9.7849e+06
0.35 3.9981e+07 9.7708e+06
0.351 3.5958e+07 9.7567e+06
0.352 2.919e+07 9.7428e+06
0.353 4.0102e+07 9.7288e+06
0.354 4.1886e+07 9.7149e+06
0.355 2.9463e+07 9.7011e+06
0.356 4.0403e+07 9.6873e+06
0.357 4.3039e+07 9.6735e+06
0.358 2.946e+07 9.6598e+06
0.359 4.2836e+07 9.6462e+06
0.36 2.6943e+07 9.6325e+06
0.361 4.3889e+07 9.619e+06
0.362 3.2886e+07 9.6054e+06
0.363 2.7873e+07 9.5919e+06
0.364 3.3387e+07 9.5785e+06
0.365 2.5829e+07 9.5651e+06
0.366 3.5629e+07 9.5517e+06
0.367 3.8286e+07 9.5384e+06
0.368 4.7959e+07 9.5251e+06
0.369 2.188e+07 9.5119e+06
0.37 2.2856e+07 9.4987e+06
0.371 4.603e+07 9.4855e+06
0.372 4.8495e+07 9.4724e+06
0.373 3.8728e+07 9.4593e+06
0.374 3.074e+07 9.4462e+06
0.375 7.302e+06 9.4332e+06
0.376 2.5241e+07 9.4203e+06
0.377 2.9853e+07 9.4073e+06
0.378 2.6449e+07 9.3945e+06
0.379 3.4848e+07 9.3816e+06
0.38 2.7072e+07 9.3688e+06
0.381 1.0039e+07 9.3561e+06
0.382 2.5973e+07 9.3433e+06
0.383 2.8765e+07 9.3307e+06
0.384 3.7486e+07 9.318e+06
0.385 3.5651e+07 9.3054e+06
0.386 2.9299e+07 9.2929e+06
0.387 3.6018e+07 9.2804e+06
0.388 3.1982e+07 9.2679e+06
0.389 2.223e+07 9.2555e+06
0.39 3.499e+07 9.2431e+06
0.391 2.834e+07 9.2307e+06
0.392 2.9526e+07 9.2185e+06
0.393 2.7036e+07 9.2062e+06
0.394 3.0197e+07 9.194e+06
0.395 3.5066e+07 9.1818e+06
0.396 4.0835e+07 9.1697e+06
0.397 4.3122e+07 9.1577e+06
0.398 3.3529e+07 9.1456e+06
0.399 4.4997e+07 9.1337e+06
0.4 6.2276e+06 9.1218e+06
0.401 2.5756e+07 9.1099e+06
0.402 2.8312e+07 9.098e+06
0.403 2.5195e+07 9.0863e+06
0.404 2.5587e+07 9.0745e+06
0.405 1.1811e+07 9.0628e+06
0.406 2.7965e+07 9.0512e+06
0.407 4.5408e+07 9.0396e+06
0.408 3.0033e+07 9.0281e+06
0.409 2.3858e+07 9.0166e+06
0.41 1.5769e+07 9.0052e+06
0.411 3.5073e+07 8.9938e+06
0.412 2.9225e+07 8.9825e+06
0.413 3.9122e+07 8.9712e+06
0.414 1.9404e+07 8.9599e+06
0.415 1.9345e+07 8.9488e+06
0.416 3.6874e+07 8.9376e+06
0.417 2.0262e+07 8.9265e+06
0.418 4.6411e+07 8.9155e+06
0.419 3.6246e+07 8.9045e+06
0.42 3.6854e+07 8.8936e+06
0.421 2.7521e+07 8.8827e+06
0.422 1.7196e+07 8.8719e+06
0.423 2.1077e+07 8.8611e+06
0.424 3.1876e+07 8.8504e+06
0.425 2.6552e+07 8.8398e+06
0.426 2.8428e+07 8.8291e+06
0.427 1.9018e+07 8.8186e+06
0.428 3.3572e+07 8.808e+06
0.429 1.4253e+07 8.7976e+06
0.43 1.5834e+07 8.7872e+06
0.431 4.0691e+07 8.7768e+06
0.432 9.796e+06 8.7665e+06
0.433 3.9332e+07 8.7562e+06
0.434 4.0434e+07 8.746e+06
0.435 2.711e+07 8.7358e+06
0.436 2.3008e+07 8.7257e+06
0.437 2.0442e+07 8.7156e+06
0.438 1.2338e+07 8.7055e+06
0.439 1.282e+07 8.6955e+06
0.44 2.7566e+07 8.6856e+06
0.441 3.5002e+07 8.6757e+06
0.442 2.3541e+07 8.6658e+06
0.443 2.5143e+07 8.656e+06
0.444 1.8215e+07 8.6463e+06
0.445 2.6433e+07 8.6365e+06
0.446 4.0359e+07 8.6269e+06
0.447 1.6086e+07 8.6172e+06
0.448 1.9563e+07 8.6076e+06
0.449 3.5384e+07 8.5981e+06
0.45 2.017e+07 8.5886e+06
0.451 4.0956e+07 8.5791e+06
0.452 1.79e+07 8.5696e+06
0.453 2.1341e+07 8.5602e+06
0.454 3.7942e+07 8.5509e+06
0.455 1.95e+07 8.5416e+06
0.456 3.4143e+07 8.5323e+06
0.457 3.1928e+07 8.523e+06
0.458 2.2539e+07 8.5138e+06
0.459 2.0104e+07 8.5046e+06
0.46 3.2997e+07 8.4955e+06
0.461 3.3676e+07 8.4864e+06
0.462 2.3369e+07 8.4773e+06
0.463 3.2047e+07 8.4682e+06
0.464 3.4305e+07 8.4592e+06
0.465 3.4657e+07 8.4502e+06
0.466 1.5355e+07 8.4413e+06
0.467 1.794e+07 8.4324e+06
0.468 3.5853e+07 8.4235e+06
0.469 3.3015e+07 8.4146e+06
0.47 2.2743e+07 8.4058e+06
0.471 2.7491e+07 8.3969e+06
0.472 2.4083e+07 8.3882e+06
0.473 1.2591e+07 8.3794e+06
0.474 2.338e+07 8.3707e+06
0.475 2.4239e+07 8.362e+06
0.476 1.5454e+07 8.3533e+06
0.477 1.9288e+07 8.3447e+06
0.478 3.1768e+07 8.336e+06
0.479 3.5551e+07 8.3274e+06
0.48 2.9363e+07 8.3189e+06
0.481 1.9868e+07 8.3103e+06
0.482 2.5885e+07 8.3018e+06
0.483 4.051e+07 8.2933e+06
0.484 3.7633e+07 8.2848e+06
0.485 2.236e+07 8.2763e+06
0.486 2.2902e+07 8.2679e+06
0.487 4.2056e+07 8.2594e+06
0.488 1.4319e+07 8.251e+06
0.489 2.6709e+07 8.2427e+06
0.49 2.0793e+07 8.2343e+06
0.491 2.9563e+07 8.226e+06
0.492 1.5242e+07 8.2176e+06
0.493 2.6739e+07 8.2093e+06
0.494 3.3366e+07 8.2011e+06
0.495 3.4397e+07 8.1928e+06
0.496 1.8638e+07 8.1845e+06
0.497 2.7157e+07 8.1763e+06
0.498 2.5074e+07 8.1681e+06
0.499 1.7068e+07 8.1599e+06
0.5 1.762e+07 8.1518e+06
