0.001 1.4831e+10 7.2332e+08
0.002 1.3716e+10 5.1137e+08
0.003 1.4915e+10 4.174e+08
0.004 1.4303e+10 3.6133e+08
0.005 1.4164e+10 3.23e+08
0.006 1.4271e+10 2.9466e+08
0.007 1.3833e+10 2.7259e+08
0.008 1.3431e+10 2.5475e+08
0.009 1.4259e+10 2.3994e+08
0.01 1.4117e+10 2.2736e+08
0.011 1.4087e+10 2.165e+08
0.012 1.3662e+10 2.07e+08
0.013 1.3796e+10 1.9858e+08
0.014 1.3831e+10 1.9104e+08
0.015 1.3687e+10 1.8424e+08
0.016 1.3945e+10 1.7805e+08
0.017 1.3741e+10 1.7239e+08
0.018 1.3563e+10 1.6718e+08
0.019 1.3618e+10 1.6236e+08
0.02 1.3388e+10 1.5788e+08
0.021 1.3237e+10 1.5369e+08
0.022 1.3109e+10 1.4977e+08
0.023 1.3375e+10 1.4608e+08
0.024 1.3262e+10 1.426e+08
0.025 1.3288e+10 1.3931e+08
0.026 1.3046e+10 1.3619e+08
0.027 1.2882e+10 1.3322e+08
0.028 1.2882e+10 1.3039e+08
0.029 1.2766e+10 1.2768e+08
0.03 1.2623e+10 1.251e+08
0.031 1.2491e+10 1.2261e+08
0.032 1.2312e+10 1.2023e+08
0.033 1.2157e+10 1.1794e+08
0.034 1.2072e+10 1.1573e+08
0.035 1.1936e+10 1.136e+08
0.036 1.1655e+10 1.1154e+08
0.037 1.1704e+10 1.0955e+08
0.038 1.1522e+10 1.0762e+08
0.039 1.1548e+10 1.0575e+08
0.04 1.1425e+10 1.0394e+08
0.041 1.119e+10 1.0218e+08
0.042 1.1229e+10 1.0047e+08
0.043 1.09e+10 9.8799e+07
0.044 1.0779e+10 9.7176e+07
0.045 1.0655e+10 9.5595e+07
0.046 1.0432e+10 9.4053e+07
0.047 1.0232e+10 9.2548e+07
0.048 1.0311e+10 9.1079e+07
0.049 1.0281e+10 8.9643e+07
0.05 9.8738e+09 8.824e+07
0.051 9.6892e+09 8.6867e+07
0.052 9.8627e+09 8.5524e+07
0.053 9.6728e+09 8.4209e+07
0.054 9.3864e+09 8.2922e+07
0.055 9.3625e+09 8.166e+07
0.056 9.2005e+09 8.0424e+07
0.057 8.9598e+09 7.9211e+07
0.058 8.8498e+09 7.8023e+07
0.059 8.6421e+09 7.6856e+07
0.06 8.4162e+09 7.5712e+07
0.061 8.3428e+09 7.4588e+07
0.062 8.2912e+09 7.3485e+07
0.063 8.0704e+09 7.2402e+07
0.064 7.9672e+09 7.1338e+07
0.065 7.8644e+09 7.0293e+07
0.066 7.5527e+09 6.9267e+07
0.067 7.5858e+09 6.8258e+07
0.068 7.4102e+09 6.7266e+07
0.069 7.2224e+09 6.6292e+07
0.07 6.9895e+09 6.5334e+07
0.071 6.9703e+09 6.4392e+07
0.072 6.7283e+09 6.3466e+07
0.073 6.6507e+09 6.2556e+07
0.074 6.5816e+09 6.166e+07
0.075 6.3427e+09 6.078e+07
0.076 6.3254e+09 5.9915e+07
0.077 6.1623e+09 5.9064e+07
0.078 5.9669e+09 5.8227e+07
0.079 5.9412e+09 5.7404e+07
0.08 5.715e+09 5.6594e+07
0.081 5.5787e+09 5.5799e+07
0.082 5.509e+09 5.5016e+07
0.083 5.2961e+09 5.4247e+07
0.084 5.2628e+09 5.349e+07
0.085 5.0517e+09 5.2747e+07
0.086 5.0404e+09 5.2016e+07
0.087 4.8824e+09 5.1297e+07
0.088 4.8727e+09 5.0591e+07
0.089 4.7058e+09 4.9896e+07
0.09 4.5938e+09 4.9214e+07
0.091 4.5257e+09 4.8544e+07
0.092 4.2788e+09 4.7885e+07
0.093 4.2199e+09 4.7238e+07
0.094 4.1287e+09 4.6602e+07
0.095 4.1053e+09 4.5978e+07
0.096 3.9974e+09 4.5364e+07
0.097 3.7059e+09 4.4762e+07
0.098 3.7639e+09 4.4171e+07
0.099 3.6045e+09 4.3591e+07
0.1 3.5127e+09 4.3021e+07
0.101 3.4255e+09 4.2462e+07
0.102 3.2953e+09 4.1914e+07
0.103 3.1446e+09 4.1375e+07
0.104 3.1746e+09 4.0848e+07
0.105 3.0416e+09 4.033e+07
0.106 2.976e+09 3.9822e+07
0.107 2.9305e+09 3.9325e+07
0.108 2.7973e+09 3.8837e+07
0.109 2.7554e+09 3.8358e+07
0.11 2.6603e+09 3.789e+07
0.111 2.5444e+09 3.7431e+07
0.112 2.5545e+09 3.6981e+07
0.113 2.4493e+09 3.6541e+07
0.114 2.3516e+09 3.6109e+07
0.115 2.2574e+09 3.5687e+07
0.116 2.2172e+09 3.5274e+07
0.117 2.1258e+09 3.4869e+07
0.118 2.0393e+09 3.4473e+07
0.119 2.0245e+09 3.4086e+07
0.12 1.9184e+09 3.3707e+07
0.121 1.8779e+09 3.3336e+07
0.122 1.8335e+09 3.2974e+07
0.123 1.7682e+09 3.262e+07
0.124 1.7158e+09 3.2273e+07
0.125 1.6809e+09 3.1935e+07
0.126 1.6453e+09 3.1604e+07
0.127 1.558e+09 3.128e+07
0.128 1.5246e+09 3.0965e+07
0.129 1.5433e+09 3.0656e+07
0.13 1.4392e+09 3.0355e+07
0.131 1.4083e+09 3.006e+07
0.132 1.3652e+09 2.9773e+07
0.133 1.3447e+09 2.9492e+07
0.134 1.3173e+09 2.9218e+07
0.135 1.2121e+09 2.8951e+07
0.136 1.156e+09 2.869e+07
0.137 1.1494e+09 2.8435e+07
0.138 1.1133e+09 2.8186e+07
0.139 1.1196e+09 2.7944e+07
0.14 1.1056e+09 2.7707e+07
0.141 1.0378e+09 2.7476e+07
0.142 1.0019e+09 2.725e+07
0.143 9.54e+08 2.7031e+07
0.144 9.0915e+08 2.6816e+07
0.145 9.1665e+08 2.6607e+07
0.146 8.987e+08 2.6402e+07
0.147 8.4653e+08 2.6203e+07
0.148 8.2341e+08 2.6009e+07
0.149 7.8175e+08 2.5819e+07
0.15 7.4369e+08 2.5634e+07
0.151 7.3643e+08 2.5453e+07
0.152 7.1517e+08 2.5277e+07
0.153 6.6867e+08 2.5105e+07
0.154 6.7927e+08 2.4937e+07
0.155 6.6553e+08 2.4773e+07
0.156 6.54e+08 2.4613e+07
0.157 5.8539e+08 2.4457e+07
0.158 5.9866e+08 2.4305e+07
0.159 5.9381e+08 2.4156e+07
0.16 5.6347e+08 2.4011e+07
0.161 5.1417e+08 2.3869e+07
0.162 5.4274e+08 2.373e+07
0.163 5.2336e+08 2.3594e+07
0.164 5.2009e+08 2.3462e+07
0.165 4.606e+08 2.3333e+07
0.166 4.6229e+08 2.3206e+07
0.167 4.6407e+08 2.3083e+07
0.168 4.8573e+08 2.2962e+07
0.169 4.3725e+08 2.2843e+07
0.17 4.3958e+08 2.2728e+07
0.171 4.1268e+08 2.2614e+07
0.172 3.7229e+08 2.2504e+07
0.173 3.4283e+08 2.2395e+07
0.174 3.624e+08 2.2289e+07
0.175 3.4723e+08 2.2185e+07
0.176 3.7744e+08 2.2083e+07
0.177 3.3382e+08 2.1983e+07
0.178 3.5432e+08 2.1885e+07
0.179 3.1334e+08 2.179e+07
0.18 3.3308e+08 2.1695e+07
0.181 3.0506e+08 2.1603e+07
0.182 3.421e+08 2.1513e+07
0.183 2.9674e+08 2.1424e+07
0.184 2.7277e+08 2.1337e+07
0.185 2.927e+08 2.1251e+07
0.186 2.9169e+08 2.1167e+07
0.187 2.8369e+08 2.1085e+07
0.188 2.7052e+08 2.1004e+07
0.189 2.3158e+08 2.0924e+07
0.19 2.4648e+08 2.0846e+07
0.191 2.2671e+08 2.0769e+07
0.192 2.2429e+08 2.0694e+07
0.193 2.349e+08 2.0619e+07
0.194 2.427e+08 2.0546e+07
0.195 2.3313e+08 2.0474e+07
0.196 2.4912e+08 2.0403e+07
0.197 2.1063e+08 2.0333e+07
0.198 2.5693e+08 2.0264e+07
0.199 1.8998e+08 2.0197e+07
0.2 1.8971e+08 2.013e+07
0.201 2.13e+08 2.0064e+07
0.202 2.3251e+08 2e+07
0.203 1.8924e+08 1.9936e+07
0.204 1.6317e+08 1.9873e+07
0.205 1.8273e+08 1.9811e+07
0.206 1.7612e+08 1.975e+07
0.207 2.0172e+08 1.9689e+07
0.208 1.6791e+08 1.9629e+07
0.209 1.5447e+08 1.9571e+07
0.21 1.5812e+08 1.9513e+07
0.211 1.7961e+08 1.9455e+07
0.212 1.9107e+08 1.9399e+07
0.213 1.5784e+08 1.9343e+07
0.214 1.6522e+08 1.9287e+07
0.215 1.7961e+08 1.9233e+07
0.216 1.2035e+08 1.9179e+07
0.217 1.6728e+08 1.9125e+07
0.218 1.4714e+08 1.9073e+07
0.219 1.5413e+08 1.902e+07
0.22 1.2161e+08 1.8969e+07
0.221 1.5537e+08 1.8918e+07
0.222 1.4136e+08 1.8867e+07
0.223 1.5386e+08 1.8817e+07
0.224 1.0915e+08 1.8768e+07
0.225 1.6581e+08 1.8719e+07
0.226 1.3715e+08 1.867e+07
0.227 1.4194e+08 1.8622e+07
0.228 1.0832e+08 1.8575e+07
0.229 1.2183e+08 1.8528e+07
0.23 1.0931e+08 1.8481e+07
0.231 1.1892e+08 1.8435e+07
0.232 1.2333e+08 1.8389e+07
0.233 1.2643e+08 1.8344e+07
0.234 1.4145e+08 1.8299e+07
0.235 1.358e+08 1.8255e+07
0.236 1.5668e+08 1.821e+07
0.237 1.1866e+08 1.8167e+07
0.238 1.1097e+08 1.8123e+07
0.239 1.4231e+08 1.808e+07
0.24 1.0299e+08 1.8038e+07
0.241 8.0333e+07 1.7995e+07
0.242 1.0012e+08 1.7953e+07
0.243 1.1176e+08 1.7912e+07
0.244 1.1135e+08 1.787e+07
0.245 1.0258e+08 1.7829e+07
0.246 9.8871e+07 1.7789e+07
0.247 1.1418e+08 1.7748e+07
0.248 8.2251e+07 1.7708e+07
0.249 1.1023e+08 1.7668e+07
0.25 7.1372e+07 1.7629e+07
0.251 7.1276e+07 1.759e+07
0.252 1.2663e+08 1.7551e+07
0.253 9.8422e+07 1.7512e+07
0.254 7.999e+07 1.7474e+07
0.255 9.8415e+07 1.7436e+07
0.256 6.7682e+07 1.7398e+07
0.257 1.0044e+08 1.736e+07
0.258 8.7189e+07 1.7323e+07
0.259 6.7098e+07 1.7286e+07
0.26 1.1554e+08 1.7249e+07
0.261 9.0556e+07 1.7213e+07
0.262 8.8559e+07 1.7176e+07
0.263 7.9501e+07 1.714e+07
0.264 7.5387e+07 1.7104e+07
0.265 7.6573e+07 1.7069e+07
0.266 8.3749e+07 1.7034e+07
0.267 9.3252e+07 1.6999e+07
0.268 5.0878e+07 1.6964e+07
0.269 7.5097e+07 1.6929e+07
0.27 9.9119e+07 1.6895e+07
0.271 7.245e+07 1.6861e+07
0.272 1.1821e+08 1.6827e+07
0.273 7.2716e+07 1.6793e+07
0.274 6.0159e+07 1.676e+07
0.275 9.6606e+07 1.6727e+07
0.276 7.2105e+07 1.6694e+07
0.277 6.9503e+07 1.6661e+07
0.278 6.3021e+07 1.6628e+07
0.279 1.1209e+08 1.6596e+07
0.28 9.6962e+07 1.6564e+07
0.281 5.6369e+07 1.6532e+07
0.282 8.7885e+07 1.6501e+07
0.283 7.2028e+07 1.6469e+07
0.284 4.7513e+07 1.6438e+07
0.285 7.0776e+07 1.6407e+07
0.286 7.8534e+07 1.6376e+07
0.287 6.4683e+07 1.6346e+07
0.288 7.0982e+07 1.6315e+07
0.289 8.2604e+07 1.6285e+07
0.29 6.4392e+07 1.6255e+07
0.291 6.5834e+07 1.6226e+07
0.292 4.9991e+07 1.6196e+07
0.293 5.6299e+07 1.6167e+07
0.294 5.9349e+07 1.6138e+07
0.295 6.2561e+07 1.6109e+07
0.296 2.8397e+07 1.608e+07
0.297 6.0076e+07 1.6052e+07
0.298 5.4015e+07 1.6024e+07
0.299 7.4526e+07 1.5995e+07
0.3 5.5637e+07 1.5968e+07
0.301 5.7053e+07 1.594e+07
0.302 7.1183e+07 1.5912e+07
0.303 9.4986e+07 1.5885e+07
0.304 6.2318e+07 1.5858e+07
0.305 8.1945e+07 1.5831e+07
0.306 4.9541e+07 1.5804e+07
0.307 5.5827e+07 1.5778e+07
0.308 5.6435e+07 1.5751e+07
0.309 5.0596e+07 1.5725e+07
0.31 4.8753e+07 1.5699e+07
0.311 7.6699e+07 1.5673e+07
0.312 6.6626e+07 1.5647e+07
0.313 6.8905e+07 1.5622e+07
0.314 6.8082e+07 1.5597e+07
0.315 8.8382e+07 1.5571e+07
0.316 6.9504e+07 1.5546e+07
0.317 7.3475e+07 1.5521e+07
0.318 3.485e+07 1.5497e+07
0.319 6.901e+07 1.5472e+07
0.32 8.8968e+07 1.5448e+07
0.321 6.1574e+07 1.5423e+07
0.322 5.9945e+07 1.5399e+07
0.323 9.3449e+07 1.5375e+07
0.324 4.5875e+07 1.5351e+07
0.325 8.1966e+07 1.5327e+07
0.326 3.6267e+07 1.5304e+07
0.327 5.1547e+07 1.528e+07
0.328 3.552e+07 1.5257e+07
0.329 4.5797e+07 1.5234e+07
0.33 2.7436e+07 1.5211e+07
0.331 4.807e+07 1.5187e+07
0.332 7.532e+07 1.5165e+07
0.333 4.1955e+07 1.5142e+07
0.334 4.8415e+07 1.5119e+07
0.335 7.573e+07 1.5097e+07
0.336 6.4429e+07 1.5074e+07
0.337 5.5512e+07 1.5052e+07
0.338 5.86e+07 1.5029e+07
0.339 6.9247e+07 1.5007e+07
0.34 6.6241e+07 1.4985e+07
0.341 6.1857e+07 1.4963e+07
0.342 5.8754e+07 1.4941e+07
0.343 8.5124e+07 1.4919e+07
0.344 5.5891e+07 1.4898e+07
0.345 5.3756e+07 1.4876e+07
0.346 6.1712e+07 1.4854e+07
0.347 8.1049e+07 1.4833e+07
0.348 5.2965e+07 1.4812e+07
0.349 8.7599e+07 1.479e+07
0.35 8.7929e+07 1.4769e+07
0.351 6.268e+07 1.4748e+07
0.352 3.9604e+07 1.4727e+07
0.353 5.7995e+07 1.4706e+07
0.354 8.7358e+07 1.4685e+07
0.355 6.0605e+07 1.4664e+07
0.356 3.0663e+07 1.4643e+07
0.357 7.3254e+07 1.4622e+07
0.358 8.3289e+07 1.4601e+07
0.359 2.8179e+07 1.458e+07
0.36 3.8786e+07 1.456e+07
0.361 5.9752e+07 1.4539e+07
0.362 4.6095e+07 1.4519e+07
0.363 4.7544e+07 1.4498e+07
0.364 7.0471e+07 1.4478e+07
0.365 5.5672e+07 1.4458e+07
0.366 7.4944e+07 1.4437e+07
0.367 4.9556e+07 1.4417e+07
0.368 5.2993e+07 1.4397e+07
0.369 4.3927e+07 1.4377e+07
0.37 3.5419e+07 1.4357e+07
0.371 7.4065e+07 1.4337e+07
0.372 6.0941e+07 1.4317e+07
0.373 4.3815e+07 1.4297e+07
0.374 5.7368e+07 1.4277e+07
0.375 4.6544e+07 1.4257e+07
0.376 3.918e+07 1.4238e+07
0.377 6.5016e+07 1.4218e+07
0.378 7.419e+07 1.4199e+07
0.379 3.6502e+07 1.4179e+07
0.38 6.5564e+07 1.416e+07
0.381 5.7254e+07 1.414e+07
0.382 4.8226e+07 1.4121e+07
0.383 3.379e+07 1.4101e+07
0.384 4.4203e+07 1.4082e+07
0.385 6.4317e+07 1.4063e+07
0.386 4.7112e+07 1.4044e+07
0.387 6.7869e+07 1.4025e+07
0.388 4.0447e+07 1.4006e+07
0.389 6.7089e+07 1.3987e+07
0.39 2.8959e+07 1.3968e+07
0.391 5.5844e+07 1.3949e+07
0.392 5.3566e+07 1.3931e+07
0.393 5.1335e+07 1.3912e+07
0.394 4.9411e+07 1.3894e+07
0.395 4.1023e+07 1.3875e+07
0.396 4.5539e+07 1.3857e+07
0.397 4.9682e+07 1.3838e+07
0.398 5.9721e+07 1.382e+07
0.399 3.6288e+07 1.3802e+07
0.4 5.3108e+07 1.3784e+07
0.401 5.9629e+07 1.3766e+07
0.402 4.9255e+07 1.3748e+07
0.403 3.5161e+07 1.373e+07
0.404 4.8548e+07 1.3712e+07
0.405 5.5691e+07 1.3694e+07
0.406 3.025e+07 1.3676e+07
0.407 4.043e+07 1.3659e+07
0.408 4.3471e+07 1.3641e+07
0.409 4.2192e+07 1.3624e+07
0.41 6.2832e+07 1.3606e+07
0.411 4.3455e+07 1.3589e+07
0.412 2.6485e+07 1.3572e+07
0.413 3.9515e+07 1.3555e+07
0.414 3.8276e+07 1.3538e+07
0.415 4.036e+07 1.3521e+07
0.416 5.7261e+07 1.3504e+07
0.417 3.9482e+07 1.3487e+07
0.418 4.9272e+07 1.3471e+07
0.419 5.669e+07 1.3454e+07
0.42 2.3075e+07 1.3437e+07
0.421 5.9437e+07 1.3421e+07
0.422 5.2727e+07 1.3404e+07
0.423 6.759e+07 1.3388e+07
0.424 4.4183e+07 1.3372e+07
0.425 4.8064e+07 1.3356e+07
0.426 5.1474e+07 1.334e+07
0.427 3.4317e+07 1.3324e+07
0.428 2.4916e+07 1.3308e+07
0.429 4.7318e+07 1.3292e+07
0.43 2.8751e+07 1.3276e+07
0.431 7.5085e+07 1.3261e+07
0.432 4.5712e+07 1.3245e+07
0.433 2.7174e+07 1.323e+07
0.434 2.3847e+07 1.3214e+07
0.435 4.1989e+07 1.3199e+07
0.436 4.0475e+07 1.3184e+07
0.437 3.8762e+07 1.3168e+07
0.438 4.3859e+07 1.3153e+07
0.439 3.7044e+07 1.3138e+07
0.44 2.5926e+07 1.3123e+07
0.441 3.9243e+07 1.3108e+07
0.442 5.0448e+07 1.3094e+07
0.443 6.6812e+07 1.3079e+07
0.444 4.1911e+07 1.3064e+07
0.445 3.7272e+07 1.3049e+07
0.446 3.1213e+07 1.3035e+07
0.447 1.7529e+07 1.302e+07
0.448 2.3196e+07 1.3006e+07
0.449 3.3652e+07 1.2992e+07
0.45 3.734e+07 1.2977e+07
0.451 4.5183e+07 1.2963e+07
0.452 4.0062e+07 1.2949e+07
0.453 4.0193e+07 1.2935e+07
0.454 5.6583e+07 1.2921e+07
0.455 2.6092e+07 1.2907e+07
0.456 6.1364e+07 1.2893e+07
0.457 6.5168e+07 1.2879e+07
0.458 4.3366e+07 1.2865e+07
0.459 4.3257e+07 1.2851e+07
0.46 3.3983e+07 1.2838e+07
0.461 4.4417e+07 1.2824e+07
0.462 5.4847e+07 1.281e+07
0.463 4.4373e+07 1.2797e+07
0.464 3.8968e+07 1.2783e+07
0.465 2.3186e+07 1.277e+07
0.466 3.8912e+07 1.2756e+07
0.467 4.1932e+07 1.2743e+07
0.468 2.312e+07 1.273e+07
0.469 4.8675e+07 1.2716e+07
0.47 3.556e+07 1.2703e+07
0.471 7.1567e+07 1.269e+07
0.472 5.1724e+07 1.2677e+07
0.473 5.5982e+07 1.2664e+07
0.474 3.1711e+07 1.2651e+07
0.475 3.9459e+07 1.2638e+07
0.476 4.5735e+07 1.2625e+07
0.477 4.6526e+07 1.2612e+07
0.478 4.3888e+07 1.2599e+07
0.479 4.4431e+07 1.2586e+07
0.48 6.4912e+07 1.2573e+07
0.481 5.8364e+07 1.256e+07
0.482 7.4916e+07 1.2547e+07
0.483 3.4894e+07 1.2534e+07
0.484 2.1681e+07 1.2522e+07
0.485 2.1867e+07 1.2509e+07
0.486 3.7393e+07 1.2496e+07
0.487 7.9408e+06 1.2484e+07
0.488 4.8696e+07 1.2471e+07
0.489 3.9148e+07 1.2458e+07
0.49 6.3833e+07 1.2446e+07
0.491 2.2235e+07 1.2433e+07
0.492 3.8185e+07 1.2421e+07
0.493 6.3374e+07 1.2408e+07
0.494 4.9596e+07 1.2396e+07
0.495 4.8113e+07 1.2383e+07
0.496 4.7531e+07 1.2371e+07
0.497 3.8287e+07 1.2359e+07
0.498 4.1758e+07 1.2346e+07
0.499 6.376e+07 1.2334e+07
0.5 4.889e+07 1.2322e+07
