0.001 1.5122e+10 7.3213e+08
0.002 1.3299e+10 5.176e+08
0.003 1.4786e+10 4.2249e+08
0.004 1.4474e+10 3.6573e+08
0.005 1.5154e+10 3.2694e+08
0.006 1.4434e+10 2.9826e+08
0.007 1.4018e+10 2.7591e+08
0.008 1.379e+10 2.5786e+08
0.009 1.4637e+10 2.4286e+08
0.01 1.4062e+10 2.3013e+08
0.011 1.4153e+10 2.1915e+08
0.012 1.3908e+10 2.0952e+08
0.013 1.3739e+10 2.01e+08
0.014 1.4081e+10 1.9337e+08
0.015 1.3996e+10 1.8649e+08
0.016 1.3828e+10 1.8023e+08
0.017 1.3698e+10 1.745e+08
0.018 1.3745e+10 1.6922e+08
0.019 1.3853e+10 1.6434e+08
0.02 1.3708e+10 1.5981e+08
0.021 1.3675e+10 1.5557e+08
0.022 1.3149e+10 1.516e+08
0.023 1.3461e+10 1.4787e+08
0.024 1.3452e+10 1.4435e+08
0.025 1.3088e+10 1.4102e+08
0.026 1.3011e+10 1.3785e+08
0.027 1.2771e+10 1.3485e+08
0.028 1.2951e+10 1.3198e+08
0.029 1.2948e+10 1.2925e+08
0.03 1.2928e+10 1.2663e+08
0.031 1.2562e+10 1.2412e+08
0.032 1.2256e+10 1.2171e+08
0.033 1.2092e+10 1.1939e+08
0.034 1.2288e+10 1.1715e+08
0.035 1.2178e+10 1.15e+08
0.036 1.1926e+10 1.1291e+08
0.037 1.2004e+10 1.109e+08
0.038 1.1849e+10 1.0895e+08
0.039 1.1719e+10 1.0706e+08
0.04 1.1466e+10 1.0522e+08
0.041 1.1298e+10 1.0344e+08
0.042 1.1185e+10 1.017e+08
0.043 1.1159e+10 1.0002e+08
0.044 1.0916e+10 9.8376e+07
0.045 1.0746e+10 9.6776e+07
0.046 1.0758e+10 9.5216e+07
0.047 1.0459e+10 9.3693e+07
0.048 1.0279e+10 9.2206e+07
0.049 1.0224e+10 9.0753e+07
0.05 1.0136e+10 8.9333e+07
0.051 9.9313e+09 8.7944e+07
0.052 9.909e+09 8.6585e+07
0.053 9.6417e+09 8.5254e+07
0.054 9.5616e+09 8.3951e+07
0.055 9.2998e+09 8.2675e+07
0.056 9.2191e+09 8.1423e+07
0.057 9.0436e+09 8.0197e+07
0.058 9.0354e+09 7.8994e+07
0.059 8.7329e+09 7.7813e+07
0.06 8.629e+09 7.6655e+07
0.061 8.5523e+09 7.5518e+07
0.062 8.4302e+09 7.4402e+07
0.063 8.0841e+09 7.3306e+07
0.064 8.0296e+09 7.2229e+07
0.065 7.9804e+09 7.1172e+07
0.066 7.7945e+09 7.0133e+07
0.067 7.494e+09 6.9112e+07
0.068 7.6249e+09 6.8108e+07
0.069 7.4064e+09 6.7122e+07
0.07 7.306e+09 6.6152e+07
0.071 7.1327e+09 6.5199e+07
0.072 6.8526e+09 6.4262e+07
0.073 6.7777e+09 6.334e+07
0.074 6.6827e+09 6.2434e+07
0.075 6.5668e+09 6.1543e+07
0.076 6.2557e+09 6.0667e+07
0.077 6.278e+09 5.9806e+07
0.078 5.9914e+09 5.8958e+07
0.079 5.9675e+09 5.8125e+07
0.08 5.8397e+09 5.7306e+07
0.081 5.6377e+09 5.6501e+07
0.082 5.5166e+09 5.5708e+07
0.083 5.367e+09 5.493e+07
0.084 5.2824e+09 5.4164e+07
0.085 5.1792e+09 5.3411e+07
0.086 5.0779e+09 5.2671e+07
0.087 4.9525e+09 5.1943e+07
0.088 4.8045e+09 5.1228e+07
0.089 4.6899e+09 5.0525e+07
0.09 4.604e+09 4.9834e+07
0.091 4.5361e+09 4.9155e+07
0.092 4.3573e+09 4.8488e+07
0.093 4.2245e+09 4.7833e+07
0.094 4.0938e+09 4.7189e+07
0.095 4.0352e+09 4.6557e+07
0.096 3.911e+09 4.5936e+07
0.097 3.8146e+09 4.5326e+07
0.098 3.7144e+09 4.4727e+07
0.099 3.5464e+09 4.4139e+07
0.1 3.5045e+09 4.3562e+07
0.101 3.4909e+09 4.2996e+07
0.102 3.3533e+09 4.244e+07
0.103 3.2747e+09 4.1895e+07
0.104 3.1605e+09 4.1361e+07
0.105 3.1122e+09 4.0836e+07
0.106 2.9988e+09 4.0322e+07
0.107 2.9652e+09 3.9817e+07
0.108 2.9134e+09 3.9323e+07
0.109 2.7825e+09 3.8839e+07
0.11 2.7417e+09 3.8364e+07
0.111 2.5633e+09 3.7899e+07
0.112 2.5325e+09 3.7443e+07
0.113 2.408e+09 3.6997e+07
0.114 2.4426e+09 3.6559e+07
0.115 2.2716e+09 3.6131e+07
0.116 2.2496e+09 3.5712e+07
0.117 2.1492e+09 3.5302e+07
0.118 2.1351e+09 3.4901e+07
0.119 2.0408e+09 3.4508e+07
0.12 1.9966e+09 3.4124e+07
0.121 1.9234e+09 3.3749e+07
0.122 1.892e+09 3.3381e+07
0.123 1.8281e+09 3.3022e+07
0.124 1.7936e+09 3.2671e+07
0.125 1.638e+09 3.2328e+07
0.126 1.669e+09 3.1992e+07
0.127 1.6117e+09 3.1664e+07
0.128 1.5746e+09 3.1344e+07
0.129 1.55e+09 3.1031e+07
0.13 1.4359e+09 3.0726e+07
0.131 1.3791e+09 3.0427e+07
0.132 1.3776e+09 3.0136e+07
0.133 1.3243e+09 2.9851e+07
0.134 1.3007e+09 2.9573e+07
0.135 1.2573e+09 2.9302e+07
0.136 1.2204e+09 2.9037e+07
0.137 1.1883e+09 2.8779e+07
0.138 1.0836e+09 2.8527e+07
0.139 1.1346e+09 2.8281e+07
0.14 1.0951e+09 2.804e+07
0.141 1.0688e+09 2.7806e+07
0.142 9.8018e+08 2.7577e+07
0.143 9.2228e+08 2.7354e+07
0.144 9.639e+08 2.7137e+07
0.145 9.0311e+08 2.6924e+07
0.146 9.2089e+08 2.6717e+07
0.147 8.7916e+08 2.6515e+07
0.148 8.4539e+08 2.6318e+07
0.149 8.1827e+08 2.6126e+07
0.15 7.6795e+08 2.5938e+07
0.151 7.6935e+08 2.5755e+07
0.152 7.0793e+08 2.5576e+07
0.153 6.9918e+08 2.5402e+07
0.154 6.895e+08 2.5231e+07
0.155 6.731e+08 2.5065e+07
0.156 6.2629e+08 2.4903e+07
0.157 6.346e+08 2.4745e+07
0.158 6.266e+08 2.459e+07
0.159 5.7031e+08 2.4439e+07
0.16 6.0159e+08 2.4292e+07
0.161 5.2647e+08 2.4148e+07
0.162 5.6069e+08 2.4008e+07
0.163 5.015e+08 2.387e+07
0.164 5.0146e+08 2.3736e+07
0.165 4.8755e+08 2.3605e+07
0.166 4.5713e+08 2.3477e+07
0.167 4.2102e+08 2.3352e+07
0.168 4.5658e+08 2.3229e+07
0.169 4.5533e+08 2.3109e+07
0.17 4.3935e+08 2.2992e+07
0.171 3.7803e+08 2.2877e+07
0.172 4.2807e+08 2.2765e+07
0.173 4.1088e+08 2.2655e+07
0.174 3.962e+08 2.2548e+07
0.175 3.7282e+08 2.2442e+07
0.176 3.9671e+08 2.2339e+07
0.177 3.5523e+08 2.2238e+07
0.178 3.4089e+08 2.2139e+07
0.179 3.4844e+08 2.2042e+07
0.18 2.977e+08 2.1947e+07
0.181 3.2009e+08 2.1853e+07
0.182 3.0979e+08 2.1762e+07
0.183 3.093e+08 2.1672e+07
0.184 3.314e+08 2.1584e+07
0.185 2.8968e+08 2.1497e+07
0.186 2.3541e+08 2.1412e+07
0.187 2.5555e+08 2.1329e+07
0.188 2.8979e+08 2.1247e+07
0.189 2.6336e+08 2.1167e+07
0.19 2.6905e+08 2.1087e+07
0.191 2.6874e+08 2.101e+07
0.192 2.969e+08 2.0933e+07
0.193 2.0766e+08 2.0858e+07
0.194 2.5972e+08 2.0784e+07
0.195 2.5406e+08 2.0711e+07
0.196 2.5452e+08 2.0639e+07
0.197 2.3096e+08 2.0569e+07
0.198 2.0964e+08 2.0499e+07
0.199 2.3752e+08 2.0431e+07
0.2 2.0481e+08 2.0363e+07
0.201 2.079e+08 2.0297e+07
0.202 2.1398e+08 2.0231e+07
0.203 2.034e+08 2.0167e+07
0.204 2.2639e+08 2.0103e+07
0.205 1.8677e+08 2.004e+07
0.206 1.8284e+08 1.9979e+07
0.207 1.8508e+08 1.9917e+07
0.208 1.7625e+08 1.9857e+07
0.209 1.8871e+08 1.9798e+07
0.21 1.8997e+08 1.9739e+07
0.211 1.486e+08 1.9681e+07
0.212 1.7859e+08 1.9624e+07
0.213 1.3562e+08 1.9567e+07
0.214 1.3246e+08 1.9511e+07
0.215 1.6916e+08 1.9456e+07
0.216 1.7647e+08 1.9401e+07
0.217 1.7199e+08 1.9348e+07
0.218 1.6919e+08 1.9294e+07
0.219 1.5007e+08 1.9241e+07
0.22 1.3016e+08 1.9189e+07
0.221 1.1656e+08 1.9138e+07
0.222 1.3071e+08 1.9087e+07
0.223 1.2804e+08 1.9036e+07
0.224 1.2667e+08 1.8986e+07
0.225 1.1237e+08 1.8937e+07
0.226 1.5028e+08 1.8888e+07
0.227 1.463e+08 1.8839e+07
0.228 1.3791e+08 1.8791e+07
0.229 8.6367e+07 1.8743e+07
0.23 1.178e+08 1.8696e+07
0.231 1.3766e+08 1.865e+07
0.232 1.0926e+08 1.8603e+07
0.233 1.1729e+08 1.8558e+07
0.234 1.3818e+08 1.8512e+07
0.235 1.2677e+08 1.8467e+07
0.236 1.144e+08 1.8422e+07
0.237 1.3805e+08 1.8378e+07
0.238 1.2963e+08 1.8334e+07
0.239 1.294e+08 1.8291e+07
0.24 1.3975e+08 1.8248e+07
0.241 8.3639e+07 1.8205e+07
0.242 1.134e+08 1.8162e+07
0.243 1.0912e+08 1.812e+07
0.244 8.1097e+07 1.8078e+07
0.245 7.9796e+07 1.8037e+07
0.246 7.6145e+07 1.7996e+07
0.247 1.0239e+08 1.7955e+07
0.248 8.4286e+07 1.7914e+07
0.249 1.352e+08 1.7874e+07
0.25 1.2785e+08 1.7834e+07
0.251 7.1292e+07 1.7794e+07
0.252 7.2973e+07 1.7755e+07
0.253 1.2206e+08 1.7716e+07
0.254 1.2152e+08 1.7677e+07
0.255 1.1825e+08 1.7638e+07
0.256 9.193e+07 1.76e+07
0.257 7.3282e+07 1.7562e+07
0.258 1.0469e+08 1.7524e+07
0.259 8.1869e+07 1.7487e+07
0.26 1.1125e+08 1.745e+07
0.261 8.8678e+07 1.7413e+07
0.262 8.1581e+07 1.7376e+07
0.263 8.0237e+07 1.734e+07
0.264 1.1585e+08 1.7303e+07
0.265 1.0453e+08 1.7267e+07
0.266 7.0406e+07 1.7232e+07
0.267 1.3141e+08 1.7196e+07
0.268 8.0898e+07 1.7161e+07
0.269 6.5731e+07 1.7126e+07
0.27 8.3347e+07 1.7091e+07
0.271 7.962e+07 1.7057e+07
0.272 8.2649e+07 1.7022e+07
0.273 6.5447e+07 1.6988e+07
0.274 7.5429e+07 1.6955e+07
0.275 8.1108e+07 1.6921e+07
0.276 9.1959e+07 1.6888e+07
0.277 6.8554e+07 1.6855e+07
0.278 8.8038e+07 1.6822e+07
0.279 1.0361e+08 1.6789e+07
0.28 7.6284e+07 1.6757e+07
0.281 8.9011e+07 1.6724e+07
0.282 6.3129e+07 1.6692e+07
0.283 7.9171e+07 1.6661e+07
0.284 6.8377e+07 1.6629e+07
0.285 5.6295e+07 1.6598e+07
0.286 7.1218e+07 1.6567e+07
0.287 8.6564e+07 1.6536e+07
0.288 4.4661e+07 1.6505e+07
0.289 6.7257e+07 1.6474e+07
0.29 9.7987e+07 1.6444e+07
0.291 6.5326e+07 1.6414e+07
0.292 7.325e+07 1.6384e+07
0.293 8.1767e+07 1.6355e+07
0.294 4.9255e+07 1.6325e+07
0.295 5.9858e+07 1.6296e+07
0.296 7.7442e+07 1.6267e+07
0.297 4.4883e+07 1.6238e+07
0.298 5.9624e+07 1.621e+07
0.299 7.741e+07 1.6181e+07
0.3 8.6821e+07 1.6153e+07
0.301 5.7285e+07 1.6125e+07
0.302 7.0055e+07 1.6097e+07
0.303 6.8539e+07 1.607e+07
0.304 6.2015e+07 1.6042e+07
0.305 5.4856e+07 1.6015e+07
0.306 7.2049e+07 1.5988e+07
0.307 6.2685e+07 1.5961e+07
0.308 5.5127e+07 1.5934e+07
0.309 5.6917e+07 1.5908e+07
0.31 5.7651e+07 1.5881e+07
0.311 6.7397e+07 1.5855e+07
0.312 7.1908e+07 1.5829e+07
0.313 3.9949e+07 1.5803e+07
0.314 6.5898e+07 1.5778e+07
0.315 5.5561e+07 1.5752e+07
0.316 2.7061e+07 1.5727e+07
0.317 8.7357e+07 1.5702e+07
0.318 6.6346e+07 1.5677e+07
0.319 5.3293e+07 1.5652e+07
0.32 7.0988e+07 1.5627e+07
0.321 6.3818e+07 1.5602e+07
0.322 5.7716e+07 1.5578e+07
0.323 6.8751e+07 1.5554e+07
0.324 4.4893e+07 1.5529e+07
0.325 8.1728e+07 1.5505e+07
0.326 4.0158e+07 1.5482e+07
0.327 6.268e+07 1.5458e+07
0.328 1.1854e+07 1.5434e+07
0.329 2.7832e+07 1.5411e+07
0.33 7.5103e+07 1.5387e+07
0.331 4.1274e+07 1.5364e+07
0.332 5.101e+07 1.5341e+07
0.333 6.3962e+07 1.5318e+07
0.334 3.4358e+07 1.5295e+07
0.335 4.4168e+07 1.5272e+07
0.336 4.3313e+07 1.5249e+07
0.337 7.3626e+07 1.5227e+07
0.338 7.9903e+07 1.5204e+07
0.339 8.4471e+07 1.5182e+07
0.34 5.0715e+07 1.5159e+07
0.341 5.8212e+07 1.5137e+07
0.342 3.1255e+07 1.5115e+07
0.343 4.875e+07 1.5093e+07
0.344 3.9785e+07 1.5071e+07
0.345 3.7384e+07 1.5049e+07
0.346 4.2466e+07 1.5027e+07
0.347 4.4305e+07 1.5005e+07
0.348 6.7796e+07 1.4984e+07
0.349 5.5991e+07 1.4962e+07
0.35 5.0352e+07 1.4941e+07
0.351 4.6574e+07 1.4919e+07
0.352 6.1263e+07 1.4898e+07
0.353 9.3125e+07 1.4876e+07
0.354 4.7442e+07 1.4855e+07
0.355 5.2995e+07 1.4834e+07
0.356 5.302e+07 1.4813e+07
0.357 5.8148e+07 1.4792e+07
0.358 3.8796e+07 1.4771e+07
0.359 7.4671e+07 1.475e+07
0.36 7.0563e+07 1.4729e+07
0.361 6.4609e+07 1.4708e+07
0.362 4.4396e+07 1.4687e+07
0.363 6.5618e+07 1.4667e+07
0.364 4.7991e+07 1.4646e+07
0.365 4.3483e+07 1.4626e+07
0.366 6.3762e+07 1.4605e+07
0.367 5.6471e+07 1.4585e+07
0.368 4.3664e+07 1.4564e+07
0.369 4.5664e+07 1.4544e+07
0.37 6.3201e+07 1.4524e+07
0.371 7.3907e+07 1.4503e+07
0.372 7.3995e+07 1.4483e+07
0.373 6.4054e+07 1.4463e+07
0.374 7.9481e+07 1.4443e+07
0.375 6.3297e+07 1.4423e+07
0.376 5.9798e+07 1.4403e+07
0.377 3.8744e+07 1.4383e+07
0.378 5.3415e+07 1.4363e+07
0.379 4.3776e+07 1.4344e+07
0.38 7.6262e+07 1.4324e+07
0.381 3.1658e+07 1.4304e+07
0.382 4.6246e+07 1.4285e+07
0.383 4.4678e+07 1.4265e+07
0.384 4.9408e+07 1.4246e+07
0.385 5.5941e+07 1.4226e+07
0.386 6.4236e+07 1.4207e+07
0.387 4.66e+07 1.4188e+07
0.388 2.1307e+07 1.4169e+07
0.389 5.7332e+07 1.4149e+07
0.39 4.78e+07 1.413e+07
0.391 7.3432e+07 1.4111e+07
0.392 4.6648e+07 1.4092e+07
0.393 6.5375e+07 1.4074e+07
0.394 5.7527e+07 1.4055e+07
0.395 3.4743e+07 1.4036e+07
0.396 6.3404e+07 1.4017e+07
0.397 5.8245e+07 1.3999e+07
0.398 5.8e+07 1.398e+07
0.399 4.0336e+07 1.3962e+07
0.4 5.7645e+07 1.3944e+07
0.401 5.364e+07 1.3925e+07
0.402 5.5749e+07 1.3907e+07
0.403 4.9632e+07 1.3889e+07
0.404 5.6944e+07 1.3871e+07
0.405 5.4646e+07 1.3853e+07
0.406 3.987e+07 1.3835e+07
0.407 3.7126e+07 1.3817e+07
0.408 5.8982e+07 1.38e+07
0.409 6.8114e+07 1.3782e+07
0.41 3.1551e+07 1.3764e+07
0.411 4.6962e+07 1.3747e+07
0.412 6.0433e+07 1.3729e+07
0.413 6.4002e+07 1.3712e+07
0.414 3.6103e+07 1.3695e+07
0.415 4.6193e+07 1.3678e+07
0.416 4.644e+07 1.3661e+07
0.417 3.018e+07 1.3644e+07
0.418 2.7668e+07 1.3627e+07
0.419 4.5126e+07 1.361e+07
0.42 6.5549e+07 1.3593e+07
0.421 3.6683e+07 1.3577e+07
0.422 3.6092e+07 1.356e+07
0.423 5.7938e+07 1.3544e+07
0.424 3.581e+07 1.3527e+07
0.425 4.5767e+07 1.3511e+07
0.426 4.898e+07 1.3495e+07
0.427 3.5786e+07 1.3478e+07
0.428 4.0722e+07 1.3462e+07
0.429 2.0075e+07 1.3446e+07
0.43 3.328e+07 1.343e+07
0.431 5.4863e+07 1.3415e+07
0.432 6.2243e+07 1.3399e+07
0.433 3.3209e+07 1.3383e+07
0.434 3.064e+07 1.3368e+07
0.435 2.5012e+07 1.3352e+07
0.436 1.2923e+07 1.3337e+07
0.437 4.5108e+07 1.3321e+07
0.438 1.6852e+07 1.3306e+07
0.439 6.1935e+07 1.3291e+07
0.44 4.7975e+07 1.3276e+07
0.441 2.5189e+07 1.3261e+07
0.442 4.1311e+07 1.3246e+07
0.443 4.553e+07 1.3231e+07
0.444 5.5245e+07 1.3216e+07
0.445 2.8161e+07 1.3201e+07
0.446 4.6819e+07 1.3186e+07
0.447 4.6145e+07 1.3172e+07
0.448 5.1236e+07 1.3157e+07
0.449 5.2453e+07 1.3142e+07
0.45 3.9252e+07 1.3128e+07
0.451 3.5735e+07 1.3114e+07
0.452 3.2645e+07 1.3099e+07
0.453 5.0142e+07 1.3085e+07
0.454 3.0966e+07 1.3071e+07
0.455 3.2167e+07 1.3057e+07
0.456 3.822e+07 1.3043e+07
0.457 3.1024e+07 1.3029e+07
0.458 5.8714e+07 1.3015e+07
0.459 6.6238e+07 1.3001e+07
0.46 3.0394e+07 1.2987e+07
0.461 5.6349e+07 1.2973e+07
0.462 4.2841e+07 1.2959e+07
0.463 4.2291e+07 1.2945e+07
0.464 4.2328e+07 1.2932e+07
0.465 4.6868e+07 1.2918e+07
0.466 4.6963e+07 1.2905e+07
0.467 5.7787e+07 1.2891e+07
0.468 3.9438e+07 1.2878e+07
0.469 1.4296e+07 1.2864e+07
0.47 4.4363e+07 1.2851e+07
0.471 6.9472e+07 1.2837e+07
0.472 6.7919e+07 1.2824e+07
0.473 5.5784e+07 1.2811e+07
0.474 4.9537e+07 1.2797e+07
0.475 2.6785e+07 1.2784e+07
0.476 7.4497e+07 1.2771e+07
0.477 3.8868e+07 1.2758e+07
0.478 3.8871e+07 1.2745e+07
0.479 4.8232e+07 1.2732e+07
0.48 5.2487e+07 1.2719e+07
0.481 5.3307e+07 1.2706e+07
0.482 2.7583e+07 1.2693e+07
0.483 5.5264e+07 1.268e+07
0.484 4.1295e+07 1.2667e+07
0.485 6.4622e+07 1.2654e+07
0.486 5.5242e+07 1.2641e+07
0.487 2.7221e+07 1.2629e+07
0.488 3.3088e+07 1.2616e+07
0.489 5.9622e+07 1.2603e+07
0.49 3.78e+07 1.259e+07
0.491 3.6046e+07 1.2578e+07
0.492 4.1106e+07 1.2565e+07
0.493 4.0892e+07 1.2552e+07
0.494 2.9988e+07 1.254e+07
0.495 4.4876e+07 1.2527e+07
0.496 3.7228e+07 1.2515e+07
0.497 5.2508e+07 1.2502e+07
0.498 5.3822e+07 1.249e+07
0.499 5.0812e+07 1.2477e+07
0.5 5.4549e+07 1.2465e+07
