0.001 1.3771e+10 7.1447e+08
0.002 1.4728e+10 5.0511e+08
0.003 1.3874e+10 4.123e+08
0.004 1.3603e+10 3.5691e+08
0.005 1.4694e+10 3.1905e+08
0.006 1.3705e+10 2.9106e+08
0.007 1.4339e+10 2.6925e+08
0.008 1.4006e+10 2.5164e+08
0.009 1.4087e+10 2.37e+08
0.01 1.398e+10 2.2458e+08
0.011 1.3731e+10 2.1385e+08
0.012 1.3376e+10 2.0446e+08
0.013 1.3764e+10 1.9614e+08
0.014 1.3901e+10 1.887e+08
0.015 1.3462e+10 1.8198e+08
0.016 1.3726e+10 1.7587e+08
0.017 1.3653e+10 1.7028e+08
0.018 1.3785e+10 1.6513e+08
0.019 1.3384e+10 1.6037e+08
0.02 1.3318e+10 1.5594e+08
0.021 1.3182e+10 1.518e+08
0.022 1.3153e+10 1.4793e+08
0.023 1.2947e+10 1.4429e+08
0.024 1.2979e+10 1.4085e+08
0.025 1.3049e+10 1.376e+08
0.026 1.2651e+10 1.3451e+08
0.027 1.2844e+10 1.3158e+08
0.028 1.2497e+10 1.2878e+08
0.029 1.2336e+10 1.2611e+08
0.03 1.2376e+10 1.2356e+08
0.031 1.2411e+10 1.211e+08
0.032 1.2228e+10 1.1875e+08
0.033 1.1978e+10 1.1649e+08
0.034 1.1932e+10 1.143e+08
0.035 1.1743e+10 1.122e+08
0.036 1.1704e+10 1.1017e+08
0.037 1.1477e+10 1.082e+08
0.038 1.1533e+10 1.0629e+08
0.039 1.1403e+10 1.0445e+08
0.04 1.127e+10 1.0265e+08
0.041 1.0861e+10 1.0091e+08
0.042 1.1058e+10 9.9222e+07
0.043 1.0712e+10 9.7576e+07
0.044 1.0757e+10 9.5973e+07
0.045 1.0552e+10 9.441e+07
0.046 1.034e+10 9.2887e+07
0.047 1.0188e+10 9.14e+07
0.048 1.0204e+10 8.9948e+07
0.049 9.9555e+09 8.853e+07
0.05 9.9893e+09 8.7143e+07
0.051 9.7098e+09 8.5787e+07
0.052 9.5147e+09 8.446e+07
0.053 9.3383e+09 8.3161e+07
0.054 9.3143e+09 8.1889e+07
0.055 9.1405e+09 8.0643e+07
0.056 8.9865e+09 7.9421e+07
0.057 8.6883e+09 7.8223e+07
0.058 8.6934e+09 7.7049e+07
0.059 8.3882e+09 7.5896e+07
0.06 8.3504e+09 7.4766e+07
0.061 8.2731e+09 7.3656e+07
0.062 8.1396e+09 7.2566e+07
0.063 7.866e+09 7.1496e+07
0.064 7.8736e+09 7.0445e+07
0.065 7.613e+09 6.9413e+07
0.066 7.5191e+09 6.8399e+07
0.067 7.4125e+09 6.7402e+07
0.068 7.2805e+09 6.6422e+07
0.069 7.1164e+09 6.546e+07
0.07 7.0501e+09 6.4513e+07
0.071 6.7983e+09 6.3583e+07
0.072 6.7215e+09 6.2668e+07
0.073 6.6384e+09 6.1769e+07
0.074 6.339e+09 6.0885e+07
0.075 6.3276e+09 6.0015e+07
0.076 6.1834e+09 5.916e+07
0.077 6.0722e+09 5.832e+07
0.078 5.9497e+09 5.7493e+07
0.079 5.7872e+09 5.668e+07
0.08 5.7246e+09 5.5881e+07
0.081 5.537e+09 5.5095e+07
0.082 5.393e+09 5.4322e+07
0.083 5.3414e+09 5.3562e+07
0.084 5.1884e+09 5.2815e+07
0.085 5.0909e+09 5.2081e+07
0.086 4.9516e+09 5.1359e+07
0.087 4.7397e+09 5.0649e+07
0.088 4.7354e+09 4.9952e+07
0.089 4.5994e+09 4.9266e+07
0.09 4.4364e+09 4.8593e+07
0.091 4.319e+09 4.7931e+07
0.092 4.2121e+09 4.728e+07
0.093 4.2116e+09 4.6641e+07
0.094 4.0499e+09 4.6014e+07
0.095 3.9192e+09 4.5397e+07
0.096 3.8436e+09 4.4792e+07
0.097 3.6946e+09 4.4198e+07
0.098 3.586e+09 4.3614e+07
0.099 3.5739e+09 4.3041e+07
0.1 3.4592e+09 4.2479e+07
0.101 3.3582e+09 4.1927e+07
0.102 3.35e+09 4.1386e+07
0.103 3.2107e+09 4.0855e+07
0.104 3.0802e+09 4.0334e+07
0.105 3.0117e+09 3.9823e+07
0.106 2.9094e+09 3.9322e+07
0.107 2.8835e+09 3.8831e+07
0.108 2.7946e+09 3.8349e+07
0.109 2.7013e+09 3.7878e+07
0.11 2.5585e+09 3.7415e+07
0.111 2.5491e+09 3.6962e+07
0.112 2.4289e+09 3.6519e+07
0.113 2.3827e+09 3.6084e+07
0.114 2.3448e+09 3.5659e+07
0.115 2.2464e+09 3.5242e+07
0.116 2.1745e+09 3.4834e+07
0.117 2.104e+09 3.4435e+07
0.118 2.0233e+09 3.4045e+07
0.119 2.0248e+09 3.3663e+07
0.12 1.9119e+09 3.3289e+07
0.121 1.8881e+09 3.2923e+07
0.122 1.8074e+09 3.2566e+07
0.123 1.7348e+09 3.2217e+07
0.124 1.699e+09 3.1875e+07
0.125 1.5931e+09 3.1541e+07
0.126 1.5826e+09 3.1215e+07
0.127 1.5345e+09 3.0896e+07
0.128 1.4883e+09 3.0585e+07
0.129 1.3861e+09 3.028e+07
0.13 1.3945e+09 2.9983e+07
0.131 1.3732e+09 2.9693e+07
0.132 1.338e+09 2.941e+07
0.133 1.2785e+09 2.9133e+07
0.134 1.276e+09 2.8863e+07
0.135 1.2445e+09 2.8599e+07
0.136 1.1681e+09 2.8342e+07
0.137 1.1824e+09 2.8091e+07
0.138 1.1266e+09 2.7846e+07
0.139 1.0935e+09 2.7606e+07
0.14 1.0776e+09 2.7373e+07
0.141 9.9143e+08 2.7145e+07
0.142 9.7221e+08 2.6923e+07
0.143 9.6058e+08 2.6706e+07
0.144 9.2748e+08 2.6495e+07
0.145 8.8517e+08 2.6288e+07
0.146 8.6534e+08 2.6087e+07
0.147 8.5004e+08 2.589e+07
0.148 7.9575e+08 2.5699e+07
0.149 7.9535e+08 2.5512e+07
0.15 7.7791e+08 2.5329e+07
0.151 7.5068e+08 2.5151e+07
0.152 6.9366e+08 2.4977e+07
0.153 6.9691e+08 2.4808e+07
0.154 6.5374e+08 2.4642e+07
0.155 6.9583e+08 2.4481e+07
0.156 6.2045e+08 2.4323e+07
0.157 6.1435e+08 2.4169e+07
0.158 5.9759e+08 2.4019e+07
0.159 5.8263e+08 2.3872e+07
0.16 5.3854e+08 2.3729e+07
0.161 4.9893e+08 2.3589e+07
0.162 5.1039e+08 2.3452e+07
0.163 5.117e+08 2.3318e+07
0.164 4.9595e+08 2.3188e+07
0.165 4.7098e+08 2.306e+07
0.166 4.5981e+08 2.2935e+07
0.167 4.6382e+08 2.2813e+07
0.168 4.6273e+08 2.2694e+07
0.169 4.4153e+08 2.2577e+07
0.17 4.0812e+08 2.2463e+07
0.171 3.9497e+08 2.2351e+07
0.172 3.996e+08 2.2242e+07
0.173 4.0189e+08 2.2135e+07
0.174 3.4941e+08 2.203e+07
0.175 3.584e+08 2.1927e+07
0.176 3.4513e+08 2.1827e+07
0.177 3.6571e+08 2.1728e+07
0.178 3.448e+08 2.1631e+07
0.179 3.3347e+08 2.1537e+07
0.18 3.1084e+08 2.1444e+07
0.181 2.9645e+08 2.1353e+07
0.182 2.9587e+08 2.1263e+07
0.183 3.3686e+08 2.1176e+07
0.184 3.3525e+08 2.109e+07
0.185 2.7938e+08 2.1005e+07
0.186 2.5166e+08 2.0922e+07
0.187 2.8956e+08 2.0841e+07
0.188 2.6073e+08 2.0761e+07
0.189 2.9206e+08 2.0682e+07
0.19 2.762e+08 2.0604e+07
0.191 2.4616e+08 2.0528e+07
0.192 2.2922e+08 2.0454e+07
0.193 2.2175e+08 2.038e+07
0.194 2.7518e+08 2.0308e+07
0.195 2.4822e+08 2.0237e+07
0.196 1.4257e+08 2.0166e+07
0.197 2.188e+08 2.0097e+07
0.198 2.1819e+08 2.0029e+07
0.199 2.184e+08 1.9963e+07
0.2 2.0253e+08 1.9897e+07
0.201 2.0044e+08 1.9832e+07
0.202 2.2585e+08 1.9768e+07
0.203 1.8435e+08 1.9704e+07
0.204 2.2419e+08 1.9642e+07
0.205 1.6646e+08 1.9581e+07
0.206 2.0367e+08 1.952e+07
0.207 1.4862e+08 1.946e+07
0.208 1.8482e+08 1.9401e+07
0.209 1.7098e+08 1.9343e+07
0.21 1.7512e+08 1.9286e+07
0.211 1.5666e+08 1.9229e+07
0.212 1.8829e+08 1.9173e+07
0.213 1.8722e+08 1.9118e+07
0.214 1.7897e+08 1.9063e+07
0.215 1.5947e+08 1.9009e+07
0.216 1.1577e+08 1.8956e+07
0.217 1.3992e+08 1.8903e+07
0.218 1.5956e+08 1.8851e+07
0.219 1.333e+08 1.8799e+07
0.22 1.7076e+08 1.8748e+07
0.221 1.451e+08 1.8698e+07
0.222 1.3623e+08 1.8648e+07
0.223 1.5934e+08 1.8598e+07
0.224 1.4727e+08 1.8549e+07
0.225 1.2251e+08 1.8501e+07
0.226 1.4438e+08 1.8453e+07
0.227 1.7306e+08 1.8406e+07
0.228 1.1792e+08 1.8359e+07
0.229 1.3825e+08 1.8312e+07
0.23 1.1838e+08 1.8266e+07
0.231 9.9202e+07 1.822e+07
0.232 1.4042e+08 1.8175e+07
0.233 1.3607e+08 1.813e+07
0.234 1.0671e+08 1.8086e+07
0.235 1.2035e+08 1.8042e+07
0.236 1.1704e+08 1.7998e+07
0.237 1.1746e+08 1.7955e+07
0.238 1.3439e+08 1.7912e+07
0.239 1.2743e+08 1.7869e+07
0.24 1.0011e+08 1.7827e+07
0.241 1.3779e+08 1.7785e+07
0.242 6.8602e+07 1.7744e+07
0.243 1.0531e+08 1.7703e+07
0.244 1.2582e+08 1.7662e+07
0.245 1.3056e+08 1.7621e+07
0.246 1.2578e+08 1.7581e+07
0.247 1.0071e+08 1.7541e+07
0.248 9.3552e+07 1.7502e+07
0.249 1.0148e+08 1.7462e+07
0.25 1.0201e+08 1.7423e+07
0.251 1.0757e+08 1.7385e+07
0.252 1.0694e+08 1.7346e+07
0.253 1.0409e+08 1.7308e+07
0.254 7.7457e+07 1.727e+07
0.255 5.9846e+07 1.7232e+07
0.256 7.8429e+07 1.7195e+07
0.257 8.9551e+07 1.7158e+07
0.258 1.0047e+08 1.7121e+07
0.259 8.8357e+07 1.7084e+07
0.26 1.1833e+08 1.7048e+07
0.261 8.0732e+07 1.7012e+07
0.262 8.589e+07 1.6976e+07
0.263 7.3417e+07 1.6941e+07
0.264 7.5614e+07 1.6905e+07
0.265 8.5393e+07 1.687e+07
0.266 8.8979e+07 1.6835e+07
0.267 8.1396e+07 1.6801e+07
0.268 6.0469e+07 1.6766e+07
0.269 9.0956e+07 1.6732e+07
0.27 9.0002e+07 1.6698e+07
0.271 8.0754e+07 1.6664e+07
0.272 6.0828e+07 1.6631e+07
0.273 5.696e+07 1.6598e+07
0.274 6.8629e+07 1.6565e+07
0.275 7.6689e+07 1.6532e+07
0.276 6.0993e+07 1.6499e+07
0.277 5.4521e+07 1.6467e+07
0.278 9.7675e+07 1.6435e+07
0.279 7.1417e+07 1.6403e+07
0.28 6.0585e+07 1.6371e+07
0.281 7.2979e+07 1.634e+07
0.282 7.7419e+07 1.6309e+07
0.283 1.0634e+08 1.6278e+07
0.284 6.6136e+07 1.6247e+07
0.285 7.5131e+07 1.6216e+07
0.286 9.3988e+07 1.6186e+07
0.287 3.1486e+07 1.6156e+07
0.288 6.5941e+07 1.6126e+07
0.289 5.3719e+07 1.6096e+07
0.29 6.9293e+07 1.6066e+07
0.291 4.2479e+07 1.6037e+07
0.292 8.6747e+07 1.6008e+07
0.293 5.1646e+07 1.5979e+07
0.294 6.7166e+07 1.595e+07
0.295 1.1468e+08 1.5922e+07
0.296 6.4478e+07 1.5893e+07
0.297 6.9826e+07 1.5865e+07
0.298 9.5187e+07 1.5837e+07
0.299 1.0157e+08 1.5809e+07
0.3 3.7486e+07 1.5782e+07
0.301 6.9078e+07 1.5754e+07
0.302 4.8339e+07 1.5727e+07
0.303 4.848e+07 1.57e+07
0.304 3.3445e+07 1.5674e+07
0.305 5.1062e+07 1.5647e+07
0.306 3.1355e+07 1.562e+07
0.307 6.515e+07 1.5594e+07
0.308 7.2736e+07 1.5568e+07
0.309 8.6134e+07 1.5542e+07
0.31 6.169e+07 1.5516e+07
0.311 6.5978e+07 1.5491e+07
0.312 6.9232e+07 1.5465e+07
0.313 6.0193e+07 1.544e+07
0.314 4.374e+07 1.5415e+07
0.315 3.6501e+07 1.539e+07
0.316 5.7372e+07 1.5365e+07
0.317 3.8791e+07 1.5341e+07
0.318 3.2067e+07 1.5316e+07
0.319 7.2217e+07 1.5292e+07
0.32 6.433e+07 1.5268e+07
0.321 5.8817e+07 1.5244e+07
0.322 7.7471e+07 1.522e+07
0.323 6.1772e+07 1.5196e+07
0.324 3.6586e+07 1.5173e+07
0.325 4.5058e+07 1.5149e+07
0.326 6.7422e+07 1.5126e+07
0.327 6.886e+07 1.5102e+07
0.328 7.0078e+07 1.5079e+07
0.329 3.9165e+07 1.5056e+07
0.33 5.1303e+07 1.5034e+07
0.331 5.9696e+07 1.5011e+07
0.332 2.7963e+07 1.4988e+07
0.333 6.9418e+07 1.4966e+07
0.334 6.4313e+07 1.4943e+07
0.335 7.5219e+07 1.4921e+07
0.336 6.4912e+07 1.4899e+07
0.337 6.525e+07 1.4877e+07
0.338 7.0301e+07 1.4855e+07
0.339 9.5656e+07 1.4833e+07
0.34 1.0916e+08 1.4811e+07
0.341 8.8456e+07 1.4789e+07
0.342 7.1268e+07 1.4767e+07
0.343 4.7554e+07 1.4746e+07
0.344 5.7288e+07 1.4724e+07
0.345 6.986e+07 1.4703e+07
0.346 5.4193e+07 1.4682e+07
0.347 2.8025e+07 1.466e+07
0.348 6.0928e+07 1.4639e+07
0.349 6.7643e+07 1.4618e+07
0.35 5.2979e+07 1.4597e+07
0.351 7.3879e+07 1.4576e+07
0.352 6.1642e+07 1.4555e+07
0.353 6.5306e+07 1.4534e+07
0.354 5.1055e+07 1.4514e+07
0.355 6.4724e+07 1.4493e+07
0.356 7.3318e+07 1.4472e+07
0.357 5.5133e+07 1.4452e+07
0.358 3.6573e+07 1.4431e+07
0.359 6.8167e+07 1.4411e+07
0.36 7.4115e+07 1.439e+07
0.361 5.514e+07 1.437e+07
0.362 4.8433e+07 1.435e+07
0.363 4.8854e+07 1.433e+07
0.364 4.9335e+07 1.431e+07
0.365 6.4035e+07 1.4289e+07
0.366 7.1809e+07 1.4269e+07
0.367 5.312e+07 1.4249e+07
0.368 4.2191e+07 1.423e+07
0.369 5.707e+07 1.421e+07
0.37 6.3168e+07 1.419e+07
0.371 5.113e+07 1.417e+07
0.372 4.2321e+07 1.415e+07
0.373 4.8607e+07 1.4131e+07
0.374 4.2758e+07 1.4111e+07
0.375 6.9216e+07 1.4092e+07
0.376 4.2608e+07 1.4072e+07
0.377 4.918e+07 1.4053e+07
0.378 4.5701e+07 1.4033e+07
0.379 4.4192e+07 1.4014e+07
0.38 4.934e+07 1.3995e+07
0.381 5.4333e+07 1.3976e+07
0.382 4.6495e+07 1.3957e+07
0.383 5.6673e+07 1.3938e+07
0.384 5.8104e+07 1.3919e+07
0.385 5.351e+07 1.39e+07
0.386 4.5046e+07 1.3881e+07
0.387 7.317e+07 1.3862e+07
0.388 8.5041e+07 1.3843e+07
0.389 4.4459e+07 1.3824e+07
0.39 5.0012e+07 1.3806e+07
0.391 5.5486e+07 1.3787e+07
0.392 6.2506e+07 1.3769e+07
0.393 4.5085e+07 1.375e+07
0.394 3.7083e+07 1.3732e+07
0.395 2.9999e+07 1.3714e+07
0.396 5.6763e+07 1.3696e+07
0.397 5.1697e+07 1.3677e+07
0.398 3.9272e+07 1.3659e+07
0.399 4.357e+07 1.3641e+07
0.4 5.0633e+07 1.3623e+07
0.401 3.5694e+07 1.3606e+07
0.402 4.1219e+07 1.3588e+07
0.403 6.2602e+07 1.357e+07
0.404 2.6002e+07 1.3552e+07
0.405 4.6286e+07 1.3535e+07
0.406 4.1018e+07 1.3517e+07
0.407 3.8944e+07 1.35e+07
0.408 5.7591e+07 1.3483e+07
0.409 4.6668e+07 1.3465e+07
0.41 2.6572e+07 1.3448e+07
0.411 3.2098e+07 1.3431e+07
0.412 4.472e+07 1.3414e+07
0.413 4.1169e+07 1.3397e+07
0.414 6.0737e+07 1.338e+07
0.415 5.2802e+07 1.3364e+07
0.416 4.2354e+07 1.3347e+07
0.417 4.25e+07 1.333e+07
0.418 3.2159e+07 1.3314e+07
0.419 3.5277e+07 1.3297e+07
0.42 4.3892e+07 1.3281e+07
0.421 5.2186e+07 1.3265e+07
0.422 3.295e+07 1.3249e+07
0.423 6.2923e+07 1.3233e+07
0.424 2.9925e+07 1.3217e+07
0.425 3.4283e+07 1.3201e+07
0.426 2.2233e+07 1.3185e+07
0.427 2.5444e+07 1.3169e+07
0.428 3.0751e+07 1.3153e+07
0.429 3.9004e+07 1.3138e+07
0.43 4.6185e+07 1.3122e+07
0.431 3.3118e+07 1.3107e+07
0.432 3.3995e+07 1.3091e+07
0.433 4.3387e+07 1.3076e+07
0.434 4.0174e+07 1.3061e+07
0.435 4.0834e+07 1.3045e+07
0.436 3.4123e+07 1.303e+07
0.437 5.58e+07 1.3015e+07
0.438 1.6277e+07 1.3e+07
0.439 2.3777e+07 1.2986e+07
0.44 5.2198e+07 1.2971e+07
0.441 2.1597e+07 1.2956e+07
0.442 4.9214e+07 1.2941e+07
0.443 5.2394e+07 1.2927e+07
0.444 4.7481e+07 1.2912e+07
0.445 4.5725e+07 1.2898e+07
0.446 2.9073e+07 1.2883e+07
0.447 7.2601e+07 1.2869e+07
0.448 4.2172e+07 1.2855e+07
0.449 2.7494e+07 1.2841e+07
0.45 3.4517e+07 1.2827e+07
0.451 4.0669e+07 1.2812e+07
0.452 5.0805e+07 1.2798e+07
0.453 3.6435e+07 1.2784e+07
0.454 4.6528e+07 1.2771e+07
0.455 5.7338e+06 1.2757e+07
0.456 2.6339e+07 1.2743e+07
0.457 3.9546e+07 1.2729e+07
0.458 2.8676e+07 1.2716e+07
0.459 2.4652e+07 1.2702e+07
0.46 3.4155e+07 1.2688e+07
0.461 2.8102e+07 1.2675e+07
0.462 1.6452e+07 1.2661e+07
0.463 3.6635e+07 1.2648e+07
0.464 4.5568e+07 1.2635e+07
0.465 3.6595e+07 1.2621e+07
0.466 2.8726e+07 1.2608e+07
0.467 2.9142e+07 1.2595e+07
0.468 3.9458e+07 1.2582e+07
0.469 4.9886e+07 1.2569e+07
0.47 1.6967e+07 1.2555e+07
0.471 5.9228e+07 1.2542e+07
0.472 4.069e+07 1.2529e+07
0.473 5.1808e+07 1.2516e+07
0.474 4.3713e+07 1.2503e+07
0.475 5.8186e+07 1.2491e+07
0.476 4.8163e+07 1.2478e+07
0.477 6.1929e+07 1.2465e+07
0.478 7.2303e+07 1.2452e+07
0.479 3.8536e+07 1.2439e+07
0.48 4.5682e+07 1.2427e+07
0.481 4.2078e+07 1.2414e+07
0.482 6.3935e+07 1.2401e+07
0.483 5.0006e+07 1.2389e+07
0.484 3.5224e+07 1.2376e+07
0.485 6.515e+07 1.2363e+07
0.486 3.1065e+07 1.2351e+07
0.487 2.7638e+07 1.2338e+07
0.488 6.3473e+07 1.2326e+07
0.489 5.5995e+07 1.2313e+07
0.49 5.8623e+07 1.2301e+07
0.491 6.4458e+07 1.2289e+07
0.492 5.8434e+07 1.2276e+07
0.493 5.7609e+07 1.2264e+07
0.494 3.4753e+07 1.2252e+07
0.495 4.5807e+07 1.2239e+07
0.496 3.9411e+07 1.2227e+07
0.497 3.9164e+07 1.2215e+07
0.498 3.4513e+07 1.2203e+07
0.499 4.6348e+07 1.219e+07
0.5 5.8089e+07 1.2178e+07
