0.001 5.3214e+09 1.0643e+08
0.002 5.9058e+09 1.1812e+08
0.003 5.6878e+09 1.1376e+08
0.004 6.0577e+09 1.2115e+08
0.005 5.8582e+09 1.1716e+08
0.006 5.9061e+09 1.1812e+08
0.007 5.8449e+09 1.169e+08
0.008 5.8549e+09 1.171e+08
0.009 6.0653e+09 1.2131e+08
0.01 5.9123e+09 1.1825e+08
0.011 5.8134e+09 1.1627e+08
0.012 5.8041e+09 1.1608e+08
0.013 5.7049e+09 1.141e+08
0.014 5.8569e+09 1.1714e+08
0.015 5.8585e+09 1.1717e+08
0.016 5.8698e+09 1.174e+08
0.017 5.7626e+09 1.1525e+08
0.018 5.9249e+09 1.185e+08
0.019 5.7082e+09 1.1416e+08
0.02 5.8693e+09 1.1739e+08
0.021 5.7184e+09 1.1437e+08
0.022 5.6938e+09 1.1388e+08
0.023 5.8754e+09 1.1751e+08
0.024 5.7104e+09 1.1421e+08
0.025 5.6962e+09 1.1392e+08
0.026 5.6683e+09 1.1337e+08
0.027 5.6052e+09 1.121e+08
0.028 5.5584e+09 1.1117e+08
0.029 5.5481e+09 1.1096e+08
0.03 5.4854e+09 1.0971e+08
0.031 5.4387e+09 1.0877e+08
0.032 5.4854e+09 1.0971e+08
0.033 5.3714e+09 1.0743e+08
0.034 5.3443e+09 1.0689e+08
0.035 5.2906e+09 1.0581e+08
0.036 5.1514e+09 1.0303e+08
0.037 5.4002e+09 1.08e+08
0.038 5.2068e+09 1.0414e+08
0.039 5.1328e+09 1.0266e+08
0.04 5.2355e+09 1.0471e+08
0.041 5.1171e+09 1.0234e+08
0.042 5.0499e+09 1.01e+08
0.043 5.0464e+09 1.0093e+08
0.044 4.9855e+09 9.971e+07
0.045 5.0004e+09 1.0001e+08
0.046 4.9116e+09 9.8233e+07
0.047 4.9217e+09 9.8435e+07
0.048 4.7553e+09 9.5106e+07
0.049 4.9557e+09 9.9115e+07
0.05 4.7278e+09 9.4556e+07
0.051 4.7307e+09 9.4613e+07
0.052 4.6301e+09 9.2602e+07
0.053 4.6634e+09 9.3267e+07
0.054 4.568e+09 9.136e+07
0.055 4.5803e+09 9.1606e+07
0.056 4.5124e+09 9.0249e+07
0.057 4.5463e+09 9.0925e+07
0.058 4.3959e+09 8.7918e+07
0.059 4.457e+09 8.914e+07
0.06 4.4174e+09 8.8348e+07
0.061 4.3505e+09 8.7011e+07
0.062 4.2853e+09 8.5706e+07
0.063 4.2732e+09 8.5463e+07
0.064 4.2112e+09 8.4225e+07
0.065 4.1703e+09 8.3406e+07
0.066 4.1844e+09 8.3687e+07
0.067 4.0423e+09 8.0847e+07
0.068 3.9254e+09 7.8507e+07
0.069 3.8941e+09 7.7881e+07
0.07 3.9661e+09 7.9322e+07
0.071 3.7927e+09 7.5854e+07
0.072 3.8292e+09 7.6585e+07
0.073 3.8055e+09 7.6111e+07
0.074 3.7032e+09 7.4065e+07
0.075 3.7144e+09 7.4288e+07
0.076 3.6195e+09 7.2389e+07
0.077 3.5767e+09 7.1533e+07
0.078 3.571e+09 7.142e+07
0.079 3.5136e+09 7.0271e+07
0.08 3.5218e+09 7.0436e+07
0.081 3.3514e+09 6.7029e+07
0.082 3.3585e+09 6.717e+07
0.083 3.3324e+09 6.6647e+07
0.084 3.2745e+09 6.5489e+07
0.085 3.2092e+09 6.4184e+07
0.086 3.1579e+09 6.3158e+07
0.087 3.132e+09 6.264e+07
0.088 3.0938e+09 6.1875e+07
0.089 3.0166e+09 6.0331e+07
0.09 2.9723e+09 5.9446e+07
0.091 2.9661e+09 5.9323e+07
0.092 2.9464e+09 5.8927e+07
0.093 2.8477e+09 5.6954e+07
0.094 2.7964e+09 5.5929e+07
0.095 2.7925e+09 5.5851e+07
0.096 2.7047e+09 5.4093e+07
0.097 2.7306e+09 5.4611e+07
0.098 2.665e+09 5.3299e+07
0.099 2.6303e+09 5.2605e+07
0.1 2.5682e+09 5.1364e+07
0.101 2.5342e+09 5.0685e+07
0.102 2.4861e+09 4.9721e+07
0.103 2.4965e+09 4.9929e+07
0.104 2.4036e+09 4.8072e+07
0.105 2.3762e+09 4.7525e+07
0.106 2.3711e+09 4.7423e+07
0.107 2.3199e+09 4.6399e+07
0.108 2.3081e+09 4.6162e+07
0.109 2.24e+09 4.4799e+07
0.11 2.1829e+09 4.3657e+07
0.111 2.1778e+09 4.3557e+07
0.112 2.1176e+09 4.2352e+07
0.113 2.0661e+09 4.1323e+07
0.114 2.0714e+09 4.1428e+07
0.115 2.0132e+09 4.0264e+07
0.116 1.9591e+09 3.9182e+07
0.117 1.9604e+09 3.9208e+07
0.118 1.9136e+09 3.8272e+07
0.119 1.854e+09 3.7081e+07
0.12 1.8474e+09 3.6947e+07
0.121 1.804e+09 3.6079e+07
0.122 1.7836e+09 3.5672e+07
0.123 1.748e+09 3.4959e+07
0.124 1.7198e+09 3.4396e+07
0.125 1.7423e+09 3.4847e+07
0.126 1.6871e+09 3.3741e+07
0.127 1.6663e+09 3.3325e+07
0.128 1.6379e+09 3.2758e+07
0.129 1.6019e+09 3.2039e+07
0.13 1.5886e+09 3.1773e+07
0.131 1.5378e+09 3.0756e+07
0.132 1.4995e+09 2.9991e+07
0.133 1.4729e+09 2.9458e+07
0.134 1.4263e+09 2.8525e+07
0.135 1.4383e+09 2.8766e+07
0.136 1.3889e+09 2.7779e+07
0.137 1.36e+09 2.72e+07
0.138 1.3266e+09 2.6533e+07
0.139 1.3203e+09 2.6405e+07
0.14 1.3243e+09 2.6486e+07
0.141 1.2362e+09 2.4724e+07
0.142 1.2407e+09 2.4814e+07
0.143 1.2036e+09 2.4072e+07
0.144 1.2676e+09 2.5352e+07
0.145 1.184e+09 2.368e+07
0.146 1.1531e+09 2.3061e+07
0.147 1.1414e+09 2.2828e+07
0.148 1.1415e+09 2.2829e+07
0.149 1.1409e+09 2.2817e+07
0.15 1.0645e+09 2.129e+07
0.151 1.0516e+09 2.1033e+07
0.152 1.0598e+09 2.1197e+07
0.153 1.0198e+09 2.0397e+07
0.154 1.0192e+09 2.0384e+07
0.155 9.6915e+08 1.9383e+07
0.156 9.5536e+08 1.9107e+07
0.157 9.0244e+08 1.8049e+07
0.158 9.5364e+08 1.9073e+07
0.159 8.8437e+08 1.7687e+07
0.16 9.334e+08 1.8668e+07
0.161 8.9703e+08 1.7941e+07
0.162 8.8927e+08 1.7785e+07
0.163 8.5955e+08 1.7191e+07
0.164 8.204e+08 1.6408e+07
0.165 7.9769e+08 1.5954e+07
0.166 7.7632e+08 1.5526e+07
0.167 8.2816e+08 1.6563e+07
0.168 7.9367e+08 1.5873e+07
0.169 7.6204e+08 1.5241e+07
0.17 7.4183e+08 1.4837e+07
0.171 7.3417e+08 1.4683e+07
0.172 6.7392e+08 1.3478e+07
0.173 7.0237e+08 1.4047e+07
0.174 7.0136e+08 1.4027e+07
0.175 6.8785e+08 1.3757e+07
0.176 6.7449e+08 1.349e+07
0.177 6.4504e+08 1.2901e+07
0.178 6.3872e+08 1.2774e+07
0.179 6.2959e+08 1.2592e+07
0.18 6.453e+08 1.2906e+07
0.181 6.1244e+08 1.2249e+07
0.182 5.7981e+08 1.1596e+07
0.183 5.7851e+08 1.157e+07
0.184 5.5982e+08 1.1196e+07
0.185 5.9204e+08 1.1841e+07
0.186 5.6866e+08 1.1373e+07
0.187 5.958e+08 1.1916e+07
0.188 5.4889e+08 1.0978e+07
0.189 5.4184e+08 1.0837e+07
0.19 5.4117e+08 1.0823e+07
0.191 5.0983e+08 1.0197e+07
0.192 4.9609e+08 9.9218e+06
0.193 4.7988e+08 9.5975e+06
0.194 4.5561e+08 9.1123e+06
0.195 4.8221e+08 9.6442e+06
0.196 4.9272e+08 9.8544e+06
0.197 4.7042e+08 9.4085e+06
0.198 4.6949e+08 9.3899e+06
0.199 4.3187e+08 8.6373e+06
0.2 4.3677e+08 8.7353e+06
0.201 4.2459e+08 8.4919e+06
0.202 4.2519e+08 8.5037e+06
0.203 4.0288e+08 8.0576e+06
0.204 3.8954e+08 7.7909e+06
0.205 4.3078e+08 8.6155e+06
0.206 3.5561e+08 7.1123e+06
0.207 3.598e+08 7.196e+06
0.208 4.0234e+08 8.0469e+06
0.209 3.9346e+08 7.8691e+06
0.21 3.5552e+08 7.1105e+06
0.211 3.2903e+08 6.5807e+06
0.212 3.1254e+08 6.2509e+06
0.213 3.4244e+08 6.8488e+06
0.214 3.6551e+08 7.3103e+06
0.215 3.2323e+08 6.4645e+06
0.216 3.1901e+08 6.3802e+06
0.217 3.1164e+08 6.2329e+06
0.218 2.8677e+08 5.7355e+06
0.219 2.9914e+08 5.9829e+06
0.22 3.0335e+08 6.067e+06
0.221 3.0085e+08 6.0171e+06
0.222 2.8243e+08 5.6487e+06
0.223 2.4807e+08 4.9615e+06
0.224 2.8624e+08 5.7249e+06
0.225 2.7323e+08 5.4645e+06
0.226 2.8854e+08 5.7707e+06
0.227 2.4139e+08 4.8279e+06
0.228 2.6394e+08 5.2787e+06
0.229 2.6656e+08 5.3313e+06
0.23 2.2555e+08 4.5109e+06
0.231 2.3779e+08 4.7559e+06
0.232 2.4346e+08 4.8693e+06
0.233 2.2138e+08 4.4276e+06
0.234 2.2505e+08 4.5009e+06
0.235 2.3174e+08 4.6349e+06
0.236 2.2372e+08 4.4744e+06
0.237 1.9377e+08 3.8753e+06
0.238 2.2115e+08 4.4229e+06
0.239 2.2902e+08 4.5803e+06
0.24 1.9144e+08 3.8287e+06
0.241 1.7735e+08 3.5471e+06
0.242 1.8025e+08 3.605e+06
0.243 2.0168e+08 4.0336e+06
0.244 2.2349e+08 4.4698e+06
0.245 1.93e+08 3.8599e+06
0.246 2.0575e+08 4.115e+06
0.247 1.7259e+08 3.4517e+06
0.248 1.982e+08 3.9639e+06
0.249 2.0165e+08 4.0331e+06
0.25 1.6793e+08 3.3585e+06
0.251 1.5791e+08 3.1581e+06
0.252 1.3719e+08 2.7439e+06
0.253 1.7309e+08 3.4619e+06
0.254 1.7565e+08 3.513e+06
0.255 1.2403e+08 2.4806e+06
0.256 1.7668e+08 3.5336e+06
0.257 1.5698e+08 3.1396e+06
0.258 1.3756e+08 2.7512e+06
0.259 1.3663e+08 2.7327e+06
0.26 1.379e+08 2.758e+06
0.261 1.2148e+08 2.4297e+06
0.262 1.3099e+08 2.6199e+06
0.263 1.4223e+08 2.8445e+06
0.264 1.4028e+08 2.8057e+06
0.265 1.5827e+08 3.1653e+06
0.266 1.176e+08 2.3521e+06
0.267 1.1883e+08 2.3767e+06
0.268 1.072e+08 2.1441e+06
0.269 1.0063e+08 2.0125e+06
0.27 1.6033e+08 3.2067e+06
0.271 1.0853e+08 2.1706e+06
0.272 9.9904e+07 1.9981e+06
0.273 1.0933e+08 2.1866e+06
0.274 6.9616e+07 1.3923e+06
0.275 1.0575e+08 2.1151e+06
0.276 7.9624e+07 1.5925e+06
0.277 1.1077e+08 2.2154e+06
0.278 1.0625e+08 2.1251e+06
0.279 1.4329e+08 2.8659e+06
0.28 1.029e+08 2.0581e+06
0.281 1.101e+08 2.2021e+06
0.282 1.1597e+08 2.3194e+06
0.283 1.1058e+08 2.2117e+06
0.284 8.6777e+07 1.7355e+06
0.285 9.0169e+07 1.8034e+06
0.286 7.7667e+07 1.5533e+06
0.287 1.1344e+08 2.2687e+06
0.288 1.0522e+08 2.1044e+06
0.289 9.685e+07 1.937e+06
0.29 8.3225e+07 1.6645e+06
0.291 9.5084e+07 1.9017e+06
0.292 1.1847e+08 2.3693e+06
0.293 6.9387e+07 1.3877e+06
0.294 7.8013e+07 1.5603e+06
0.295 7.6076e+07 1.5215e+06
0.296 7.473e+07 1.4946e+06
0.297 7.7652e+07 1.553e+06
0.298 1.0876e+08 2.1751e+06
0.299 8.1582e+07 1.6316e+06
0.3 6.9482e+07 1.3896e+06
0.301 7.908e+07 1.5816e+06
0.302 8.1495e+07 1.6299e+06
0.303 7.935e+07 1.587e+06
0.304 9.471e+07 1.8942e+06
0.305 1.0821e+08 2.1641e+06
0.306 1.1922e+08 2.3845e+06
0.307 8.1259e+07 1.6252e+06
0.308 5.4368e+07 1.0874e+06
0.309 8.4886e+07 1.6977e+06
0.31 8.882e+07 1.7764e+06
0.311 6.3405e+07 1.2681e+06
0.312 9.1304e+07 1.8261e+06
0.313 6.7604e+07 1.3521e+06
0.314 6.6443e+07 1.3289e+06
0.315 6.6066e+07 1.3213e+06
0.316 8.2214e+07 1.6443e+06
0.317 6.6488e+07 1.3298e+06
0.318 9.7445e+07 1.9489e+06
0.319 1.0304e+08 2.0609e+06
0.32 8.5676e+07 1.7135e+06
0.321 6.9986e+07 1.3997e+06
0.322 5.9293e+07 1.1859e+06
0.323 6.8251e+07 1.365e+06
0.324 5.4888e+07 1.0978e+06
0.325 8.0608e+07 1.6122e+06
0.326 6.5733e+07 1.3147e+06
0.327 7.3642e+07 1.4728e+06
0.328 5.8119e+07 1.1624e+06
0.329 7.7895e+07 1.5579e+06
0.33 7.1292e+07 1.4258e+06
0.331 5.4227e+07 1.0845e+06
0.332 5.8662e+07 1.1732e+06
0.333 5.7929e+07 1.1586e+06
0.334 5.2092e+07 1.0418e+06
0.335 3.1869e+07 6.3737e+05
0.336 6.3684e+07 1.2737e+06
0.337 6.104e+07 1.2208e+06
0.338 6.8087e+07 1.3617e+06
0.339 5.9006e+07 1.1801e+06
0.34 3.453e+07 6.9061e+05
0.341 6.3722e+07 1.2744e+06
0.342 8.4625e+07 1.6925e+06
0.343 6.8879e+07 1.3776e+06
0.344 6.8284e+07 1.3657e+06
0.345 8.4331e+07 1.6866e+06
0.346 6.6665e+07 1.3333e+06
0.347 5.8807e+07 1.1761e+06
0.348 6.8624e+07 1.3725e+06
0.349 6.0718e+07 1.2144e+06
0.35 7.3723e+07 1.4745e+06
0.351 7.0338e+07 1.4068e+06
0.352 5.9323e+07 1.1865e+06
0.353 4.6756e+07 9.3512e+05
0.354 7.8133e+07 1.5627e+06
0.355 6.4806e+07 1.2961e+06
0.356 7.3714e+07 1.4743e+06
0.357 6.5073e+07 1.3015e+06
0.358 4.6185e+07 9.237e+05
0.359 4.483e+07 8.966e+05
0.36 7.3782e+07 1.4756e+06
0.361 5.833e+07 1.1666e+06
0.362 7.9301e+07 1.586e+06
0.363 6.5489e+07 1.3098e+06
0.364 5.8692e+07 1.1738e+06
0.365 6.2098e+07 1.242e+06
0.366 5.1559e+07 1.0312e+06
0.367 6.5555e+07 1.3111e+06
0.368 5.801e+07 1.1602e+06
0.369 4.1086e+07 8.2172e+05
0.37 7.1118e+07 1.4224e+06
0.371 4.8651e+07 9.7301e+05
0.372 8.039e+07 1.6078e+06
0.373 8.2097e+07 1.6419e+06
0.374 5.1946e+07 1.0389e+06
0.375 8.363e+07 1.6726e+06
0.376 5.3303e+07 1.0661e+06
0.377 7.0025e+07 1.4005e+06
0.378 5.1357e+07 1.0271e+06
0.379 5.888e+07 1.1776e+06
0.38 5.5088e+07 1.1018e+06
0.381 6.0523e+07 1.2105e+06
0.382 5.6061e+07 1.1212e+06
0.383 5.2721e+07 1.0544e+06
0.384 8.792e+07 1.7584e+06
0.385 6.1565e+07 1.2313e+06
0.386 6.3376e+07 1.2675e+06
0.387 7.0995e+07 1.4199e+06
0.388 6.1079e+07 1.2216e+06
0.389 7.6392e+07 1.5278e+06
0.39 5.9019e+07 1.1804e+06
0.391 5.3267e+07 1.0653e+06
0.392 5.7768e+07 1.1554e+06
0.393 8.0935e+07 1.6187e+06
0.394 7.2395e+07 1.4479e+06
0.395 7.4547e+07 1.4909e+06
0.396 5.2982e+07 1.0596e+06
0.397 4.8301e+07 9.6602e+05
0.398 7.4393e+07 1.4879e+06
0.399 6.7086e+07 1.3417e+06
0.4 6.802e+07 1.3604e+06
0.401 7.2564e+07 1.4513e+06
0.402 4.1637e+07 8.3274e+05
0.403 4.6583e+07 9.3166e+05
0.404 7.1298e+07 1.426e+06
0.405 6.7148e+07 1.343e+06
0.406 6.1352e+07 1.227e+06
0.407 5.5301e+07 1.106e+06
0.408 4.7972e+07 9.5943e+05
0.409 6.2602e+07 1.252e+06
0.41 5.6057e+07 1.1211e+06
0.411 6.6615e+07 1.3323e+06
0.412 5.4571e+07 1.0914e+06
0.413 6.2712e+07 1.2542e+06
0.414 7.2645e+07 1.4529e+06
0.415 3.6193e+07 7.2386e+05
0.416 8.263e+07 1.6526e+06
0.417 8.5171e+07 1.7034e+06
0.418 7.114e+07 1.4228e+06
0.419 7.8457e+07 1.5691e+06
0.42 3.6503e+07 7.3005e+05
0.421 6.6416e+07 1.3283e+06
0.422 5.5135e+07 1.1027e+06
0.423 7.088e+07 1.4176e+06
0.424 6.8996e+07 1.3799e+06
0.425 5.9178e+07 1.1836e+06
0.426 5.8014e+07 1.1603e+06
0.427 8.183e+07 1.6366e+06
0.428 7.6945e+07 1.5389e+06
0.429 6.6879e+07 1.3376e+06
0.43 8.0945e+07 1.6189e+06
0.431 6.0159e+07 1.2032e+06
0.432 7.7795e+07 1.5559e+06
0.433 5.9512e+07 1.1902e+06
0.434 8.4254e+07 1.6851e+06
0.435 5.3445e+07 1.0689e+06
0.436 6.1838e+07 1.2368e+06
0.437 6.851e+07 1.3702e+06
0.438 5.5684e+07 1.1137e+06
0.439 5.2415e+07 1.0483e+06
0.44 5.3641e+07 1.0728e+06
0.441 6.31e+07 1.262e+06
0.442 5.0669e+07 1.0134e+06
0.443 6.8978e+07 1.3796e+06
0.444 6.3786e+07 1.2757e+06
0.445 7.778e+07 1.5556e+06
0.446 7.9176e+07 1.5835e+06
0.447 6.3328e+07 1.2666e+06
0.448 4.8677e+07 9.7354e+05
0.449 7.2725e+07 1.4545e+06
0.45 6.0713e+07 1.2143e+06
0.451 7.1884e+07 1.4377e+06
0.452 6.8234e+07 1.3647e+06
0.453 7.3106e+07 1.4621e+06
0.454 5.4532e+07 1.0906e+06
0.455 6.1827e+07 1.2365e+06
0.456 8.3309e+07 1.6662e+06
0.457 5.2066e+07 1.0413e+06
0.458 6.0218e+07 1.2044e+06
0.459 7.5794e+07 1.5159e+06
0.46 5.7215e+07 1.1443e+06
0.461 5.6141e+07 1.1228e+06
0.462 6.9778e+07 1.3956e+06
0.463 7.5906e+07 1.5181e+06
0.464 6.4266e+07 1.2853e+06
0.465 7.1655e+07 1.4331e+06
0.466 5.893e+07 1.1786e+06
0.467 8.1963e+07 1.6393e+06
0.468 5.2533e+07 1.0507e+06
0.469 6.6541e+07 1.3308e+06
0.47 5.2512e+07 1.0502e+06
0.471 8.5596e+07 1.7119e+06
0.472 7.716e+07 1.5432e+06
0.473 4.6582e+07 9.3164e+05
0.474 8.1774e+07 1.6355e+06
0.475 7.8103e+07 1.5621e+06
0.476 8.3005e+07 1.6601e+06
0.477 7.5976e+07 1.5195e+06
0.478 9.1961e+07 1.8392e+06
0.479 5.8987e+07 1.1797e+06
0.48 7.333e+07 1.4666e+06
0.481 5.5637e+07 1.1127e+06
0.482 7.3698e+07 1.474e+06
0.483 4.1574e+07 8.3148e+05
0.484 5.1991e+07 1.0398e+06
0.485 7.2056e+07 1.4411e+06
0.486 5.9217e+07 1.1843e+06
0.487 5.2274e+07 1.0455e+06
0.488 6.5447e+07 1.3089e+06
0.489 6.2921e+07 1.2584e+06
0.49 8.0452e+07 1.609e+06
0.491 4.9473e+07 9.8946e+05
0.492 4.8024e+07 9.6049e+05
0.493 8.1154e+07 1.6231e+06
0.494 5.3224e+07 1.0645e+06
0.495 5.9169e+07 1.1834e+06
0.496 5.747e+07 1.1494e+06
0.497 5.2988e+07 1.0598e+06
0.498 7.7468e+07 1.5494e+06
0.499 7.2489e+07 1.4498e+06
0.5 6.8616e+07 1.3723e+06
