0.001 2.2008e+09 4.4017e+07
0.002 2.187e+09 4.374e+07
0.003 2.307e+09 4.614e+07
0.004 2.2596e+09 4.5192e+07
0.005 2.22e+09 4.4399e+07
0.006 2.2504e+09 4.5008e+07
0.007 2.2188e+09 4.4377e+07
0.008 2.1778e+09 4.3556e+07
0.009 2.2417e+09 4.4835e+07
0.01 2.1805e+09 4.3611e+07
0.011 2.2006e+09 4.4012e+07
0.012 2.2378e+09 4.4756e+07
0.013 2.189e+09 4.3779e+07
0.014 2.2469e+09 4.4938e+07
0.015 2.2318e+09 4.4636e+07
0.016 2.2022e+09 4.4045e+07
0.017 2.2063e+09 4.4125e+07
0.018 2.198e+09 4.3961e+07
0.019 2.2084e+09 4.4169e+07
0.02 2.1418e+09 4.2836e+07
0.021 2.1742e+09 4.3484e+07
0.022 2.1473e+09 4.2946e+07
0.023 2.1616e+09 4.3233e+07
0.024 2.1273e+09 4.2545e+07
0.025 2.1161e+09 4.2322e+07
0.026 2.1628e+09 4.3256e+07
0.027 2.1052e+09 4.2104e+07
0.028 2.0666e+09 4.1332e+07
0.029 2.0594e+09 4.1189e+07
0.03 2.0882e+09 4.1764e+07
0.031 2.0261e+09 4.0522e+07
0.032 2.0965e+09 4.1931e+07
0.033 2.0374e+09 4.0748e+07
0.034 2.0406e+09 4.0812e+07
0.035 2.0059e+09 4.0119e+07
0.036 2.0176e+09 4.0352e+07
0.037 2.0009e+09 4.0017e+07
0.038 2.0076e+09 4.0152e+07
0.039 1.9647e+09 3.9294e+07
0.04 1.9195e+09 3.8389e+07
0.041 1.8952e+09 3.7903e+07
0.042 1.9152e+09 3.8304e+07
0.043 1.8649e+09 3.7299e+07
0.044 1.8815e+09 3.7631e+07
0.045 1.8697e+09 3.7393e+07
0.046 1.8539e+09 3.7078e+07
0.047 1.8462e+09 3.6924e+07
0.048 1.819e+09 3.638e+07
0.049 1.8304e+09 3.6607e+07
0.05 1.7703e+09 3.5406e+07
0.051 1.7533e+09 3.5066e+07
0.052 1.7467e+09 3.4934e+07
0.053 1.7395e+09 3.479e+07
0.054 1.7079e+09 3.4159e+07
0.055 1.6938e+09 3.3876e+07
0.056 1.6728e+09 3.3456e+07
0.057 1.683e+09 3.3661e+07
0.058 1.6424e+09 3.2848e+07
0.059 1.6201e+09 3.2403e+07
0.06 1.6374e+09 3.2749e+07
0.061 1.6195e+09 3.2389e+07
0.062 1.6047e+09 3.2093e+07
0.063 1.5264e+09 3.0529e+07
0.064 1.5503e+09 3.1006e+07
0.065 1.5682e+09 3.1364e+07
0.066 1.4991e+09 2.9982e+07
0.067 1.49e+09 2.98e+07
0.068 1.4763e+09 2.9526e+07
0.069 1.4377e+09 2.8754e+07
0.07 1.4008e+09 2.8016e+07
0.071 1.4095e+09 2.819e+07
0.072 1.4075e+09 2.815e+07
0.073 1.3445e+09 2.689e+07
0.074 1.3735e+09 2.747e+07
0.075 1.3438e+09 2.6876e+07
0.076 1.3192e+09 2.6384e+07
0.077 1.339e+09 2.678e+07
0.078 1.2892e+09 2.5784e+07
0.079 1.2507e+09 2.5015e+07
0.08 1.2307e+09 2.4614e+07
0.081 1.2364e+09 2.4728e+07
0.082 1.2172e+09 2.4345e+07
0.083 1.1956e+09 2.3913e+07
0.084 1.1799e+09 2.3599e+07
0.085 1.1862e+09 2.3724e+07
0.086 1.1546e+09 2.3093e+07
0.087 1.1447e+09 2.2895e+07
0.088 1.1265e+09 2.253e+07
0.089 1.0825e+09 2.165e+07
0.09 1.096e+09 2.192e+07
0.091 1.0618e+09 2.1236e+07
0.092 1.0383e+09 2.0766e+07
0.093 1.034e+09 2.0679e+07
0.094 1.0095e+09 2.019e+07
0.095 1.0009e+09 2.0019e+07
0.096 9.7734e+08 1.9547e+07
0.097 9.7502e+08 1.95e+07
0.098 9.4933e+08 1.8987e+07
0.099 9.6104e+08 1.9221e+07
0.1 9.4273e+08 1.8855e+07
0.101 9.0382e+08 1.8076e+07
0.102 8.9176e+08 1.7835e+07
0.103 8.9382e+08 1.7876e+07
0.104 8.7335e+08 1.7467e+07
0.105 8.655e+08 1.731e+07
0.106 8.4859e+08 1.6972e+07
0.107 8.3949e+08 1.679e+07
0.108 8.1126e+08 1.6225e+07
0.109 7.9769e+08 1.5954e+07
0.11 7.7357e+08 1.5471e+07
0.111 7.8315e+08 1.5663e+07
0.112 7.3927e+08 1.4785e+07
0.113 7.3004e+08 1.4601e+07
0.114 7.1049e+08 1.421e+07
0.115 7.4422e+08 1.4884e+07
0.116 6.9685e+08 1.3937e+07
0.117 6.8113e+08 1.3623e+07
0.118 6.576e+08 1.3152e+07
0.119 6.6715e+08 1.3343e+07
0.12 6.4609e+08 1.2922e+07
0.121 6.4368e+08 1.2874e+07
0.122 6.1941e+08 1.2388e+07
0.123 6.1861e+08 1.2372e+07
0.124 6.1555e+08 1.2311e+07
0.125 5.9644e+08 1.1929e+07
0.126 5.9919e+08 1.1984e+07
0.127 5.8109e+08 1.1622e+07
0.128 5.7279e+08 1.1456e+07
0.129 5.3789e+08 1.0758e+07
0.13 5.3053e+08 1.0611e+07
0.131 5.2372e+08 1.0474e+07
0.132 5.264e+08 1.0528e+07
0.133 5.1933e+08 1.0387e+07
0.134 5.036e+08 1.0072e+07
0.135 4.8907e+08 9.7813e+06
0.136 4.6809e+08 9.3618e+06
0.137 4.6634e+08 9.3268e+06
0.138 4.622e+08 9.2439e+06
0.139 4.5522e+08 9.1043e+06
0.14 4.4236e+08 8.8472e+06
0.141 4.3445e+08 8.6889e+06
0.142 4.413e+08 8.826e+06
0.143 4.1529e+08 8.3057e+06
0.144 4.1074e+08 8.2147e+06
0.145 4.0161e+08 8.0322e+06
0.146 3.9702e+08 7.9403e+06
0.147 3.8624e+08 7.7247e+06
0.148 3.7473e+08 7.4947e+06
0.149 3.7499e+08 7.4999e+06
0.15 3.494e+08 6.988e+06
0.151 3.5415e+08 7.0829e+06
0.152 3.5007e+08 7.0014e+06
0.153 3.4152e+08 6.8304e+06
0.154 3.384e+08 6.768e+06
0.155 3.2453e+08 6.4905e+06
0.156 3.0184e+08 6.0368e+06
0.157 3.0316e+08 6.0632e+06
0.158 3.1542e+08 6.3085e+06
0.159 3.0374e+08 6.0747e+06
0.16 2.8914e+08 5.7829e+06
0.161 2.8106e+08 5.6212e+06
0.162 2.7048e+08 5.4096e+06
0.163 2.6553e+08 5.3105e+06
0.164 2.8069e+08 5.6138e+06
0.165 2.7189e+08 5.4378e+06
0.166 2.6346e+08 5.2692e+06
0.167 2.5044e+08 5.0087e+06
0.168 2.4994e+08 4.9988e+06
0.169 2.5503e+08 5.1006e+06
0.17 2.3886e+08 4.7773e+06
0.171 2.4295e+08 4.8591e+06
0.172 2.27e+08 4.5399e+06
0.173 2.2338e+08 4.4677e+06
0.174 2.1452e+08 4.2903e+06
0.175 2.0759e+08 4.1519e+06
0.176 2.161e+08 4.322e+06
0.177 2.0682e+08 4.1365e+06
0.178 2.1288e+08 4.2576e+06
0.179 1.8652e+08 3.7304e+06
0.18 1.9247e+08 3.8494e+06
0.181 1.9526e+08 3.9053e+06
0.182 1.7761e+08 3.5521e+06
0.183 1.8169e+08 3.6339e+06
0.184 1.8467e+08 3.6935e+06
0.185 1.7224e+08 3.4449e+06
0.186 1.7909e+08 3.5817e+06
0.187 1.7358e+08 3.4715e+06
0.188 1.5069e+08 3.0138e+06
0.189 1.7375e+08 3.4751e+06
0.19 1.6191e+08 3.2381e+06
0.191 1.5184e+08 3.0368e+06
0.192 1.5026e+08 3.0052e+06
0.193 1.4525e+08 2.905e+06
0.194 1.4525e+08 2.9049e+06
0.195 1.366e+08 2.732e+06
0.196 1.4008e+08 2.8016e+06
0.197 1.3459e+08 2.6917e+06
0.198 1.2603e+08 2.5206e+06
0.199 1.2773e+08 2.5545e+06
0.2 1.3278e+08 2.6556e+06
0.201 1.2147e+08 2.4293e+06
0.202 1.2242e+08 2.4485e+06
0.203 1.0912e+08 2.1823e+06
0.204 1.148e+08 2.296e+06
0.205 1.2149e+08 2.4298e+06
0.206 1.1394e+08 2.2789e+06
0.207 1.0994e+08 2.1988e+06
0.208 1.0963e+08 2.1926e+06
0.209 9.5298e+07 1.906e+06
0.21 9.8931e+07 1.9786e+06
0.211 8.6723e+07 1.7345e+06
0.212 9.5556e+07 1.9111e+06
0.213 1.0601e+08 2.1203e+06
0.214 1.0363e+08 2.0725e+06
0.215 8.7793e+07 1.7559e+06
0.216 1.0157e+08 2.0314e+06
0.217 9.3134e+07 1.8627e+06
0.218 1.0109e+08 2.0218e+06
0.219 8.7335e+07 1.7467e+06
0.22 8.3161e+07 1.6632e+06
0.221 8.0535e+07 1.6107e+06
0.222 7.0175e+07 1.4035e+06
0.223 8.2032e+07 1.6406e+06
0.224 7.9604e+07 1.5921e+06
0.225 8.4229e+07 1.6846e+06
0.226 7.1082e+07 1.4216e+06
0.227 6.9252e+07 1.385e+06
0.228 7.1251e+07 1.425e+06
0.229 6.8982e+07 1.3796e+06
0.23 7.5488e+07 1.5098e+06
0.231 7.713e+07 1.5426e+06
0.232 6.8312e+07 1.3662e+06
0.233 5.7208e+07 1.1442e+06
0.234 6.7848e+07 1.357e+06
0.235 5.1616e+07 1.0323e+06
0.236 6.0999e+07 1.22e+06
0.237 6.3787e+07 1.2757e+06
0.238 4.9879e+07 9.9757e+05
0.239 6.8299e+07 1.366e+06
0.24 5.3154e+07 1.0631e+06
0.241 4.7207e+07 9.4414e+05
0.242 4.8054e+07 9.6107e+05
0.243 4.9889e+07 9.9778e+05
0.244 5.897e+07 1.1794e+06
0.245 4.8128e+07 9.6257e+05
0.246 4.9552e+07 9.9104e+05
0.247 4.9168e+07 9.8336e+05
0.248 4.7489e+07 9.4979e+05
0.249 5.1792e+07 1.0358e+06
0.25 4.1596e+07 8.3193e+05
0.251 4.9231e+07 9.8461e+05
0.252 4.7299e+07 9.4599e+05
0.253 3.4383e+07 6.8766e+05
0.254 3.8509e+07 7.7018e+05
0.255 4.4784e+07 8.9568e+05
0.256 2.9179e+07 5.8358e+05
0.257 3.0829e+07 6.1657e+05
0.258 3.2544e+07 6.5087e+05
0.259 3.8193e+07 7.6386e+05
0.26 4.0661e+07 8.1322e+05
0.261 2.268e+07 4.536e+05
0.262 4.1086e+07 8.2171e+05
0.263 3.6623e+07 7.3246e+05
0.264 3.4465e+07 6.8931e+05
0.265 3.6271e+07 7.2542e+05
0.266 4.0316e+07 8.0632e+05
0.267 3.798e+07 7.5959e+05
0.268 4.5473e+07 9.0945e+05
0.269 3.5591e+07 7.1182e+05
0.27 2.6877e+07 5.3755e+05
0.271 4.0117e+07 8.0234e+05
0.272 2.8543e+07 5.7085e+05
0.273 3.5057e+07 7.0114e+05
0.274 2.713e+07 5.426e+05
0.275 2.7848e+07 5.5696e+05
0.276 2.6252e+07 5.2504e+05
0.277 2.287e+07 4.5739e+05
0.278 2.6285e+07 5.257e+05
0.279 3.0459e+07 6.0918e+05
0.28 3.773e+07 7.546e+05
0.281 2.7208e+07 5.4415e+05
0.282 3.1666e+07 6.3332e+05
0.283 2.3674e+07 4.7349e+05
0.284 1.5945e+07 3.189e+05
0.285 2.2824e+07 4.5648e+05
0.286 3.2464e+07 6.4927e+05
0.287 2.3947e+07 4.7894e+05
0.288 2.1877e+07 4.3755e+05
0.289 2.8861e+07 5.7722e+05
0.29 2.0702e+07 4.1405e+05
0.291 4.0956e+07 8.1912e+05
0.292 2.3099e+07 4.6197e+05
0.293 3.4523e+07 6.9046e+05
0.294 2.6408e+07 5.2817e+05
0.295 2.5451e+07 5.0901e+05
0.296 2.4831e+07 4.9661e+05
0.297 2.5015e+07 5.0029e+05
0.298 2.9084e+07 5.8168e+05
0.299 1.7243e+07 3.4486e+05
0.3 1.7459e+07 3.4918e+05
0.301 1.798e+07 3.596e+05
0.302 2.8063e+07 5.6127e+05
0.303 2.5727e+07 5.1453e+05
0.304 1.6171e+07 3.2343e+05
0.305 2.9124e+07 5.8248e+05
0.306 1.9729e+07 3.9457e+05
0.307 1.366e+07 2.7321e+05
0.308 2.1222e+07 4.2445e+05
0.309 2.2338e+07 4.4677e+05
0.31 2.2037e+07 4.4073e+05
0.311 3.2216e+07 6.4432e+05
0.312 2.2957e+07 4.5913e+05
0.313 2.1014e+07 4.2028e+05
0.314 1.7873e+07 3.5746e+05
0.315 1.86e+07 3.7201e+05
0.316 2.2146e+07 4.4292e+05
0.317 2.9144e+07 5.8288e+05
0.318 2.3533e+07 4.7066e+05
0.319 1.4062e+07 2.8124e+05
0.32 2.0547e+07 4.1094e+05
0.321 2.1001e+07 4.2001e+05
0.322 1.5533e+07 3.1065e+05
0.323 2.3384e+07 4.6768e+05
0.324 2.799e+07 5.598e+05
0.325 1.9647e+07 3.9294e+05
0.326 1.754e+07 3.508e+05
0.327 1.8065e+07 3.6131e+05
0.328 1.2252e+07 2.4504e+05
0.329 2.7267e+07 5.4535e+05
0.33 2.5424e+07 5.0847e+05
0.331 3.3901e+07 6.7802e+05
0.332 2.0763e+07 4.1526e+05
0.333 2.4214e+07 4.8428e+05
0.334 2.2738e+07 4.5476e+05
0.335 2.266e+07 4.5319e+05
0.336 2.1966e+07 4.3931e+05
0.337 2.7742e+07 5.5483e+05
0.338 2.3618e+07 4.7236e+05
0.339 2.1098e+07 4.2197e+05
0.34 2.2115e+07 4.4231e+05
0.341 1.9708e+07 3.9417e+05
0.342 1.9566e+07 3.9132e+05
0.343 2.1644e+07 4.3287e+05
0.344 2.2594e+07 4.5189e+05
0.345 3.2603e+07 6.5206e+05
0.346 1.8148e+07 3.6295e+05
0.347 1.8829e+07 3.7658e+05
0.348 2.1956e+07 4.3911e+05
0.349 2.0179e+07 4.0357e+05
0.35 2.334e+07 4.6681e+05
0.351 2.0449e+07 4.0897e+05
0.352 2.7555e+07 5.511e+05
0.353 2.7271e+07 5.4542e+05
0.354 2.585e+07 5.17e+05
0.355 1.9997e+07 3.9994e+05
0.356 2.3858e+07 4.7716e+05
0.357 2.6193e+07 5.2387e+05
0.358 2.8334e+07 5.6669e+05
0.359 1.7754e+07 3.5509e+05
0.36 2.4781e+07 4.9562e+05
0.361 2.5493e+07 5.0986e+05
0.362 2.5768e+07 5.1535e+05
0.363 3.3673e+07 6.7347e+05
0.364 2.4314e+07 4.8627e+05
0.365 2.2841e+07 4.5682e+05
0.366 2.4266e+07 4.8532e+05
0.367 2.4247e+07 4.8495e+05
0.368 2.6448e+07 5.2895e+05
0.369 2.7739e+07 5.5477e+05
0.37 2.8053e+07 5.6107e+05
0.371 2.41e+07 4.82e+05
0.372 2.9007e+07 5.8014e+05
0.373 2.8342e+07 5.6684e+05
0.374 2.6734e+07 5.3468e+05
0.375 2.5856e+07 5.1713e+05
0.376 1.992e+07 3.984e+05
0.377 1.2966e+07 2.5932e+05
0.378 2.533e+07 5.0661e+05
0.379 2.8326e+07 5.6652e+05
0.38 3.2199e+07 6.4398e+05
0.381 3.1213e+07 6.2426e+05
0.382 2.1177e+07 4.2354e+05
0.383 3.0554e+07 6.1108e+05
0.384 2.4096e+07 4.8192e+05
0.385 2.5577e+07 5.1155e+05
0.386 2.4401e+07 4.8802e+05
0.387 2.7532e+07 5.5064e+05
0.388 2.2059e+07 4.4118e+05
0.389 2.1795e+07 4.3591e+05
0.39 2.7302e+07 5.4605e+05
0.391 2.8589e+07 5.7178e+05
0.392 2.4551e+07 4.9103e+05
0.393 3.2185e+07 6.437e+05
0.394 2.7093e+07 5.4185e+05
0.395 2.4277e+07 4.8554e+05
0.396 2.5779e+07 5.1558e+05
0.397 2.483e+07 4.966e+05
0.398 2.2046e+07 4.4092e+05
0.399 2.1718e+07 4.3435e+05
0.4 1.9648e+07 3.9296e+05
0.401 2.319e+07 4.638e+05
0.402 1.5786e+07 3.1571e+05
0.403 2.755e+07 5.5099e+05
0.404 2.4754e+07 4.9507e+05
0.405 2.4647e+07 4.9295e+05
0.406 2.6076e+07 5.2151e+05
0.407 3.3559e+07 6.7117e+05
0.408 2.2588e+07 4.5176e+05
0.409 2.1497e+07 4.2995e+05
0.41 2.109e+07 4.2181e+05
0.411 2.4379e+07 4.8757e+05
0.412 3.173e+07 6.3461e+05
0.413 2.4603e+07 4.9205e+05
0.414 2.0441e+07 4.0881e+05
0.415 2.5912e+07 5.1825e+05
0.416 3.3512e+07 6.7025e+05
0.417 2.528e+07 5.0561e+05
0.418 2.0409e+07 4.0817e+05
0.419 3.0044e+07 6.0087e+05
0.42 2.8455e+07 5.6909e+05
0.421 1.8876e+07 3.7753e+05
0.422 2.9856e+07 5.9712e+05
0.423 2.8195e+07 5.6389e+05
0.424 2.1927e+07 4.3854e+05
0.425 2.8858e+07 5.7716e+05
0.426 3.1442e+07 6.2883e+05
0.427 2.4751e+07 4.9502e+05
0.428 2.2778e+07 4.5556e+05
0.429 2.163e+07 4.3261e+05
0.43 2.2933e+07 4.5865e+05
0.431 2.3845e+07 4.7691e+05
0.432 2.8768e+07 5.7536e+05
0.433 1.9804e+07 3.9608e+05
0.434 2.4814e+07 4.9628e+05
0.435 2.2036e+07 4.4071e+05
0.436 2.6702e+07 5.3404e+05
0.437 2.1393e+07 4.2786e+05
0.438 2.3816e+07 4.7632e+05
0.439 1.8746e+07 3.7492e+05
0.44 2.4029e+07 4.8057e+05
0.441 2.2816e+07 4.5632e+05
0.442 2.2687e+07 4.5374e+05
0.443 3.3839e+07 6.7677e+05
0.444 2.1277e+07 4.2555e+05
0.445 2.5817e+07 5.1635e+05
0.446 2.8257e+07 5.6514e+05
0.447 2.3843e+07 4.7685e+05
0.448 1.9137e+07 3.8273e+05
0.449 1.8625e+07 3.7249e+05
0.45 3.1724e+07 6.3448e+05
0.451 2.1794e+07 4.3588e+05
0.452 3.3679e+07 6.7358e+05
0.453 2.3362e+07 4.6725e+05
0.454 1.969e+07 3.9381e+05
0.455 2.7422e+07 5.4844e+05
0.456 1.9547e+07 3.9094e+05
0.457 2.4465e+07 4.8931e+05
0.458 2.6992e+07 5.3984e+05
0.459 2.9545e+07 5.9089e+05
0.46 2.3951e+07 4.7902e+05
0.461 1.7351e+07 3.4703e+05
0.462 3.0213e+07 6.0427e+05
0.463 2.447e+07 4.8941e+05
0.464 2.1382e+07 4.2764e+05
0.465 1.9817e+07 3.9634e+05
0.466 2.1214e+07 4.2429e+05
0.467 2.471e+07 4.942e+05
0.468 2.445e+07 4.8901e+05
0.469 3.1926e+07 6.3851e+05
0.47 2.598e+07 5.196e+05
0.471 2.3148e+07 4.6296e+05
0.472 2.3464e+07 4.6928e+05
0.473 1.868e+07 3.736e+05
0.474 2.7115e+07 5.423e+05
0.475 2.0969e+07 4.1938e+05
0.476 2.551e+07 5.102e+05
0.477 2.047e+07 4.094e+05
0.478 2.6399e+07 5.2797e+05
0.479 2.2891e+07 4.5781e+05
0.48 2.8615e+07 5.723e+05
0.481 2.4859e+07 4.9719e+05
0.482 2.065e+07 4.13e+05
0.483 2.6458e+07 5.2916e+05
0.484 2.1265e+07 4.2531e+05
0.485 3.0344e+07 6.0687e+05
0.486 2.3596e+07 4.7193e+05
0.487 2.2354e+07 4.4708e+05
0.488 1.836e+07 3.672e+05
0.489 2.0628e+07 4.1256e+05
0.49 1.501e+07 3.002e+05
0.491 2.5334e+07 5.0668e+05
0.492 2.0676e+07 4.1353e+05
0.493 1.7289e+07 3.4578e+05
0.494 2.1925e+07 4.385e+05
0.495 2.1063e+07 4.2126e+05
0.496 2.4335e+07 4.8669e+05
0.497 3.1003e+07 6.2005e+05
0.498 2.287e+07 4.5739e+05
0.499 2.1707e+07 4.3413e+05
0.5 2.2995e+07 4.599e+05
