0.001 1.5351e+09 3.0703e+07
0.002 1.638e+09 3.2759e+07
0.003 1.8012e+09 3.6024e+07
0.004 1.7432e+09 3.4864e+07
0.005 1.6403e+09 3.2807e+07
0.006 1.7063e+09 3.4126e+07
0.007 1.7072e+09 3.4143e+07
0.008 1.7094e+09 3.4189e+07
0.009 1.6913e+09 3.3825e+07
0.01 1.6456e+09 3.2912e+07
0.011 1.6973e+09 3.3946e+07
0.012 1.7018e+09 3.4036e+07
0.013 1.7023e+09 3.4047e+07
0.014 1.6788e+09 3.3577e+07
0.015 1.7035e+09 3.4071e+07
0.016 1.6857e+09 3.3715e+07
0.017 1.6597e+09 3.3193e+07
0.018 1.6976e+09 3.3951e+07
0.019 1.6526e+09 3.3052e+07
0.02 1.6001e+09 3.2002e+07
0.021 1.6896e+09 3.3793e+07
0.022 1.6209e+09 3.2418e+07
0.023 1.652e+09 3.3041e+07
0.024 1.6025e+09 3.2049e+07
0.025 1.6421e+09 3.2841e+07
0.026 1.5975e+09 3.1949e+07
0.027 1.6254e+09 3.2509e+07
0.028 1.5969e+09 3.1938e+07
0.029 1.5783e+09 3.1566e+07
0.03 1.5574e+09 3.1149e+07
0.031 1.5533e+09 3.1066e+07
0.032 1.5668e+09 3.1337e+07
0.033 1.5524e+09 3.1048e+07
0.034 1.55e+09 3.1e+07
0.035 1.557e+09 3.1139e+07
0.036 1.5164e+09 3.0329e+07
0.037 1.5195e+09 3.039e+07
0.038 1.5056e+09 3.0112e+07
0.039 1.5071e+09 3.0142e+07
0.04 1.4901e+09 2.9802e+07
0.041 1.468e+09 2.9361e+07
0.042 1.4625e+09 2.925e+07
0.043 1.44e+09 2.8799e+07
0.044 1.4259e+09 2.8519e+07
0.045 1.408e+09 2.816e+07
0.046 1.4062e+09 2.8123e+07
0.047 1.3932e+09 2.7864e+07
0.048 1.4029e+09 2.8057e+07
0.049 1.387e+09 2.774e+07
0.05 1.3804e+09 2.7608e+07
0.051 1.3554e+09 2.7108e+07
0.052 1.3404e+09 2.6809e+07
0.053 1.3016e+09 2.6032e+07
0.054 1.3141e+09 2.6281e+07
0.055 1.3275e+09 2.655e+07
0.056 1.2826e+09 2.5651e+07
0.057 1.297e+09 2.594e+07
0.058 1.2741e+09 2.5482e+07
0.059 1.2363e+09 2.4726e+07
0.06 1.2324e+09 2.4649e+07
0.061 1.2369e+09 2.4738e+07
0.062 1.2114e+09 2.4228e+07
0.063 1.2016e+09 2.4031e+07
0.064 1.1944e+09 2.3888e+07
0.065 1.1857e+09 2.3714e+07
0.066 1.1548e+09 2.3096e+07
0.067 1.1401e+09 2.2802e+07
0.068 1.1371e+09 2.2743e+07
0.069 1.1069e+09 2.2138e+07
0.07 1.098e+09 2.1961e+07
0.071 1.0917e+09 2.1834e+07
0.072 1.0811e+09 2.1622e+07
0.073 1.0723e+09 2.1446e+07
0.074 1.0504e+09 2.1009e+07
0.075 1.0294e+09 2.0589e+07
0.076 1.031e+09 2.062e+07
0.077 1.0149e+09 2.0297e+07
0.078 9.9824e+08 1.9965e+07
0.079 9.6663e+08 1.9333e+07
0.08 9.7453e+08 1.9491e+07
0.081 9.5775e+08 1.9155e+07
0.082 9.3853e+08 1.8771e+07
0.083 9.2144e+08 1.8429e+07
0.084 9.1326e+08 1.8265e+07
0.085 8.9516e+08 1.7903e+07
0.086 9.088e+08 1.8176e+07
0.087 8.6851e+08 1.737e+07
0.088 8.776e+08 1.7552e+07
0.089 8.5501e+08 1.71e+07
0.09 8.4098e+08 1.682e+07
0.091 8.3865e+08 1.6773e+07
0.092 8.1603e+08 1.6321e+07
0.093 7.9787e+08 1.5957e+07
0.094 7.9232e+08 1.5846e+07
0.095 7.7683e+08 1.5537e+07
0.096 7.6977e+08 1.5395e+07
0.097 7.5411e+08 1.5082e+07
0.098 7.3744e+08 1.4749e+07
0.099 7.1919e+08 1.4384e+07
0.1 7.1841e+08 1.4368e+07
0.101 7.0945e+08 1.4189e+07
0.102 6.9025e+08 1.3805e+07
0.103 6.7649e+08 1.353e+07
0.104 6.7849e+08 1.357e+07
0.105 6.6771e+08 1.3354e+07
0.106 6.5484e+08 1.3097e+07
0.107 6.4491e+08 1.2898e+07
0.108 6.1768e+08 1.2354e+07
0.109 6.1495e+08 1.2299e+07
0.11 6.1661e+08 1.2332e+07
0.111 5.9179e+08 1.1836e+07
0.112 5.6802e+08 1.136e+07
0.113 5.7577e+08 1.1515e+07
0.114 5.6815e+08 1.1363e+07
0.115 5.6271e+08 1.1254e+07
0.116 5.4998e+08 1.1e+07
0.117 5.3446e+08 1.0689e+07
0.118 5.2708e+08 1.0542e+07
0.119 5.1941e+08 1.0388e+07
0.12 5.0476e+08 1.0095e+07
0.121 5.0321e+08 1.0064e+07
0.122 4.9658e+08 9.9317e+06
0.123 4.8115e+08 9.623e+06
0.124 4.6204e+08 9.2408e+06
0.125 4.6041e+08 9.2082e+06
0.126 4.554e+08 9.1081e+06
0.127 4.4735e+08 8.9471e+06
0.128 4.3363e+08 8.6725e+06
0.129 4.321e+08 8.642e+06
0.13 4.061e+08 8.1221e+06
0.131 4.1383e+08 8.2766e+06
0.132 4.1251e+08 8.2502e+06
0.133 3.9415e+08 7.8831e+06
0.134 3.8985e+08 7.797e+06
0.135 3.846e+08 7.692e+06
0.136 3.7741e+08 7.5482e+06
0.137 3.7698e+08 7.5395e+06
0.138 3.6985e+08 7.397e+06
0.139 3.4885e+08 6.977e+06
0.14 3.3912e+08 6.7824e+06
0.141 3.3064e+08 6.6127e+06
0.142 3.3131e+08 6.6263e+06
0.143 3.213e+08 6.4259e+06
0.144 3.2728e+08 6.5456e+06
0.145 3.0532e+08 6.1064e+06
0.146 3.0251e+08 6.0502e+06
0.147 3.0762e+08 6.1524e+06
0.148 2.8483e+08 5.6965e+06
0.149 3.0614e+08 6.1228e+06
0.15 2.8409e+08 5.6818e+06
0.151 2.8503e+08 5.7006e+06
0.152 2.7894e+08 5.5789e+06
0.153 2.6862e+08 5.3725e+06
0.154 2.6162e+08 5.2323e+06
0.155 2.5743e+08 5.1485e+06
0.156 2.4652e+08 4.9304e+06
0.157 2.5039e+08 5.0078e+06
0.158 2.4188e+08 4.8376e+06
0.159 2.399e+08 4.798e+06
0.16 2.3984e+08 4.7968e+06
0.161 2.3304e+08 4.6607e+06
0.162 2.2064e+08 4.4127e+06
0.163 2.2042e+08 4.4084e+06
0.164 2.1629e+08 4.3258e+06
0.165 2.1967e+08 4.3933e+06
0.166 2.0506e+08 4.1012e+06
0.167 1.989e+08 3.9779e+06
0.168 1.8655e+08 3.7311e+06
0.169 1.9852e+08 3.9703e+06
0.17 1.8788e+08 3.7576e+06
0.171 1.83e+08 3.66e+06
0.172 1.8309e+08 3.6619e+06
0.173 1.781e+08 3.562e+06
0.174 1.7965e+08 3.5931e+06
0.175 1.7072e+08 3.4144e+06
0.176 1.7303e+08 3.4606e+06
0.177 1.6229e+08 3.2459e+06
0.178 1.6269e+08 3.2537e+06
0.179 1.6008e+08 3.2016e+06
0.18 1.5837e+08 3.1674e+06
0.181 1.5029e+08 3.0059e+06
0.182 1.4943e+08 2.9886e+06
0.183 1.4322e+08 2.8643e+06
0.184 1.4204e+08 2.8407e+06
0.185 1.4595e+08 2.919e+06
0.186 1.4015e+08 2.803e+06
0.187 1.2783e+08 2.5566e+06
0.188 1.2863e+08 2.5726e+06
0.189 1.2664e+08 2.5329e+06
0.19 1.2595e+08 2.519e+06
0.191 1.1983e+08 2.3966e+06
0.192 1.3052e+08 2.6103e+06
0.193 1.2009e+08 2.4018e+06
0.194 1.0939e+08 2.1878e+06
0.195 1.089e+08 2.178e+06
0.196 1.1224e+08 2.2448e+06
0.197 1.12e+08 2.24e+06
0.198 1.0294e+08 2.0589e+06
0.199 1.1208e+08 2.2416e+06
0.2 1.052e+08 2.104e+06
0.201 9.3218e+07 1.8644e+06
0.202 1.0928e+08 2.1857e+06
0.203 9.4424e+07 1.8885e+06
0.204 9.9975e+07 1.9995e+06
0.205 8.7421e+07 1.7484e+06
0.206 8.6026e+07 1.7205e+06
0.207 9.0285e+07 1.8057e+06
0.208 7.9052e+07 1.581e+06
0.209 8.585e+07 1.717e+06
0.21 7.2988e+07 1.4598e+06
0.211 8.3682e+07 1.6736e+06
0.212 8.0906e+07 1.6181e+06
0.213 8.0398e+07 1.608e+06
0.214 7.3478e+07 1.4696e+06
0.215 6.5783e+07 1.3157e+06
0.216 7.8173e+07 1.5635e+06
0.217 7.3142e+07 1.4628e+06
0.218 6.3927e+07 1.2785e+06
0.219 5.5841e+07 1.1168e+06
0.22 6.5893e+07 1.3179e+06
0.221 5.7372e+07 1.1474e+06
0.222 6.1228e+07 1.2246e+06
0.223 5.6152e+07 1.123e+06
0.224 5.6764e+07 1.1353e+06
0.225 5.2551e+07 1.051e+06
0.226 5.8526e+07 1.1705e+06
0.227 5.2214e+07 1.0443e+06
0.228 5.6219e+07 1.1244e+06
0.229 5.8858e+07 1.1772e+06
0.23 5.2113e+07 1.0423e+06
0.231 4.8744e+07 9.7489e+05
0.232 4.1841e+07 8.3682e+05
0.233 5.4094e+07 1.0819e+06
0.234 4.7386e+07 9.4773e+05
0.235 4.8239e+07 9.6478e+05
0.236 4.0064e+07 8.0127e+05
0.237 4.8341e+07 9.6682e+05
0.238 4.4895e+07 8.9789e+05
0.239 3.9608e+07 7.9216e+05
0.24 4.2013e+07 8.4025e+05
0.241 4.6644e+07 9.3289e+05
0.242 3.2077e+07 6.4155e+05
0.243 4.8533e+07 9.7065e+05
0.244 3.4734e+07 6.9468e+05
0.245 3.5761e+07 7.1522e+05
0.246 4.1893e+07 8.3787e+05
0.247 3.8532e+07 7.7064e+05
0.248 2.6162e+07 5.2325e+05
0.249 3.917e+07 7.8341e+05
0.25 3.8338e+07 7.6676e+05
0.251 3.656e+07 7.3119e+05
0.252 3.0585e+07 6.117e+05
0.253 3.2888e+07 6.5775e+05
0.254 2.9287e+07 5.8574e+05
0.255 2.9944e+07 5.9888e+05
0.256 3.4143e+07 6.8286e+05
0.257 3.3448e+07 6.6895e+05
0.258 2.787e+07 5.5741e+05
0.259 2.2682e+07 4.5364e+05
0.26 3.368e+07 6.736e+05
0.261 1.9942e+07 3.9884e+05
0.262 2.5069e+07 5.0138e+05
0.263 2.632e+07 5.2641e+05
0.264 2.2675e+07 4.5349e+05
0.265 3.4008e+07 6.8016e+05
0.266 2.8033e+07 5.6067e+05
0.267 1.8996e+07 3.7993e+05
0.268 2.5325e+07 5.065e+05
0.269 1.811e+07 3.6221e+05
0.27 2.4687e+07 4.9374e+05
0.271 1.9756e+07 3.9513e+05
0.272 2.051e+07 4.102e+05
0.273 2.7076e+07 5.4151e+05
0.274 2.6304e+07 5.2608e+05
0.275 2.0751e+07 4.1502e+05
0.276 1.8264e+07 3.6529e+05
0.277 1.8945e+07 3.789e+05
0.278 1.3816e+07 2.7632e+05
0.279 2.534e+07 5.0679e+05
0.28 1.6764e+07 3.3528e+05
0.281 1.7013e+07 3.4025e+05
0.282 2.5968e+07 5.1936e+05
0.283 1.5624e+07 3.1248e+05
0.284 2.4781e+07 4.9562e+05
0.285 2.1612e+07 4.3224e+05
0.286 2.1692e+07 4.3383e+05
0.287 2.2513e+07 4.5026e+05
0.288 3.1234e+07 6.2468e+05
0.289 1.4551e+07 2.9102e+05
0.29 1.623e+07 3.246e+05
0.291 2.2458e+07 4.4916e+05
0.292 1.7499e+07 3.4997e+05
0.293 1.8549e+07 3.7098e+05
0.294 2.0934e+07 4.1869e+05
0.295 2.011e+07 4.0219e+05
0.296 1.4649e+07 2.9297e+05
0.297 1.9652e+07 3.9305e+05
0.298 2.2858e+07 4.5716e+05
0.299 1.8326e+07 3.6652e+05
0.3 2.2564e+07 4.5128e+05
0.301 1.5044e+07 3.0089e+05
0.302 1.6716e+07 3.3433e+05
0.303 1.302e+07 2.604e+05
0.304 1.556e+07 3.1121e+05
0.305 1.1325e+07 2.2651e+05
0.306 1.4949e+07 2.9897e+05
0.307 1.487e+07 2.9741e+05
0.308 1.5402e+07 3.0805e+05
0.309 1.7724e+07 3.5447e+05
0.31 1.6412e+07 3.2825e+05
0.311 1.5634e+07 3.1268e+05
0.312 1.2256e+07 2.4512e+05
0.313 1.8747e+07 3.7495e+05
0.314 1.7327e+07 3.4654e+05
0.315 1.6865e+07 3.373e+05
0.316 1.1522e+07 2.3043e+05
0.317 1.5385e+07 3.0769e+05
0.318 1.6974e+07 3.3948e+05
0.319 1.6495e+07 3.299e+05
0.32 1.4113e+07 2.8227e+05
0.321 1.5978e+07 3.1956e+05
0.322 9.5428e+06 1.9086e+05
0.323 1.4633e+07 2.9266e+05
0.324 1.139e+07 2.2781e+05
0.325 2.216e+07 4.432e+05
0.326 2.2667e+07 4.5333e+05
0.327 1.4436e+07 2.8872e+05
0.328 1.16e+07 2.3199e+05
0.329 1.2388e+07 2.4775e+05
0.33 1.1344e+07 2.2687e+05
0.331 2.6282e+07 5.2565e+05
0.332 9.7401e+06 1.948e+05
0.333 1.6016e+07 3.2031e+05
0.334 2.3757e+07 4.7514e+05
0.335 2.2017e+07 4.4034e+05
0.336 1.9482e+07 3.8963e+05
0.337 1.3788e+07 2.7576e+05
0.338 1.3146e+07 2.6292e+05
0.339 1.4446e+07 2.8892e+05
0.34 2.6436e+07 5.2872e+05
0.341 2.1946e+07 4.3892e+05
0.342 1.4146e+07 2.8291e+05
0.343 1.4649e+07 2.9299e+05
0.344 1.4915e+07 2.983e+05
0.345 1.7341e+07 3.4682e+05
0.346 9.0186e+06 1.8037e+05
0.347 2.074e+07 4.148e+05
0.348 2.2586e+07 4.5172e+05
0.349 2.6468e+07 5.2935e+05
0.35 1.6755e+07 3.351e+05
0.351 1.9343e+07 3.8685e+05
0.352 1.5481e+07 3.0961e+05
0.353 1.7276e+07 3.4552e+05
0.354 2.0016e+07 4.0032e+05
0.355 2.2089e+07 4.4179e+05
0.356 1.9093e+07 3.8185e+05
0.357 1.6735e+07 3.347e+05
0.358 1.8243e+07 3.6485e+05
0.359 1.8566e+07 3.7132e+05
0.36 1.9228e+07 3.8456e+05
0.361 1.9682e+07 3.9365e+05
0.362 2.0031e+07 4.0062e+05
0.363 1.5363e+07 3.0726e+05
0.364 2.1362e+07 4.2723e+05
0.365 2.1151e+07 4.2302e+05
0.366 2.3807e+07 4.7614e+05
0.367 1.2823e+07 2.5646e+05
0.368 2.3114e+07 4.6228e+05
0.369 1.6354e+07 3.2708e+05
0.37 2.4307e+07 4.8614e+05
0.371 1.8042e+07 3.6085e+05
0.372 1.9551e+07 3.9102e+05
0.373 1.4697e+07 2.9393e+05
0.374 1.2201e+07 2.4402e+05
0.375 2.5821e+07 5.1643e+05
0.376 2.0883e+07 4.1766e+05
0.377 1.8939e+07 3.7879e+05
0.378 1.9592e+07 3.9183e+05
0.379 1.9818e+07 3.9637e+05
0.38 2.0232e+07 4.0465e+05
0.381 1.2455e+07 2.491e+05
0.382 2.2476e+07 4.4952e+05
0.383 1.7802e+07 3.5605e+05
0.384 2.3309e+07 4.6618e+05
0.385 1.7243e+07 3.4485e+05
0.386 1.6109e+07 3.2219e+05
0.387 1.5638e+07 3.1277e+05
0.388 1.6026e+07 3.2051e+05
0.389 2.6005e+07 5.201e+05
0.39 1.897e+07 3.7939e+05
0.391 1.5198e+07 3.0396e+05
0.392 2.0545e+07 4.1089e+05
0.393 2.3317e+07 4.6633e+05
0.394 2.6745e+07 5.349e+05
0.395 2.4456e+07 4.8912e+05
0.396 2.0824e+07 4.1647e+05
0.397 2.8407e+07 5.6814e+05
0.398 2.0492e+07 4.0984e+05
0.399 2.7426e+07 5.4851e+05
0.4 2.1234e+07 4.2469e+05
0.401 2.4828e+07 4.9656e+05
0.402 2.1825e+07 4.365e+05
0.403 1.8299e+07 3.6598e+05
0.404 1.7173e+07 3.4347e+05
0.405 2.7993e+07 5.5986e+05
0.406 2.4522e+07 4.9044e+05
0.407 2.6096e+07 5.2192e+05
0.408 1.8752e+07 3.7504e+05
0.409 1.6961e+07 3.3922e+05
0.41 2.0346e+07 4.0693e+05
0.411 1.7986e+07 3.5971e+05
0.412 1.4592e+07 2.9184e+05
0.413 2.5767e+07 5.1533e+05
0.414 2.5087e+07 5.0173e+05
0.415 2.2503e+07 4.5005e+05
0.416 2.5588e+07 5.1175e+05
0.417 1.9166e+07 3.8332e+05
0.418 2.0642e+07 4.1284e+05
0.419 2.32e+07 4.6399e+05
0.42 1.72e+07 3.4401e+05
0.421 2.1967e+07 4.3934e+05
0.422 1.7214e+07 3.4429e+05
0.423 2.0997e+07 4.1994e+05
0.424 1.8942e+07 3.7885e+05
0.425 1.8371e+07 3.6741e+05
0.426 1.9684e+07 3.9367e+05
0.427 1.8747e+07 3.7495e+05
0.428 1.8996e+07 3.7993e+05
0.429 1.9063e+07 3.8125e+05
0.43 2.1708e+07 4.3416e+05
0.431 1.588e+07 3.1761e+05
0.432 2.6413e+07 5.2826e+05
0.433 2.0339e+07 4.0679e+05
0.434 1.8782e+07 3.7564e+05
0.435 2.0429e+07 4.0858e+05
0.436 1.9481e+07 3.8962e+05
0.437 2.0554e+07 4.1107e+05
0.438 1.6097e+07 3.2193e+05
0.439 1.3934e+07 2.7868e+05
0.44 1.9779e+07 3.9557e+05
0.441 1.9511e+07 3.9021e+05
0.442 1.8381e+07 3.6762e+05
0.443 2.101e+07 4.202e+05
0.444 1.3502e+07 2.7003e+05
0.445 1.2951e+07 2.5902e+05
0.446 1.7091e+07 3.4182e+05
0.447 1.4413e+07 2.8826e+05
0.448 1.7712e+07 3.5424e+05
0.449 2.3089e+07 4.6179e+05
0.45 1.2176e+07 2.4351e+05
0.451 1.9411e+07 3.8822e+05
0.452 1.7665e+07 3.533e+05
0.453 1.988e+07 3.9761e+05
0.454 2.0206e+07 4.0411e+05
0.455 2.4374e+07 4.8748e+05
0.456 1.9455e+07 3.8909e+05
0.457 1.6545e+07 3.3089e+05
0.458 1.896e+07 3.7919e+05
0.459 1.6074e+07 3.2149e+05
0.46 2.3233e+07 4.6467e+05
0.461 1.7987e+07 3.5974e+05
0.462 1.8961e+07 3.7922e+05
0.463 2.3544e+07 4.7087e+05
0.464 1.9848e+07 3.9697e+05
0.465 2.1681e+07 4.3362e+05
0.466 1.4122e+07 2.8244e+05
0.467 1.5363e+07 3.0726e+05
0.468 1.6073e+07 3.2146e+05
0.469 2.3386e+07 4.6772e+05
0.47 2.0253e+07 4.0506e+05
0.471 1.5961e+07 3.1923e+05
0.472 2.344e+07 4.688e+05
0.473 1.8807e+07 3.7615e+05
0.474 1.2786e+07 2.5573e+05
0.475 1.9257e+07 3.8514e+05
0.476 1.6706e+07 3.3413e+05
0.477 1.7533e+07 3.5066e+05
0.478 2.1793e+07 4.3586e+05
0.479 2.2229e+07 4.4457e+05
0.48 1.8408e+07 3.6817e+05
0.481 1.738e+07 3.4761e+05
0.482 1.798e+07 3.5961e+05
0.483 2.2307e+07 4.4615e+05
0.484 1.7297e+07 3.4594e+05
0.485 1.8261e+07 3.6523e+05
0.486 1.7431e+07 3.4863e+05
0.487 2.2173e+07 4.4346e+05
0.488 1.7651e+07 3.5302e+05
0.489 1.7921e+07 3.5841e+05
0.49 1.9971e+07 3.9941e+05
0.491 1.6596e+07 3.3192e+05
0.492 1.8897e+07 3.7793e+05
0.493 1.9212e+07 3.8425e+05
0.494 2.1339e+07 4.2678e+05
0.495 2.2692e+07 4.5385e+05
0.496 1.3496e+07 2.6992e+05
0.497 2.2412e+07 4.4825e+05
0.498 1.8065e+07 3.6131e+05
0.499 1.2035e+07 2.4071e+05
0.5 1.6271e+07 3.2542e+05
