0.001 3.4119e+09 6.8239e+07
0.002 3.7027e+09 7.4054e+07
0.003 3.7373e+09 7.4745e+07
0.004 3.7783e+09 7.5567e+07
0.005 3.9113e+09 7.8226e+07
0.006 3.7104e+09 7.4207e+07
0.007 3.7637e+09 7.5275e+07
0.008 3.7391e+09 7.4783e+07
0.009 3.7971e+09 7.5941e+07
0.01 3.5566e+09 7.1131e+07
0.011 3.8186e+09 7.6372e+07
0.012 3.5793e+09 7.1586e+07
0.013 3.704e+09 7.4081e+07
0.014 3.6814e+09 7.3628e+07
0.015 3.6328e+09 7.2657e+07
0.016 3.6544e+09 7.3089e+07
0.017 3.6101e+09 7.2202e+07
0.018 3.5692e+09 7.1383e+07
0.019 3.545e+09 7.0901e+07
0.02 3.5226e+09 7.0452e+07
0.021 3.5102e+09 7.0204e+07
0.022 3.4834e+09 6.9668e+07
0.023 3.5163e+09 7.0325e+07
0.024 3.5539e+09 7.1078e+07
0.025 3.4686e+09 6.9373e+07
0.026 3.4864e+09 6.9729e+07
0.027 3.4196e+09 6.8391e+07
0.028 3.4188e+09 6.8375e+07
0.029 3.4729e+09 6.9458e+07
0.03 3.3831e+09 6.7663e+07
0.031 3.4327e+09 6.8653e+07
0.032 3.3506e+09 6.7013e+07
0.033 3.3404e+09 6.6807e+07
0.034 3.2587e+09 6.5174e+07
0.035 3.3837e+09 6.7673e+07
0.036 3.2257e+09 6.4514e+07
0.037 3.2721e+09 6.5443e+07
0.038 3.2356e+09 6.4712e+07
0.039 3.2513e+09 6.5026e+07
0.04 3.1622e+09 6.3245e+07
0.041 3.1805e+09 6.361e+07
0.042 3.2068e+09 6.4137e+07
0.043 3.1414e+09 6.2827e+07
0.044 3.1173e+09 6.2346e+07
0.045 3.0811e+09 6.1622e+07
0.046 3.0145e+09 6.0291e+07
0.047 2.9844e+09 5.9687e+07
0.048 3.0113e+09 6.0225e+07
0.049 3.0165e+09 6.0329e+07
0.05 3.0025e+09 6.005e+07
0.051 2.9061e+09 5.8122e+07
0.052 2.9032e+09 5.8065e+07
0.053 2.8664e+09 5.7327e+07
0.054 2.839e+09 5.6781e+07
0.055 2.8403e+09 5.6806e+07
0.056 2.8385e+09 5.677e+07
0.057 2.8037e+09 5.6075e+07
0.058 2.7301e+09 5.4603e+07
0.059 2.703e+09 5.406e+07
0.06 2.6766e+09 5.3533e+07
0.061 2.6308e+09 5.2617e+07
0.062 2.6292e+09 5.2584e+07
0.063 2.616e+09 5.232e+07
0.064 2.5455e+09 5.091e+07
0.065 2.4978e+09 4.9955e+07
0.066 2.4888e+09 4.9777e+07
0.067 2.4777e+09 4.9555e+07
0.068 2.4549e+09 4.9097e+07
0.069 2.3806e+09 4.7611e+07
0.07 2.345e+09 4.6899e+07
0.071 2.3713e+09 4.7426e+07
0.072 2.3347e+09 4.6694e+07
0.073 2.2959e+09 4.5917e+07
0.074 2.312e+09 4.624e+07
0.075 2.2693e+09 4.5387e+07
0.076 2.1931e+09 4.3862e+07
0.077 2.2014e+09 4.4028e+07
0.078 2.1612e+09 4.3225e+07
0.079 2.1022e+09 4.2044e+07
0.08 2.1286e+09 4.2573e+07
0.081 2.0634e+09 4.1267e+07
0.082 2.0241e+09 4.0482e+07
0.083 2.0195e+09 4.0389e+07
0.084 1.9781e+09 3.9562e+07
0.085 1.9439e+09 3.8878e+07
0.086 1.915e+09 3.8299e+07
0.087 1.8748e+09 3.7495e+07
0.088 1.8867e+09 3.7734e+07
0.089 1.8184e+09 3.6367e+07
0.09 1.7884e+09 3.5768e+07
0.091 1.7867e+09 3.5735e+07
0.092 1.7836e+09 3.5672e+07
0.093 1.7269e+09 3.4538e+07
0.094 1.7461e+09 3.4922e+07
0.095 1.6762e+09 3.3524e+07
0.096 1.6229e+09 3.2458e+07
0.097 1.6064e+09 3.2129e+07
0.098 1.6073e+09 3.2147e+07
0.099 1.5915e+09 3.1829e+07
0.1 1.5462e+09 3.0925e+07
0.101 1.5441e+09 3.0883e+07
0.102 1.496e+09 2.992e+07
0.103 1.4609e+09 2.9218e+07
0.104 1.439e+09 2.8781e+07
0.105 1.4144e+09 2.8287e+07
0.106 1.4101e+09 2.8202e+07
0.107 1.4062e+09 2.8124e+07
0.108 1.323e+09 2.6461e+07
0.109 1.3451e+09 2.6903e+07
0.11 1.3308e+09 2.6616e+07
0.111 1.2812e+09 2.5624e+07
0.112 1.2752e+09 2.5505e+07
0.113 1.2446e+09 2.4891e+07
0.114 1.2292e+09 2.4585e+07
0.115 1.2306e+09 2.4612e+07
0.116 1.1877e+09 2.3754e+07
0.117 1.1542e+09 2.3083e+07
0.118 1.1301e+09 2.2602e+07
0.119 1.1303e+09 2.2605e+07
0.12 1.0895e+09 2.1791e+07
0.121 1.056e+09 2.1121e+07
0.122 1.0571e+09 2.1143e+07
0.123 1.039e+09 2.078e+07
0.124 1.0015e+09 2.003e+07
0.125 9.679e+08 1.9358e+07
0.126 9.4501e+08 1.89e+07
0.127 9.5685e+08 1.9137e+07
0.128 9.5301e+08 1.906e+07
0.129 9.2294e+08 1.8459e+07
0.13 9.2003e+08 1.8401e+07
0.131 8.986e+08 1.7972e+07
0.132 8.7002e+08 1.74e+07
0.133 8.4515e+08 1.6903e+07
0.134 8.2618e+08 1.6524e+07
0.135 8.5659e+08 1.7132e+07
0.136 8.014e+08 1.6028e+07
0.137 7.959e+08 1.5918e+07
0.138 7.6808e+08 1.5362e+07
0.139 7.702e+08 1.5404e+07
0.14 7.5569e+08 1.5114e+07
0.141 7.4081e+08 1.4816e+07
0.142 7.1872e+08 1.4374e+07
0.143 6.8445e+08 1.3689e+07
0.144 6.8913e+08 1.3783e+07
0.145 6.8012e+08 1.3602e+07
0.146 6.6158e+08 1.3232e+07
0.147 6.457e+08 1.2914e+07
0.148 6.3467e+08 1.2693e+07
0.149 6.1292e+08 1.2258e+07
0.15 6.1075e+08 1.2215e+07
0.151 5.9621e+08 1.1924e+07
0.152 6.0136e+08 1.2027e+07
0.153 5.8511e+08 1.1702e+07
0.154 5.7987e+08 1.1597e+07
0.155 5.4236e+08 1.0847e+07
0.156 5.5246e+08 1.1049e+07
0.157 5.3637e+08 1.0727e+07
0.158 5.2564e+08 1.0513e+07
0.159 5.0117e+08 1.0023e+07
0.16 5.2702e+08 1.054e+07
0.161 5.0689e+08 1.0138e+07
0.162 4.7533e+08 9.5065e+06
0.163 4.7668e+08 9.5335e+06
0.164 4.7037e+08 9.4075e+06
0.165 4.3986e+08 8.7972e+06
0.166 4.7228e+08 9.4456e+06
0.167 4.2774e+08 8.5549e+06
0.168 4.4446e+08 8.8892e+06
0.169 3.8995e+08 7.799e+06
0.17 4.2033e+08 8.4066e+06
0.171 4.2256e+08 8.4512e+06
0.172 4.0737e+08 8.1473e+06
0.173 4.0818e+08 8.1637e+06
0.174 3.9133e+08 7.8266e+06
0.175 3.9355e+08 7.871e+06
0.176 3.4117e+08 6.8234e+06
0.177 3.523e+08 7.0459e+06
0.178 3.5983e+08 7.1966e+06
0.179 3.4375e+08 6.875e+06
0.18 3.5051e+08 7.0101e+06
0.181 3.2698e+08 6.5396e+06
0.182 3.2073e+08 6.4146e+06
0.183 3.4652e+08 6.9304e+06
0.184 3.2213e+08 6.4427e+06
0.185 3.1419e+08 6.2838e+06
0.186 3.0096e+08 6.0193e+06
0.187 3.1024e+08 6.2048e+06
0.188 3.1599e+08 6.3198e+06
0.189 2.8306e+08 5.6612e+06
0.19 2.8744e+08 5.7488e+06
0.191 2.7342e+08 5.4684e+06
0.192 2.7114e+08 5.4227e+06
0.193 2.659e+08 5.318e+06
0.194 2.3781e+08 4.7563e+06
0.195 2.4986e+08 4.9972e+06
0.196 2.4407e+08 4.8813e+06
0.197 2.5226e+08 5.0453e+06
0.198 2.4381e+08 4.8761e+06
0.199 2.2825e+08 4.565e+06
0.2 2.0245e+08 4.049e+06
0.201 2.2881e+08 4.5763e+06
0.202 2.3789e+08 4.7579e+06
0.203 2.3478e+08 4.6956e+06
0.204 2.125e+08 4.2499e+06
0.205 2.1721e+08 4.3441e+06
0.206 2.199e+08 4.398e+06
0.207 2.0858e+08 4.1716e+06
0.208 2.1505e+08 4.3011e+06
0.209 2.1214e+08 4.2427e+06
0.21 2.0232e+08 4.0465e+06
0.211 1.7842e+08 3.5683e+06
0.212 1.8737e+08 3.7474e+06
0.213 1.8159e+08 3.6318e+06
0.214 1.6355e+08 3.2711e+06
0.215 1.7428e+08 3.4855e+06
0.216 1.8065e+08 3.613e+06
0.217 1.6455e+08 3.2909e+06
0.218 1.7021e+08 3.4041e+06
0.219 1.6753e+08 3.3506e+06
0.22 1.6632e+08 3.3264e+06
0.221 1.4623e+08 2.9246e+06
0.222 1.4592e+08 2.9183e+06
0.223 1.4742e+08 2.9484e+06
0.224 1.3527e+08 2.7053e+06
0.225 1.3202e+08 2.6404e+06
0.226 1.3765e+08 2.753e+06
0.227 1.5092e+08 3.0184e+06
0.228 1.2894e+08 2.5787e+06
0.229 1.2841e+08 2.5681e+06
0.23 1.3251e+08 2.6501e+06
0.231 1.2812e+08 2.5624e+06
0.232 1.2203e+08 2.4406e+06
0.233 1.2122e+08 2.4244e+06
0.234 1.0767e+08 2.1534e+06
0.235 1.1752e+08 2.3504e+06
0.236 1.0427e+08 2.0854e+06
0.237 1.106e+08 2.2121e+06
0.238 9.8409e+07 1.9682e+06
0.239 1.2697e+08 2.5394e+06
0.24 9.8234e+07 1.9647e+06
0.241 1.0656e+08 2.1312e+06
0.242 1.0993e+08 2.1987e+06
0.243 1.1114e+08 2.2229e+06
0.244 1.18e+08 2.3601e+06
0.245 1.0358e+08 2.0717e+06
0.246 1.0588e+08 2.1176e+06
0.247 1.2089e+08 2.4177e+06
0.248 8.0084e+07 1.6017e+06
0.249 1.0512e+08 2.1024e+06
0.25 8.7433e+07 1.7487e+06
0.251 8.4207e+07 1.6841e+06
0.252 7.5881e+07 1.5176e+06
0.253 8.6718e+07 1.7344e+06
0.254 8.4552e+07 1.691e+06
0.255 8.344e+07 1.6688e+06
0.256 9.1112e+07 1.8222e+06
0.257 8.2489e+07 1.6498e+06
0.258 8.2997e+07 1.6599e+06
0.259 8.5568e+07 1.7114e+06
0.26 8.9328e+07 1.7866e+06
0.261 6.3749e+07 1.275e+06
0.262 7.9543e+07 1.5909e+06
0.263 7.3886e+07 1.4777e+06
0.264 7.4964e+07 1.4993e+06
0.265 6.3559e+07 1.2712e+06
0.266 7.618e+07 1.5236e+06
0.267 5.4812e+07 1.0962e+06
0.268 5.3097e+07 1.0619e+06
0.269 5.704e+07 1.1408e+06
0.27 6.3454e+07 1.2691e+06
0.271 6.179e+07 1.2358e+06
0.272 5.1427e+07 1.0285e+06
0.273 7.2607e+07 1.4521e+06
0.274 5.9824e+07 1.1965e+06
0.275 6.4496e+07 1.2899e+06
0.276 5.0775e+07 1.0155e+06
0.277 5.8513e+07 1.1703e+06
0.278 5.5469e+07 1.1094e+06
0.279 6.9867e+07 1.3973e+06
0.28 6.7253e+07 1.3451e+06
0.281 6.1395e+07 1.2279e+06
0.282 6.9394e+07 1.3879e+06
0.283 5.471e+07 1.0942e+06
0.284 5.1701e+07 1.034e+06
0.285 4.0548e+07 8.1096e+05
0.286 4.6974e+07 9.3948e+05
0.287 5.4325e+07 1.0865e+06
0.288 6.1241e+07 1.2248e+06
0.289 6.4928e+07 1.2986e+06
0.29 4.5035e+07 9.007e+05
0.291 6.1823e+07 1.2365e+06
0.292 6.2122e+07 1.2424e+06
0.293 5.4807e+07 1.0961e+06
0.294 5.5427e+07 1.1085e+06
0.295 4.8913e+07 9.7825e+05
0.296 6.435e+07 1.287e+06
0.297 3.5946e+07 7.1892e+05
0.298 4.6423e+07 9.2847e+05
0.299 4.4395e+07 8.8791e+05
0.3 5.0695e+07 1.0139e+06
0.301 4.4942e+07 8.9884e+05
0.302 3.8423e+07 7.6847e+05
0.303 3.5981e+07 7.1961e+05
0.304 4.3969e+07 8.7938e+05
0.305 4.5152e+07 9.0304e+05
0.306 5.0637e+07 1.0127e+06
0.307 5.5833e+07 1.1167e+06
0.308 3.7329e+07 7.4658e+05
0.309 4.1051e+07 8.2102e+05
0.31 4.3759e+07 8.7518e+05
0.311 4.0749e+07 8.1497e+05
0.312 3.527e+07 7.0541e+05
0.313 4.2008e+07 8.4015e+05
0.314 4.3859e+07 8.7719e+05
0.315 4.0843e+07 8.1687e+05
0.316 3.1405e+07 6.2811e+05
0.317 3.6619e+07 7.3238e+05
0.318 4.7223e+07 9.4445e+05
0.319 5.3705e+07 1.0741e+06
0.32 4.0501e+07 8.1001e+05
0.321 4.2723e+07 8.5447e+05
0.322 4.5621e+07 9.1242e+05
0.323 2.5844e+07 5.1688e+05
0.324 3.7959e+07 7.5917e+05
0.325 4.7418e+07 9.4836e+05
0.326 4.0634e+07 8.1268e+05
0.327 4.3937e+07 8.7874e+05
0.328 4.0542e+07 8.1084e+05
0.329 4.3636e+07 8.7272e+05
0.33 4.9086e+07 9.8172e+05
0.331 4.1371e+07 8.2742e+05
0.332 4.102e+07 8.204e+05
0.333 3.812e+07 7.624e+05
0.334 3.406e+07 6.812e+05
0.335 2.6642e+07 5.3283e+05
0.336 3.5516e+07 7.1031e+05
0.337 4.5414e+07 9.0829e+05
0.338 3.6175e+07 7.235e+05
0.339 4.6338e+07 9.2675e+05
0.34 2.5937e+07 5.1874e+05
0.341 5.2044e+07 1.0409e+06
0.342 3.3281e+07 6.6562e+05
0.343 4.9413e+07 9.8825e+05
0.344 4.0947e+07 8.1895e+05
0.345 4.3122e+07 8.6245e+05
0.346 3.3387e+07 6.6773e+05
0.347 3.0269e+07 6.0537e+05
0.348 3.7084e+07 7.4168e+05
0.349 5.0867e+07 1.0173e+06
0.35 4.2983e+07 8.5966e+05
0.351 3.5808e+07 7.1617e+05
0.352 3.9815e+07 7.963e+05
0.353 3.2474e+07 6.4948e+05
0.354 4.1378e+07 8.2755e+05
0.355 3.6813e+07 7.3626e+05
0.356 3.855e+07 7.71e+05
0.357 3.5177e+07 7.0354e+05
0.358 3.835e+07 7.6699e+05
0.359 3.9681e+07 7.9363e+05
0.36 4.3201e+07 8.6401e+05
0.361 3.402e+07 6.804e+05
0.362 4.214e+07 8.4281e+05
0.363 2.5853e+07 5.1705e+05
0.364 4.1847e+07 8.3695e+05
0.365 3.943e+07 7.886e+05
0.366 4.2402e+07 8.4804e+05
0.367 4.0596e+07 8.1191e+05
0.368 3.5015e+07 7.0029e+05
0.369 2.3987e+07 4.7974e+05
0.37 4.2028e+07 8.4056e+05
0.371 4.8134e+07 9.6268e+05
0.372 1.7624e+07 3.5248e+05
0.373 3.3035e+07 6.607e+05
0.374 4.5478e+07 9.0956e+05
0.375 3.1991e+07 6.3982e+05
0.376 5.2846e+07 1.0569e+06
0.377 2.9938e+07 5.9876e+05
0.378 4.1417e+07 8.2834e+05
0.379 4.9574e+07 9.9147e+05
0.38 4.117e+07 8.2341e+05
0.381 3.5616e+07 7.1231e+05
0.382 4.0062e+07 8.0124e+05
0.383 2.9731e+07 5.9461e+05
0.384 3.1859e+07 6.3718e+05
0.385 4.4449e+07 8.8897e+05
0.386 4.691e+07 9.3821e+05
0.387 5.436e+07 1.0872e+06
0.388 3.177e+07 6.354e+05
0.389 3.8607e+07 7.7214e+05
0.39 3.596e+07 7.1921e+05
0.391 4.7254e+07 9.4509e+05
0.392 4.4523e+07 8.9045e+05
0.393 4.61e+07 9.2199e+05
0.394 3.7849e+07 7.5698e+05
0.395 3.579e+07 7.1579e+05
0.396 3.4963e+07 6.9926e+05
0.397 3.6193e+07 7.2386e+05
0.398 3.6632e+07 7.3263e+05
0.399 4.8225e+07 9.645e+05
0.4 4.2367e+07 8.4734e+05
0.401 4.9389e+07 9.8779e+05
0.402 4.4204e+07 8.8409e+05
0.403 3.0521e+07 6.1042e+05
0.404 3.4216e+07 6.8432e+05
0.405 3.0348e+07 6.0697e+05
0.406 4.5543e+07 9.1086e+05
0.407 4.6414e+07 9.2828e+05
0.408 4.3182e+07 8.6363e+05
0.409 4.2336e+07 8.4672e+05
0.41 4.2852e+07 8.5704e+05
0.411 2.9784e+07 5.9568e+05
0.412 4.4091e+07 8.8181e+05
0.413 3.7208e+07 7.4416e+05
0.414 4.4659e+07 8.9318e+05
0.415 5.3389e+07 1.0678e+06
0.416 3.3991e+07 6.7981e+05
0.417 4.314e+07 8.628e+05
0.418 5.8294e+07 1.1659e+06
0.419 3.8765e+07 7.7529e+05
0.42 4.3444e+07 8.6889e+05
0.421 4.3722e+07 8.7443e+05
0.422 3.5844e+07 7.1689e+05
0.423 3.8056e+07 7.6112e+05
0.424 4.5289e+07 9.0578e+05
0.425 4.3107e+07 8.6215e+05
0.426 4.592e+07 9.1839e+05
0.427 3.4817e+07 6.9634e+05
0.428 2.4447e+07 4.8894e+05
0.429 3.4221e+07 6.8443e+05
0.43 3.2369e+07 6.4739e+05
0.431 3.6819e+07 7.3638e+05
0.432 4.2653e+07 8.5306e+05
0.433 4.2826e+07 8.5652e+05
0.434 3.9714e+07 7.9428e+05
0.435 4.1015e+07 8.2029e+05
0.436 2.9367e+07 5.8735e+05
0.437 3.6389e+07 7.2778e+05
0.438 3.8386e+07 7.6771e+05
0.439 4.7057e+07 9.4115e+05
0.44 4.4113e+07 8.8225e+05
0.441 4.1004e+07 8.2008e+05
0.442 3.6016e+07 7.2033e+05
0.443 2.3839e+07 4.7677e+05
0.444 4.7763e+07 9.5526e+05
0.445 4.1064e+07 8.2129e+05
0.446 4.6518e+07 9.3037e+05
0.447 3.7537e+07 7.5073e+05
0.448 2.892e+07 5.7841e+05
0.449 3.9487e+07 7.8975e+05
0.45 4.5149e+07 9.0297e+05
0.451 3.2503e+07 6.5006e+05
0.452 4.6893e+07 9.3786e+05
0.453 2.0618e+07 4.1236e+05
0.454 3.4376e+07 6.8751e+05
0.455 3.3028e+07 6.6055e+05
0.456 4.0762e+07 8.1525e+05
0.457 4.9005e+07 9.801e+05
0.458 4.7578e+07 9.5156e+05
0.459 4.4472e+07 8.8945e+05
0.46 4.502e+07 9.0039e+05
0.461 4.2139e+07 8.4278e+05
0.462 4.5902e+07 9.1803e+05
0.463 5.0935e+07 1.0187e+06
0.464 2.6029e+07 5.2058e+05
0.465 3.3993e+07 6.7985e+05
0.466 3.615e+07 7.2299e+05
0.467 3.2427e+07 6.4854e+05
0.468 3.2952e+07 6.5904e+05
0.469 3.7445e+07 7.4889e+05
0.47 2.7157e+07 5.4313e+05
0.471 3.9418e+07 7.8836e+05
0.472 3.144e+07 6.288e+05
0.473 4.216e+07 8.432e+05
0.474 3.9762e+07 7.9524e+05
0.475 3.4937e+07 6.9873e+05
0.476 3.3044e+07 6.6088e+05
0.477 3.4678e+07 6.9356e+05
0.478 4.1552e+07 8.3105e+05
0.479 3.6468e+07 7.2935e+05
0.48 2.9966e+07 5.9932e+05
0.481 3.5325e+07 7.0651e+05
0.482 3.2826e+07 6.5653e+05
0.483 3.8471e+07 7.6942e+05
0.484 3.8236e+07 7.6471e+05
0.485 5.4713e+07 1.0943e+06
0.486 3.8799e+07 7.7598e+05
0.487 4.1599e+07 8.3199e+05
0.488 4.0958e+07 8.1917e+05
0.489 3.1431e+07 6.2862e+05
0.49 3.6943e+07 7.3887e+05
0.491 2.7954e+07 5.5909e+05
0.492 3.8994e+07 7.7988e+05
0.493 4.1043e+07 8.2086e+05
0.494 3.9729e+07 7.9458e+05
0.495 4.0431e+07 8.0863e+05
0.496 4.6234e+07 9.2469e+05
0.497 4.6462e+07 9.2923e+05
0.498 3.8618e+07 7.7237e+05
0.499 3.6606e+07 7.3212e+05
0.5 3.5458e+07 7.0916e+05
