0.001 1.0561e+09 6.3315e+07
0.002 9.8238e+08 4.4768e+07
0.003 9.7459e+08 3.6549e+07
0.004 9.7322e+08 3.1648e+07
0.005 1.071e+09 2.8301e+07
0.006 1.0396e+09 2.5829e+07
0.007 9.7547e+08 2.3907e+07
0.008 1.0009e+09 2.2356e+07
0.009 9.9039e+08 2.107e+07
0.01 1.0033e+09 1.9981e+07
0.011 1.0097e+09 1.9043e+07
0.012 9.9476e+08 1.8223e+07
0.013 9.9731e+08 1.7499e+07
0.014 9.788e+08 1.6853e+07
0.015 1.0052e+09 1.6272e+07
0.016 9.7277e+08 1.5745e+07
0.017 1.0283e+09 1.5265e+07
0.018 9.9033e+08 1.4824e+07
0.019 9.9241e+08 1.4418e+07
0.02 9.7265e+08 1.4041e+07
0.021 1.0173e+09 1.3691e+07
0.022 9.7342e+08 1.3365e+07
0.023 9.7542e+08 1.3059e+07
0.024 9.586e+08 1.2772e+07
0.025 9.7417e+08 1.2501e+07
0.026 9.6424e+08 1.2246e+07
0.027 9.559e+08 1.2004e+07
0.028 9.6372e+08 1.1774e+07
0.029 9.5257e+08 1.1556e+07
0.03 9.4945e+08 1.1349e+07
0.031 9.7427e+08 1.115e+07
0.032 9.3852e+08 1.0961e+07
0.033 9.2517e+08 1.0779e+07
0.034 9.2482e+08 1.0605e+07
0.035 9.4137e+08 1.0438e+07
0.036 9.2831e+08 1.0278e+07
0.037 9.0822e+08 1.0123e+07
0.038 9.0321e+08 9.9741e+06
0.039 9.0235e+08 9.8303e+06
0.04 9.1463e+08 9.6915e+06
0.041 8.988e+08 9.5573e+06
0.042 9.0181e+08 9.4274e+06
0.043 8.9482e+08 9.3016e+06
0.044 8.7636e+08 9.1796e+06
0.045 8.7128e+08 9.0613e+06
0.046 8.6223e+08 8.9464e+06
0.047 8.6041e+08 8.8348e+06
0.048 8.5003e+08 8.7262e+06
0.049 8.4026e+08 8.6206e+06
0.05 8.398e+08 8.5177e+06
0.051 8.4689e+08 8.4175e+06
0.052 8.3911e+08 8.3198e+06
0.053 8.2876e+08 8.2245e+06
0.054 8.2175e+08 8.1315e+06
0.055 8.2591e+08 8.0407e+06
0.056 8.1785e+08 7.9519e+06
0.057 7.9328e+08 7.8652e+06
0.058 7.8332e+08 7.7804e+06
0.059 7.9148e+08 7.6974e+06
0.06 7.7339e+08 7.6162e+06
0.061 7.7776e+08 7.5367e+06
0.062 7.6673e+08 7.4589e+06
0.063 7.52e+08 7.3826e+06
0.064 7.5123e+08 7.3078e+06
0.065 7.5234e+08 7.2344e+06
0.066 7.3229e+08 7.1625e+06
0.067 7.3199e+08 7.0919e+06
0.068 7.3434e+08 7.0227e+06
0.069 7.1446e+08 6.9547e+06
0.07 7.0416e+08 6.8879e+06
0.071 6.9326e+08 6.8224e+06
0.072 6.9859e+08 6.7579e+06
0.073 6.9302e+08 6.6946e+06
0.074 6.8651e+08 6.6324e+06
0.075 6.7073e+08 6.5712e+06
0.076 6.65e+08 6.511e+06
0.077 6.5427e+08 6.4518e+06
0.078 6.5267e+08 6.3936e+06
0.079 6.4044e+08 6.3363e+06
0.08 6.4257e+08 6.28e+06
0.081 6.3488e+08 6.2245e+06
0.082 6.4026e+08 6.1699e+06
0.083 6.1849e+08 6.1161e+06
0.084 6.1197e+08 6.0632e+06
0.085 6.0062e+08 6.011e+06
0.086 5.9369e+08 5.9597e+06
0.087 5.8074e+08 5.9091e+06
0.088 5.731e+08 5.8592e+06
0.089 5.6941e+08 5.8101e+06
0.09 5.6703e+08 5.7617e+06
0.091 5.5305e+08 5.714e+06
0.092 5.4796e+08 5.667e+06
0.093 5.4482e+08 5.6207e+06
0.094 5.3623e+08 5.575e+06
0.095 5.2521e+08 5.53e+06
0.096 5.142e+08 5.4856e+06
0.097 5.1459e+08 5.4419e+06
0.098 5.0434e+08 5.3987e+06
0.099 4.9395e+08 5.3562e+06
0.1 4.9261e+08 5.3142e+06
0.101 4.8605e+08 5.2728e+06
0.102 4.7479e+08 5.232e+06
0.103 4.6846e+08 5.1918e+06
0.104 4.7376e+08 5.1521e+06
0.105 4.5381e+08 5.1129e+06
0.106 4.5002e+08 5.0743e+06
0.107 4.4755e+08 5.0362e+06
0.108 4.4024e+08 4.9986e+06
0.109 4.2081e+08 4.9616e+06
0.11 4.2414e+08 4.925e+06
0.111 4.1838e+08 4.8889e+06
0.112 4.0835e+08 4.8534e+06
0.113 4.009e+08 4.8183e+06
0.114 3.9729e+08 4.7836e+06
0.115 3.9776e+08 4.7495e+06
0.116 3.8806e+08 4.7158e+06
0.117 3.8014e+08 4.6826e+06
0.118 3.6892e+08 4.6498e+06
0.119 3.6439e+08 4.6174e+06
0.12 3.637e+08 4.5855e+06
0.121 3.5145e+08 4.554e+06
0.122 3.3968e+08 4.523e+06
0.123 3.3837e+08 4.4923e+06
0.124 3.2798e+08 4.4621e+06
0.125 3.3173e+08 4.4323e+06
0.126 3.1911e+08 4.4029e+06
0.127 3.0909e+08 4.3739e+06
0.128 3.0728e+08 4.3453e+06
0.129 2.9773e+08 4.3171e+06
0.13 2.9598e+08 4.2892e+06
0.131 2.918e+08 4.2618e+06
0.132 2.8492e+08 4.2347e+06
0.133 2.8292e+08 4.208e+06
0.134 2.7976e+08 4.1817e+06
0.135 2.7011e+08 4.1557e+06
0.136 2.6382e+08 4.1301e+06
0.137 2.6328e+08 4.1048e+06
0.138 2.6038e+08 4.0799e+06
0.139 2.4937e+08 4.0553e+06
0.14 2.5186e+08 4.0311e+06
0.141 2.4791e+08 4.0072e+06
0.142 2.3705e+08 3.9836e+06
0.143 2.3976e+08 3.9604e+06
0.144 2.2856e+08 3.9375e+06
0.145 2.2026e+08 3.9149e+06
0.146 2.148e+08 3.8926e+06
0.147 2.123e+08 3.8707e+06
0.148 2.0936e+08 3.849e+06
0.149 2.0355e+08 3.8276e+06
0.15 1.9916e+08 3.8066e+06
0.151 1.8856e+08 3.7858e+06
0.152 1.9226e+08 3.7654e+06
0.153 1.9321e+08 3.7452e+06
0.154 1.8209e+08 3.7253e+06
0.155 1.8397e+08 3.7057e+06
0.156 1.7613e+08 3.6864e+06
0.157 1.7632e+08 3.6673e+06
0.158 1.7003e+08 3.6485e+06
0.159 1.6872e+08 3.63e+06
0.16 1.5917e+08 3.6118e+06
0.161 1.5954e+08 3.5938e+06
0.162 1.6265e+08 3.576e+06
0.163 1.5616e+08 3.5585e+06
0.164 1.4526e+08 3.5413e+06
0.165 1.438e+08 3.5243e+06
0.166 1.482e+08 3.5075e+06
0.167 1.3415e+08 3.491e+06
0.168 1.3444e+08 3.4747e+06
0.169 1.3031e+08 3.4587e+06
0.17 1.3489e+08 3.4429e+06
0.171 1.3053e+08 3.4273e+06
0.172 1.2989e+08 3.4119e+06
0.173 1.1879e+08 3.3967e+06
0.174 1.2156e+08 3.3818e+06
0.175 1.2473e+08 3.367e+06
0.176 1.13e+08 3.3525e+06
0.177 1.1689e+08 3.3381e+06
0.178 1.1093e+08 3.324e+06
0.179 1.1021e+08 3.3101e+06
0.18 1.0246e+08 3.2963e+06
0.181 1.0559e+08 3.2828e+06
0.182 9.9736e+07 3.2694e+06
0.183 1.015e+08 3.2563e+06
0.184 9.9985e+07 3.2433e+06
0.185 9.2595e+07 3.2304e+06
0.186 9.0967e+07 3.2178e+06
0.187 9.4362e+07 3.2053e+06
0.188 8.8229e+07 3.193e+06
0.189 8.2399e+07 3.1809e+06
0.19 8.0336e+07 3.1689e+06
0.191 8.6227e+07 3.1571e+06
0.192 8.4117e+07 3.1455e+06
0.193 8.0823e+07 3.134e+06
0.194 7.1955e+07 3.1226e+06
0.195 7.7831e+07 3.1115e+06
0.196 7.4724e+07 3.1004e+06
0.197 7.2739e+07 3.0895e+06
0.198 6.8432e+07 3.0787e+06
0.199 6.1183e+07 3.0681e+06
0.2 7.1668e+07 3.0576e+06
0.201 6.778e+07 3.0473e+06
0.202 6.5787e+07 3.0371e+06
0.203 6.008e+07 3.027e+06
0.204 5.8482e+07 3.017e+06
0.205 6.1018e+07 3.0072e+06
0.206 5.2357e+07 2.9975e+06
0.207 5.7456e+07 2.9879e+06
0.208 5.406e+07 2.9784e+06
0.209 6.0291e+07 2.969e+06
0.21 5.1141e+07 2.9598e+06
0.211 5.5693e+07 2.9506e+06
0.212 4.9308e+07 2.9416e+06
0.213 4.6841e+07 2.9327e+06
0.214 4.688e+07 2.9239e+06
0.215 5.0299e+07 2.9152e+06
0.216 4.8541e+07 2.9065e+06
0.217 4.4697e+07 2.898e+06
0.218 4.2505e+07 2.8896e+06
0.219 4.4246e+07 2.8813e+06
0.22 4.312e+07 2.8731e+06
0.221 4.0619e+07 2.8649e+06
0.222 4.4734e+07 2.8569e+06
0.223 4.186e+07 2.8489e+06
0.224 3.8301e+07 2.841e+06
0.225 4.0157e+07 2.8332e+06
0.226 3.6633e+07 2.8255e+06
0.227 3.3265e+07 2.8179e+06
0.228 3.8446e+07 2.8104e+06
0.229 3.0235e+07 2.8029e+06
0.23 3.9226e+07 2.7955e+06
0.231 3.897e+07 2.7882e+06
0.232 3.4492e+07 2.781e+06
0.233 2.9782e+07 2.7738e+06
0.234 3.3088e+07 2.7667e+06
0.235 2.9934e+07 2.7597e+06
0.236 3.0691e+07 2.7527e+06
0.237 3.2523e+07 2.7458e+06
0.238 3.0325e+07 2.739e+06
0.239 2.378e+07 2.7323e+06
0.24 3.3657e+07 2.7256e+06
0.241 2.6542e+07 2.719e+06
0.242 2.7844e+07 2.7124e+06
0.243 3.074e+07 2.7059e+06
0.244 3.0125e+07 2.6995e+06
0.245 2.8761e+07 2.6931e+06
0.246 2.72e+07 2.6867e+06
0.247 2.4873e+07 2.6805e+06
0.248 2.6316e+07 2.6743e+06
0.249 2.736e+07 2.6681e+06
0.25 2.4087e+07 2.662e+06
0.251 2.5221e+07 2.656e+06
0.252 2.4589e+07 2.65e+06
0.253 2.1574e+07 2.644e+06
0.254 2.3227e+07 2.6381e+06
0.255 1.6951e+07 2.6323e+06
0.256 1.8671e+07 2.6265e+06
0.257 1.8797e+07 2.6208e+06
0.258 2.5419e+07 2.6151e+06
0.259 1.5749e+07 2.6094e+06
0.26 2.1833e+07 2.6038e+06
0.261 2.0485e+07 2.5983e+06
0.262 1.9488e+07 2.5928e+06
0.263 2.2598e+07 2.5873e+06
0.264 2.2147e+07 2.5819e+06
0.265 1.8568e+07 2.5765e+06
0.266 1.9071e+07 2.5712e+06
0.267 1.4031e+07 2.5659e+06
0.268 1.612e+07 2.5606e+06
0.269 1.4399e+07 2.5554e+06
0.27 1.4464e+07 2.5502e+06
0.271 1.7467e+07 2.5451e+06
0.272 1.5317e+07 2.54e+06
0.273 1.5413e+07 2.535e+06
0.274 1.7691e+07 2.53e+06
0.275 1.8886e+07 2.525e+06
0.276 1.7327e+07 2.5201e+06
0.277 1.7273e+07 2.5152e+06
0.278 1.6261e+07 2.5103e+06
0.279 1.4496e+07 2.5055e+06
0.28 1.3641e+07 2.5007e+06
0.281 1.4487e+07 2.4959e+06
0.282 1.2823e+07 2.4912e+06
0.283 1.3064e+07 2.4865e+06
0.284 1.0415e+07 2.4819e+06
0.285 1.2292e+07 2.4773e+06
0.286 1.5716e+07 2.4727e+06
0.287 1.3892e+07 2.4681e+06
0.288 1.4004e+07 2.4636e+06
0.289 1.4362e+07 2.4591e+06
0.29 1.382e+07 2.4547e+06
0.291 1.0661e+07 2.4503e+06
0.292 1.3069e+07 2.4459e+06
0.293 1.1915e+07 2.4415e+06
0.294 1.2824e+07 2.4372e+06
0.295 8.7891e+06 2.4329e+06
0.296 1.0072e+07 2.4286e+06
0.297 1.6041e+07 2.4244e+06
0.298 1.2765e+07 2.4202e+06
0.299 1.0437e+07 2.416e+06
0.3 1.0092e+07 2.4119e+06
0.301 1.1287e+07 2.4077e+06
0.302 1.4591e+07 2.4037e+06
0.303 1.5422e+07 2.3996e+06
0.304 1.1334e+07 2.3956e+06
0.305 1.2468e+07 2.3915e+06
0.306 1.3986e+07 2.3876e+06
0.307 1.3804e+07 2.3836e+06
0.308 1.3551e+07 2.3797e+06
0.309 8.4955e+06 2.3758e+06
0.31 1.5181e+07 2.3719e+06
0.311 1.4899e+07 2.368e+06
0.312 1.4203e+07 2.3642e+06
0.313 1.1117e+07 2.3604e+06
0.314 1.1932e+07 2.3566e+06
0.315 1.6394e+07 2.3529e+06
0.316 1.0914e+07 2.3491e+06
0.317 1.4196e+07 2.3454e+06
0.318 1.2942e+07 2.3417e+06
0.319 1.5054e+07 2.3381e+06
0.32 1.2398e+07 2.3344e+06
0.321 1.0198e+07 2.3308e+06
0.322 1.2791e+07 2.3272e+06
0.323 1.4281e+07 2.3236e+06
0.324 9.8671e+06 2.3201e+06
0.325 1.2261e+07 2.3165e+06
0.326 1.2804e+07 2.313e+06
0.327 1.386e+07 2.3095e+06
0.328 1.0065e+07 2.3061e+06
0.329 1.1656e+07 2.3026e+06
0.33 1.0663e+07 2.2992e+06
0.331 1.388e+07 2.2958e+06
0.332 1.0621e+07 2.2924e+06
0.333 9.2512e+06 2.289e+06
0.334 1.1017e+07 2.2857e+06
0.335 1.1719e+07 2.2823e+06
0.336 1.2539e+07 2.279e+06
0.337 8.3249e+06 2.2757e+06
0.338 1.4179e+07 2.2724e+06
0.339 1.3919e+07 2.2692e+06
0.34 1.2792e+07 2.2659e+06
0.341 1.583e+07 2.2627e+06
0.342 1.3796e+07 2.2595e+06
0.343 1.2638e+07 2.2563e+06
0.344 5.9039e+06 2.2531e+06
0.345 1.0637e+07 2.2499e+06
0.346 1.4853e+07 2.2468e+06
0.347 1.3888e+07 2.2437e+06
0.348 9.1334e+06 2.2405e+06
0.349 1.243e+07 2.2374e+06
0.35 1.4769e+07 2.2344e+06
0.351 8.5229e+06 2.2313e+06
0.352 1.0765e+07 2.2282e+06
0.353 1.1529e+07 2.2252e+06
0.354 1.252e+07 2.2222e+06
0.355 1.5413e+07 2.2192e+06
0.356 1.3155e+07 2.2162e+06
0.357 1.2758e+07 2.2132e+06
0.358 1.3633e+07 2.2102e+06
0.359 1.1506e+07 2.2072e+06
0.36 1.3256e+07 2.2043e+06
0.361 1.1909e+07 2.2013e+06
0.362 1.0314e+07 2.1984e+06
0.363 1.0095e+07 2.1955e+06
0.364 1.3094e+07 2.1926e+06
0.365 1.4616e+07 2.1897e+06
0.366 1.7122e+07 2.1869e+06
0.367 1.6265e+07 2.184e+06
0.368 1.1769e+07 2.1811e+06
0.369 1.1692e+07 2.1783e+06
0.37 1.7387e+07 2.1755e+06
0.371 1.6921e+07 2.1727e+06
0.372 1.0383e+07 2.1699e+06
0.373 1.5198e+07 2.1671e+06
0.374 1.7348e+07 2.1643e+06
0.375 1.3879e+07 2.1615e+06
0.376 1.3352e+07 2.1587e+06
0.377 1.6625e+07 2.156e+06
0.378 1.3299e+07 2.1532e+06
0.379 1.4853e+07 2.1505e+06
0.38 1.6555e+07 2.1478e+06
0.381 1.4942e+07 2.1451e+06
0.382 1.5805e+07 2.1423e+06
0.383 1.5786e+07 2.1396e+06
0.384 1.3196e+07 2.137e+06
0.385 1.8498e+07 2.1343e+06
0.386 1.4576e+07 2.1316e+06
0.387 1.384e+07 2.129e+06
0.388 1.6932e+07 2.1263e+06
0.389 1.756e+07 2.1237e+06
0.39 1.6578e+07 2.121e+06
0.391 1.5347e+07 2.1184e+06
0.392 1.2778e+07 2.1158e+06
0.393 1.8044e+07 2.1132e+06
0.394 1.4534e+07 2.1106e+06
0.395 1.7384e+07 2.108e+06
0.396 1.7846e+07 2.1054e+06
0.397 1.4761e+07 2.1028e+06
0.398 1.4481e+07 2.1002e+06
0.399 1.2158e+07 2.0977e+06
0.4 1.7194e+07 2.0951e+06
0.401 1.3105e+07 2.0926e+06
0.402 2.1238e+07 2.09e+06
0.403 1.3285e+07 2.0875e+06
0.404 1.455e+07 2.085e+06
0.405 1.7036e+07 2.0825e+06
0.406 1.669e+07 2.0799e+06
0.407 1.8407e+07 2.0774e+06
0.408 1.4856e+07 2.0749e+06
0.409 1.58e+07 2.0725e+06
0.41 1.746e+07 2.07e+06
0.411 1.8228e+07 2.0675e+06
0.412 2.1202e+07 2.065e+06
0.413 1.9814e+07 2.0626e+06
0.414 1.874e+07 2.0601e+06
0.415 1.6897e+07 2.0577e+06
0.416 1.8381e+07 2.0552e+06
0.417 1.6845e+07 2.0528e+06
0.418 1.8489e+07 2.0504e+06
0.419 2.0546e+07 2.048e+06
0.42 1.7036e+07 2.0456e+06
0.421 1.4515e+07 2.0432e+06
0.422 1.7056e+07 2.0408e+06
0.423 2.2054e+07 2.0384e+06
0.424 1.5688e+07 2.036e+06
0.425 1.7607e+07 2.0336e+06
0.426 1.5613e+07 2.0312e+06
0.427 1.42e+07 2.0289e+06
0.428 1.6338e+07 2.0265e+06
0.429 1.6928e+07 2.0242e+06
0.43 1.2408e+07 2.0218e+06
0.431 1.5009e+07 2.0195e+06
0.432 1.7773e+07 2.0171e+06
0.433 1.3394e+07 2.0148e+06
0.434 1.5581e+07 2.0125e+06
0.435 1.6826e+07 2.0102e+06
0.436 1.4439e+07 2.0079e+06
0.437 1.564e+07 2.0056e+06
0.438 1.9163e+07 2.0033e+06
0.439 1.9376e+07 2.001e+06
0.44 1.636e+07 1.9987e+06
0.441 1.8866e+07 1.9965e+06
0.442 1.8439e+07 1.9942e+06
0.443 1.7941e+07 1.9919e+06
0.444 1.5762e+07 1.9897e+06
0.445 1.9208e+07 1.9874e+06
0.446 1.7411e+07 1.9852e+06
0.447 1.6654e+07 1.983e+06
0.448 1.8611e+07 1.9807e+06
0.449 1.6312e+07 1.9785e+06
0.45 1.5974e+07 1.9763e+06
0.451 2.2775e+07 1.9741e+06
0.452 1.4738e+07 1.9719e+06
0.453 1.6651e+07 1.9697e+06
0.454 1.6654e+07 1.9675e+06
0.455 1.4755e+07 1.9653e+06
0.456 1.6085e+07 1.9631e+06
0.457 1.7283e+07 1.961e+06
0.458 1.4529e+07 1.9588e+06
0.459 1.9804e+07 1.9566e+06
0.46 1.7362e+07 1.9545e+06
0.461 1.8254e+07 1.9523e+06
0.462 1.3535e+07 1.9502e+06
0.463 1.5799e+07 1.9481e+06
0.464 1.8356e+07 1.9459e+06
0.465 1.766e+07 1.9438e+06
0.466 1.4351e+07 1.9417e+06
0.467 1.7037e+07 1.9396e+06
0.468 1.5777e+07 1.9375e+06
0.469 1.3679e+07 1.9354e+06
0.47 1.8745e+07 1.9333e+06
0.471 1.4253e+07 1.9312e+06
0.472 1.5283e+07 1.9291e+06
0.473 1.8038e+07 1.9271e+06
0.474 1.3947e+07 1.925e+06
0.475 1.5383e+07 1.9229e+06
0.476 1.8279e+07 1.9209e+06
0.477 1.7995e+07 1.9188e+06
0.478 1.1213e+07 1.9168e+06
0.479 1.8599e+07 1.9148e+06
0.48 1.7193e+07 1.9127e+06
0.481 1.8474e+07 1.9107e+06
0.482 1.446e+07 1.9087e+06
0.483 1.835e+07 1.9067e+06
0.484 1.8569e+07 1.9047e+06
0.485 1.677e+07 1.9027e+06
0.486 1.5807e+07 1.9007e+06
0.487 1.5472e+07 1.8987e+06
0.488 1.466e+07 1.8967e+06
0.489 1.5942e+07 1.8947e+06
0.49 1.5909e+07 1.8928e+06
0.491 1.3094e+07 1.8908e+06
0.492 1.4098e+07 1.8888e+06
0.493 1.6976e+07 1.8869e+06
0.494 1.3069e+07 1.8849e+06
0.495 1.4331e+07 1.883e+06
0.496 1.6986e+07 1.881e+06
0.497 1.7849e+07 1.8791e+06
0.498 1.8479e+07 1.8772e+06
0.499 1.1859e+07 1.8753e+06
0.5 1.8198e+07 1.8733e+06
