0.001 2.6384e+09 1.6534e+08
0.002 2.642e+09 1.1691e+08
0.003 2.6754e+09 9.5446e+07
0.004 2.4733e+09 8.2649e+07
0.005 2.6703e+09 7.3911e+07
0.006 2.6689e+09 6.7458e+07
0.007 2.5621e+09 6.244e+07
0.008 2.6538e+09 5.8391e+07
0.009 2.5311e+09 5.5035e+07
0.01 2.5306e+09 5.2193e+07
0.011 2.584e+09 4.9745e+07
0.012 2.5328e+09 4.7608e+07
0.013 2.5747e+09 4.572e+07
0.014 2.6352e+09 4.4036e+07
0.015 2.6133e+09 4.252e+07
0.016 2.5222e+09 4.1148e+07
0.017 2.4582e+09 3.9896e+07
0.018 2.5386e+09 3.8747e+07
0.019 2.5135e+09 3.7689e+07
0.02 2.5021e+09 3.671e+07
0.021 2.5351e+09 3.5799e+07
0.022 2.5468e+09 3.4949e+07
0.023 2.4968e+09 3.4154e+07
0.024 2.5961e+09 3.3407e+07
0.025 2.4436e+09 3.2704e+07
0.026 2.4749e+09 3.204e+07
0.027 2.4396e+09 3.1412e+07
0.028 2.4728e+09 3.0816e+07
0.029 2.4511e+09 3.025e+07
0.03 2.4535e+09 2.9711e+07
0.031 2.397e+09 2.9197e+07
0.032 2.3921e+09 2.8705e+07
0.033 2.4047e+09 2.8235e+07
0.034 2.377e+09 2.7785e+07
0.035 2.3975e+09 2.7352e+07
0.036 2.3501e+09 2.6937e+07
0.037 2.3436e+09 2.6537e+07
0.038 2.3606e+09 2.6152e+07
0.039 2.3544e+09 2.578e+07
0.04 2.2986e+09 2.5422e+07
0.041 2.2754e+09 2.5075e+07
0.042 2.3607e+09 2.474e+07
0.043 2.273e+09 2.4415e+07
0.044 2.2487e+09 2.4101e+07
0.045 2.2495e+09 2.3796e+07
0.046 2.268e+09 2.35e+07
0.047 2.232e+09 2.3212e+07
0.048 2.1943e+09 2.2933e+07
0.049 2.1924e+09 2.2661e+07
0.05 2.1747e+09 2.2396e+07
0.051 2.1328e+09 2.2138e+07
0.052 2.1261e+09 2.1887e+07
0.053 2.1648e+09 2.1642e+07
0.054 2.0982e+09 2.1404e+07
0.055 2.1023e+09 2.117e+07
0.056 2.0876e+09 2.0943e+07
0.057 2.0291e+09 2.072e+07
0.058 2.0712e+09 2.0503e+07
0.059 2.0909e+09 2.029e+07
0.06 2.0172e+09 2.0082e+07
0.061 2.0374e+09 1.9878e+07
0.062 2.0187e+09 1.9679e+07
0.063 1.9654e+09 1.9484e+07
0.064 1.941e+09 1.9292e+07
0.065 1.9298e+09 1.9105e+07
0.066 1.9388e+09 1.8921e+07
0.067 1.9171e+09 1.874e+07
0.068 1.8914e+09 1.8563e+07
0.069 1.895e+09 1.8389e+07
0.07 1.872e+09 1.8219e+07
0.071 1.8479e+09 1.8051e+07
0.072 1.8438e+09 1.7887e+07
0.073 1.8439e+09 1.7725e+07
0.074 1.8027e+09 1.7566e+07
0.075 1.7635e+09 1.741e+07
0.076 1.7603e+09 1.7256e+07
0.077 1.727e+09 1.7105e+07
0.078 1.7445e+09 1.6957e+07
0.079 1.7119e+09 1.6811e+07
0.08 1.6825e+09 1.6667e+07
0.081 1.6841e+09 1.6525e+07
0.082 1.644e+09 1.6386e+07
0.083 1.6546e+09 1.6249e+07
0.084 1.6249e+09 1.6114e+07
0.085 1.6137e+09 1.5981e+07
0.086 1.5977e+09 1.585e+07
0.087 1.5585e+09 1.5721e+07
0.088 1.5654e+09 1.5593e+07
0.089 1.5037e+09 1.5468e+07
0.09 1.5306e+09 1.5345e+07
0.091 1.5062e+09 1.5223e+07
0.092 1.4672e+09 1.5103e+07
0.093 1.4445e+09 1.4985e+07
0.094 1.4369e+09 1.4868e+07
0.095 1.4276e+09 1.4753e+07
0.096 1.3719e+09 1.464e+07
0.097 1.382e+09 1.4528e+07
0.098 1.349e+09 1.4418e+07
0.099 1.3599e+09 1.4309e+07
0.1 1.3276e+09 1.4202e+07
0.101 1.3055e+09 1.4096e+07
0.102 1.3052e+09 1.3991e+07
0.103 1.2455e+09 1.3888e+07
0.104 1.2566e+09 1.3787e+07
0.105 1.2455e+09 1.3687e+07
0.106 1.208e+09 1.3588e+07
0.107 1.2084e+09 1.349e+07
0.108 1.1972e+09 1.3394e+07
0.109 1.1838e+09 1.3299e+07
0.11 1.1516e+09 1.3205e+07
0.111 1.1271e+09 1.3112e+07
0.112 1.1245e+09 1.3021e+07
0.113 1.0695e+09 1.2931e+07
0.114 1.0932e+09 1.2841e+07
0.115 1.0975e+09 1.2754e+07
0.116 1.081e+09 1.2667e+07
0.117 1.037e+09 1.2581e+07
0.118 1.0521e+09 1.2497e+07
0.119 1.0314e+09 1.2413e+07
0.12 9.989e+08 1.2331e+07
0.121 9.842e+08 1.2249e+07
0.122 9.5837e+08 1.2169e+07
0.123 9.5504e+08 1.209e+07
0.124 9.2404e+08 1.2012e+07
0.125 9.1332e+08 1.1934e+07
0.126 8.9921e+08 1.1858e+07
0.127 8.9444e+08 1.1783e+07
0.128 8.775e+08 1.1709e+07
0.129 8.5506e+08 1.1635e+07
0.13 8.6623e+08 1.1563e+07
0.131 8.216e+08 1.1491e+07
0.132 8.1719e+08 1.1421e+07
0.133 8.037e+08 1.1351e+07
0.134 7.8242e+08 1.1282e+07
0.135 7.8218e+08 1.1215e+07
0.136 7.6516e+08 1.1148e+07
0.137 7.3544e+08 1.1081e+07
0.138 7.2021e+08 1.1016e+07
0.139 7.1969e+08 1.0952e+07
0.14 7.0516e+08 1.0888e+07
0.141 6.8673e+08 1.0825e+07
0.142 6.7483e+08 1.0763e+07
0.143 6.7489e+08 1.0702e+07
0.144 6.5659e+08 1.0642e+07
0.145 6.299e+08 1.0582e+07
0.146 6.296e+08 1.0523e+07
0.147 6.1391e+08 1.0465e+07
0.148 6.1184e+08 1.0408e+07
0.149 5.9928e+08 1.0351e+07
0.15 5.7687e+08 1.0295e+07
0.151 5.818e+08 1.024e+07
0.152 5.6846e+08 1.0186e+07
0.153 5.5744e+08 1.0132e+07
0.154 5.2912e+08 1.0079e+07
0.155 5.1632e+08 1.0027e+07
0.156 5.2795e+08 9.9752e+06
0.157 5.0307e+08 9.9242e+06
0.158 4.93e+08 9.8739e+06
0.159 4.9867e+08 9.8243e+06
0.16 4.6732e+08 9.7753e+06
0.161 4.7859e+08 9.727e+06
0.162 4.3825e+08 9.6793e+06
0.163 4.4138e+08 9.6322e+06
0.164 4.2469e+08 9.5858e+06
0.165 4.3025e+08 9.5399e+06
0.166 4.1281e+08 9.4947e+06
0.167 4.1129e+08 9.45e+06
0.168 4.103e+08 9.4059e+06
0.169 4.0797e+08 9.3624e+06
0.17 4.0077e+08 9.3195e+06
0.171 3.9124e+08 9.2772e+06
0.172 3.7217e+08 9.2353e+06
0.173 3.6331e+08 9.1941e+06
0.174 3.4981e+08 9.1534e+06
0.175 3.5489e+08 9.1132e+06
0.176 3.3825e+08 9.0735e+06
0.177 3.2707e+08 9.0344e+06
0.178 3.25e+08 8.9958e+06
0.179 3.2791e+08 8.9576e+06
0.18 3.1169e+08 8.92e+06
0.181 2.89e+08 8.8829e+06
0.182 3.0935e+08 8.8462e+06
0.183 2.8677e+08 8.81e+06
0.184 2.8674e+08 8.7743e+06
0.185 2.8881e+08 8.7391e+06
0.186 2.7545e+08 8.7043e+06
0.187 2.8462e+08 8.67e+06
0.188 2.512e+08 8.6361e+06
0.189 2.5251e+08 8.6026e+06
0.19 2.4272e+08 8.5696e+06
0.191 2.4697e+08 8.537e+06
0.192 2.2849e+08 8.5048e+06
0.193 2.2816e+08 8.473e+06
0.194 2.2732e+08 8.4416e+06
0.195 2.1701e+08 8.4106e+06
0.196 2.0483e+08 8.38e+06
0.197 2.0524e+08 8.3498e+06
0.198 2.0539e+08 8.32e+06
0.199 1.91e+08 8.2906e+06
0.2 2.0839e+08 8.2615e+06
0.201 1.9325e+08 8.2328e+06
0.202 1.7363e+08 8.2044e+06
0.203 1.81e+08 8.1764e+06
0.204 1.67e+08 8.1487e+06
0.205 1.6946e+08 8.1214e+06
0.206 1.5563e+08 8.0944e+06
0.207 1.5925e+08 8.0678e+06
0.208 1.5542e+08 8.0414e+06
0.209 1.5848e+08 8.0154e+06
0.21 1.561e+08 7.9897e+06
0.211 1.4033e+08 7.9643e+06
0.212 1.4439e+08 7.9392e+06
0.213 1.383e+08 7.9144e+06
0.214 1.3776e+08 7.8899e+06
0.215 1.2291e+08 7.8657e+06
0.216 1.2798e+08 7.8418e+06
0.217 1.3587e+08 7.8182e+06
0.218 1.187e+08 7.7948e+06
0.219 1.2798e+08 7.7717e+06
0.22 1.1276e+08 7.7489e+06
0.221 1.1036e+08 7.7263e+06
0.222 1.0987e+08 7.704e+06
0.223 1.0723e+08 7.6819e+06
0.224 9.3788e+07 7.6601e+06
0.225 1.1001e+08 7.6386e+06
0.226 1.0044e+08 7.6172e+06
0.227 8.4124e+07 7.5961e+06
0.228 8.5824e+07 7.5753e+06
0.229 9.0329e+07 7.5547e+06
0.23 9.1171e+07 7.5343e+06
0.231 8.1177e+07 7.5141e+06
0.232 8.292e+07 7.4941e+06
0.233 8.0436e+07 7.4744e+06
0.234 7.3977e+07 7.4549e+06
0.235 7.2265e+07 7.4355e+06
0.236 8.337e+07 7.4164e+06
0.237 6.768e+07 7.3975e+06
0.238 7.5336e+07 7.3788e+06
0.239 6.076e+07 7.3602e+06
0.24 6.7197e+07 7.3419e+06
0.241 5.7819e+07 7.3237e+06
0.242 6.3689e+07 7.3058e+06
0.243 6.7317e+07 7.288e+06
0.244 6.2501e+07 7.2704e+06
0.245 5.6576e+07 7.2529e+06
0.246 7.238e+07 7.2357e+06
0.247 7.3525e+07 7.2186e+06
0.248 5.8172e+07 7.2017e+06
0.249 6.0178e+07 7.1849e+06
0.25 4.4723e+07 7.1683e+06
0.251 5.0425e+07 7.1519e+06
0.252 5.1556e+07 7.1356e+06
0.253 4.6689e+07 7.1195e+06
0.254 5.1953e+07 7.1036e+06
0.255 3.9092e+07 7.0877e+06
0.256 4.2536e+07 7.0721e+06
0.257 4.7933e+07 7.0566e+06
0.258 5.3665e+07 7.0412e+06
0.259 4.0435e+07 7.0259e+06
0.26 4.8876e+07 7.0108e+06
0.261 3.843e+07 6.9959e+06
0.262 4.5616e+07 6.9811e+06
0.263 3.8866e+07 6.9664e+06
0.264 2.8633e+07 6.9518e+06
0.265 2.7906e+07 6.9374e+06
0.266 3.2187e+07 6.9231e+06
0.267 4.0416e+07 6.9089e+06
0.268 3.7363e+07 6.8948e+06
0.269 4.4089e+07 6.8809e+06
0.27 2.2637e+07 6.8671e+06
0.271 4.3031e+07 6.8533e+06
0.272 3.9345e+07 6.8398e+06
0.273 3.5865e+07 6.8263e+06
0.274 3.2537e+07 6.8129e+06
0.275 2.6517e+07 6.7997e+06
0.276 2.1425e+07 6.7865e+06
0.277 3.1825e+07 6.7735e+06
0.278 2.5917e+07 6.7606e+06
0.279 3.8404e+07 6.7478e+06
0.28 2.4203e+07 6.7351e+06
0.281 2.1664e+07 6.7224e+06
0.282 4.2812e+07 6.7099e+06
0.283 2.7979e+07 6.6975e+06
0.284 2.1587e+07 6.6852e+06
0.285 2.273e+07 6.673e+06
0.286 3.2089e+07 6.6608e+06
0.287 3.0419e+07 6.6488e+06
0.288 2.1627e+07 6.6369e+06
0.289 1.424e+07 6.625e+06
0.29 3.5744e+07 6.6133e+06
0.291 2.5473e+07 6.6016e+06
0.292 3.228e+07 6.59e+06
0.293 2.3513e+07 6.5785e+06
0.294 1.0193e+07 6.5671e+06
0.295 3.5593e+07 6.5557e+06
0.296 2.4989e+07 6.5445e+06
0.297 2.7473e+07 6.5333e+06
0.298 2.8903e+07 6.5222e+06
0.299 2.7611e+07 6.5112e+06
0.3 1.8608e+07 6.5003e+06
0.301 2.6816e+07 6.4894e+06
0.302 3.9998e+07 6.4786e+06
0.303 1.7759e+07 6.4679e+06
0.304 2.679e+07 6.4573e+06
0.305 2.5644e+07 6.4467e+06
0.306 3.0211e+07 6.4363e+06
0.307 9.1235e+06 6.4258e+06
0.308 2.0495e+07 6.4155e+06
0.309 1.6742e+07 6.4052e+06
0.31 2.2883e+07 6.395e+06
0.311 2.7354e+07 6.3848e+06
0.312 3.4646e+07 6.3747e+06
0.313 1.7818e+07 6.3647e+06
0.314 1.5072e+07 6.3548e+06
0.315 1.6773e+07 6.3449e+06
0.316 3.421e+07 6.3351e+06
0.317 1.5948e+07 6.3253e+06
0.318 2.9414e+07 6.3156e+06
0.319 2.94e+07 6.3059e+06
0.32 1.4954e+07 6.2963e+06
0.321 1.3854e+07 6.2868e+06
0.322 2.6981e+07 6.2773e+06
0.323 2.7097e+07 6.2679e+06
0.324 2.6844e+07 6.2585e+06
0.325 2.4044e+07 6.2492e+06
0.326 2.7276e+07 6.2399e+06
0.327 2.9849e+07 6.2307e+06
0.328 2.1045e+07 6.2216e+06
0.329 2.6598e+07 6.2125e+06
0.33 2.3961e+07 6.2034e+06
0.331 2.3336e+07 6.1944e+06
0.332 4.0931e+07 6.1855e+06
0.333 2.2768e+07 6.1765e+06
0.334 3.1274e+07 6.1677e+06
0.335 1.6058e+07 6.1589e+06
0.336 3.1426e+07 6.1501e+06
0.337 2.8391e+07 6.1414e+06
0.338 2.94e+07 6.1327e+06
0.339 2.8613e+07 6.124e+06
0.34 1.9698e+07 6.1155e+06
0.341 3.2038e+07 6.1069e+06
0.342 2.6224e+07 6.0984e+06
0.343 2.7254e+07 6.0899e+06
0.344 2.4637e+07 6.0815e+06
0.345 3.326e+07 6.0731e+06
0.346 3.284e+07 6.0648e+06
0.347 3.9359e+07 6.0564e+06
0.348 3.8221e+07 6.0482e+06
0.349 4.6906e+07 6.0399e+06
0.35 3.3382e+07 6.0317e+06
0.351 3.3751e+07 6.0236e+06
0.352 3.4317e+07 6.0154e+06
0.353 4.1292e+07 6.0074e+06
0.354 3.3524e+07 5.9993e+06
0.355 2.5897e+07 5.9913e+06
0.356 3.9297e+07 5.9833e+06
0.357 3.9359e+07 5.9753e+06
0.358 3e+07 5.9674e+06
0.359 3.3795e+07 5.9595e+06
0.36 3.4607e+07 5.9517e+06
0.361 4.1186e+07 5.9438e+06
0.362 3.2503e+07 5.936e+06
0.363 3.7363e+07 5.9283e+06
0.364 3.2743e+07 5.9205e+06
0.365 4.3566e+07 5.9128e+06
0.366 3.616e+07 5.9051e+06
0.367 2.8516e+07 5.8975e+06
0.368 3.0039e+07 5.8899e+06
0.369 4.2507e+07 5.8823e+06
0.37 4.1472e+07 5.8747e+06
0.371 3.9273e+07 5.8672e+06
0.372 3.7727e+07 5.8597e+06
0.373 3.3068e+07 5.8522e+06
0.374 3.8436e+07 5.8447e+06
0.375 4.6228e+07 5.8373e+06
0.376 5.1253e+07 5.8299e+06
0.377 4.1753e+07 5.8225e+06
0.378 4.6406e+07 5.8151e+06
0.379 4.5774e+07 5.8078e+06
0.38 4.9091e+07 5.8005e+06
0.381 4.8151e+07 5.7932e+06
0.382 3.2511e+07 5.7859e+06
0.383 4.6402e+07 5.7787e+06
0.384 4.5863e+07 5.7715e+06
0.385 4.6862e+07 5.7643e+06
0.386 4.2536e+07 5.7571e+06
0.387 4.9119e+07 5.7499e+06
0.388 4.7721e+07 5.7428e+06
0.389 3.6619e+07 5.7357e+06
0.39 4.2665e+07 5.7286e+06
0.391 4.545e+07 5.7216e+06
0.392 3.9362e+07 5.7145e+06
0.393 4.2909e+07 5.7075e+06
0.394 4.0123e+07 5.7005e+06
0.395 4.3926e+07 5.6935e+06
0.396 4.2718e+07 5.6865e+06
0.397 5.2303e+07 5.6796e+06
0.398 4.8492e+07 5.6727e+06
0.399 4.5125e+07 5.6658e+06
0.4 3.323e+07 5.6589e+06
0.401 4.575e+07 5.652e+06
0.402 5.1445e+07 5.6452e+06
0.403 4.8355e+07 5.6384e+06
0.404 6.0325e+07 5.6316e+06
0.405 4.4639e+07 5.6248e+06
0.406 3.9727e+07 5.618e+06
0.407 5.2539e+07 5.6113e+06
0.408 4.373e+07 5.6045e+06
0.409 4.5865e+07 5.5978e+06
0.41 3.8459e+07 5.5911e+06
0.411 4.2628e+07 5.5845e+06
0.412 5.4198e+07 5.5778e+06
0.413 4.3404e+07 5.5712e+06
0.414 5.228e+07 5.5645e+06
0.415 4.4318e+07 5.5579e+06
0.416 4.6767e+07 5.5514e+06
0.417 4.4356e+07 5.5448e+06
0.418 4.7226e+07 5.5382e+06
0.419 4.5684e+07 5.5317e+06
0.42 5.7974e+07 5.5252e+06
0.421 4.9276e+07 5.5187e+06
0.422 5.1193e+07 5.5122e+06
0.423 4.9415e+07 5.5058e+06
0.424 4.8891e+07 5.4993e+06
0.425 5.8251e+07 5.4929e+06
0.426 4.5043e+07 5.4865e+06
0.427 5.1474e+07 5.4801e+06
0.428 5.1465e+07 5.4737e+06
0.429 5.3458e+07 5.4674e+06
0.43 4.2136e+07 5.461e+06
0.431 5.0036e+07 5.4547e+06
0.432 4.3391e+07 5.4484e+06
0.433 4.7577e+07 5.4421e+06
0.434 4.2789e+07 5.4359e+06
0.435 5.2752e+07 5.4296e+06
0.436 5.2316e+07 5.4234e+06
0.437 5.2497e+07 5.4172e+06
0.438 5.5544e+07 5.4109e+06
0.439 4.2838e+07 5.4048e+06
0.44 4.6828e+07 5.3986e+06
0.441 6.4586e+07 5.3924e+06
0.442 4.9949e+07 5.3863e+06
0.443 5.0716e+07 5.3802e+06
0.444 4.5929e+07 5.3741e+06
0.445 4.8546e+07 5.368e+06
0.446 4.652e+07 5.3619e+06
0.447 4.5349e+07 5.3559e+06
0.448 4.7373e+07 5.3499e+06
0.449 5.1309e+07 5.3438e+06
0.45 4.9167e+07 5.3379e+06
0.451 4.4489e+07 5.3319e+06
0.452 4.6126e+07 5.3259e+06
0.453 4.9344e+07 5.32e+06
0.454 4.9665e+07 5.314e+06
0.455 4.2717e+07 5.3081e+06
0.456 5.3308e+07 5.3022e+06
0.457 3.9772e+07 5.2963e+06
0.458 4.2862e+07 5.2905e+06
0.459 5.1915e+07 5.2846e+06
0.46 4.4819e+07 5.2788e+06
0.461 4.955e+07 5.273e+06
0.462 3.9737e+07 5.2672e+06
0.463 5.2008e+07 5.2614e+06
0.464 4.8092e+07 5.2556e+06
0.465 4.4514e+07 5.2499e+06
0.466 4.2077e+07 5.2441e+06
0.467 4.622e+07 5.2384e+06
0.468 6.0375e+07 5.2327e+06
0.469 5.7137e+07 5.227e+06
0.47 4.8029e+07 5.2214e+06
0.471 4.4379e+07 5.2157e+06
0.472 4.89e+07 5.2101e+06
0.473 4.8556e+07 5.2045e+06
0.474 4.3384e+07 5.1989e+06
0.475 4.8108e+07 5.1933e+06
0.476 4.8164e+07 5.1877e+06
0.477 4.8926e+07 5.1821e+06
0.478 4.1863e+07 5.1766e+06
0.479 3.9261e+07 5.1711e+06
0.48 4.7763e+07 5.1656e+06
0.481 5.1991e+07 5.1601e+06
0.482 5.5023e+07 5.1546e+06
0.483 4.7679e+07 5.1492e+06
0.484 4.5604e+07 5.1437e+06
0.485 4.8802e+07 5.1383e+06
0.486 4.6173e+07 5.1329e+06
0.487 5.4719e+07 5.1275e+06
0.488 4.8326e+07 5.1221e+06
0.489 4.0222e+07 5.1167e+06
0.49 3.7321e+07 5.1114e+06
0.491 3.9866e+07 5.106e+06
0.492 5.1817e+07 5.1007e+06
0.493 5.0355e+07 5.0954e+06
0.494 3.6551e+07 5.0901e+06
0.495 4.47e+07 5.0849e+06
0.496 4.9165e+07 5.0796e+06
0.497 4.5946e+07 5.0744e+06
0.498 4.6636e+07 5.0691e+06
0.499 5.0569e+07 5.0639e+06
0.5 4.0971e+07 5.0587e+06
