0.001 1.8563e+10 3.7127e+08
0.002 2.072e+10 4.1439e+08
0.003 2.0761e+10 4.1521e+08
0.004 2.003e+10 4.0061e+08
0.005 1.9751e+10 3.9503e+08
0.006 1.8844e+10 3.7688e+08
0.007 2.0332e+10 4.0663e+08
0.008 1.9407e+10 3.8815e+08
0.009 1.9628e+10 3.9257e+08
0.01 1.8875e+10 3.7749e+08
0.011 1.9557e+10 3.9114e+08
0.012 1.9384e+10 3.8768e+08
0.013 1.942e+10 3.884e+08
0.014 1.9689e+10 3.9377e+08
0.015 1.9486e+10 3.8973e+08
0.016 1.9315e+10 3.863e+08
0.017 1.9181e+10 3.8362e+08
0.018 1.9276e+10 3.8553e+08
0.019 1.8439e+10 3.6877e+08
0.02 1.8996e+10 3.7992e+08
0.021 1.8761e+10 3.7522e+08
0.022 1.8533e+10 3.7065e+08
0.023 1.82e+10 3.6401e+08
0.024 1.8131e+10 3.6261e+08
0.025 1.7893e+10 3.5787e+08
0.026 1.7699e+10 3.5398e+08
0.027 1.7509e+10 3.5018e+08
0.028 1.7476e+10 3.4952e+08
0.029 1.7438e+10 3.4876e+08
0.03 1.6979e+10 3.3957e+08
0.031 1.6677e+10 3.3353e+08
0.032 1.6582e+10 3.3165e+08
0.033 1.6477e+10 3.2955e+08
0.034 1.6376e+10 3.2751e+08
0.035 1.5922e+10 3.1844e+08
0.036 1.5685e+10 3.1371e+08
0.037 1.5603e+10 3.1205e+08
0.038 1.5666e+10 3.1332e+08
0.039 1.5226e+10 3.0452e+08
0.04 1.5269e+10 3.0539e+08
0.041 1.4951e+10 2.9902e+08
0.042 1.4468e+10 2.8937e+08
0.043 1.4117e+10 2.8234e+08
0.044 1.4083e+10 2.8166e+08
0.045 1.3748e+10 2.7496e+08
0.046 1.3917e+10 2.7834e+08
0.047 1.3273e+10 2.6546e+08
0.048 1.3027e+10 2.6053e+08
0.049 1.2962e+10 2.5924e+08
0.05 1.2777e+10 2.5553e+08
0.051 1.2321e+10 2.4643e+08
0.052 1.2123e+10 2.4247e+08
0.053 1.1884e+10 2.3767e+08
0.054 1.1771e+10 2.3541e+08
0.055 1.1615e+10 2.323e+08
0.056 1.1232e+10 2.2463e+08
0.057 1.0931e+10 2.1862e+08
0.058 1.0698e+10 2.1397e+08
0.059 1.0628e+10 2.1257e+08
0.06 1.0377e+10 2.0754e+08
0.061 1.0241e+10 2.0481e+08
0.062 9.9708e+09 1.9942e+08
0.063 9.7114e+09 1.9423e+08
0.064 9.5275e+09 1.9055e+08
0.065 9.1968e+09 1.8394e+08
0.066 9.0123e+09 1.8025e+08
0.067 8.8349e+09 1.767e+08
0.068 8.621e+09 1.7242e+08
0.069 8.4459e+09 1.6892e+08
0.07 8.2189e+09 1.6438e+08
0.071 8.0613e+09 1.6123e+08
0.072 7.8789e+09 1.5758e+08
0.073 7.6676e+09 1.5335e+08
0.074 7.4501e+09 1.49e+08
0.075 7.2951e+09 1.459e+08
0.076 6.9947e+09 1.3989e+08
0.077 6.9351e+09 1.387e+08
0.078 6.6421e+09 1.3284e+08
0.079 6.5216e+09 1.3043e+08
0.08 6.2932e+09 1.2586e+08
0.081 6.0539e+09 1.2108e+08
0.082 5.9232e+09 1.1846e+08
0.083 5.8644e+09 1.1729e+08
0.084 5.6351e+09 1.127e+08
0.085 5.5332e+09 1.1066e+08
0.086 5.3466e+09 1.0693e+08
0.087 5.2117e+09 1.0423e+08
0.088 5.1817e+09 1.0363e+08
0.089 4.8511e+09 9.7022e+07
0.09 4.7255e+09 9.451e+07
0.091 4.5951e+09 9.1903e+07
0.092 4.4499e+09 8.8999e+07
0.093 4.2941e+09 8.5883e+07
0.094 4.1918e+09 8.3836e+07
0.095 4.0827e+09 8.1653e+07
0.096 4.0751e+09 8.1503e+07
0.097 3.8434e+09 7.6867e+07
0.098 3.7376e+09 7.4751e+07
0.099 3.6082e+09 7.2164e+07
0.1 3.5175e+09 7.0349e+07
0.101 3.4026e+09 6.8051e+07
0.102 3.4528e+09 6.9056e+07
0.103 3.229e+09 6.4579e+07
0.104 3.1298e+09 6.2597e+07
0.105 2.9859e+09 5.9717e+07
0.106 2.8224e+09 5.6447e+07
0.107 2.8851e+09 5.7701e+07
0.108 2.8331e+09 5.6661e+07
0.109 2.6367e+09 5.2733e+07
0.11 2.5934e+09 5.1868e+07
0.111 2.5695e+09 5.139e+07
0.112 2.4627e+09 4.9254e+07
0.113 2.4294e+09 4.8587e+07
0.114 2.3551e+09 4.7102e+07
0.115 2.2307e+09 4.4614e+07
0.116 2.194e+09 4.388e+07
0.117 2.1678e+09 4.3355e+07
0.118 2.0883e+09 4.1766e+07
0.119 1.9666e+09 3.9333e+07
0.12 1.9347e+09 3.8694e+07
0.121 1.9316e+09 3.8631e+07
0.122 1.9398e+09 3.8796e+07
0.123 1.8318e+09 3.6636e+07
0.124 1.7543e+09 3.5086e+07
0.125 1.7335e+09 3.467e+07
0.126 1.6904e+09 3.3807e+07
0.127 1.7344e+09 3.4688e+07
0.128 1.5586e+09 3.1172e+07
0.129 1.4915e+09 2.983e+07
0.13 1.556e+09 3.112e+07
0.131 1.4598e+09 2.9196e+07
0.132 1.5066e+09 3.0131e+07
0.133 1.417e+09 2.834e+07
0.134 1.362e+09 2.7241e+07
0.135 1.3406e+09 2.6812e+07
0.136 1.2545e+09 2.5089e+07
0.137 1.2961e+09 2.5922e+07
0.138 1.2214e+09 2.4429e+07
0.139 1.2186e+09 2.4371e+07
0.14 1.2555e+09 2.5111e+07
0.141 1.2565e+09 2.5129e+07
0.142 1.2237e+09 2.4475e+07
0.143 1.1042e+09 2.2083e+07
0.144 1.1316e+09 2.2632e+07
0.145 1.0675e+09 2.1349e+07
0.146 1.0227e+09 2.0455e+07
0.147 9.1557e+08 1.8311e+07
0.148 9.9697e+08 1.9939e+07
0.149 9.2705e+08 1.8541e+07
0.15 9.7685e+08 1.9537e+07
0.151 9.9287e+08 1.9857e+07
0.152 8.1245e+08 1.6249e+07
0.153 9.5284e+08 1.9057e+07
0.154 9.0847e+08 1.8169e+07
0.155 8.7655e+08 1.7531e+07
0.156 8.0669e+08 1.6134e+07
0.157 8.048e+08 1.6096e+07
0.158 8.1717e+08 1.6343e+07
0.159 7.3821e+08 1.4764e+07
0.16 7.89e+08 1.578e+07
0.161 8.0069e+08 1.6014e+07
0.162 7.5626e+08 1.5125e+07
0.163 7.5157e+08 1.5031e+07
0.164 7.5083e+08 1.5017e+07
0.165 7.3912e+08 1.4782e+07
0.166 6.7872e+08 1.3574e+07
0.167 6.9969e+08 1.3994e+07
0.168 6.6914e+08 1.3383e+07
0.169 6.6839e+08 1.3368e+07
0.17 6.3313e+08 1.2663e+07
0.171 6.9772e+08 1.3954e+07
0.172 6.0567e+08 1.2113e+07
0.173 5.8529e+08 1.1706e+07
0.174 6.2235e+08 1.2447e+07
0.175 6.3012e+08 1.2602e+07
0.176 5.486e+08 1.0972e+07
0.177 4.8966e+08 9.7931e+06
0.178 5.0299e+08 1.006e+07
0.179 5.5447e+08 1.1089e+07
0.18 5.5629e+08 1.1126e+07
0.181 4.6169e+08 9.2337e+06
0.182 5.2135e+08 1.0427e+07
0.183 5.202e+08 1.0404e+07
0.184 4.9719e+08 9.9438e+06
0.185 4.7497e+08 9.4995e+06
0.186 3.8314e+08 7.6628e+06
0.187 4.4036e+08 8.8072e+06
0.188 4.2014e+08 8.4027e+06
0.189 4.1009e+08 8.2019e+06
0.19 4.0123e+08 8.0246e+06
0.191 4.3413e+08 8.6826e+06
0.192 4.2929e+08 8.5857e+06
0.193 3.8544e+08 7.7087e+06
0.194 3.8152e+08 7.6304e+06
0.195 4.578e+08 9.1561e+06
0.196 3.6872e+08 7.3745e+06
0.197 3.2129e+08 6.4258e+06
0.198 2.8396e+08 5.6791e+06
0.199 3.4351e+08 6.8702e+06
0.2 3.5334e+08 7.0669e+06
0.201 3.799e+08 7.598e+06
0.202 3.3205e+08 6.641e+06
0.203 3.7416e+08 7.4831e+06
0.204 2.9475e+08 5.8951e+06
0.205 2.9445e+08 5.8891e+06
0.206 2.8001e+08 5.6002e+06
0.207 2.9661e+08 5.9321e+06
0.208 2.8838e+08 5.7676e+06
0.209 3.1117e+08 6.2233e+06
0.21 2.7448e+08 5.4897e+06
0.211 2.7818e+08 5.5637e+06
0.212 2.3559e+08 4.7117e+06
0.213 2.3292e+08 4.6584e+06
0.214 1.6774e+08 3.3547e+06
0.215 2.6298e+08 5.2597e+06
0.216 2.2298e+08 4.4597e+06
0.217 2.3538e+08 4.7077e+06
0.218 2.1271e+08 4.2543e+06
0.219 2.4739e+08 4.9478e+06
0.22 2.355e+08 4.7101e+06
0.221 1.8846e+08 3.7693e+06
0.222 2.1712e+08 4.3425e+06
0.223 2.0346e+08 4.0691e+06
0.224 2.1172e+08 4.2344e+06
0.225 1.9409e+08 3.8819e+06
0.226 2.2392e+08 4.4783e+06
0.227 1.4966e+08 2.9933e+06
0.228 1.9417e+08 3.8834e+06
0.229 1.8083e+08 3.6166e+06
0.23 1.5392e+08 3.0784e+06
0.231 1.9299e+08 3.8598e+06
0.232 1.9049e+08 3.8098e+06
0.233 2.0654e+08 4.1308e+06
0.234 2.2404e+08 4.4808e+06
0.235 2.1054e+08 4.2108e+06
0.236 1.6992e+08 3.3983e+06
0.237 1.3483e+08 2.6966e+06
0.238 9.9854e+07 1.9971e+06
0.239 1.4043e+08 2.8086e+06
0.24 1.6007e+08 3.2014e+06
0.241 1.4173e+08 2.8345e+06
0.242 1.9625e+08 3.925e+06
0.243 1.899e+08 3.798e+06
0.244 1.322e+08 2.6439e+06
0.245 1.4124e+08 2.8249e+06
0.246 1.2091e+08 2.4181e+06
0.247 1.8539e+08 3.7079e+06
0.248 1.2904e+08 2.5807e+06
0.249 1.6375e+08 3.275e+06
0.25 1.2652e+08 2.5305e+06
0.251 1.0188e+08 2.0375e+06
0.252 1.2261e+08 2.4522e+06
0.253 1.1984e+08 2.3969e+06
0.254 1.1455e+08 2.2911e+06
0.255 1.6217e+08 3.2434e+06
0.256 1.325e+08 2.6499e+06
0.257 1.2469e+08 2.4938e+06
0.258 8.4709e+07 1.6942e+06
0.259 1.613e+08 3.2261e+06
0.26 1.1506e+08 2.3012e+06
0.261 1.3141e+08 2.6282e+06
0.262 1.371e+08 2.742e+06
0.263 1.0984e+08 2.1968e+06
0.264 1.036e+08 2.0719e+06
0.265 6.713e+07 1.3426e+06
0.266 1.1978e+08 2.3956e+06
0.267 8.8107e+07 1.7621e+06
0.268 1.2327e+08 2.4654e+06
0.269 4.255e+07 8.51e+05
0.27 9.2899e+07 1.858e+06
0.271 8.5706e+07 1.7141e+06
0.272 1.2752e+08 2.5505e+06
0.273 7.2469e+07 1.4494e+06
0.274 9.7317e+07 1.9463e+06
0.275 8.592e+07 1.7184e+06
0.276 1.1538e+08 2.3076e+06
0.277 3.3674e+07 6.7347e+05
0.278 1.1628e+08 2.3257e+06
0.279 9.009e+07 1.8018e+06
0.28 8.2227e+07 1.6445e+06
0.281 1.0244e+08 2.0488e+06
0.282 6.4298e+07 1.286e+06
0.283 5.2684e+07 1.0537e+06
0.284 9.585e+07 1.917e+06
0.285 8.0994e+07 1.6199e+06
0.286 9.414e+07 1.8828e+06
0.287 1.0159e+08 2.0318e+06
0.288 4.5425e+07 9.085e+05
0.289 1.0271e+08 2.0543e+06
0.29 4.7453e+07 9.4906e+05
0.291 1.9398e+07 3.8796e+05
0.292 5.8281e+07 1.1656e+06
0.293 5.6231e+07 1.1246e+06
0.294 3.1958e+07 6.3915e+05
0.295 6.4216e+07 1.2843e+06
0.296 5.7284e+07 1.1457e+06
0.297 2.4895e+07 4.979e+05
0.298 1.0427e+08 2.0854e+06
0.299 1.4253e+06 28506
0.3 4.6057e+07 9.2114e+05
0.301 5.7498e+07 1.15e+06
0.302 3.9478e+07 7.8955e+05
0.303 3.135e+07 6.27e+05
0.304 6.0493e+07 1.2099e+06
0.305 4.4999e+07 8.9999e+05
0.306 5.4369e+07 1.0874e+06
0.307 8.0735e+07 1.6147e+06
0.308 3.886e+07 7.772e+05
0.309 7.8237e+07 1.5647e+06
0.31 8.5104e+07 1.7021e+06
0.311 1.1035e+08 2.2071e+06
0.312 5.6683e+07 1.1337e+06
0.313 5.4955e+07 1.0991e+06
0.314 1.7097e+07 3.4195e+05
0.315 6.1765e+07 1.2353e+06
0.316 3.2693e+07 6.5385e+05
0.317 3.3183e+07 6.6366e+05
0.318 7.9461e+07 1.5892e+06
0.319 4.2749e+07 8.5498e+05
0.32 4.1474e+07 8.2949e+05
0.321 4.2646e+07 8.5293e+05
0.322 5.2045e+07 1.0409e+06
0.323 7.6274e+07 1.5255e+06
0.324 4.9249e+07 9.8498e+05
0.325 7.2321e+07 1.4464e+06
0.326 1.5139e+07 3.0278e+05
0.327 5.7015e+07 1.1403e+06
0.328 6.2426e+07 1.2485e+06
0.329 1.1373e+08 2.2745e+06
0.33 9.4376e+07 1.8875e+06
0.331 3.2516e+07 6.5033e+05
0.332 3.2383e+07 6.4766e+05
0.333 3.8687e+07 7.7374e+05
0.334 7.1205e+07 1.4241e+06
0.335 1.429e+07 2.858e+05
0.336 6.0601e+07 1.212e+06
0.337 6.7378e+07 1.3476e+06
0.338 4.561e+07 9.122e+05
0.339 6.5686e+07 1.3137e+06
0.34 7.1859e+07 1.4372e+06
0.341 2.8037e+07 5.6074e+05
0.342 4.7985e+07 9.597e+05
0.343 2.6093e+07 5.2187e+05
0.344 6.3194e+07 1.2639e+06
0.345 4.5791e+07 9.1582e+05
0.346 4.5587e+07 9.1173e+05
0.347 9.4912e+07 1.8982e+06
0.348 6.1111e+07 1.2222e+06
0.349 5.7016e+07 1.1403e+06
0.35 -1.9715e+07 -3.9431e+05
0.351 8.2922e+07 1.6584e+06
0.352 3.9008e+07 7.8016e+05
0.353 5.0181e+07 1.0036e+06
0.354 7.1179e+07 1.4236e+06
0.355 4.987e+07 9.974e+05
0.356 6.236e+07 1.2472e+06
0.357 7.6052e+07 1.521e+06
0.358 7.5048e+07 1.501e+06
0.359 5.1712e+06 1.0342e+05
0.36 3.4295e+07 6.859e+05
0.361 2.4505e+07 4.9009e+05
0.362 7.5669e+07 1.5134e+06
0.363 2.6198e+07 5.2396e+05
0.364 2.7515e+07 5.503e+05
0.365 4.4809e+07 8.9619e+05
0.366 5.4186e+07 1.0837e+06
0.367 6.4003e+07 1.2801e+06
0.368 4.8942e+07 9.7885e+05
0.369 5.818e+07 1.1636e+06
0.37 9.0535e+07 1.8107e+06
0.371 3.3852e+07 6.7704e+05
0.372 1.9725e+07 3.945e+05
0.373 5.8062e+07 1.1612e+06
0.374 6.467e+07 1.2934e+06
0.375 1.0135e+08 2.0269e+06
0.376 4.906e+07 9.8119e+05
0.377 7.7614e+07 1.5523e+06
0.378 3.4185e+07 6.8369e+05
0.379 9.6103e+07 1.9221e+06
0.38 5.8837e+07 1.1767e+06
0.381 -1.6576e+06 -33152
0.382 4.705e+07 9.41e+05
0.383 3.6328e+07 7.2656e+05
0.384 3.7715e+07 7.543e+05
0.385 5.4274e+07 1.0855e+06
0.386 5.8717e+07 1.1743e+06
0.387 6.1935e+07 1.2387e+06
0.388 4.3712e+07 8.7424e+05
0.389 5.3309e+07 1.0662e+06
0.39 1.8305e+07 3.6609e+05
0.391 2.2038e+07 4.4076e+05
0.392 8.0352e+06 1.607e+05
0.393 6.5341e+07 1.3068e+06
0.394 5.8009e+07 1.1602e+06
0.395 7.0987e+07 1.4197e+06
0.396 7.8348e+07 1.567e+06
0.397 2.5985e+07 5.1969e+05
0.398 7.8137e+07 1.5627e+06
0.399 4.6815e+07 9.363e+05
0.4 3.8921e+07 7.7842e+05
0.401 2.8928e+07 5.7856e+05
0.402 6.5968e+07 1.3194e+06
0.403 3.7953e+07 7.5906e+05
0.404 3.5885e+07 7.1771e+05
0.405 5.3723e+07 1.0745e+06
0.406 3.6523e+07 7.3045e+05
0.407 6.3222e+07 1.2644e+06
0.408 6.8707e+07 1.3741e+06
0.409 5.4346e+07 1.0869e+06
0.41 3.3819e+07 6.7638e+05
0.411 6.1861e+07 1.2372e+06
0.412 6.5571e+07 1.3114e+06
0.413 5.3931e+07 1.0786e+06
0.414 4.6777e+07 9.3554e+05
0.415 4.7478e+07 9.4957e+05
0.416 6.9878e+07 1.3976e+06
0.417 6.0691e+07 1.2138e+06
0.418 3.53e+07 7.06e+05
0.419 6.4479e+07 1.2896e+06
0.42 4.8483e+07 9.6966e+05
0.421 3.7101e+07 7.4202e+05
0.422 4.2859e+07 8.5717e+05
0.423 8.0632e+07 1.6126e+06
0.424 4.5784e+07 9.1568e+05
0.425 3.3207e+07 6.6414e+05
0.426 6.1601e+07 1.232e+06
0.427 5.2008e+07 1.0402e+06
0.428 6.2798e+07 1.256e+06
0.429 6.1763e+07 1.2353e+06
0.43 4.9482e+07 9.8964e+05
0.431 7.3944e+07 1.4789e+06
0.432 8.1012e+07 1.6202e+06
0.433 3.6407e+07 7.2814e+05
0.434 7.2224e+07 1.4445e+06
0.435 4.6453e+07 9.2906e+05
0.436 4.7352e+07 9.4704e+05
0.437 7.5562e+07 1.5112e+06
0.438 3.5712e+07 7.1423e+05
0.439 5.7941e+07 1.1588e+06
0.44 3.026e+07 6.0521e+05
0.441 1.1469e+07 2.2939e+05
0.442 5.3426e+07 1.0685e+06
0.443 2.6498e+07 5.2995e+05
0.444 5.3134e+07 1.0627e+06
0.445 6.0649e+07 1.213e+06
0.446 6.4259e+07 1.2852e+06
0.447 7.7084e+07 1.5417e+06
0.448 7.168e+07 1.4336e+06
0.449 5.8399e+07 1.168e+06
0.45 4.8232e+07 9.6463e+05
0.451 3.9027e+07 7.8054e+05
0.452 5.9557e+07 1.1911e+06
0.453 4.4516e+07 8.9032e+05
0.454 3.7673e+07 7.5345e+05
0.455 2.4469e+07 4.8938e+05
0.456 7.944e+07 1.5888e+06
0.457 6.8871e+07 1.3774e+06
0.458 4.8138e+07 9.6276e+05
0.459 5.951e+07 1.1902e+06
0.46 4.5736e+07 9.1472e+05
0.461 2.0771e+07 4.1542e+05
0.462 1.8145e+07 3.629e+05
0.463 6.2459e+07 1.2492e+06
0.464 4.3054e+07 8.6109e+05
0.465 7.293e+07 1.4586e+06
0.466 6.1599e+07 1.232e+06
0.467 5.4156e+07 1.0831e+06
0.468 2.21e+07 4.42e+05
0.469 5.2563e+07 1.0513e+06
0.47 2.9712e+07 5.9425e+05
0.471 4.0182e+07 8.0365e+05
0.472 3.9767e+07 7.9535e+05
0.473 5.2313e+07 1.0463e+06
0.474 2.0256e+07 4.0512e+05
0.475 8.4168e+07 1.6834e+06
0.476 6.0964e+07 1.2193e+06
0.477 5.0291e+07 1.0058e+06
0.478 5.3241e+07 1.0648e+06
0.479 3.6634e+07 7.3267e+05
0.48 3.8355e+07 7.671e+05
0.481 7.2241e+07 1.4448e+06
0.482 2.571e+07 5.1421e+05
0.483 3.2132e+07 6.4264e+05
0.484 2.6024e+07 5.2048e+05
0.485 3.5969e+07 7.1938e+05
0.486 5.26e+07 1.052e+06
0.487 4.4227e+07 8.8453e+05
0.488 6.3672e+07 1.2734e+06
0.489 2.4721e+07 4.9441e+05
0.49 3.6044e+07 7.2087e+05
0.491 4.8476e+07 9.6952e+05
0.492 3.9681e+07 7.9361e+05
0.493 8.2948e+07 1.659e+06
0.494 5.0328e+07 1.0066e+06
0.495 4.3525e+07 8.705e+05
0.496 4.373e+07 8.746e+05
0.497 9.2974e+07 1.8595e+06
0.498 3.3633e+07 6.7267e+05
0.499 6.0402e+07 1.208e+06
0.5 6.6402e+07 1.328e+06
