0.001 2.2461e+10 4.4923e+08
0.002 2.3367e+10 4.6734e+08
0.003 2.34e+10 4.68e+08
0.004 2.2742e+10 4.5485e+08
0.005 2.2454e+10 4.4909e+08
0.006 2.2141e+10 4.4283e+08
0.007 2.336e+10 4.6721e+08
0.008 2.2836e+10 4.5672e+08
0.009 2.2387e+10 4.4774e+08
0.01 2.2545e+10 4.509e+08
0.011 2.2302e+10 4.4604e+08
0.012 2.1933e+10 4.3867e+08
0.013 2.182e+10 4.364e+08
0.014 2.167e+10 4.3339e+08
0.015 2.1757e+10 4.3513e+08
0.016 2.1752e+10 4.3503e+08
0.017 2.1808e+10 4.3616e+08
0.018 2.1758e+10 4.3515e+08
0.019 2.1285e+10 4.257e+08
0.02 2.0928e+10 4.1856e+08
0.021 2.121e+10 4.2421e+08
0.022 2.0772e+10 4.1545e+08
0.023 2.0487e+10 4.0974e+08
0.024 2.0282e+10 4.0564e+08
0.025 2.0063e+10 4.0125e+08
0.026 2.0169e+10 4.0338e+08
0.027 1.9557e+10 3.9114e+08
0.028 1.9911e+10 3.9822e+08
0.029 1.9825e+10 3.9651e+08
0.03 1.8986e+10 3.7972e+08
0.031 1.9142e+10 3.8284e+08
0.032 1.8477e+10 3.6954e+08
0.033 1.8895e+10 3.7791e+08
0.034 1.8148e+10 3.6295e+08
0.035 1.8252e+10 3.6504e+08
0.036 1.8086e+10 3.6171e+08
0.037 1.7766e+10 3.5532e+08
0.038 1.76e+10 3.5199e+08
0.039 1.7055e+10 3.4111e+08
0.04 1.6566e+10 3.3132e+08
0.041 1.6659e+10 3.3318e+08
0.042 1.6565e+10 3.3131e+08
0.043 1.6087e+10 3.2174e+08
0.044 1.5975e+10 3.1951e+08
0.045 1.5536e+10 3.1071e+08
0.046 1.553e+10 3.1059e+08
0.047 1.5269e+10 3.0538e+08
0.048 1.4966e+10 2.9932e+08
0.049 1.4677e+10 2.9354e+08
0.05 1.422e+10 2.8441e+08
0.051 1.3994e+10 2.7989e+08
0.052 1.3882e+10 2.7764e+08
0.053 1.3673e+10 2.7346e+08
0.054 1.3368e+10 2.6737e+08
0.055 1.3131e+10 2.6261e+08
0.056 1.2528e+10 2.5055e+08
0.057 1.2693e+10 2.5385e+08
0.058 1.2361e+10 2.4721e+08
0.059 1.1846e+10 2.3691e+08
0.06 1.1739e+10 2.3477e+08
0.061 1.1691e+10 2.3381e+08
0.062 1.1152e+10 2.2304e+08
0.063 1.092e+10 2.1841e+08
0.064 1.0741e+10 2.1483e+08
0.065 1.0386e+10 2.0772e+08
0.066 1.0264e+10 2.0527e+08
0.067 1.0129e+10 2.0258e+08
0.068 9.8261e+09 1.9652e+08
0.069 9.4996e+09 1.8999e+08
0.07 9.317e+09 1.8634e+08
0.071 9.0465e+09 1.8093e+08
0.072 8.9235e+09 1.7847e+08
0.073 8.5538e+09 1.7108e+08
0.074 8.3096e+09 1.6619e+08
0.075 8.2726e+09 1.6545e+08
0.076 7.8402e+09 1.568e+08
0.077 7.7859e+09 1.5572e+08
0.078 7.5979e+09 1.5196e+08
0.079 7.4501e+09 1.49e+08
0.08 7.2362e+09 1.4472e+08
0.081 7.0475e+09 1.4095e+08
0.082 6.8023e+09 1.3605e+08
0.083 6.568e+09 1.3136e+08
0.084 6.3868e+09 1.2774e+08
0.085 6.3987e+09 1.2797e+08
0.086 6.0871e+09 1.2174e+08
0.087 5.8717e+09 1.1743e+08
0.088 5.7792e+09 1.1558e+08
0.089 5.7248e+09 1.145e+08
0.09 5.4083e+09 1.0817e+08
0.091 5.1855e+09 1.0371e+08
0.092 5.0743e+09 1.0149e+08
0.093 4.911e+09 9.822e+07
0.094 4.7571e+09 9.5143e+07
0.095 4.6745e+09 9.349e+07
0.096 4.5156e+09 9.0312e+07
0.097 4.1888e+09 8.3776e+07
0.098 4.2399e+09 8.4798e+07
0.099 4.3157e+09 8.6315e+07
0.1 4.0654e+09 8.1309e+07
0.101 3.9997e+09 7.9995e+07
0.102 3.7348e+09 7.4696e+07
0.103 3.6992e+09 7.3983e+07
0.104 3.3592e+09 6.7183e+07
0.105 3.4109e+09 6.8217e+07
0.106 3.4127e+09 6.8254e+07
0.107 3.3229e+09 6.6458e+07
0.108 3.1728e+09 6.3456e+07
0.109 3.0903e+09 6.1807e+07
0.11 2.9454e+09 5.8907e+07
0.111 2.96e+09 5.92e+07
0.112 2.8549e+09 5.7098e+07
0.113 2.8258e+09 5.6515e+07
0.114 2.6253e+09 5.2507e+07
0.115 2.6092e+09 5.2183e+07
0.116 2.4802e+09 4.9603e+07
0.117 2.4072e+09 4.8144e+07
0.118 2.4035e+09 4.8071e+07
0.119 2.3168e+09 4.6335e+07
0.12 2.198e+09 4.3959e+07
0.121 2.1636e+09 4.3272e+07
0.122 2.2416e+09 4.4832e+07
0.123 2.0421e+09 4.0842e+07
0.124 2.1223e+09 4.2446e+07
0.125 1.9385e+09 3.877e+07
0.126 1.895e+09 3.79e+07
0.127 1.854e+09 3.708e+07
0.128 1.8342e+09 3.6684e+07
0.129 1.857e+09 3.714e+07
0.13 1.609e+09 3.2181e+07
0.131 1.7547e+09 3.5093e+07
0.132 1.7324e+09 3.4649e+07
0.133 1.604e+09 3.208e+07
0.134 1.5428e+09 3.0856e+07
0.135 1.5777e+09 3.1555e+07
0.136 1.4331e+09 2.8663e+07
0.137 1.5018e+09 3.0035e+07
0.138 1.4276e+09 2.8552e+07
0.139 1.3425e+09 2.685e+07
0.14 1.393e+09 2.786e+07
0.141 1.3856e+09 2.7712e+07
0.142 1.3302e+09 2.6603e+07
0.143 1.3338e+09 2.6677e+07
0.144 1.2958e+09 2.5916e+07
0.145 1.3177e+09 2.6353e+07
0.146 1.1806e+09 2.3611e+07
0.147 1.1643e+09 2.3286e+07
0.148 1.2114e+09 2.4229e+07
0.149 1.1954e+09 2.3908e+07
0.15 1.0947e+09 2.1894e+07
0.151 1.1573e+09 2.3147e+07
0.152 1.1009e+09 2.2018e+07
0.153 1.0271e+09 2.0543e+07
0.154 1.0394e+09 2.0787e+07
0.155 1.0545e+09 2.1089e+07
0.156 9.8273e+08 1.9655e+07
0.157 9.7527e+08 1.9505e+07
0.158 9.735e+08 1.947e+07
0.159 9.8012e+08 1.9602e+07
0.16 9.1295e+08 1.8259e+07
0.161 9.4655e+08 1.8931e+07
0.162 9.3882e+08 1.8776e+07
0.163 9.2204e+08 1.8441e+07
0.164 8.0734e+08 1.6147e+07
0.165 9.0899e+08 1.818e+07
0.166 8.4125e+08 1.6825e+07
0.167 8.8105e+08 1.7621e+07
0.168 8.1488e+08 1.6298e+07
0.169 7.4598e+08 1.492e+07
0.17 6.8561e+08 1.3712e+07
0.171 7.2622e+08 1.4524e+07
0.172 6.8565e+08 1.3713e+07
0.173 7.0079e+08 1.4016e+07
0.174 7.4143e+08 1.4829e+07
0.175 7.0407e+08 1.4081e+07
0.176 6.5273e+08 1.3055e+07
0.177 7.4685e+08 1.4937e+07
0.178 6.8893e+08 1.3779e+07
0.179 6.1528e+08 1.2306e+07
0.18 5.9173e+08 1.1835e+07
0.181 6.2067e+08 1.2413e+07
0.182 5.9343e+08 1.1869e+07
0.183 5.0917e+08 1.0183e+07
0.184 5.4237e+08 1.0847e+07
0.185 4.9164e+08 9.8329e+06
0.186 5.0979e+08 1.0196e+07
0.187 5.1041e+08 1.0208e+07
0.188 5.111e+08 1.0222e+07
0.189 4.9019e+08 9.8038e+06
0.19 4.9108e+08 9.8216e+06
0.191 5.0436e+08 1.0087e+07
0.192 5.0802e+08 1.016e+07
0.193 4.1784e+08 8.3569e+06
0.194 4.7871e+08 9.5741e+06
0.195 4.2924e+08 8.5848e+06
0.196 4.5734e+08 9.1468e+06
0.197 3.8812e+08 7.7623e+06
0.198 3.7758e+08 7.5515e+06
0.199 4.1453e+08 8.2905e+06
0.2 3.69e+08 7.3801e+06
0.201 3.8305e+08 7.6611e+06
0.202 3.657e+08 7.314e+06
0.203 3.5697e+08 7.1394e+06
0.204 3.4979e+08 6.9957e+06
0.205 2.9806e+08 5.9611e+06
0.206 3.6223e+08 7.2447e+06
0.207 2.784e+08 5.5681e+06
0.208 3.5199e+08 7.0399e+06
0.209 3.0971e+08 6.1942e+06
0.21 3.477e+08 6.954e+06
0.211 3.4247e+08 6.8495e+06
0.212 2.3793e+08 4.7586e+06
0.213 2.3363e+08 4.6726e+06
0.214 2.7567e+08 5.5133e+06
0.215 2.6525e+08 5.305e+06
0.216 3.1935e+08 6.387e+06
0.217 2.8387e+08 5.6773e+06
0.218 2.5133e+08 5.0267e+06
0.219 2.5361e+08 5.0721e+06
0.22 2.7943e+08 5.5886e+06
0.221 2.4548e+08 4.9095e+06
0.222 2.8033e+08 5.6067e+06
0.223 2.1612e+08 4.3224e+06
0.224 2.1468e+08 4.2935e+06
0.225 2.4019e+08 4.8039e+06
0.226 2.2473e+08 4.4946e+06
0.227 2.1249e+08 4.2498e+06
0.228 1.8853e+08 3.7706e+06
0.229 2.3812e+08 4.7623e+06
0.23 1.5563e+08 3.1127e+06
0.231 1.4962e+08 2.9925e+06
0.232 2.0846e+08 4.1691e+06
0.233 2.3007e+08 4.6015e+06
0.234 1.9324e+08 3.8649e+06
0.235 1.8427e+08 3.6855e+06
0.236 2.7538e+08 5.5076e+06
0.237 2.1597e+08 4.3194e+06
0.238 2.2362e+08 4.4723e+06
0.239 1.8744e+08 3.7489e+06
0.24 1.2887e+08 2.5774e+06
0.241 1.9444e+08 3.8887e+06
0.242 2.1651e+08 4.3301e+06
0.243 1.4711e+08 2.9423e+06
0.244 2.125e+08 4.2501e+06
0.245 1.3341e+08 2.6682e+06
0.246 1.9502e+08 3.9003e+06
0.247 1.5364e+08 3.0727e+06
0.248 1.6157e+08 3.2313e+06
0.249 1.5145e+08 3.029e+06
0.25 1.4851e+08 2.9702e+06
0.251 1.9284e+08 3.8568e+06
0.252 1.1064e+08 2.2129e+06
0.253 1.8841e+08 3.7682e+06
0.254 1.6167e+08 3.2334e+06
0.255 1.7568e+08 3.5136e+06
0.256 1.6642e+08 3.3283e+06
0.257 1.4599e+08 2.9198e+06
0.258 1.4773e+08 2.9546e+06
0.259 1.4715e+08 2.943e+06
0.26 7.072e+07 1.4144e+06
0.261 1.404e+08 2.8079e+06
0.262 1.632e+08 3.2639e+06
0.263 1.4409e+08 2.8819e+06
0.264 1.1224e+08 2.2449e+06
0.265 9.6334e+07 1.9267e+06
0.266 1.2006e+08 2.4012e+06
0.267 9.7603e+07 1.9521e+06
0.268 1.6024e+08 3.2048e+06
0.269 1.0866e+08 2.1733e+06
0.27 7.7182e+07 1.5436e+06
0.271 1.1681e+08 2.3361e+06
0.272 1.2135e+08 2.4269e+06
0.273 1.5262e+08 3.0524e+06
0.274 1.0775e+08 2.155e+06
0.275 8.0086e+07 1.6017e+06
0.276 8.2515e+07 1.6503e+06
0.277 1.0652e+08 2.1303e+06
0.278 1.2393e+08 2.4787e+06
0.279 1.1937e+08 2.3874e+06
0.28 7.5651e+07 1.513e+06
0.281 4.0585e+07 8.117e+05
0.282 6.5763e+07 1.3153e+06
0.283 7.2292e+07 1.4458e+06
0.284 1.0955e+08 2.191e+06
0.285 4.3175e+07 8.635e+05
0.286 9.1778e+07 1.8356e+06
0.287 5.6421e+07 1.1284e+06
0.288 1.0287e+08 2.0573e+06
0.289 1.1987e+08 2.3974e+06
0.29 7.9924e+07 1.5985e+06
0.291 1.1243e+08 2.2485e+06
0.292 8.0765e+07 1.6153e+06
0.293 8.2039e+07 1.6408e+06
0.294 4.6303e+07 9.2606e+05
0.295 6.4911e+07 1.2982e+06
0.296 8.7693e+07 1.7539e+06
0.297 1.1327e+08 2.2655e+06
0.298 7.5485e+07 1.5097e+06
0.299 6.9459e+07 1.3892e+06
0.3 6.9881e+07 1.3976e+06
0.301 2.9322e+07 5.8644e+05
0.302 9.8498e+07 1.97e+06
0.303 8.374e+07 1.6748e+06
0.304 9.3052e+07 1.861e+06
0.305 4.9153e+07 9.8306e+05
0.306 7.935e+07 1.587e+06
0.307 7.3481e+07 1.4696e+06
0.308 6.613e+07 1.3226e+06
0.309 4.7076e+07 9.4152e+05
0.31 2.122e+07 4.244e+05
0.311 1.213e+08 2.4259e+06
0.312 1.0191e+08 2.0383e+06
0.313 4.252e+07 8.5041e+05
0.314 5.0165e+07 1.0033e+06
0.315 2.2302e+07 4.4603e+05
0.316 5.3785e+07 1.0757e+06
0.317 8.0219e+07 1.6044e+06
0.318 5.1847e+07 1.0369e+06
0.319 4.099e+07 8.198e+05
0.32 -4.4286e+06 -88572
0.321 4.6956e+07 9.3913e+05
0.322 3.0031e+07 6.0062e+05
0.323 1.1355e+08 2.2711e+06
0.324 1.243e+08 2.486e+06
0.325 4.1566e+07 8.3132e+05
0.326 9.2517e+07 1.8503e+06
0.327 -8.9374e+06 -1.7875e+05
0.328 9.8472e+07 1.9694e+06
0.329 6.1289e+07 1.2258e+06
0.33 6.7805e+07 1.3561e+06
0.331 5.2042e+07 1.0408e+06
0.332 9.9465e+07 1.9893e+06
0.333 7.7123e+07 1.5425e+06
0.334 4.2103e+07 8.4205e+05
0.335 8.855e+07 1.771e+06
0.336 3.5348e+07 7.0697e+05
0.337 5.7746e+07 1.1549e+06
0.338 5.8551e+07 1.171e+06
0.339 4.2061e+07 8.4123e+05
0.34 6.4755e+07 1.2951e+06
0.341 5.5316e+07 1.1063e+06
0.342 6.0316e+07 1.2063e+06
0.343 3.7861e+07 7.5723e+05
0.344 5.4309e+07 1.0862e+06
0.345 5.1739e+07 1.0348e+06
0.346 4.16e+07 8.3201e+05
0.347 3.242e+07 6.484e+05
0.348 6.467e+07 1.2934e+06
0.349 4.924e+07 9.8479e+05
0.35 1.0193e+08 2.0386e+06
0.351 5.4296e+07 1.0859e+06
0.352 9.0255e+07 1.8051e+06
0.353 6.1465e+07 1.2293e+06
0.354 2.0256e+07 4.0512e+05
0.355 2.7674e+07 5.5349e+05
0.356 5.9616e+07 1.1923e+06
0.357 3.696e+07 7.392e+05
0.358 4.57e+07 9.1401e+05
0.359 -2.6862e+06 -53723
0.36 5.226e+07 1.0452e+06
0.361 9.9309e+07 1.9862e+06
0.362 8.5334e+07 1.7067e+06
0.363 6.5434e+07 1.3087e+06
0.364 9.6523e+07 1.9305e+06
0.365 5.7048e+07 1.141e+06
0.366 8.2419e+07 1.6484e+06
0.367 5.3172e+07 1.0634e+06
0.368 5.3846e+07 1.0769e+06
0.369 1.9867e+07 3.9733e+05
0.37 6.6184e+07 1.3237e+06
0.371 2.5046e+07 5.0093e+05
0.372 5.4377e+07 1.0875e+06
0.373 9.9037e+07 1.9807e+06
0.374 5.0858e+07 1.0172e+06
0.375 9.9729e+07 1.9946e+06
0.376 5.2721e+07 1.0544e+06
0.377 6.1827e+07 1.2365e+06
0.378 7.2444e+07 1.4489e+06
0.379 5.9076e+07 1.1815e+06
0.38 5.0532e+07 1.0106e+06
0.381 2.811e+07 5.622e+05
0.382 1.2305e+07 2.4609e+05
0.383 4.4974e+07 8.9949e+05
0.384 3.5252e+07 7.0505e+05
0.385 2.0521e+07 4.1042e+05
0.386 6.0562e+07 1.2112e+06
0.387 7.9387e+07 1.5877e+06
0.388 4.6316e+07 9.2632e+05
0.389 8.6182e+07 1.7236e+06
0.39 2.3064e+07 4.6128e+05
0.391 6.7933e+07 1.3587e+06
0.392 4.2586e+07 8.5172e+05
0.393 9.3007e+07 1.8601e+06
0.394 5.3488e+07 1.0698e+06
0.395 7.3048e+07 1.461e+06
0.396 4.8932e+07 9.7863e+05
0.397 8.202e+07 1.6404e+06
0.398 9.8152e+06 1.963e+05
0.399 5.6999e+07 1.14e+06
0.4 4.5851e+07 9.1703e+05
0.401 5.2964e+07 1.0593e+06
0.402 4.9337e+07 9.8674e+05
0.403 5.7187e+07 1.1437e+06
0.404 6.3937e+07 1.2787e+06
0.405 8.242e+07 1.6484e+06
0.406 5.1435e+07 1.0287e+06
0.407 5.8766e+07 1.1753e+06
0.408 6.2279e+07 1.2456e+06
0.409 2.1915e+07 4.3829e+05
0.41 2.4953e+07 4.9907e+05
0.411 5.3735e+07 1.0747e+06
0.412 5.127e+07 1.0254e+06
0.413 2.1111e+07 4.2223e+05
0.414 6.0622e+07 1.2124e+06
0.415 5.3498e+07 1.07e+06
0.416 8.5086e+07 1.7017e+06
0.417 7.8532e+07 1.5706e+06
0.418 7.1457e+07 1.4291e+06
0.419 7.0205e+07 1.4041e+06
0.42 6.5307e+07 1.3061e+06
0.421 5.9958e+07 1.1992e+06
0.422 6.0826e+07 1.2165e+06
0.423 7.3369e+07 1.4674e+06
0.424 5.6202e+07 1.124e+06
0.425 7.9135e+07 1.5827e+06
0.426 1.1728e+07 2.3456e+05
0.427 8.7902e+07 1.758e+06
0.428 6.2861e+07 1.2572e+06
0.429 1.1503e+08 2.3005e+06
0.43 3.2183e+07 6.4366e+05
0.431 7.0658e+07 1.4132e+06
0.432 8.3349e+07 1.667e+06
0.433 3.1943e+07 6.3886e+05
0.434 7.6152e+07 1.523e+06
0.435 6.8365e+07 1.3673e+06
0.436 7.2296e+07 1.4459e+06
0.437 7.1649e+07 1.433e+06
0.438 1.0856e+07 2.1712e+05
0.439 7.6e+07 1.52e+06
0.44 7.9875e+07 1.5975e+06
0.441 5.5701e+07 1.114e+06
0.442 3.6687e+07 7.3374e+05
0.443 5.956e+07 1.1912e+06
0.444 2.0938e+07 4.1876e+05
0.445 1.2875e+08 2.575e+06
0.446 8.5508e+07 1.7102e+06
0.447 8.2767e+07 1.6553e+06
0.448 6.903e+07 1.3806e+06
0.449 5.8303e+07 1.1661e+06
0.45 4.0206e+07 8.0413e+05
0.451 5.1903e+07 1.0381e+06
0.452 8.385e+07 1.677e+06
0.453 6.4681e+07 1.2936e+06
0.454 5.453e+07 1.0906e+06
0.455 8.0426e+07 1.6085e+06
0.456 9.5242e+07 1.9048e+06
0.457 5.6207e+07 1.1241e+06
0.458 3.9783e+07 7.9566e+05
0.459 9.3336e+07 1.8667e+06
0.46 7.5249e+07 1.505e+06
0.461 5.2036e+07 1.0407e+06
0.462 6.6361e+07 1.3272e+06
0.463 4.4044e+07 8.8089e+05
0.464 6.5023e+07 1.3005e+06
0.465 9.3619e+07 1.8724e+06
0.466 7.6358e+07 1.5272e+06
0.467 5.9816e+07 1.1963e+06
0.468 6.9842e+07 1.3968e+06
0.469 2.9301e+07 5.8603e+05
0.47 5.5885e+07 1.1177e+06
0.471 4.7517e+07 9.5034e+05
0.472 2.4534e+07 4.9069e+05
0.473 8.7653e+07 1.7531e+06
0.474 4.1467e+07 8.2934e+05
0.475 2.9526e+07 5.9052e+05
0.476 2.1703e+07 4.3406e+05
0.477 7.334e+07 1.4668e+06
0.478 3.6635e+07 7.327e+05
0.479 3.1979e+07 6.3958e+05
0.48 7.1281e+07 1.4256e+06
0.481 3.6813e+07 7.3627e+05
0.482 9.4067e+07 1.8813e+06
0.483 4.4472e+07 8.8943e+05
0.484 4.6931e+07 9.3862e+05
0.485 8.5534e+07 1.7107e+06
0.486 3.9923e+07 7.9846e+05
0.487 4.6574e+07 9.3148e+05
0.488 7.5249e+07 1.505e+06
0.489 5.156e+07 1.0312e+06
0.49 6.5377e+07 1.3075e+06
0.491 4.0885e+07 8.1771e+05
0.492 7.105e+07 1.421e+06
0.493 2.5255e+07 5.0509e+05
0.494 8.5993e+06 1.7199e+05
0.495 5.2133e+07 1.0427e+06
0.496 5.1404e+07 1.0281e+06
0.497 5.0155e+07 1.0031e+06
0.498 3.9383e+07 7.8766e+05
0.499 3.0332e+07 6.0665e+05
0.5 5.3231e+07 1.0646e+06
