0.001 4.1485e+09 8.2971e+07
0.002 4.4597e+09 8.9194e+07
0.003 4.5635e+09 9.1271e+07
0.004 4.4602e+09 8.9204e+07
0.005 4.7461e+09 9.4923e+07
0.006 4.551e+09 9.1019e+07
0.007 4.4043e+09 8.8086e+07
0.008 4.5102e+09 9.0205e+07
0.009 4.4795e+09 8.9589e+07
0.01 4.5755e+09 9.1511e+07
0.011 4.3286e+09 8.6572e+07
0.012 4.5923e+09 9.1846e+07
0.013 4.4735e+09 8.9471e+07
0.014 4.3508e+09 8.7016e+07
0.015 4.4511e+09 8.9022e+07
0.016 4.3889e+09 8.7777e+07
0.017 4.3033e+09 8.6067e+07
0.018 4.3407e+09 8.6814e+07
0.019 4.2176e+09 8.4351e+07
0.02 4.2669e+09 8.5339e+07
0.021 4.2164e+09 8.4328e+07
0.022 4.2742e+09 8.5484e+07
0.023 4.2061e+09 8.4121e+07
0.024 4.1633e+09 8.3266e+07
0.025 4.171e+09 8.3421e+07
0.026 4.1808e+09 8.3617e+07
0.027 4.0787e+09 8.1574e+07
0.028 4.0596e+09 8.1192e+07
0.029 4.0464e+09 8.0927e+07
0.03 3.9984e+09 7.9968e+07
0.031 3.9375e+09 7.875e+07
0.032 3.8966e+09 7.7932e+07
0.033 3.8413e+09 7.6825e+07
0.034 3.7417e+09 7.4834e+07
0.035 3.7791e+09 7.5582e+07
0.036 3.6101e+09 7.2202e+07
0.037 3.6688e+09 7.3376e+07
0.038 3.6422e+09 7.2845e+07
0.039 3.5598e+09 7.1196e+07
0.04 3.5642e+09 7.1284e+07
0.041 3.4103e+09 6.8207e+07
0.042 3.4656e+09 6.9312e+07
0.043 3.3655e+09 6.7311e+07
0.044 3.3453e+09 6.6906e+07
0.045 3.2881e+09 6.5762e+07
0.046 3.2524e+09 6.5048e+07
0.047 3.1583e+09 6.3166e+07
0.048 3.1754e+09 6.3508e+07
0.049 3.0617e+09 6.1234e+07
0.05 3.0387e+09 6.0775e+07
0.051 2.9674e+09 5.9348e+07
0.052 2.9258e+09 5.8517e+07
0.053 2.8955e+09 5.7911e+07
0.054 2.8317e+09 5.6635e+07
0.055 2.8201e+09 5.6402e+07
0.056 2.7955e+09 5.5911e+07
0.057 2.652e+09 5.304e+07
0.058 2.6693e+09 5.3386e+07
0.059 2.5811e+09 5.1623e+07
0.06 2.5544e+09 5.1088e+07
0.061 2.5109e+09 5.0218e+07
0.062 2.4489e+09 4.8978e+07
0.063 2.4358e+09 4.8716e+07
0.064 2.3982e+09 4.7963e+07
0.065 2.3308e+09 4.6616e+07
0.066 2.2685e+09 4.537e+07
0.067 2.2178e+09 4.4356e+07
0.068 2.1748e+09 4.3496e+07
0.069 2.1357e+09 4.2715e+07
0.07 2.0866e+09 4.1733e+07
0.071 2.0393e+09 4.0786e+07
0.072 2.0107e+09 4.0214e+07
0.073 1.9653e+09 3.9305e+07
0.074 1.886e+09 3.772e+07
0.075 1.8506e+09 3.7011e+07
0.076 1.8242e+09 3.6484e+07
0.077 1.7646e+09 3.5292e+07
0.078 1.744e+09 3.4879e+07
0.079 1.6941e+09 3.3882e+07
0.08 1.6878e+09 3.3757e+07
0.081 1.5861e+09 3.1722e+07
0.082 1.5969e+09 3.1938e+07
0.083 1.5503e+09 3.1006e+07
0.084 1.5478e+09 3.0956e+07
0.085 1.4464e+09 2.8927e+07
0.086 1.4462e+09 2.8924e+07
0.087 1.4046e+09 2.8093e+07
0.088 1.3622e+09 2.7244e+07
0.089 1.3505e+09 2.701e+07
0.09 1.2692e+09 2.5385e+07
0.091 1.2838e+09 2.5675e+07
0.092 1.2406e+09 2.4813e+07
0.093 1.194e+09 2.388e+07
0.094 1.1534e+09 2.3068e+07
0.095 1.1297e+09 2.2594e+07
0.096 1.1437e+09 2.2874e+07
0.097 1.0895e+09 2.1789e+07
0.098 1.047e+09 2.0939e+07
0.099 1.0429e+09 2.0857e+07
0.1 9.8167e+08 1.9633e+07
0.101 9.8278e+08 1.9656e+07
0.102 9.4772e+08 1.8954e+07
0.103 9.4196e+08 1.8839e+07
0.104 9.1268e+08 1.8254e+07
0.105 9.0375e+08 1.8075e+07
0.106 8.716e+08 1.7432e+07
0.107 8.6167e+08 1.7233e+07
0.108 8.0629e+08 1.6126e+07
0.109 8.0107e+08 1.6021e+07
0.11 7.8203e+08 1.5641e+07
0.111 7.6736e+08 1.5347e+07
0.112 7.4097e+08 1.4819e+07
0.113 7.0741e+08 1.4148e+07
0.114 7.0872e+08 1.4174e+07
0.115 6.8133e+08 1.3627e+07
0.116 6.743e+08 1.3486e+07
0.117 6.5513e+08 1.3103e+07
0.118 6.3045e+08 1.2609e+07
0.119 6.1677e+08 1.2335e+07
0.12 6.0288e+08 1.2058e+07
0.121 5.9462e+08 1.1892e+07
0.122 5.7167e+08 1.1433e+07
0.123 5.6539e+08 1.1308e+07
0.124 5.4264e+08 1.0853e+07
0.125 5.3553e+08 1.0711e+07
0.126 5.3959e+08 1.0792e+07
0.127 5.2182e+08 1.0436e+07
0.128 5.1122e+08 1.0224e+07
0.129 4.7657e+08 9.5314e+06
0.13 4.6954e+08 9.3908e+06
0.131 4.7362e+08 9.4723e+06
0.132 4.6093e+08 9.2186e+06
0.133 4.4924e+08 8.9848e+06
0.134 4.373e+08 8.746e+06
0.135 4.0955e+08 8.1911e+06
0.136 4.1917e+08 8.3835e+06
0.137 4.0949e+08 8.1898e+06
0.138 4.1645e+08 8.3289e+06
0.139 3.6683e+08 7.3367e+06
0.14 3.9154e+08 7.8309e+06
0.141 3.744e+08 7.488e+06
0.142 3.5392e+08 7.0783e+06
0.143 3.4572e+08 6.9145e+06
0.144 3.5534e+08 7.1068e+06
0.145 3.4334e+08 6.8668e+06
0.146 3.3446e+08 6.6892e+06
0.147 3.1026e+08 6.2053e+06
0.148 3.1317e+08 6.2634e+06
0.149 3.0861e+08 6.1722e+06
0.15 3.1651e+08 6.3302e+06
0.151 2.8303e+08 5.6606e+06
0.152 2.99e+08 5.98e+06
0.153 2.8574e+08 5.7149e+06
0.154 2.802e+08 5.604e+06
0.155 2.674e+08 5.348e+06
0.156 2.7377e+08 5.4754e+06
0.157 2.4596e+08 4.9192e+06
0.158 2.794e+08 5.588e+06
0.159 2.7144e+08 5.4288e+06
0.16 2.2789e+08 4.5577e+06
0.161 2.5997e+08 5.1993e+06
0.162 2.2853e+08 4.5706e+06
0.163 2.342e+08 4.6841e+06
0.164 2.3308e+08 4.6616e+06
0.165 2.1158e+08 4.2316e+06
0.166 2.2535e+08 4.507e+06
0.167 2.3485e+08 4.6971e+06
0.168 2.0322e+08 4.0643e+06
0.169 2.1253e+08 4.2506e+06
0.17 2.0781e+08 4.1563e+06
0.171 2.0176e+08 4.0351e+06
0.172 1.9903e+08 3.9806e+06
0.173 1.7731e+08 3.5463e+06
0.174 1.7155e+08 3.4311e+06
0.175 1.9398e+08 3.8797e+06
0.176 1.8225e+08 3.645e+06
0.177 1.7017e+08 3.4035e+06
0.178 1.5711e+08 3.1422e+06
0.179 1.7107e+08 3.4215e+06
0.18 1.5701e+08 3.1401e+06
0.181 1.6514e+08 3.3029e+06
0.182 1.65e+08 3.3e+06
0.183 1.6225e+08 3.245e+06
0.184 1.3636e+08 2.7271e+06
0.185 1.5011e+08 3.0022e+06
0.186 1.5586e+08 3.1171e+06
0.187 1.4099e+08 2.8198e+06
0.188 1.4684e+08 2.9368e+06
0.189 1.3611e+08 2.7222e+06
0.19 1.3722e+08 2.7445e+06
0.191 1.3587e+08 2.7173e+06
0.192 1.2476e+08 2.4952e+06
0.193 1.3262e+08 2.6523e+06
0.194 1.1246e+08 2.2492e+06
0.195 1.1522e+08 2.3044e+06
0.196 1.0857e+08 2.1713e+06
0.197 1.1048e+08 2.2096e+06
0.198 1.0125e+08 2.0249e+06
0.199 1.1273e+08 2.2547e+06
0.2 1.0218e+08 2.0435e+06
0.201 1.0397e+08 2.0794e+06
0.202 1.0748e+08 2.1496e+06
0.203 1.1516e+08 2.3033e+06
0.204 1.1415e+08 2.2831e+06
0.205 9.5545e+07 1.9109e+06
0.206 9.8091e+07 1.9618e+06
0.207 9.7276e+07 1.9455e+06
0.208 9.0498e+07 1.81e+06
0.209 9.0152e+07 1.803e+06
0.21 9.7268e+07 1.9454e+06
0.211 8.2528e+07 1.6506e+06
0.212 8.3007e+07 1.6601e+06
0.213 9.1585e+07 1.8317e+06
0.214 8.7023e+07 1.7405e+06
0.215 8.2677e+07 1.6535e+06
0.216 8.7691e+07 1.7538e+06
0.217 7.0852e+07 1.417e+06
0.218 7.619e+07 1.5238e+06
0.219 8.5603e+07 1.7121e+06
0.22 7.0657e+07 1.4131e+06
0.221 7.4927e+07 1.4985e+06
0.222 9.1591e+07 1.8318e+06
0.223 7.0699e+07 1.414e+06
0.224 6.6554e+07 1.3311e+06
0.225 6.3635e+07 1.2727e+06
0.226 6.6799e+07 1.336e+06
0.227 6.4182e+07 1.2836e+06
0.228 6.5817e+07 1.3163e+06
0.229 4.3841e+07 8.7682e+05
0.23 4.9786e+07 9.9572e+05
0.231 6.5344e+07 1.3069e+06
0.232 6.2603e+07 1.2521e+06
0.233 4.2017e+07 8.4034e+05
0.234 7.306e+07 1.4612e+06
0.235 6.4712e+07 1.2942e+06
0.236 5.4325e+07 1.0865e+06
0.237 4.9713e+07 9.9426e+05
0.238 5.6761e+07 1.1352e+06
0.239 5.0817e+07 1.0163e+06
0.24 5.4028e+07 1.0806e+06
0.241 4.233e+07 8.466e+05
0.242 4.1357e+07 8.2715e+05
0.243 5.6256e+07 1.1251e+06
0.244 3.7232e+07 7.4465e+05
0.245 4.5663e+07 9.1326e+05
0.246 5.8271e+07 1.1654e+06
0.247 5.3659e+07 1.0732e+06
0.248 3.5474e+07 7.0949e+05
0.249 5.6164e+07 1.1233e+06
0.25 5.2137e+07 1.0427e+06
0.251 4.1307e+07 8.2614e+05
0.252 5.4913e+07 1.0983e+06
0.253 5.7094e+07 1.1419e+06
0.254 5.1445e+07 1.0289e+06
0.255 4.9235e+07 9.847e+05
0.256 3.8703e+07 7.7407e+05
0.257 3.6761e+07 7.3522e+05
0.258 3.702e+07 7.404e+05
0.259 4.6735e+07 9.3471e+05
0.26 3.9331e+07 7.8662e+05
0.261 4.2234e+07 8.4468e+05
0.262 3.8693e+07 7.7385e+05
0.263 3.9327e+07 7.8654e+05
0.264 3.1671e+07 6.3341e+05
0.265 4.1328e+07 8.2655e+05
0.266 3.4733e+07 6.9466e+05
0.267 2.9907e+07 5.9815e+05
0.268 3.551e+07 7.1021e+05
0.269 2.9153e+07 5.8306e+05
0.27 2.7676e+07 5.5351e+05
0.271 3.0915e+07 6.1831e+05
0.272 3.2983e+07 6.5966e+05
0.273 4.0773e+07 8.1546e+05
0.274 2.6472e+07 5.2944e+05
0.275 2.5744e+07 5.1489e+05
0.276 3.0243e+07 6.0487e+05
0.277 3.7311e+07 7.4622e+05
0.278 1.3967e+07 2.7933e+05
0.279 1.848e+07 3.696e+05
0.28 2.2953e+07 4.5906e+05
0.281 2.5883e+07 5.1766e+05
0.282 2.1709e+07 4.3419e+05
0.283 3.2324e+07 6.4649e+05
0.284 2.5304e+07 5.0609e+05
0.285 2.3964e+07 4.7928e+05
0.286 1.7005e+07 3.4011e+05
0.287 3.1762e+07 6.3523e+05
0.288 2.6858e+07 5.3716e+05
0.289 1.4931e+07 2.9861e+05
0.29 1.1309e+07 2.2618e+05
0.291 2.3935e+07 4.787e+05
0.292 1.0876e+07 2.1752e+05
0.293 2.7675e+07 5.535e+05
0.294 2.6575e+07 5.3151e+05
0.295 1.7005e+07 3.4009e+05
0.296 2.2161e+07 4.4322e+05
0.297 1.3084e+07 2.6168e+05
0.298 -3.2243e+05 -6448.6
0.299 1.2384e+07 2.4769e+05
0.3 1.4776e+07 2.9552e+05
0.301 2.1025e+07 4.2049e+05
0.302 1.5229e+07 3.0458e+05
0.303 2.9239e+07 5.8477e+05
0.304 1.6133e+07 3.2266e+05
0.305 1.3454e+07 2.6909e+05
0.306 2.7596e+07 5.5193e+05
0.307 2.2699e+07 4.5397e+05
0.308 1.8875e+07 3.775e+05
0.309 2.3548e+07 4.7096e+05
0.31 1.2694e+07 2.5388e+05
0.311 2.3568e+07 4.7136e+05
0.312 2.0644e+07 4.1288e+05
0.313 2.3404e+07 4.6808e+05
0.314 2.2135e+07 4.4269e+05
0.315 1.3085e+07 2.617e+05
0.316 2.1884e+07 4.3769e+05
0.317 2.248e+07 4.496e+05
0.318 2.0347e+07 4.0695e+05
0.319 2.768e+07 5.5359e+05
0.32 1.4734e+07 2.9468e+05
0.321 1.5575e+07 3.1151e+05
0.322 8.2905e+06 1.6581e+05
0.323 2.3439e+07 4.6877e+05
0.324 1.6814e+07 3.3629e+05
0.325 1.1877e+07 2.3753e+05
0.326 2.1366e+07 4.2733e+05
0.327 1.3002e+07 2.6004e+05
0.328 6.2399e+06 1.248e+05
0.329 2.0837e+07 4.1674e+05
0.33 1.2805e+07 2.561e+05
0.331 1.7462e+07 3.4924e+05
0.332 2.6682e+07 5.3365e+05
0.333 2.1508e+07 4.3016e+05
0.334 1.455e+07 2.9101e+05
0.335 1.6684e+07 3.3369e+05
0.336 1.1711e+07 2.3422e+05
0.337 2.2921e+07 4.5842e+05
0.338 1.6963e+07 3.3926e+05
0.339 9.7389e+06 1.9478e+05
0.34 2.9615e+07 5.9231e+05
0.341 1.7459e+07 3.4917e+05
0.342 1.2111e+07 2.4222e+05
0.343 2.1515e+07 4.303e+05
0.344 1.7944e+07 3.5888e+05
0.345 2.7269e+07 5.4538e+05
0.346 1.6872e+07 3.3743e+05
0.347 2.3285e+07 4.657e+05
0.348 1.4204e+07 2.8408e+05
0.349 8.9786e+06 1.7957e+05
0.35 2.3228e+07 4.6457e+05
0.351 1.2477e+07 2.4955e+05
0.352 1.048e+07 2.0959e+05
0.353 1.1082e+07 2.2163e+05
0.354 2.0257e+07 4.0514e+05
0.355 1.9366e+07 3.8732e+05
0.356 1.3825e+07 2.7651e+05
0.357 1.5607e+07 3.1214e+05
0.358 6.5839e+06 1.3168e+05
0.359 3.999e+06 79979
0.36 1.7434e+07 3.4868e+05
0.361 1.57e+07 3.1401e+05
0.362 1.111e+07 2.222e+05
0.363 1.8074e+07 3.6149e+05
0.364 1.6006e+07 3.2012e+05
0.365 1.4656e+07 2.9312e+05
0.366 1.012e+07 2.0241e+05
0.367 8.7015e+06 1.7403e+05
0.368 1.6282e+07 3.2565e+05
0.369 2.4756e+07 4.9513e+05
0.37 1.6788e+07 3.3577e+05
0.371 1.5176e+07 3.0351e+05
0.372 1.2252e+07 2.4503e+05
0.373 1.0619e+07 2.1237e+05
0.374 1.6642e+07 3.3283e+05
0.375 1.1887e+07 2.3775e+05
0.376 1.4138e+07 2.8276e+05
0.377 1.8907e+07 3.7814e+05
0.378 1.0462e+07 2.0924e+05
0.379 1.9973e+07 3.9946e+05
0.38 6.5557e+06 1.3111e+05
0.381 1.7544e+07 3.5088e+05
0.382 8.9795e+06 1.7959e+05
0.383 2.0446e+07 4.0892e+05
0.384 1.5225e+07 3.045e+05
0.385 2.461e+07 4.922e+05
0.386 1.2648e+07 2.5295e+05
0.387 1.083e+07 2.1659e+05
0.388 2.2065e+07 4.4131e+05
0.389 1.0864e+07 2.1728e+05
0.39 1.5809e+07 3.1617e+05
0.391 1.2452e+07 2.4904e+05
0.392 2.2682e+07 4.5363e+05
0.393 1.6485e+07 3.2969e+05
0.394 2.4113e+07 4.8226e+05
0.395 3.6361e+06 72721
0.396 1.3552e+07 2.7105e+05
0.397 1.8798e+07 3.7596e+05
0.398 1.4328e+07 2.8656e+05
0.399 9.7653e+06 1.9531e+05
0.4 2.5115e+07 5.023e+05
0.401 1.8917e+07 3.7834e+05
0.402 2.7523e+07 5.5045e+05
0.403 1.06e+07 2.12e+05
0.404 1.2228e+07 2.4456e+05
0.405 1.5684e+07 3.1367e+05
0.406 1.2469e+07 2.4938e+05
0.407 2.1644e+07 4.3287e+05
0.408 2.0217e+07 4.0434e+05
0.409 2.1731e+07 4.3462e+05
0.41 1.7533e+07 3.5065e+05
0.411 1.397e+07 2.794e+05
0.412 1.0013e+07 2.0027e+05
0.413 1.2358e+07 2.4715e+05
0.414 1.1561e+07 2.3123e+05
0.415 1.7133e+07 3.4266e+05
0.416 2.5714e+07 5.1427e+05
0.417 1.1125e+07 2.225e+05
0.418 1.97e+07 3.9399e+05
0.419 1.6309e+07 3.2617e+05
0.42 1.6165e+07 3.2329e+05
0.421 9.5681e+06 1.9136e+05
0.422 1.6851e+07 3.3702e+05
0.423 1.4529e+07 2.9057e+05
0.424 1.3031e+07 2.6062e+05
0.425 1.5544e+07 3.1088e+05
0.426 2.1074e+07 4.2148e+05
0.427 2.297e+07 4.594e+05
0.428 1.7263e+07 3.4526e+05
0.429 1.504e+07 3.0079e+05
0.43 2.863e+07 5.726e+05
0.431 9.9036e+06 1.9807e+05
0.432 1.6918e+07 3.3836e+05
0.433 5.942e+06 1.1884e+05
0.434 2.1508e+07 4.3017e+05
0.435 1.5553e+07 3.1106e+05
0.436 2.2017e+07 4.4034e+05
0.437 1.7192e+07 3.4383e+05
0.438 2.5402e+07 5.0804e+05
0.439 1.3828e+07 2.7656e+05
0.44 1.8689e+07 3.7377e+05
0.441 1.7771e+07 3.5542e+05
0.442 7.5216e+06 1.5043e+05
0.443 1.3772e+07 2.7544e+05
0.444 1.1613e+07 2.3227e+05
0.445 1.3152e+07 2.6303e+05
0.446 6.3076e+06 1.2615e+05
0.447 1.9975e+07 3.995e+05
0.448 1.6838e+07 3.3676e+05
0.449 1.3512e+07 2.7023e+05
0.45 1.3944e+07 2.7888e+05
0.451 1.6216e+07 3.2431e+05
0.452 1.3151e+07 2.6303e+05
0.453 2.2417e+07 4.4833e+05
0.454 6.2948e+06 1.259e+05
0.455 1.3186e+07 2.6372e+05
0.456 5.579e+06 1.1158e+05
0.457 1.6089e+07 3.2178e+05
0.458 9.4071e+06 1.8814e+05
0.459 1.4079e+07 2.8158e+05
0.46 1.8794e+07 3.7588e+05
0.461 1.5577e+07 3.1154e+05
0.462 1.1875e+07 2.3749e+05
0.463 3.4398e+07 6.8795e+05
0.464 4.827e+06 96540
0.465 1.3526e+07 2.7052e+05
0.466 1.5621e+07 3.1243e+05
0.467 1.1055e+07 2.2109e+05
0.468 1.8116e+07 3.6231e+05
0.469 9.5006e+06 1.9001e+05
0.47 1.5314e+07 3.0627e+05
0.471 1.5034e+07 3.0068e+05
0.472 3.0672e+07 6.1345e+05
0.473 1.7026e+07 3.4051e+05
0.474 1.6216e+07 3.2433e+05
0.475 1.0606e+07 2.1211e+05
0.476 2.002e+07 4.0041e+05
0.477 1.8654e+07 3.7308e+05
0.478 1.6584e+07 3.3167e+05
0.479 1.006e+07 2.012e+05
0.48 1.5366e+07 3.0733e+05
0.481 4.4108e+06 88217
0.482 2.1864e+07 4.3727e+05
0.483 1.7821e+07 3.5641e+05
0.484 9.3437e+06 1.8687e+05
0.485 1.8699e+07 3.7398e+05
0.486 5.3112e+06 1.0622e+05
0.487 1.3425e+07 2.6851e+05
0.488 1.6716e+07 3.3433e+05
0.489 2.0207e+07 4.0415e+05
0.49 1.5032e+07 3.0063e+05
0.491 1.4022e+07 2.8044e+05
0.492 1.3339e+07 2.6678e+05
0.493 2.3946e+07 4.7891e+05
0.494 1.3516e+07 2.7033e+05
0.495 2.2154e+06 44309
0.496 1.7484e+07 3.4967e+05
0.497 2.4472e+07 4.8945e+05
0.498 1.702e+07 3.404e+05
0.499 1.1578e+07 2.3155e+05
0.5 2.1624e+07 4.3248e+05
