0.001 5.2408e+09 3.3396e+08
0.002 5.3141e+09 2.3613e+08
0.003 5.2378e+09 1.9277e+08
0.004 5.0129e+09 1.6691e+08
0.005 5.1229e+09 1.4926e+08
0.006 5.1259e+09 1.3621e+08
0.007 5.1937e+09 1.2607e+08
0.008 5.3079e+09 1.1788e+08
0.009 5.3467e+09 1.1109e+08
0.01 5.2869e+09 1.0533e+08
0.011 5.3316e+09 1.0038e+08
0.012 5.2793e+09 9.6045e+07
0.013 5.1837e+09 9.2217e+07
0.014 5.1728e+09 8.88e+07
0.015 5.0828e+09 8.5724e+07
0.016 5.3993e+09 8.2935e+07
0.017 4.9894e+09 8.039e+07
0.018 5.0792e+09 7.8054e+07
0.019 4.9877e+09 7.5899e+07
0.02 5.0704e+09 7.3903e+07
0.021 5.0752e+09 7.2046e+07
0.022 5.0497e+09 7.0311e+07
0.023 5.0653e+09 6.8686e+07
0.024 4.9978e+09 6.7159e+07
0.025 5.0983e+09 6.572e+07
0.026 5.1083e+09 6.4359e+07
0.027 5.0259e+09 6.3071e+07
0.028 4.8712e+09 6.1848e+07
0.029 4.8939e+09 6.0684e+07
0.03 5.0079e+09 5.9575e+07
0.031 4.8707e+09 5.8517e+07
0.032 4.7513e+09 5.7504e+07
0.033 4.7939e+09 5.6534e+07
0.034 4.6826e+09 5.5603e+07
0.035 4.8139e+09 5.4709e+07
0.036 4.7484e+09 5.3848e+07
0.037 4.6447e+09 5.302e+07
0.038 4.6704e+09 5.2221e+07
0.039 4.5607e+09 5.1449e+07
0.04 4.5753e+09 5.0704e+07
0.041 4.5409e+09 4.9983e+07
0.042 4.5384e+09 4.9285e+07
0.043 4.4217e+09 4.8608e+07
0.044 4.5217e+09 4.7952e+07
0.045 4.3621e+09 4.7315e+07
0.046 4.3323e+09 4.6696e+07
0.047 4.2167e+09 4.6095e+07
0.048 4.2708e+09 4.5509e+07
0.049 4.2694e+09 4.494e+07
0.05 4.1714e+09 4.4385e+07
0.051 4.1816e+09 4.3844e+07
0.052 4.1388e+09 4.3317e+07
0.053 4.075e+09 4.2802e+07
0.054 4.0833e+09 4.23e+07
0.055 3.9776e+09 4.181e+07
0.056 3.9283e+09 4.133e+07
0.057 3.9092e+09 4.0862e+07
0.058 3.8463e+09 4.0404e+07
0.059 3.7961e+09 3.9955e+07
0.06 3.7476e+09 3.9517e+07
0.061 3.819e+09 3.9087e+07
0.062 3.692e+09 3.8666e+07
0.063 3.7021e+09 3.8254e+07
0.064 3.6475e+09 3.785e+07
0.065 3.5675e+09 3.7454e+07
0.066 3.5159e+09 3.7066e+07
0.067 3.4634e+09 3.6685e+07
0.068 3.5543e+09 3.6311e+07
0.069 3.3929e+09 3.5945e+07
0.07 3.3737e+09 3.5585e+07
0.071 3.3459e+09 3.5231e+07
0.072 3.3452e+09 3.4884e+07
0.073 3.2464e+09 3.4543e+07
0.074 3.2435e+09 3.4208e+07
0.075 3.1736e+09 3.3879e+07
0.076 3.0758e+09 3.3556e+07
0.077 3.0117e+09 3.3238e+07
0.078 2.9767e+09 3.2926e+07
0.079 2.9962e+09 3.2619e+07
0.08 2.9678e+09 3.2317e+07
0.081 2.8556e+09 3.202e+07
0.082 2.8349e+09 3.1728e+07
0.083 2.8567e+09 3.1441e+07
0.084 2.7932e+09 3.1159e+07
0.085 2.7251e+09 3.0881e+07
0.086 2.6309e+09 3.0607e+07
0.087 2.6686e+09 3.0338e+07
0.088 2.6152e+09 3.0074e+07
0.089 2.5201e+09 2.9813e+07
0.09 2.4681e+09 2.9557e+07
0.091 2.5033e+09 2.9305e+07
0.092 2.4193e+09 2.9057e+07
0.093 2.4028e+09 2.8812e+07
0.094 2.3815e+09 2.8572e+07
0.095 2.338e+09 2.8335e+07
0.096 2.2932e+09 2.8102e+07
0.097 2.1966e+09 2.7873e+07
0.098 2.2505e+09 2.7647e+07
0.099 2.1453e+09 2.7425e+07
0.1 2.1453e+09 2.7206e+07
0.101 2.0834e+09 2.6991e+07
0.102 2.071e+09 2.6779e+07
0.103 2.0481e+09 2.657e+07
0.104 1.9948e+09 2.6365e+07
0.105 1.9425e+09 2.6163e+07
0.106 1.8699e+09 2.5964e+07
0.107 1.8815e+09 2.5768e+07
0.108 1.8341e+09 2.5575e+07
0.109 1.7339e+09 2.5385e+07
0.11 1.7603e+09 2.5198e+07
0.111 1.7157e+09 2.5014e+07
0.112 1.7209e+09 2.4833e+07
0.113 1.6912e+09 2.4655e+07
0.114 1.6639e+09 2.448e+07
0.115 1.6035e+09 2.4307e+07
0.116 1.5659e+09 2.4137e+07
0.117 1.5707e+09 2.397e+07
0.118 1.5129e+09 2.3805e+07
0.119 1.4925e+09 2.3643e+07
0.12 1.4285e+09 2.3484e+07
0.121 1.4344e+09 2.3327e+07
0.122 1.3607e+09 2.3172e+07
0.123 1.4022e+09 2.302e+07
0.124 1.3907e+09 2.2871e+07
0.125 1.3402e+09 2.2724e+07
0.126 1.265e+09 2.2579e+07
0.127 1.2901e+09 2.2436e+07
0.128 1.2526e+09 2.2296e+07
0.129 1.193e+09 2.2158e+07
0.13 1.2039e+09 2.2022e+07
0.131 1.1545e+09 2.1889e+07
0.132 1.1606e+09 2.1757e+07
0.133 1.111e+09 2.1628e+07
0.134 1.147e+09 2.1501e+07
0.135 1.0997e+09 2.1376e+07
0.136 1.068e+09 2.1253e+07
0.137 1.0475e+09 2.1131e+07
0.138 1.0258e+09 2.1012e+07
0.139 9.8176e+08 2.0895e+07
0.14 9.5001e+08 2.078e+07
0.141 9.6745e+08 2.0666e+07
0.142 9.4949e+08 2.0555e+07
0.143 9.2227e+08 2.0445e+07
0.144 8.7271e+08 2.0337e+07
0.145 8.9501e+08 2.023e+07
0.146 8.4823e+08 2.0126e+07
0.147 8.1227e+08 2.0023e+07
0.148 8.5312e+08 1.9922e+07
0.149 8.3307e+08 1.9822e+07
0.15 7.8833e+08 1.9724e+07
0.151 7.8266e+08 1.9627e+07
0.152 7.3095e+08 1.9532e+07
0.153 7.4362e+08 1.9439e+07
0.154 7.5658e+08 1.9347e+07
0.155 7.2566e+08 1.9257e+07
0.156 6.9096e+08 1.9168e+07
0.157 7.0793e+08 1.908e+07
0.158 6.9641e+08 1.8994e+07
0.159 6.6318e+08 1.8909e+07
0.16 6.617e+08 1.8826e+07
0.161 6.3704e+08 1.8743e+07
0.162 6.2018e+08 1.8662e+07
0.163 6.1834e+08 1.8583e+07
0.164 6.4357e+08 1.8504e+07
0.165 6.0239e+08 1.8427e+07
0.166 5.62e+08 1.8351e+07
0.167 5.2065e+08 1.8276e+07
0.168 5.7488e+08 1.8202e+07
0.169 5.4834e+08 1.813e+07
0.17 5.4209e+08 1.8058e+07
0.171 5.049e+08 1.7988e+07
0.172 5.308e+08 1.7918e+07
0.173 5.0799e+08 1.785e+07
0.174 5.1897e+08 1.7782e+07
0.175 5.1244e+08 1.7716e+07
0.176 4.9721e+08 1.765e+07
0.177 4.7769e+08 1.7586e+07
0.178 4.6826e+08 1.7522e+07
0.179 4.7538e+08 1.7459e+07
0.18 5.029e+08 1.7397e+07
0.181 4.447e+08 1.7336e+07
0.182 4.3594e+08 1.7276e+07
0.183 4.3597e+08 1.7217e+07
0.184 4.3893e+08 1.7158e+07
0.185 4.2204e+08 1.7101e+07
0.186 4.1575e+08 1.7043e+07
0.187 4.3063e+08 1.6987e+07
0.188 4.3483e+08 1.6932e+07
0.189 4.3262e+08 1.6877e+07
0.19 4.4092e+08 1.6823e+07
0.191 3.7234e+08 1.6769e+07
0.192 4.095e+08 1.6717e+07
0.193 3.7974e+08 1.6664e+07
0.194 4.1484e+08 1.6613e+07
0.195 3.8372e+08 1.6562e+07
0.196 3.8857e+08 1.6512e+07
0.197 3.9357e+08 1.6462e+07
0.198 3.6592e+08 1.6413e+07
0.199 3.8278e+08 1.6365e+07
0.2 3.5486e+08 1.6317e+07
0.201 3.6219e+08 1.6269e+07
0.202 3.5529e+08 1.6222e+07
0.203 3.6123e+08 1.6176e+07
0.204 3.6302e+08 1.613e+07
0.205 3.5886e+08 1.6085e+07
0.206 3.3479e+08 1.604e+07
0.207 3.6722e+08 1.5995e+07
0.208 3.5717e+08 1.5951e+07
0.209 3.5633e+08 1.5908e+07
0.21 3.2052e+08 1.5865e+07
0.211 3.1523e+08 1.5822e+07
0.212 3.3931e+08 1.578e+07
0.213 3.3231e+08 1.5738e+07
0.214 3.2219e+08 1.5696e+07
0.215 3.1973e+08 1.5655e+07
0.216 3.3991e+08 1.5615e+07
0.217 3.4348e+08 1.5574e+07
0.218 3.3536e+08 1.5534e+07
0.219 3.0987e+08 1.5495e+07
0.22 2.9748e+08 1.5456e+07
0.221 3.2604e+08 1.5417e+07
0.222 3.0808e+08 1.5378e+07
0.223 2.9259e+08 1.534e+07
0.224 2.8475e+08 1.5302e+07
0.225 3.2292e+08 1.5264e+07
0.226 2.9304e+08 1.5227e+07
0.227 2.9724e+08 1.519e+07
0.228 2.9439e+08 1.5153e+07
0.229 2.6017e+08 1.5117e+07
0.23 2.7258e+08 1.508e+07
0.231 2.4335e+08 1.5044e+07
0.232 2.682e+08 1.5009e+07
0.233 2.6495e+08 1.4973e+07
0.234 2.942e+08 1.4938e+07
0.235 2.8307e+08 1.4903e+07
0.236 2.63e+08 1.4869e+07
0.237 2.7409e+08 1.4834e+07
0.238 2.8133e+08 1.48e+07
0.239 2.6167e+08 1.4766e+07
0.24 3.0113e+08 1.4732e+07
0.241 2.3971e+08 1.4699e+07
0.242 2.4046e+08 1.4666e+07
0.243 2.7924e+08 1.4633e+07
0.244 2.4887e+08 1.46e+07
0.245 2.6081e+08 1.4567e+07
0.246 2.3738e+08 1.4535e+07
0.247 2.3939e+08 1.4502e+07
0.248 2.3161e+08 1.447e+07
0.249 2.6874e+08 1.4439e+07
0.25 2.4098e+08 1.4407e+07
0.251 2.4857e+08 1.4375e+07
0.252 2.6539e+08 1.4344e+07
0.253 2.7907e+08 1.4313e+07
0.254 2.3338e+08 1.4282e+07
0.255 2.5875e+08 1.4251e+07
0.256 2.4336e+08 1.4221e+07
0.257 2.5523e+08 1.419e+07
0.258 2.4317e+08 1.416e+07
0.259 2.4234e+08 1.413e+07
0.26 2.4892e+08 1.41e+07
0.261 2.7165e+08 1.4071e+07
0.262 2.2131e+08 1.4041e+07
0.263 2.5446e+08 1.4012e+07
0.264 2.3084e+08 1.3982e+07
0.265 2.0604e+08 1.3953e+07
0.266 2.3535e+08 1.3924e+07
0.267 2.3531e+08 1.3895e+07
0.268 2.2241e+08 1.3867e+07
0.269 1.9811e+08 1.3838e+07
0.27 2.1133e+08 1.381e+07
0.271 2.1035e+08 1.3782e+07
0.272 2.1174e+08 1.3754e+07
0.273 2.3103e+08 1.3726e+07
0.274 2.1592e+08 1.3698e+07
0.275 2.0576e+08 1.367e+07
0.276 1.8404e+08 1.3643e+07
0.277 2.0976e+08 1.3616e+07
0.278 2.0555e+08 1.3588e+07
0.279 2.0054e+08 1.3561e+07
0.28 1.9306e+08 1.3534e+07
0.281 2.1432e+08 1.3508e+07
0.282 1.8449e+08 1.3481e+07
0.283 1.6783e+08 1.3455e+07
0.284 1.8034e+08 1.3428e+07
0.285 1.9714e+08 1.3402e+07
0.286 1.6842e+08 1.3376e+07
0.287 1.8672e+08 1.335e+07
0.288 1.8836e+08 1.3324e+07
0.289 1.8737e+08 1.3298e+07
0.29 1.6537e+08 1.3273e+07
0.291 1.825e+08 1.3247e+07
0.292 1.5583e+08 1.3222e+07
0.293 1.7615e+08 1.3197e+07
0.294 1.8198e+08 1.3171e+07
0.295 1.9285e+08 1.3146e+07
0.296 1.9374e+08 1.3122e+07
0.297 1.7724e+08 1.3097e+07
0.298 1.6761e+08 1.3072e+07
0.299 1.5891e+08 1.3048e+07
0.3 1.7222e+08 1.3024e+07
0.301 1.4739e+08 1.2999e+07
0.302 1.7671e+08 1.2975e+07
0.303 1.6254e+08 1.2951e+07
0.304 1.5036e+08 1.2927e+07
0.305 1.7019e+08 1.2904e+07
0.306 1.573e+08 1.288e+07
0.307 1.408e+08 1.2857e+07
0.308 1.6031e+08 1.2833e+07
0.309 1.3922e+08 1.281e+07
0.31 1.8342e+08 1.2787e+07
0.311 1.7076e+08 1.2764e+07
0.312 1.2724e+08 1.2741e+07
0.313 1.2077e+08 1.2718e+07
0.314 1.5613e+08 1.2696e+07
0.315 1.4495e+08 1.2673e+07
0.316 1.2177e+08 1.2651e+07
0.317 1.2442e+08 1.2628e+07
0.318 1.4022e+08 1.2606e+07
0.319 1.3574e+08 1.2584e+07
0.32 1.3416e+08 1.2562e+07
0.321 1.3804e+08 1.2541e+07
0.322 1.2981e+08 1.2519e+07
0.323 1.2787e+08 1.2497e+07
0.324 1.1409e+08 1.2476e+07
0.325 1.1301e+08 1.2455e+07
0.326 1.2255e+08 1.2433e+07
0.327 1.2836e+08 1.2412e+07
0.328 1.1816e+08 1.2391e+07
0.329 1.1503e+08 1.237e+07
0.33 1.1118e+08 1.235e+07
0.331 1.1397e+08 1.2329e+07
0.332 1.0799e+08 1.2308e+07
0.333 9.9483e+07 1.2288e+07
0.334 1.2379e+08 1.2268e+07
0.335 1.0849e+08 1.2247e+07
0.336 8.9465e+07 1.2227e+07
0.337 1.016e+08 1.2207e+07
0.338 1.0092e+08 1.2188e+07
0.339 1.0685e+08 1.2168e+07
0.34 1.3068e+08 1.2148e+07
0.341 9.6264e+07 1.2129e+07
0.342 8.7969e+07 1.2109e+07
0.343 9.8698e+07 1.209e+07
0.344 1.0177e+08 1.2071e+07
0.345 8.4463e+07 1.2052e+07
0.346 1.0808e+08 1.2033e+07
0.347 9.8016e+07 1.2014e+07
0.348 9.0961e+07 1.1995e+07
0.349 6.5285e+07 1.1976e+07
0.35 1.0293e+08 1.1958e+07
0.351 1.0348e+08 1.1939e+07
0.352 8.2415e+07 1.1921e+07
0.353 1.0258e+08 1.1903e+07
0.354 1.0202e+08 1.1884e+07
0.355 8.1738e+07 1.1866e+07
0.356 1.0234e+08 1.1848e+07
0.357 1.0252e+08 1.183e+07
0.358 1.0327e+08 1.1813e+07
0.359 8.4652e+07 1.1795e+07
0.36 8.0143e+07 1.1777e+07
0.361 8.3716e+07 1.176e+07
0.362 8.0528e+07 1.1743e+07
0.363 8.5933e+07 1.1725e+07
0.364 8.4006e+07 1.1708e+07
0.365 7.8286e+07 1.1691e+07
0.366 6.5555e+07 1.1674e+07
0.367 7.9012e+07 1.1657e+07
0.368 9.163e+07 1.164e+07
0.369 4.9334e+07 1.1623e+07
0.37 6.3575e+07 1.1607e+07
0.371 6.2978e+07 1.159e+07
0.372 8.0546e+07 1.1574e+07
0.373 6.3573e+07 1.1557e+07
0.374 6.6071e+07 1.1541e+07
0.375 7.9968e+07 1.1525e+07
0.376 6.2204e+07 1.1509e+07
0.377 7.1037e+07 1.1493e+07
0.378 6.6054e+07 1.1477e+07
0.379 8.492e+07 1.1461e+07
0.38 5.6517e+07 1.1445e+07
0.381 8.4446e+07 1.1429e+07
0.382 6.8302e+07 1.1414e+07
0.383 6.2547e+07 1.1398e+07
0.384 6.0726e+07 1.1382e+07
0.385 7.4429e+07 1.1367e+07
0.386 6.332e+07 1.1352e+07
0.387 8.05e+07 1.1336e+07
0.388 8.4389e+07 1.1321e+07
0.389 8.0459e+07 1.1306e+07
0.39 6.5524e+07 1.1291e+07
0.391 6.3787e+07 1.1276e+07
0.392 6.2496e+07 1.1261e+07
0.393 5.7504e+07 1.1246e+07
0.394 5.4766e+07 1.1232e+07
0.395 5.6968e+07 1.1217e+07
0.396 6.6411e+07 1.1202e+07
0.397 5.1463e+07 1.1188e+07
0.398 6.058e+07 1.1173e+07
0.399 6.1927e+07 1.1159e+07
0.4 6.2559e+07 1.1144e+07
0.401 5.1941e+07 1.113e+07
0.402 6.7553e+07 1.1116e+07
0.403 6.1618e+07 1.1102e+07
0.404 6.9028e+07 1.1087e+07
0.405 4.6183e+07 1.1073e+07
0.406 6.4368e+07 1.1059e+07
0.407 5.7571e+07 1.1045e+07
0.408 5.4341e+07 1.1031e+07
0.409 9.0649e+07 1.1018e+07
0.41 5.9064e+07 1.1004e+07
0.411 5.5284e+07 1.099e+07
0.412 5.6232e+07 1.0976e+07
0.413 5.242e+07 1.0963e+07
0.414 6.8328e+07 1.0949e+07
0.415 4.1657e+07 1.0936e+07
0.416 6.2882e+07 1.0922e+07
0.417 6.392e+07 1.0909e+07
0.418 5.8293e+07 1.0896e+07
0.419 3.7455e+07 1.0882e+07
0.42 6.2473e+07 1.0869e+07
0.421 4.5798e+07 1.0856e+07
0.422 5.109e+07 1.0843e+07
0.423 4.249e+07 1.083e+07
0.424 4.156e+07 1.0817e+07
0.425 5.4855e+07 1.0804e+07
0.426 7.0305e+07 1.0791e+07
0.427 5.9945e+07 1.0778e+07
0.428 6.2861e+07 1.0765e+07
0.429 5.0212e+07 1.0752e+07
0.43 5.3386e+07 1.0739e+07
0.431 5.0205e+07 1.0727e+07
0.432 4.2374e+07 1.0714e+07
0.433 5.5092e+07 1.0701e+07
0.434 6.3269e+07 1.0689e+07
0.435 6.7035e+07 1.0676e+07
0.436 6.8284e+07 1.0664e+07
0.437 6.0705e+07 1.0651e+07
0.438 4.3557e+07 1.0639e+07
0.439 5.4833e+07 1.0627e+07
0.44 5.7303e+07 1.0614e+07
0.441 6.6349e+07 1.0602e+07
0.442 5.1534e+07 1.059e+07
0.443 6.3652e+07 1.0578e+07
0.444 5.6727e+07 1.0565e+07
0.445 5.5393e+07 1.0553e+07
0.446 3.6838e+07 1.0541e+07
0.447 5.1508e+07 1.0529e+07
0.448 4.963e+07 1.0517e+07
0.449 4.5524e+07 1.0505e+07
0.45 3.2808e+07 1.0493e+07
0.451 8.7004e+07 1.0481e+07
0.452 6.755e+07 1.047e+07
0.453 4.4276e+07 1.0458e+07
0.454 3.7553e+07 1.0446e+07
0.455 6.036e+07 1.0434e+07
0.456 5.7787e+07 1.0423e+07
0.457 5.4965e+07 1.0411e+07
0.458 6.9566e+07 1.0399e+07
0.459 3.7376e+07 1.0388e+07
0.46 5.0912e+07 1.0376e+07
0.461 4.433e+07 1.0365e+07
0.462 4.6958e+07 1.0353e+07
0.463 5.0544e+07 1.0342e+07
0.464 4.801e+07 1.033e+07
0.465 5.0562e+07 1.0319e+07
0.466 4.6533e+07 1.0308e+07
0.467 3.6532e+07 1.0296e+07
0.468 4.0762e+07 1.0285e+07
0.469 4.8247e+07 1.0274e+07
0.47 4.1062e+07 1.0263e+07
0.471 5.9822e+07 1.0252e+07
0.472 6.4148e+07 1.0241e+07
0.473 4.8911e+07 1.023e+07
0.474 5.1747e+07 1.0218e+07
0.475 5.139e+07 1.0207e+07
0.476 4.6581e+07 1.0197e+07
0.477 5.8047e+07 1.0186e+07
0.478 4.3603e+07 1.0175e+07
0.479 4.3362e+07 1.0164e+07
0.48 3.1947e+07 1.0153e+07
0.481 5.7955e+07 1.0142e+07
0.482 4.6397e+07 1.0131e+07
0.483 5.0597e+07 1.0121e+07
0.484 4.0947e+07 1.011e+07
0.485 4.5771e+07 1.0099e+07
0.486 4.1332e+07 1.0089e+07
0.487 6.1185e+07 1.0078e+07
0.488 3.8277e+07 1.0068e+07
0.489 5.7607e+07 1.0057e+07
0.49 4.1677e+07 1.0047e+07
0.491 5.2486e+07 1.0036e+07
0.492 4.0451e+07 1.0026e+07
0.493 4.2973e+07 1.0015e+07
0.494 4.439e+07 1.0005e+07
0.495 3.8853e+07 9.9947e+06
0.496 4.9447e+07 9.9844e+06
0.497 2.9439e+07 9.9741e+06
0.498 3.7532e+07 9.9639e+06
0.499 3.9004e+07 9.9537e+06
0.5 2.9309e+07 9.9435e+06
