0.001 1.814e+10 1.0018e+09
0.002 1.9047e+10 7.0828e+08
0.003 1.9112e+10 5.7815e+08
0.004 1.8599e+10 5.005e+08
0.005 1.9323e+10 4.4744e+08
0.006 1.8742e+10 4.082e+08
0.007 1.9165e+10 3.7765e+08
0.008 1.822e+10 3.5296e+08
0.009 1.8612e+10 3.3246e+08
0.01 1.8634e+10 3.1507e+08
0.011 1.801e+10 3.0006e+08
0.012 1.839e+10 2.8692e+08
0.013 1.8062e+10 2.7528e+08
0.014 1.8205e+10 2.6487e+08
0.015 1.8414e+10 2.5548e+08
0.016 1.8236e+10 2.4695e+08
0.017 1.8011e+10 2.3914e+08
0.018 1.8106e+10 2.3195e+08
0.019 1.7855e+10 2.2531e+08
0.02 1.752e+10 2.1914e+08
0.021 1.7904e+10 2.1338e+08
0.022 1.7933e+10 2.0798e+08
0.023 1.7114e+10 2.0291e+08
0.024 1.7407e+10 1.9814e+08
0.025 1.7181e+10 1.9362e+08
0.026 1.7185e+10 1.8934e+08
0.027 1.7222e+10 1.8527e+08
0.028 1.708e+10 1.8139e+08
0.029 1.6505e+10 1.7769e+08
0.03 1.6449e+10 1.7415e+08
0.031 1.6488e+10 1.7077e+08
0.032 1.5866e+10 1.6751e+08
0.033 1.5973e+10 1.6439e+08
0.034 1.569e+10 1.6138e+08
0.035 1.5816e+10 1.5848e+08
0.036 1.5732e+10 1.5569e+08
0.037 1.5175e+10 1.5298e+08
0.038 1.5241e+10 1.5037e+08
0.039 1.4951e+10 1.4784e+08
0.04 1.4874e+10 1.4538e+08
0.041 1.4973e+10 1.43e+08
0.042 1.4761e+10 1.4069e+08
0.043 1.4423e+10 1.3844e+08
0.044 1.4391e+10 1.3626e+08
0.045 1.397e+10 1.3413e+08
0.046 1.3882e+10 1.3206e+08
0.047 1.3597e+10 1.3004e+08
0.048 1.347e+10 1.2807e+08
0.049 1.321e+10 1.2615e+08
0.05 1.2928e+10 1.2428e+08
0.051 1.2998e+10 1.2245e+08
0.052 1.2707e+10 1.2066e+08
0.053 1.2578e+10 1.1891e+08
0.054 1.2428e+10 1.172e+08
0.055 1.2133e+10 1.1553e+08
0.056 1.205e+10 1.139e+08
0.057 1.1908e+10 1.1229e+08
0.058 1.1583e+10 1.1072e+08
0.059 1.1683e+10 1.0919e+08
0.06 1.1341e+10 1.0768e+08
0.061 1.113e+10 1.0621e+08
0.062 1.0805e+10 1.0476e+08
0.063 1.076e+10 1.0335e+08
0.064 1.0611e+10 1.0196e+08
0.065 1.0449e+10 1.006e+08
0.066 1.0174e+10 9.9259e+07
0.067 1.0081e+10 9.7949e+07
0.068 9.94e+09 9.6663e+07
0.069 9.637e+09 9.5402e+07
0.07 9.5099e+09 9.4164e+07
0.071 9.1529e+09 9.295e+07
0.072 9.2938e+09 9.1758e+07
0.073 9.1119e+09 9.0589e+07
0.074 8.884e+09 8.9441e+07
0.075 8.7044e+09 8.8315e+07
0.076 8.4637e+09 8.7209e+07
0.077 8.2347e+09 8.6124e+07
0.078 8.185e+09 8.5059e+07
0.079 7.9316e+09 8.4014e+07
0.08 7.7857e+09 8.2988e+07
0.081 7.6067e+09 8.1981e+07
0.082 7.5131e+09 8.0993e+07
0.083 7.4466e+09 8.0023e+07
0.084 7.2612e+09 7.9071e+07
0.085 7.007e+09 7.8137e+07
0.086 6.8697e+09 7.722e+07
0.087 6.7655e+09 7.6321e+07
0.088 6.6118e+09 7.5438e+07
0.089 6.5641e+09 7.4572e+07
0.09 6.5182e+09 7.3723e+07
0.091 6.0981e+09 7.2889e+07
0.092 6.0639e+09 7.2072e+07
0.093 5.897e+09 7.127e+07
0.094 5.7097e+09 7.0483e+07
0.095 5.6856e+09 6.9712e+07
0.096 5.6514e+09 6.8955e+07
0.097 5.442e+09 6.8213e+07
0.098 5.2699e+09 6.7485e+07
0.099 5.1769e+09 6.6772e+07
0.1 5.1485e+09 6.6072e+07
0.101 4.9039e+09 6.5387e+07
0.102 4.7528e+09 6.4714e+07
0.103 4.6333e+09 6.4055e+07
0.104 4.4772e+09 6.3409e+07
0.105 4.541e+09 6.2776e+07
0.106 4.4371e+09 6.2155e+07
0.107 4.3744e+09 6.1547e+07
0.108 4.2714e+09 6.0951e+07
0.109 4.2301e+09 6.0367e+07
0.11 4.1078e+09 5.9794e+07
0.111 4.0413e+09 5.9233e+07
0.112 3.8019e+09 5.8683e+07
0.113 3.7526e+09 5.8144e+07
0.114 3.7297e+09 5.7617e+07
0.115 3.5994e+09 5.7099e+07
0.116 3.5267e+09 5.6593e+07
0.117 3.4445e+09 5.6096e+07
0.118 3.3919e+09 5.561e+07
0.119 3.2175e+09 5.5133e+07
0.12 3.123e+09 5.4666e+07
0.121 3.146e+09 5.4208e+07
0.122 3.0307e+09 5.3759e+07
0.123 2.9206e+09 5.332e+07
0.124 2.8578e+09 5.2889e+07
0.125 2.7626e+09 5.2467e+07
0.126 2.7604e+09 5.2053e+07
0.127 2.7155e+09 5.1648e+07
0.128 2.5433e+09 5.125e+07
0.129 2.5693e+09 5.086e+07
0.13 2.5166e+09 5.0478e+07
0.131 2.503e+09 5.0104e+07
0.132 2.4917e+09 4.9736e+07
0.133 2.4527e+09 4.9376e+07
0.134 2.2577e+09 4.9023e+07
0.135 2.2481e+09 4.8676e+07
0.136 2.1961e+09 4.8336e+07
0.137 2.1322e+09 4.8003e+07
0.138 2.0871e+09 4.7676e+07
0.139 2.0001e+09 4.7355e+07
0.14 1.9999e+09 4.704e+07
0.141 1.8564e+09 4.673e+07
0.142 1.9061e+09 4.6427e+07
0.143 1.8897e+09 4.6129e+07
0.144 1.8292e+09 4.5836e+07
0.145 1.7566e+09 4.5548e+07
0.146 1.8363e+09 4.5266e+07
0.147 1.6681e+09 4.4988e+07
0.148 1.6608e+09 4.4716e+07
0.149 1.7307e+09 4.4448e+07
0.15 1.5576e+09 4.4184e+07
0.151 1.5504e+09 4.3926e+07
0.152 1.5346e+09 4.3671e+07
0.153 1.5213e+09 4.3421e+07
0.154 1.4283e+09 4.3175e+07
0.155 1.3914e+09 4.2933e+07
0.156 1.4635e+09 4.2695e+07
0.157 1.3679e+09 4.246e+07
0.158 1.3683e+09 4.223e+07
0.159 1.3347e+09 4.2003e+07
0.16 1.2525e+09 4.178e+07
0.161 1.2795e+09 4.156e+07
0.162 1.2032e+09 4.1344e+07
0.163 1.2044e+09 4.1131e+07
0.164 1.1897e+09 4.0921e+07
0.165 1.1486e+09 4.0714e+07
0.166 1.0693e+09 4.0511e+07
0.167 1.0179e+09 4.031e+07
0.168 1.0939e+09 4.0113e+07
0.169 1.0406e+09 3.9918e+07
0.17 1.0221e+09 3.9726e+07
0.171 9.1341e+08 3.9537e+07
0.172 1.0534e+09 3.9351e+07
0.173 9.2683e+08 3.9167e+07
0.174 8.855e+08 3.8986e+07
0.175 8.5989e+08 3.8808e+07
0.176 7.9011e+08 3.8632e+07
0.177 8.5131e+08 3.8459e+07
0.178 8.454e+08 3.8288e+07
0.179 7.7342e+08 3.8119e+07
0.18 8.532e+08 3.7953e+07
0.181 7.4282e+08 3.7789e+07
0.182 7.2352e+08 3.7627e+07
0.183 7.2468e+08 3.7468e+07
0.184 7.05e+08 3.731e+07
0.185 7.7418e+08 3.7155e+07
0.186 7.1474e+08 3.7002e+07
0.187 6.7616e+08 3.6851e+07
0.188 6.4628e+08 3.6703e+07
0.189 6.7182e+08 3.6556e+07
0.19 6.6689e+08 3.6411e+07
0.191 6.4063e+08 3.6268e+07
0.192 6.048e+08 3.6127e+07
0.193 5.6119e+08 3.5988e+07
0.194 5.1234e+08 3.5851e+07
0.195 5.0304e+08 3.5715e+07
0.196 5.2187e+08 3.5582e+07
0.197 5.1804e+08 3.545e+07
0.198 4.6573e+08 3.532e+07
0.199 4.6731e+08 3.5192e+07
0.2 4.9984e+08 3.5065e+07
0.201 5.1075e+08 3.4941e+07
0.202 4.464e+08 3.4817e+07
0.203 4.605e+08 3.4696e+07
0.204 4.5075e+08 3.4576e+07
0.205 4.4977e+08 3.4458e+07
0.206 4.0057e+08 3.4341e+07
0.207 4.3947e+08 3.4226e+07
0.208 3.3329e+08 3.4112e+07
0.209 3.3498e+08 3.4e+07
0.21 3.7698e+08 3.3889e+07
0.211 3.5872e+08 3.378e+07
0.212 3.0772e+08 3.3672e+07
0.213 3.4575e+08 3.3566e+07
0.214 3.3053e+08 3.3461e+07
0.215 3.4099e+08 3.3357e+07
0.216 3.4066e+08 3.3255e+07
0.217 2.6765e+08 3.3154e+07
0.218 2.749e+08 3.3054e+07
0.219 2.7929e+08 3.2956e+07
0.22 2.8294e+08 3.2859e+07
0.221 2.3312e+08 3.2763e+07
0.222 2.6042e+08 3.2668e+07
0.223 2.3277e+08 3.2575e+07
0.224 2.2652e+08 3.2483e+07
0.225 3.1124e+08 3.2392e+07
0.226 3.1242e+08 3.2302e+07
0.227 2.7349e+08 3.2213e+07
0.228 1.7467e+08 3.2125e+07
0.229 1.9344e+08 3.2038e+07
0.23 2.3876e+08 3.1952e+07
0.231 2.1835e+08 3.1868e+07
0.232 2.1698e+08 3.1784e+07
0.233 1.9567e+08 3.1702e+07
0.234 1.7886e+08 3.162e+07
0.235 2.0567e+08 3.1539e+07
0.236 1.8785e+08 3.1459e+07
0.237 9.9975e+07 3.1381e+07
0.238 1.8476e+08 3.1303e+07
0.239 1.8022e+08 3.1226e+07
0.24 1.7849e+08 3.1149e+07
0.241 1.7484e+08 3.1074e+07
0.242 1.4435e+08 3.1e+07
0.243 1.6201e+08 3.0926e+07
0.244 1.7159e+08 3.0853e+07
0.245 1.216e+08 3.0781e+07
0.246 8.9624e+07 3.071e+07
0.247 1.012e+08 3.0639e+07
0.248 1.2652e+08 3.0569e+07
0.249 1.5824e+08 3.05e+07
0.25 7.7018e+07 3.0432e+07
0.251 1.8498e+08 3.0364e+07
0.252 3.498e+07 3.0297e+07
0.253 1.1251e+08 3.0231e+07
0.254 1.6309e+08 3.0165e+07
0.255 1.6301e+08 3.01e+07
0.256 9.9015e+07 3.0036e+07
0.257 1.0377e+08 2.9972e+07
0.258 7.1349e+07 2.9908e+07
0.259 1.0091e+08 2.9846e+07
0.26 9.3956e+07 2.9784e+07
0.261 9.8668e+07 2.9722e+07
0.262 9.5664e+07 2.9661e+07
0.263 1.4714e+08 2.9601e+07
0.264 7.5416e+07 2.9541e+07
0.265 1.1974e+08 2.9482e+07
0.266 9.6039e+07 2.9423e+07
0.267 8.4239e+07 2.9365e+07
0.268 1.2529e+08 2.9307e+07
0.269 1.0013e+08 2.925e+07
0.27 4.0143e+07 2.9193e+07
0.271 1.1166e+08 2.9137e+07
0.272 1.1084e+08 2.9081e+07
0.273 3.3191e+07 2.9025e+07
0.274 1.5282e+08 2.897e+07
0.275 6.5692e+07 2.8916e+07
0.276 9.5958e+07 2.8862e+07
0.277 8.3394e+07 2.8808e+07
0.278 9.1245e+07 2.8755e+07
0.279 8.554e+07 2.8702e+07
0.28 1.3951e+08 2.8649e+07
0.281 6.1416e+07 2.8597e+07
0.282 7.9109e+07 2.8545e+07
0.283 5.8417e+07 2.8494e+07
0.284 9.4326e+07 2.8443e+07
0.285 1.1349e+08 2.8393e+07
0.286 4.2238e+07 2.8342e+07
0.287 5.6545e+07 2.8293e+07
0.288 7.0793e+07 2.8243e+07
0.289 1.096e+08 2.8194e+07
0.29 6.0663e+07 2.8145e+07
0.291 7.0929e+07 2.8097e+07
0.292 9.3066e+07 2.8049e+07
0.293 7.2561e+07 2.8001e+07
0.294 1.251e+08 2.7953e+07
0.295 5.577e+07 2.7906e+07
0.296 1.0074e+08 2.7859e+07
0.297 1.213e+08 2.7813e+07
0.298 5.6869e+07 2.7767e+07
0.299 1.3212e+08 2.7721e+07
0.3 7.0605e+07 2.7675e+07
0.301 5.5982e+07 2.763e+07
0.302 4.3828e+07 2.7585e+07
0.303 1.3665e+08 2.754e+07
0.304 6.5507e+07 2.7495e+07
0.305 7.0712e+07 2.7451e+07
0.306 9.449e+07 2.7407e+07
0.307 7.3869e+07 2.7363e+07
0.308 7.5073e+07 2.732e+07
0.309 9.1393e+07 2.7276e+07
0.31 6.9243e+07 2.7233e+07
0.311 1.3822e+08 2.7191e+07
0.312 7.0831e+07 2.7148e+07
0.313 7.4101e+07 2.7106e+07
0.314 1.4782e+08 2.7064e+07
0.315 6.0882e+07 2.7022e+07
0.316 3.717e+07 2.6981e+07
0.317 1.0304e+08 2.6939e+07
0.318 2.5313e+07 2.6898e+07
0.319 1.1054e+08 2.6857e+07
0.32 1.1168e+08 2.6816e+07
0.321 4.4032e+07 2.6776e+07
0.322 1.163e+08 2.6736e+07
0.323 1.3017e+08 2.6695e+07
0.324 1.0595e+08 2.6656e+07
0.325 1.3195e+08 2.6616e+07
0.326 1.1025e+08 2.6576e+07
0.327 1.3731e+08 2.6537e+07
0.328 1.1202e+08 2.6498e+07
0.329 6.6684e+07 2.6459e+07
0.33 1.0363e+08 2.642e+07
0.331 9.5514e+07 2.6381e+07
0.332 8.7781e+07 2.6343e+07
0.333 1.294e+08 2.6304e+07
0.334 9.6045e+07 2.6266e+07
0.335 5.8846e+07 2.6228e+07
0.336 1.2215e+08 2.619e+07
0.337 1.0678e+08 2.6153e+07
0.338 1.0312e+08 2.6115e+07
0.339 8.4957e+07 2.6078e+07
0.34 1.4865e+08 2.604e+07
0.341 1.2379e+08 2.6003e+07
0.342 1.4701e+08 2.5966e+07
0.343 1.1918e+08 2.5929e+07
0.344 8.164e+07 2.5893e+07
0.345 1.1517e+08 2.5856e+07
0.346 9.7105e+07 2.582e+07
0.347 1.0388e+08 2.5783e+07
0.348 9.8301e+07 2.5747e+07
0.349 9.8095e+07 2.5711e+07
0.35 1.2866e+08 2.5675e+07
0.351 9.6439e+07 2.5639e+07
0.352 9.7377e+07 2.5604e+07
0.353 1.1919e+08 2.5568e+07
0.354 1.2342e+08 2.5533e+07
0.355 8.4113e+07 2.5497e+07
0.356 1.4803e+08 2.5462e+07
0.357 1.2145e+08 2.5427e+07
0.358 1.143e+08 2.5392e+07
0.359 1.2434e+08 2.5357e+07
0.36 1.089e+08 2.5322e+07
0.361 1.1078e+08 2.5287e+07
0.362 1.1644e+08 2.5253e+07
0.363 1.3305e+08 2.5218e+07
0.364 1.0551e+08 2.5184e+07
0.365 1.5543e+08 2.515e+07
0.366 8.0569e+07 2.5115e+07
0.367 1.2508e+08 2.5081e+07
0.368 1.2857e+08 2.5047e+07
0.369 1.2348e+08 2.5013e+07
0.37 7.2799e+07 2.498e+07
0.371 1.1129e+08 2.4946e+07
0.372 1.0522e+08 2.4912e+07
0.373 9.482e+07 2.4879e+07
0.374 1.0425e+08 2.4846e+07
0.375 9.359e+07 2.4812e+07
0.376 1.0544e+08 2.4779e+07
0.377 1.5313e+08 2.4746e+07
0.378 1.2237e+08 2.4713e+07
0.379 9.9801e+07 2.468e+07
0.38 1.1067e+08 2.4647e+07
0.381 1.1409e+08 2.4615e+07
0.382 1.8982e+08 2.4582e+07
0.383 1.1143e+08 2.4549e+07
0.384 1.2556e+08 2.4517e+07
0.385 1.1157e+08 2.4485e+07
0.386 1.1723e+08 2.4453e+07
0.387 8.779e+07 2.442e+07
0.388 1.3026e+08 2.4388e+07
0.389 1.2587e+08 2.4357e+07
0.39 1.246e+08 2.4325e+07
0.391 5.9338e+07 2.4293e+07
0.392 1.1548e+08 2.4261e+07
0.393 1.4403e+08 2.423e+07
0.394 8.2192e+07 2.4198e+07
0.395 9.9169e+07 2.4167e+07
0.396 1.1004e+08 2.4136e+07
0.397 1.2011e+08 2.4105e+07
0.398 1.2166e+08 2.4074e+07
0.399 1.0075e+08 2.4043e+07
0.4 8.8629e+07 2.4012e+07
0.401 1.1834e+08 2.3981e+07
0.402 1.0594e+08 2.3951e+07
0.403 1.3956e+08 2.392e+07
0.404 1.1427e+08 2.389e+07
0.405 9.2521e+07 2.3859e+07
0.406 1.2933e+08 2.3829e+07
0.407 1.4158e+08 2.3799e+07
0.408 9.5879e+07 2.3769e+07
0.409 1.4467e+08 2.3739e+07
0.41 5.2706e+07 2.3709e+07
0.411 7.719e+07 2.368e+07
0.412 1.2652e+08 2.365e+07
0.413 9.4114e+07 2.3621e+07
0.414 7.9685e+07 2.3591e+07
0.415 1.1412e+08 2.3562e+07
0.416 9.1052e+07 2.3533e+07
0.417 9.4502e+07 2.3504e+07
0.418 1.0675e+08 2.3475e+07
0.419 6.7995e+07 2.3446e+07
0.42 8.4513e+07 2.3417e+07
0.421 1.0382e+08 2.3388e+07
0.422 1.153e+08 2.336e+07
0.423 7.2382e+07 2.3331e+07
0.424 1.3263e+08 2.3303e+07
0.425 1.152e+08 2.3275e+07
0.426 1.0107e+08 2.3247e+07
0.427 8.3711e+07 2.3219e+07
0.428 9.2806e+07 2.3191e+07
0.429 9.3281e+07 2.3163e+07
0.43 9.6346e+07 2.3135e+07
0.431 9.2826e+07 2.3107e+07
0.432 9.9977e+07 2.308e+07
0.433 1.2682e+08 2.3052e+07
0.434 1.2477e+08 2.3025e+07
0.435 9.2483e+07 2.2998e+07
0.436 1.0122e+08 2.297e+07
0.437 8.4873e+07 2.2943e+07
0.438 1.4021e+08 2.2916e+07
0.439 1.2122e+08 2.289e+07
0.44 1.0352e+08 2.2863e+07
0.441 1.0159e+08 2.2836e+07
0.442 1.1419e+08 2.2809e+07
0.443 1.2409e+08 2.2783e+07
0.444 9.0681e+07 2.2757e+07
0.445 9.8474e+07 2.273e+07
0.446 7.6744e+07 2.2704e+07
0.447 5.1025e+07 2.2678e+07
0.448 1.1929e+08 2.2652e+07
0.449 1.0605e+08 2.2626e+07
0.45 1.0236e+08 2.26e+07
0.451 9.8105e+07 2.2574e+07
0.452 8.5667e+07 2.2549e+07
0.453 1.0154e+08 2.2523e+07
0.454 7.9473e+07 2.2498e+07
0.455 1.1018e+08 2.2472e+07
0.456 1.1079e+08 2.2447e+07
0.457 9.4347e+07 2.2422e+07
0.458 9.542e+07 2.2397e+07
0.459 9.3987e+07 2.2372e+07
0.46 1.1279e+08 2.2347e+07
0.461 1.1117e+08 2.2322e+07
0.462 7.2952e+07 2.2297e+07
0.463 7.695e+07 2.2273e+07
0.464 1.1143e+08 2.2248e+07
0.465 9.5992e+07 2.2223e+07
0.466 6.2135e+07 2.2199e+07
0.467 9.4477e+07 2.2175e+07
0.468 8.1434e+07 2.215e+07
0.469 1.0839e+08 2.2126e+07
0.47 1.0462e+08 2.2102e+07
0.471 7.0001e+07 2.2078e+07
0.472 5.7357e+07 2.2054e+07
0.473 7.2032e+07 2.203e+07
0.474 9.6142e+07 2.2007e+07
0.475 9.9585e+07 2.1983e+07
0.476 1.0596e+08 2.1959e+07
0.477 8.9411e+07 2.1936e+07
0.478 1.3213e+08 2.1912e+07
0.479 1.064e+08 2.1889e+07
0.48 6.8234e+07 2.1866e+07
0.481 8.7667e+07 2.1843e+07
0.482 1.0275e+08 2.182e+07
0.483 1.0561e+08 2.1797e+07
0.484 8.4757e+07 2.1774e+07
0.485 1.0742e+08 2.1751e+07
0.486 8.9756e+07 2.1728e+07
0.487 1.1231e+08 2.1705e+07
0.488 1.0249e+08 2.1683e+07
0.489 7.1328e+07 2.166e+07
0.49 1.2723e+08 2.1638e+07
0.491 9.7643e+07 2.1615e+07
0.492 8.2387e+07 2.1593e+07
0.493 7.4228e+07 2.1571e+07
0.494 6.0777e+07 2.1548e+07
0.495 1.0433e+08 2.1526e+07
0.496 1.1617e+08 2.1504e+07
0.497 6.4806e+07 2.1482e+07
0.498 8.5368e+07 2.146e+07
0.499 7.6573e+07 2.1439e+07
0.5 7.6748e+07 2.1417e+07
