0.001 2.1835e+10 1.1917e+09
0.002 2.0644e+10 8.4256e+08
0.003 2.1031e+10 6.8778e+08
0.004 2.1453e+10 5.9544e+08
0.005 2.1245e+10 5.3235e+08
0.006 2.1626e+10 4.8571e+08
0.007 2.1826e+10 4.494e+08
0.008 2.2182e+10 4.2007e+08
0.009 2.1933e+10 3.9572e+08
0.01 2.1463e+10 3.7507e+08
0.011 2.1007e+10 3.5726e+08
0.012 2.1141e+10 3.4167e+08
0.013 2.1017e+10 3.2788e+08
0.014 2.0953e+10 3.1555e+08
0.015 2.1191e+10 3.0443e+08
0.016 2.1078e+10 2.9433e+08
0.017 2.1038e+10 2.8509e+08
0.018 2.0715e+10 2.766e+08
0.019 2.0909e+10 2.6875e+08
0.02 2.0335e+10 2.6147e+08
0.021 2.0272e+10 2.5467e+08
0.022 2.0078e+10 2.4832e+08
0.023 2.0071e+10 2.4235e+08
0.024 1.9658e+10 2.3673e+08
0.025 1.9706e+10 2.3142e+08
0.026 1.98e+10 2.2638e+08
0.027 1.9917e+10 2.2161e+08
0.028 1.923e+10 2.1706e+08
0.029 1.9626e+10 2.1273e+08
0.03 1.9145e+10 2.0859e+08
0.031 1.9034e+10 2.0463e+08
0.032 1.9149e+10 2.0083e+08
0.033 1.8901e+10 1.9718e+08
0.034 1.8337e+10 1.9367e+08
0.035 1.8497e+10 1.9029e+08
0.036 1.8188e+10 1.8704e+08
0.037 1.8275e+10 1.8389e+08
0.038 1.7617e+10 1.8085e+08
0.039 1.7871e+10 1.7791e+08
0.04 1.7783e+10 1.7506e+08
0.041 1.7009e+10 1.723e+08
0.042 1.7143e+10 1.6963e+08
0.043 1.7152e+10 1.6703e+08
0.044 1.6721e+10 1.645e+08
0.045 1.6634e+10 1.6204e+08
0.046 1.6499e+10 1.5965e+08
0.047 1.6331e+10 1.5732e+08
0.048 1.5927e+10 1.5505e+08
0.049 1.5605e+10 1.5284e+08
0.05 1.5556e+10 1.5068e+08
0.051 1.5464e+10 1.4858e+08
0.052 1.5235e+10 1.4652e+08
0.053 1.5132e+10 1.4451e+08
0.054 1.4911e+10 1.4255e+08
0.055 1.4636e+10 1.4063e+08
0.056 1.4298e+10 1.3876e+08
0.057 1.4345e+10 1.3692e+08
0.058 1.3956e+10 1.3512e+08
0.059 1.3862e+10 1.3336e+08
0.06 1.354e+10 1.3164e+08
0.061 1.3613e+10 1.2995e+08
0.062 1.3705e+10 1.283e+08
0.063 1.2941e+10 1.2668e+08
0.064 1.2714e+10 1.2509e+08
0.065 1.2603e+10 1.2354e+08
0.066 1.2253e+10 1.2201e+08
0.067 1.2252e+10 1.2052e+08
0.068 1.2052e+10 1.1905e+08
0.069 1.1843e+10 1.1761e+08
0.07 1.1527e+10 1.162e+08
0.071 1.1289e+10 1.1481e+08
0.072 1.1069e+10 1.1345e+08
0.073 1.1405e+10 1.1212e+08
0.074 1.095e+10 1.1081e+08
0.075 1.0679e+10 1.0953e+08
0.076 1.055e+10 1.0826e+08
0.077 1.0137e+10 1.0703e+08
0.078 9.9975e+09 1.0581e+08
0.079 9.9042e+09 1.0462e+08
0.08 9.7561e+09 1.0345e+08
0.081 9.6745e+09 1.023e+08
0.082 9.5056e+09 1.0117e+08
0.083 9.3074e+09 1.0006e+08
0.084 9.155e+09 9.8971e+07
0.085 8.9725e+09 9.7902e+07
0.086 8.836e+09 9.6853e+07
0.087 8.5559e+09 9.5823e+07
0.088 8.6558e+09 9.4812e+07
0.089 8.2656e+09 9.3819e+07
0.09 8.0139e+09 9.2844e+07
0.091 8.1701e+09 9.1887e+07
0.092 7.8168e+09 9.0948e+07
0.093 7.691e+09 9.0025e+07
0.094 7.4646e+09 8.9119e+07
0.095 7.4169e+09 8.823e+07
0.096 7.1503e+09 8.7357e+07
0.097 7.1049e+09 8.65e+07
0.098 6.9631e+09 8.5659e+07
0.099 6.9189e+09 8.4833e+07
0.1 6.6726e+09 8.4022e+07
0.101 6.6142e+09 8.3226e+07
0.102 6.492e+09 8.2445e+07
0.103 6.3237e+09 8.1678e+07
0.104 6.2365e+09 8.0925e+07
0.105 6.0496e+09 8.0186e+07
0.106 5.9879e+09 7.946e+07
0.107 5.7981e+09 7.8748e+07
0.108 5.6407e+09 7.8049e+07
0.109 5.6664e+09 7.7362e+07
0.11 5.4714e+09 7.6689e+07
0.111 5.4923e+09 7.6027e+07
0.112 5.1564e+09 7.5378e+07
0.113 5.1416e+09 7.4741e+07
0.114 5.0307e+09 7.4115e+07
0.115 4.8611e+09 7.3501e+07
0.116 4.7844e+09 7.2898e+07
0.117 4.73e+09 7.2306e+07
0.118 4.7676e+09 7.1724e+07
0.119 4.6791e+09 7.1154e+07
0.12 4.5164e+09 7.0593e+07
0.121 4.4299e+09 7.0043e+07
0.122 4.2203e+09 6.9502e+07
0.123 4.2378e+09 6.8972e+07
0.124 4.1298e+09 6.845e+07
0.125 4.1007e+09 6.7938e+07
0.126 3.8882e+09 6.7436e+07
0.127 3.9533e+09 6.6942e+07
0.128 3.7344e+09 6.6456e+07
0.129 3.7298e+09 6.5979e+07
0.13 3.5338e+09 6.5511e+07
0.131 3.4768e+09 6.5051e+07
0.132 3.5166e+09 6.4598e+07
0.133 3.4363e+09 6.4154e+07
0.134 3.2266e+09 6.3717e+07
0.135 3.3132e+09 6.3287e+07
0.136 3.2875e+09 6.2865e+07
0.137 3.2464e+09 6.245e+07
0.138 3.1273e+09 6.2042e+07
0.139 2.9359e+09 6.164e+07
0.14 3.0053e+09 6.1245e+07
0.141 2.9284e+09 6.0857e+07
0.142 2.6459e+09 6.0475e+07
0.143 2.7933e+09 6.0099e+07
0.144 2.8473e+09 5.973e+07
0.145 2.6726e+09 5.9366e+07
0.146 2.5978e+09 5.9008e+07
0.147 2.5569e+09 5.8655e+07
0.148 2.4295e+09 5.8309e+07
0.149 2.2372e+09 5.7967e+07
0.15 2.3283e+09 5.7631e+07
0.151 2.3047e+09 5.73e+07
0.152 2.3848e+09 5.6974e+07
0.153 2.2415e+09 5.6653e+07
0.154 2.1268e+09 5.6337e+07
0.155 2.1362e+09 5.6026e+07
0.156 2.0247e+09 5.5719e+07
0.157 2.0931e+09 5.5417e+07
0.158 1.9223e+09 5.5119e+07
0.159 1.906e+09 5.4825e+07
0.16 1.8775e+09 5.4536e+07
0.161 1.8595e+09 5.4251e+07
0.162 1.7918e+09 5.397e+07
0.163 1.8302e+09 5.3693e+07
0.164 1.7458e+09 5.342e+07
0.165 1.7175e+09 5.3151e+07
0.166 1.6456e+09 5.2886e+07
0.167 1.6041e+09 5.2625e+07
0.168 1.6689e+09 5.2367e+07
0.169 1.6689e+09 5.2112e+07
0.17 1.617e+09 5.1862e+07
0.171 1.3712e+09 5.1614e+07
0.172 1.444e+09 5.137e+07
0.173 1.3659e+09 5.113e+07
0.174 1.4363e+09 5.0892e+07
0.175 1.2364e+09 5.0658e+07
0.176 1.3415e+09 5.0428e+07
0.177 1.3296e+09 5.02e+07
0.178 1.206e+09 4.9975e+07
0.179 1.2148e+09 4.9754e+07
0.18 1.2486e+09 4.9535e+07
0.181 1.1293e+09 4.9319e+07
0.182 1.1116e+09 4.9106e+07
0.183 1.1794e+09 4.8897e+07
0.184 1.0742e+09 4.8689e+07
0.185 1.1506e+09 4.8485e+07
0.186 1.032e+09 4.8284e+07
0.187 1.0112e+09 4.8085e+07
0.188 9.1466e+08 4.7888e+07
0.189 9.2006e+08 4.7695e+07
0.19 9.922e+08 4.7504e+07
0.191 8.2168e+08 4.7315e+07
0.192 8.8113e+08 4.7129e+07
0.193 8.6945e+08 4.6946e+07
0.194 8.664e+08 4.6765e+07
0.195 8.2903e+08 4.6586e+07
0.196 8.6757e+08 4.641e+07
0.197 8.0474e+08 4.6236e+07
0.198 7.9351e+08 4.6064e+07
0.199 7.7288e+08 4.5895e+07
0.2 7.3219e+08 4.5728e+07
0.201 7.6028e+08 4.5563e+07
0.202 6.0374e+08 4.54e+07
0.203 5.8881e+08 4.524e+07
0.204 5.6354e+08 4.5082e+07
0.205 6.2991e+08 4.4925e+07
0.206 6.1202e+08 4.4771e+07
0.207 5.5823e+08 4.4619e+07
0.208 6.7938e+08 4.4469e+07
0.209 6.3232e+08 4.4321e+07
0.21 5.5252e+08 4.4175e+07
0.211 5.114e+08 4.4031e+07
0.212 5.6535e+08 4.3888e+07
0.213 4.8956e+08 4.3748e+07
0.214 4.7452e+08 4.3609e+07
0.215 5.0694e+08 4.3472e+07
0.216 4.4032e+08 4.3337e+07
0.217 3.7521e+08 4.3204e+07
0.218 3.9005e+08 4.3073e+07
0.219 4.0981e+08 4.2943e+07
0.22 4.1591e+08 4.2815e+07
0.221 4.0438e+08 4.2688e+07
0.222 3.4539e+08 4.2564e+07
0.223 3.1777e+08 4.244e+07
0.224 3.4469e+08 4.2319e+07
0.225 3.5817e+08 4.2199e+07
0.226 3.195e+08 4.208e+07
0.227 3.8507e+08 4.1963e+07
0.228 3.3e+08 4.1847e+07
0.229 2.4814e+08 4.1733e+07
0.23 3.0666e+08 4.162e+07
0.231 2.8106e+08 4.1509e+07
0.232 3.0152e+08 4.1399e+07
0.233 3.3519e+08 4.129e+07
0.234 2.5146e+08 4.1183e+07
0.235 2.918e+08 4.1077e+07
0.236 2.9771e+08 4.0972e+07
0.237 2.5889e+08 4.0869e+07
0.238 2.1734e+08 4.0766e+07
0.239 2.3086e+08 4.0665e+07
0.24 2.4624e+08 4.0565e+07
0.241 2.1883e+08 4.0466e+07
0.242 2.0656e+08 4.0369e+07
0.243 2.3413e+08 4.0272e+07
0.244 1.8107e+08 4.0177e+07
0.245 1.8947e+08 4.0082e+07
0.246 1.9951e+08 3.9989e+07
0.247 1.9817e+08 3.9897e+07
0.248 2.3728e+08 3.9806e+07
0.249 1.7295e+08 3.9715e+07
0.25 1.3858e+08 3.9626e+07
0.251 1.7219e+08 3.9538e+07
0.252 1.8891e+08 3.945e+07
0.253 1.7895e+08 3.9364e+07
0.254 1.073e+08 3.9278e+07
0.255 1.4978e+08 3.9193e+07
0.256 1.7031e+08 3.9109e+07
0.257 8.5984e+07 3.9026e+07
0.258 6.4193e+07 3.8944e+07
0.259 1.9394e+08 3.8862e+07
0.26 1.4471e+08 3.8782e+07
0.261 8.5622e+07 3.8702e+07
0.262 1.11e+08 3.8623e+07
0.263 1.3888e+08 3.8544e+07
0.264 1.7563e+08 3.8467e+07
0.265 5.9399e+07 3.839e+07
0.266 1.434e+08 3.8314e+07
0.267 1.0219e+08 3.8238e+07
0.268 1.7167e+08 3.8163e+07
0.269 1.4964e+08 3.8089e+07
0.27 1.0345e+08 3.8016e+07
0.271 1.4356e+08 3.7943e+07
0.272 2.1311e+08 3.7871e+07
0.273 5.712e+07 3.7799e+07
0.274 1.2187e+08 3.7728e+07
0.275 9.5688e+07 3.7658e+07
0.276 1.5847e+08 3.7588e+07
0.277 8.8666e+07 3.7518e+07
0.278 1.1342e+08 3.745e+07
0.279 9.2824e+07 3.7381e+07
0.28 1.4035e+08 3.7314e+07
0.281 1.0805e+08 3.7247e+07
0.282 1.0407e+08 3.718e+07
0.283 1.4198e+08 3.7114e+07
0.284 1.2685e+08 3.7048e+07
0.285 8.7739e+07 3.6983e+07
0.286 5.5729e+07 3.6919e+07
0.287 1.1721e+08 3.6854e+07
0.288 5.8524e+07 3.6791e+07
0.289 8.0639e+07 3.6728e+07
0.29 6.3072e+07 3.6665e+07
0.291 1.2362e+08 3.6602e+07
0.292 9.9623e+07 3.654e+07
0.293 1.1911e+08 3.6479e+07
0.294 1.455e+08 3.6418e+07
0.295 9.5284e+07 3.6357e+07
0.296 7.2063e+07 3.6297e+07
0.297 1.0745e+08 3.6237e+07
0.298 8.9073e+07 3.6178e+07
0.299 1.7687e+08 3.6118e+07
0.3 1.0084e+08 3.606e+07
0.301 2.1705e+08 3.6001e+07
0.302 1.4203e+08 3.5943e+07
0.303 8.4506e+07 3.5886e+07
0.304 1.4066e+08 3.5828e+07
0.305 1.2693e+08 3.5771e+07
0.306 1.3121e+08 3.5715e+07
0.307 9.9925e+07 3.5658e+07
0.308 1.3799e+08 3.5602e+07
0.309 1.4637e+08 3.5547e+07
0.31 1.4088e+08 3.5491e+07
0.311 1.0424e+08 3.5436e+07
0.312 1.2314e+08 3.5382e+07
0.313 1.3352e+08 3.5327e+07
0.314 1.3746e+08 3.5273e+07
0.315 1.128e+08 3.5219e+07
0.316 1.018e+08 3.5165e+07
0.317 9.3941e+07 3.5112e+07
0.318 1.63e+08 3.5059e+07
0.319 1.4063e+08 3.5006e+07
0.32 1.4875e+08 3.4953e+07
0.321 1.0399e+08 3.4901e+07
0.322 1.5929e+08 3.4849e+07
0.323 1.2815e+08 3.4797e+07
0.324 1.3476e+08 3.4746e+07
0.325 1.4582e+08 3.4694e+07
0.326 1.7051e+08 3.4643e+07
0.327 1.2453e+08 3.4592e+07
0.328 1.6268e+08 3.4542e+07
0.329 1.2589e+08 3.4491e+07
0.33 7.8154e+07 3.4441e+07
0.331 1.261e+08 3.4391e+07
0.332 1.9964e+08 3.4341e+07
0.333 1.0295e+08 3.4291e+07
0.334 1.4264e+08 3.4242e+07
0.335 1.6545e+08 3.4193e+07
0.336 1.282e+08 3.4144e+07
0.337 1.5617e+08 3.4095e+07
0.338 1.934e+08 3.4046e+07
0.339 1.6907e+08 3.3998e+07
0.34 1.8477e+08 3.3949e+07
0.341 1.7073e+08 3.3901e+07
0.342 2.2139e+08 3.3853e+07
0.343 1.1122e+08 3.3805e+07
0.344 1.5643e+08 3.3758e+07
0.345 1.0914e+08 3.371e+07
0.346 1.6124e+08 3.3663e+07
0.347 2.1881e+08 3.3616e+07
0.348 1.5934e+08 3.3569e+07
0.349 1.326e+08 3.3522e+07
0.35 1.5738e+08 3.3475e+07
0.351 1.7012e+08 3.3429e+07
0.352 1.5041e+08 3.3382e+07
0.353 1.1382e+08 3.3336e+07
0.354 1.3667e+08 3.329e+07
0.355 1.6268e+08 3.3244e+07
0.356 2.0533e+08 3.3198e+07
0.357 1.5642e+08 3.3152e+07
0.358 1.8817e+08 3.3107e+07
0.359 1.6564e+08 3.3061e+07
0.36 1.7256e+08 3.3016e+07
0.361 2.0324e+08 3.2971e+07
0.362 2.4574e+08 3.2926e+07
0.363 1.9129e+08 3.2881e+07
0.364 1.4758e+08 3.2836e+07
0.365 2.0676e+08 3.2792e+07
0.366 1.6902e+08 3.2747e+07
0.367 1.9097e+08 3.2703e+07
0.368 1.654e+08 3.2659e+07
0.369 1.4022e+08 3.2615e+07
0.37 1.3431e+08 3.2571e+07
0.371 2.3413e+08 3.2527e+07
0.372 1.3923e+08 3.2483e+07
0.373 1.2814e+08 3.2439e+07
0.374 1.8362e+08 3.2396e+07
0.375 1.0439e+08 3.2353e+07
0.376 1.0965e+08 3.2309e+07
0.377 1.837e+08 3.2266e+07
0.378 1.782e+08 3.2223e+07
0.379 1.2707e+08 3.2181e+07
0.38 1.4686e+08 3.2138e+07
0.381 1.6216e+08 3.2095e+07
0.382 2.013e+08 3.2053e+07
0.383 1.6605e+08 3.2011e+07
0.384 2.1166e+08 3.1968e+07
0.385 8.9681e+07 3.1926e+07
0.386 1.4074e+08 3.1884e+07
0.387 1.7344e+08 3.1842e+07
0.388 1.878e+08 3.1801e+07
0.389 1.6231e+08 3.1759e+07
0.39 1.9182e+08 3.1718e+07
0.391 1.2164e+08 3.1676e+07
0.392 1.9374e+08 3.1635e+07
0.393 1.524e+08 3.1594e+07
0.394 1.2201e+08 3.1553e+07
0.395 1.5967e+08 3.1512e+07
0.396 1.6166e+08 3.1472e+07
0.397 1.4443e+08 3.1431e+07
0.398 1.6245e+08 3.1391e+07
0.399 1.4688e+08 3.135e+07
0.4 1.6066e+08 3.131e+07
0.401 1.5653e+08 3.127e+07
0.402 2.1901e+08 3.123e+07
0.403 1.3659e+08 3.119e+07
0.404 1.1532e+08 3.1151e+07
0.405 1.4652e+08 3.1111e+07
0.406 1.7597e+08 3.1072e+07
0.407 1.1397e+08 3.1032e+07
0.408 1.1132e+08 3.0993e+07
0.409 1.8591e+08 3.0954e+07
0.41 1.4815e+08 3.0915e+07
0.411 1.8731e+08 3.0876e+07
0.412 1.0578e+08 3.0838e+07
0.413 1.3913e+08 3.0799e+07
0.414 1.5498e+08 3.0761e+07
0.415 2.0473e+08 3.0723e+07
0.416 1.5801e+08 3.0684e+07
0.417 2.1497e+08 3.0646e+07
0.418 1.3133e+08 3.0609e+07
0.419 1.5817e+08 3.0571e+07
0.42 1.4349e+08 3.0533e+07
0.421 1.5424e+08 3.0496e+07
0.422 1.8775e+08 3.0458e+07
0.423 1.3741e+08 3.0421e+07
0.424 1.4999e+08 3.0384e+07
0.425 1.323e+08 3.0347e+07
0.426 1.009e+08 3.031e+07
0.427 1.5795e+08 3.0274e+07
0.428 1.3014e+08 3.0237e+07
0.429 1.1551e+08 3.0201e+07
0.43 1.5601e+08 3.0164e+07
0.431 1.7363e+08 3.0128e+07
0.432 1.726e+08 3.0092e+07
0.433 1.1082e+08 3.0056e+07
0.434 1.7592e+08 3.002e+07
0.435 1.3044e+08 2.9985e+07
0.436 1.3614e+08 2.9949e+07
0.437 1.8994e+08 2.9914e+07
0.438 1.076e+08 2.9878e+07
0.439 1.5114e+08 2.9843e+07
0.44 1.5527e+08 2.9808e+07
0.441 1.6495e+08 2.9773e+07
0.442 1.7818e+08 2.9738e+07
0.443 1.4648e+08 2.9704e+07
0.444 1.2722e+08 2.9669e+07
0.445 1.1466e+08 2.9635e+07
0.446 1.0531e+08 2.96e+07
0.447 1.0384e+08 2.9566e+07
0.448 1.0063e+08 2.9532e+07
0.449 1.3666e+08 2.9498e+07
0.45 1.1754e+08 2.9464e+07
0.451 1.3441e+08 2.9431e+07
0.452 1.3288e+08 2.9397e+07
0.453 1.1447e+08 2.9363e+07
0.454 5.2537e+07 2.933e+07
0.455 1.2654e+08 2.9297e+07
0.456 1.7254e+08 2.9264e+07
0.457 1.837e+08 2.9231e+07
0.458 1.3139e+08 2.9198e+07
0.459 1.4065e+08 2.9165e+07
0.46 1.331e+08 2.9132e+07
0.461 1.117e+08 2.91e+07
0.462 1.9391e+08 2.9067e+07
0.463 1.1752e+08 2.9035e+07
0.464 1.3681e+08 2.9003e+07
0.465 1.2364e+08 2.8971e+07
0.466 1.0837e+08 2.8939e+07
0.467 1.6271e+08 2.8907e+07
0.468 1.2363e+08 2.8875e+07
0.469 5.4192e+07 2.8844e+07
0.47 1.1907e+08 2.8812e+07
0.471 1.3741e+08 2.8781e+07
0.472 1.3631e+08 2.8749e+07
0.473 1.6233e+08 2.8718e+07
0.474 1.085e+08 2.8687e+07
0.475 9.6948e+07 2.8656e+07
0.476 9.9749e+07 2.8625e+07
0.477 1.0167e+08 2.8594e+07
0.478 1.6283e+08 2.8564e+07
0.479 1.0655e+08 2.8533e+07
0.48 1.1277e+08 2.8503e+07
0.481 1.0713e+08 2.8472e+07
0.482 1.0266e+08 2.8442e+07
0.483 1.1763e+08 2.8412e+07
0.484 1.0006e+08 2.8382e+07
0.485 1.1133e+08 2.8352e+07
0.486 1.2345e+08 2.8322e+07
0.487 1.2287e+08 2.8292e+07
0.488 1.4999e+08 2.8263e+07
0.489 1.2117e+08 2.8233e+07
0.49 1.4302e+08 2.8204e+07
0.491 1.0883e+08 2.8175e+07
0.492 1.2585e+08 2.8145e+07
0.493 1.2115e+08 2.8116e+07
0.494 1.2504e+08 2.8087e+07
0.495 1.3449e+08 2.8058e+07
0.496 1.3709e+08 2.8029e+07
0.497 1.4142e+08 2.8001e+07
0.498 9.7921e+07 2.7972e+07
0.499 1.4606e+08 2.7943e+07
0.5 1.2222e+08 2.7915e+07
