0.001 9.8258e+09 5.5418e+08
0.002 1.0917e+10 3.9178e+08
0.003 1.1125e+10 3.1978e+08
0.004 1.1073e+10 2.7681e+08
0.005 1.1341e+10 2.4743e+08
0.006 1.131e+10 2.257e+08
0.007 1.0814e+10 2.0878e+08
0.008 1.1446e+10 1.9509e+08
0.009 1.132e+10 1.8372e+08
0.01 1.092e+10 1.7407e+08
0.011 1.0972e+10 1.6573e+08
0.012 1.0906e+10 1.5843e+08
0.013 1.0945e+10 1.5195e+08
0.014 1.0997e+10 1.4616e+08
0.015 1.0742e+10 1.4093e+08
0.016 1.0867e+10 1.3616e+08
0.017 1.0841e+10 1.318e+08
0.018 1.0697e+10 1.2779e+08
0.019 1.061e+10 1.2407e+08
0.02 1.0641e+10 1.2061e+08
0.021 1.0329e+10 1.1737e+08
0.022 1.0534e+10 1.1434e+08
0.023 1.044e+10 1.1149e+08
0.024 1.0236e+10 1.0879e+08
0.025 1.0096e+10 1.0624e+08
0.026 1.0096e+10 1.0382e+08
0.027 1.0093e+10 1.0152e+08
0.028 9.9618e+09 9.932e+07
0.029 9.9875e+09 9.7219e+07
0.03 9.8075e+09 9.5206e+07
0.031 9.6732e+09 9.3275e+07
0.032 9.4448e+09 9.1419e+07
0.033 9.5327e+09 8.9631e+07
0.034 9.3683e+09 8.7908e+07
0.035 9.2471e+09 8.6244e+07
0.036 9.3172e+09 8.4635e+07
0.037 9.0557e+09 8.3077e+07
0.038 9.071e+09 8.1567e+07
0.039 8.6971e+09 8.0103e+07
0.04 8.8683e+09 7.8681e+07
0.041 8.4953e+09 7.7298e+07
0.042 8.4931e+09 7.5953e+07
0.043 8.3632e+09 7.4644e+07
0.044 8.326e+09 7.3367e+07
0.045 8.2746e+09 7.2122e+07
0.046 8.137e+09 7.0907e+07
0.047 8.1464e+09 6.9721e+07
0.048 7.9316e+09 6.8562e+07
0.049 7.6959e+09 6.7429e+07
0.05 7.66e+09 6.632e+07
0.051 7.5448e+09 6.5235e+07
0.052 7.4019e+09 6.4172e+07
0.053 7.3278e+09 6.3132e+07
0.054 7.2021e+09 6.2112e+07
0.055 7.112e+09 6.1112e+07
0.056 6.9424e+09 6.0131e+07
0.057 6.8784e+09 5.9169e+07
0.058 6.6308e+09 5.8225e+07
0.059 6.5824e+09 5.7298e+07
0.06 6.5614e+09 5.6388e+07
0.061 6.4594e+09 5.5495e+07
0.062 6.2386e+09 5.4617e+07
0.063 6.0972e+09 5.3755e+07
0.064 5.8972e+09 5.2907e+07
0.065 5.8591e+09 5.2074e+07
0.066 5.8589e+09 5.1255e+07
0.067 5.6544e+09 5.0451e+07
0.068 5.5298e+09 4.9659e+07
0.069 5.4074e+09 4.8881e+07
0.07 5.3243e+09 4.8116e+07
0.071 5.2079e+09 4.7363e+07
0.072 5.1153e+09 4.6622e+07
0.073 4.9993e+09 4.5894e+07
0.074 4.9437e+09 4.5178e+07
0.075 4.8525e+09 4.4473e+07
0.076 4.6445e+09 4.378e+07
0.077 4.6257e+09 4.3099e+07
0.078 4.5438e+09 4.2428e+07
0.079 4.3234e+09 4.1768e+07
0.08 4.2782e+09 4.1119e+07
0.081 4.0947e+09 4.0481e+07
0.082 4.0984e+09 3.9854e+07
0.083 3.9133e+09 3.9236e+07
0.084 3.8722e+09 3.8629e+07
0.085 3.6722e+09 3.8032e+07
0.086 3.7176e+09 3.7445e+07
0.087 3.5555e+09 3.6868e+07
0.088 3.4852e+09 3.6301e+07
0.089 3.4133e+09 3.5743e+07
0.09 3.24e+09 3.5195e+07
0.091 3.169e+09 3.4656e+07
0.092 3.0676e+09 3.4127e+07
0.093 2.9879e+09 3.3607e+07
0.094 2.9099e+09 3.3096e+07
0.095 2.9014e+09 3.2594e+07
0.096 2.7904e+09 3.2101e+07
0.097 2.7148e+09 3.1617e+07
0.098 2.6486e+09 3.1142e+07
0.099 2.49e+09 3.0675e+07
0.1 2.4937e+09 3.0217e+07
0.101 2.4021e+09 2.9768e+07
0.102 2.3302e+09 2.9328e+07
0.103 2.2651e+09 2.8895e+07
0.104 2.2004e+09 2.8471e+07
0.105 2.141e+09 2.8056e+07
0.106 2.0372e+09 2.7648e+07
0.107 1.9618e+09 2.7249e+07
0.108 1.9187e+09 2.6857e+07
0.109 1.9014e+09 2.6474e+07
0.11 1.8023e+09 2.6098e+07
0.111 1.7398e+09 2.573e+07
0.112 1.7404e+09 2.537e+07
0.113 1.6432e+09 2.5017e+07
0.114 1.5917e+09 2.4672e+07
0.115 1.5819e+09 2.4335e+07
0.116 1.477e+09 2.4005e+07
0.117 1.4359e+09 2.3682e+07
0.118 1.3862e+09 2.3366e+07
0.119 1.3331e+09 2.3057e+07
0.12 1.2885e+09 2.2755e+07
0.121 1.2708e+09 2.2461e+07
0.122 1.2227e+09 2.2173e+07
0.123 1.2052e+09 2.1892e+07
0.124 1.1295e+09 2.1617e+07
0.125 1.0674e+09 2.1349e+07
0.126 1.05e+09 2.1087e+07
0.127 1.0302e+09 2.0832e+07
0.128 9.7226e+08 2.0583e+07
0.129 9.4032e+08 2.034e+07
0.13 9.5086e+08 2.0103e+07
0.131 9.0809e+08 1.9873e+07
0.132 8.942e+08 1.9648e+07
0.133 7.8648e+08 1.9428e+07
0.134 8.3231e+08 1.9215e+07
0.135 7.6656e+08 1.9007e+07
0.136 7.4079e+08 1.8804e+07
0.137 7.1091e+08 1.8607e+07
0.138 6.7433e+08 1.8414e+07
0.139 6.484e+08 1.8227e+07
0.14 6.7591e+08 1.8045e+07
0.141 6.3027e+08 1.7868e+07
0.142 5.4619e+08 1.7696e+07
0.143 5.8117e+08 1.7528e+07
0.144 5.6683e+08 1.7365e+07
0.145 5.1289e+08 1.7206e+07
0.146 5.0312e+08 1.7052e+07
0.147 5.007e+08 1.6902e+07
0.148 4.6785e+08 1.6756e+07
0.149 4.7625e+08 1.6614e+07
0.15 4.4139e+08 1.6476e+07
0.151 4.3588e+08 1.6342e+07
0.152 4.3643e+08 1.6212e+07
0.153 4.1262e+08 1.6085e+07
0.154 3.7986e+08 1.5962e+07
0.155 3.6518e+08 1.5842e+07
0.156 3.7001e+08 1.5726e+07
0.157 3.2933e+08 1.5613e+07
0.158 2.9867e+08 1.5502e+07
0.159 3.0235e+08 1.5395e+07
0.16 3.1023e+08 1.5291e+07
0.161 2.7084e+08 1.519e+07
0.162 2.6949e+08 1.5092e+07
0.163 3.0291e+08 1.4996e+07
0.164 2.702e+08 1.4903e+07
0.165 2.4537e+08 1.4813e+07
0.166 2.2101e+08 1.4725e+07
0.167 2.3877e+08 1.4639e+07
0.168 2.2114e+08 1.4555e+07
0.169 2.22e+08 1.4474e+07
0.17 2.2285e+08 1.4395e+07
0.171 2.4958e+08 1.4318e+07
0.172 1.914e+08 1.4243e+07
0.173 2.2157e+08 1.417e+07
0.174 2.2328e+08 1.4099e+07
0.175 1.9172e+08 1.403e+07
0.176 2.0725e+08 1.3962e+07
0.177 1.8049e+08 1.3896e+07
0.178 1.745e+08 1.3832e+07
0.179 1.8388e+08 1.3769e+07
0.18 1.5492e+08 1.3708e+07
0.181 1.3429e+08 1.3648e+07
0.182 1.707e+08 1.3589e+07
0.183 1.758e+08 1.3532e+07
0.184 1.4245e+08 1.3477e+07
0.185 1.4737e+08 1.3422e+07
0.186 1.3e+08 1.3369e+07
0.187 1.4187e+08 1.3317e+07
0.188 1.2952e+08 1.3266e+07
0.189 1.1999e+08 1.3216e+07
0.19 1.2911e+08 1.3167e+07
0.191 1.0413e+08 1.3119e+07
0.192 1.363e+08 1.3072e+07
0.193 1.0644e+08 1.3026e+07
0.194 1.2885e+08 1.2981e+07
0.195 1.0674e+08 1.2937e+07
0.196 1.1484e+08 1.2894e+07
0.197 1.2289e+08 1.2851e+07
0.198 1.1073e+08 1.281e+07
0.199 1.0298e+08 1.2769e+07
0.2 9.8335e+07 1.2728e+07
0.201 1.2361e+08 1.2689e+07
0.202 6.8767e+07 1.265e+07
0.203 1.1906e+08 1.2611e+07
0.204 9.7242e+07 1.2574e+07
0.205 8.9372e+07 1.2536e+07
0.206 8.0681e+07 1.25e+07
0.207 9.4516e+07 1.2464e+07
0.208 9.9197e+07 1.2428e+07
0.209 1.0698e+08 1.2393e+07
0.21 9.3234e+07 1.2359e+07
0.211 8.4731e+07 1.2325e+07
0.212 7.3638e+07 1.2291e+07
0.213 9.9401e+07 1.2258e+07
0.214 8.9693e+07 1.2225e+07
0.215 7.8229e+07 1.2193e+07
0.216 8.6827e+07 1.2161e+07
0.217 8.7248e+07 1.213e+07
0.218 8.3787e+07 1.2098e+07
0.219 8.1186e+07 1.2068e+07
0.22 8.7373e+07 1.2037e+07
0.221 8.4996e+07 1.2007e+07
0.222 5.5036e+07 1.1977e+07
0.223 9.1176e+07 1.1947e+07
0.224 7.958e+07 1.1918e+07
0.225 8.822e+07 1.1889e+07
0.226 7.309e+07 1.186e+07
0.227 7.8503e+07 1.1831e+07
0.228 7.9246e+07 1.1803e+07
0.229 8.226e+07 1.1775e+07
0.23 9.5237e+07 1.1747e+07
0.231 8.5379e+07 1.1719e+07
0.232 7.4607e+07 1.1692e+07
0.233 5.7541e+07 1.1664e+07
0.234 6.373e+07 1.1637e+07
0.235 7.1762e+07 1.161e+07
0.236 5.5592e+07 1.1584e+07
0.237 6.971e+07 1.1557e+07
0.238 7.3865e+07 1.1531e+07
0.239 8.8276e+07 1.1505e+07
0.24 6.0571e+07 1.1479e+07
0.241 5.2798e+07 1.1453e+07
0.242 6.5695e+07 1.1427e+07
0.243 6.8489e+07 1.1401e+07
0.244 8.4327e+07 1.1376e+07
0.245 8.6075e+07 1.135e+07
0.246 7.0526e+07 1.1325e+07
0.247 7.1298e+07 1.13e+07
0.248 5.0647e+07 1.1275e+07
0.249 7.887e+07 1.125e+07
0.25 6.5233e+07 1.1226e+07
0.251 8.2195e+07 1.1201e+07
0.252 5.403e+07 1.1177e+07
0.253 7.3423e+07 1.1152e+07
0.254 7.2577e+07 1.1128e+07
0.255 6.0955e+07 1.1104e+07
0.256 8.0482e+07 1.108e+07
0.257 6.7482e+07 1.1056e+07
0.258 6.289e+07 1.1032e+07
0.259 3.2108e+07 1.1009e+07
0.26 7.8615e+07 1.0985e+07
0.261 6.8509e+07 1.0962e+07
0.262 4.1043e+07 1.0939e+07
0.263 6.6084e+07 1.0915e+07
0.264 7.0557e+07 1.0892e+07
0.265 7.0574e+07 1.0869e+07
0.266 5.9515e+07 1.0846e+07
0.267 5.8539e+07 1.0824e+07
0.268 7.1907e+07 1.0801e+07
0.269 7.2922e+07 1.0778e+07
0.27 7.4118e+07 1.0756e+07
0.271 6.7986e+07 1.0734e+07
0.272 7.7029e+07 1.0712e+07
0.273 5.3283e+07 1.0689e+07
0.274 6.5811e+07 1.0667e+07
0.275 5.7579e+07 1.0646e+07
0.276 4.8487e+07 1.0624e+07
0.277 3.8124e+07 1.0602e+07
0.278 5.3908e+07 1.0581e+07
0.279 5.361e+07 1.0559e+07
0.28 6.131e+07 1.0538e+07
0.281 7.317e+07 1.0517e+07
0.282 6.1657e+07 1.0496e+07
0.283 5.8698e+07 1.0475e+07
0.284 4.7061e+07 1.0454e+07
0.285 4.9859e+07 1.0434e+07
0.286 6.5618e+07 1.0413e+07
0.287 5.1746e+07 1.0393e+07
0.288 5.0968e+07 1.0373e+07
0.289 3.5636e+07 1.0352e+07
0.29 4.148e+07 1.0332e+07
0.291 5.2977e+07 1.0313e+07
0.292 3.9748e+07 1.0293e+07
0.293 3.3486e+07 1.0273e+07
0.294 6.6638e+07 1.0254e+07
0.295 4.9271e+07 1.0234e+07
0.296 5.6362e+07 1.0215e+07
0.297 4.6107e+07 1.0196e+07
0.298 4.1606e+07 1.0177e+07
0.299 6.6345e+07 1.0158e+07
0.3 3.6384e+07 1.014e+07
0.301 2.7997e+07 1.0121e+07
0.302 4.3473e+07 1.0103e+07
0.303 4.0107e+07 1.0084e+07
0.304 5.3755e+07 1.0066e+07
0.305 2.7152e+07 1.0048e+07
0.306 5.3508e+07 1.003e+07
0.307 4.8647e+07 1.0012e+07
0.308 4.3456e+07 9.9946e+06
0.309 3.4312e+07 9.977e+06
0.31 4.6424e+07 9.9596e+06
0.311 2.4315e+07 9.9422e+06
0.312 3.8273e+07 9.925e+06
0.313 3.1656e+07 9.908e+06
0.314 3.887e+07 9.891e+06
0.315 3.1829e+07 9.8742e+06
0.316 4.0342e+07 9.8574e+06
0.317 3.1471e+07 9.8408e+06
0.318 3.968e+07 9.8243e+06
0.319 2.9122e+07 9.808e+06
0.32 4.0865e+07 9.7917e+06
0.321 1.4918e+07 9.7755e+06
0.322 2.6126e+07 9.7595e+06
0.323 4.0434e+07 9.7436e+06
0.324 2.1603e+07 9.7277e+06
0.325 2.5328e+07 9.712e+06
0.326 1.888e+07 9.6964e+06
0.327 2.652e+07 9.6808e+06
0.328 2.7222e+07 9.6654e+06
0.329 2.7378e+07 9.6501e+06
0.33 4.1759e+07 9.6348e+06
0.331 3.1223e+07 9.6197e+06
0.332 2.2238e+07 9.6047e+06
0.333 2.6153e+07 9.5897e+06
0.334 5.2547e+07 9.5748e+06
0.335 3.2636e+07 9.5601e+06
0.336 4.782e+07 9.5454e+06
0.337 2.5462e+07 9.5308e+06
0.338 3.5834e+07 9.5162e+06
0.339 2.9263e+07 9.5018e+06
0.34 2.9226e+07 9.4874e+06
0.341 2.1681e+07 9.4731e+06
0.342 3.5253e+07 9.4589e+06
0.343 2.674e+07 9.4448e+06
0.344 2.0061e+07 9.4307e+06
0.345 3.5116e+07 9.4167e+06
0.346 3.6304e+07 9.4028e+06
0.347 2.9286e+07 9.389e+06
0.348 2.9953e+07 9.3752e+06
0.349 3.9914e+07 9.3615e+06
0.35 3.0729e+07 9.3478e+06
0.351 2.3854e+07 9.3343e+06
0.352 3.5642e+07 9.3207e+06
0.353 3.4282e+07 9.3073e+06
0.354 2.9435e+07 9.2939e+06
0.355 3.6055e+07 9.2805e+06
0.356 1.8745e+07 9.2673e+06
0.357 3.343e+07 9.254e+06
0.358 2.445e+07 9.2409e+06
0.359 1.4733e+07 9.2278e+06
0.36 2.2093e+07 9.2147e+06
0.361 1.7807e+07 9.2017e+06
0.362 1.9159e+07 9.1888e+06
0.363 2.7545e+07 9.1759e+06
0.364 2.2713e+07 9.163e+06
0.365 2.9658e+07 9.1502e+06
0.366 3.55e+07 9.1375e+06
0.367 4.1078e+07 9.1248e+06
0.368 2.8923e+07 9.1122e+06
0.369 1.4643e+07 9.0996e+06
0.37 3.7644e+07 9.087e+06
0.371 1.4783e+07 9.0745e+06
0.372 2.2822e+07 9.0621e+06
0.373 3.9348e+07 9.0497e+06
0.374 2.3973e+07 9.0373e+06
0.375 2.9795e+07 9.025e+06
0.376 2.5163e+07 9.0128e+06
0.377 3.7111e+07 9.0005e+06
0.378 2.6977e+07 8.9884e+06
0.379 2.3706e+07 8.9763e+06
0.38 2.2197e+07 8.9642e+06
0.381 1.9162e+07 8.9522e+06
0.382 3.4751e+07 8.9402e+06
0.383 2.3413e+07 8.9282e+06
0.384 1.7394e+07 8.9163e+06
0.385 2.4595e+07 8.9045e+06
0.386 3.5378e+07 8.8927e+06
0.387 2.8617e+07 8.8809e+06
0.388 3.7099e+07 8.8692e+06
0.389 2.4517e+07 8.8575e+06
0.39 4.5276e+07 8.8459e+06
0.391 3.2221e+07 8.8343e+06
0.392 2.1959e+07 8.8228e+06
0.393 2.1757e+07 8.8113e+06
0.394 3.522e+07 8.7998e+06
0.395 2.323e+07 8.7884e+06
0.396 2.807e+07 8.7771e+06
0.397 2.3798e+07 8.7658e+06
0.398 1.448e+07 8.7545e+06
0.399 2.8314e+07 8.7433e+06
0.4 1.3303e+07 8.7321e+06
0.401 2.6221e+07 8.721e+06
0.402 2.3287e+07 8.7099e+06
0.403 3.0582e+07 8.6989e+06
0.404 1.0726e+07 8.6879e+06
0.405 3.0854e+07 8.6769e+06
0.406 2.5325e+07 8.666e+06
0.407 2.7628e+07 8.6552e+06
0.408 3.498e+07 8.6444e+06
0.409 2.2078e+07 8.6336e+06
0.41 2.4884e+07 8.6229e+06
0.411 2.6558e+07 8.6122e+06
0.412 3.3758e+07 8.6016e+06
0.413 1.608e+07 8.591e+06
0.414 2.14e+07 8.5804e+06
0.415 2.5985e+07 8.5699e+06
0.416 3.486e+07 8.5595e+06
0.417 1.3085e+07 8.5491e+06
0.418 3.2241e+07 8.5387e+06
0.419 5.4103e+06 8.5284e+06
0.42 2.1617e+07 8.5181e+06
0.421 3.7829e+07 8.5079e+06
0.422 3.3203e+07 8.4977e+06
0.423 3.526e+07 8.4876e+06
0.424 3.9367e+07 8.4775e+06
0.425 3.668e+07 8.4674e+06
0.426 2.1616e+07 8.4574e+06
0.427 3.215e+07 8.4475e+06
0.428 3.0582e+07 8.4375e+06
0.429 3.089e+07 8.4277e+06
0.43 2.529e+07 8.4178e+06
0.431 2.8219e+07 8.408e+06
0.432 2.4646e+07 8.3983e+06
0.433 1.9149e+07 8.3886e+06
0.434 3.0774e+07 8.3789e+06
0.435 3.6093e+07 8.3693e+06
0.436 2.8918e+07 8.3597e+06
0.437 2.6313e+07 8.3501e+06
0.438 3.5338e+07 8.3406e+06
0.439 2.0629e+07 8.3311e+06
0.44 1.6134e+07 8.3217e+06
0.441 2.6591e+07 8.3123e+06
0.442 1.9202e+07 8.303e+06
0.443 3.5442e+07 8.2936e+06
0.444 3.9887e+07 8.2844e+06
0.445 3.3964e+07 8.2751e+06
0.446 5.1663e+07 8.2659e+06
0.447 1.9048e+07 8.2568e+06
0.448 3.0759e+07 8.2476e+06
0.449 2.9995e+07 8.2385e+06
0.45 2.8667e+07 8.2295e+06
0.451 1.3193e+07 8.2205e+06
0.452 1.9209e+07 8.2115e+06
0.453 2.0042e+07 8.2025e+06
0.454 3.4339e+07 8.1936e+06
0.455 2.5604e+07 8.1847e+06
0.456 3.7222e+07 8.1759e+06
0.457 2.1601e+07 8.1671e+06
0.458 2.8687e+07 8.1583e+06
0.459 1.8522e+07 8.1495e+06
0.46 3.4399e+07 8.1408e+06
0.461 3.3654e+07 8.1321e+06
0.462 2.4217e+07 8.1235e+06
0.463 4.2676e+07 8.1149e+06
0.464 2.6431e+07 8.1063e+06
0.465 4.1233e+07 8.0977e+06
0.466 2.7307e+07 8.0892e+06
0.467 3.0997e+07 8.0807e+06
0.468 2.7065e+07 8.0723e+06
0.469 2.0744e+07 8.0638e+06
0.47 2.65e+07 8.0554e+06
0.471 3.309e+07 8.047e+06
0.472 1.4836e+07 8.0387e+06
0.473 2.2566e+07 8.0304e+06
0.474 2.4329e+07 8.0221e+06
0.475 3.6113e+07 8.0138e+06
0.476 3.4272e+07 8.0056e+06
0.477 2.9564e+07 7.9974e+06
0.478 2.5033e+07 7.9893e+06
0.479 3.8807e+07 7.9811e+06
0.48 2.9119e+07 7.973e+06
0.481 4.5544e+07 7.9649e+06
0.482 3.1215e+07 7.9569e+06
0.483 3.1606e+07 7.9488e+06
0.484 1.7887e+07 7.9408e+06
0.485 2.9588e+07 7.9328e+06
0.486 2.8207e+07 7.9249e+06
0.487 2.6143e+07 7.917e+06
0.488 2.5854e+07 7.9091e+06
0.489 3.0352e+07 7.9012e+06
0.49 2.3705e+07 7.8933e+06
0.491 3.0388e+07 7.8855e+06
0.492 1.6284e+07 7.8777e+06
0.493 3.6615e+07 7.87e+06
0.494 2.8146e+07 7.8622e+06
0.495 3.4834e+07 7.8545e+06
0.496 3.3956e+07 7.8468e+06
0.497 3.5472e+07 7.8391e+06
0.498 3.4981e+07 7.8315e+06
0.499 2.0471e+07 7.8239e+06
0.5 2.8828e+07 7.8163e+06
