0.001 2.0518e+09 1.4096e+08
0.002 2.1486e+09 9.9667e+07
0.003 1.9273e+09 8.1371e+07
0.004 2.0563e+09 7.0462e+07
0.005 2.1835e+09 6.3015e+07
0.006 2.1559e+09 5.7514e+07
0.007 2.1327e+09 5.3237e+07
0.008 2.1004e+09 4.9788e+07
0.009 2.096e+09 4.6928e+07
0.01 2.0923e+09 4.4507e+07
0.011 2.1062e+09 4.2422e+07
0.012 2.0724e+09 4.0602e+07
0.013 2.134e+09 3.8994e+07
0.014 2.1167e+09 3.756e+07
0.015 2.1011e+09 3.627e+07
0.016 2.1356e+09 3.5102e+07
0.017 2.0475e+09 3.4037e+07
0.018 2.0895e+09 3.306e+07
0.019 2.0764e+09 3.216e+07
0.02 2.0354e+09 3.1328e+07
0.021 1.9655e+09 3.0554e+07
0.022 2.0649e+09 2.9832e+07
0.023 2.0614e+09 2.9156e+07
0.024 2.0271e+09 2.8522e+07
0.025 2.0026e+09 2.7925e+07
0.026 2.0413e+09 2.7362e+07
0.027 2.0324e+09 2.6829e+07
0.028 2.0532e+09 2.6324e+07
0.029 2.0068e+09 2.5844e+07
0.03 2.0165e+09 2.5387e+07
0.031 2.0428e+09 2.4952e+07
0.032 1.9492e+09 2.4536e+07
0.033 1.9938e+09 2.4138e+07
0.034 1.9405e+09 2.3756e+07
0.035 1.9691e+09 2.3391e+07
0.036 1.9244e+09 2.3039e+07
0.037 1.9438e+09 2.2701e+07
0.038 1.9614e+09 2.2376e+07
0.039 1.9209e+09 2.2062e+07
0.04 1.9007e+09 2.176e+07
0.041 1.9462e+09 2.1467e+07
0.042 1.9161e+09 2.1185e+07
0.043 1.8979e+09 2.0911e+07
0.044 1.9209e+09 2.0646e+07
0.045 1.8999e+09 2.0389e+07
0.046 1.8397e+09 2.014e+07
0.047 1.8478e+09 1.9898e+07
0.048 1.8756e+09 1.9663e+07
0.049 1.8266e+09 1.9435e+07
0.05 1.8302e+09 1.9212e+07
0.051 1.8165e+09 1.8996e+07
0.052 1.776e+09 1.8785e+07
0.053 1.7898e+09 1.8579e+07
0.054 1.739e+09 1.8379e+07
0.055 1.7644e+09 1.8183e+07
0.056 1.7227e+09 1.7993e+07
0.057 1.7157e+09 1.7806e+07
0.058 1.7165e+09 1.7624e+07
0.059 1.6876e+09 1.7446e+07
0.06 1.6899e+09 1.7272e+07
0.061 1.689e+09 1.7101e+07
0.062 1.6818e+09 1.6935e+07
0.063 1.65e+09 1.6771e+07
0.064 1.6551e+09 1.6611e+07
0.065 1.6178e+09 1.6454e+07
0.066 1.6253e+09 1.6301e+07
0.067 1.6084e+09 1.615e+07
0.068 1.5829e+09 1.6002e+07
0.069 1.5827e+09 1.5857e+07
0.07 1.5505e+09 1.5715e+07
0.071 1.5546e+09 1.5575e+07
0.072 1.5429e+09 1.5438e+07
0.073 1.5323e+09 1.5303e+07
0.074 1.5105e+09 1.5171e+07
0.075 1.5347e+09 1.5041e+07
0.076 1.4884e+09 1.4913e+07
0.077 1.4711e+09 1.4787e+07
0.078 1.4503e+09 1.4664e+07
0.079 1.4512e+09 1.4542e+07
0.08 1.4266e+09 1.4422e+07
0.081 1.4627e+09 1.4305e+07
0.082 1.3735e+09 1.4189e+07
0.083 1.3862e+09 1.4075e+07
0.084 1.4059e+09 1.3962e+07
0.085 1.3677e+09 1.3852e+07
0.086 1.3384e+09 1.3743e+07
0.087 1.3134e+09 1.3636e+07
0.088 1.3188e+09 1.353e+07
0.089 1.3127e+09 1.3426e+07
0.09 1.2676e+09 1.3323e+07
0.091 1.2592e+09 1.3222e+07
0.092 1.244e+09 1.3122e+07
0.093 1.224e+09 1.3024e+07
0.094 1.2389e+09 1.2927e+07
0.095 1.224e+09 1.2832e+07
0.096 1.2055e+09 1.2738e+07
0.097 1.1846e+09 1.2645e+07
0.098 1.1698e+09 1.2553e+07
0.099 1.1466e+09 1.2463e+07
0.1 1.1728e+09 1.2374e+07
0.101 1.1425e+09 1.2286e+07
0.102 1.1244e+09 1.2199e+07
0.103 1.101e+09 1.2113e+07
0.104 1.0888e+09 1.2029e+07
0.105 1.098e+09 1.1945e+07
0.106 1.0368e+09 1.1863e+07
0.107 1.0631e+09 1.1782e+07
0.108 1.0245e+09 1.1702e+07
0.109 1.0203e+09 1.1623e+07
0.11 9.9645e+08 1.1545e+07
0.111 9.8701e+08 1.1468e+07
0.112 9.8321e+08 1.1391e+07
0.113 9.7478e+08 1.1316e+07
0.114 9.6832e+08 1.1242e+07
0.115 9.4215e+08 1.1169e+07
0.116 9.3053e+08 1.1096e+07
0.117 9.0314e+08 1.1025e+07
0.118 8.9557e+08 1.0955e+07
0.119 9.0842e+08 1.0885e+07
0.12 8.717e+08 1.0816e+07
0.121 8.5923e+08 1.0748e+07
0.122 8.6059e+08 1.0681e+07
0.123 8.4913e+08 1.0615e+07
0.124 8.1553e+08 1.0549e+07
0.125 8.1947e+08 1.0485e+07
0.126 7.8522e+08 1.0421e+07
0.127 8.0462e+08 1.0358e+07
0.128 7.7795e+08 1.0296e+07
0.129 7.6388e+08 1.0234e+07
0.13 7.2484e+08 1.0173e+07
0.131 7.293e+08 1.0113e+07
0.132 7.3635e+08 1.0054e+07
0.133 7.0737e+08 9.9957e+06
0.134 7.0761e+08 9.9379e+06
0.135 7.1583e+08 9.8808e+06
0.136 6.767e+08 9.8244e+06
0.137 6.684e+08 9.7687e+06
0.138 6.4926e+08 9.7137e+06
0.139 6.4126e+08 9.6593e+06
0.14 6.3605e+08 9.6056e+06
0.141 6.4068e+08 9.5526e+06
0.142 6.2034e+08 9.5002e+06
0.143 6.1472e+08 9.4484e+06
0.144 6.028e+08 9.3973e+06
0.145 5.836e+08 9.3468e+06
0.146 5.8789e+08 9.2969e+06
0.147 5.6344e+08 9.2477e+06
0.148 5.5864e+08 9.199e+06
0.149 5.6144e+08 9.1509e+06
0.15 5.3206e+08 9.1035e+06
0.151 5.2201e+08 9.0566e+06
0.152 5.0943e+08 9.0102e+06
0.153 5.0816e+08 8.9645e+06
0.154 5.0986e+08 8.9193e+06
0.155 4.7613e+08 8.8746e+06
0.156 4.7141e+08 8.8305e+06
0.157 4.776e+08 8.787e+06
0.158 4.6326e+08 8.7439e+06
0.159 4.6153e+08 8.7015e+06
0.16 4.5764e+08 8.6595e+06
0.161 4.3285e+08 8.618e+06
0.162 4.0788e+08 8.5771e+06
0.163 4.086e+08 8.5366e+06
0.164 4.0206e+08 8.4966e+06
0.165 4.089e+08 8.4572e+06
0.166 4.0258e+08 8.4182e+06
0.167 3.9737e+08 8.3797e+06
0.168 3.8852e+08 8.3416e+06
0.169 3.7627e+08 8.3041e+06
0.17 3.6775e+08 8.267e+06
0.171 3.6627e+08 8.2303e+06
0.172 3.5249e+08 8.1941e+06
0.173 3.4599e+08 8.1583e+06
0.174 3.4029e+08 8.123e+06
0.175 3.2751e+08 8.0881e+06
0.176 3.1535e+08 8.0536e+06
0.177 3.1975e+08 8.0196e+06
0.178 3.317e+08 7.986e+06
0.179 2.9036e+08 7.9528e+06
0.18 2.9509e+08 7.9199e+06
0.181 2.9444e+08 7.8875e+06
0.182 2.7918e+08 7.8555e+06
0.183 2.7419e+08 7.8239e+06
0.184 2.7656e+08 7.7926e+06
0.185 2.7079e+08 7.7618e+06
0.186 2.5885e+08 7.7313e+06
0.187 2.4632e+08 7.7012e+06
0.188 2.4547e+08 7.6714e+06
0.189 2.4231e+08 7.642e+06
0.19 2.252e+08 7.613e+06
0.191 2.4684e+08 7.5843e+06
0.192 2.2565e+08 7.5559e+06
0.193 2.2834e+08 7.5279e+06
0.194 2.3016e+08 7.5003e+06
0.195 2.0531e+08 7.4729e+06
0.196 2.0675e+08 7.4459e+06
0.197 2.0881e+08 7.4192e+06
0.198 1.9166e+08 7.3928e+06
0.199 1.8909e+08 7.3668e+06
0.2 1.8207e+08 7.341e+06
0.201 1.8231e+08 7.3156e+06
0.202 1.7597e+08 7.2905e+06
0.203 1.8091e+08 7.2656e+06
0.204 1.661e+08 7.2411e+06
0.205 1.6463e+08 7.2168e+06
0.206 1.5743e+08 7.1928e+06
0.207 1.4429e+08 7.1691e+06
0.208 1.5758e+08 7.1457e+06
0.209 1.4844e+08 7.1226e+06
0.21 1.4083e+08 7.0997e+06
0.211 1.4329e+08 7.0771e+06
0.212 1.2305e+08 7.0547e+06
0.213 1.3006e+08 7.0326e+06
0.214 1.2643e+08 7.0108e+06
0.215 1.1773e+08 6.9892e+06
0.216 1.2124e+08 6.9678e+06
0.217 1.1671e+08 6.9467e+06
0.218 1.1178e+08 6.9258e+06
0.219 1.1384e+08 6.9052e+06
0.22 1.1666e+08 6.8848e+06
0.221 1.1213e+08 6.8646e+06
0.222 9.771e+07 6.8447e+06
0.223 8.2958e+07 6.8249e+06
0.224 1.0493e+08 6.8054e+06
0.225 8.7967e+07 6.7861e+06
0.226 9.3896e+07 6.767e+06
0.227 9.3797e+07 6.7482e+06
0.228 8.5434e+07 6.7295e+06
0.229 8.2385e+07 6.711e+06
0.23 8.2356e+07 6.6928e+06
0.231 8.2659e+07 6.6747e+06
0.232 6.8134e+07 6.6568e+06
0.233 7.1544e+07 6.6391e+06
0.234 7.3221e+07 6.6216e+06
0.235 6.6509e+07 6.6043e+06
0.236 7.7677e+07 6.5872e+06
0.237 7.022e+07 6.5702e+06
0.238 5.5092e+07 6.5535e+06
0.239 7.376e+07 6.5369e+06
0.24 5.5125e+07 6.5204e+06
0.241 5.0515e+07 6.5042e+06
0.242 5.3794e+07 6.4881e+06
0.243 6.6159e+07 6.4722e+06
0.244 5.1243e+07 6.4564e+06
0.245 6.2493e+07 6.4408e+06
0.246 4.8364e+07 6.4253e+06
0.247 6.2286e+07 6.41e+06
0.248 5.9206e+07 6.3949e+06
0.249 5.4181e+07 6.3799e+06
0.25 4.4899e+07 6.3651e+06
0.251 4.345e+07 6.3504e+06
0.252 3.9543e+07 6.3358e+06
0.253 4.2411e+07 6.3214e+06
0.254 4.8587e+07 6.3071e+06
0.255 4.5659e+07 6.293e+06
0.256 2.8157e+07 6.279e+06
0.257 3.4588e+07 6.2651e+06
0.258 5.4244e+07 6.2514e+06
0.259 3.9792e+07 6.2378e+06
0.26 4.7267e+07 6.2243e+06
0.261 2.62e+07 6.2109e+06
0.262 3.1587e+07 6.1977e+06
0.263 3.0352e+07 6.1846e+06
0.264 3.6206e+07 6.1716e+06
0.265 2.6212e+07 6.1587e+06
0.266 3.3238e+07 6.1459e+06
0.267 2.5644e+07 6.1333e+06
0.268 1.8629e+07 6.1208e+06
0.269 2.0837e+07 6.1083e+06
0.27 3.6236e+07 6.096e+06
0.271 3.5997e+07 6.0838e+06
0.272 2.098e+07 6.0717e+06
0.273 3.6083e+07 6.0597e+06
0.274 1.1251e+07 6.0478e+06
0.275 1.9368e+07 6.036e+06
0.276 3.5227e+07 6.0244e+06
0.277 2.4102e+07 6.0128e+06
0.278 1.854e+07 6.0013e+06
0.279 3.7671e+07 5.9899e+06
0.28 2.2051e+07 5.9786e+06
0.281 1.7472e+07 5.9674e+06
0.282 1.6631e+07 5.9562e+06
0.283 2.7761e+07 5.9452e+06
0.284 2.4186e+07 5.9343e+06
0.285 1.6849e+07 5.9234e+06
0.286 1.6006e+07 5.9126e+06
0.287 2.5781e+07 5.902e+06
0.288 2.2359e+07 5.8914e+06
0.289 1.5688e+07 5.8809e+06
0.29 9.8526e+06 5.8704e+06
0.291 2.0081e+07 5.8601e+06
0.292 2.1165e+07 5.8498e+06
0.293 1.8033e+07 5.8396e+06
0.294 1.8562e+07 5.8295e+06
0.295 1.8111e+07 5.8194e+06
0.296 1.6259e+07 5.8095e+06
0.297 1.4555e+07 5.7996e+06
0.298 2.2419e+07 5.7897e+06
0.299 1.5266e+07 5.78e+06
0.3 2.1456e+07 5.7703e+06
0.301 1.1394e+07 5.7607e+06
0.302 2.3864e+06 5.7511e+06
0.303 1.4759e+07 5.7416e+06
0.304 4.7736e+06 5.7322e+06
0.305 2.1892e+07 5.7229e+06
0.306 2.0163e+07 5.7136e+06
0.307 1.8767e+07 5.7044e+06
0.308 1.9815e+07 5.6952e+06
0.309 1.2492e+07 5.6861e+06
0.31 1.9761e+07 5.677e+06
0.311 2.4163e+07 5.6681e+06
0.312 1.0775e+07 5.6591e+06
0.313 2.1384e+07 5.6503e+06
0.314 1.7902e+07 5.6415e+06
0.315 1.8704e+07 5.6327e+06
0.316 9.6724e+06 5.624e+06
0.317 2.0553e+07 5.6154e+06
0.318 2.0215e+07 5.6068e+06
0.319 2.6094e+07 5.5982e+06
0.32 1.9935e+07 5.5897e+06
0.321 2.0897e+07 5.5813e+06
0.322 2.3711e+07 5.5729e+06
0.323 1.8487e+07 5.5646e+06
0.324 2.6962e+07 5.5563e+06
0.325 2.4803e+07 5.548e+06
0.326 1.8557e+07 5.5398e+06
0.327 2.0687e+07 5.5317e+06
0.328 1.6705e+07 5.5236e+06
0.329 1.6137e+07 5.5155e+06
0.33 2.222e+07 5.5075e+06
0.331 2.3038e+07 5.4995e+06
0.332 2.0698e+07 5.4916e+06
0.333 2.8697e+07 5.4837e+06
0.334 3.058e+07 5.4758e+06
0.335 3.3293e+07 5.468e+06
0.336 2.1623e+07 5.4602e+06
0.337 2.6043e+07 5.4525e+06
0.338 1.9041e+07 5.4448e+06
0.339 2.7529e+07 5.4371e+06
0.34 2.4357e+07 5.4295e+06
0.341 2.2569e+07 5.4219e+06
0.342 2.3114e+07 5.4144e+06
0.343 2.7882e+07 5.4069e+06
0.344 2.657e+07 5.3994e+06
0.345 2.8313e+07 5.392e+06
0.346 2.9795e+07 5.3846e+06
0.347 2.7452e+07 5.3772e+06
0.348 3.5247e+07 5.3699e+06
0.349 3.3442e+07 5.3625e+06
0.35 1.9504e+07 5.3553e+06
0.351 3.4616e+07 5.348e+06
0.352 3.2369e+07 5.3408e+06
0.353 3.4833e+07 5.3336e+06
0.354 2.7476e+07 5.3265e+06
0.355 3.4505e+07 5.3193e+06
0.356 2.4427e+07 5.3122e+06
0.357 3.1595e+07 5.3052e+06
0.358 3.5936e+07 5.2981e+06
0.359 3.3528e+07 5.2911e+06
0.36 3.1897e+07 5.2841e+06
0.361 3.7782e+07 5.2772e+06
0.362 3.6164e+07 5.2703e+06
0.363 2.8917e+07 5.2633e+06
0.364 2.3924e+07 5.2565e+06
0.365 2.8804e+07 5.2496e+06
0.366 4.1973e+07 5.2428e+06
0.367 3.3248e+07 5.236e+06
0.368 2.6859e+07 5.2292e+06
0.369 2.6813e+07 5.2224e+06
0.37 3.961e+07 5.2157e+06
0.371 2.8577e+07 5.209e+06
0.372 3.3157e+07 5.2023e+06
0.373 3.4988e+07 5.1956e+06
0.374 3.168e+07 5.189e+06
0.375 4.1107e+07 5.1824e+06
0.376 2.9075e+07 5.1758e+06
0.377 3.6405e+07 5.1692e+06
0.378 4.6251e+07 5.1626e+06
0.379 3.6403e+07 5.1561e+06
0.38 3.7167e+07 5.1496e+06
0.381 3.8863e+07 5.1431e+06
0.382 4.4522e+07 5.1366e+06
0.383 3.9874e+07 5.1301e+06
0.384 4.1152e+07 5.1237e+06
0.385 4.104e+07 5.1173e+06
0.386 4.093e+07 5.1109e+06
0.387 3.4805e+07 5.1045e+06
0.388 4.2362e+07 5.0981e+06
0.389 4.2795e+07 5.0918e+06
0.39 4.2858e+07 5.0855e+06
0.391 4.171e+07 5.0792e+06
0.392 3.6292e+07 5.0729e+06
0.393 4.1267e+07 5.0666e+06
0.394 5.162e+07 5.0603e+06
0.395 4.6659e+07 5.0541e+06
0.396 3.582e+07 5.0479e+06
0.397 4.0976e+07 5.0417e+06
0.398 3.9163e+07 5.0355e+06
0.399 3.8252e+07 5.0293e+06
0.4 3.8804e+07 5.0232e+06
0.401 4.278e+07 5.017e+06
0.402 4.614e+07 5.0109e+06
0.403 4.1473e+07 5.0048e+06
0.404 4.1209e+07 4.9987e+06
0.405 3.9104e+07 4.9927e+06
0.406 4.219e+07 4.9866e+06
0.407 4.4607e+07 4.9806e+06
0.408 3.7592e+07 4.9746e+06
0.409 3.3117e+07 4.9686e+06
0.41 4.4211e+07 4.9626e+06
0.411 4.6476e+07 4.9566e+06
0.412 3.8352e+07 4.9506e+06
0.413 3.3001e+07 4.9447e+06
0.414 5.7291e+07 4.9388e+06
0.415 4.6012e+07 4.9329e+06
0.416 3.5843e+07 4.927e+06
0.417 5.1396e+07 4.9211e+06
0.418 4.7768e+07 4.9152e+06
0.419 4.4392e+07 4.9094e+06
0.42 3.9101e+07 4.9035e+06
0.421 3.5903e+07 4.8977e+06
0.422 4.6692e+07 4.8919e+06
0.423 4.3852e+07 4.8861e+06
0.424 4.1348e+07 4.8803e+06
0.425 4.7777e+07 4.8746e+06
0.426 4.3445e+07 4.8688e+06
0.427 3.7742e+07 4.8631e+06
0.428 3.4923e+07 4.8574e+06
0.429 3.3168e+07 4.8517e+06
0.43 3.826e+07 4.846e+06
0.431 4.2867e+07 4.8403e+06
0.432 4.7705e+07 4.8347e+06
0.433 4.5275e+07 4.829e+06
0.434 3.2126e+07 4.8234e+06
0.435 4.0444e+07 4.8178e+06
0.436 4.1903e+07 4.8122e+06
0.437 4.0502e+07 4.8066e+06
0.438 3.2668e+07 4.8011e+06
0.439 4.2239e+07 4.7955e+06
0.44 3.7893e+07 4.79e+06
0.441 3.5249e+07 4.7845e+06
0.442 4.8024e+07 4.779e+06
0.443 4.9759e+07 4.7735e+06
0.444 4.7169e+07 4.768e+06
0.445 3.1769e+07 4.7625e+06
0.446 3.4139e+07 4.7571e+06
0.447 3.656e+07 4.7517e+06
0.448 3.3623e+07 4.7463e+06
0.449 4.1378e+07 4.7409e+06
0.45 3.2801e+07 4.7355e+06
0.451 5.0257e+07 4.7301e+06
0.452 2.457e+07 4.7248e+06
0.453 3.9347e+07 4.7194e+06
0.454 4.0157e+07 4.7141e+06
0.455 3.8801e+07 4.7088e+06
0.456 3.7893e+07 4.7035e+06
0.457 4.2619e+07 4.6982e+06
0.458 3.1596e+07 4.693e+06
0.459 3.1613e+07 4.6877e+06
0.46 4.2866e+07 4.6825e+06
0.461 3.9826e+07 4.6773e+06
0.462 3.7147e+07 4.6721e+06
0.463 3.3775e+07 4.6669e+06
0.464 3.8086e+07 4.6617e+06
0.465 4.0583e+07 4.6566e+06
0.466 2.8549e+07 4.6514e+06
0.467 2.9957e+07 4.6463e+06
0.468 3.3892e+07 4.6412e+06
0.469 3.7894e+07 4.6361e+06
0.47 3.7167e+07 4.631e+06
0.471 3.519e+07 4.6259e+06
0.472 3.6873e+07 4.6209e+06
0.473 4.0133e+07 4.6159e+06
0.474 3.5345e+07 4.6109e+06
0.475 3.417e+07 4.6059e+06
0.476 3.4024e+07 4.6009e+06
0.477 3.9929e+07 4.5959e+06
0.478 4.4531e+07 4.5909e+06
0.479 3.0856e+07 4.586e+06
0.48 3.5014e+07 4.5811e+06
0.481 4.213e+07 4.5762e+06
0.482 4.1276e+07 4.5713e+06
0.483 4.1042e+07 4.5664e+06
0.484 3.1832e+07 4.5615e+06
0.485 2.9945e+07 4.5567e+06
0.486 3.5982e+07 4.5518e+06
0.487 3.6824e+07 4.547e+06
0.488 3.573e+07 4.5422e+06
0.489 3.9671e+07 4.5374e+06
0.49 3.428e+07 4.5327e+06
0.491 3.7715e+07 4.5279e+06
0.492 3.3352e+07 4.5232e+06
0.493 2.9993e+07 4.5184e+06
0.494 3.644e+07 4.5137e+06
0.495 2.8999e+07 4.509e+06
0.496 4.0461e+07 4.5043e+06
0.497 4.6673e+07 4.4997e+06
0.498 3.5389e+07 4.495e+06
0.499 3.3498e+07 4.4904e+06
0.5 3.1301e+07 4.4857e+06
