0.001 1.7003e+10 1.0832e+09
0.002 1.9739e+10 7.658e+08
0.003 1.9737e+10 6.2506e+08
0.004 1.9225e+10 5.4106e+08
0.005 1.9704e+10 4.8365e+08
0.006 1.9497e+10 4.4118e+08
0.007 1.8744e+10 4.081e+08
0.008 1.8787e+10 3.8135e+08
0.009 1.9617e+10 3.5914e+08
0.01 1.9282e+10 3.4027e+08
0.011 1.8948e+10 3.2398e+08
0.012 1.8646e+10 3.0971e+08
0.013 1.8958e+10 2.9707e+08
0.014 1.8857e+10 2.8575e+08
0.015 1.8175e+10 2.7553e+08
0.016 1.8829e+10 2.6624e+08
0.017 1.848e+10 2.5773e+08
0.018 1.8429e+10 2.4989e+08
0.019 1.7899e+10 2.4264e+08
0.02 1.8477e+10 2.359e+08
0.021 1.8144e+10 2.296e+08
0.022 1.7626e+10 2.237e+08
0.023 1.7619e+10 2.1815e+08
0.024 1.7381e+10 2.1291e+08
0.025 1.7442e+10 2.0796e+08
0.026 1.7358e+10 2.0326e+08
0.027 1.7102e+10 1.9879e+08
0.028 1.6951e+10 1.9454e+08
0.029 1.6787e+10 1.9047e+08
0.03 1.6305e+10 1.8659e+08
0.031 1.6456e+10 1.8286e+08
0.032 1.5985e+10 1.7929e+08
0.033 1.6062e+10 1.7585e+08
0.034 1.5574e+10 1.7254e+08
0.035 1.5756e+10 1.6936e+08
0.036 1.5444e+10 1.6628e+08
0.037 1.5305e+10 1.6331e+08
0.038 1.4867e+10 1.6044e+08
0.039 1.4896e+10 1.5766e+08
0.04 1.4452e+10 1.5496e+08
0.041 1.4307e+10 1.5235e+08
0.042 1.4116e+10 1.4982e+08
0.043 1.4024e+10 1.4735e+08
0.044 1.3925e+10 1.4496e+08
0.045 1.3497e+10 1.4264e+08
0.046 1.3291e+10 1.4038e+08
0.047 1.3153e+10 1.3818e+08
0.048 1.2808e+10 1.3603e+08
0.049 1.2884e+10 1.3395e+08
0.05 1.2618e+10 1.3191e+08
0.051 1.2392e+10 1.2993e+08
0.052 1.2001e+10 1.2799e+08
0.053 1.1652e+10 1.2611e+08
0.054 1.1536e+10 1.2427e+08
0.055 1.1489e+10 1.2247e+08
0.056 1.1155e+10 1.2071e+08
0.057 1.1064e+10 1.19e+08
0.058 1.0745e+10 1.1733e+08
0.059 1.0647e+10 1.1569e+08
0.06 1.0402e+10 1.1409e+08
0.061 1.027e+10 1.1253e+08
0.062 9.845e+09 1.1101e+08
0.063 9.9803e+09 1.0952e+08
0.064 9.6227e+09 1.0806e+08
0.065 9.4954e+09 1.0663e+08
0.066 9.4626e+09 1.0524e+08
0.067 9.083e+09 1.0388e+08
0.068 9.0166e+09 1.0254e+08
0.069 8.6857e+09 1.0124e+08
0.07 8.6437e+09 9.9967e+07
0.071 8.4119e+09 9.8721e+07
0.072 8.1943e+09 9.7502e+07
0.073 7.9963e+09 9.6311e+07
0.074 7.9092e+09 9.5145e+07
0.075 7.604e+09 9.4005e+07
0.076 7.4455e+09 9.289e+07
0.077 7.4616e+09 9.18e+07
0.078 7.2752e+09 9.0733e+07
0.079 7.1131e+09 8.969e+07
0.08 6.8772e+09 8.867e+07
0.081 6.765e+09 8.7672e+07
0.082 6.4924e+09 8.6695e+07
0.083 6.3653e+09 8.574e+07
0.084 6.3731e+09 8.4806e+07
0.085 6.1114e+09 8.3893e+07
0.086 6.0791e+09 8.2999e+07
0.087 5.8089e+09 8.2125e+07
0.088 5.7723e+09 8.127e+07
0.089 5.6076e+09 8.0433e+07
0.09 5.6045e+09 7.9615e+07
0.091 5.4407e+09 7.8814e+07
0.092 5.3436e+09 7.8031e+07
0.093 5.1188e+09 7.7264e+07
0.094 5.0039e+09 7.6514e+07
0.095 4.8895e+09 7.578e+07
0.096 4.9576e+09 7.5062e+07
0.097 4.8169e+09 7.4359e+07
0.098 4.6831e+09 7.3671e+07
0.099 4.5112e+09 7.2998e+07
0.1 4.3928e+09 7.2339e+07
0.101 4.4457e+09 7.1693e+07
0.102 4.3162e+09 7.1062e+07
0.103 4.112e+09 7.0443e+07
0.104 4.215e+09 6.9837e+07
0.105 3.8903e+09 6.9244e+07
0.106 3.9493e+09 6.8663e+07
0.107 3.8895e+09 6.8094e+07
0.108 3.7723e+09 6.7536e+07
0.109 3.6177e+09 6.699e+07
0.11 3.6213e+09 6.6455e+07
0.111 3.5144e+09 6.593e+07
0.112 3.4673e+09 6.5416e+07
0.113 3.361e+09 6.4912e+07
0.114 3.3436e+09 6.4417e+07
0.115 3.2091e+09 6.3933e+07
0.116 3.091e+09 6.3458e+07
0.117 3.1645e+09 6.2992e+07
0.118 3.1035e+09 6.2535e+07
0.119 3.0313e+09 6.2086e+07
0.12 2.8186e+09 6.1646e+07
0.121 2.8839e+09 6.1215e+07
0.122 2.7318e+09 6.0791e+07
0.123 2.7939e+09 6.0375e+07
0.124 2.7402e+09 5.9967e+07
0.125 2.6887e+09 5.9566e+07
0.126 2.6818e+09 5.9173e+07
0.127 2.4376e+09 5.8786e+07
0.128 2.4924e+09 5.8407e+07
0.129 2.5109e+09 5.8034e+07
0.13 2.3717e+09 5.7668e+07
0.131 2.3232e+09 5.7308e+07
0.132 2.2344e+09 5.6955e+07
0.133 2.291e+09 5.6608e+07
0.134 2.1979e+09 5.6267e+07
0.135 2.2065e+09 5.5931e+07
0.136 2.0381e+09 5.5602e+07
0.137 2.0074e+09 5.5278e+07
0.138 2.0143e+09 5.4959e+07
0.139 1.9821e+09 5.4646e+07
0.14 1.8804e+09 5.4338e+07
0.141 1.9133e+09 5.4035e+07
0.142 1.8406e+09 5.3738e+07
0.143 1.8866e+09 5.3445e+07
0.144 1.7854e+09 5.3157e+07
0.145 1.761e+09 5.2873e+07
0.146 1.6655e+09 5.2595e+07
0.147 1.5912e+09 5.2321e+07
0.148 1.5248e+09 5.2051e+07
0.149 1.7176e+09 5.1785e+07
0.15 1.6127e+09 5.1524e+07
0.151 1.6274e+09 5.1267e+07
0.152 1.5136e+09 5.1014e+07
0.153 1.4124e+09 5.0766e+07
0.154 1.4055e+09 5.0521e+07
0.155 1.3755e+09 5.0279e+07
0.156 1.2871e+09 5.0042e+07
0.157 1.4148e+09 4.9808e+07
0.158 1.3073e+09 4.9578e+07
0.159 1.3436e+09 4.9352e+07
0.16 1.3111e+09 4.9128e+07
0.161 1.247e+09 4.8909e+07
0.162 1.3177e+09 4.8692e+07
0.163 1.2478e+09 4.8479e+07
0.164 1.1361e+09 4.8269e+07
0.165 1.1837e+09 4.8062e+07
0.166 1.1805e+09 4.7859e+07
0.167 1.1213e+09 4.7658e+07
0.168 1.1405e+09 4.746e+07
0.169 1.1647e+09 4.7265e+07
0.17 1.1058e+09 4.7073e+07
0.171 1.1176e+09 4.6883e+07
0.172 1.1369e+09 4.6696e+07
0.173 1.1063e+09 4.6512e+07
0.174 1.0274e+09 4.6331e+07
0.175 1.0691e+09 4.6152e+07
0.176 9.0625e+08 4.5975e+07
0.177 9.6216e+08 4.5801e+07
0.178 9.7301e+08 4.5629e+07
0.179 9.4398e+08 4.546e+07
0.18 9.0083e+08 4.5292e+07
0.181 8.0308e+08 4.5127e+07
0.182 8.8516e+08 4.4965e+07
0.183 8.1323e+08 4.4804e+07
0.184 8.2768e+08 4.4645e+07
0.185 8.7865e+08 4.4489e+07
0.186 7.9069e+08 4.4334e+07
0.187 8.5265e+08 4.4181e+07
0.188 7.689e+08 4.403e+07
0.189 8.7578e+08 4.3882e+07
0.19 8.241e+08 4.3734e+07
0.191 7.1792e+08 4.3589e+07
0.192 7.8715e+08 4.3446e+07
0.193 8.4199e+08 4.3304e+07
0.194 6.1838e+08 4.3164e+07
0.195 7.0101e+08 4.3025e+07
0.196 6.5657e+08 4.2888e+07
0.197 7.1569e+08 4.2753e+07
0.198 7.287e+08 4.2619e+07
0.199 6.8976e+08 4.2487e+07
0.2 6.7222e+08 4.2356e+07
0.201 6.7658e+08 4.2227e+07
0.202 6.0865e+08 4.2099e+07
0.203 6.0206e+08 4.1972e+07
0.204 6.6832e+08 4.1847e+07
0.205 6.048e+08 4.1724e+07
0.206 6.8175e+08 4.1601e+07
0.207 6.5298e+08 4.148e+07
0.208 5.6328e+08 4.136e+07
0.209 6.105e+08 4.1242e+07
0.21 6.175e+08 4.1125e+07
0.211 5.8822e+08 4.1009e+07
0.212 5.4896e+08 4.0894e+07
0.213 6.0837e+08 4.078e+07
0.214 6.8549e+08 4.0667e+07
0.215 5.5522e+08 4.0556e+07
0.216 5.6687e+08 4.0446e+07
0.217 6.0458e+08 4.0337e+07
0.218 5.1471e+08 4.0229e+07
0.219 4.9285e+08 4.0121e+07
0.22 5.2726e+08 4.0015e+07
0.221 4.285e+08 3.9911e+07
0.222 4.7563e+08 3.9807e+07
0.223 4.6798e+08 3.9704e+07
0.224 5.3877e+08 3.9602e+07
0.225 4.7291e+08 3.9501e+07
0.226 4.5241e+08 3.9401e+07
0.227 4.6278e+08 3.9301e+07
0.228 4.5621e+08 3.9203e+07
0.229 5.2123e+08 3.9106e+07
0.23 4.5446e+08 3.9009e+07
0.231 4.2582e+08 3.8914e+07
0.232 4.875e+08 3.8819e+07
0.233 4.7051e+08 3.8725e+07
0.234 4.804e+08 3.8632e+07
0.235 4.2347e+08 3.854e+07
0.236 3.8996e+08 3.8448e+07
0.237 4.4898e+08 3.8358e+07
0.238 4.3249e+08 3.8268e+07
0.239 4.2876e+08 3.8179e+07
0.24 4.0902e+08 3.809e+07
0.241 4.3684e+08 3.8002e+07
0.242 4.2335e+08 3.7915e+07
0.243 4.0936e+08 3.7829e+07
0.244 3.9929e+08 3.7743e+07
0.245 3.1795e+08 3.7658e+07
0.246 4.5229e+08 3.7574e+07
0.247 4.3141e+08 3.749e+07
0.248 3.9746e+08 3.7407e+07
0.249 4.8283e+08 3.7324e+07
0.25 4.3883e+08 3.7242e+07
0.251 3.7051e+08 3.7161e+07
0.252 3.2838e+08 3.708e+07
0.253 3.4449e+08 3.7e+07
0.254 3.3887e+08 3.692e+07
0.255 3.9792e+08 3.6841e+07
0.256 3.7878e+08 3.6763e+07
0.257 4.2676e+08 3.6685e+07
0.258 3.2649e+08 3.6607e+07
0.259 3.7828e+08 3.653e+07
0.26 3.7199e+08 3.6453e+07
0.261 3.4699e+08 3.6377e+07
0.262 3.1363e+08 3.6302e+07
0.263 3.9394e+08 3.6226e+07
0.264 4.2716e+08 3.6152e+07
0.265 3.8301e+08 3.6077e+07
0.266 3.7262e+08 3.6003e+07
0.267 3.024e+08 3.593e+07
0.268 3.6503e+08 3.5857e+07
0.269 3.9425e+08 3.5784e+07
0.27 3.6922e+08 3.5712e+07
0.271 3.4065e+08 3.564e+07
0.272 3.2246e+08 3.5569e+07
0.273 3.5086e+08 3.5498e+07
0.274 2.9152e+08 3.5427e+07
0.275 2.7568e+08 3.5357e+07
0.276 2.6255e+08 3.5287e+07
0.277 3.093e+08 3.5218e+07
0.278 2.8742e+08 3.5148e+07
0.279 3.5669e+08 3.508e+07
0.28 3.0599e+08 3.5011e+07
0.281 3.3838e+08 3.4943e+07
0.282 2.2894e+08 3.4875e+07
0.283 2.823e+08 3.4808e+07
0.284 2.6831e+08 3.4741e+07
0.285 3.267e+08 3.4674e+07
0.286 3.1339e+08 3.4608e+07
0.287 3.9351e+08 3.4542e+07
0.288 3.5954e+08 3.4476e+07
0.289 3.3922e+08 3.4411e+07
0.29 2.7181e+08 3.4346e+07
0.291 1.9034e+08 3.4281e+07
0.292 3.0095e+08 3.4217e+07
0.293 2.7594e+08 3.4153e+07
0.294 2.6591e+08 3.4089e+07
0.295 3.307e+08 3.4026e+07
0.296 1.6683e+08 3.3963e+07
0.297 2.5092e+08 3.39e+07
0.298 1.9528e+08 3.3838e+07
0.299 2.1991e+08 3.3776e+07
0.3 2.741e+08 3.3714e+07
0.301 2.9159e+08 3.3653e+07
0.302 2.4537e+08 3.3591e+07
0.303 2.2492e+08 3.3531e+07
0.304 3.0564e+08 3.347e+07
0.305 2.6357e+08 3.341e+07
0.306 2.7658e+08 3.335e+07
0.307 2.8008e+08 3.3291e+07
0.308 2.8528e+08 3.3232e+07
0.309 3.2369e+08 3.3173e+07
0.31 2.6088e+08 3.3114e+07
0.311 2.5702e+08 3.3056e+07
0.312 2.4346e+08 3.2998e+07
0.313 2.4863e+08 3.294e+07
0.314 2.2602e+08 3.2883e+07
0.315 2.2469e+08 3.2826e+07
0.316 2.3018e+08 3.277e+07
0.317 1.4548e+08 3.2713e+07
0.318 2.5722e+08 3.2657e+07
0.319 2.3835e+08 3.2601e+07
0.32 2.2358e+08 3.2546e+07
0.321 2.3794e+08 3.2491e+07
0.322 1.9141e+08 3.2436e+07
0.323 1.7571e+08 3.2381e+07
0.324 2.2443e+08 3.2327e+07
0.325 2.4013e+08 3.2273e+07
0.326 2.1942e+08 3.2219e+07
0.327 1.8929e+08 3.2166e+07
0.328 1.4788e+08 3.2113e+07
0.329 2.2452e+08 3.206e+07
0.33 2.1185e+08 3.2007e+07
0.331 2.3466e+08 3.1955e+07
0.332 2.061e+08 3.1903e+07
0.333 1.7522e+08 3.1851e+07
0.334 2.0075e+08 3.18e+07
0.335 1.9104e+08 3.1748e+07
0.336 1.3683e+08 3.1698e+07
0.337 1.6768e+08 3.1647e+07
0.338 1.5855e+08 3.1597e+07
0.339 1.6054e+08 3.1546e+07
0.34 1.6646e+08 3.1497e+07
0.341 1.4394e+08 3.1447e+07
0.342 1.7935e+08 3.1398e+07
0.343 1.804e+08 3.1349e+07
0.344 1.552e+08 3.13e+07
0.345 1.5396e+08 3.1251e+07
0.346 2.2339e+08 3.1203e+07
0.347 2.0757e+08 3.1155e+07
0.348 1.286e+08 3.1107e+07
0.349 1.7958e+08 3.1059e+07
0.35 1.4447e+08 3.1012e+07
0.351 1.4609e+08 3.0965e+07
0.352 1.3325e+08 3.0918e+07
0.353 1.0916e+08 3.0871e+07
0.354 1.9033e+08 3.0825e+07
0.355 9.2862e+07 3.0779e+07
0.356 1.4716e+08 3.0733e+07
0.357 1.5656e+08 3.0687e+07
0.358 9.7517e+07 3.0642e+07
0.359 1.7291e+08 3.0597e+07
0.36 1.518e+08 3.0552e+07
0.361 1.3908e+08 3.0507e+07
0.362 1.2772e+08 3.0463e+07
0.363 1.3324e+08 3.0418e+07
0.364 1.6064e+08 3.0374e+07
0.365 8.2853e+07 3.033e+07
0.366 1.5282e+08 3.0287e+07
0.367 9.4451e+07 3.0243e+07
0.368 1.3347e+08 3.02e+07
0.369 1.6926e+08 3.0157e+07
0.37 1.6591e+08 3.0114e+07
0.371 1.0686e+08 3.0072e+07
0.372 1.4189e+08 3.003e+07
0.373 9.34e+07 2.9987e+07
0.374 1.2868e+08 2.9946e+07
0.375 1.6792e+08 2.9904e+07
0.376 7.3369e+07 2.9862e+07
0.377 1.8014e+08 2.9821e+07
0.378 1.4897e+08 2.978e+07
0.379 8.7044e+07 2.9739e+07
0.38 1.7859e+08 2.9698e+07
0.381 1.4423e+08 2.9658e+07
0.382 1.5094e+08 2.9618e+07
0.383 1.3247e+08 2.9578e+07
0.384 1.2148e+08 2.9538e+07
0.385 1.5644e+08 2.9498e+07
0.386 8.7661e+07 2.9459e+07
0.387 7.0567e+07 2.9419e+07
0.388 1.1438e+08 2.938e+07
0.389 1.1824e+08 2.9341e+07
0.39 8.9676e+07 2.9302e+07
0.391 1.2509e+08 2.9264e+07
0.392 1.3833e+08 2.9226e+07
0.393 1.4558e+08 2.9187e+07
0.394 1.5521e+08 2.9149e+07
0.395 1.116e+08 2.9112e+07
0.396 1.024e+08 2.9074e+07
0.397 1.1143e+08 2.9036e+07
0.398 1.0308e+08 2.8999e+07
0.399 1.1222e+08 2.8962e+07
0.4 1.4375e+08 2.8925e+07
0.401 1.1137e+08 2.8888e+07
0.402 1.1349e+08 2.8852e+07
0.403 7.2195e+07 2.8815e+07
0.404 8.6427e+07 2.8779e+07
0.405 1.6888e+08 2.8743e+07
0.406 9.9307e+07 2.8707e+07
0.407 4.7605e+07 2.8671e+07
0.408 1.0475e+08 2.8635e+07
0.409 7.6516e+07 2.86e+07
0.41 9.0226e+07 2.8565e+07
0.411 1.2406e+08 2.8529e+07
0.412 1.5081e+08 2.8494e+07
0.413 1.4434e+08 2.8459e+07
0.414 6.2178e+07 2.8425e+07
0.415 1.6011e+08 2.839e+07
0.416 6.2978e+07 2.8356e+07
0.417 1.5869e+08 2.8321e+07
0.418 8.4594e+07 2.8287e+07
0.419 1.0254e+08 2.8253e+07
0.42 1.8538e+08 2.8219e+07
0.421 1.2702e+08 2.8186e+07
0.422 1.622e+08 2.8152e+07
0.423 1.1683e+08 2.8118e+07
0.424 1.7786e+08 2.8085e+07
0.425 1.1597e+08 2.8052e+07
0.426 9.9455e+07 2.8019e+07
0.427 4.9223e+07 2.7986e+07
0.428 1.4614e+08 2.7953e+07
0.429 1.2284e+08 2.792e+07
0.43 1.0192e+08 2.7888e+07
0.431 1.562e+08 2.7856e+07
0.432 1.5677e+08 2.7823e+07
0.433 8.1245e+07 2.7791e+07
0.434 1.0055e+08 2.7759e+07
0.435 7.2444e+07 2.7727e+07
0.436 1.3499e+08 2.7695e+07
0.437 1.0121e+08 2.7664e+07
0.438 1.1847e+08 2.7632e+07
0.439 9.6374e+07 2.7601e+07
0.44 1.345e+08 2.7569e+07
0.441 1.1562e+08 2.7538e+07
0.442 1.1938e+08 2.7507e+07
0.443 1.4536e+08 2.7476e+07
0.444 1.0463e+08 2.7445e+07
0.445 4.6951e+07 2.7414e+07
0.446 1.3462e+08 2.7384e+07
0.447 1.2203e+08 2.7353e+07
0.448 1.2347e+08 2.7323e+07
0.449 1.2399e+08 2.7292e+07
0.45 1.3199e+08 2.7262e+07
0.451 1.4272e+08 2.7232e+07
0.452 1.1253e+08 2.7202e+07
0.453 9.0965e+07 2.7172e+07
0.454 1.4472e+08 2.7142e+07
0.455 9.8003e+07 2.7113e+07
0.456 8.5511e+07 2.7083e+07
0.457 1.3425e+08 2.7054e+07
0.458 1.3693e+08 2.7024e+07
0.459 9.6973e+07 2.6995e+07
0.46 1.4031e+08 2.6966e+07
0.461 1.1899e+08 2.6937e+07
0.462 1.6173e+08 2.6908e+07
0.463 1.1103e+08 2.6879e+07
0.464 1.1023e+08 2.685e+07
0.465 1.1302e+08 2.6822e+07
0.466 1.7052e+08 2.6793e+07
0.467 9.8407e+07 2.6765e+07
0.468 1.0515e+08 2.6736e+07
0.469 1.2015e+08 2.6708e+07
0.47 1.2487e+08 2.668e+07
0.471 8.2629e+07 2.6652e+07
0.472 9.7808e+07 2.6624e+07
0.473 6.9089e+07 2.6596e+07
0.474 9.1197e+07 2.6568e+07
0.475 1.0819e+08 2.654e+07
0.476 9.7387e+07 2.6512e+07
0.477 5.4372e+07 2.6485e+07
0.478 1.0631e+08 2.6457e+07
0.479 8.1737e+07 2.643e+07
0.48 8.5825e+07 2.6402e+07
0.481 1.1363e+08 2.6375e+07
0.482 1.0719e+08 2.6348e+07
0.483 1.1051e+08 2.6321e+07
0.484 1.1745e+08 2.6294e+07
0.485 1.1799e+08 2.6267e+07
0.486 9.8305e+07 2.624e+07
0.487 1.421e+08 2.6213e+07
0.488 1.6613e+08 2.6187e+07
0.489 7.9948e+07 2.616e+07
0.49 8.2003e+07 2.6133e+07
0.491 1.0921e+08 2.6107e+07
0.492 5.7879e+07 2.6081e+07
0.493 9.9395e+07 2.6054e+07
0.494 5.5099e+07 2.6028e+07
0.495 9.0115e+07 2.6002e+07
0.496 8.0381e+07 2.5976e+07
0.497 1.2145e+08 2.595e+07
0.498 1.0469e+08 2.5924e+07
0.499 1.2361e+08 2.5898e+07
0.5 1.3536e+08 2.5872e+07
