0.001 2.5057e+09 1.2632e+08
0.002 2.6009e+09 8.9309e+07
0.003 2.2713e+09 7.2908e+07
0.004 2.489e+09 6.3124e+07
0.005 2.4506e+09 5.6441e+07
0.006 2.3629e+09 5.1503e+07
0.007 2.4069e+09 4.766e+07
0.008 2.4396e+09 4.4558e+07
0.009 2.571e+09 4.1984e+07
0.01 2.5269e+09 3.9802e+07
0.011 2.3611e+09 3.7921e+07
0.012 2.5175e+09 3.6276e+07
0.013 2.4274e+09 3.4822e+07
0.014 2.3944e+09 3.3522e+07
0.015 2.4135e+09 3.2352e+07
0.016 2.3775e+09 3.1289e+07
0.017 2.3733e+09 3.0319e+07
0.018 2.4136e+09 2.9428e+07
0.019 2.4024e+09 2.8605e+07
0.02 2.3935e+09 2.7841e+07
0.021 2.3638e+09 2.713e+07
0.022 2.3048e+09 2.6465e+07
0.023 2.3461e+09 2.5842e+07
0.024 2.3592e+09 2.5255e+07
0.025 2.3202e+09 2.4701e+07
0.026 2.3228e+09 2.4177e+07
0.027 2.3043e+09 2.368e+07
0.028 2.2691e+09 2.3207e+07
0.029 2.2714e+09 2.2757e+07
0.03 2.2354e+09 2.2327e+07
0.031 2.2604e+09 2.1916e+07
0.032 2.2039e+09 2.1522e+07
0.033 2.1933e+09 2.1145e+07
0.034 2.186e+09 2.0781e+07
0.035 2.1294e+09 2.0432e+07
0.036 2.2048e+09 2.0095e+07
0.037 2.1684e+09 1.977e+07
0.038 2.133e+09 1.9456e+07
0.039 2.1594e+09 1.9153e+07
0.04 2.0861e+09 1.8859e+07
0.041 2.1014e+09 1.8574e+07
0.042 2.0835e+09 1.8297e+07
0.043 2.0781e+09 1.8029e+07
0.044 2.062e+09 1.7768e+07
0.045 2.0252e+09 1.7514e+07
0.046 2.0235e+09 1.7267e+07
0.047 2.0046e+09 1.7026e+07
0.048 2.0012e+09 1.6791e+07
0.049 1.9917e+09 1.6563e+07
0.05 1.9745e+09 1.6339e+07
0.051 1.925e+09 1.6121e+07
0.052 1.9225e+09 1.5907e+07
0.053 1.8844e+09 1.5699e+07
0.054 1.8682e+09 1.5494e+07
0.055 1.8672e+09 1.5295e+07
0.056 1.8721e+09 1.5099e+07
0.057 1.819e+09 1.4907e+07
0.058 1.8173e+09 1.4719e+07
0.059 1.7898e+09 1.4534e+07
0.06 1.7902e+09 1.4353e+07
0.061 1.7396e+09 1.4176e+07
0.062 1.7364e+09 1.4001e+07
0.063 1.7243e+09 1.383e+07
0.064 1.7123e+09 1.3661e+07
0.065 1.6986e+09 1.3496e+07
0.066 1.6594e+09 1.3333e+07
0.067 1.6189e+09 1.3173e+07
0.068 1.6092e+09 1.3016e+07
0.069 1.5854e+09 1.2861e+07
0.07 1.6091e+09 1.2708e+07
0.071 1.5516e+09 1.2558e+07
0.072 1.5487e+09 1.241e+07
0.073 1.5171e+09 1.2265e+07
0.074 1.5102e+09 1.2122e+07
0.075 1.4703e+09 1.198e+07
0.076 1.4428e+09 1.1841e+07
0.077 1.4227e+09 1.1704e+07
0.078 1.425e+09 1.1569e+07
0.079 1.3972e+09 1.1435e+07
0.08 1.377e+09 1.1304e+07
0.081 1.3751e+09 1.1174e+07
0.082 1.3425e+09 1.1046e+07
0.083 1.3215e+09 1.092e+07
0.084 1.3166e+09 1.0795e+07
0.085 1.271e+09 1.0673e+07
0.086 1.2671e+09 1.0551e+07
0.087 1.2487e+09 1.0432e+07
0.088 1.2178e+09 1.0314e+07
0.089 1.2029e+09 1.0197e+07
0.09 1.1694e+09 1.0082e+07
0.091 1.1503e+09 9.9689e+06
0.092 1.1434e+09 9.8569e+06
0.093 1.1302e+09 9.7464e+06
0.094 1.1288e+09 9.6372e+06
0.095 1.0785e+09 9.5295e+06
0.096 1.0677e+09 9.4231e+06
0.097 1.0463e+09 9.3181e+06
0.098 1.0105e+09 9.2144e+06
0.099 1.0057e+09 9.1121e+06
0.1 9.7506e+08 9.011e+06
0.101 9.8037e+08 8.9112e+06
0.102 9.4684e+08 8.8127e+06
0.103 9.3747e+08 8.7155e+06
0.104 9.1398e+08 8.6195e+06
0.105 9.0349e+08 8.5248e+06
0.106 8.7821e+08 8.4312e+06
0.107 8.6989e+08 8.3388e+06
0.108 8.5459e+08 8.2477e+06
0.109 8.4531e+08 8.1577e+06
0.11 8.128e+08 8.0689e+06
0.111 7.8049e+08 7.9812e+06
0.112 7.7429e+08 7.8947e+06
0.113 7.7503e+08 7.8093e+06
0.114 7.3988e+08 7.7251e+06
0.115 7.394e+08 7.6419e+06
0.116 7.1708e+08 7.5599e+06
0.117 7.1115e+08 7.479e+06
0.118 6.7034e+08 7.3991e+06
0.119 6.6804e+08 7.3204e+06
0.12 6.4558e+08 7.2427e+06
0.121 6.6019e+08 7.1661e+06
0.122 6.3042e+08 7.0905e+06
0.123 6.1966e+08 7.016e+06
0.124 5.8825e+08 6.9425e+06
0.125 5.7818e+08 6.8701e+06
0.126 5.6557e+08 6.7987e+06
0.127 5.6102e+08 6.7283e+06
0.128 5.382e+08 6.6589e+06
0.129 5.3129e+08 6.5906e+06
0.13 5.001e+08 6.5232e+06
0.131 4.9823e+08 6.4569e+06
0.132 4.8248e+08 6.3915e+06
0.133 4.652e+08 6.3271e+06
0.134 4.66e+08 6.2637e+06
0.135 4.5241e+08 6.2012e+06
0.136 4.3892e+08 6.1398e+06
0.137 4.1886e+08 6.0793e+06
0.138 4.2222e+08 6.0197e+06
0.139 4.0619e+08 5.9611e+06
0.14 3.9121e+08 5.9034e+06
0.141 3.8218e+08 5.8466e+06
0.142 3.6981e+08 5.7908e+06
0.143 3.5077e+08 5.7359e+06
0.144 3.4887e+08 5.6819e+06
0.145 3.357e+08 5.6288e+06
0.146 3.25e+08 5.5766e+06
0.147 3.1436e+08 5.5253e+06
0.148 3.0831e+08 5.4749e+06
0.149 2.9105e+08 5.4253e+06
0.15 2.9797e+08 5.3766e+06
0.151 2.8663e+08 5.3288e+06
0.152 2.7502e+08 5.2819e+06
0.153 2.664e+08 5.2358e+06
0.154 2.5408e+08 5.1905e+06
0.155 2.553e+08 5.1461e+06
0.156 2.414e+08 5.1025e+06
0.157 2.3068e+08 5.0597e+06
0.158 2.3346e+08 5.0178e+06
0.159 2.1814e+08 4.9766e+06
0.16 2.091e+08 4.9363e+06
0.161 2.035e+08 4.8967e+06
0.162 1.9393e+08 4.8579e+06
0.163 1.8593e+08 4.8199e+06
0.164 1.9687e+08 4.7826e+06
0.165 1.8627e+08 4.7461e+06
0.166 1.7365e+08 4.7103e+06
0.167 1.6029e+08 4.6753e+06
0.168 1.5627e+08 4.641e+06
0.169 1.5376e+08 4.6074e+06
0.17 1.5264e+08 4.5745e+06
0.171 1.3757e+08 4.5423e+06
0.172 1.2787e+08 4.5108e+06
0.173 1.2679e+08 4.48e+06
0.174 1.2983e+08 4.4499e+06
0.175 1.2528e+08 4.4204e+06
0.176 1.2089e+08 4.3916e+06
0.177 1.1383e+08 4.3634e+06
0.178 1.1084e+08 4.3358e+06
0.179 1.0376e+08 4.3089e+06
0.18 1.0542e+08 4.2826e+06
0.181 9.1977e+07 4.2568e+06
0.182 9.5875e+07 4.2317e+06
0.183 8.6683e+07 4.2071e+06
0.184 8.5284e+07 4.1831e+06
0.185 8.5541e+07 4.1597e+06
0.186 8.4217e+07 4.1368e+06
0.187 7.2115e+07 4.1145e+06
0.188 7.8786e+07 4.0927e+06
0.189 7.3342e+07 4.0714e+06
0.19 6.7516e+07 4.0506e+06
0.191 6.4253e+07 4.0303e+06
0.192 6.1521e+07 4.0105e+06
0.193 5.8644e+07 3.9912e+06
0.194 5.7506e+07 3.9723e+06
0.195 5.5279e+07 3.9539e+06
0.196 5.6086e+07 3.936e+06
0.197 5.6671e+07 3.9184e+06
0.198 5.0455e+07 3.9013e+06
0.199 4.5856e+07 3.8846e+06
0.2 4.7213e+07 3.8684e+06
0.201 4.3711e+07 3.8525e+06
0.202 3.7348e+07 3.837e+06
0.203 4.3303e+07 3.8218e+06
0.204 3.9298e+07 3.8071e+06
0.205 3.7173e+07 3.7927e+06
0.206 3.7213e+07 3.7786e+06
0.207 3.4929e+07 3.7649e+06
0.208 2.9161e+07 3.7515e+06
0.209 3.0905e+07 3.7384e+06
0.21 2.985e+07 3.7256e+06
0.211 2.7367e+07 3.7131e+06
0.212 3.4577e+07 3.7009e+06
0.213 2.4191e+07 3.689e+06
0.214 2.4771e+07 3.6774e+06
0.215 2.3125e+07 3.666e+06
0.216 2.0682e+07 3.6549e+06
0.217 2.3564e+07 3.6441e+06
0.218 2.2611e+07 3.6335e+06
0.219 2.8539e+07 3.6231e+06
0.22 2.1533e+07 3.6129e+06
0.221 1.8081e+07 3.603e+06
0.222 2.7203e+07 3.5932e+06
0.223 2.5433e+07 3.5837e+06
0.224 1.9795e+07 3.5744e+06
0.225 1.4893e+07 3.5652e+06
0.226 1.8363e+07 3.5563e+06
0.227 1.9109e+07 3.5475e+06
0.228 2.0391e+07 3.5388e+06
0.229 1.8275e+07 3.5304e+06
0.23 2.0573e+07 3.5221e+06
0.231 2.0231e+07 3.5139e+06
0.232 1.434e+07 3.5059e+06
0.233 1.5306e+07 3.498e+06
0.234 1.5958e+07 3.4903e+06
0.235 1.672e+07 3.4827e+06
0.236 1.7343e+07 3.4752e+06
0.237 1.8489e+07 3.4678e+06
0.238 7.9721e+06 3.4605e+06
0.239 1.6903e+07 3.4534e+06
0.24 2.2808e+07 3.4463e+06
0.241 1.4918e+07 3.4394e+06
0.242 2.1869e+07 3.4325e+06
0.243 1.9954e+07 3.4257e+06
0.244 1.8757e+07 3.419e+06
0.245 1.9594e+07 3.4124e+06
0.246 1.3767e+07 3.4059e+06
0.247 1.8946e+07 3.3994e+06
0.248 2.4821e+07 3.393e+06
0.249 1.9865e+07 3.3867e+06
0.25 1.9832e+07 3.3804e+06
0.251 1.7382e+07 3.3742e+06
0.252 1.9929e+07 3.3681e+06
0.253 2.0991e+07 3.362e+06
0.254 2.1823e+07 3.3559e+06
0.255 1.9328e+07 3.3499e+06
0.256 1.9974e+07 3.344e+06
0.257 2.771e+07 3.3381e+06
0.258 1.3621e+07 3.3322e+06
0.259 2.8754e+07 3.3264e+06
0.26 2.2652e+07 3.3206e+06
0.261 2.5037e+07 3.3148e+06
0.262 1.6406e+07 3.3091e+06
0.263 2.0153e+07 3.3034e+06
0.264 2.1372e+07 3.2977e+06
0.265 2.3866e+07 3.292e+06
0.266 1.7167e+07 3.2864e+06
0.267 2.4382e+07 3.2808e+06
0.268 1.9038e+07 3.2752e+06
0.269 2.3398e+07 3.2696e+06
0.27 2.5478e+07 3.2641e+06
0.271 2.4576e+07 3.2586e+06
0.272 2.719e+07 3.253e+06
0.273 2.7086e+07 3.2475e+06
0.274 2.1854e+07 3.2421e+06
0.275 2.4937e+07 3.2366e+06
0.276 2.1187e+07 3.2311e+06
0.277 2.0102e+07 3.2257e+06
0.278 2.7465e+07 3.2202e+06
0.279 2.4602e+07 3.2148e+06
0.28 2.4533e+07 3.2094e+06
0.281 2.7729e+07 3.204e+06
0.282 2.6806e+07 3.1986e+06
0.283 2.6109e+07 3.1932e+06
0.284 2.9055e+07 3.1878e+06
0.285 2.8101e+07 3.1824e+06
0.286 2.5969e+07 3.177e+06
0.287 2.3075e+07 3.1716e+06
0.288 2.3251e+07 3.1663e+06
0.289 2.9125e+07 3.1609e+06
0.29 2.0305e+07 3.1556e+06
0.291 2.5343e+07 3.1502e+06
0.292 1.9311e+07 3.1449e+06
0.293 2.8658e+07 3.1396e+06
0.294 2.816e+07 3.1342e+06
0.295 2.5462e+07 3.1289e+06
0.296 2.5228e+07 3.1236e+06
0.297 1.768e+07 3.1183e+06
0.298 2.722e+07 3.113e+06
0.299 1.8568e+07 3.1077e+06
0.3 1.815e+07 3.1024e+06
0.301 2.555e+07 3.0971e+06
0.302 2.232e+07 3.0918e+06
0.303 2.6467e+07 3.0866e+06
0.304 2.7222e+07 3.0813e+06
0.305 2.7706e+07 3.0761e+06
0.306 2.2871e+07 3.0708e+06
0.307 2.6292e+07 3.0656e+06
0.308 2.5137e+07 3.0604e+06
0.309 2.7262e+07 3.0551e+06
0.31 2.6277e+07 3.0499e+06
0.311 2.7275e+07 3.0447e+06
0.312 2.4034e+07 3.0396e+06
0.313 2.3878e+07 3.0344e+06
0.314 2.7263e+07 3.0292e+06
0.315 1.7668e+07 3.0241e+06
0.316 2.2444e+07 3.0189e+06
0.317 2.0011e+07 3.0138e+06
0.318 2.2557e+07 3.0087e+06
0.319 2.5523e+07 3.0036e+06
0.32 2.5912e+07 2.9985e+06
0.321 2.0258e+07 2.9934e+06
0.322 2.1745e+07 2.9884e+06
0.323 2.3414e+07 2.9833e+06
0.324 2.1987e+07 2.9783e+06
0.325 2.3603e+07 2.9733e+06
0.326 2.3739e+07 2.9683e+06
0.327 1.9641e+07 2.9633e+06
0.328 2.1717e+07 2.9584e+06
0.329 1.5784e+07 2.9534e+06
0.33 2.5299e+07 2.9485e+06
0.331 1.9909e+07 2.9436e+06
0.332 1.8062e+07 2.9387e+06
0.333 2.0692e+07 2.9339e+06
0.334 1.709e+07 2.929e+06
0.335 2.105e+07 2.9242e+06
0.336 1.9311e+07 2.9194e+06
0.337 2.7132e+07 2.9146e+06
0.338 2.3934e+07 2.9098e+06
0.339 1.3205e+07 2.9051e+06
0.34 2.1576e+07 2.9004e+06
0.341 1.6085e+07 2.8957e+06
0.342 1.9236e+07 2.891e+06
0.343 2.0288e+07 2.8863e+06
0.344 2.181e+07 2.8817e+06
0.345 1.8712e+07 2.8771e+06
0.346 2.387e+07 2.8725e+06
0.347 1.7808e+07 2.8679e+06
0.348 1.9972e+07 2.8634e+06
0.349 2.0784e+07 2.8589e+06
0.35 1.8978e+07 2.8544e+06
0.351 2.1099e+07 2.8499e+06
0.352 1.9363e+07 2.8455e+06
0.353 1.6073e+07 2.8411e+06
0.354 1.3039e+07 2.8367e+06
0.355 2.3287e+07 2.8323e+06
0.356 1.6178e+07 2.828e+06
0.357 1.8047e+07 2.8236e+06
0.358 1.9213e+07 2.8193e+06
0.359 1.7818e+07 2.8151e+06
0.36 1.4831e+07 2.8108e+06
0.361 1.5939e+07 2.8066e+06
0.362 1.6784e+07 2.8024e+06
0.363 2.1157e+07 2.7982e+06
0.364 1.4501e+07 2.7941e+06
0.365 1.8986e+07 2.79e+06
0.366 1.755e+07 2.7859e+06
0.367 1.5937e+07 2.7818e+06
0.368 1.3552e+07 2.7778e+06
0.369 1.5604e+07 2.7737e+06
0.37 1.6058e+07 2.7697e+06
0.371 1.2144e+07 2.7658e+06
0.372 1.6652e+07 2.7618e+06
0.373 1.377e+07 2.7579e+06
0.374 1.5698e+07 2.754e+06
0.375 1.6805e+07 2.7501e+06
0.376 1.3322e+07 2.7463e+06
0.377 1.4945e+07 2.7424e+06
0.378 1.6627e+07 2.7386e+06
0.379 1.0584e+07 2.7349e+06
0.38 1.8373e+07 2.7311e+06
0.381 2.2098e+07 2.7274e+06
0.382 1.8044e+07 2.7236e+06
0.383 1.452e+07 2.7199e+06
0.384 1.6495e+07 2.7163e+06
0.385 1.2475e+07 2.7126e+06
0.386 2.033e+07 2.709e+06
0.387 1.7748e+07 2.7054e+06
0.388 1.7293e+07 2.7018e+06
0.389 1.2768e+07 2.6983e+06
0.39 1.5963e+07 2.6947e+06
0.391 1.3569e+07 2.6912e+06
0.392 1.4209e+07 2.6877e+06
0.393 1.3492e+07 2.6842e+06
0.394 1.2252e+07 2.6807e+06
0.395 1.255e+07 2.6773e+06
0.396 1.4406e+07 2.6739e+06
0.397 1.0416e+07 2.6705e+06
0.398 1.6562e+07 2.6671e+06
0.399 1.4618e+07 2.6637e+06
0.4 1.6785e+07 2.6604e+06
0.401 1.5636e+07 2.657e+06
0.402 1.6228e+07 2.6537e+06
0.403 1.0983e+07 2.6504e+06
0.404 1.2214e+07 2.6471e+06
0.405 1.3734e+07 2.6439e+06
0.406 1.521e+07 2.6406e+06
0.407 1.7902e+07 2.6374e+06
0.408 1.4167e+07 2.6342e+06
0.409 1.8258e+07 2.631e+06
0.41 1.6198e+07 2.6278e+06
0.411 1.8041e+07 2.6246e+06
0.412 1.5303e+07 2.6215e+06
0.413 1.3263e+07 2.6183e+06
0.414 1.1123e+07 2.6152e+06
0.415 1.5418e+07 2.6121e+06
0.416 1.7162e+07 2.609e+06
0.417 1.428e+07 2.6059e+06
0.418 1.3653e+07 2.6028e+06
0.419 1.4275e+07 2.5997e+06
0.42 1.2248e+07 2.5967e+06
0.421 1.3835e+07 2.5936e+06
0.422 1.4665e+07 2.5906e+06
0.423 1.5271e+07 2.5876e+06
0.424 1.5007e+07 2.5846e+06
0.425 1.6769e+07 2.5816e+06
0.426 1.5493e+07 2.5786e+06
0.427 1.9903e+07 2.5756e+06
0.428 1.6053e+07 2.5727e+06
0.429 1.9908e+07 2.5697e+06
0.43 1.3434e+07 2.5668e+06
0.431 1.6659e+07 2.5638e+06
0.432 1.4662e+07 2.5609e+06
0.433 1.6882e+07 2.558e+06
0.434 1.6883e+07 2.5551e+06
0.435 9.8044e+06 2.5522e+06
0.436 1.2019e+07 2.5493e+06
0.437 1.1749e+07 2.5465e+06
0.438 1.6457e+07 2.5436e+06
0.439 1.9186e+07 2.5407e+06
0.44 1.4637e+07 2.5379e+06
0.441 1.754e+07 2.535e+06
0.442 1.6876e+07 2.5322e+06
0.443 1.2848e+07 2.5294e+06
0.444 1.6524e+07 2.5265e+06
0.445 1.3633e+07 2.5237e+06
0.446 1.9364e+07 2.5209e+06
0.447 1.5469e+07 2.5181e+06
0.448 1.9675e+07 2.5153e+06
0.449 1.4499e+07 2.5126e+06
0.45 1.7054e+07 2.5098e+06
0.451 1.5422e+07 2.507e+06
0.452 1.0521e+07 2.5042e+06
0.453 1.3131e+07 2.5015e+06
0.454 1.7121e+07 2.4987e+06
0.455 1.5454e+07 2.496e+06
0.456 1.2802e+07 2.4932e+06
0.457 1.4031e+07 2.4905e+06
0.458 1.6209e+07 2.4878e+06
0.459 1.3117e+07 2.4851e+06
0.46 1.8001e+07 2.4824e+06
0.461 1.3986e+07 2.4797e+06
0.462 2.0049e+07 2.477e+06
0.463 1.2888e+07 2.4743e+06
0.464 1.6043e+07 2.4716e+06
0.465 1.1785e+07 2.4689e+06
0.466 1.3745e+07 2.4662e+06
0.467 1.4055e+07 2.4635e+06
0.468 1.649e+07 2.4609e+06
0.469 1.7803e+07 2.4582e+06
0.47 1.6209e+07 2.4556e+06
0.471 1.4539e+07 2.4529e+06
0.472 1.7433e+07 2.4503e+06
0.473 1.7371e+07 2.4476e+06
0.474 1.5688e+07 2.445e+06
0.475 1.6768e+07 2.4424e+06
0.476 1.6357e+07 2.4397e+06
0.477 1.292e+07 2.4371e+06
0.478 1.715e+07 2.4345e+06
0.479 1.3676e+07 2.4319e+06
0.48 1.378e+07 2.4293e+06
0.481 1.5648e+07 2.4267e+06
0.482 1.4444e+07 2.4241e+06
0.483 1.484e+07 2.4216e+06
0.484 1.6568e+07 2.419e+06
0.485 1.7625e+07 2.4164e+06
0.486 1.4585e+07 2.4139e+06
0.487 1.5819e+07 2.4113e+06
0.488 1.442e+07 2.4087e+06
0.489 1.551e+07 2.4062e+06
0.49 1.5979e+07 2.4037e+06
0.491 1.3403e+07 2.4011e+06
0.492 1.5505e+07 2.3986e+06
0.493 1.6248e+07 2.3961e+06
0.494 1.4989e+07 2.3936e+06
0.495 1.8864e+07 2.391e+06
0.496 1.3234e+07 2.3885e+06
0.497 1.2887e+07 2.386e+06
0.498 1.0433e+07 2.3835e+06
0.499 1.673e+07 2.3811e+06
0.5 1.6581e+07 2.3786e+06
