0.001 2.24e+10 4.4801e+08
0.002 2.5787e+10 5.1575e+08
0.003 2.4484e+10 4.8968e+08
0.004 2.3707e+10 4.7413e+08
0.005 2.4076e+10 4.8152e+08
0.006 2.4195e+10 4.8391e+08
0.007 2.3787e+10 4.7574e+08
0.008 2.3771e+10 4.7543e+08
0.009 2.4223e+10 4.8447e+08
0.01 2.3671e+10 4.7342e+08
0.011 2.4193e+10 4.8387e+08
0.012 2.3599e+10 4.7198e+08
0.013 2.3903e+10 4.7807e+08
0.014 2.427e+10 4.854e+08
0.015 2.3981e+10 4.7962e+08
0.016 2.2938e+10 4.5876e+08
0.017 2.3359e+10 4.6719e+08
0.018 2.3534e+10 4.7068e+08
0.019 2.3551e+10 4.7102e+08
0.02 2.275e+10 4.55e+08
0.021 2.3265e+10 4.6529e+08
0.022 2.3098e+10 4.6197e+08
0.023 2.248e+10 4.496e+08
0.024 2.2379e+10 4.4758e+08
0.025 2.2715e+10 4.543e+08
0.026 2.236e+10 4.4721e+08
0.027 2.2162e+10 4.4325e+08
0.028 2.1672e+10 4.3344e+08
0.029 2.1519e+10 4.3037e+08
0.03 2.1497e+10 4.2994e+08
0.031 2.1473e+10 4.2945e+08
0.032 2.1389e+10 4.2777e+08
0.033 2.0944e+10 4.1889e+08
0.034 2.0986e+10 4.1972e+08
0.035 2.0696e+10 4.1392e+08
0.036 2.0657e+10 4.1315e+08
0.037 2.0526e+10 4.1052e+08
0.038 2.0421e+10 4.0841e+08
0.039 2.0331e+10 4.0663e+08
0.04 2.013e+10 4.0259e+08
0.041 1.986e+10 3.9719e+08
0.042 2.0114e+10 4.0229e+08
0.043 1.9087e+10 3.8173e+08
0.044 1.9235e+10 3.847e+08
0.045 1.8889e+10 3.7778e+08
0.046 1.882e+10 3.7639e+08
0.047 1.8321e+10 3.6642e+08
0.048 1.8105e+10 3.621e+08
0.049 1.824e+10 3.648e+08
0.05 1.8006e+10 3.6013e+08
0.051 1.7882e+10 3.5763e+08
0.052 1.792e+10 3.5839e+08
0.053 1.7477e+10 3.4954e+08
0.054 1.7155e+10 3.431e+08
0.055 1.6814e+10 3.3628e+08
0.056 1.6751e+10 3.3502e+08
0.057 1.6479e+10 3.2958e+08
0.058 1.6079e+10 3.2157e+08
0.059 1.6026e+10 3.2052e+08
0.06 1.5877e+10 3.1754e+08
0.061 1.5546e+10 3.1091e+08
0.062 1.5577e+10 3.1154e+08
0.063 1.5246e+10 3.0493e+08
0.064 1.4908e+10 2.9815e+08
0.065 1.4612e+10 2.9224e+08
0.066 1.4611e+10 2.9222e+08
0.067 1.4485e+10 2.897e+08
0.068 1.4086e+10 2.8173e+08
0.069 1.4187e+10 2.8374e+08
0.07 1.3803e+10 2.7605e+08
0.071 1.3572e+10 2.7144e+08
0.072 1.3267e+10 2.6534e+08
0.073 1.32e+10 2.64e+08
0.074 1.3085e+10 2.617e+08
0.075 1.2726e+10 2.5453e+08
0.076 1.2585e+10 2.5171e+08
0.077 1.2348e+10 2.4696e+08
0.078 1.2146e+10 2.4291e+08
0.079 1.1959e+10 2.3919e+08
0.08 1.1647e+10 2.3293e+08
0.081 1.1453e+10 2.2906e+08
0.082 1.1198e+10 2.2395e+08
0.083 1.1069e+10 2.2138e+08
0.084 1.0945e+10 2.189e+08
0.085 1.0763e+10 2.1526e+08
0.086 1.0593e+10 2.1186e+08
0.087 1.0214e+10 2.0428e+08
0.088 1.017e+10 2.034e+08
0.089 1.0216e+10 2.0432e+08
0.09 9.8865e+09 1.9773e+08
0.091 9.7149e+09 1.943e+08
0.092 9.3979e+09 1.8796e+08
0.093 9.2401e+09 1.848e+08
0.094 9.1638e+09 1.8328e+08
0.095 8.8896e+09 1.7779e+08
0.096 8.7156e+09 1.7431e+08
0.097 8.6492e+09 1.7298e+08
0.098 8.3965e+09 1.6793e+08
0.099 8.1207e+09 1.6241e+08
0.1 8.1678e+09 1.6336e+08
0.101 7.9203e+09 1.5841e+08
0.102 7.5556e+09 1.5111e+08
0.103 7.601e+09 1.5202e+08
0.104 7.4138e+09 1.4828e+08
0.105 7.3308e+09 1.4662e+08
0.106 7.169e+09 1.4338e+08
0.107 6.9418e+09 1.3884e+08
0.108 6.7447e+09 1.3489e+08
0.109 6.8028e+09 1.3606e+08
0.11 6.4753e+09 1.2951e+08
0.111 6.2237e+09 1.2447e+08
0.112 6.1612e+09 1.2322e+08
0.113 6.1066e+09 1.2213e+08
0.114 5.8632e+09 1.1726e+08
0.115 6.0034e+09 1.2007e+08
0.116 5.6944e+09 1.1389e+08
0.117 5.5381e+09 1.1076e+08
0.118 5.4717e+09 1.0943e+08
0.119 5.3626e+09 1.0725e+08
0.12 5.2478e+09 1.0496e+08
0.121 5.1582e+09 1.0316e+08
0.122 4.8549e+09 9.7098e+07
0.123 4.9176e+09 9.8351e+07
0.124 4.7234e+09 9.4469e+07
0.125 4.5682e+09 9.1363e+07
0.126 4.5573e+09 9.1146e+07
0.127 4.4343e+09 8.8686e+07
0.128 4.279e+09 8.5579e+07
0.129 4.0935e+09 8.1869e+07
0.13 4.07e+09 8.1401e+07
0.131 3.877e+09 7.7541e+07
0.132 3.8128e+09 7.6255e+07
0.133 3.7936e+09 7.5873e+07
0.134 3.5387e+09 7.0774e+07
0.135 3.4544e+09 6.9088e+07
0.136 3.5358e+09 7.0717e+07
0.137 3.3907e+09 6.7813e+07
0.138 3.3304e+09 6.6609e+07
0.139 3.1183e+09 6.2365e+07
0.14 2.9928e+09 5.9855e+07
0.141 2.9596e+09 5.9192e+07
0.142 2.9478e+09 5.8956e+07
0.143 2.8392e+09 5.6784e+07
0.144 2.8063e+09 5.6127e+07
0.145 2.6932e+09 5.3865e+07
0.146 2.6432e+09 5.2863e+07
0.147 2.479e+09 4.958e+07
0.148 2.3798e+09 4.7597e+07
0.149 2.3771e+09 4.7542e+07
0.15 2.306e+09 4.6121e+07
0.151 2.2233e+09 4.4465e+07
0.152 2.1651e+09 4.3303e+07
0.153 2.0658e+09 4.1317e+07
0.154 1.992e+09 3.984e+07
0.155 1.9068e+09 3.8136e+07
0.156 1.9652e+09 3.9304e+07
0.157 1.8529e+09 3.7059e+07
0.158 1.791e+09 3.5821e+07
0.159 1.6884e+09 3.3767e+07
0.16 1.723e+09 3.4461e+07
0.161 1.5543e+09 3.1086e+07
0.162 1.602e+09 3.2039e+07
0.163 1.4802e+09 2.9603e+07
0.164 1.4754e+09 2.9508e+07
0.165 1.3919e+09 2.7838e+07
0.166 1.3876e+09 2.7751e+07
0.167 1.266e+09 2.5319e+07
0.168 1.3741e+09 2.7482e+07
0.169 1.227e+09 2.454e+07
0.17 1.2007e+09 2.4013e+07
0.171 1.1329e+09 2.2657e+07
0.172 1.1711e+09 2.3423e+07
0.173 1.1395e+09 2.279e+07
0.174 1.0392e+09 2.0785e+07
0.175 1.0368e+09 2.0737e+07
0.176 9.9185e+08 1.9837e+07
0.177 1.0232e+09 2.0464e+07
0.178 8.986e+08 1.7972e+07
0.179 8.8571e+08 1.7714e+07
0.18 7.421e+08 1.4842e+07
0.181 8.6758e+08 1.7352e+07
0.182 7.8292e+08 1.5658e+07
0.183 7.9482e+08 1.5896e+07
0.184 7.5851e+08 1.517e+07
0.185 7.4044e+08 1.4809e+07
0.186 7.3519e+08 1.4704e+07
0.187 5.9561e+08 1.1912e+07
0.188 6.2806e+08 1.2561e+07
0.189 6.1476e+08 1.2295e+07
0.19 5.8311e+08 1.1662e+07
0.191 5.7831e+08 1.1566e+07
0.192 5.6271e+08 1.1254e+07
0.193 5.0908e+08 1.0182e+07
0.194 4.7002e+08 9.4005e+06
0.195 5.4361e+08 1.0872e+07
0.196 5.1604e+08 1.0321e+07
0.197 4.1149e+08 8.2299e+06
0.198 4.4599e+08 8.9199e+06
0.199 4.803e+08 9.606e+06
0.2 4.3758e+08 8.7516e+06
0.201 4.0507e+08 8.1015e+06
0.202 3.1616e+08 6.3233e+06
0.203 4.3914e+08 8.7828e+06
0.204 3.8182e+08 7.6363e+06
0.205 3.6021e+08 7.2041e+06
0.206 3.8532e+08 7.7065e+06
0.207 3.4662e+08 6.9324e+06
0.208 2.9921e+08 5.9841e+06
0.209 2.526e+08 5.0521e+06
0.21 3.1917e+08 6.3834e+06
0.211 2.8515e+08 5.7031e+06
0.212 3.1771e+08 6.3541e+06
0.213 3.213e+08 6.426e+06
0.214 2.5318e+08 5.0636e+06
0.215 2.7038e+08 5.4076e+06
0.216 3.0975e+08 6.1949e+06
0.217 2.4041e+08 4.8082e+06
0.218 3.2536e+08 6.5073e+06
0.219 2.2651e+08 4.5302e+06
0.22 2.5298e+08 5.0595e+06
0.221 2.0905e+08 4.1811e+06
0.222 2.3417e+08 4.6834e+06
0.223 1.7372e+08 3.4745e+06
0.224 1.9817e+08 3.9635e+06
0.225 2.22e+08 4.44e+06
0.226 1.9429e+08 3.8859e+06
0.227 2.5041e+08 5.0082e+06
0.228 2.2244e+08 4.4489e+06
0.229 2.6943e+08 5.3886e+06
0.23 2.1757e+08 4.3514e+06
0.231 2.3884e+08 4.7767e+06
0.232 2.2094e+08 4.4187e+06
0.233 2.1738e+08 4.3476e+06
0.234 1.6742e+08 3.3485e+06
0.235 1.7985e+08 3.597e+06
0.236 1.9988e+08 3.9976e+06
0.237 2.3714e+08 4.7428e+06
0.238 2.221e+08 4.442e+06
0.239 1.2915e+08 2.5831e+06
0.24 2.4525e+08 4.905e+06
0.241 2.38e+08 4.76e+06
0.242 1.9986e+08 3.9973e+06
0.243 2.1728e+08 4.3456e+06
0.244 2.0073e+08 4.0146e+06
0.245 1.9952e+08 3.9904e+06
0.246 1.9265e+08 3.853e+06
0.247 2.0204e+08 4.0408e+06
0.248 2.6317e+08 5.2633e+06
0.249 2.5005e+08 5.0009e+06
0.25 2.4486e+08 4.8972e+06
0.251 2.546e+08 5.092e+06
0.252 1.972e+08 3.9439e+06
0.253 2.182e+08 4.364e+06
0.254 1.6882e+08 3.3763e+06
0.255 2.3874e+08 4.7748e+06
0.256 2.0666e+08 4.1332e+06
0.257 1.9959e+08 3.9918e+06
0.258 2.309e+08 4.6179e+06
0.259 2.0251e+08 4.0502e+06
0.26 2.3871e+08 4.7742e+06
0.261 2.0521e+08 4.1041e+06
0.262 2.2025e+08 4.4051e+06
0.263 2.0665e+08 4.1331e+06
0.264 1.7563e+08 3.5126e+06
0.265 2.4611e+08 4.9221e+06
0.266 2.5517e+08 5.1035e+06
0.267 2.4327e+08 4.8653e+06
0.268 2.2761e+08 4.5522e+06
0.269 1.9613e+08 3.9226e+06
0.27 1.9249e+08 3.8497e+06
0.271 2.223e+08 4.4459e+06
0.272 2.5974e+08 5.1948e+06
0.273 1.9927e+08 3.9854e+06
0.274 2.4318e+08 4.8636e+06
0.275 2.2231e+08 4.4462e+06
0.276 3.2421e+08 6.4842e+06
0.277 2.3466e+08 4.6932e+06
0.278 2.3007e+08 4.6015e+06
0.279 2.8903e+08 5.7806e+06
0.28 2.2019e+08 4.4039e+06
0.281 2.9042e+08 5.8084e+06
0.282 1.7284e+08 3.4568e+06
0.283 2.8254e+08 5.6508e+06
0.284 2.4338e+08 4.8675e+06
0.285 2.3686e+08 4.7372e+06
0.286 2.3332e+08 4.6664e+06
0.287 1.7469e+08 3.4937e+06
0.288 2.3603e+08 4.7206e+06
0.289 1.3312e+08 2.6624e+06
0.29 2.5628e+08 5.1257e+06
0.291 2.4208e+08 4.8416e+06
0.292 2.1386e+08 4.2772e+06
0.293 2.338e+08 4.6759e+06
0.294 2.2761e+08 4.5523e+06
0.295 2.0084e+08 4.0168e+06
0.296 2.2583e+08 4.5166e+06
0.297 2.524e+08 5.0479e+06
0.298 2.6604e+08 5.3208e+06
0.299 1.8997e+08 3.7995e+06
0.3 1.928e+08 3.8559e+06
0.301 2.668e+08 5.336e+06
0.302 2.4151e+08 4.8303e+06
0.303 2.6059e+08 5.2117e+06
0.304 2.3017e+08 4.6034e+06
0.305 2.0331e+08 4.0662e+06
0.306 1.8426e+08 3.6852e+06
0.307 2.1019e+08 4.2038e+06
0.308 2.3015e+08 4.603e+06
0.309 1.9436e+08 3.8872e+06
0.31 1.9665e+08 3.933e+06
0.311 2.9572e+08 5.9144e+06
0.312 2.3031e+08 4.6063e+06
0.313 1.9577e+08 3.9155e+06
0.314 1.7415e+08 3.4829e+06
0.315 1.5907e+08 3.1815e+06
0.316 2.2314e+08 4.4628e+06
0.317 1.6217e+08 3.2434e+06
0.318 2.2357e+08 4.4714e+06
0.319 2.0492e+08 4.0983e+06
0.32 1.7604e+08 3.5207e+06
0.321 1.9348e+08 3.8696e+06
0.322 2.3358e+08 4.6716e+06
0.323 2.1461e+08 4.2923e+06
0.324 1.6615e+08 3.3231e+06
0.325 1.8889e+08 3.7779e+06
0.326 1.8619e+08 3.7239e+06
0.327 1.6673e+08 3.3346e+06
0.328 1.2847e+08 2.5695e+06
0.329 2.1392e+08 4.2785e+06
0.33 1.8907e+08 3.7814e+06
0.331 2.0331e+08 4.0663e+06
0.332 1.8594e+08 3.7188e+06
0.333 1.9664e+08 3.9328e+06
0.334 2.141e+08 4.282e+06
0.335 1.7729e+08 3.5458e+06
0.336 1.8512e+08 3.7024e+06
0.337 1.3445e+08 2.6891e+06
0.338 1.3622e+08 2.7245e+06
0.339 1.1412e+08 2.2824e+06
0.34 1.6054e+08 3.2108e+06
0.341 2.2494e+08 4.4987e+06
0.342 1.7907e+08 3.5814e+06
0.343 1.5108e+08 3.0215e+06
0.344 1.5054e+08 3.0108e+06
0.345 1.923e+08 3.8459e+06
0.346 1.6558e+08 3.3117e+06
0.347 1.7028e+08 3.4055e+06
0.348 1.6846e+08 3.3692e+06
0.349 1.682e+08 3.364e+06
0.35 1.6604e+08 3.3208e+06
0.351 1.1811e+08 2.3622e+06
0.352 1.5773e+08 3.1547e+06
0.353 1.5406e+08 3.0813e+06
0.354 1.5868e+08 3.1736e+06
0.355 1.6669e+08 3.3339e+06
0.356 1.4377e+08 2.8755e+06
0.357 1.4349e+08 2.8699e+06
0.358 1.6875e+08 3.375e+06
0.359 1.1903e+08 2.3805e+06
0.36 1.383e+08 2.766e+06
0.361 1.6492e+08 3.2984e+06
0.362 1.3739e+08 2.7478e+06
0.363 1.1172e+08 2.2344e+06
0.364 1.4255e+08 2.8509e+06
0.365 1.1985e+08 2.397e+06
0.366 1.4793e+08 2.9586e+06
0.367 1.5167e+08 3.0334e+06
0.368 1.8103e+08 3.6207e+06
0.369 1.489e+08 2.978e+06
0.37 1.5645e+08 3.129e+06
0.371 1.5376e+08 3.0752e+06
0.372 1.3857e+08 2.7714e+06
0.373 1.3965e+08 2.7929e+06
0.374 2.0341e+08 4.0682e+06
0.375 1.8736e+08 3.7472e+06
0.376 1.2191e+08 2.4381e+06
0.377 1.3361e+08 2.6721e+06
0.378 1.6178e+08 3.2355e+06
0.379 1.0556e+08 2.1111e+06
0.38 1.4018e+08 2.8036e+06
0.381 1.276e+08 2.5519e+06
0.382 1.6088e+08 3.2177e+06
0.383 1.5403e+08 3.0806e+06
0.384 1.1399e+08 2.2799e+06
0.385 1.6548e+08 3.3097e+06
0.386 1.3974e+08 2.7948e+06
0.387 1.5423e+08 3.0845e+06
0.388 1.1604e+08 2.3208e+06
0.389 1.2829e+08 2.5658e+06
0.39 9.9301e+07 1.986e+06
0.391 1.4377e+08 2.8753e+06
0.392 1.0642e+08 2.1285e+06
0.393 1.266e+08 2.5319e+06
0.394 1.4659e+08 2.9318e+06
0.395 1.0321e+08 2.0642e+06
0.396 1.4041e+08 2.8082e+06
0.397 1.9082e+08 3.8163e+06
0.398 7.8893e+07 1.5779e+06
0.399 1.5409e+08 3.0818e+06
0.4 1.6024e+08 3.2048e+06
0.401 1.4344e+08 2.8689e+06
0.402 1.2888e+08 2.5776e+06
0.403 1.5342e+08 3.0685e+06
0.404 1.5002e+08 3.0003e+06
0.405 1.2337e+08 2.4674e+06
0.406 1.347e+08 2.6939e+06
0.407 1.2989e+08 2.5977e+06
0.408 1.6666e+08 3.3332e+06
0.409 1.1402e+08 2.2804e+06
0.41 1.7203e+08 3.4406e+06
0.411 1.3084e+08 2.6168e+06
0.412 1.134e+08 2.268e+06
0.413 1.5417e+08 3.0833e+06
0.414 1.2083e+08 2.4165e+06
0.415 1.3307e+08 2.6614e+06
0.416 1.2777e+08 2.5553e+06
0.417 1.2658e+08 2.5317e+06
0.418 1.1038e+08 2.2076e+06
0.419 1.1691e+08 2.3383e+06
0.42 1.1903e+08 2.3806e+06
0.421 1.2958e+08 2.5917e+06
0.422 5.7633e+07 1.1527e+06
0.423 1.2139e+08 2.4278e+06
0.424 1.6466e+08 3.2932e+06
0.425 1.2919e+08 2.5839e+06
0.426 1.4567e+08 2.9133e+06
0.427 1.3007e+08 2.6013e+06
0.428 9.9597e+07 1.9919e+06
0.429 1.1556e+08 2.3111e+06
0.43 1.8237e+08 3.6474e+06
0.431 1.3319e+08 2.6637e+06
0.432 1.3112e+08 2.6224e+06
0.433 1.2893e+08 2.5786e+06
0.434 1.7675e+08 3.5349e+06
0.435 1.5314e+08 3.0629e+06
0.436 1.4469e+08 2.8937e+06
0.437 1.3693e+08 2.7385e+06
0.438 1.0696e+08 2.1391e+06
0.439 9.3419e+07 1.8684e+06
0.44 9.3046e+07 1.8609e+06
0.441 1.5745e+08 3.1489e+06
0.442 1.4526e+08 2.9051e+06
0.443 1.5015e+08 3.0031e+06
0.444 1.5321e+08 3.0642e+06
0.445 1.1669e+08 2.3338e+06
0.446 1.0012e+08 2.0023e+06
0.447 1.5833e+08 3.1666e+06
0.448 1.4496e+08 2.8991e+06
0.449 1.0298e+08 2.0596e+06
0.45 1.1971e+08 2.3943e+06
0.451 1.853e+08 3.7061e+06
0.452 1.5131e+08 3.0262e+06
0.453 1.2427e+08 2.4853e+06
0.454 1.3194e+08 2.6389e+06
0.455 1.3458e+08 2.6916e+06
0.456 1.3103e+08 2.6206e+06
0.457 1.5316e+08 3.0632e+06
0.458 1.2565e+08 2.5129e+06
0.459 1.4905e+08 2.9811e+06
0.46 1.3634e+08 2.7269e+06
0.461 1.1055e+08 2.2109e+06
0.462 1.6267e+08 3.2533e+06
0.463 1.6243e+08 3.2486e+06
0.464 1.876e+08 3.7521e+06
0.465 1.4538e+08 2.9075e+06
0.466 1.5414e+08 3.0827e+06
0.467 1.1605e+08 2.321e+06
0.468 1.1397e+08 2.2793e+06
0.469 1.4951e+08 2.9902e+06
0.47 6.3412e+07 1.2682e+06
0.471 1.4772e+08 2.9545e+06
0.472 1.401e+08 2.8021e+06
0.473 1.5888e+08 3.1776e+06
0.474 1.4168e+08 2.8336e+06
0.475 1.5297e+08 3.0594e+06
0.476 1.1077e+08 2.2153e+06
0.477 1.3303e+08 2.6605e+06
0.478 1.3445e+08 2.6889e+06
0.479 1.0709e+08 2.1419e+06
0.48 1.301e+08 2.6019e+06
0.481 1.3487e+08 2.6975e+06
0.482 1.8762e+08 3.7524e+06
0.483 1.2485e+08 2.497e+06
0.484 1.1316e+08 2.2631e+06
0.485 1.4776e+08 2.9551e+06
0.486 1.1114e+08 2.2229e+06
0.487 1.5941e+08 3.1882e+06
0.488 1.2109e+08 2.4218e+06
0.489 1.1348e+08 2.2697e+06
0.49 1.2238e+08 2.4476e+06
0.491 8.2492e+07 1.6498e+06
0.492 1.1234e+08 2.2468e+06
0.493 1.2137e+08 2.4273e+06
0.494 1.2709e+08 2.5419e+06
0.495 1.5492e+08 3.0985e+06
0.496 1.2586e+08 2.5172e+06
0.497 1.2189e+08 2.4378e+06
0.498 1.3547e+08 2.7095e+06
0.499 1.0411e+08 2.0823e+06
0.5 1.0974e+08 2.1948e+06
