0.001 4.3307e+09 8.6615e+07
0.002 4.0225e+09 8.0449e+07
0.003 4.1696e+09 8.3393e+07
0.004 4.0779e+09 8.1558e+07
0.005 4.1792e+09 8.3584e+07
0.006 4.0975e+09 8.195e+07
0.007 4.1696e+09 8.3392e+07
0.008 4.101e+09 8.2019e+07
0.009 4.117e+09 8.234e+07
0.01 4.1241e+09 8.2482e+07
0.011 4.0759e+09 8.1518e+07
0.012 4.0839e+09 8.1678e+07
0.013 4.0418e+09 8.0837e+07
0.014 4.0367e+09 8.0733e+07
0.015 4.0552e+09 8.1104e+07
0.016 4.0214e+09 8.0429e+07
0.017 3.9357e+09 7.8714e+07
0.018 4.029e+09 8.058e+07
0.019 3.9298e+09 7.8597e+07
0.02 3.8744e+09 7.7489e+07
0.021 3.8357e+09 7.6714e+07
0.022 3.8976e+09 7.7952e+07
0.023 3.8526e+09 7.7051e+07
0.024 3.7684e+09 7.5368e+07
0.025 3.8012e+09 7.6025e+07
0.026 3.7399e+09 7.4798e+07
0.027 3.7937e+09 7.5874e+07
0.028 3.7131e+09 7.4263e+07
0.029 3.6585e+09 7.317e+07
0.03 3.6255e+09 7.2511e+07
0.031 3.5832e+09 7.1664e+07
0.032 3.5353e+09 7.0707e+07
0.033 3.5378e+09 7.0755e+07
0.034 3.4936e+09 6.9871e+07
0.035 3.4383e+09 6.8766e+07
0.036 3.3728e+09 6.7456e+07
0.037 3.3255e+09 6.651e+07
0.038 3.2944e+09 6.5887e+07
0.039 3.29e+09 6.58e+07
0.04 3.2411e+09 6.4823e+07
0.041 3.1762e+09 6.3525e+07
0.042 3.1073e+09 6.2145e+07
0.043 3.0493e+09 6.0985e+07
0.044 3.0679e+09 6.1357e+07
0.045 3.0191e+09 6.0381e+07
0.046 2.9936e+09 5.9872e+07
0.047 2.9401e+09 5.8802e+07
0.048 2.9045e+09 5.809e+07
0.049 2.8436e+09 5.6872e+07
0.05 2.7665e+09 5.5329e+07
0.051 2.7994e+09 5.5987e+07
0.052 2.7703e+09 5.5406e+07
0.053 2.6309e+09 5.2618e+07
0.054 2.5844e+09 5.1688e+07
0.055 2.6238e+09 5.2477e+07
0.056 2.5866e+09 5.1732e+07
0.057 2.5013e+09 5.0025e+07
0.058 2.4413e+09 4.8827e+07
0.059 2.4294e+09 4.8588e+07
0.06 2.364e+09 4.728e+07
0.061 2.3193e+09 4.6387e+07
0.062 2.2883e+09 4.5766e+07
0.063 2.2762e+09 4.5525e+07
0.064 2.2297e+09 4.4594e+07
0.065 2.1769e+09 4.3539e+07
0.066 2.1142e+09 4.2284e+07
0.067 2.0991e+09 4.1983e+07
0.068 2.0339e+09 4.0678e+07
0.069 2.0452e+09 4.0904e+07
0.07 1.9809e+09 3.9618e+07
0.071 1.9403e+09 3.8806e+07
0.072 1.911e+09 3.822e+07
0.073 1.9032e+09 3.8065e+07
0.074 1.7952e+09 3.5903e+07
0.075 1.819e+09 3.638e+07
0.076 1.7384e+09 3.4768e+07
0.077 1.7451e+09 3.4901e+07
0.078 1.7052e+09 3.4105e+07
0.079 1.6356e+09 3.2712e+07
0.08 1.6165e+09 3.2331e+07
0.081 1.5946e+09 3.1892e+07
0.082 1.5574e+09 3.1147e+07
0.083 1.5358e+09 3.0716e+07
0.084 1.4997e+09 2.9995e+07
0.085 1.4736e+09 2.9471e+07
0.086 1.435e+09 2.8699e+07
0.087 1.3966e+09 2.7932e+07
0.088 1.3776e+09 2.7552e+07
0.089 1.3646e+09 2.7292e+07
0.09 1.3306e+09 2.6613e+07
0.091 1.2731e+09 2.5463e+07
0.092 1.2286e+09 2.4572e+07
0.093 1.2265e+09 2.453e+07
0.094 1.2208e+09 2.4416e+07
0.095 1.1969e+09 2.3939e+07
0.096 1.139e+09 2.278e+07
0.097 1.1444e+09 2.2888e+07
0.098 1.1029e+09 2.2057e+07
0.099 1.0911e+09 2.1822e+07
0.1 1.0631e+09 2.1261e+07
0.101 1.0466e+09 2.0932e+07
0.102 1.0158e+09 2.0315e+07
0.103 1.0037e+09 2.0074e+07
0.104 9.8359e+08 1.9672e+07
0.105 9.4811e+08 1.8962e+07
0.106 9.4811e+08 1.8962e+07
0.107 9.1323e+08 1.8265e+07
0.108 8.9299e+08 1.786e+07
0.109 8.9472e+08 1.7894e+07
0.11 8.5711e+08 1.7142e+07
0.111 8.6477e+08 1.7295e+07
0.112 8.0786e+08 1.6157e+07
0.113 8.016e+08 1.6032e+07
0.114 7.9046e+08 1.5809e+07
0.115 7.7584e+08 1.5517e+07
0.116 7.738e+08 1.5476e+07
0.117 7.4924e+08 1.4985e+07
0.118 7.2451e+08 1.449e+07
0.119 6.7983e+08 1.3597e+07
0.12 6.8938e+08 1.3788e+07
0.121 6.9566e+08 1.3913e+07
0.122 6.5863e+08 1.3173e+07
0.123 6.1399e+08 1.228e+07
0.124 6.1071e+08 1.2214e+07
0.125 6.1719e+08 1.2344e+07
0.126 6.0512e+08 1.2102e+07
0.127 5.8824e+08 1.1765e+07
0.128 5.6951e+08 1.139e+07
0.129 5.6424e+08 1.1285e+07
0.13 5.3183e+08 1.0637e+07
0.131 5.3684e+08 1.0737e+07
0.132 5.2137e+08 1.0427e+07
0.133 4.9688e+08 9.9376e+06
0.134 5.0435e+08 1.0087e+07
0.135 5.1051e+08 1.021e+07
0.136 4.715e+08 9.4301e+06
0.137 4.6872e+08 9.3745e+06
0.138 4.773e+08 9.546e+06
0.139 4.3582e+08 8.7164e+06
0.14 4.6077e+08 9.2154e+06
0.141 4.2974e+08 8.5949e+06
0.142 4.4292e+08 8.8583e+06
0.143 4.0836e+08 8.1672e+06
0.144 3.9775e+08 7.955e+06
0.145 3.8241e+08 7.6482e+06
0.146 3.7997e+08 7.5994e+06
0.147 3.6498e+08 7.2996e+06
0.148 3.6264e+08 7.2528e+06
0.149 3.6325e+08 7.2649e+06
0.15 3.2653e+08 6.5307e+06
0.151 3.2714e+08 6.5429e+06
0.152 3.367e+08 6.734e+06
0.153 3.2534e+08 6.5068e+06
0.154 3.174e+08 6.348e+06
0.155 3.2489e+08 6.4977e+06
0.156 3.1112e+08 6.2224e+06
0.157 3.0025e+08 6.005e+06
0.158 2.8229e+08 5.6459e+06
0.159 2.6805e+08 5.3609e+06
0.16 2.7886e+08 5.5773e+06
0.161 2.5274e+08 5.0549e+06
0.162 2.5692e+08 5.1385e+06
0.163 2.6665e+08 5.333e+06
0.164 2.4852e+08 4.9704e+06
0.165 2.3362e+08 4.6724e+06
0.166 2.4089e+08 4.8177e+06
0.167 2.3526e+08 4.7052e+06
0.168 2.3607e+08 4.7213e+06
0.169 2.2206e+08 4.4411e+06
0.17 2.0953e+08 4.1907e+06
0.171 2.2554e+08 4.5108e+06
0.172 1.8944e+08 3.7888e+06
0.173 2.1003e+08 4.2005e+06
0.174 2.0153e+08 4.0307e+06
0.175 1.8543e+08 3.7086e+06
0.176 1.9629e+08 3.9259e+06
0.177 1.905e+08 3.81e+06
0.178 1.8152e+08 3.6304e+06
0.179 1.8159e+08 3.6318e+06
0.18 1.7278e+08 3.4555e+06
0.181 1.8356e+08 3.6712e+06
0.182 1.6203e+08 3.2405e+06
0.183 1.5509e+08 3.1018e+06
0.184 1.6879e+08 3.3758e+06
0.185 1.5313e+08 3.0626e+06
0.186 1.4368e+08 2.8736e+06
0.187 1.5105e+08 3.0209e+06
0.188 1.5407e+08 3.0814e+06
0.189 1.5103e+08 3.0206e+06
0.19 1.2756e+08 2.5513e+06
0.191 1.3916e+08 2.7832e+06
0.192 1.4647e+08 2.9295e+06
0.193 1.3732e+08 2.7464e+06
0.194 1.311e+08 2.6221e+06
0.195 1.3287e+08 2.6574e+06
0.196 1.1195e+08 2.2391e+06
0.197 1.3116e+08 2.6233e+06
0.198 1.0903e+08 2.1805e+06
0.199 1.1886e+08 2.3772e+06
0.2 1.3303e+08 2.6606e+06
0.201 1.2089e+08 2.4178e+06
0.202 1.1417e+08 2.2834e+06
0.203 1.089e+08 2.1779e+06
0.204 1.1504e+08 2.3008e+06
0.205 1.0873e+08 2.1746e+06
0.206 1.0581e+08 2.1162e+06
0.207 9.8365e+07 1.9673e+06
0.208 1.034e+08 2.0679e+06
0.209 1.1592e+08 2.3184e+06
0.21 1.0803e+08 2.1606e+06
0.211 1.0111e+08 2.0223e+06
0.212 8.736e+07 1.7472e+06
0.213 1.2756e+08 2.5512e+06
0.214 1.0462e+08 2.0923e+06
0.215 9.0289e+07 1.8058e+06
0.216 9.8095e+07 1.9619e+06
0.217 9.0241e+07 1.8048e+06
0.218 9.2973e+07 1.8595e+06
0.219 8.3486e+07 1.6697e+06
0.22 9.7777e+07 1.9555e+06
0.221 9.4007e+07 1.8801e+06
0.222 9.1511e+07 1.8302e+06
0.223 8.1425e+07 1.6285e+06
0.224 7.8091e+07 1.5618e+06
0.225 7.8751e+07 1.575e+06
0.226 9.1817e+07 1.8363e+06
0.227 9.0878e+07 1.8176e+06
0.228 8.9052e+07 1.781e+06
0.229 7.6089e+07 1.5218e+06
0.23 9.8348e+07 1.967e+06
0.231 8.2971e+07 1.6594e+06
0.232 7.8426e+07 1.5685e+06
0.233 8.8101e+07 1.762e+06
0.234 7.1624e+07 1.4325e+06
0.235 6.6879e+07 1.3376e+06
0.236 8.0872e+07 1.6174e+06
0.237 8.8323e+07 1.7665e+06
0.238 7.5194e+07 1.5039e+06
0.239 6.1428e+07 1.2286e+06
0.24 6.0638e+07 1.2128e+06
0.241 6.5383e+07 1.3077e+06
0.242 7.779e+07 1.5558e+06
0.243 7.4813e+07 1.4963e+06
0.244 7.1095e+07 1.4219e+06
0.245 7.6217e+07 1.5243e+06
0.246 7.2198e+07 1.444e+06
0.247 6.3663e+07 1.2733e+06
0.248 7.0861e+07 1.4172e+06
0.249 8.2941e+07 1.6588e+06
0.25 5.2464e+07 1.0493e+06
0.251 6.8377e+07 1.3675e+06
0.252 6.5382e+07 1.3076e+06
0.253 7.2628e+07 1.4526e+06
0.254 7.9754e+07 1.5951e+06
0.255 5.4614e+07 1.0923e+06
0.256 6.2177e+07 1.2435e+06
0.257 7.2553e+07 1.4511e+06
0.258 6.8088e+07 1.3618e+06
0.259 6.2035e+07 1.2407e+06
0.26 6.659e+07 1.3318e+06
0.261 5.7478e+07 1.1496e+06
0.262 6.9897e+07 1.3979e+06
0.263 5.4498e+07 1.09e+06
0.264 5.9932e+07 1.1986e+06
0.265 5.8085e+07 1.1617e+06
0.266 5.6398e+07 1.128e+06
0.267 5.2958e+07 1.0592e+06
0.268 6.0914e+07 1.2183e+06
0.269 6.3428e+07 1.2686e+06
0.27 6.7978e+07 1.3596e+06
0.271 5.793e+07 1.1586e+06
0.272 5.8614e+07 1.1723e+06
0.273 6.2954e+07 1.2591e+06
0.274 5.0158e+07 1.0032e+06
0.275 5.528e+07 1.1056e+06
0.276 6.014e+07 1.2028e+06
0.277 5.103e+07 1.0206e+06
0.278 7.8511e+07 1.5702e+06
0.279 5.5505e+07 1.1101e+06
0.28 6.0759e+07 1.2152e+06
0.281 4.6504e+07 9.3007e+05
0.282 6.499e+07 1.2998e+06
0.283 4.9685e+07 9.937e+05
0.284 5.8003e+07 1.1601e+06
0.285 5.6802e+07 1.136e+06
0.286 6.4034e+07 1.2807e+06
0.287 4.4699e+07 8.9398e+05
0.288 5.6035e+07 1.1207e+06
0.289 5.0161e+07 1.0032e+06
0.29 5.0017e+07 1.0003e+06
0.291 5.0264e+07 1.0053e+06
0.292 5.4848e+07 1.097e+06
0.293 5.0941e+07 1.0188e+06
0.294 4.9185e+07 9.837e+05
0.295 4.158e+07 8.3159e+05
0.296 4.8384e+07 9.6769e+05
0.297 5.5575e+07 1.1115e+06
0.298 6.1114e+07 1.2223e+06
0.299 4.931e+07 9.8621e+05
0.3 3.8228e+07 7.6456e+05
0.301 5.1442e+07 1.0288e+06
0.302 5.1266e+07 1.0253e+06
0.303 4.5345e+07 9.0691e+05
0.304 4.2185e+07 8.4371e+05
0.305 4.5529e+07 9.1059e+05
0.306 4.5734e+07 9.1467e+05
0.307 4.9487e+07 9.8974e+05
0.308 4.1767e+07 8.3535e+05
0.309 4.8243e+07 9.6487e+05
0.31 4.4198e+07 8.8395e+05
0.311 4.6459e+07 9.2917e+05
0.312 4.4134e+07 8.8268e+05
0.313 4.7378e+07 9.4756e+05
0.314 4.4043e+07 8.8085e+05
0.315 5.3988e+07 1.0798e+06
0.316 3.465e+07 6.9301e+05
0.317 4.7689e+07 9.5378e+05
0.318 3.5178e+07 7.0356e+05
0.319 3.8736e+07 7.7471e+05
0.32 4.4676e+07 8.9352e+05
0.321 4.8764e+07 9.7528e+05
0.322 4.3473e+07 8.6946e+05
0.323 5.416e+07 1.0832e+06
0.324 3.8784e+07 7.7568e+05
0.325 3.5753e+07 7.1506e+05
0.326 4.3916e+07 8.7833e+05
0.327 4.5371e+07 9.0742e+05
0.328 5.0148e+07 1.003e+06
0.329 4.5971e+07 9.1942e+05
0.33 3.7027e+07 7.4055e+05
0.331 4.445e+07 8.89e+05
0.332 3.3609e+07 6.7217e+05
0.333 2.571e+07 5.142e+05
0.334 3.3663e+07 6.7326e+05
0.335 3.0078e+07 6.0156e+05
0.336 3.4959e+07 6.9919e+05
0.337 3.1414e+07 6.2828e+05
0.338 3.9834e+07 7.9669e+05
0.339 3.5947e+07 7.1895e+05
0.34 3.3231e+07 6.6462e+05
0.341 4.3249e+07 8.6498e+05
0.342 2.4466e+07 4.8932e+05
0.343 3.5759e+07 7.1518e+05
0.344 2.9138e+07 5.8276e+05
0.345 2.5727e+07 5.1454e+05
0.346 3.0611e+07 6.1222e+05
0.347 3.4944e+07 6.9887e+05
0.348 3.219e+07 6.4381e+05
0.349 2.2919e+07 4.5838e+05
0.35 3.4329e+07 6.8659e+05
0.351 2.6209e+07 5.2419e+05
0.352 3.6519e+07 7.3037e+05
0.353 3.335e+07 6.6699e+05
0.354 2.7231e+07 5.4463e+05
0.355 3.2991e+07 6.5982e+05
0.356 3.3535e+07 6.707e+05
0.357 2.3489e+07 4.6978e+05
0.358 2.6479e+07 5.2957e+05
0.359 2.6772e+07 5.3543e+05
0.36 2.638e+07 5.2759e+05
0.361 2.7702e+07 5.5404e+05
0.362 2.2294e+07 4.4589e+05
0.363 1.6886e+07 3.3772e+05
0.364 2.5399e+07 5.0798e+05
0.365 2.2415e+07 4.4829e+05
0.366 4.0222e+07 8.0445e+05
0.367 1.9792e+07 3.9583e+05
0.368 2.4273e+07 4.8546e+05
0.369 2.592e+07 5.184e+05
0.37 2.7928e+07 5.5857e+05
0.371 2.6026e+07 5.2051e+05
0.372 2.3232e+07 4.6464e+05
0.373 3.0885e+07 6.177e+05
0.374 1.9888e+07 3.9777e+05
0.375 2.5633e+07 5.1267e+05
0.376 3.1818e+07 6.3635e+05
0.377 2.8969e+07 5.7937e+05
0.378 2.2386e+07 4.4773e+05
0.379 3.1083e+07 6.2165e+05
0.38 1.1572e+07 2.3143e+05
0.381 2.4541e+07 4.9081e+05
0.382 2.3033e+07 4.6066e+05
0.383 2.3765e+07 4.753e+05
0.384 1.5987e+07 3.1974e+05
0.385 3.4066e+07 6.8132e+05
0.386 2.1089e+07 4.2179e+05
0.387 2.6477e+07 5.2954e+05
0.388 2.9073e+07 5.8146e+05
0.389 1.9185e+07 3.837e+05
0.39 2.7876e+07 5.5753e+05
0.391 2.2338e+07 4.4677e+05
0.392 1.4633e+07 2.9266e+05
0.393 1.8466e+07 3.6932e+05
0.394 2.2429e+07 4.4859e+05
0.395 2.6022e+07 5.2045e+05
0.396 2.3053e+07 4.6105e+05
0.397 2.4374e+07 4.8747e+05
0.398 2.3028e+07 4.6056e+05
0.399 2.0722e+07 4.1445e+05
0.4 1.7177e+07 3.4354e+05
0.401 2.419e+07 4.8381e+05
0.402 2.8796e+07 5.7591e+05
0.403 2.3899e+07 4.7797e+05
0.404 1.7571e+07 3.5143e+05
0.405 3.2612e+07 6.5223e+05
0.406 1.8024e+07 3.6047e+05
0.407 2.8192e+07 5.6384e+05
0.408 1.3187e+07 2.6373e+05
0.409 2.435e+07 4.8699e+05
0.41 2.2933e+07 4.5866e+05
0.411 1.8605e+07 3.7209e+05
0.412 2.2113e+07 4.4227e+05
0.413 3.1737e+07 6.3474e+05
0.414 2.0755e+07 4.151e+05
0.415 2.1974e+07 4.3947e+05
0.416 2.7574e+07 5.5148e+05
0.417 1.9156e+07 3.8313e+05
0.418 2.1321e+07 4.2642e+05
0.419 2.4474e+07 4.8949e+05
0.42 1.7658e+07 3.5317e+05
0.421 2.7159e+07 5.4318e+05
0.422 2.4856e+07 4.9713e+05
0.423 3.1797e+07 6.3594e+05
0.424 1.352e+07 2.7039e+05
0.425 2.4925e+07 4.985e+05
0.426 1.969e+07 3.9379e+05
0.427 2.2872e+07 4.5743e+05
0.428 2.7529e+07 5.5059e+05
0.429 2.3717e+07 4.7433e+05
0.43 2.2892e+07 4.5784e+05
0.431 2.2478e+07 4.4956e+05
0.432 2.3797e+07 4.7594e+05
0.433 3.5193e+07 7.0387e+05
0.434 2.1468e+07 4.2937e+05
0.435 3.3817e+07 6.7634e+05
0.436 1.9064e+07 3.8128e+05
0.437 3.2408e+07 6.4815e+05
0.438 1.6623e+07 3.3246e+05
0.439 2.666e+07 5.332e+05
0.44 2.9164e+07 5.8328e+05
0.441 1.5836e+07 3.1671e+05
0.442 2.0032e+07 4.0065e+05
0.443 2.151e+07 4.302e+05
0.444 2.5141e+07 5.0282e+05
0.445 1.8766e+07 3.7531e+05
0.446 2.7106e+07 5.4213e+05
0.447 2.1213e+07 4.2427e+05
0.448 1.8578e+07 3.7155e+05
0.449 2.6729e+07 5.3458e+05
0.45 2.3229e+07 4.6459e+05
0.451 3.0263e+07 6.0526e+05
0.452 2.9363e+07 5.8726e+05
0.453 2.2915e+07 4.583e+05
0.454 2.2636e+07 4.5271e+05
0.455 1.4633e+07 2.9267e+05
0.456 3.4711e+07 6.9421e+05
0.457 2.2305e+07 4.461e+05
0.458 1.9264e+07 3.8527e+05
0.459 2.4566e+07 4.9131e+05
0.46 3.6318e+07 7.2636e+05
0.461 1.9215e+07 3.8431e+05
0.462 2.9141e+07 5.8283e+05
0.463 2.6067e+07 5.2134e+05
0.464 1.8724e+07 3.7448e+05
0.465 3.0994e+07 6.1989e+05
0.466 2.5388e+07 5.0776e+05
0.467 2.6954e+07 5.3908e+05
0.468 2.3659e+07 4.7318e+05
0.469 2.1426e+07 4.2852e+05
0.47 1.5958e+07 3.1916e+05
0.471 2.3195e+07 4.6389e+05
0.472 2.0887e+07 4.1773e+05
0.473 1.6872e+07 3.3745e+05
0.474 3.2778e+07 6.5557e+05
0.475 2.9975e+07 5.9949e+05
0.476 2.0941e+07 4.1882e+05
0.477 2.6369e+07 5.2737e+05
0.478 3.271e+07 6.542e+05
0.479 2.8364e+07 5.6729e+05
0.48 1.8975e+07 3.795e+05
0.481 1.9717e+07 3.9435e+05
0.482 2.0442e+07 4.0885e+05
0.483 2.5966e+07 5.1932e+05
0.484 2.3441e+07 4.6881e+05
0.485 3.2885e+07 6.577e+05
0.486 2.2452e+07 4.4905e+05
0.487 2.8574e+07 5.7148e+05
0.488 2.4784e+07 4.9567e+05
0.489 2.6829e+07 5.3658e+05
0.49 2.1682e+07 4.3365e+05
0.491 2.8543e+07 5.7086e+05
0.492 2.1284e+07 4.2568e+05
0.493 2.9448e+07 5.8896e+05
0.494 2.4326e+07 4.8653e+05
0.495 2.1111e+07 4.2222e+05
0.496 2.4334e+07 4.8668e+05
0.497 3.4947e+07 6.9893e+05
0.498 2.2308e+07 4.4616e+05
0.499 2.0284e+07 4.0567e+05
0.5 2.5379e+07 5.0758e+05
