0.001 2.1074e+10 4.2147e+08
0.002 2.1944e+10 4.3888e+08
0.003 2.1602e+10 4.3203e+08
0.004 2.195e+10 4.39e+08
0.005 2.263e+10 4.526e+08
0.006 2.1928e+10 4.3856e+08
0.007 2.2318e+10 4.4636e+08
0.008 2.2391e+10 4.4782e+08
0.009 2.2789e+10 4.5579e+08
0.01 2.2144e+10 4.4288e+08
0.011 2.1187e+10 4.2374e+08
0.012 2.128e+10 4.256e+08
0.013 2.1151e+10 4.2303e+08
0.014 2.1306e+10 4.2611e+08
0.015 2.1691e+10 4.3382e+08
0.016 2.1279e+10 4.2558e+08
0.017 2.131e+10 4.262e+08
0.018 2.1372e+10 4.2744e+08
0.019 2.1867e+10 4.3733e+08
0.02 2.1225e+10 4.2449e+08
0.021 2.0751e+10 4.1502e+08
0.022 2.0556e+10 4.1112e+08
0.023 2.0528e+10 4.1056e+08
0.024 2.0604e+10 4.1207e+08
0.025 2.0581e+10 4.1162e+08
0.026 2.0068e+10 4.0137e+08
0.027 2.0261e+10 4.0522e+08
0.028 1.9847e+10 3.9694e+08
0.029 1.9819e+10 3.9638e+08
0.03 1.9901e+10 3.9801e+08
0.031 1.9517e+10 3.9034e+08
0.032 1.9603e+10 3.9205e+08
0.033 1.9232e+10 3.8464e+08
0.034 1.9124e+10 3.8249e+08
0.035 1.9165e+10 3.833e+08
0.036 1.8893e+10 3.7787e+08
0.037 1.8902e+10 3.7805e+08
0.038 1.8725e+10 3.745e+08
0.039 1.8344e+10 3.6688e+08
0.04 1.8257e+10 3.6514e+08
0.041 1.8263e+10 3.6526e+08
0.042 1.7751e+10 3.5503e+08
0.043 1.7619e+10 3.5238e+08
0.044 1.7485e+10 3.497e+08
0.045 1.749e+10 3.4981e+08
0.046 1.7233e+10 3.4467e+08
0.047 1.7192e+10 3.4384e+08
0.048 1.6866e+10 3.3733e+08
0.049 1.6467e+10 3.2935e+08
0.05 1.6384e+10 3.2768e+08
0.051 1.6239e+10 3.2477e+08
0.052 1.5997e+10 3.1995e+08
0.053 1.5698e+10 3.1395e+08
0.054 1.5501e+10 3.1001e+08
0.055 1.555e+10 3.11e+08
0.056 1.5189e+10 3.0378e+08
0.057 1.537e+10 3.0741e+08
0.058 1.4655e+10 2.9309e+08
0.059 1.4629e+10 2.9259e+08
0.06 1.4475e+10 2.895e+08
0.061 1.4059e+10 2.8119e+08
0.062 1.4027e+10 2.8055e+08
0.063 1.3851e+10 2.7701e+08
0.064 1.3732e+10 2.7463e+08
0.065 1.3354e+10 2.6708e+08
0.066 1.3158e+10 2.6316e+08
0.067 1.3045e+10 2.609e+08
0.068 1.2683e+10 2.5366e+08
0.069 1.262e+10 2.5239e+08
0.07 1.2362e+10 2.4724e+08
0.071 1.2229e+10 2.4457e+08
0.072 1.2041e+10 2.4081e+08
0.073 1.1731e+10 2.3463e+08
0.074 1.1718e+10 2.3436e+08
0.075 1.1393e+10 2.2787e+08
0.076 1.126e+10 2.2521e+08
0.077 1.1118e+10 2.2235e+08
0.078 1.1018e+10 2.2036e+08
0.079 1.0666e+10 2.1333e+08
0.08 1.0725e+10 2.145e+08
0.081 1.0238e+10 2.0477e+08
0.082 1.0128e+10 2.0256e+08
0.083 1.0194e+10 2.0387e+08
0.084 9.6876e+09 1.9375e+08
0.085 9.6502e+09 1.93e+08
0.086 9.5587e+09 1.9117e+08
0.087 9.3368e+09 1.8674e+08
0.088 9.2427e+09 1.8485e+08
0.089 9.1982e+09 1.8396e+08
0.09 8.7894e+09 1.7579e+08
0.091 8.6283e+09 1.7257e+08
0.092 8.4083e+09 1.6817e+08
0.093 8.3502e+09 1.67e+08
0.094 8.2374e+09 1.6475e+08
0.095 8.0048e+09 1.601e+08
0.096 7.7929e+09 1.5586e+08
0.097 7.6288e+09 1.5258e+08
0.098 7.6014e+09 1.5203e+08
0.099 7.4114e+09 1.4823e+08
0.1 7.2722e+09 1.4544e+08
0.101 7.0485e+09 1.4097e+08
0.102 6.7905e+09 1.3581e+08
0.103 6.9001e+09 1.38e+08
0.104 6.7439e+09 1.3488e+08
0.105 6.6193e+09 1.3239e+08
0.106 6.3329e+09 1.2666e+08
0.107 6.2313e+09 1.2463e+08
0.108 6.2415e+09 1.2483e+08
0.109 5.9104e+09 1.1821e+08
0.11 5.7939e+09 1.1588e+08
0.111 5.7312e+09 1.1462e+08
0.112 5.6343e+09 1.1269e+08
0.113 5.4745e+09 1.0949e+08
0.114 5.277e+09 1.0554e+08
0.115 5.2912e+09 1.0582e+08
0.116 5.0936e+09 1.0187e+08
0.117 4.886e+09 9.7719e+07
0.118 4.9203e+09 9.8407e+07
0.119 4.7472e+09 9.4945e+07
0.12 4.6575e+09 9.3149e+07
0.121 4.5976e+09 9.1951e+07
0.122 4.5156e+09 9.0312e+07
0.123 4.2847e+09 8.5694e+07
0.124 4.2195e+09 8.439e+07
0.125 4.1799e+09 8.3599e+07
0.126 3.9988e+09 7.9977e+07
0.127 3.8252e+09 7.6503e+07
0.128 3.8105e+09 7.6209e+07
0.129 3.7138e+09 7.4276e+07
0.13 3.5451e+09 7.0903e+07
0.131 3.5399e+09 7.0799e+07
0.132 3.3857e+09 6.7715e+07
0.133 3.2944e+09 6.5889e+07
0.134 3.2466e+09 6.4931e+07
0.135 3.2134e+09 6.4268e+07
0.136 3.1166e+09 6.2331e+07
0.137 3.0507e+09 6.1013e+07
0.138 2.8582e+09 5.7164e+07
0.139 2.8629e+09 5.7258e+07
0.14 2.6729e+09 5.3457e+07
0.141 2.7883e+09 5.5766e+07
0.142 2.6746e+09 5.3492e+07
0.143 2.527e+09 5.054e+07
0.144 2.4286e+09 4.8572e+07
0.145 2.4009e+09 4.8019e+07
0.146 2.2937e+09 4.5873e+07
0.147 2.2669e+09 4.5338e+07
0.148 2.183e+09 4.366e+07
0.149 2.1072e+09 4.2144e+07
0.15 2.1883e+09 4.3765e+07
0.151 2.0016e+09 4.0033e+07
0.152 1.8453e+09 3.6906e+07
0.153 1.9398e+09 3.8796e+07
0.154 1.8192e+09 3.6384e+07
0.155 1.7818e+09 3.5636e+07
0.156 1.6854e+09 3.3708e+07
0.157 1.6211e+09 3.2421e+07
0.158 1.6169e+09 3.2338e+07
0.159 1.5598e+09 3.1197e+07
0.16 1.4794e+09 2.9589e+07
0.161 1.4461e+09 2.8923e+07
0.162 1.3961e+09 2.7921e+07
0.163 1.3445e+09 2.689e+07
0.164 1.2623e+09 2.5246e+07
0.165 1.2367e+09 2.4735e+07
0.166 1.3224e+09 2.6448e+07
0.167 1.162e+09 2.3239e+07
0.168 1.0587e+09 2.1174e+07
0.169 1.0803e+09 2.1606e+07
0.17 1.0367e+09 2.0733e+07
0.171 9.9851e+08 1.997e+07
0.172 1.0249e+09 2.0499e+07
0.173 9.935e+08 1.987e+07
0.174 9.4546e+08 1.8909e+07
0.175 9.1469e+08 1.8294e+07
0.176 8.5426e+08 1.7085e+07
0.177 8.4809e+08 1.6962e+07
0.178 8.1411e+08 1.6282e+07
0.179 7.7508e+08 1.5502e+07
0.18 7.645e+08 1.529e+07
0.181 7.5639e+08 1.5128e+07
0.182 7.7822e+08 1.5564e+07
0.183 6.8385e+08 1.3677e+07
0.184 6.6804e+08 1.3361e+07
0.185 6.6066e+08 1.3213e+07
0.186 6.5757e+08 1.3151e+07
0.187 5.6287e+08 1.1257e+07
0.188 5.7932e+08 1.1586e+07
0.189 5.5772e+08 1.1154e+07
0.19 5.2929e+08 1.0586e+07
0.191 5.1759e+08 1.0352e+07
0.192 5.404e+08 1.0808e+07
0.193 5.0378e+08 1.0076e+07
0.194 4.8865e+08 9.773e+06
0.195 4.6405e+08 9.281e+06
0.196 4.2123e+08 8.4245e+06
0.197 3.5698e+08 7.1396e+06
0.198 4.0834e+08 8.1669e+06
0.199 4.2969e+08 8.5939e+06
0.2 2.8518e+08 5.7036e+06
0.201 3.5804e+08 7.1608e+06
0.202 3.8634e+08 7.7268e+06
0.203 3.4292e+08 6.8583e+06
0.204 3.0267e+08 6.0534e+06
0.205 2.7075e+08 5.4149e+06
0.206 2.7638e+08 5.5276e+06
0.207 3.3549e+08 6.7097e+06
0.208 2.5557e+08 5.1115e+06
0.209 2.696e+08 5.3919e+06
0.21 3.0548e+08 6.1096e+06
0.211 3.3495e+08 6.6991e+06
0.212 2.9529e+08 5.9058e+06
0.213 2.6713e+08 5.3425e+06
0.214 3.0788e+08 6.1577e+06
0.215 2.5538e+08 5.1076e+06
0.216 3.1469e+08 6.2938e+06
0.217 2.4284e+08 4.8568e+06
0.218 2.167e+08 4.3339e+06
0.219 2.1845e+08 4.369e+06
0.22 2.274e+08 4.548e+06
0.221 2.3415e+08 4.683e+06
0.222 1.2812e+08 2.5624e+06
0.223 1.9801e+08 3.9602e+06
0.224 1.9074e+08 3.8147e+06
0.225 1.8649e+08 3.7297e+06
0.226 2.751e+08 5.502e+06
0.227 2.4155e+08 4.831e+06
0.228 2.2805e+08 4.561e+06
0.229 1.8105e+08 3.621e+06
0.23 1.8694e+08 3.7388e+06
0.231 1.6424e+08 3.2848e+06
0.232 1.5572e+08 3.1144e+06
0.233 1.8671e+08 3.7342e+06
0.234 2.0732e+08 4.1464e+06
0.235 2.499e+08 4.998e+06
0.236 2.4265e+08 4.8529e+06
0.237 2.2775e+08 4.555e+06
0.238 1.547e+08 3.0939e+06
0.239 1.7618e+08 3.5237e+06
0.24 2.034e+08 4.068e+06
0.241 1.7081e+08 3.4161e+06
0.242 1.8037e+08 3.6073e+06
0.243 2.5332e+08 5.0665e+06
0.244 1.5215e+08 3.0431e+06
0.245 2.3651e+08 4.7301e+06
0.246 1.8658e+08 3.7315e+06
0.247 2.2498e+08 4.4996e+06
0.248 1.6839e+08 3.3678e+06
0.249 1.9844e+08 3.9688e+06
0.25 1.7334e+08 3.4668e+06
0.251 1.62e+08 3.2399e+06
0.252 1.7901e+08 3.5803e+06
0.253 1.5033e+08 3.0066e+06
0.254 1.8128e+08 3.6255e+06
0.255 1.6743e+08 3.3485e+06
0.256 2.4927e+08 4.9854e+06
0.257 1.8625e+08 3.725e+06
0.258 1.7066e+08 3.4132e+06
0.259 2.0449e+08 4.0898e+06
0.26 2.1323e+08 4.2647e+06
0.261 2.2253e+08 4.4505e+06
0.262 2.0084e+08 4.0168e+06
0.263 1.9209e+08 3.8418e+06
0.264 2.1641e+08 4.3281e+06
0.265 1.8094e+08 3.6188e+06
0.266 1.8129e+08 3.6258e+06
0.267 1.948e+08 3.8959e+06
0.268 2.4146e+08 4.8291e+06
0.269 1.8868e+08 3.7735e+06
0.27 1.9107e+08 3.8215e+06
0.271 2.38e+08 4.76e+06
0.272 1.7945e+08 3.5889e+06
0.273 1.6043e+08 3.2086e+06
0.274 1.8421e+08 3.6841e+06
0.275 1.3084e+08 2.6168e+06
0.276 1.8355e+08 3.671e+06
0.277 1.6306e+08 3.2613e+06
0.278 2.1183e+08 4.2366e+06
0.279 1.5563e+08 3.1126e+06
0.28 1.5185e+08 3.0369e+06
0.281 1.9766e+08 3.9532e+06
0.282 1.8122e+08 3.6244e+06
0.283 1.6135e+08 3.227e+06
0.284 1.9987e+08 3.9974e+06
0.285 2.1342e+08 4.2684e+06
0.286 2.1378e+08 4.2756e+06
0.287 1.9334e+08 3.8669e+06
0.288 1.9922e+08 3.9844e+06
0.289 2.3667e+08 4.7335e+06
0.29 1.788e+08 3.576e+06
0.291 2.3719e+08 4.7439e+06
0.292 2.2413e+08 4.4826e+06
0.293 2.176e+08 4.352e+06
0.294 2.5409e+08 5.0817e+06
0.295 1.8238e+08 3.6476e+06
0.296 1.7892e+08 3.5785e+06
0.297 2.1401e+08 4.2802e+06
0.298 2.309e+08 4.6179e+06
0.299 2.0591e+08 4.1183e+06
0.3 2.0588e+08 4.1176e+06
0.301 2.6985e+08 5.3971e+06
0.302 2.3453e+08 4.6906e+06
0.303 1.4229e+08 2.8459e+06
0.304 1.7167e+08 3.4333e+06
0.305 1.6968e+08 3.3936e+06
0.306 2.0343e+08 4.0686e+06
0.307 1.9797e+08 3.9595e+06
0.308 1.8179e+08 3.6358e+06
0.309 1.9127e+08 3.8253e+06
0.31 1.6922e+08 3.3845e+06
0.311 1.9369e+08 3.8739e+06
0.312 1.6082e+08 3.2165e+06
0.313 1.8291e+08 3.6583e+06
0.314 1.863e+08 3.7261e+06
0.315 1.6423e+08 3.2846e+06
0.316 1.9592e+08 3.9183e+06
0.317 2.2773e+08 4.5545e+06
0.318 1.5041e+08 3.0081e+06
0.319 1.7825e+08 3.565e+06
0.32 1.6259e+08 3.2518e+06
0.321 1.8731e+08 3.7463e+06
0.322 1.967e+08 3.9341e+06
0.323 2.0186e+08 4.0373e+06
0.324 2.021e+08 4.042e+06
0.325 1.4606e+08 2.9213e+06
0.326 2.3694e+08 4.7388e+06
0.327 1.5473e+08 3.0945e+06
0.328 1.4294e+08 2.8587e+06
0.329 9.431e+07 1.8862e+06
0.33 1.4319e+08 2.8639e+06
0.331 1.3265e+08 2.6531e+06
0.332 1.8497e+08 3.6994e+06
0.333 1.9618e+08 3.9236e+06
0.334 1.809e+08 3.618e+06
0.335 1.0427e+08 2.0854e+06
0.336 1.6759e+08 3.3518e+06
0.337 1.5965e+08 3.1931e+06
0.338 1.5944e+08 3.1888e+06
0.339 1.547e+08 3.094e+06
0.34 2.097e+08 4.1939e+06
0.341 1.1649e+08 2.3298e+06
0.342 1.4884e+08 2.9767e+06
0.343 1.4951e+08 2.9901e+06
0.344 1.5278e+08 3.0556e+06
0.345 1.3879e+08 2.7758e+06
0.346 1.6572e+08 3.3145e+06
0.347 1.526e+08 3.052e+06
0.348 1.3385e+08 2.6769e+06
0.349 9.5292e+07 1.9058e+06
0.35 1.116e+08 2.232e+06
0.351 1.3741e+08 2.7482e+06
0.352 1.1254e+08 2.2508e+06
0.353 1.4521e+08 2.9043e+06
0.354 1.4565e+08 2.9131e+06
0.355 1.2614e+08 2.5228e+06
0.356 1.341e+08 2.682e+06
0.357 1.6945e+08 3.389e+06
0.358 1.3151e+08 2.6302e+06
0.359 1.0953e+08 2.1906e+06
0.36 1.8283e+08 3.6566e+06
0.361 2.0888e+08 4.1775e+06
0.362 1.2683e+08 2.5367e+06
0.363 1.1111e+08 2.2222e+06
0.364 1.8327e+08 3.6654e+06
0.365 1.6473e+08 3.2946e+06
0.366 1.4006e+08 2.8013e+06
0.367 1.3196e+08 2.6393e+06
0.368 1.4062e+08 2.8124e+06
0.369 7.7854e+07 1.5571e+06
0.37 1.43e+08 2.8599e+06
0.371 1.7156e+08 3.4312e+06
0.372 1.1538e+08 2.3076e+06
0.373 1.5161e+08 3.0321e+06
0.374 1.1421e+08 2.2842e+06
0.375 7.4975e+07 1.4995e+06
0.376 1.3803e+08 2.7606e+06
0.377 1.1807e+08 2.3614e+06
0.378 9.7289e+07 1.9458e+06
0.379 8.0738e+07 1.6148e+06
0.38 1.6801e+08 3.3603e+06
0.381 1.241e+08 2.4821e+06
0.382 1.2858e+08 2.5716e+06
0.383 7.704e+07 1.5408e+06
0.384 1.507e+08 3.0139e+06
0.385 9.0473e+07 1.8095e+06
0.386 1.4637e+08 2.9274e+06
0.387 1.0047e+08 2.0095e+06
0.388 1.5503e+08 3.1006e+06
0.389 1.1164e+08 2.2327e+06
0.39 1.3556e+08 2.7111e+06
0.391 1.263e+08 2.5259e+06
0.392 1.0197e+08 2.0395e+06
0.393 1.2691e+08 2.5382e+06
0.394 1.4816e+08 2.9633e+06
0.395 1.3937e+08 2.7873e+06
0.396 1.2164e+08 2.4329e+06
0.397 9.1711e+07 1.8342e+06
0.398 1.3588e+08 2.7176e+06
0.399 1.3074e+08 2.6147e+06
0.4 1.0902e+08 2.1804e+06
0.401 1.4764e+08 2.9529e+06
0.402 1.3703e+08 2.7406e+06
0.403 7.5621e+07 1.5124e+06
0.404 9.4347e+07 1.8869e+06
0.405 1.2393e+08 2.4786e+06
0.406 1.0617e+08 2.1233e+06
0.407 1.1852e+08 2.3704e+06
0.408 1.4651e+08 2.9302e+06
0.409 1.2602e+08 2.5203e+06
0.41 1.3041e+08 2.6082e+06
0.411 1.2366e+08 2.4733e+06
0.412 1.1813e+08 2.3626e+06
0.413 9.0515e+07 1.8103e+06
0.414 1.2759e+08 2.5517e+06
0.415 1.0673e+08 2.1346e+06
0.416 1.1733e+08 2.3467e+06
0.417 1.3596e+08 2.7193e+06
0.418 8.5203e+07 1.7041e+06
0.419 7.4909e+07 1.4982e+06
0.42 8.3429e+07 1.6686e+06
0.421 9.5126e+07 1.9025e+06
0.422 9.5808e+07 1.9162e+06
0.423 1.0167e+08 2.0333e+06
0.424 1.128e+08 2.256e+06
0.425 1.1757e+08 2.3514e+06
0.426 1.2118e+08 2.4237e+06
0.427 1.1191e+08 2.2382e+06
0.428 8.7456e+07 1.7491e+06
0.429 9.4421e+07 1.8884e+06
0.43 1.1172e+08 2.2345e+06
0.431 1.4978e+08 2.9957e+06
0.432 1.0904e+08 2.1809e+06
0.433 1.1527e+08 2.3055e+06
0.434 9.842e+07 1.9684e+06
0.435 1.1618e+08 2.3237e+06
0.436 1.3036e+08 2.6073e+06
0.437 8.5792e+07 1.7158e+06
0.438 1.0408e+08 2.0817e+06
0.439 1.2841e+08 2.5682e+06
0.44 1.1029e+08 2.2057e+06
0.441 1.4429e+08 2.8858e+06
0.442 8.2032e+07 1.6406e+06
0.443 1.2012e+08 2.4024e+06
0.444 8.5513e+07 1.7103e+06
0.445 1.1828e+08 2.3656e+06
0.446 1.2226e+08 2.4452e+06
0.447 6.394e+07 1.2788e+06
0.448 1.1165e+08 2.233e+06
0.449 1.1311e+08 2.2622e+06
0.45 1.3625e+08 2.7249e+06
0.451 1.3102e+08 2.6204e+06
0.452 1.2871e+08 2.5743e+06
0.453 1.0801e+08 2.1602e+06
0.454 1.2382e+08 2.4764e+06
0.455 1.2664e+08 2.5328e+06
0.456 1.0071e+08 2.0142e+06
0.457 1.4527e+08 2.9054e+06
0.458 8.7739e+07 1.7548e+06
0.459 1.0973e+08 2.1945e+06
0.46 1.2879e+08 2.5759e+06
0.461 1.2701e+08 2.5403e+06
0.462 9.7898e+07 1.958e+06
0.463 1.2096e+08 2.4192e+06
0.464 1.5221e+08 3.0442e+06
0.465 1.1893e+08 2.3787e+06
0.466 1.1562e+08 2.3123e+06
0.467 1.0279e+08 2.0558e+06
0.468 1.0801e+08 2.1601e+06
0.469 1.1847e+08 2.3693e+06
0.47 1.299e+08 2.598e+06
0.471 1.0541e+08 2.1081e+06
0.472 1.3332e+08 2.6664e+06
0.473 1.3402e+08 2.6803e+06
0.474 1.1828e+08 2.3656e+06
0.475 1.1439e+08 2.2878e+06
0.476 1.2231e+08 2.4462e+06
0.477 1.1673e+08 2.3346e+06
0.478 1.3941e+08 2.7882e+06
0.479 1.5431e+08 3.0861e+06
0.48 1.0367e+08 2.0735e+06
0.481 1.1452e+08 2.2905e+06
0.482 1.0404e+08 2.0809e+06
0.483 1.0604e+08 2.1208e+06
0.484 1.2001e+08 2.4001e+06
0.485 1.2091e+08 2.4181e+06
0.486 1.1744e+08 2.3488e+06
0.487 1.4558e+08 2.9116e+06
0.488 1.1232e+08 2.2464e+06
0.489 1.1656e+08 2.3313e+06
0.49 1.2164e+08 2.4328e+06
0.491 7.0801e+07 1.416e+06
0.492 1.073e+08 2.1461e+06
0.493 9.5741e+07 1.9148e+06
0.494 1.373e+08 2.746e+06
0.495 8.2145e+07 1.6429e+06
0.496 1.4102e+08 2.8203e+06
0.497 1.3962e+08 2.7925e+06
0.498 1.2593e+08 2.5186e+06
0.499 1.4737e+08 2.9475e+06
0.5 1.1834e+08 2.3668e+06
