0.001 2.4569e+10 4.9137e+08
0.002 2.5653e+10 5.1305e+08
0.003 2.6994e+10 5.3987e+08
0.004 2.6979e+10 5.3957e+08
0.005 2.7029e+10 5.4059e+08
0.006 2.6373e+10 5.2747e+08
0.007 2.6382e+10 5.2764e+08
0.008 2.6391e+10 5.2782e+08
0.009 2.5377e+10 5.0753e+08
0.01 2.6098e+10 5.2196e+08
0.011 2.5686e+10 5.1373e+08
0.012 2.6165e+10 5.2329e+08
0.013 2.548e+10 5.0959e+08
0.014 2.5206e+10 5.0411e+08
0.015 2.508e+10 5.0161e+08
0.016 2.595e+10 5.1899e+08
0.017 2.527e+10 5.0539e+08
0.018 2.5016e+10 5.0031e+08
0.019 2.5327e+10 5.0654e+08
0.02 2.5417e+10 5.0834e+08
0.021 2.4952e+10 4.9904e+08
0.022 2.5088e+10 5.0177e+08
0.023 2.5062e+10 5.0124e+08
0.024 2.4698e+10 4.9397e+08
0.025 2.4822e+10 4.9645e+08
0.026 2.387e+10 4.774e+08
0.027 2.358e+10 4.7161e+08
0.028 2.3901e+10 4.7802e+08
0.029 2.3464e+10 4.6928e+08
0.03 2.362e+10 4.7239e+08
0.031 2.3476e+10 4.6953e+08
0.032 2.3393e+10 4.6787e+08
0.033 2.294e+10 4.588e+08
0.034 2.2752e+10 4.5504e+08
0.035 2.2473e+10 4.4945e+08
0.036 2.2919e+10 4.5839e+08
0.037 2.225e+10 4.4499e+08
0.038 2.217e+10 4.434e+08
0.039 2.191e+10 4.382e+08
0.04 2.171e+10 4.342e+08
0.041 2.1757e+10 4.3514e+08
0.042 2.1056e+10 4.2113e+08
0.043 2.1017e+10 4.2035e+08
0.044 2.0606e+10 4.1212e+08
0.045 2.0737e+10 4.1473e+08
0.046 2.0293e+10 4.0585e+08
0.047 2.0267e+10 4.0534e+08
0.048 1.9941e+10 3.9883e+08
0.049 1.9917e+10 3.9834e+08
0.05 1.9816e+10 3.9632e+08
0.051 1.9534e+10 3.9068e+08
0.052 1.8865e+10 3.773e+08
0.053 1.9131e+10 3.8262e+08
0.054 1.8709e+10 3.7418e+08
0.055 1.8452e+10 3.6905e+08
0.056 1.8322e+10 3.6643e+08
0.057 1.8103e+10 3.6207e+08
0.058 1.787e+10 3.5741e+08
0.059 1.7638e+10 3.5276e+08
0.06 1.7416e+10 3.4833e+08
0.061 1.7153e+10 3.4305e+08
0.062 1.703e+10 3.406e+08
0.063 1.641e+10 3.2821e+08
0.064 1.654e+10 3.308e+08
0.065 1.623e+10 3.2461e+08
0.066 1.6134e+10 3.2268e+08
0.067 1.5669e+10 3.1338e+08
0.068 1.5486e+10 3.0972e+08
0.069 1.5193e+10 3.0386e+08
0.07 1.5223e+10 3.0446e+08
0.071 1.4825e+10 2.9649e+08
0.072 1.4668e+10 2.9335e+08
0.073 1.4532e+10 2.9064e+08
0.074 1.4242e+10 2.8484e+08
0.075 1.3916e+10 2.7832e+08
0.076 1.3656e+10 2.7311e+08
0.077 1.3578e+10 2.7156e+08
0.078 1.3188e+10 2.6376e+08
0.079 1.3216e+10 2.6432e+08
0.08 1.2966e+10 2.5931e+08
0.081 1.2557e+10 2.5114e+08
0.082 1.2592e+10 2.5183e+08
0.083 1.2337e+10 2.4674e+08
0.084 1.1997e+10 2.3994e+08
0.085 1.2e+10 2.4e+08
0.086 1.1662e+10 2.3323e+08
0.087 1.1334e+10 2.2669e+08
0.088 1.1147e+10 2.2295e+08
0.089 1.1053e+10 2.2107e+08
0.09 1.0857e+10 2.1715e+08
0.091 1.0559e+10 2.1119e+08
0.092 1.0353e+10 2.0705e+08
0.093 1.0068e+10 2.0136e+08
0.094 1.0008e+10 2.0015e+08
0.095 9.976e+09 1.9952e+08
0.096 9.5733e+09 1.9147e+08
0.097 9.5482e+09 1.9096e+08
0.098 9.2154e+09 1.8431e+08
0.099 9.278e+09 1.8556e+08
0.1 9.0582e+09 1.8116e+08
0.101 8.6522e+09 1.7304e+08
0.102 8.643e+09 1.7286e+08
0.103 8.5111e+09 1.7022e+08
0.104 8.1237e+09 1.6247e+08
0.105 7.9423e+09 1.5885e+08
0.106 7.9053e+09 1.5811e+08
0.107 7.6808e+09 1.5362e+08
0.108 7.3994e+09 1.4799e+08
0.109 7.3019e+09 1.4604e+08
0.11 7.2458e+09 1.4492e+08
0.111 6.9689e+09 1.3938e+08
0.112 6.8291e+09 1.3658e+08
0.113 6.785e+09 1.357e+08
0.114 6.4124e+09 1.2825e+08
0.115 6.5441e+09 1.3088e+08
0.116 6.2178e+09 1.2436e+08
0.117 6.1625e+09 1.2325e+08
0.118 6.0384e+09 1.2077e+08
0.119 5.86e+09 1.172e+08
0.12 5.7001e+09 1.14e+08
0.121 5.4666e+09 1.0933e+08
0.122 5.4971e+09 1.0994e+08
0.123 5.2758e+09 1.0552e+08
0.124 5.2739e+09 1.0548e+08
0.125 5.0173e+09 1.0035e+08
0.126 5.0081e+09 1.0016e+08
0.127 4.7576e+09 9.5151e+07
0.128 4.6867e+09 9.3734e+07
0.129 4.5996e+09 9.1992e+07
0.13 4.4242e+09 8.8483e+07
0.131 4.3482e+09 8.6963e+07
0.132 4.3432e+09 8.6863e+07
0.133 4.2494e+09 8.4988e+07
0.134 3.9732e+09 7.9463e+07
0.135 3.9766e+09 7.9532e+07
0.136 3.733e+09 7.466e+07
0.137 3.5892e+09 7.1784e+07
0.138 3.598e+09 7.1961e+07
0.139 3.6024e+09 7.2048e+07
0.14 3.3622e+09 6.7244e+07
0.141 3.3008e+09 6.6015e+07
0.142 3.159e+09 6.3179e+07
0.143 3.2437e+09 6.4875e+07
0.144 3.1806e+09 6.3612e+07
0.145 2.9976e+09 5.9952e+07
0.146 2.8705e+09 5.741e+07
0.147 2.7214e+09 5.4427e+07
0.148 2.6852e+09 5.3703e+07
0.149 2.6034e+09 5.2067e+07
0.15 2.5314e+09 5.0627e+07
0.151 2.5084e+09 5.0167e+07
0.152 2.4075e+09 4.8151e+07
0.153 2.3609e+09 4.7217e+07
0.154 2.2286e+09 4.4572e+07
0.155 2.1052e+09 4.2104e+07
0.156 2.0348e+09 4.0696e+07
0.157 2e+09 4e+07
0.158 1.9437e+09 3.8875e+07
0.159 1.9144e+09 3.8288e+07
0.16 1.8349e+09 3.6699e+07
0.161 1.6899e+09 3.3798e+07
0.162 1.7248e+09 3.4497e+07
0.163 1.622e+09 3.244e+07
0.164 1.5948e+09 3.1897e+07
0.165 1.6121e+09 3.2241e+07
0.166 1.5012e+09 3.0024e+07
0.167 1.4512e+09 2.9025e+07
0.168 1.4016e+09 2.8032e+07
0.169 1.3229e+09 2.6458e+07
0.17 1.2553e+09 2.5106e+07
0.171 1.2526e+09 2.5052e+07
0.172 1.2141e+09 2.4283e+07
0.173 1.1358e+09 2.2715e+07
0.174 1.1447e+09 2.2894e+07
0.175 1.1086e+09 2.2171e+07
0.176 9.9249e+08 1.985e+07
0.177 1.0387e+09 2.0774e+07
0.178 1.0383e+09 2.0766e+07
0.179 9.275e+08 1.855e+07
0.18 8.5825e+08 1.7165e+07
0.181 9.4773e+08 1.8955e+07
0.182 8.3416e+08 1.6683e+07
0.183 7.7965e+08 1.5593e+07
0.184 7.7764e+08 1.5553e+07
0.185 7.7132e+08 1.5426e+07
0.186 7.8212e+08 1.5642e+07
0.187 6.8205e+08 1.3641e+07
0.188 5.7978e+08 1.1596e+07
0.189 6.9445e+08 1.3889e+07
0.19 6.6878e+08 1.3376e+07
0.191 6.2762e+08 1.2552e+07
0.192 5.2435e+08 1.0487e+07
0.193 5.4033e+08 1.0807e+07
0.194 6.073e+08 1.2146e+07
0.195 5.3241e+08 1.0648e+07
0.196 5.1236e+08 1.0247e+07
0.197 4.8058e+08 9.6115e+06
0.198 4.3697e+08 8.7395e+06
0.199 4.562e+08 9.1241e+06
0.2 4.6431e+08 9.2863e+06
0.201 4.088e+08 8.1761e+06
0.202 4.3181e+08 8.6363e+06
0.203 4.1341e+08 8.2683e+06
0.204 4.1535e+08 8.307e+06
0.205 3.7897e+08 7.5794e+06
0.206 3.9363e+08 7.8726e+06
0.207 3.1414e+08 6.2828e+06
0.208 3.5891e+08 7.1781e+06
0.209 2.4073e+08 4.8145e+06
0.21 3.3521e+08 6.7043e+06
0.211 3.1708e+08 6.3416e+06
0.212 2.1642e+08 4.3285e+06
0.213 2.8851e+08 5.7701e+06
0.214 2.4804e+08 4.9609e+06
0.215 3.0582e+08 6.1164e+06
0.216 2.9694e+08 5.9388e+06
0.217 2.385e+08 4.77e+06
0.218 2.5493e+08 5.0987e+06
0.219 2.7211e+08 5.4421e+06
0.22 2.7627e+08 5.5254e+06
0.221 2.6498e+08 5.2997e+06
0.222 2.8158e+08 5.6316e+06
0.223 1.9029e+08 3.8057e+06
0.224 3.4415e+08 6.8829e+06
0.225 1.5749e+08 3.1498e+06
0.226 2.686e+08 5.3721e+06
0.227 2.0782e+08 4.1564e+06
0.228 1.9985e+08 3.997e+06
0.229 1.7433e+08 3.4867e+06
0.23 2.6015e+08 5.203e+06
0.231 2.0636e+08 4.1271e+06
0.232 2.1734e+08 4.3468e+06
0.233 2.8862e+08 5.7723e+06
0.234 2.6474e+08 5.2948e+06
0.235 2.7275e+08 5.455e+06
0.236 1.648e+08 3.296e+06
0.237 1.5355e+08 3.071e+06
0.238 2.8117e+08 5.6235e+06
0.239 2.1208e+08 4.2416e+06
0.24 1.9164e+08 3.8329e+06
0.241 2.1438e+08 4.2876e+06
0.242 2.3388e+08 4.6777e+06
0.243 2.4126e+08 4.8251e+06
0.244 1.954e+08 3.908e+06
0.245 1.7655e+08 3.5311e+06
0.246 2.21e+08 4.4199e+06
0.247 2.2687e+08 4.5375e+06
0.248 2.1614e+08 4.3227e+06
0.249 2.008e+08 4.0159e+06
0.25 2.1418e+08 4.2836e+06
0.251 1.5204e+08 3.0408e+06
0.252 2.3897e+08 4.7794e+06
0.253 2.4784e+08 4.9569e+06
0.254 2.1162e+08 4.2324e+06
0.255 2.0106e+08 4.0212e+06
0.256 2.4096e+08 4.8191e+06
0.257 2.7394e+08 5.4788e+06
0.258 2.2535e+08 4.5071e+06
0.259 2.122e+08 4.244e+06
0.26 2.497e+08 4.9941e+06
0.261 2.366e+08 4.7319e+06
0.262 2.4154e+08 4.8309e+06
0.263 2.3932e+08 4.7865e+06
0.264 1.7677e+08 3.5354e+06
0.265 2.7379e+08 5.4757e+06
0.266 1.4131e+08 2.8262e+06
0.267 1.6432e+08 3.2865e+06
0.268 1.9839e+08 3.9678e+06
0.269 2.285e+08 4.57e+06
0.27 2.2888e+08 4.5776e+06
0.271 2.444e+08 4.888e+06
0.272 2.639e+08 5.278e+06
0.273 2.825e+08 5.6501e+06
0.274 2.124e+08 4.248e+06
0.275 2.673e+08 5.3461e+06
0.276 2.8127e+08 5.6255e+06
0.277 2.6881e+08 5.3763e+06
0.278 2.6551e+08 5.3102e+06
0.279 2.8341e+08 5.6682e+06
0.28 2.2554e+08 4.5108e+06
0.281 2.1681e+08 4.3361e+06
0.282 2.2066e+08 4.4132e+06
0.283 2.3939e+08 4.7878e+06
0.284 2.103e+08 4.2059e+06
0.285 2.9352e+08 5.8705e+06
0.286 2.8594e+08 5.7187e+06
0.287 2.4213e+08 4.8425e+06
0.288 1.9889e+08 3.9779e+06
0.289 2.6037e+08 5.2073e+06
0.29 2.1081e+08 4.2162e+06
0.291 2.2197e+08 4.4393e+06
0.292 2.4616e+08 4.9233e+06
0.293 2.059e+08 4.118e+06
0.294 2.5067e+08 5.0135e+06
0.295 2.2787e+08 4.5574e+06
0.296 1.7754e+08 3.5508e+06
0.297 2.4304e+08 4.8608e+06
0.298 2.5125e+08 5.0251e+06
0.299 2.4086e+08 4.8172e+06
0.3 1.8392e+08 3.6784e+06
0.301 2.0564e+08 4.1128e+06
0.302 2.8244e+08 5.6489e+06
0.303 2.4974e+08 4.9948e+06
0.304 2.5478e+08 5.0957e+06
0.305 2.3765e+08 4.7531e+06
0.306 2.3228e+08 4.6457e+06
0.307 2.5688e+08 5.1376e+06
0.308 1.8498e+08 3.6997e+06
0.309 2.2058e+08 4.4117e+06
0.31 2.8348e+08 5.6697e+06
0.311 2.4853e+08 4.9706e+06
0.312 2.0937e+08 4.1874e+06
0.313 2.373e+08 4.746e+06
0.314 2.7088e+08 5.4177e+06
0.315 2.5787e+08 5.1574e+06
0.316 2.0145e+08 4.029e+06
0.317 2.092e+08 4.184e+06
0.318 1.7447e+08 3.4893e+06
0.319 2.0632e+08 4.1264e+06
0.32 2.3207e+08 4.6413e+06
0.321 2.1186e+08 4.2371e+06
0.322 1.8163e+08 3.6326e+06
0.323 1.5377e+08 3.0753e+06
0.324 1.9094e+08 3.8187e+06
0.325 1.3679e+08 2.7358e+06
0.326 2.1972e+08 4.3945e+06
0.327 2.1002e+08 4.2004e+06
0.328 1.7851e+08 3.5702e+06
0.329 2.2383e+08 4.4766e+06
0.33 2.1659e+08 4.3318e+06
0.331 2.0618e+08 4.1235e+06
0.332 2.2345e+08 4.4689e+06
0.333 2.3945e+08 4.789e+06
0.334 2.0749e+08 4.1498e+06
0.335 1.8586e+08 3.7171e+06
0.336 1.9862e+08 3.9725e+06
0.337 1.5355e+08 3.0709e+06
0.338 1.6284e+08 3.2568e+06
0.339 1.851e+08 3.702e+06
0.34 1.7768e+08 3.5536e+06
0.341 1.5715e+08 3.143e+06
0.342 1.6009e+08 3.2017e+06
0.343 1.5134e+08 3.0268e+06
0.344 1.5741e+08 3.1482e+06
0.345 1.5721e+08 3.1441e+06
0.346 1.4896e+08 2.9792e+06
0.347 1.6637e+08 3.3275e+06
0.348 2.1467e+08 4.2935e+06
0.349 1.7584e+08 3.5168e+06
0.35 1.8072e+08 3.6143e+06
0.351 1.852e+08 3.704e+06
0.352 1.3858e+08 2.7716e+06
0.353 2.1552e+08 4.3104e+06
0.354 1.6203e+08 3.2406e+06
0.355 1.8966e+08 3.7932e+06
0.356 2.095e+08 4.19e+06
0.357 1.2416e+08 2.4833e+06
0.358 1.7397e+08 3.4794e+06
0.359 1.6179e+08 3.2358e+06
0.36 1.8511e+08 3.7022e+06
0.361 1.774e+08 3.5481e+06
0.362 2.2227e+08 4.4453e+06
0.363 1.5086e+08 3.0171e+06
0.364 1.6011e+08 3.2023e+06
0.365 1.0919e+08 2.1839e+06
0.366 1.8239e+08 3.6478e+06
0.367 1.2492e+08 2.4984e+06
0.368 2.0153e+08 4.0306e+06
0.369 1.1661e+08 2.3321e+06
0.37 1.2273e+08 2.4545e+06
0.371 1.8042e+08 3.6084e+06
0.372 1.8517e+08 3.7034e+06
0.373 1.7556e+08 3.5111e+06
0.374 1.1814e+08 2.3627e+06
0.375 1.6887e+08 3.3774e+06
0.376 1.1916e+08 2.3831e+06
0.377 1.2446e+08 2.4892e+06
0.378 1.2e+08 2.4001e+06
0.379 1.4963e+08 2.9925e+06
0.38 1.9268e+08 3.8536e+06
0.381 1.5327e+08 3.0654e+06
0.382 1.6172e+08 3.2345e+06
0.383 1.1737e+08 2.3475e+06
0.384 1.6019e+08 3.2037e+06
0.385 1.4471e+08 2.8941e+06
0.386 1.8743e+08 3.7486e+06
0.387 1.7507e+08 3.5013e+06
0.388 1.3275e+08 2.6549e+06
0.389 1.4579e+08 2.9159e+06
0.39 1.1592e+08 2.3183e+06
0.391 1.7879e+08 3.5759e+06
0.392 1.5739e+08 3.1478e+06
0.393 1.4768e+08 2.9536e+06
0.394 1.7851e+08 3.5703e+06
0.395 1.4178e+08 2.8355e+06
0.396 1.2413e+08 2.4827e+06
0.397 1.4475e+08 2.895e+06
0.398 1.3857e+08 2.7714e+06
0.399 1.4664e+08 2.9329e+06
0.4 1.7957e+08 3.5915e+06
0.401 1.1123e+08 2.2246e+06
0.402 1.6319e+08 3.2637e+06
0.403 1.2207e+08 2.4414e+06
0.404 1.2416e+08 2.4832e+06
0.405 1.1438e+08 2.2875e+06
0.406 1.596e+08 3.1919e+06
0.407 1.4346e+08 2.8693e+06
0.408 1.6054e+08 3.2109e+06
0.409 1.0441e+08 2.0882e+06
0.41 1.1127e+08 2.2253e+06
0.411 1.2881e+08 2.5761e+06
0.412 1.3376e+08 2.6752e+06
0.413 1.8301e+08 3.6601e+06
0.414 1.5095e+08 3.019e+06
0.415 1.7889e+08 3.5778e+06
0.416 9.2196e+07 1.8439e+06
0.417 1.3224e+08 2.6449e+06
0.418 9.7783e+07 1.9557e+06
0.419 1.4223e+08 2.8446e+06
0.42 1.5631e+08 3.1262e+06
0.421 1.5684e+08 3.1368e+06
0.422 1.6811e+08 3.3622e+06
0.423 1.1934e+08 2.3868e+06
0.424 1.8462e+08 3.6925e+06
0.425 1.8073e+08 3.6146e+06
0.426 1.2858e+08 2.5716e+06
0.427 1.2856e+08 2.5712e+06
0.428 1.2591e+08 2.5181e+06
0.429 1.7709e+08 3.5417e+06
0.43 1.1238e+08 2.2475e+06
0.431 1.2199e+08 2.4398e+06
0.432 1.5048e+08 3.0097e+06
0.433 1.2632e+08 2.5263e+06
0.434 1.2667e+08 2.5333e+06
0.435 1.2476e+08 2.4951e+06
0.436 1.5607e+08 3.1214e+06
0.437 1.6729e+08 3.3458e+06
0.438 1.6233e+08 3.2467e+06
0.439 1.1745e+08 2.3491e+06
0.44 1.3776e+08 2.7552e+06
0.441 1.4455e+08 2.8909e+06
0.442 1.4957e+08 2.9913e+06
0.443 1.5301e+08 3.0602e+06
0.444 1.985e+08 3.97e+06
0.445 1.6297e+08 3.2594e+06
0.446 1.97e+08 3.94e+06
0.447 1.4803e+08 2.9606e+06
0.448 1.2905e+08 2.581e+06
0.449 1.3375e+08 2.6749e+06
0.45 1.5427e+08 3.0855e+06
0.451 1.2068e+08 2.4135e+06
0.452 1.2192e+08 2.4384e+06
0.453 1.5545e+08 3.1089e+06
0.454 1.3262e+08 2.6525e+06
0.455 1.8626e+08 3.7251e+06
0.456 1.7262e+08 3.4524e+06
0.457 1.0135e+08 2.027e+06
0.458 1.2435e+08 2.4869e+06
0.459 1.5004e+08 3.0008e+06
0.46 1.6357e+08 3.2715e+06
0.461 1.4335e+08 2.867e+06
0.462 1.5065e+08 3.0129e+06
0.463 1.6326e+08 3.2652e+06
0.464 1.5586e+08 3.1171e+06
0.465 1.5093e+08 3.0187e+06
0.466 1.4159e+08 2.8318e+06
0.467 1.0301e+08 2.0602e+06
0.468 1.3838e+08 2.7676e+06
0.469 1.5265e+08 3.053e+06
0.47 1.4815e+08 2.9629e+06
0.471 1.2607e+08 2.5214e+06
0.472 1.6929e+08 3.3858e+06
0.473 1.2175e+08 2.4351e+06
0.474 1.3584e+08 2.7167e+06
0.475 1.1856e+08 2.3712e+06
0.476 1.1065e+08 2.213e+06
0.477 1.7548e+08 3.5097e+06
0.478 1.6468e+08 3.2937e+06
0.479 1.3887e+08 2.7774e+06
0.48 1.0495e+08 2.099e+06
0.481 1.4408e+08 2.8816e+06
0.482 1.2981e+08 2.5963e+06
0.483 8.2418e+07 1.6484e+06
0.484 1.5841e+08 3.1682e+06
0.485 1.1716e+08 2.3432e+06
0.486 1.2089e+08 2.4177e+06
0.487 1.7806e+08 3.5611e+06
0.488 1.0452e+08 2.0903e+06
0.489 1.0262e+08 2.0524e+06
0.49 1.3744e+08 2.7487e+06
0.491 1.09e+08 2.18e+06
0.492 1.4285e+08 2.8569e+06
0.493 1.3297e+08 2.6594e+06
0.494 1.4769e+08 2.9537e+06
0.495 1.421e+08 2.842e+06
0.496 1.7534e+08 3.5068e+06
0.497 1.5498e+08 3.0995e+06
0.498 1.7742e+08 3.5484e+06
0.499 1.5508e+08 3.1016e+06
0.5 1.1994e+08 2.3988e+06
