0.001 5.6211e+09 1.1242e+08
0.002 6.2878e+09 1.2576e+08
0.003 6.2885e+09 1.2577e+08
0.004 6.4767e+09 1.2953e+08
0.005 6.465e+09 1.293e+08
0.006 6.3961e+09 1.2792e+08
0.007 6.1795e+09 1.2359e+08
0.008 6.2799e+09 1.256e+08
0.009 6.4754e+09 1.2951e+08
0.01 6.2583e+09 1.2517e+08
0.011 6.2221e+09 1.2444e+08
0.012 6.1782e+09 1.2356e+08
0.013 6.1565e+09 1.2313e+08
0.014 6.1875e+09 1.2375e+08
0.015 6.1575e+09 1.2315e+08
0.016 6.1667e+09 1.2333e+08
0.017 6.1701e+09 1.234e+08
0.018 6.1245e+09 1.2249e+08
0.019 6.1112e+09 1.2222e+08
0.02 5.8771e+09 1.1754e+08
0.021 6.0591e+09 1.2118e+08
0.022 5.8977e+09 1.1795e+08
0.023 5.8965e+09 1.1793e+08
0.024 5.871e+09 1.1742e+08
0.025 5.9058e+09 1.1812e+08
0.026 5.7903e+09 1.1581e+08
0.027 5.7749e+09 1.155e+08
0.028 5.7257e+09 1.1451e+08
0.029 5.6378e+09 1.1276e+08
0.03 5.6744e+09 1.1349e+08
0.031 5.5244e+09 1.1049e+08
0.032 5.5454e+09 1.1091e+08
0.033 5.3287e+09 1.0657e+08
0.034 5.3601e+09 1.072e+08
0.035 5.4126e+09 1.0825e+08
0.036 5.2768e+09 1.0554e+08
0.037 5.2092e+09 1.0418e+08
0.038 5.203e+09 1.0406e+08
0.039 5.1059e+09 1.0212e+08
0.04 4.9955e+09 9.991e+07
0.041 4.9977e+09 9.9954e+07
0.042 4.8554e+09 9.7109e+07
0.043 4.8859e+09 9.7718e+07
0.044 4.8312e+09 9.6624e+07
0.045 4.6833e+09 9.3666e+07
0.046 4.6375e+09 9.275e+07
0.047 4.677e+09 9.3539e+07
0.048 4.5586e+09 9.1171e+07
0.049 4.4307e+09 8.8614e+07
0.05 4.4515e+09 8.9031e+07
0.051 4.2971e+09 8.5943e+07
0.052 4.1837e+09 8.3674e+07
0.053 4.1946e+09 8.3892e+07
0.054 4.108e+09 8.2159e+07
0.055 4.0582e+09 8.1165e+07
0.056 4.0028e+09 8.0056e+07
0.057 3.8481e+09 7.6962e+07
0.058 3.8603e+09 7.7205e+07
0.059 3.8048e+09 7.6095e+07
0.06 3.8179e+09 7.6357e+07
0.061 3.6599e+09 7.3198e+07
0.062 3.6345e+09 7.2691e+07
0.063 3.5895e+09 7.1789e+07
0.064 3.486e+09 6.972e+07
0.065 3.4225e+09 6.845e+07
0.066 3.3713e+09 6.7425e+07
0.067 3.3504e+09 6.7007e+07
0.068 3.2516e+09 6.5032e+07
0.069 3.1611e+09 6.3223e+07
0.07 3.1719e+09 6.3438e+07
0.071 3.1081e+09 6.2161e+07
0.072 3.0239e+09 6.0479e+07
0.073 2.9749e+09 5.9499e+07
0.074 2.8871e+09 5.7741e+07
0.075 2.8301e+09 5.6602e+07
0.076 2.8227e+09 5.6454e+07
0.077 2.7345e+09 5.469e+07
0.078 2.6624e+09 5.3248e+07
0.079 2.646e+09 5.292e+07
0.08 2.5765e+09 5.153e+07
0.081 2.585e+09 5.1701e+07
0.082 2.4718e+09 4.9435e+07
0.083 2.4259e+09 4.8518e+07
0.084 2.3727e+09 4.7454e+07
0.085 2.3382e+09 4.6765e+07
0.086 2.3086e+09 4.6172e+07
0.087 2.2197e+09 4.4394e+07
0.088 2.1912e+09 4.3824e+07
0.089 2.1734e+09 4.3467e+07
0.09 2.0901e+09 4.1803e+07
0.091 2.0791e+09 4.1581e+07
0.092 1.9766e+09 3.9531e+07
0.093 1.9893e+09 3.9786e+07
0.094 1.9299e+09 3.8597e+07
0.095 1.8819e+09 3.7638e+07
0.096 1.8768e+09 3.7535e+07
0.097 1.8082e+09 3.6163e+07
0.098 1.7497e+09 3.4993e+07
0.099 1.7245e+09 3.449e+07
0.1 1.6556e+09 3.3113e+07
0.101 1.6489e+09 3.2977e+07
0.102 1.6185e+09 3.2371e+07
0.103 1.5677e+09 3.1353e+07
0.104 1.539e+09 3.078e+07
0.105 1.5072e+09 3.0143e+07
0.106 1.5291e+09 3.0581e+07
0.107 1.4612e+09 2.9224e+07
0.108 1.4083e+09 2.8165e+07
0.109 1.4049e+09 2.8098e+07
0.11 1.3287e+09 2.6575e+07
0.111 1.3522e+09 2.7044e+07
0.112 1.2925e+09 2.585e+07
0.113 1.2611e+09 2.5223e+07
0.114 1.2555e+09 2.511e+07
0.115 1.195e+09 2.39e+07
0.116 1.1687e+09 2.3375e+07
0.117 1.1496e+09 2.2992e+07
0.118 1.1563e+09 2.3126e+07
0.119 1.1028e+09 2.2056e+07
0.12 1.0621e+09 2.1241e+07
0.121 1.0359e+09 2.0717e+07
0.122 1.0205e+09 2.0411e+07
0.123 1.0168e+09 2.0337e+07
0.124 9.351e+08 1.8702e+07
0.125 9.5404e+08 1.9081e+07
0.126 9.2933e+08 1.8587e+07
0.127 9.001e+08 1.8002e+07
0.128 8.5536e+08 1.7107e+07
0.129 8.8681e+08 1.7736e+07
0.13 8.383e+08 1.6766e+07
0.131 8.187e+08 1.6374e+07
0.132 7.8886e+08 1.5777e+07
0.133 7.4059e+08 1.4812e+07
0.134 7.4122e+08 1.4824e+07
0.135 7.3821e+08 1.4764e+07
0.136 7.3904e+08 1.4781e+07
0.137 6.7523e+08 1.3505e+07
0.138 7.0712e+08 1.4142e+07
0.139 6.9964e+08 1.3993e+07
0.14 6.7289e+08 1.3458e+07
0.141 6.3641e+08 1.2728e+07
0.142 6.248e+08 1.2496e+07
0.143 6.1197e+08 1.2239e+07
0.144 5.7578e+08 1.1516e+07
0.145 5.3275e+08 1.0655e+07
0.146 5.5498e+08 1.11e+07
0.147 5.2734e+08 1.0547e+07
0.148 5.5669e+08 1.1134e+07
0.149 5.2012e+08 1.0402e+07
0.15 4.833e+08 9.666e+06
0.151 5.0852e+08 1.017e+07
0.152 4.8242e+08 9.6484e+06
0.153 4.5933e+08 9.1866e+06
0.154 4.5436e+08 9.0872e+06
0.155 4.4241e+08 8.8482e+06
0.156 4.4613e+08 8.9226e+06
0.157 4.27e+08 8.54e+06
0.158 4.1024e+08 8.2048e+06
0.159 4.1178e+08 8.2356e+06
0.16 3.7705e+08 7.5409e+06
0.161 3.5484e+08 7.0968e+06
0.162 3.8259e+08 7.6517e+06
0.163 3.445e+08 6.89e+06
0.164 3.5024e+08 7.0047e+06
0.165 3.3476e+08 6.6951e+06
0.166 3.2178e+08 6.4357e+06
0.167 3.2218e+08 6.4436e+06
0.168 3.2325e+08 6.465e+06
0.169 3.3108e+08 6.6217e+06
0.17 2.9923e+08 5.9846e+06
0.171 2.7624e+08 5.5247e+06
0.172 2.7078e+08 5.4155e+06
0.173 2.7532e+08 5.5064e+06
0.174 2.8315e+08 5.6629e+06
0.175 2.6364e+08 5.2727e+06
0.176 2.2877e+08 4.5754e+06
0.177 2.6579e+08 5.3157e+06
0.178 2.2507e+08 4.5013e+06
0.179 2.4203e+08 4.8406e+06
0.18 2.2944e+08 4.5888e+06
0.181 2.4673e+08 4.9346e+06
0.182 2.0204e+08 4.0408e+06
0.183 2.1891e+08 4.3781e+06
0.184 1.9643e+08 3.9285e+06
0.185 1.9335e+08 3.867e+06
0.186 1.912e+08 3.8239e+06
0.187 1.7342e+08 3.4683e+06
0.188 1.7939e+08 3.5879e+06
0.189 1.8321e+08 3.6642e+06
0.19 1.7243e+08 3.4486e+06
0.191 1.8372e+08 3.6745e+06
0.192 1.805e+08 3.61e+06
0.193 1.7551e+08 3.5101e+06
0.194 1.6852e+08 3.3703e+06
0.195 1.6273e+08 3.2546e+06
0.196 1.6791e+08 3.3582e+06
0.197 1.5002e+08 3.0004e+06
0.198 1.3486e+08 2.6972e+06
0.199 1.41e+08 2.8199e+06
0.2 1.4291e+08 2.8581e+06
0.201 1.0753e+08 2.1506e+06
0.202 1.3404e+08 2.6808e+06
0.203 1.3918e+08 2.7836e+06
0.204 1.4925e+08 2.9849e+06
0.205 1.3186e+08 2.6371e+06
0.206 1.269e+08 2.5379e+06
0.207 1.0846e+08 2.1692e+06
0.208 1.2526e+08 2.5052e+06
0.209 1.343e+08 2.686e+06
0.21 1.097e+08 2.1939e+06
0.211 1.1662e+08 2.3324e+06
0.212 1.1015e+08 2.2031e+06
0.213 1.051e+08 2.1019e+06
0.214 8.9171e+07 1.7834e+06
0.215 1.0429e+08 2.0859e+06
0.216 1.3857e+08 2.7714e+06
0.217 9.9352e+07 1.987e+06
0.218 1.0386e+08 2.0773e+06
0.219 9.3367e+07 1.8673e+06
0.22 1.0336e+08 2.0673e+06
0.221 1.0452e+08 2.0903e+06
0.222 8.2609e+07 1.6522e+06
0.223 9.9152e+07 1.983e+06
0.224 1.0623e+08 2.1247e+06
0.225 8.8773e+07 1.7755e+06
0.226 1.0464e+08 2.0928e+06
0.227 9.9642e+07 1.9928e+06
0.228 8.3982e+07 1.6796e+06
0.229 9.4861e+07 1.8972e+06
0.23 8.1316e+07 1.6263e+06
0.231 7.5825e+07 1.5165e+06
0.232 9.2352e+07 1.847e+06
0.233 9.9843e+07 1.9969e+06
0.234 8.621e+07 1.7242e+06
0.235 8.544e+07 1.7088e+06
0.236 9.7975e+07 1.9595e+06
0.237 8.634e+07 1.7268e+06
0.238 8.8928e+07 1.7786e+06
0.239 7.111e+07 1.4222e+06
0.24 7.9807e+07 1.5961e+06
0.241 8.1118e+07 1.6224e+06
0.242 8.8787e+07 1.7757e+06
0.243 9.0049e+07 1.801e+06
0.244 1.0366e+08 2.0733e+06
0.245 7.4636e+07 1.4927e+06
0.246 8.237e+07 1.6474e+06
0.247 7.6537e+07 1.5307e+06
0.248 7.1091e+07 1.4218e+06
0.249 8.8232e+07 1.7646e+06
0.25 6.1062e+07 1.2212e+06
0.251 7.5614e+07 1.5123e+06
0.252 8.846e+07 1.7692e+06
0.253 8.7954e+07 1.7591e+06
0.254 8.0484e+07 1.6097e+06
0.255 8.4765e+07 1.6953e+06
0.256 6.7777e+07 1.3555e+06
0.257 9.409e+07 1.8818e+06
0.258 7.7207e+07 1.5441e+06
0.259 7.473e+07 1.4946e+06
0.26 6.9331e+07 1.3866e+06
0.261 7.7284e+07 1.5457e+06
0.262 8.2573e+07 1.6515e+06
0.263 6.8961e+07 1.3792e+06
0.264 7.1623e+07 1.4325e+06
0.265 6.8312e+07 1.3662e+06
0.266 7.4247e+07 1.4849e+06
0.267 8.7446e+07 1.7489e+06
0.268 7.0583e+07 1.4117e+06
0.269 7.7268e+07 1.5454e+06
0.27 6.5387e+07 1.3077e+06
0.271 7.0078e+07 1.4016e+06
0.272 5.631e+07 1.1262e+06
0.273 7.1516e+07 1.4303e+06
0.274 8.4949e+07 1.699e+06
0.275 7.1578e+07 1.4316e+06
0.276 7.3736e+07 1.4747e+06
0.277 7.1838e+07 1.4368e+06
0.278 7.4433e+07 1.4887e+06
0.279 9.9229e+07 1.9846e+06
0.28 6.9889e+07 1.3978e+06
0.281 6.229e+07 1.2458e+06
0.282 7.9114e+07 1.5823e+06
0.283 7.1685e+07 1.4337e+06
0.284 7.4806e+07 1.4961e+06
0.285 8.4814e+07 1.6963e+06
0.286 6.6248e+07 1.325e+06
0.287 7.5241e+07 1.5048e+06
0.288 7.9144e+07 1.5829e+06
0.289 7.8266e+07 1.5653e+06
0.29 6.2116e+07 1.2423e+06
0.291 4.9213e+07 9.8427e+05
0.292 8.2367e+07 1.6473e+06
0.293 7.7659e+07 1.5532e+06
0.294 5.7443e+07 1.1489e+06
0.295 7.8601e+07 1.572e+06
0.296 6.3995e+07 1.2799e+06
0.297 7.0046e+07 1.4009e+06
0.298 6.5127e+07 1.3025e+06
0.299 7.9449e+07 1.589e+06
0.3 6.8344e+07 1.3669e+06
0.301 6.8029e+07 1.3606e+06
0.302 5.8254e+07 1.1651e+06
0.303 6.286e+07 1.2572e+06
0.304 5.6216e+07 1.1243e+06
0.305 4.9983e+07 9.9967e+05
0.306 7.3922e+07 1.4784e+06
0.307 5.6169e+07 1.1234e+06
0.308 7.6073e+07 1.5215e+06
0.309 6.0563e+07 1.2113e+06
0.31 4.5854e+07 9.1709e+05
0.311 6.2223e+07 1.2445e+06
0.312 5.8058e+07 1.1612e+06
0.313 6.492e+07 1.2984e+06
0.314 4.6462e+07 9.2925e+05
0.315 4.7021e+07 9.4042e+05
0.316 5.7999e+07 1.16e+06
0.317 4.5785e+07 9.157e+05
0.318 5.8022e+07 1.1604e+06
0.319 4.347e+07 8.6939e+05
0.32 5.1896e+07 1.0379e+06
0.321 5.9028e+07 1.1806e+06
0.322 4.9233e+07 9.8467e+05
0.323 5.6318e+07 1.1264e+06
0.324 6.0353e+07 1.2071e+06
0.325 6.0406e+07 1.2081e+06
0.326 5.7407e+07 1.1481e+06
0.327 4.4995e+07 8.9991e+05
0.328 5.0599e+07 1.012e+06
0.329 4.786e+07 9.572e+05
0.33 4.9798e+07 9.9595e+05
0.331 5.4134e+07 1.0827e+06
0.332 4.9233e+07 9.8467e+05
0.333 5.3315e+07 1.0663e+06
0.334 3.9025e+07 7.8051e+05
0.335 4.2831e+07 8.5663e+05
0.336 3.3395e+07 6.679e+05
0.337 5.7698e+07 1.154e+06
0.338 3.9542e+07 7.9084e+05
0.339 4.4679e+07 8.9358e+05
0.34 4.5373e+07 9.0746e+05
0.341 4.2777e+07 8.5553e+05
0.342 5.2092e+07 1.0418e+06
0.343 4.432e+07 8.864e+05
0.344 3.7018e+07 7.4036e+05
0.345 3.4048e+07 6.8097e+05
0.346 4.4306e+07 8.8612e+05
0.347 3.7257e+07 7.4514e+05
0.348 4.6556e+07 9.3112e+05
0.349 2.7867e+07 5.5733e+05
0.35 4.8072e+07 9.6144e+05
0.351 4.8261e+07 9.6521e+05
0.352 4.5842e+07 9.1685e+05
0.353 3.514e+07 7.0279e+05
0.354 4.8762e+07 9.7524e+05
0.355 4.9518e+07 9.9036e+05
0.356 4.5229e+07 9.0458e+05
0.357 4.5007e+07 9.0015e+05
0.358 5.6919e+07 1.1384e+06
0.359 5.6079e+07 1.1216e+06
0.36 4.4488e+07 8.8976e+05
0.361 3.4743e+07 6.9486e+05
0.362 3.8215e+07 7.643e+05
0.363 3.6126e+07 7.2253e+05
0.364 3.9027e+07 7.8054e+05
0.365 4.2093e+07 8.4185e+05
0.366 3.7928e+07 7.5857e+05
0.367 4.6728e+07 9.3457e+05
0.368 3.1065e+07 6.213e+05
0.369 2.9724e+07 5.9448e+05
0.37 3.895e+07 7.79e+05
0.371 4.4187e+07 8.8374e+05
0.372 2.3974e+07 4.7947e+05
0.373 3.6149e+07 7.2297e+05
0.374 3.2955e+07 6.5909e+05
0.375 3.6122e+07 7.2245e+05
0.376 3.3449e+07 6.6898e+05
0.377 3.8151e+07 7.6303e+05
0.378 3.2939e+07 6.5879e+05
0.379 4.4241e+07 8.8482e+05
0.38 4.458e+07 8.9159e+05
0.381 2.9486e+07 5.8971e+05
0.382 5.6908e+07 1.1382e+06
0.383 3.6028e+07 7.2057e+05
0.384 4.2655e+07 8.5309e+05
0.385 2.5496e+07 5.0991e+05
0.386 2.1825e+07 4.3649e+05
0.387 3.4441e+07 6.8883e+05
0.388 2.275e+07 4.55e+05
0.389 3.7765e+07 7.5529e+05
0.39 2.3154e+07 4.6309e+05
0.391 3.2615e+07 6.523e+05
0.392 3.8803e+07 7.7605e+05
0.393 2.8387e+07 5.6775e+05
0.394 3.6955e+07 7.391e+05
0.395 2.7356e+07 5.4712e+05
0.396 2.9143e+07 5.8287e+05
0.397 3.9437e+07 7.8874e+05
0.398 3.607e+07 7.2141e+05
0.399 4.047e+07 8.094e+05
0.4 2.0161e+07 4.0321e+05
0.401 3.9316e+07 7.8633e+05
0.402 3.0045e+07 6.0091e+05
0.403 4.8532e+07 9.7063e+05
0.404 4.109e+07 8.218e+05
0.405 4.0329e+07 8.0658e+05
0.406 3.9046e+07 7.8092e+05
0.407 2.6992e+07 5.3985e+05
0.408 3.2631e+07 6.5262e+05
0.409 3.3831e+07 6.7662e+05
0.41 3.4222e+07 6.8443e+05
0.411 4.6348e+07 9.2696e+05
0.412 3.5641e+07 7.1281e+05
0.413 3.4365e+07 6.873e+05
0.414 2.6168e+07 5.2335e+05
0.415 3.2428e+07 6.4856e+05
0.416 2.9103e+07 5.8207e+05
0.417 3.4e+07 6.8e+05
0.418 3.2855e+07 6.571e+05
0.419 2.8655e+07 5.731e+05
0.42 2.0397e+07 4.0794e+05
0.421 4.1154e+07 8.2307e+05
0.422 3.0523e+07 6.1046e+05
0.423 4.1701e+07 8.3402e+05
0.424 4.5498e+07 9.0997e+05
0.425 1.8982e+07 3.7964e+05
0.426 2.1783e+07 4.3566e+05
0.427 2.7721e+07 5.5442e+05
0.428 3.1818e+07 6.3636e+05
0.429 4.516e+07 9.032e+05
0.43 3.8608e+07 7.7217e+05
0.431 3.4308e+07 6.8616e+05
0.432 2.3235e+07 4.6471e+05
0.433 2.6347e+07 5.2694e+05
0.434 3.5136e+07 7.0272e+05
0.435 2.432e+07 4.864e+05
0.436 2.3226e+07 4.6452e+05
0.437 2.8978e+07 5.7957e+05
0.438 4.3052e+07 8.6104e+05
0.439 4.1096e+07 8.2191e+05
0.44 4.8338e+07 9.6677e+05
0.441 3.9953e+07 7.9906e+05
0.442 4.3866e+07 8.7733e+05
0.443 3.0481e+07 6.0961e+05
0.444 2.8418e+07 5.6837e+05
0.445 2.7664e+07 5.5328e+05
0.446 3.2634e+07 6.5268e+05
0.447 3.7635e+07 7.527e+05
0.448 2.7435e+07 5.487e+05
0.449 2.6347e+07 5.2695e+05
0.45 9.6167e+06 1.9233e+05
0.451 3.1017e+07 6.2034e+05
0.452 3.6653e+07 7.3306e+05
0.453 4.0241e+07 8.0482e+05
0.454 1.6681e+07 3.3361e+05
0.455 3.4338e+07 6.8677e+05
0.456 3.583e+07 7.1659e+05
0.457 1.7819e+07 3.5639e+05
0.458 3.5585e+07 7.1169e+05
0.459 2.4706e+07 4.9412e+05
0.46 4.2108e+07 8.4216e+05
0.461 2.7498e+07 5.4997e+05
0.462 3.0315e+07 6.0629e+05
0.463 2.7122e+07 5.4245e+05
0.464 3.1137e+07 6.2275e+05
0.465 4.3794e+07 8.7587e+05
0.466 3.6021e+07 7.2041e+05
0.467 3.3666e+07 6.7331e+05
0.468 4.6775e+07 9.355e+05
0.469 2.2526e+07 4.5053e+05
0.47 3.3607e+07 6.7213e+05
0.471 2.7676e+07 5.5351e+05
0.472 3.4009e+07 6.8019e+05
0.473 3.8961e+07 7.7921e+05
0.474 3.6477e+07 7.2955e+05
0.475 4.1957e+07 8.3913e+05
0.476 4.062e+07 8.1241e+05
0.477 3.4359e+07 6.8718e+05
0.478 3.4195e+07 6.839e+05
0.479 3.1852e+07 6.3704e+05
0.48 3.5555e+07 7.1109e+05
0.481 3.505e+07 7.01e+05
0.482 2.5599e+07 5.1198e+05
0.483 3.5498e+07 7.0995e+05
0.484 3.1564e+07 6.3129e+05
0.485 1.831e+07 3.6619e+05
0.486 3.5932e+07 7.1864e+05
0.487 2.5875e+07 5.175e+05
0.488 2.6703e+07 5.3406e+05
0.489 3.1865e+07 6.3729e+05
0.49 2.715e+07 5.4299e+05
0.491 2.1967e+07 4.3934e+05
0.492 3.3193e+07 6.6386e+05
0.493 3.8124e+07 7.6248e+05
0.494 2.6851e+07 5.3702e+05
0.495 3.0834e+07 6.1669e+05
0.496 3.4613e+07 6.9226e+05
0.497 3.3401e+07 6.6803e+05
0.498 2.7369e+07 5.4738e+05
0.499 4.344e+07 8.688e+05
0.5 3.9526e+07 7.9051e+05
