0.001 5.8376e+10 1.1675e+09
0.002 5.4128e+10 1.0826e+09
0.003 5.5615e+10 1.1123e+09
0.004 5.5035e+10 1.1007e+09
0.005 5.7214e+10 1.1443e+09
0.006 5.5918e+10 1.1184e+09
0.007 5.6319e+10 1.1264e+09
0.008 5.7221e+10 1.1444e+09
0.009 5.6325e+10 1.1265e+09
0.01 5.6405e+10 1.1281e+09
0.011 5.5418e+10 1.1084e+09
0.012 5.5445e+10 1.1089e+09
0.013 5.5419e+10 1.1084e+09
0.014 5.4657e+10 1.0931e+09
0.015 5.6304e+10 1.1261e+09
0.016 5.4841e+10 1.0968e+09
0.017 5.3752e+10 1.075e+09
0.018 5.5798e+10 1.116e+09
0.019 5.3783e+10 1.0757e+09
0.02 5.4129e+10 1.0826e+09
0.021 5.4203e+10 1.0841e+09
0.022 5.3714e+10 1.0743e+09
0.023 5.2806e+10 1.0561e+09
0.024 5.2177e+10 1.0435e+09
0.025 5.2551e+10 1.051e+09
0.026 5.2395e+10 1.0479e+09
0.027 5.1747e+10 1.0349e+09
0.028 5.2187e+10 1.0437e+09
0.029 5.0355e+10 1.0071e+09
0.03 5.0529e+10 1.0106e+09
0.031 5.0135e+10 1.0027e+09
0.032 5.0203e+10 1.0041e+09
0.033 4.8371e+10 9.6743e+08
0.034 4.9103e+10 9.8205e+08
0.035 4.9254e+10 9.8507e+08
0.036 4.7667e+10 9.5333e+08
0.037 4.8036e+10 9.6072e+08
0.038 4.6815e+10 9.363e+08
0.039 4.5935e+10 9.187e+08
0.04 4.5538e+10 9.1077e+08
0.041 4.5078e+10 9.0155e+08
0.042 4.4162e+10 8.8325e+08
0.043 4.4133e+10 8.8266e+08
0.044 4.2887e+10 8.5775e+08
0.045 4.3128e+10 8.6255e+08
0.046 4.2398e+10 8.4795e+08
0.047 4.2635e+10 8.527e+08
0.048 4.1555e+10 8.3109e+08
0.049 4.1139e+10 8.2278e+08
0.05 4.0127e+10 8.0254e+08
0.051 4.0056e+10 8.0112e+08
0.052 3.9016e+10 7.8031e+08
0.053 3.8586e+10 7.7172e+08
0.054 3.8413e+10 7.6826e+08
0.055 3.754e+10 7.5079e+08
0.056 3.7298e+10 7.4595e+08
0.057 3.6701e+10 7.3403e+08
0.058 3.5831e+10 7.1662e+08
0.059 3.517e+10 7.0339e+08
0.06 3.4896e+10 6.9793e+08
0.061 3.3754e+10 6.7507e+08
0.062 3.3549e+10 6.7099e+08
0.063 3.2867e+10 6.5733e+08
0.064 3.2768e+10 6.5537e+08
0.065 3.1486e+10 6.2972e+08
0.066 3.1286e+10 6.2571e+08
0.067 3.0941e+10 6.1882e+08
0.068 3.0233e+10 6.0465e+08
0.069 2.9507e+10 5.9014e+08
0.07 2.9027e+10 5.8055e+08
0.071 2.8452e+10 5.6903e+08
0.072 2.7742e+10 5.5483e+08
0.073 2.7257e+10 5.4514e+08
0.074 2.6969e+10 5.3937e+08
0.075 2.625e+10 5.2501e+08
0.076 2.5756e+10 5.1512e+08
0.077 2.5032e+10 5.0065e+08
0.078 2.4365e+10 4.8731e+08
0.079 2.3937e+10 4.7874e+08
0.08 2.3493e+10 4.6986e+08
0.081 2.2688e+10 4.5376e+08
0.082 2.2559e+10 4.5118e+08
0.083 2.168e+10 4.336e+08
0.084 2.1691e+10 4.3382e+08
0.085 2.0788e+10 4.1577e+08
0.086 1.9795e+10 3.959e+08
0.087 2.0091e+10 4.0183e+08
0.088 1.9538e+10 3.9075e+08
0.089 1.9169e+10 3.8338e+08
0.09 1.8664e+10 3.7328e+08
0.091 1.8035e+10 3.6071e+08
0.092 1.7433e+10 3.4867e+08
0.093 1.7142e+10 3.4283e+08
0.094 1.6146e+10 3.2293e+08
0.095 1.6201e+10 3.2402e+08
0.096 1.5729e+10 3.1458e+08
0.097 1.5682e+10 3.1363e+08
0.098 1.4832e+10 2.9664e+08
0.099 1.4566e+10 2.9131e+08
0.1 1.4326e+10 2.8653e+08
0.101 1.3749e+10 2.7498e+08
0.102 1.3189e+10 2.6378e+08
0.103 1.2787e+10 2.5574e+08
0.104 1.2353e+10 2.4706e+08
0.105 1.2688e+10 2.5376e+08
0.106 1.2195e+10 2.439e+08
0.107 1.1524e+10 2.3048e+08
0.108 1.1172e+10 2.2343e+08
0.109 1.0932e+10 2.1865e+08
0.11 1.0495e+10 2.099e+08
0.111 9.9612e+09 1.9922e+08
0.112 9.7977e+09 1.9595e+08
0.113 9.4652e+09 1.893e+08
0.114 9.2454e+09 1.8491e+08
0.115 9.0413e+09 1.8083e+08
0.116 8.6614e+09 1.7323e+08
0.117 8.7341e+09 1.7468e+08
0.118 8.1334e+09 1.6267e+08
0.119 7.8448e+09 1.569e+08
0.12 7.526e+09 1.5052e+08
0.121 7.5622e+09 1.5124e+08
0.122 7.1796e+09 1.4359e+08
0.123 6.8406e+09 1.3681e+08
0.124 6.5936e+09 1.3187e+08
0.125 6.4822e+09 1.2964e+08
0.126 6.2598e+09 1.252e+08
0.127 6.053e+09 1.2106e+08
0.128 5.6324e+09 1.1265e+08
0.129 5.9092e+09 1.1818e+08
0.13 5.32e+09 1.064e+08
0.131 5.2426e+09 1.0485e+08
0.132 5.1959e+09 1.0392e+08
0.133 4.964e+09 9.928e+07
0.134 4.6702e+09 9.3404e+07
0.135 4.6597e+09 9.3193e+07
0.136 4.6618e+09 9.3235e+07
0.137 4.2148e+09 8.4295e+07
0.138 4.2174e+09 8.4349e+07
0.139 3.7977e+09 7.5955e+07
0.14 4.1282e+09 8.2563e+07
0.141 3.8232e+09 7.6464e+07
0.142 3.6911e+09 7.3822e+07
0.143 3.5606e+09 7.1211e+07
0.144 3.4465e+09 6.8931e+07
0.145 3.2566e+09 6.5133e+07
0.146 3.1777e+09 6.3553e+07
0.147 3.0901e+09 6.1802e+07
0.148 2.9861e+09 5.9722e+07
0.149 2.9003e+09 5.8006e+07
0.15 2.8041e+09 5.6083e+07
0.151 2.7145e+09 5.429e+07
0.152 2.5617e+09 5.1235e+07
0.153 2.6979e+09 5.3958e+07
0.154 2.3302e+09 4.6604e+07
0.155 2.4165e+09 4.8331e+07
0.156 2.2773e+09 4.5545e+07
0.157 2.3477e+09 4.6954e+07
0.158 2.0098e+09 4.0196e+07
0.159 2.0768e+09 4.1535e+07
0.16 2.0394e+09 4.0788e+07
0.161 1.9567e+09 3.9134e+07
0.162 1.8729e+09 3.7458e+07
0.163 1.924e+09 3.848e+07
0.164 1.8655e+09 3.7311e+07
0.165 1.7189e+09 3.4378e+07
0.166 1.7784e+09 3.5568e+07
0.167 1.5665e+09 3.1331e+07
0.168 1.7041e+09 3.4083e+07
0.169 1.7119e+09 3.4238e+07
0.17 1.653e+09 3.3059e+07
0.171 1.5005e+09 3.001e+07
0.172 1.487e+09 2.9739e+07
0.173 1.5739e+09 3.1479e+07
0.174 1.666e+09 3.3319e+07
0.175 1.2558e+09 2.5116e+07
0.176 1.3287e+09 2.6574e+07
0.177 1.4918e+09 2.9837e+07
0.178 1.5126e+09 3.0251e+07
0.179 1.1937e+09 2.3874e+07
0.18 1.2149e+09 2.4297e+07
0.181 1.2934e+09 2.5868e+07
0.182 1.2776e+09 2.5553e+07
0.183 1.0402e+09 2.0803e+07
0.184 1.1048e+09 2.2097e+07
0.185 1.2204e+09 2.4409e+07
0.186 1.216e+09 2.4321e+07
0.187 1.0948e+09 2.1897e+07
0.188 1.0962e+09 2.1924e+07
0.189 9.8246e+08 1.9649e+07
0.19 9.7502e+08 1.95e+07
0.191 1.1453e+09 2.2906e+07
0.192 9.0954e+08 1.8191e+07
0.193 1.0495e+09 2.0991e+07
0.194 8.4396e+08 1.6879e+07
0.195 9.3062e+08 1.8612e+07
0.196 1.0341e+09 2.0682e+07
0.197 9.7008e+08 1.9402e+07
0.198 9.4002e+08 1.88e+07
0.199 8.6504e+08 1.7301e+07
0.2 8.4464e+08 1.6893e+07
0.201 8.9338e+08 1.7868e+07
0.202 9.0386e+08 1.8077e+07
0.203 8.3693e+08 1.6739e+07
0.204 8.8155e+08 1.7631e+07
0.205 7.7857e+08 1.5571e+07
0.206 7.2482e+08 1.4496e+07
0.207 7.857e+08 1.5714e+07
0.208 7.379e+08 1.4758e+07
0.209 7.7516e+08 1.5503e+07
0.21 7.8478e+08 1.5696e+07
0.211 7.1592e+08 1.4318e+07
0.212 7.3815e+08 1.4763e+07
0.213 8.2641e+08 1.6528e+07
0.214 7.5552e+08 1.511e+07
0.215 7.7023e+08 1.5405e+07
0.216 6.8853e+08 1.3771e+07
0.217 8.5528e+08 1.7106e+07
0.218 7.9716e+08 1.5943e+07
0.219 6.186e+08 1.2372e+07
0.22 5.9072e+08 1.1814e+07
0.221 6.9412e+08 1.3882e+07
0.222 7.2404e+08 1.4481e+07
0.223 7.0676e+08 1.4135e+07
0.224 7.1045e+08 1.4209e+07
0.225 5.5067e+08 1.1013e+07
0.226 6.651e+08 1.3302e+07
0.227 4.9128e+08 9.8255e+06
0.228 6.167e+08 1.2334e+07
0.229 7.3774e+08 1.4755e+07
0.23 5.6874e+08 1.1375e+07
0.231 6.0306e+08 1.2061e+07
0.232 5.4433e+08 1.0887e+07
0.233 5.3853e+08 1.0771e+07
0.234 6.0665e+08 1.2133e+07
0.235 5.6889e+08 1.1378e+07
0.236 5.4329e+08 1.0866e+07
0.237 6.0375e+08 1.2075e+07
0.238 5.6982e+08 1.1396e+07
0.239 4.3155e+08 8.631e+06
0.24 4.617e+08 9.2341e+06
0.241 4.6959e+08 9.3918e+06
0.242 4.9222e+08 9.8444e+06
0.243 4.4771e+08 8.9542e+06
0.244 5.3994e+08 1.0799e+07
0.245 3.7407e+08 7.4815e+06
0.246 4.9833e+08 9.9667e+06
0.247 5.0889e+08 1.0178e+07
0.248 4.5673e+08 9.1346e+06
0.249 5.0404e+08 1.0081e+07
0.25 3.8847e+08 7.7693e+06
0.251 5.4325e+08 1.0865e+07
0.252 4.4215e+08 8.843e+06
0.253 4.8765e+08 9.753e+06
0.254 5.0985e+08 1.0197e+07
0.255 5.1765e+08 1.0353e+07
0.256 3.7081e+08 7.4162e+06
0.257 2.7293e+08 5.4586e+06
0.258 3.4911e+08 6.9823e+06
0.259 4.3163e+08 8.6325e+06
0.26 3.9299e+08 7.8598e+06
0.261 4.2756e+08 8.5513e+06
0.262 3.3605e+08 6.7211e+06
0.263 4.4449e+08 8.8898e+06
0.264 2.8568e+08 5.7137e+06
0.265 2.5974e+08 5.1947e+06
0.266 3.0881e+08 6.1762e+06
0.267 2.0887e+08 4.1774e+06
0.268 3.9052e+08 7.8105e+06
0.269 3.5979e+08 7.1957e+06
0.27 4.3962e+08 8.7924e+06
0.271 5.0842e+08 1.0168e+07
0.272 3.3862e+08 6.7725e+06
0.273 4.0542e+08 8.1084e+06
0.274 4.9234e+08 9.8468e+06
0.275 2.9816e+08 5.9633e+06
0.276 3.7697e+08 7.5394e+06
0.277 3.1951e+08 6.3902e+06
0.278 2.4597e+08 4.9193e+06
0.279 4.0048e+08 8.0095e+06
0.28 2.9887e+08 5.9774e+06
0.281 3.0122e+08 6.0244e+06
0.282 3.3699e+08 6.7398e+06
0.283 3.5603e+08 7.1206e+06
0.284 4.1188e+08 8.2376e+06
0.285 2.4468e+08 4.8937e+06
0.286 2.9046e+08 5.8092e+06
0.287 3.7461e+08 7.4922e+06
0.288 2.4094e+08 4.8187e+06
0.289 2.1642e+08 4.3284e+06
0.29 4.3019e+08 8.6038e+06
0.291 4.0805e+08 8.161e+06
0.292 2.1937e+08 4.3874e+06
0.293 3.1373e+08 6.2746e+06
0.294 2.3331e+08 4.6661e+06
0.295 2.4065e+08 4.8129e+06
0.296 2.5778e+08 5.1556e+06
0.297 4.0894e+08 8.1787e+06
0.298 2.667e+08 5.3341e+06
0.299 2.5923e+08 5.1847e+06
0.3 4.0086e+08 8.0171e+06
0.301 2.3677e+08 4.7354e+06
0.302 3.3762e+08 6.7525e+06
0.303 3.2936e+08 6.5872e+06
0.304 3.603e+08 7.206e+06
0.305 2.8105e+08 5.621e+06
0.306 3.4572e+08 6.9143e+06
0.307 3.6742e+08 7.3484e+06
0.308 2.8199e+08 5.6397e+06
0.309 2.9589e+08 5.9178e+06
0.31 4.2356e+08 8.4711e+06
0.311 3.1592e+08 6.3184e+06
0.312 1.8265e+08 3.6529e+06
0.313 2.9473e+08 5.8946e+06
0.314 2.4813e+08 4.9626e+06
0.315 3.613e+08 7.226e+06
0.316 3.1633e+08 6.3267e+06
0.317 3.1306e+08 6.2612e+06
0.318 3.4596e+08 6.9191e+06
0.319 4.2264e+08 8.4529e+06
0.32 3.2509e+08 6.5019e+06
0.321 2.8431e+08 5.6862e+06
0.322 2.363e+08 4.726e+06
0.323 2.2713e+08 4.5426e+06
0.324 3.0746e+08 6.1492e+06
0.325 1.8738e+08 3.7476e+06
0.326 3.4548e+08 6.9097e+06
0.327 2.5144e+08 5.0288e+06
0.328 2.8124e+08 5.6248e+06
0.329 3.5994e+08 7.1988e+06
0.33 1.4069e+08 2.8139e+06
0.331 2.6085e+08 5.2171e+06
0.332 3.7501e+08 7.5003e+06
0.333 1.534e+08 3.0681e+06
0.334 3.2873e+08 6.5745e+06
0.335 2.7137e+08 5.4274e+06
0.336 2.6368e+08 5.2737e+06
0.337 2.9977e+08 5.9954e+06
0.338 2.1059e+08 4.2117e+06
0.339 2.4303e+08 4.8607e+06
0.34 3.0047e+08 6.0093e+06
0.341 2.3178e+08 4.6356e+06
0.342 3.235e+08 6.47e+06
0.343 2.7821e+08 5.5642e+06
0.344 2.4234e+08 4.8467e+06
0.345 1.9726e+08 3.9453e+06
0.346 2.9808e+08 5.9616e+06
0.347 2.0708e+08 4.1416e+06
0.348 1.9078e+08 3.8156e+06
0.349 3.6795e+08 7.3589e+06
0.35 3.0148e+08 6.0295e+06
0.351 2.576e+08 5.152e+06
0.352 2.6922e+08 5.3845e+06
0.353 1.3423e+08 2.6845e+06
0.354 1.5371e+08 3.0743e+06
0.355 2.3332e+08 4.6664e+06
0.356 2.9263e+08 5.8525e+06
0.357 2.5789e+08 5.1578e+06
0.358 2.1092e+08 4.2184e+06
0.359 3.5506e+08 7.1012e+06
0.36 1.9196e+08 3.8391e+06
0.361 1.9801e+08 3.9602e+06
0.362 1.7006e+08 3.4011e+06
0.363 3.1163e+08 6.2326e+06
0.364 1.7917e+08 3.5834e+06
0.365 2.6848e+08 5.3697e+06
0.366 2.1713e+08 4.3426e+06
0.367 3.076e+08 6.1519e+06
0.368 2.0045e+08 4.0091e+06
0.369 2.787e+08 5.5739e+06
0.37 2.9835e+08 5.9669e+06
0.371 2.7038e+08 5.4076e+06
0.372 3.2962e+08 6.5924e+06
0.373 2.0386e+08 4.0772e+06
0.374 2.7927e+08 5.5854e+06
0.375 1.7623e+08 3.5247e+06
0.376 2.5051e+08 5.0102e+06
0.377 1.6371e+08 3.2743e+06
0.378 1.9195e+08 3.8389e+06
0.379 1.2666e+08 2.5332e+06
0.38 3.1186e+08 6.2372e+06
0.381 3.1555e+08 6.3111e+06
0.382 3.1397e+08 6.2794e+06
0.383 2.3615e+08 4.7229e+06
0.384 2.118e+08 4.2361e+06
0.385 2.5729e+08 5.1459e+06
0.386 1.8441e+08 3.6883e+06
0.387 1.6107e+08 3.2215e+06
0.388 1.9082e+08 3.8165e+06
0.389 1.9848e+08 3.9697e+06
0.39 2.1e+08 4.1999e+06
0.391 2.2124e+08 4.4248e+06
0.392 2.507e+08 5.014e+06
0.393 2.9436e+08 5.8873e+06
0.394 2.1119e+08 4.2237e+06
0.395 2.5722e+08 5.1444e+06
0.396 2.4752e+08 4.9504e+06
0.397 1.7041e+08 3.4083e+06
0.398 1.9126e+08 3.8252e+06
0.399 2.0821e+08 4.1641e+06
0.4 2.8135e+08 5.6269e+06
0.401 2.3248e+08 4.6496e+06
0.402 1.5755e+08 3.151e+06
0.403 3.3315e+08 6.663e+06
0.404 1.5081e+08 3.0163e+06
0.405 1.768e+08 3.5359e+06
0.406 6.5196e+07 1.3039e+06
0.407 3.016e+08 6.032e+06
0.408 1.2753e+08 2.5506e+06
0.409 2.0279e+08 4.0559e+06
0.41 2.4341e+08 4.8681e+06
0.411 2.4515e+08 4.9029e+06
0.412 2.3283e+08 4.6566e+06
0.413 2.2229e+08 4.4459e+06
0.414 1.863e+08 3.726e+06
0.415 1.1704e+08 2.3409e+06
0.416 1.2508e+08 2.5016e+06
0.417 1.7281e+08 3.4561e+06
0.418 7.6461e+07 1.5292e+06
0.419 1.3304e+08 2.6607e+06
0.42 2.3918e+08 4.7836e+06
0.421 2.608e+08 5.2159e+06
0.422 2.2084e+08 4.4168e+06
0.423 2.2363e+08 4.4725e+06
0.424 3.7027e+08 7.4054e+06
0.425 3.0847e+08 6.1694e+06
0.426 2.086e+08 4.172e+06
0.427 2.7853e+08 5.5705e+06
0.428 1.5325e+08 3.065e+06
0.429 2.1638e+08 4.3277e+06
0.43 1.6848e+08 3.3697e+06
0.431 2.7252e+08 5.4505e+06
0.432 3.0489e+08 6.0978e+06
0.433 2.3437e+08 4.6873e+06
0.434 1.6055e+08 3.211e+06
0.435 2.628e+08 5.2559e+06
0.436 2.499e+08 4.998e+06
0.437 1.5863e+08 3.1727e+06
0.438 2.1437e+08 4.2874e+06
0.439 2.9438e+08 5.8875e+06
0.44 1.6338e+08 3.2676e+06
0.441 3.0775e+08 6.155e+06
0.442 1.5253e+08 3.0505e+06
0.443 2.0395e+08 4.079e+06
0.444 2.0496e+08 4.0992e+06
0.445 2.0216e+08 4.0431e+06
0.446 2.2643e+08 4.5286e+06
0.447 2.118e+08 4.236e+06
0.448 2.2112e+08 4.4224e+06
0.449 3.047e+08 6.094e+06
0.45 2.752e+08 5.5041e+06
0.451 2.0155e+08 4.0311e+06
0.452 2.638e+08 5.276e+06
0.453 1.854e+08 3.708e+06
0.454 1.6201e+08 3.2402e+06
0.455 3.0552e+08 6.1104e+06
0.456 1.391e+08 2.782e+06
0.457 1.741e+08 3.482e+06
0.458 2.1949e+08 4.3898e+06
0.459 2.1267e+08 4.2534e+06
0.46 2.3264e+08 4.6529e+06
0.461 2.0486e+08 4.0972e+06
0.462 2.5308e+08 5.0616e+06
0.463 1.7619e+08 3.5238e+06
0.464 2.1052e+08 4.2104e+06
0.465 2.3637e+08 4.7273e+06
0.466 2.0563e+08 4.1126e+06
0.467 2.2667e+08 4.5334e+06
0.468 1.8844e+08 3.7688e+06
0.469 1.5889e+08 3.1779e+06
0.47 2.4107e+08 4.8214e+06
0.471 2.4319e+08 4.8637e+06
0.472 1.4356e+08 2.8712e+06
0.473 2.0855e+08 4.1709e+06
0.474 1.7561e+08 3.5123e+06
0.475 8.0858e+07 1.6172e+06
0.476 2.8698e+08 5.7396e+06
0.477 2.6778e+08 5.3556e+06
0.478 9.9513e+07 1.9903e+06
0.479 2.4178e+08 4.8355e+06
0.48 2.3609e+08 4.7219e+06
0.481 2.3502e+08 4.7004e+06
0.482 2.3055e+08 4.6111e+06
0.483 2.6071e+08 5.2142e+06
0.484 2.0065e+08 4.0131e+06
0.485 1.5626e+08 3.1252e+06
0.486 2.0786e+08 4.1572e+06
0.487 1.7777e+08 3.5554e+06
0.488 1.3862e+08 2.7723e+06
0.489 1.0633e+08 2.1267e+06
0.49 1.9116e+08 3.8233e+06
0.491 1.6224e+08 3.2448e+06
0.492 1.1859e+08 2.3718e+06
0.493 2.0953e+08 4.1905e+06
0.494 1.8676e+08 3.7352e+06
0.495 1.3164e+08 2.6327e+06
0.496 3.2511e+08 6.5021e+06
0.497 2.573e+08 5.1459e+06
0.498 1.7115e+08 3.4229e+06
0.499 2.2369e+08 4.4737e+06
0.5 3.3339e+08 6.6679e+06
