0.001 2.2868e+10 4.5736e+08
0.002 2.1459e+10 4.2918e+08
0.003 2.3403e+10 4.6807e+08
0.004 2.3008e+10 4.6017e+08
0.005 2.3475e+10 4.695e+08
0.006 2.2543e+10 4.5086e+08
0.007 2.3157e+10 4.6313e+08
0.008 2.3555e+10 4.711e+08
0.009 2.3146e+10 4.6293e+08
0.01 2.3187e+10 4.6374e+08
0.011 2.2379e+10 4.4757e+08
0.012 2.3129e+10 4.6259e+08
0.013 2.2522e+10 4.5044e+08
0.014 2.2098e+10 4.4196e+08
0.015 2.2289e+10 4.4577e+08
0.016 2.2357e+10 4.4714e+08
0.017 2.2536e+10 4.5073e+08
0.018 2.2467e+10 4.4934e+08
0.019 2.1961e+10 4.3923e+08
0.02 2.209e+10 4.4179e+08
0.021 2.2238e+10 4.4477e+08
0.022 2.1598e+10 4.3196e+08
0.023 2.1721e+10 4.3443e+08
0.024 2.1357e+10 4.2715e+08
0.025 2.1243e+10 4.2486e+08
0.026 2.1468e+10 4.2936e+08
0.027 2.0938e+10 4.1876e+08
0.028 2.1055e+10 4.211e+08
0.029 2.0638e+10 4.1275e+08
0.03 2.0668e+10 4.1336e+08
0.031 2.011e+10 4.0221e+08
0.032 2.0116e+10 4.0233e+08
0.033 2.0151e+10 4.0302e+08
0.034 1.9933e+10 3.9867e+08
0.035 1.916e+10 3.832e+08
0.036 1.9518e+10 3.9037e+08
0.037 1.9158e+10 3.8317e+08
0.038 1.8977e+10 3.7955e+08
0.039 1.873e+10 3.746e+08
0.04 1.8589e+10 3.7179e+08
0.041 1.839e+10 3.678e+08
0.042 1.8179e+10 3.6358e+08
0.043 1.7595e+10 3.5189e+08
0.044 1.771e+10 3.542e+08
0.045 1.7207e+10 3.4415e+08
0.046 1.7372e+10 3.4745e+08
0.047 1.7106e+10 3.4211e+08
0.048 1.6834e+10 3.3667e+08
0.049 1.6669e+10 3.3339e+08
0.05 1.6285e+10 3.257e+08
0.051 1.6293e+10 3.2587e+08
0.052 1.5688e+10 3.1376e+08
0.053 1.556e+10 3.1121e+08
0.054 1.5378e+10 3.0757e+08
0.055 1.5077e+10 3.0154e+08
0.056 1.4877e+10 2.9754e+08
0.057 1.4966e+10 2.9933e+08
0.058 1.4345e+10 2.8689e+08
0.059 1.4295e+10 2.859e+08
0.06 1.3893e+10 2.7787e+08
0.061 1.353e+10 2.7061e+08
0.062 1.3382e+10 2.6764e+08
0.063 1.3326e+10 2.6652e+08
0.064 1.2837e+10 2.5674e+08
0.065 1.2793e+10 2.5585e+08
0.066 1.2457e+10 2.4914e+08
0.067 1.2214e+10 2.4428e+08
0.068 1.2042e+10 2.4084e+08
0.069 1.1717e+10 2.3433e+08
0.07 1.1467e+10 2.2934e+08
0.071 1.1558e+10 2.3116e+08
0.072 1.0811e+10 2.1621e+08
0.073 1.113e+10 2.2259e+08
0.074 1.0732e+10 2.1464e+08
0.075 1.0384e+10 2.0767e+08
0.076 1.0187e+10 2.0373e+08
0.077 9.9126e+09 1.9825e+08
0.078 9.6924e+09 1.9385e+08
0.079 9.4501e+09 1.89e+08
0.08 9.2974e+09 1.8595e+08
0.081 9.0348e+09 1.807e+08
0.082 8.8743e+09 1.7749e+08
0.083 8.6042e+09 1.7208e+08
0.084 8.4894e+09 1.6979e+08
0.085 8.3332e+09 1.6666e+08
0.086 7.998e+09 1.5996e+08
0.087 7.88e+09 1.576e+08
0.088 7.6451e+09 1.529e+08
0.089 7.2654e+09 1.4531e+08
0.09 7.2137e+09 1.4427e+08
0.091 7.1767e+09 1.4353e+08
0.092 6.8572e+09 1.3714e+08
0.093 6.6005e+09 1.3201e+08
0.094 6.4908e+09 1.2982e+08
0.095 6.407e+09 1.2814e+08
0.096 6.2218e+09 1.2444e+08
0.097 6.0759e+09 1.2152e+08
0.098 5.826e+09 1.1652e+08
0.099 5.616e+09 1.1232e+08
0.1 5.5649e+09 1.113e+08
0.101 5.3472e+09 1.0694e+08
0.102 5.2419e+09 1.0484e+08
0.103 5.0436e+09 1.0087e+08
0.104 5.0185e+09 1.0037e+08
0.105 4.6312e+09 9.2624e+07
0.106 4.5311e+09 9.0621e+07
0.107 4.5042e+09 9.0084e+07
0.108 4.4342e+09 8.8685e+07
0.109 4.3509e+09 8.7018e+07
0.11 4.0919e+09 8.1837e+07
0.111 3.9662e+09 7.9324e+07
0.112 3.905e+09 7.81e+07
0.113 3.802e+09 7.604e+07
0.114 3.6052e+09 7.2104e+07
0.115 3.5583e+09 7.1166e+07
0.116 3.308e+09 6.616e+07
0.117 3.2303e+09 6.4606e+07
0.118 3.2086e+09 6.4172e+07
0.119 3.1137e+09 6.2275e+07
0.12 2.904e+09 5.808e+07
0.121 2.8804e+09 5.7608e+07
0.122 2.7018e+09 5.4036e+07
0.123 2.628e+09 5.2559e+07
0.124 2.6182e+09 5.2364e+07
0.125 2.5706e+09 5.1411e+07
0.126 2.5399e+09 5.0799e+07
0.127 2.3407e+09 4.6814e+07
0.128 2.3136e+09 4.6273e+07
0.129 2.1303e+09 4.2607e+07
0.13 2.1868e+09 4.3735e+07
0.131 2.0896e+09 4.1793e+07
0.132 1.9918e+09 3.9836e+07
0.133 1.9647e+09 3.9293e+07
0.134 1.8066e+09 3.6133e+07
0.135 1.7672e+09 3.5343e+07
0.136 1.6316e+09 3.2632e+07
0.137 1.591e+09 3.1819e+07
0.138 1.6106e+09 3.2212e+07
0.139 1.5042e+09 3.0085e+07
0.14 1.481e+09 2.962e+07
0.141 1.3735e+09 2.747e+07
0.142 1.4372e+09 2.8744e+07
0.143 1.3673e+09 2.7345e+07
0.144 1.3604e+09 2.7208e+07
0.145 1.3364e+09 2.6727e+07
0.146 1.2109e+09 2.4217e+07
0.147 1.2118e+09 2.4235e+07
0.148 1.2221e+09 2.4441e+07
0.149 1.0846e+09 2.1692e+07
0.15 1.0669e+09 2.1339e+07
0.151 1.0551e+09 2.1101e+07
0.152 9.7493e+08 1.9499e+07
0.153 9.5062e+08 1.9012e+07
0.154 9.7481e+08 1.9496e+07
0.155 9.677e+08 1.9354e+07
0.156 8.9337e+08 1.7867e+07
0.157 8.5635e+08 1.7127e+07
0.158 7.8422e+08 1.5684e+07
0.159 8.0182e+08 1.6036e+07
0.16 8.2652e+08 1.653e+07
0.161 8.3351e+08 1.667e+07
0.162 8.0516e+08 1.6103e+07
0.163 7.0959e+08 1.4192e+07
0.164 7.1958e+08 1.4392e+07
0.165 6.6299e+08 1.326e+07
0.166 7.6403e+08 1.5281e+07
0.167 7.1073e+08 1.4215e+07
0.168 6.2662e+08 1.2532e+07
0.169 6.8558e+08 1.3712e+07
0.17 5.8877e+08 1.1775e+07
0.171 6.4935e+08 1.2987e+07
0.172 6.0551e+08 1.211e+07
0.173 5.6067e+08 1.1213e+07
0.174 6.2182e+08 1.2436e+07
0.175 5.0893e+08 1.0179e+07
0.176 5.4642e+08 1.0928e+07
0.177 5.6554e+08 1.1311e+07
0.178 5.4752e+08 1.095e+07
0.179 5.0434e+08 1.0087e+07
0.18 4.6391e+08 9.2783e+06
0.181 5.0507e+08 1.0101e+07
0.182 5.3835e+08 1.0767e+07
0.183 4.8257e+08 9.6515e+06
0.184 4.4931e+08 8.9862e+06
0.185 4.7635e+08 9.5271e+06
0.186 4.5443e+08 9.0885e+06
0.187 4.1972e+08 8.3944e+06
0.188 4.3117e+08 8.6234e+06
0.189 4.7137e+08 9.4275e+06
0.19 4.2136e+08 8.4271e+06
0.191 3.8251e+08 7.6503e+06
0.192 3.6945e+08 7.389e+06
0.193 3.8743e+08 7.7486e+06
0.194 4.2383e+08 8.4767e+06
0.195 3.6562e+08 7.3125e+06
0.196 4.2737e+08 8.5474e+06
0.197 2.7845e+08 5.569e+06
0.198 3.1867e+08 6.3734e+06
0.199 3.9659e+08 7.9318e+06
0.2 3.7461e+08 7.4922e+06
0.201 3.4548e+08 6.9097e+06
0.202 3.8856e+08 7.7713e+06
0.203 3.2644e+08 6.5288e+06
0.204 3.2014e+08 6.4029e+06
0.205 3.5652e+08 7.1304e+06
0.206 3.5905e+08 7.1811e+06
0.207 3.1399e+08 6.2798e+06
0.208 3.5485e+08 7.0971e+06
0.209 3.2255e+08 6.4511e+06
0.21 3.1864e+08 6.3729e+06
0.211 3.5819e+08 7.1639e+06
0.212 2.9324e+08 5.8648e+06
0.213 2.961e+08 5.922e+06
0.214 2.8403e+08 5.6806e+06
0.215 3.3891e+08 6.7782e+06
0.216 2.7128e+08 5.4255e+06
0.217 2.3979e+08 4.7959e+06
0.218 2.9803e+08 5.9605e+06
0.219 2.5188e+08 5.0376e+06
0.22 2.6949e+08 5.3899e+06
0.221 2.4729e+08 4.9459e+06
0.222 2.4271e+08 4.8543e+06
0.223 2.6204e+08 5.2408e+06
0.224 2.3566e+08 4.7131e+06
0.225 2.9311e+08 5.8622e+06
0.226 2.0099e+08 4.0198e+06
0.227 2.664e+08 5.328e+06
0.228 2.2573e+08 4.5146e+06
0.229 2.7368e+08 5.4735e+06
0.23 1.9022e+08 3.8044e+06
0.231 2.5892e+08 5.1784e+06
0.232 1.7749e+08 3.5498e+06
0.233 2.1447e+08 4.2895e+06
0.234 2.2742e+08 4.5485e+06
0.235 2.2151e+08 4.4302e+06
0.236 1.991e+08 3.982e+06
0.237 2.346e+08 4.692e+06
0.238 2.0706e+08 4.1412e+06
0.239 2.0174e+08 4.0348e+06
0.24 2.1746e+08 4.3491e+06
0.241 1.6415e+08 3.2829e+06
0.242 1.3713e+08 2.7426e+06
0.243 1.8622e+08 3.7243e+06
0.244 2.0443e+08 4.0887e+06
0.245 1.6754e+08 3.3509e+06
0.246 1.8307e+08 3.6613e+06
0.247 1.7359e+08 3.4718e+06
0.248 1.7295e+08 3.459e+06
0.249 1.8263e+08 3.6527e+06
0.25 1.6057e+08 3.2115e+06
0.251 1.5446e+08 3.0892e+06
0.252 1.808e+08 3.6159e+06
0.253 1.5584e+08 3.1168e+06
0.254 1.213e+08 2.426e+06
0.255 1.5133e+08 3.0266e+06
0.256 1.6378e+08 3.2755e+06
0.257 2.038e+08 4.076e+06
0.258 1.3983e+08 2.7967e+06
0.259 1.6026e+08 3.2052e+06
0.26 1.4465e+08 2.893e+06
0.261 1.3072e+08 2.6144e+06
0.262 8.0469e+07 1.6094e+06
0.263 1.585e+08 3.17e+06
0.264 1.4626e+08 2.9252e+06
0.265 1.3845e+08 2.7689e+06
0.266 1.4101e+08 2.8203e+06
0.267 1.5201e+08 3.0403e+06
0.268 1.5184e+08 3.0368e+06
0.269 1.3936e+08 2.7872e+06
0.27 9.0516e+07 1.8103e+06
0.271 1.8617e+08 3.7235e+06
0.272 1.2092e+08 2.4185e+06
0.273 1.1893e+08 2.3785e+06
0.274 1.7129e+08 3.4259e+06
0.275 9.8321e+07 1.9664e+06
0.276 1.3392e+08 2.6784e+06
0.277 9.605e+07 1.921e+06
0.278 1.9741e+08 3.9483e+06
0.279 1.407e+08 2.814e+06
0.28 1.0356e+08 2.0712e+06
0.281 1.6869e+08 3.3739e+06
0.282 1.4108e+08 2.8216e+06
0.283 1.2998e+08 2.5996e+06
0.284 9.145e+07 1.829e+06
0.285 1.6737e+08 3.3474e+06
0.286 1.17e+08 2.3399e+06
0.287 1.3718e+08 2.7437e+06
0.288 1.4226e+08 2.8452e+06
0.289 9.5682e+07 1.9136e+06
0.29 1.3477e+08 2.6954e+06
0.291 7.6382e+07 1.5276e+06
0.292 1.4515e+08 2.9029e+06
0.293 1.576e+08 3.152e+06
0.294 1.3155e+08 2.631e+06
0.295 7.4127e+07 1.4825e+06
0.296 1.0005e+08 2.0011e+06
0.297 1.3402e+08 2.6804e+06
0.298 1.2018e+08 2.4037e+06
0.299 1.0719e+08 2.1438e+06
0.3 8.1264e+07 1.6253e+06
0.301 1.0649e+08 2.1299e+06
0.302 1.463e+08 2.926e+06
0.303 1.3424e+08 2.6849e+06
0.304 1.4408e+08 2.8817e+06
0.305 1.6379e+08 3.2757e+06
0.306 1.7954e+08 3.5908e+06
0.307 1.5573e+08 3.1146e+06
0.308 1.1732e+08 2.3465e+06
0.309 1.5471e+08 3.0942e+06
0.31 1.0949e+08 2.1897e+06
0.311 1.1565e+08 2.313e+06
0.312 9.3332e+07 1.8666e+06
0.313 9.6129e+07 1.9226e+06
0.314 1.31e+08 2.6199e+06
0.315 7.3551e+07 1.471e+06
0.316 1.4365e+08 2.8731e+06
0.317 1.3634e+08 2.7267e+06
0.318 1.4361e+08 2.8722e+06
0.319 9.7234e+07 1.9447e+06
0.32 1.1279e+08 2.2558e+06
0.321 1.206e+08 2.412e+06
0.322 9.1488e+07 1.8298e+06
0.323 1.3749e+08 2.7498e+06
0.324 8.7057e+07 1.7411e+06
0.325 1.0193e+08 2.0386e+06
0.326 9.6255e+07 1.9251e+06
0.327 8.8768e+07 1.7754e+06
0.328 9.0969e+07 1.8194e+06
0.329 1.0447e+08 2.0893e+06
0.33 8.7406e+07 1.7481e+06
0.331 8.5282e+07 1.7056e+06
0.332 1.3264e+08 2.6527e+06
0.333 1.022e+08 2.0439e+06
0.334 1.2912e+08 2.5824e+06
0.335 8.8354e+07 1.7671e+06
0.336 1.3737e+08 2.7473e+06
0.337 1.3702e+08 2.7404e+06
0.338 1.3864e+08 2.7728e+06
0.339 1.1937e+08 2.3874e+06
0.34 6.4853e+07 1.2971e+06
0.341 9.6493e+07 1.9299e+06
0.342 6.9168e+07 1.3834e+06
0.343 1.038e+08 2.076e+06
0.344 9.6323e+07 1.9265e+06
0.345 8.3934e+07 1.6787e+06
0.346 1.367e+08 2.734e+06
0.347 1.2316e+08 2.4633e+06
0.348 1.3415e+08 2.683e+06
0.349 9.9419e+07 1.9884e+06
0.35 9.7003e+07 1.9401e+06
0.351 7.2533e+07 1.4507e+06
0.352 5.7994e+07 1.1599e+06
0.353 1.144e+08 2.2879e+06
0.354 1.1262e+08 2.2523e+06
0.355 1.148e+08 2.296e+06
0.356 1.1669e+08 2.3339e+06
0.357 1.0987e+08 2.1973e+06
0.358 1.3392e+08 2.6784e+06
0.359 1.1485e+08 2.2971e+06
0.36 9.1094e+07 1.8219e+06
0.361 8.675e+07 1.735e+06
0.362 1.1674e+08 2.3349e+06
0.363 1.5345e+08 3.069e+06
0.364 1.0313e+08 2.0625e+06
0.365 6.5438e+07 1.3088e+06
0.366 1.1265e+08 2.2531e+06
0.367 1.124e+08 2.248e+06
0.368 7.8867e+07 1.5773e+06
0.369 8.7382e+07 1.7476e+06
0.37 9.7021e+07 1.9404e+06
0.371 7.6427e+07 1.5285e+06
0.372 1.0989e+08 2.1978e+06
0.373 6.3407e+07 1.2681e+06
0.374 8.6109e+07 1.7222e+06
0.375 9.9775e+07 1.9955e+06
0.376 1.3705e+08 2.7409e+06
0.377 9.8043e+07 1.9609e+06
0.378 7.0532e+07 1.4106e+06
0.379 9.1784e+07 1.8357e+06
0.38 9.8971e+07 1.9794e+06
0.381 1.041e+08 2.082e+06
0.382 9.1551e+07 1.831e+06
0.383 6.3929e+07 1.2786e+06
0.384 9.1983e+07 1.8397e+06
0.385 6.941e+07 1.3882e+06
0.386 9.5679e+07 1.9136e+06
0.387 1.061e+08 2.1221e+06
0.388 9.1955e+07 1.8391e+06
0.389 9.7702e+07 1.954e+06
0.39 8.1625e+07 1.6325e+06
0.391 6.7872e+07 1.3574e+06
0.392 1.0559e+08 2.1118e+06
0.393 8.4363e+07 1.6873e+06
0.394 4.266e+07 8.5319e+05
0.395 5.871e+07 1.1742e+06
0.396 1.3028e+08 2.6057e+06
0.397 1.3783e+08 2.7566e+06
0.398 1.0184e+08 2.0368e+06
0.399 4.1781e+07 8.3563e+05
0.4 8.9882e+07 1.7976e+06
0.401 8.0944e+07 1.6189e+06
0.402 1.0154e+08 2.0307e+06
0.403 1.0985e+08 2.197e+06
0.404 3.4732e+07 6.9465e+05
0.405 8.9536e+07 1.7907e+06
0.406 9.7503e+07 1.9501e+06
0.407 9.4741e+07 1.8948e+06
0.408 7.5019e+07 1.5004e+06
0.409 9.3414e+07 1.8683e+06
0.41 7.6574e+07 1.5315e+06
0.411 8.7307e+07 1.7461e+06
0.412 1.3074e+08 2.6148e+06
0.413 9.4035e+07 1.8807e+06
0.414 9.6275e+07 1.9255e+06
0.415 9.007e+07 1.8014e+06
0.416 7.8809e+07 1.5762e+06
0.417 5.9573e+07 1.1915e+06
0.418 6.8209e+07 1.3642e+06
0.419 8.1674e+07 1.6335e+06
0.42 7.4259e+07 1.4852e+06
0.421 4.606e+07 9.2121e+05
0.422 4.3979e+07 8.7958e+05
0.423 5.6195e+07 1.1239e+06
0.424 1.155e+08 2.3099e+06
0.425 9.168e+07 1.8336e+06
0.426 9.9168e+07 1.9834e+06
0.427 6.7019e+07 1.3404e+06
0.428 1.0521e+08 2.1043e+06
0.429 6.259e+07 1.2518e+06
0.43 9.7242e+07 1.9448e+06
0.431 7.5626e+07 1.5125e+06
0.432 7.8398e+07 1.568e+06
0.433 6.433e+07 1.2866e+06
0.434 5.3996e+07 1.0799e+06
0.435 9.2081e+07 1.8416e+06
0.436 9.277e+07 1.8554e+06
0.437 8.2596e+07 1.6519e+06
0.438 5.8853e+07 1.1771e+06
0.439 1.0539e+08 2.1078e+06
0.44 9.1164e+07 1.8233e+06
0.441 9.6339e+07 1.9268e+06
0.442 9.0407e+07 1.8081e+06
0.443 6.5527e+07 1.3105e+06
0.444 7.4428e+07 1.4886e+06
0.445 8.0254e+07 1.6051e+06
0.446 7.3816e+07 1.4763e+06
0.447 6.5286e+07 1.3057e+06
0.448 1.1291e+08 2.2581e+06
0.449 5.2663e+07 1.0533e+06
0.45 9.5996e+07 1.9199e+06
0.451 9.349e+07 1.8698e+06
0.452 1.1389e+08 2.2778e+06
0.453 1.1411e+08 2.2822e+06
0.454 1.0642e+08 2.1284e+06
0.455 5.2152e+07 1.043e+06
0.456 6.2594e+07 1.2519e+06
0.457 9.217e+07 1.8434e+06
0.458 1.107e+08 2.214e+06
0.459 5.6519e+07 1.1304e+06
0.46 8.1043e+07 1.6209e+06
0.461 9.6393e+07 1.9279e+06
0.462 7.9739e+07 1.5948e+06
0.463 1.0991e+08 2.1981e+06
0.464 1.1478e+08 2.2955e+06
0.465 7.5508e+07 1.5102e+06
0.466 8.3123e+07 1.6625e+06
0.467 5.4964e+07 1.0993e+06
0.468 9.9451e+07 1.989e+06
0.469 3.8979e+07 7.7957e+05
0.47 7.1607e+07 1.4321e+06
0.471 1.0371e+08 2.0742e+06
0.472 7.748e+07 1.5496e+06
0.473 7.4835e+07 1.4967e+06
0.474 6.9002e+07 1.38e+06
0.475 8.6531e+07 1.7306e+06
0.476 1.1115e+08 2.2229e+06
0.477 1.1718e+08 2.3436e+06
0.478 1.3637e+08 2.7275e+06
0.479 1.0597e+08 2.1194e+06
0.48 7.4561e+07 1.4912e+06
0.481 9.164e+07 1.8328e+06
0.482 1.1586e+08 2.3171e+06
0.483 9.1665e+07 1.8333e+06
0.484 1.3839e+08 2.7679e+06
0.485 9.4576e+07 1.8915e+06
0.486 8.3701e+07 1.674e+06
0.487 9.1996e+07 1.8399e+06
0.488 8.8032e+07 1.7606e+06
0.489 6.0172e+07 1.2034e+06
0.49 1.1174e+08 2.2349e+06
0.491 8.6569e+07 1.7314e+06
0.492 2.639e+07 5.278e+05
0.493 7.9366e+07 1.5873e+06
0.494 5.2824e+07 1.0565e+06
0.495 9.4416e+07 1.8883e+06
0.496 9.18e+07 1.836e+06
0.497 1.0078e+08 2.0156e+06
0.498 8.4702e+07 1.694e+06
0.499 8.7759e+07 1.7552e+06
0.5 3.167e+07 6.334e+05
