0.001 2.294e+10 4.5879e+08
0.002 2.1129e+10 4.2258e+08
0.003 2.3235e+10 4.647e+08
0.004 2.269e+10 4.5379e+08
0.005 2.1875e+10 4.3751e+08
0.006 2.1926e+10 4.3853e+08
0.007 2.1383e+10 4.2766e+08
0.008 2.1783e+10 4.3565e+08
0.009 2.1292e+10 4.2584e+08
0.01 2.2039e+10 4.4077e+08
0.011 2.1187e+10 4.2374e+08
0.012 2.1513e+10 4.3025e+08
0.013 2.1636e+10 4.3273e+08
0.014 2.0961e+10 4.1922e+08
0.015 2.1036e+10 4.2071e+08
0.016 2.0819e+10 4.1638e+08
0.017 2.1225e+10 4.2451e+08
0.018 2.0652e+10 4.1304e+08
0.019 2.0936e+10 4.1872e+08
0.02 2.0813e+10 4.1625e+08
0.021 2.0934e+10 4.1868e+08
0.022 2.1202e+10 4.2404e+08
0.023 2.048e+10 4.096e+08
0.024 2.0099e+10 4.0197e+08
0.025 2.0335e+10 4.0671e+08
0.026 1.9777e+10 3.9553e+08
0.027 2.0284e+10 4.0567e+08
0.028 1.9725e+10 3.945e+08
0.029 1.9458e+10 3.8917e+08
0.03 1.9279e+10 3.8557e+08
0.031 1.9289e+10 3.8578e+08
0.032 1.8947e+10 3.7895e+08
0.033 1.8559e+10 3.7117e+08
0.034 1.8422e+10 3.6845e+08
0.035 1.8464e+10 3.6927e+08
0.036 1.8335e+10 3.6669e+08
0.037 1.8093e+10 3.6186e+08
0.038 1.7776e+10 3.5553e+08
0.039 1.7515e+10 3.5029e+08
0.04 1.7553e+10 3.5106e+08
0.041 1.7499e+10 3.4997e+08
0.042 1.7196e+10 3.4392e+08
0.043 1.7052e+10 3.4105e+08
0.044 1.6706e+10 3.3413e+08
0.045 1.651e+10 3.302e+08
0.046 1.6172e+10 3.2345e+08
0.047 1.6179e+10 3.2359e+08
0.048 1.5894e+10 3.1788e+08
0.049 1.5413e+10 3.0826e+08
0.05 1.509e+10 3.018e+08
0.051 1.5259e+10 3.0518e+08
0.052 1.4839e+10 2.9678e+08
0.053 1.4899e+10 2.9799e+08
0.054 1.4546e+10 2.9093e+08
0.055 1.4418e+10 2.8836e+08
0.056 1.3979e+10 2.7959e+08
0.057 1.4123e+10 2.8247e+08
0.058 1.3651e+10 2.7302e+08
0.059 1.3156e+10 2.6312e+08
0.06 1.3208e+10 2.6417e+08
0.061 1.2965e+10 2.5931e+08
0.062 1.2759e+10 2.5519e+08
0.063 1.2519e+10 2.5038e+08
0.064 1.2285e+10 2.457e+08
0.065 1.2016e+10 2.4033e+08
0.066 1.1794e+10 2.3589e+08
0.067 1.1544e+10 2.3089e+08
0.068 1.1236e+10 2.2473e+08
0.069 1.0932e+10 2.1864e+08
0.07 1.0878e+10 2.1756e+08
0.071 1.0702e+10 2.1403e+08
0.072 1.0364e+10 2.0727e+08
0.073 1.013e+10 2.0261e+08
0.074 9.9526e+09 1.9905e+08
0.075 9.8969e+09 1.9794e+08
0.076 9.5702e+09 1.914e+08
0.077 9.5558e+09 1.9112e+08
0.078 9.3638e+09 1.8728e+08
0.079 8.9914e+09 1.7983e+08
0.08 8.7791e+09 1.7558e+08
0.081 8.5664e+09 1.7133e+08
0.082 8.2626e+09 1.6525e+08
0.083 8.1513e+09 1.6303e+08
0.084 7.9474e+09 1.5895e+08
0.085 7.8239e+09 1.5648e+08
0.086 7.4531e+09 1.4906e+08
0.087 7.6151e+09 1.523e+08
0.088 7.253e+09 1.4506e+08
0.089 7.0312e+09 1.4062e+08
0.09 6.9591e+09 1.3918e+08
0.091 6.7268e+09 1.3454e+08
0.092 6.5764e+09 1.3153e+08
0.093 6.2919e+09 1.2584e+08
0.094 6.1538e+09 1.2308e+08
0.095 6.0034e+09 1.2007e+08
0.096 5.7688e+09 1.1538e+08
0.097 5.6003e+09 1.1201e+08
0.098 5.5691e+09 1.1138e+08
0.099 5.3707e+09 1.0741e+08
0.1 5.223e+09 1.0446e+08
0.101 5.0047e+09 1.0009e+08
0.102 4.9256e+09 9.8513e+07
0.103 4.7382e+09 9.4765e+07
0.104 4.6216e+09 9.2432e+07
0.105 4.5029e+09 9.0058e+07
0.106 4.265e+09 8.5301e+07
0.107 4.1137e+09 8.2274e+07
0.108 4.1276e+09 8.2553e+07
0.109 4.0466e+09 8.0931e+07
0.11 3.9085e+09 7.817e+07
0.111 3.6847e+09 7.3694e+07
0.112 3.6976e+09 7.3951e+07
0.113 3.48e+09 6.96e+07
0.114 3.402e+09 6.804e+07
0.115 3.2737e+09 6.5473e+07
0.116 3.2917e+09 6.5834e+07
0.117 3.1773e+09 6.3547e+07
0.118 2.8923e+09 5.7846e+07
0.119 2.9312e+09 5.8625e+07
0.12 2.7913e+09 5.5827e+07
0.121 2.7034e+09 5.4068e+07
0.122 2.6607e+09 5.3213e+07
0.123 2.4725e+09 4.9449e+07
0.124 2.4496e+09 4.8992e+07
0.125 2.4386e+09 4.8772e+07
0.126 2.3196e+09 4.6392e+07
0.127 2.234e+09 4.4681e+07
0.128 2.1544e+09 4.3088e+07
0.129 2.0497e+09 4.0994e+07
0.13 2.0173e+09 4.0347e+07
0.131 1.9812e+09 3.9624e+07
0.132 1.9127e+09 3.8254e+07
0.133 1.8529e+09 3.7059e+07
0.134 1.7701e+09 3.5401e+07
0.135 1.6955e+09 3.391e+07
0.136 1.6945e+09 3.389e+07
0.137 1.6389e+09 3.2778e+07
0.138 1.5217e+09 3.0435e+07
0.139 1.4511e+09 2.9022e+07
0.14 1.3661e+09 2.7323e+07
0.141 1.3528e+09 2.7056e+07
0.142 1.339e+09 2.678e+07
0.143 1.3306e+09 2.6612e+07
0.144 1.2067e+09 2.4135e+07
0.145 1.2561e+09 2.5122e+07
0.146 1.178e+09 2.3559e+07
0.147 1.0905e+09 2.1811e+07
0.148 1.1407e+09 2.2814e+07
0.149 1.1316e+09 2.2632e+07
0.15 9.389e+08 1.8778e+07
0.151 1.0494e+09 2.0989e+07
0.152 9.7124e+08 1.9425e+07
0.153 9.0904e+08 1.8181e+07
0.154 9.72e+08 1.944e+07
0.155 8.996e+08 1.7992e+07
0.156 7.9923e+08 1.5985e+07
0.157 8.6138e+08 1.7228e+07
0.158 7.9106e+08 1.5821e+07
0.159 7.6357e+08 1.5271e+07
0.16 7.9845e+08 1.5969e+07
0.161 7.1883e+08 1.4377e+07
0.162 7.122e+08 1.4244e+07
0.163 7.7132e+08 1.5426e+07
0.164 7.3637e+08 1.4727e+07
0.165 7.0183e+08 1.4037e+07
0.166 6.1405e+08 1.2281e+07
0.167 6.6243e+08 1.3249e+07
0.168 6.1187e+08 1.2237e+07
0.169 6.3581e+08 1.2716e+07
0.17 6.5699e+08 1.314e+07
0.171 6.0044e+08 1.2009e+07
0.172 5.039e+08 1.0078e+07
0.173 5.7393e+08 1.1479e+07
0.174 5.4274e+08 1.0855e+07
0.175 5.3968e+08 1.0794e+07
0.176 5.2168e+08 1.0434e+07
0.177 5.5725e+08 1.1145e+07
0.178 4.7068e+08 9.4135e+06
0.179 5.4906e+08 1.0981e+07
0.18 4.281e+08 8.562e+06
0.181 4.8146e+08 9.6292e+06
0.182 4.3214e+08 8.6429e+06
0.183 4.2446e+08 8.4893e+06
0.184 4.1766e+08 8.3532e+06
0.185 4.1104e+08 8.2208e+06
0.186 4.0427e+08 8.0853e+06
0.187 4.1355e+08 8.2709e+06
0.188 4.5758e+08 9.1515e+06
0.189 4.2119e+08 8.4238e+06
0.19 3.829e+08 7.6581e+06
0.191 4.1204e+08 8.2407e+06
0.192 3.8022e+08 7.6045e+06
0.193 4.0014e+08 8.0027e+06
0.194 3.6306e+08 7.2612e+06
0.195 3.7316e+08 7.4631e+06
0.196 3.9042e+08 7.8083e+06
0.197 3.3408e+08 6.6815e+06
0.198 3.4717e+08 6.9434e+06
0.199 3.6737e+08 7.3473e+06
0.2 2.7706e+08 5.5412e+06
0.201 3.519e+08 7.038e+06
0.202 3.6217e+08 7.2434e+06
0.203 2.9614e+08 5.9227e+06
0.204 3.3376e+08 6.6752e+06
0.205 3.1649e+08 6.3299e+06
0.206 2.9687e+08 5.9374e+06
0.207 2.9102e+08 5.8203e+06
0.208 2.7489e+08 5.4978e+06
0.209 2.8542e+08 5.7084e+06
0.21 3.3035e+08 6.607e+06
0.211 2.5807e+08 5.1613e+06
0.212 2.5828e+08 5.1655e+06
0.213 2.8574e+08 5.7147e+06
0.214 2.4076e+08 4.8152e+06
0.215 2.9994e+08 5.9988e+06
0.216 2.8638e+08 5.7276e+06
0.217 2.514e+08 5.0281e+06
0.218 2.7078e+08 5.4155e+06
0.219 2.3684e+08 4.7368e+06
0.22 2.3042e+08 4.6085e+06
0.221 2.182e+08 4.364e+06
0.222 1.8442e+08 3.6885e+06
0.223 2.1574e+08 4.3148e+06
0.224 1.6387e+08 3.2775e+06
0.225 2.2807e+08 4.5613e+06
0.226 2.1801e+08 4.3602e+06
0.227 1.7902e+08 3.5805e+06
0.228 2.0162e+08 4.0324e+06
0.229 2.0609e+08 4.1218e+06
0.23 2.3984e+08 4.7969e+06
0.231 1.8354e+08 3.6708e+06
0.232 2.4413e+08 4.8826e+06
0.233 1.9074e+08 3.8148e+06
0.234 2.0678e+08 4.1356e+06
0.235 1.8705e+08 3.7409e+06
0.236 1.947e+08 3.894e+06
0.237 1.5774e+08 3.1548e+06
0.238 1.7283e+08 3.4567e+06
0.239 1.9253e+08 3.8507e+06
0.24 1.7206e+08 3.4412e+06
0.241 2.1664e+08 4.3328e+06
0.242 1.9064e+08 3.8128e+06
0.243 1.417e+08 2.8341e+06
0.244 1.3954e+08 2.7908e+06
0.245 1.3556e+08 2.7112e+06
0.246 1.3792e+08 2.7583e+06
0.247 2.0145e+08 4.029e+06
0.248 1.6618e+08 3.3236e+06
0.249 1.6343e+08 3.2686e+06
0.25 1.9502e+08 3.9004e+06
0.251 1.9445e+08 3.8891e+06
0.252 1.0991e+08 2.1983e+06
0.253 1.5519e+08 3.1038e+06
0.254 1.373e+08 2.7461e+06
0.255 1.7515e+08 3.503e+06
0.256 1.4972e+08 2.9944e+06
0.257 1.6013e+08 3.2025e+06
0.258 1.4112e+08 2.8225e+06
0.259 1.0474e+08 2.0947e+06
0.26 1.7849e+08 3.5698e+06
0.261 1.5294e+08 3.0587e+06
0.262 1.7321e+08 3.4642e+06
0.263 7.9679e+07 1.5936e+06
0.264 1.3479e+08 2.6959e+06
0.265 1.4391e+08 2.8783e+06
0.266 1.481e+08 2.962e+06
0.267 9.5867e+07 1.9173e+06
0.268 1.6478e+08 3.2956e+06
0.269 1.2657e+08 2.5314e+06
0.27 1.0775e+08 2.155e+06
0.271 1.32e+08 2.6399e+06
0.272 1.3873e+08 2.7746e+06
0.273 1.4352e+08 2.8704e+06
0.274 1.4859e+08 2.9718e+06
0.275 9.219e+07 1.8438e+06
0.276 1.0369e+08 2.0738e+06
0.277 1.5705e+08 3.1411e+06
0.278 1.0875e+08 2.1751e+06
0.279 1.0807e+08 2.1613e+06
0.28 1.3327e+08 2.6653e+06
0.281 1.3157e+08 2.6314e+06
0.282 7.5601e+07 1.512e+06
0.283 1.2348e+08 2.4696e+06
0.284 1.4432e+08 2.8864e+06
0.285 1.1701e+08 2.3403e+06
0.286 1.4049e+08 2.8098e+06
0.287 1.3224e+08 2.6447e+06
0.288 1.2935e+08 2.5871e+06
0.289 1.3206e+08 2.6413e+06
0.29 8.8981e+07 1.7796e+06
0.291 9.2186e+07 1.8437e+06
0.292 1.6083e+08 3.2165e+06
0.293 1.1331e+08 2.2663e+06
0.294 6.0091e+07 1.2018e+06
0.295 1.3579e+08 2.7157e+06
0.296 1.1466e+08 2.2932e+06
0.297 1.1785e+08 2.357e+06
0.298 9.2002e+07 1.84e+06
0.299 1.0783e+08 2.1566e+06
0.3 1.2838e+08 2.5675e+06
0.301 1.2222e+08 2.4445e+06
0.302 8.7819e+07 1.7564e+06
0.303 1.2383e+08 2.4765e+06
0.304 9.8389e+07 1.9678e+06
0.305 9.7354e+07 1.9471e+06
0.306 1.5915e+08 3.1829e+06
0.307 1.0386e+08 2.0772e+06
0.308 1.0306e+08 2.0612e+06
0.309 6.0517e+07 1.2103e+06
0.31 8.4598e+07 1.692e+06
0.311 1.3741e+08 2.7483e+06
0.312 9.3594e+07 1.8719e+06
0.313 1.0269e+08 2.0537e+06
0.314 1.055e+08 2.1099e+06
0.315 1.6088e+08 3.2175e+06
0.316 1.2073e+08 2.4146e+06
0.317 1.0743e+08 2.1486e+06
0.318 9.6721e+07 1.9344e+06
0.319 7.2889e+07 1.4578e+06
0.32 8.4391e+07 1.6878e+06
0.321 9.4165e+07 1.8833e+06
0.322 1.4168e+08 2.8335e+06
0.323 1.0058e+08 2.0116e+06
0.324 1.1131e+08 2.2261e+06
0.325 1.3331e+08 2.6662e+06
0.326 1.1543e+08 2.3086e+06
0.327 1.5264e+08 3.0529e+06
0.328 1.1432e+08 2.2865e+06
0.329 1.3816e+08 2.7632e+06
0.33 8.2365e+07 1.6473e+06
0.331 9.8175e+07 1.9635e+06
0.332 6.9891e+07 1.3978e+06
0.333 8.8806e+07 1.7761e+06
0.334 1.0984e+08 2.1969e+06
0.335 1.2119e+08 2.4237e+06
0.336 6.5718e+07 1.3144e+06
0.337 8.7445e+07 1.7489e+06
0.338 9.8932e+07 1.9786e+06
0.339 9.0663e+07 1.8133e+06
0.34 9.5284e+07 1.9057e+06
0.341 1.3209e+08 2.6418e+06
0.342 9.1763e+07 1.8353e+06
0.343 6.2568e+07 1.2514e+06
0.344 8.0605e+07 1.6121e+06
0.345 8.3174e+07 1.6635e+06
0.346 1.0842e+08 2.1685e+06
0.347 1.2411e+08 2.4823e+06
0.348 1.0483e+08 2.0967e+06
0.349 1.499e+08 2.998e+06
0.35 1.2165e+08 2.4329e+06
0.351 1.034e+08 2.068e+06
0.352 9.022e+07 1.8044e+06
0.353 9.8159e+07 1.9632e+06
0.354 1.0933e+08 2.1865e+06
0.355 4.3494e+07 8.6988e+05
0.356 1.3998e+08 2.7997e+06
0.357 6.1868e+07 1.2374e+06
0.358 9.6604e+07 1.9321e+06
0.359 1.154e+08 2.3079e+06
0.36 8.9393e+07 1.7879e+06
0.361 6.6174e+07 1.3235e+06
0.362 1.1067e+08 2.2135e+06
0.363 5.7882e+07 1.1576e+06
0.364 1.0197e+08 2.0394e+06
0.365 1.0901e+08 2.1802e+06
0.366 8.4005e+07 1.6801e+06
0.367 7.2687e+07 1.4537e+06
0.368 8.4626e+07 1.6925e+06
0.369 7.4352e+07 1.487e+06
0.37 8.198e+07 1.6396e+06
0.371 9.7729e+07 1.9546e+06
0.372 8.6303e+07 1.7261e+06
0.373 1.0861e+08 2.1722e+06
0.374 9.0276e+07 1.8055e+06
0.375 8.8572e+07 1.7714e+06
0.376 1.2558e+08 2.5117e+06
0.377 6.0265e+07 1.2053e+06
0.378 9.2867e+07 1.8573e+06
0.379 9.255e+07 1.851e+06
0.38 1.0727e+08 2.1454e+06
0.381 1.1051e+08 2.2103e+06
0.382 9.6382e+07 1.9276e+06
0.383 9.8684e+07 1.9737e+06
0.384 9.1707e+07 1.8341e+06
0.385 1.0553e+08 2.1106e+06
0.386 9.1145e+07 1.8229e+06
0.387 7.5186e+07 1.5037e+06
0.388 1.0596e+08 2.1193e+06
0.389 8.8479e+07 1.7696e+06
0.39 6.9079e+07 1.3816e+06
0.391 7.9698e+07 1.594e+06
0.392 8.8976e+07 1.7795e+06
0.393 9.4067e+07 1.8813e+06
0.394 4.9357e+07 9.8713e+05
0.395 3.6066e+07 7.2133e+05
0.396 1.0149e+08 2.0298e+06
0.397 1.019e+08 2.038e+06
0.398 9.3603e+07 1.8721e+06
0.399 1.0374e+08 2.0748e+06
0.4 8.6448e+07 1.729e+06
0.401 4.3741e+07 8.7481e+05
0.402 8.2436e+07 1.6487e+06
0.403 9.2319e+07 1.8464e+06
0.404 8.0345e+07 1.6069e+06
0.405 5.7121e+07 1.1424e+06
0.406 7.1073e+07 1.4215e+06
0.407 9.2693e+07 1.8539e+06
0.408 1.1644e+08 2.3288e+06
0.409 9.1138e+07 1.8228e+06
0.41 9.6141e+07 1.9228e+06
0.411 1.3276e+08 2.6553e+06
0.412 7.0867e+07 1.4173e+06
0.413 8.8752e+07 1.775e+06
0.414 7.8618e+07 1.5724e+06
0.415 6.1486e+07 1.2297e+06
0.416 9.6577e+07 1.9315e+06
0.417 9.1942e+07 1.8388e+06
0.418 8.2707e+07 1.6541e+06
0.419 8.3473e+07 1.6695e+06
0.42 8.5106e+07 1.7021e+06
0.421 1.1036e+08 2.2072e+06
0.422 5.6298e+07 1.126e+06
0.423 8.2836e+07 1.6567e+06
0.424 1.0006e+08 2.0012e+06
0.425 7.8902e+07 1.578e+06
0.426 6.6828e+07 1.3366e+06
0.427 7.8469e+07 1.5694e+06
0.428 7.8957e+07 1.5791e+06
0.429 8.9362e+07 1.7872e+06
0.43 5.4239e+07 1.0848e+06
0.431 6.8442e+07 1.3688e+06
0.432 8.336e+07 1.6672e+06
0.433 5.1482e+07 1.0296e+06
0.434 7.0163e+07 1.4033e+06
0.435 8.2804e+07 1.6561e+06
0.436 8.3806e+07 1.6761e+06
0.437 9.4924e+07 1.8985e+06
0.438 9.47e+07 1.894e+06
0.439 9.1581e+07 1.8316e+06
0.44 5.2559e+07 1.0512e+06
0.441 6.8493e+07 1.3699e+06
0.442 1.0832e+08 2.1665e+06
0.443 8.1207e+07 1.6241e+06
0.444 7.5932e+07 1.5186e+06
0.445 7.3886e+07 1.4777e+06
0.446 6.9385e+07 1.3877e+06
0.447 7.3023e+07 1.4605e+06
0.448 6.3618e+07 1.2724e+06
0.449 1.0603e+08 2.1205e+06
0.45 6.2648e+07 1.253e+06
0.451 7.9594e+07 1.5919e+06
0.452 7.2929e+07 1.4586e+06
0.453 5.9129e+07 1.1826e+06
0.454 1.0777e+08 2.1554e+06
0.455 1.0688e+08 2.1376e+06
0.456 8.3002e+07 1.66e+06
0.457 5.6553e+07 1.1311e+06
0.458 6.1435e+07 1.2287e+06
0.459 9.7039e+07 1.9408e+06
0.46 8.3349e+07 1.667e+06
0.461 8.3533e+07 1.6707e+06
0.462 5.2879e+07 1.0576e+06
0.463 9.6235e+07 1.9247e+06
0.464 3.1762e+07 6.3524e+05
0.465 8.4355e+07 1.6871e+06
0.466 7.5345e+07 1.5069e+06
0.467 6.8567e+07 1.3713e+06
0.468 5.5649e+07 1.113e+06
0.469 4.1648e+07 8.3295e+05
0.47 6.5059e+07 1.3012e+06
0.471 9.3896e+07 1.8779e+06
0.472 8.6205e+07 1.7241e+06
0.473 6.807e+07 1.3614e+06
0.474 9.8459e+07 1.9692e+06
0.475 9.6819e+07 1.9364e+06
0.476 1.1031e+08 2.2063e+06
0.477 1.0617e+08 2.1233e+06
0.478 1.024e+08 2.0479e+06
0.479 7.5987e+07 1.5197e+06
0.48 8.7758e+07 1.7552e+06
0.481 6.089e+07 1.2178e+06
0.482 8.1198e+07 1.624e+06
0.483 4.6248e+07 9.2497e+05
0.484 9.8112e+07 1.9622e+06
0.485 9.5438e+07 1.9088e+06
0.486 8.1749e+07 1.635e+06
0.487 7.1198e+07 1.424e+06
0.488 5.5435e+07 1.1087e+06
0.489 3.718e+07 7.436e+05
0.49 6.8767e+07 1.3753e+06
0.491 9.0681e+07 1.8136e+06
0.492 7.1775e+07 1.4355e+06
0.493 9.0369e+07 1.8074e+06
0.494 7.0886e+07 1.4177e+06
0.495 8.8004e+07 1.7601e+06
0.496 1.0372e+08 2.0744e+06
0.497 7.8237e+07 1.5647e+06
0.498 1.0664e+08 2.1329e+06
0.499 4.9238e+07 9.8476e+05
0.5 9.2909e+07 1.8582e+06
