0.001 3.0365e+10 6.073e+08
0.002 3.1821e+10 6.3642e+08
0.003 3.054e+10 6.108e+08
0.004 3.0903e+10 6.1806e+08
0.005 2.9959e+10 5.9918e+08
0.006 2.9768e+10 5.9537e+08
0.007 3.0538e+10 6.1075e+08
0.008 2.987e+10 5.974e+08
0.009 3.0629e+10 6.1257e+08
0.01 3.0616e+10 6.1232e+08
0.011 3.0007e+10 6.0015e+08
0.012 3.0032e+10 6.0065e+08
0.013 2.9924e+10 5.9849e+08
0.014 2.983e+10 5.966e+08
0.015 3.0206e+10 6.0411e+08
0.016 2.9953e+10 5.9906e+08
0.017 2.9327e+10 5.8655e+08
0.018 2.9355e+10 5.871e+08
0.019 2.9167e+10 5.8333e+08
0.02 2.9374e+10 5.8748e+08
0.021 2.8601e+10 5.7202e+08
0.022 2.8667e+10 5.7334e+08
0.023 2.9066e+10 5.8132e+08
0.024 2.7671e+10 5.5342e+08
0.025 2.825e+10 5.65e+08
0.026 2.793e+10 5.5861e+08
0.027 2.7929e+10 5.5857e+08
0.028 2.777e+10 5.5541e+08
0.029 2.7404e+10 5.4807e+08
0.03 2.7103e+10 5.4206e+08
0.031 2.6859e+10 5.3718e+08
0.032 2.704e+10 5.4079e+08
0.033 2.636e+10 5.2719e+08
0.034 2.5987e+10 5.1975e+08
0.035 2.6079e+10 5.2158e+08
0.036 2.589e+10 5.178e+08
0.037 2.5362e+10 5.0723e+08
0.038 2.5448e+10 5.0895e+08
0.039 2.4873e+10 4.9747e+08
0.04 2.461e+10 4.9221e+08
0.041 2.4199e+10 4.8398e+08
0.042 2.3922e+10 4.7844e+08
0.043 2.4099e+10 4.8197e+08
0.044 2.3722e+10 4.7444e+08
0.045 2.2674e+10 4.5349e+08
0.046 2.2872e+10 4.5744e+08
0.047 2.3046e+10 4.6092e+08
0.048 2.2549e+10 4.5098e+08
0.049 2.1958e+10 4.3916e+08
0.05 2.1654e+10 4.3308e+08
0.051 2.1247e+10 4.2493e+08
0.052 2.0939e+10 4.1879e+08
0.053 2.0866e+10 4.1733e+08
0.054 2.0396e+10 4.0791e+08
0.055 2.0114e+10 4.0228e+08
0.056 1.9895e+10 3.979e+08
0.057 1.9721e+10 3.9443e+08
0.058 1.9183e+10 3.8366e+08
0.059 1.8946e+10 3.7891e+08
0.06 1.8391e+10 3.6782e+08
0.061 1.8284e+10 3.6568e+08
0.062 1.7883e+10 3.5765e+08
0.063 1.7799e+10 3.5599e+08
0.064 1.7296e+10 3.4592e+08
0.065 1.6877e+10 3.3755e+08
0.066 1.6918e+10 3.3835e+08
0.067 1.6411e+10 3.2822e+08
0.068 1.5806e+10 3.1612e+08
0.069 1.5854e+10 3.1707e+08
0.07 1.5602e+10 3.1205e+08
0.071 1.4912e+10 2.9823e+08
0.072 1.5023e+10 3.0045e+08
0.073 1.444e+10 2.8881e+08
0.074 1.4238e+10 2.8476e+08
0.075 1.3904e+10 2.7808e+08
0.076 1.3667e+10 2.7335e+08
0.077 1.3457e+10 2.6914e+08
0.078 1.3043e+10 2.6087e+08
0.079 1.2672e+10 2.5345e+08
0.08 1.2182e+10 2.4365e+08
0.081 1.2135e+10 2.427e+08
0.082 1.1821e+10 2.3642e+08
0.083 1.1682e+10 2.3364e+08
0.084 1.1163e+10 2.2326e+08
0.085 1.1112e+10 2.2224e+08
0.086 1.0693e+10 2.1387e+08
0.087 1.047e+10 2.094e+08
0.088 1.0415e+10 2.0829e+08
0.089 1.0239e+10 2.0479e+08
0.09 9.5788e+09 1.9158e+08
0.091 9.6435e+09 1.9287e+08
0.092 9.1123e+09 1.8225e+08
0.093 9.0059e+09 1.8012e+08
0.094 8.8152e+09 1.763e+08
0.095 8.4646e+09 1.6929e+08
0.096 8.3109e+09 1.6622e+08
0.097 8.0768e+09 1.6154e+08
0.098 7.7179e+09 1.5436e+08
0.099 7.6526e+09 1.5305e+08
0.1 7.4559e+09 1.4912e+08
0.101 7.3595e+09 1.4719e+08
0.102 7.1614e+09 1.4323e+08
0.103 6.7116e+09 1.3423e+08
0.104 6.4865e+09 1.2973e+08
0.105 6.5798e+09 1.316e+08
0.106 6.3517e+09 1.2703e+08
0.107 5.9347e+09 1.1869e+08
0.108 5.9469e+09 1.1894e+08
0.109 5.7838e+09 1.1568e+08
0.11 5.545e+09 1.109e+08
0.111 5.2344e+09 1.0469e+08
0.112 5.0667e+09 1.0133e+08
0.113 5.002e+09 1.0004e+08
0.114 4.8355e+09 9.671e+07
0.115 4.6903e+09 9.3806e+07
0.116 4.6013e+09 9.2026e+07
0.117 4.2639e+09 8.5277e+07
0.118 4.2987e+09 8.5975e+07
0.119 4.1119e+09 8.2237e+07
0.12 4.0429e+09 8.0858e+07
0.121 3.8372e+09 7.6745e+07
0.122 3.7469e+09 7.4938e+07
0.123 3.6885e+09 7.377e+07
0.124 3.4571e+09 6.9142e+07
0.125 3.3582e+09 6.7163e+07
0.126 3.2806e+09 6.5612e+07
0.127 3.266e+09 6.532e+07
0.128 3.0839e+09 6.1679e+07
0.129 2.9993e+09 5.9985e+07
0.13 2.8865e+09 5.773e+07
0.131 2.7242e+09 5.4483e+07
0.132 2.7239e+09 5.4479e+07
0.133 2.6655e+09 5.331e+07
0.134 2.5037e+09 5.0073e+07
0.135 2.4332e+09 4.8664e+07
0.136 2.3794e+09 4.7589e+07
0.137 2.2006e+09 4.4013e+07
0.138 2.2602e+09 4.5204e+07
0.139 2.1453e+09 4.2907e+07
0.14 1.992e+09 3.9841e+07
0.141 2.0615e+09 4.1229e+07
0.142 1.8427e+09 3.6854e+07
0.143 1.8673e+09 3.7346e+07
0.144 1.8297e+09 3.6593e+07
0.145 1.7683e+09 3.5365e+07
0.146 1.6231e+09 3.2462e+07
0.147 1.6366e+09 3.2733e+07
0.148 1.5496e+09 3.0992e+07
0.149 1.4704e+09 2.9408e+07
0.15 1.4954e+09 2.9909e+07
0.151 1.3961e+09 2.7922e+07
0.152 1.4043e+09 2.8086e+07
0.153 1.31e+09 2.62e+07
0.154 1.2105e+09 2.421e+07
0.155 1.2932e+09 2.5864e+07
0.156 1.2288e+09 2.4577e+07
0.157 1.1909e+09 2.3817e+07
0.158 1.259e+09 2.518e+07
0.159 1.0728e+09 2.1457e+07
0.16 1.1952e+09 2.3904e+07
0.161 1.0202e+09 2.0404e+07
0.162 1.0303e+09 2.0606e+07
0.163 1.0098e+09 2.0196e+07
0.164 9.0491e+08 1.8098e+07
0.165 9.322e+08 1.8644e+07
0.166 8.7084e+08 1.7417e+07
0.167 8.1504e+08 1.6301e+07
0.168 8.6186e+08 1.7237e+07
0.169 8.8144e+08 1.7629e+07
0.17 7.9925e+08 1.5985e+07
0.171 7.1813e+08 1.4363e+07
0.172 8.3571e+08 1.6714e+07
0.173 7.0091e+08 1.4018e+07
0.174 7.8266e+08 1.5653e+07
0.175 7.2708e+08 1.4542e+07
0.176 7.7144e+08 1.5429e+07
0.177 7.2416e+08 1.4483e+07
0.178 7.6541e+08 1.5308e+07
0.179 6.2621e+08 1.2524e+07
0.18 7.5821e+08 1.5164e+07
0.181 6.0063e+08 1.2013e+07
0.182 6.4384e+08 1.2877e+07
0.183 6.0478e+08 1.2096e+07
0.184 6.5199e+08 1.304e+07
0.185 6.3358e+08 1.2672e+07
0.186 6.2989e+08 1.2598e+07
0.187 5.9272e+08 1.1854e+07
0.188 5.1297e+08 1.0259e+07
0.189 5.5192e+08 1.1038e+07
0.19 4.929e+08 9.858e+06
0.191 6.5262e+08 1.3052e+07
0.192 4.9936e+08 9.9872e+06
0.193 5.2861e+08 1.0572e+07
0.194 5.1839e+08 1.0368e+07
0.195 5.3866e+08 1.0773e+07
0.196 5.3479e+08 1.0696e+07
0.197 5.6044e+08 1.1209e+07
0.198 4.9199e+08 9.8397e+06
0.199 4.5162e+08 9.0325e+06
0.2 4.9052e+08 9.8103e+06
0.201 5.1105e+08 1.0221e+07
0.202 4.7356e+08 9.4711e+06
0.203 4.7377e+08 9.4754e+06
0.204 4.1527e+08 8.3054e+06
0.205 4.8976e+08 9.7952e+06
0.206 4.0905e+08 8.181e+06
0.207 4.5715e+08 9.1431e+06
0.208 4.2398e+08 8.4796e+06
0.209 4.0045e+08 8.009e+06
0.21 4.148e+08 8.2961e+06
0.211 3.6563e+08 7.3126e+06
0.212 3.7766e+08 7.5533e+06
0.213 3.7676e+08 7.5351e+06
0.214 3.6137e+08 7.2274e+06
0.215 4.0166e+08 8.0332e+06
0.216 3.9634e+08 7.9269e+06
0.217 4.0762e+08 8.1523e+06
0.218 3.8391e+08 7.6782e+06
0.219 3.6149e+08 7.2297e+06
0.22 3.0768e+08 6.1535e+06
0.221 2.7963e+08 5.5927e+06
0.222 3.3779e+08 6.7558e+06
0.223 3.4612e+08 6.9225e+06
0.224 2.7583e+08 5.5165e+06
0.225 2.8924e+08 5.7848e+06
0.226 3.5987e+08 7.1973e+06
0.227 3.1824e+08 6.3648e+06
0.228 3.3423e+08 6.6847e+06
0.229 3.4292e+08 6.8585e+06
0.23 2.9175e+08 5.835e+06
0.231 3.6124e+08 7.2249e+06
0.232 2.993e+08 5.9859e+06
0.233 2.8931e+08 5.7863e+06
0.234 3.1418e+08 6.2837e+06
0.235 3.3204e+08 6.6408e+06
0.236 3.1616e+08 6.3232e+06
0.237 2.4809e+08 4.9617e+06
0.238 2.8571e+08 5.7142e+06
0.239 2.607e+08 5.214e+06
0.24 3.1685e+08 6.337e+06
0.241 2.3702e+08 4.7404e+06
0.242 2.8833e+08 5.7665e+06
0.243 2.021e+08 4.0421e+06
0.244 2.1346e+08 4.2691e+06
0.245 2.4666e+08 4.9332e+06
0.246 2.0523e+08 4.1047e+06
0.247 2.2763e+08 4.5527e+06
0.248 2.385e+08 4.7701e+06
0.249 2.3303e+08 4.6607e+06
0.25 2.7261e+08 5.4521e+06
0.251 3.1391e+08 6.2781e+06
0.252 2.0525e+08 4.105e+06
0.253 2.3361e+08 4.6721e+06
0.254 1.748e+08 3.4961e+06
0.255 2.4392e+08 4.8783e+06
0.256 2.3142e+08 4.6284e+06
0.257 2.4387e+08 4.8775e+06
0.258 2.4127e+08 4.8254e+06
0.259 2.1291e+08 4.2582e+06
0.26 1.8614e+08 3.7229e+06
0.261 2.7619e+08 5.5238e+06
0.262 2.1732e+08 4.3463e+06
0.263 1.9157e+08 3.8314e+06
0.264 2.1099e+08 4.2197e+06
0.265 2.2296e+08 4.4591e+06
0.266 2.2133e+08 4.4266e+06
0.267 1.6313e+08 3.2627e+06
0.268 1.6657e+08 3.3314e+06
0.269 1.4386e+08 2.8773e+06
0.27 1.6657e+08 3.3314e+06
0.271 1.1432e+08 2.2865e+06
0.272 1.9714e+08 3.9428e+06
0.273 1.6031e+08 3.2062e+06
0.274 2.0099e+08 4.0197e+06
0.275 1.8232e+08 3.6464e+06
0.276 1.3967e+08 2.7935e+06
0.277 1.3218e+08 2.6435e+06
0.278 2.1279e+08 4.2558e+06
0.279 1.6923e+08 3.3846e+06
0.28 1.3375e+08 2.675e+06
0.281 1.4463e+08 2.8926e+06
0.282 1.5116e+08 3.0233e+06
0.283 1.781e+08 3.5621e+06
0.284 1.8139e+08 3.6279e+06
0.285 1.787e+08 3.574e+06
0.286 1.6173e+08 3.2346e+06
0.287 1.5822e+08 3.1645e+06
0.288 1.2561e+08 2.5123e+06
0.289 1.6898e+08 3.3796e+06
0.29 1.9856e+08 3.9712e+06
0.291 2.0337e+08 4.0674e+06
0.292 1.447e+08 2.894e+06
0.293 1.387e+08 2.774e+06
0.294 1.6045e+08 3.2089e+06
0.295 1.9694e+08 3.9389e+06
0.296 1.752e+08 3.504e+06
0.297 1.8384e+08 3.6769e+06
0.298 1.4186e+08 2.8372e+06
0.299 1.5439e+08 3.0878e+06
0.3 2.1149e+08 4.2298e+06
0.301 2.5392e+08 5.0784e+06
0.302 1.4697e+08 2.9395e+06
0.303 2.2524e+08 4.5047e+06
0.304 1.5421e+08 3.0842e+06
0.305 1.5693e+08 3.1386e+06
0.306 1.5402e+08 3.0804e+06
0.307 1.7964e+08 3.5927e+06
0.308 1.7842e+08 3.5684e+06
0.309 1.7328e+08 3.4655e+06
0.31 1.8781e+08 3.7562e+06
0.311 1.8775e+08 3.7549e+06
0.312 2.1546e+08 4.3092e+06
0.313 1.9891e+08 3.9782e+06
0.314 1.4307e+08 2.8613e+06
0.315 1.5746e+08 3.1491e+06
0.316 1.6955e+08 3.391e+06
0.317 2.1783e+08 4.3566e+06
0.318 1.0981e+08 2.1962e+06
0.319 1.8827e+08 3.7654e+06
0.32 1.4378e+08 2.8756e+06
0.321 1.3527e+08 2.7055e+06
0.322 1.0809e+08 2.1618e+06
0.323 1.6505e+08 3.301e+06
0.324 1.5998e+08 3.1996e+06
0.325 1.5312e+08 3.0624e+06
0.326 1.4997e+08 2.9994e+06
0.327 1.6528e+08 3.3056e+06
0.328 1.2205e+08 2.4409e+06
0.329 1.4886e+08 2.9772e+06
0.33 1.752e+08 3.504e+06
0.331 2.0364e+08 4.0728e+06
0.332 1.8108e+08 3.6216e+06
0.333 1.3868e+08 2.7737e+06
0.334 1.9579e+08 3.9157e+06
0.335 1.2171e+08 2.4341e+06
0.336 1.7465e+08 3.4931e+06
0.337 1.6957e+08 3.3914e+06
0.338 1.2691e+08 2.5382e+06
0.339 1.3987e+08 2.7973e+06
0.34 1.3608e+08 2.7217e+06
0.341 1.7404e+08 3.4809e+06
0.342 1.4934e+08 2.9868e+06
0.343 1.3407e+08 2.6814e+06
0.344 1.6675e+08 3.3349e+06
0.345 1.3797e+08 2.7594e+06
0.346 1.7224e+08 3.4449e+06
0.347 1.2691e+08 2.5382e+06
0.348 1.7163e+08 3.4325e+06
0.349 1.5617e+08 3.1234e+06
0.35 1.5829e+08 3.1658e+06
0.351 1.2974e+08 2.5948e+06
0.352 1.2754e+08 2.5509e+06
0.353 9.3448e+07 1.869e+06
0.354 1.7829e+08 3.5659e+06
0.355 1.6134e+08 3.2269e+06
0.356 1.5017e+08 3.0034e+06
0.357 1.4566e+08 2.9132e+06
0.358 1.7262e+08 3.4525e+06
0.359 9.6307e+07 1.9261e+06
0.36 1.6232e+08 3.2465e+06
0.361 9.0214e+07 1.8043e+06
0.362 1.6568e+08 3.3136e+06
0.363 1.3629e+08 2.7258e+06
0.364 1.3258e+08 2.6516e+06
0.365 1.0934e+08 2.1868e+06
0.366 1.2777e+08 2.5555e+06
0.367 9.9112e+07 1.9822e+06
0.368 1.5644e+08 3.1288e+06
0.369 1.6462e+08 3.2925e+06
0.37 8.8781e+07 1.7756e+06
0.371 1.4764e+08 2.9529e+06
0.372 1.6531e+08 3.3063e+06
0.373 6.3553e+07 1.2711e+06
0.374 1.5569e+08 3.1139e+06
0.375 1.8222e+08 3.6444e+06
0.376 1.8113e+08 3.6225e+06
0.377 1.0108e+08 2.0215e+06
0.378 1.2281e+08 2.4563e+06
0.379 1.0523e+08 2.1047e+06
0.38 1.088e+08 2.1761e+06
0.381 1.5798e+08 3.1597e+06
0.382 1.5678e+08 3.1356e+06
0.383 1.6838e+08 3.3675e+06
0.384 1.4169e+08 2.8337e+06
0.385 1.5452e+08 3.0904e+06
0.386 1.1322e+08 2.2643e+06
0.387 1.4762e+08 2.9524e+06
0.388 1.1788e+08 2.3576e+06
0.389 8.5242e+07 1.7048e+06
0.39 1.2078e+08 2.4156e+06
0.391 1.7158e+08 3.4317e+06
0.392 1.5085e+08 3.0169e+06
0.393 1.0659e+08 2.1319e+06
0.394 9.2782e+07 1.8556e+06
0.395 8.6062e+07 1.7212e+06
0.396 1.2811e+08 2.5623e+06
0.397 1.2665e+08 2.5329e+06
0.398 1.3963e+08 2.7925e+06
0.399 1.3038e+08 2.6076e+06
0.4 6.451e+07 1.2902e+06
0.401 7.4789e+07 1.4958e+06
0.402 1.1464e+08 2.2928e+06
0.403 1.6174e+08 3.2349e+06
0.404 1.3878e+08 2.7756e+06
0.405 1.5986e+08 3.1971e+06
0.406 1.2483e+08 2.4966e+06
0.407 8.8742e+07 1.7748e+06
0.408 1.3791e+08 2.7581e+06
0.409 1.4293e+08 2.8585e+06
0.41 1.4619e+08 2.9238e+06
0.411 2.1969e+07 4.3939e+05
0.412 1.1707e+08 2.3413e+06
0.413 1.3189e+08 2.6379e+06
0.414 1.1814e+08 2.3628e+06
0.415 8.2367e+07 1.6473e+06
0.416 1.125e+08 2.25e+06
0.417 8.0817e+07 1.6163e+06
0.418 9.5327e+07 1.9065e+06
0.419 1.3038e+08 2.6075e+06
0.42 1.0807e+08 2.1615e+06
0.421 7.5122e+07 1.5024e+06
0.422 1.2884e+08 2.5769e+06
0.423 1.3696e+08 2.7393e+06
0.424 1.2273e+08 2.4546e+06
0.425 7.4001e+07 1.48e+06
0.426 8.8044e+07 1.7609e+06
0.427 1.2796e+08 2.5592e+06
0.428 7.8726e+07 1.5745e+06
0.429 1.0651e+08 2.1302e+06
0.43 1.0112e+08 2.0223e+06
0.431 6.5513e+07 1.3103e+06
0.432 1.0044e+08 2.0088e+06
0.433 1.2627e+08 2.5254e+06
0.434 1.6976e+08 3.3951e+06
0.435 1.6015e+08 3.203e+06
0.436 5.6877e+07 1.1375e+06
0.437 1.5326e+08 3.0652e+06
0.438 1.1994e+08 2.3988e+06
0.439 9.6714e+07 1.9343e+06
0.44 1.2462e+08 2.4924e+06
0.441 9.6172e+07 1.9234e+06
0.442 7.8701e+07 1.574e+06
0.443 8.2406e+07 1.6481e+06
0.444 1.3083e+08 2.6166e+06
0.445 8.0578e+07 1.6116e+06
0.446 1.5927e+08 3.1854e+06
0.447 1.165e+08 2.3299e+06
0.448 1.3341e+08 2.6682e+06
0.449 1.0226e+08 2.0452e+06
0.45 1.0866e+08 2.1732e+06
0.451 1.0216e+08 2.0431e+06
0.452 1.3753e+08 2.7506e+06
0.453 1.099e+08 2.1981e+06
0.454 1.3982e+08 2.7965e+06
0.455 1.1299e+08 2.2599e+06
0.456 1.5711e+08 3.1422e+06
0.457 8.7057e+07 1.7411e+06
0.458 1.1944e+08 2.3888e+06
0.459 1.1052e+08 2.2103e+06
0.46 1.2536e+08 2.5073e+06
0.461 1.1646e+08 2.3292e+06
0.462 1.4853e+08 2.9706e+06
0.463 1.2523e+08 2.5046e+06
0.464 1.479e+08 2.958e+06
0.465 1.226e+08 2.452e+06
0.466 9.9276e+07 1.9855e+06
0.467 1.538e+08 3.076e+06
0.468 1.4178e+08 2.8356e+06
0.469 1.0173e+08 2.0347e+06
0.47 1.2422e+08 2.4844e+06
0.471 1.0154e+08 2.0307e+06
0.472 1.2052e+08 2.4104e+06
0.473 1.1336e+08 2.2672e+06
0.474 1.1947e+08 2.3893e+06
0.475 1.3981e+08 2.7962e+06
0.476 8.7885e+07 1.7577e+06
0.477 8.2066e+07 1.6413e+06
0.478 1.1417e+08 2.2834e+06
0.479 1.0715e+08 2.1429e+06
0.48 1.6906e+08 3.3812e+06
0.481 1.0221e+08 2.0441e+06
0.482 1.2579e+08 2.5159e+06
0.483 1.3022e+08 2.6045e+06
0.484 9.092e+07 1.8184e+06
0.485 1.0584e+08 2.1168e+06
0.486 7.2646e+07 1.4529e+06
0.487 8.3765e+07 1.6753e+06
0.488 1.434e+08 2.868e+06
0.489 1.2887e+08 2.5775e+06
0.49 1.0852e+08 2.1704e+06
0.491 1.0855e+08 2.171e+06
0.492 1.1444e+08 2.2888e+06
0.493 5.5781e+07 1.1156e+06
0.494 1.2731e+08 2.5462e+06
0.495 9.7224e+07 1.9445e+06
0.496 8.4066e+07 1.6813e+06
0.497 8.3968e+07 1.6794e+06
0.498 1.1889e+08 2.3778e+06
0.499 1.2053e+08 2.4107e+06
0.5 1.5739e+08 3.1478e+06
