0.001 2.4233e+10 4.8466e+08
0.002 2.3634e+10 4.7269e+08
0.003 2.4732e+10 4.9465e+08
0.004 2.4798e+10 4.9596e+08
0.005 2.4678e+10 4.9357e+08
0.006 2.4581e+10 4.9162e+08
0.007 2.3676e+10 4.7351e+08
0.008 2.4217e+10 4.8434e+08
0.009 2.4054e+10 4.8108e+08
0.01 2.4224e+10 4.8448e+08
0.011 2.3599e+10 4.7197e+08
0.012 2.4459e+10 4.8918e+08
0.013 2.3941e+10 4.7883e+08
0.014 2.3773e+10 4.7547e+08
0.015 2.3631e+10 4.7263e+08
0.016 2.4257e+10 4.8514e+08
0.017 2.3425e+10 4.685e+08
0.018 2.303e+10 4.6061e+08
0.019 2.3095e+10 4.619e+08
0.02 2.3078e+10 4.6157e+08
0.021 2.3322e+10 4.6645e+08
0.022 2.2875e+10 4.575e+08
0.023 2.2539e+10 4.5077e+08
0.024 2.2518e+10 4.5036e+08
0.025 2.2162e+10 4.4323e+08
0.026 2.2282e+10 4.4565e+08
0.027 2.2134e+10 4.4269e+08
0.028 2.1921e+10 4.3841e+08
0.029 2.1533e+10 4.3066e+08
0.03 2.1595e+10 4.319e+08
0.031 2.1718e+10 4.3437e+08
0.032 2.1305e+10 4.2609e+08
0.033 2.0937e+10 4.1873e+08
0.034 2.0826e+10 4.1652e+08
0.035 2.0799e+10 4.1598e+08
0.036 2.0553e+10 4.1107e+08
0.037 2.0711e+10 4.1421e+08
0.038 1.9909e+10 3.9818e+08
0.039 1.9622e+10 3.9245e+08
0.04 1.9696e+10 3.9392e+08
0.041 1.9265e+10 3.8529e+08
0.042 1.8993e+10 3.7986e+08
0.043 1.8759e+10 3.7517e+08
0.044 1.8637e+10 3.7273e+08
0.045 1.8516e+10 3.7032e+08
0.046 1.8109e+10 3.6217e+08
0.047 1.8043e+10 3.6086e+08
0.048 1.7788e+10 3.5575e+08
0.049 1.752e+10 3.504e+08
0.05 1.7261e+10 3.4523e+08
0.051 1.6757e+10 3.3513e+08
0.052 1.674e+10 3.3481e+08
0.053 1.631e+10 3.2621e+08
0.054 1.623e+10 3.2459e+08
0.055 1.5697e+10 3.1394e+08
0.056 1.5844e+10 3.1687e+08
0.057 1.5463e+10 3.0927e+08
0.058 1.514e+10 3.028e+08
0.059 1.5006e+10 3.0013e+08
0.06 1.4874e+10 2.9748e+08
0.061 1.4424e+10 2.8848e+08
0.062 1.3987e+10 2.7974e+08
0.063 1.3999e+10 2.7997e+08
0.064 1.3554e+10 2.7108e+08
0.065 1.3279e+10 2.6558e+08
0.066 1.3295e+10 2.659e+08
0.067 1.2871e+10 2.5741e+08
0.068 1.281e+10 2.562e+08
0.069 1.2331e+10 2.4662e+08
0.07 1.2294e+10 2.4588e+08
0.071 1.199e+10 2.398e+08
0.072 1.1809e+10 2.3618e+08
0.073 1.1513e+10 2.3025e+08
0.074 1.1268e+10 2.2535e+08
0.075 1.1108e+10 2.2215e+08
0.076 1.0881e+10 2.1761e+08
0.077 1.048e+10 2.096e+08
0.078 1.0123e+10 2.0247e+08
0.079 1.0183e+10 2.0365e+08
0.08 9.8962e+09 1.9792e+08
0.081 9.655e+09 1.931e+08
0.082 9.2768e+09 1.8554e+08
0.083 9.2731e+09 1.8546e+08
0.084 8.8671e+09 1.7734e+08
0.085 8.6448e+09 1.729e+08
0.086 8.5625e+09 1.7125e+08
0.087 8.4876e+09 1.6975e+08
0.088 8.2243e+09 1.6449e+08
0.089 8.0551e+09 1.611e+08
0.09 7.7778e+09 1.5556e+08
0.091 7.6228e+09 1.5246e+08
0.092 7.3572e+09 1.4714e+08
0.093 6.9436e+09 1.3887e+08
0.094 6.9531e+09 1.3906e+08
0.095 6.7933e+09 1.3587e+08
0.096 6.6179e+09 1.3236e+08
0.097 6.4135e+09 1.2827e+08
0.098 6.1384e+09 1.2277e+08
0.099 5.8524e+09 1.1705e+08
0.1 5.8493e+09 1.1699e+08
0.101 5.5705e+09 1.1141e+08
0.102 5.5921e+09 1.1184e+08
0.103 5.4631e+09 1.0926e+08
0.104 5.2013e+09 1.0403e+08
0.105 5.1325e+09 1.0265e+08
0.106 4.9789e+09 9.9579e+07
0.107 4.7192e+09 9.4385e+07
0.108 4.5897e+09 9.1794e+07
0.109 4.468e+09 8.936e+07
0.11 4.4099e+09 8.8198e+07
0.111 4.2084e+09 8.4168e+07
0.112 4.0933e+09 8.1865e+07
0.113 3.878e+09 7.756e+07
0.114 3.8027e+09 7.6055e+07
0.115 3.6559e+09 7.3119e+07
0.116 3.5107e+09 7.0213e+07
0.117 3.4382e+09 6.8764e+07
0.118 3.4343e+09 6.8685e+07
0.119 3.3011e+09 6.6023e+07
0.12 3.0767e+09 6.1534e+07
0.121 3.1353e+09 6.2706e+07
0.122 3.0204e+09 6.0408e+07
0.123 2.7802e+09 5.5604e+07
0.124 2.7613e+09 5.5227e+07
0.125 2.7556e+09 5.5113e+07
0.126 2.6016e+09 5.2032e+07
0.127 2.4446e+09 4.8891e+07
0.128 2.4548e+09 4.9097e+07
0.129 2.3027e+09 4.6054e+07
0.13 2.2325e+09 4.4649e+07
0.131 2.1299e+09 4.2597e+07
0.132 2.1007e+09 4.2013e+07
0.133 2.0292e+09 4.0585e+07
0.134 1.9837e+09 3.9675e+07
0.135 1.9127e+09 3.8254e+07
0.136 1.8089e+09 3.6178e+07
0.137 1.7393e+09 3.4786e+07
0.138 1.6999e+09 3.3998e+07
0.139 1.6583e+09 3.3166e+07
0.14 1.6188e+09 3.2376e+07
0.141 1.5457e+09 3.0914e+07
0.142 1.4919e+09 2.9838e+07
0.143 1.4239e+09 2.8479e+07
0.144 1.3517e+09 2.7035e+07
0.145 1.3659e+09 2.7319e+07
0.146 1.2278e+09 2.4555e+07
0.147 1.2751e+09 2.5501e+07
0.148 1.2326e+09 2.4652e+07
0.149 1.1349e+09 2.2698e+07
0.15 1.1812e+09 2.3625e+07
0.151 1.1267e+09 2.2534e+07
0.152 1.0927e+09 2.1853e+07
0.153 1.0126e+09 2.0253e+07
0.154 9.3047e+08 1.8609e+07
0.155 9.6914e+08 1.9383e+07
0.156 1.0629e+09 2.1258e+07
0.157 9.381e+08 1.8762e+07
0.158 9.6936e+08 1.9387e+07
0.159 9.3381e+08 1.8676e+07
0.16 8.1262e+08 1.6252e+07
0.161 8.328e+08 1.6656e+07
0.162 7.8033e+08 1.5607e+07
0.163 7.4076e+08 1.4815e+07
0.164 8.5691e+08 1.7138e+07
0.165 7.5042e+08 1.5008e+07
0.166 7.5859e+08 1.5172e+07
0.167 6.9923e+08 1.3985e+07
0.168 7.0113e+08 1.4023e+07
0.169 6.6348e+08 1.327e+07
0.17 7.096e+08 1.4192e+07
0.171 6.0073e+08 1.2015e+07
0.172 6.9117e+08 1.3823e+07
0.173 6.7408e+08 1.3482e+07
0.174 6.4267e+08 1.2853e+07
0.175 6.4936e+08 1.2987e+07
0.176 5.2296e+08 1.0459e+07
0.177 5.5982e+08 1.1196e+07
0.178 5.218e+08 1.0436e+07
0.179 5.8455e+08 1.1691e+07
0.18 4.8148e+08 9.6296e+06
0.181 5.5333e+08 1.1067e+07
0.182 5.4228e+08 1.0846e+07
0.183 4.286e+08 8.572e+06
0.184 5.3629e+08 1.0726e+07
0.185 4.1394e+08 8.2788e+06
0.186 4.7458e+08 9.4915e+06
0.187 5.2474e+08 1.0495e+07
0.188 5.1122e+08 1.0224e+07
0.189 4.0822e+08 8.1644e+06
0.19 4.4631e+08 8.9263e+06
0.191 4.7307e+08 9.4615e+06
0.192 3.7815e+08 7.563e+06
0.193 3.2738e+08 6.5476e+06
0.194 3.4681e+08 6.9361e+06
0.195 4.3224e+08 8.6448e+06
0.196 4.1943e+08 8.3887e+06
0.197 3.4298e+08 6.8596e+06
0.198 4.3278e+08 8.6556e+06
0.199 3.5584e+08 7.1168e+06
0.2 3.8666e+08 7.7332e+06
0.201 4.0505e+08 8.101e+06
0.202 3.0288e+08 6.0576e+06
0.203 3.4307e+08 6.8614e+06
0.204 3.6325e+08 7.2649e+06
0.205 2.9446e+08 5.8892e+06
0.206 2.839e+08 5.6779e+06
0.207 3.3147e+08 6.6295e+06
0.208 2.966e+08 5.9321e+06
0.209 3.2089e+08 6.4179e+06
0.21 3.437e+08 6.874e+06
0.211 2.8672e+08 5.7344e+06
0.212 2.705e+08 5.4101e+06
0.213 2.7961e+08 5.5921e+06
0.214 3.1848e+08 6.3697e+06
0.215 2.9709e+08 5.9418e+06
0.216 3.3103e+08 6.6207e+06
0.217 3.542e+08 7.0839e+06
0.218 2.1801e+08 4.3603e+06
0.219 2.8862e+08 5.7723e+06
0.22 2.6814e+08 5.3628e+06
0.221 3.0581e+08 6.1162e+06
0.222 2.3361e+08 4.6721e+06
0.223 2.6925e+08 5.385e+06
0.224 2.4666e+08 4.9331e+06
0.225 2.9991e+08 5.9982e+06
0.226 2.8206e+08 5.6412e+06
0.227 2.4261e+08 4.8522e+06
0.228 2.2221e+08 4.4441e+06
0.229 2.3447e+08 4.6895e+06
0.23 2.5864e+08 5.1728e+06
0.231 2.3964e+08 4.7928e+06
0.232 2.5503e+08 5.1005e+06
0.233 2.2246e+08 4.4493e+06
0.234 1.8076e+08 3.6152e+06
0.235 1.6175e+08 3.235e+06
0.236 2.0537e+08 4.1075e+06
0.237 2.028e+08 4.0559e+06
0.238 1.6681e+08 3.3363e+06
0.239 2.1219e+08 4.2437e+06
0.24 1.9287e+08 3.8574e+06
0.241 2.4347e+08 4.8694e+06
0.242 1.4785e+08 2.9571e+06
0.243 2.0431e+08 4.0862e+06
0.244 2.2628e+08 4.5255e+06
0.245 1.9472e+08 3.8945e+06
0.246 2.0167e+08 4.0334e+06
0.247 1.6141e+08 3.2282e+06
0.248 1.879e+08 3.758e+06
0.249 1.5762e+08 3.1525e+06
0.25 1.5945e+08 3.1891e+06
0.251 1.8071e+08 3.6142e+06
0.252 1.3819e+08 2.7639e+06
0.253 1.5676e+08 3.1352e+06
0.254 1.8876e+08 3.7751e+06
0.255 1.5126e+08 3.0253e+06
0.256 2.4233e+08 4.8465e+06
0.257 1.5721e+08 3.1442e+06
0.258 1.8893e+08 3.7787e+06
0.259 9.0997e+07 1.8199e+06
0.26 1.207e+08 2.414e+06
0.261 1.3419e+08 2.6838e+06
0.262 1.4242e+08 2.8484e+06
0.263 1.5957e+08 3.1915e+06
0.264 1.647e+08 3.2939e+06
0.265 1.0891e+08 2.1781e+06
0.266 1.6591e+08 3.3182e+06
0.267 1.589e+08 3.1781e+06
0.268 1.1774e+08 2.3549e+06
0.269 1.7123e+08 3.4245e+06
0.27 1.4663e+08 2.9327e+06
0.271 1.7785e+08 3.557e+06
0.272 1.5082e+08 3.0163e+06
0.273 1.4745e+08 2.949e+06
0.274 1.9964e+08 3.9928e+06
0.275 1.3897e+08 2.7794e+06
0.276 1.6479e+08 3.2959e+06
0.277 1.9276e+08 3.8553e+06
0.278 1.5149e+08 3.0298e+06
0.279 1.0742e+08 2.1485e+06
0.28 1.8901e+08 3.7802e+06
0.281 1.4324e+08 2.8648e+06
0.282 1.4183e+08 2.8366e+06
0.283 2.0803e+08 4.1605e+06
0.284 1.3177e+08 2.6354e+06
0.285 1.7441e+08 3.4881e+06
0.286 1.3e+08 2.6e+06
0.287 1.1404e+08 2.2809e+06
0.288 1.0572e+08 2.1144e+06
0.289 1.2406e+08 2.4812e+06
0.29 1.492e+08 2.9839e+06
0.291 1.1119e+08 2.2239e+06
0.292 1.457e+08 2.9141e+06
0.293 1.5416e+08 3.0832e+06
0.294 1.4483e+08 2.8966e+06
0.295 1.2249e+08 2.4498e+06
0.296 7.8953e+07 1.5791e+06
0.297 1.5417e+08 3.0834e+06
0.298 1.3217e+08 2.6435e+06
0.299 1.4348e+08 2.8695e+06
0.3 1.1688e+08 2.3375e+06
0.301 1.4547e+08 2.9095e+06
0.302 1.372e+08 2.7441e+06
0.303 6.1836e+07 1.2367e+06
0.304 1.7355e+08 3.471e+06
0.305 1.3372e+08 2.6744e+06
0.306 1.7242e+08 3.4483e+06
0.307 9.4927e+07 1.8985e+06
0.308 1.3082e+08 2.6164e+06
0.309 7.053e+07 1.4106e+06
0.31 1.1804e+08 2.3607e+06
0.311 1.4069e+08 2.8138e+06
0.312 1.0076e+08 2.0152e+06
0.313 1.432e+08 2.8639e+06
0.314 1.1692e+08 2.3385e+06
0.315 1.2572e+08 2.5144e+06
0.316 1.3171e+08 2.6343e+06
0.317 1.3645e+08 2.7291e+06
0.318 1.7971e+08 3.5942e+06
0.319 1.2054e+08 2.4108e+06
0.32 1.556e+08 3.112e+06
0.321 1.2363e+08 2.4726e+06
0.322 5.7601e+07 1.152e+06
0.323 1.7138e+08 3.4275e+06
0.324 1.4387e+08 2.8774e+06
0.325 1.1323e+08 2.2646e+06
0.326 1.1831e+08 2.3662e+06
0.327 1.294e+08 2.588e+06
0.328 1.2725e+08 2.5449e+06
0.329 1.3949e+08 2.7897e+06
0.33 1.607e+08 3.2141e+06
0.331 1.2067e+08 2.4135e+06
0.332 8.231e+07 1.6462e+06
0.333 1.3015e+08 2.6031e+06
0.334 1.4791e+08 2.9583e+06
0.335 1.1377e+08 2.2754e+06
0.336 9.776e+07 1.9552e+06
0.337 1.4302e+08 2.8603e+06
0.338 6.571e+07 1.3142e+06
0.339 1.0068e+08 2.0137e+06
0.34 1.3297e+08 2.6593e+06
0.341 6.7932e+07 1.3586e+06
0.342 8.5668e+07 1.7134e+06
0.343 7.228e+07 1.4456e+06
0.344 8.4902e+07 1.698e+06
0.345 1.4398e+08 2.8796e+06
0.346 1.2007e+08 2.4014e+06
0.347 1.3379e+08 2.6757e+06
0.348 1.3273e+08 2.6546e+06
0.349 9.8876e+07 1.9775e+06
0.35 9.5015e+07 1.9003e+06
0.351 1.0168e+08 2.0337e+06
0.352 8.3051e+07 1.661e+06
0.353 1.1359e+08 2.2718e+06
0.354 1.0794e+08 2.1589e+06
0.355 5.8912e+07 1.1782e+06
0.356 1.1338e+08 2.2676e+06
0.357 1.5124e+08 3.0248e+06
0.358 8.5856e+07 1.7171e+06
0.359 7.9752e+07 1.595e+06
0.36 6.8847e+07 1.3769e+06
0.361 1.3437e+08 2.6874e+06
0.362 9.2164e+07 1.8433e+06
0.363 7.7269e+07 1.5454e+06
0.364 1.1691e+08 2.3383e+06
0.365 9.8201e+07 1.964e+06
0.366 9.7877e+07 1.9575e+06
0.367 1.1987e+08 2.3975e+06
0.368 1.0327e+08 2.0655e+06
0.369 8.9753e+07 1.7951e+06
0.37 9.7593e+07 1.9519e+06
0.371 7.3913e+07 1.4783e+06
0.372 7.353e+07 1.4706e+06
0.373 1.1391e+08 2.2783e+06
0.374 1.1711e+08 2.3422e+06
0.375 5.9579e+07 1.1916e+06
0.376 1.1244e+08 2.2488e+06
0.377 1.0456e+08 2.0913e+06
0.378 1.0438e+08 2.0876e+06
0.379 1.1512e+08 2.3024e+06
0.38 1.2138e+08 2.4275e+06
0.381 7.4709e+07 1.4942e+06
0.382 1.0432e+08 2.0864e+06
0.383 1.1957e+08 2.3914e+06
0.384 1.4126e+08 2.8251e+06
0.385 1.2306e+08 2.4613e+06
0.386 7.804e+07 1.5608e+06
0.387 1.0634e+08 2.1268e+06
0.388 8.2218e+07 1.6444e+06
0.389 8.5512e+07 1.7102e+06
0.39 1.2091e+08 2.4182e+06
0.391 1.1644e+08 2.3288e+06
0.392 6.4451e+07 1.289e+06
0.393 1.0974e+08 2.1949e+06
0.394 7.9076e+07 1.5815e+06
0.395 9.9608e+07 1.9922e+06
0.396 1.0638e+08 2.1276e+06
0.397 9.9645e+07 1.9929e+06
0.398 1.0979e+08 2.1958e+06
0.399 6.2e+07 1.24e+06
0.4 7.2612e+07 1.4522e+06
0.401 1.1188e+08 2.2375e+06
0.402 1.0963e+08 2.1926e+06
0.403 9.1972e+07 1.8394e+06
0.404 9.6975e+07 1.9395e+06
0.405 8.1488e+07 1.6298e+06
0.406 9.1907e+07 1.8381e+06
0.407 1.1962e+08 2.3923e+06
0.408 1.428e+08 2.8561e+06
0.409 7.9798e+07 1.596e+06
0.41 1.1935e+08 2.387e+06
0.411 1.1304e+08 2.2607e+06
0.412 4.734e+07 9.4679e+05
0.413 5.0188e+07 1.0038e+06
0.414 1.1097e+08 2.2194e+06
0.415 5.8303e+07 1.1661e+06
0.416 9.3791e+07 1.8758e+06
0.417 1.2137e+08 2.4275e+06
0.418 1.0623e+08 2.1245e+06
0.419 1.2874e+08 2.5747e+06
0.42 1.1752e+08 2.3504e+06
0.421 7.1604e+07 1.4321e+06
0.422 6.0614e+07 1.2123e+06
0.423 8.322e+07 1.6644e+06
0.424 5.3031e+07 1.0606e+06
0.425 8.2911e+07 1.6582e+06
0.426 1.0161e+08 2.0321e+06
0.427 1.1274e+08 2.2548e+06
0.428 7.1526e+07 1.4305e+06
0.429 6.8346e+07 1.3669e+06
0.43 1.1527e+08 2.3054e+06
0.431 7.484e+07 1.4968e+06
0.432 1.1273e+08 2.2546e+06
0.433 7.1426e+07 1.4285e+06
0.434 5.8194e+07 1.1639e+06
0.435 9.5915e+07 1.9183e+06
0.436 9.1368e+07 1.8274e+06
0.437 1.3262e+08 2.6525e+06
0.438 9.2434e+07 1.8487e+06
0.439 7.1375e+07 1.4275e+06
0.44 7.5285e+07 1.5057e+06
0.441 4.1475e+07 8.295e+05
0.442 6.1824e+07 1.2365e+06
0.443 6.8235e+07 1.3647e+06
0.444 6.6468e+07 1.3294e+06
0.445 8.0136e+07 1.6027e+06
0.446 8.0841e+07 1.6168e+06
0.447 8.8774e+07 1.7755e+06
0.448 1.121e+08 2.2421e+06
0.449 8.7709e+07 1.7542e+06
0.45 8.254e+07 1.6508e+06
0.451 7.7001e+07 1.54e+06
0.452 5.9743e+07 1.1949e+06
0.453 7.8077e+07 1.5615e+06
0.454 7.8709e+07 1.5742e+06
0.455 9.6999e+07 1.94e+06
0.456 8.5401e+07 1.708e+06
0.457 6.3724e+07 1.2745e+06
0.458 6.8446e+07 1.3689e+06
0.459 6.0189e+07 1.2038e+06
0.46 8.823e+07 1.7646e+06
0.461 3.7675e+07 7.535e+05
0.462 9.8983e+07 1.9797e+06
0.463 1.0243e+08 2.0486e+06
0.464 1.0867e+08 2.1733e+06
0.465 1.3611e+08 2.7221e+06
0.466 1.0381e+08 2.0762e+06
0.467 7.1579e+07 1.4316e+06
0.468 1.188e+08 2.376e+06
0.469 9.0901e+07 1.818e+06
0.47 8.3308e+07 1.6662e+06
0.471 8.4212e+07 1.6842e+06
0.472 8.9655e+07 1.7931e+06
0.473 6.9555e+07 1.3911e+06
0.474 5.9281e+07 1.1856e+06
0.475 9.0406e+07 1.8081e+06
0.476 6.8199e+07 1.364e+06
0.477 1.1362e+08 2.2724e+06
0.478 6.6261e+07 1.3252e+06
0.479 8.8223e+07 1.7645e+06
0.48 1.1916e+08 2.3832e+06
0.481 9.6777e+07 1.9355e+06
0.482 6.0993e+07 1.2199e+06
0.483 4.3098e+07 8.6196e+05
0.484 8.7256e+07 1.7451e+06
0.485 8.2853e+07 1.6571e+06
0.486 7.8712e+07 1.5742e+06
0.487 1.1057e+08 2.2113e+06
0.488 8.6872e+07 1.7374e+06
0.489 8.4136e+07 1.6827e+06
0.49 7.0505e+07 1.4101e+06
0.491 9.7192e+07 1.9438e+06
0.492 7.1054e+07 1.4211e+06
0.493 9.797e+07 1.9594e+06
0.494 9.1841e+07 1.8368e+06
0.495 9.9047e+07 1.9809e+06
0.496 5.5224e+07 1.1045e+06
0.497 1.0037e+08 2.0075e+06
0.498 8.7757e+07 1.7551e+06
0.499 9.3945e+07 1.8789e+06
0.5 9.4069e+07 1.8814e+06
