0.001 3.8279e+10 7.6559e+08
0.002 3.8445e+10 7.689e+08
0.003 3.9469e+10 7.8938e+08
0.004 4.0195e+10 8.039e+08
0.005 3.9273e+10 7.8547e+08
0.006 3.903e+10 7.8059e+08
0.007 4.0216e+10 8.0432e+08
0.008 3.8772e+10 7.7545e+08
0.009 3.9639e+10 7.9278e+08
0.01 3.7904e+10 7.5808e+08
0.011 3.9182e+10 7.8364e+08
0.012 3.9291e+10 7.8583e+08
0.013 3.9601e+10 7.9203e+08
0.014 3.7807e+10 7.5615e+08
0.015 3.8084e+10 7.6168e+08
0.016 3.8697e+10 7.7393e+08
0.017 3.7998e+10 7.5995e+08
0.018 3.7868e+10 7.5736e+08
0.019 3.8142e+10 7.6284e+08
0.02 3.867e+10 7.734e+08
0.021 3.7353e+10 7.4706e+08
0.022 3.7351e+10 7.4702e+08
0.023 3.6526e+10 7.3051e+08
0.024 3.7164e+10 7.4328e+08
0.025 3.6325e+10 7.2649e+08
0.026 3.5877e+10 7.1753e+08
0.027 3.5876e+10 7.1751e+08
0.028 3.5722e+10 7.1445e+08
0.029 3.4911e+10 6.9823e+08
0.03 3.5157e+10 7.0314e+08
0.031 3.497e+10 6.994e+08
0.032 3.4682e+10 6.9364e+08
0.033 3.4513e+10 6.9026e+08
0.034 3.3491e+10 6.6982e+08
0.035 3.3395e+10 6.679e+08
0.036 3.2797e+10 6.5594e+08
0.037 3.2582e+10 6.5164e+08
0.038 3.3153e+10 6.6307e+08
0.039 3.2093e+10 6.4186e+08
0.04 3.2053e+10 6.4106e+08
0.041 3.0902e+10 6.1803e+08
0.042 3.0865e+10 6.173e+08
0.043 3.0561e+10 6.1122e+08
0.044 3.0113e+10 6.0226e+08
0.045 2.9905e+10 5.9809e+08
0.046 2.9453e+10 5.8906e+08
0.047 2.9794e+10 5.9588e+08
0.048 2.8546e+10 5.7092e+08
0.049 2.8098e+10 5.6196e+08
0.05 2.8149e+10 5.6298e+08
0.051 2.7847e+10 5.5693e+08
0.052 2.6887e+10 5.3773e+08
0.053 2.67e+10 5.3401e+08
0.054 2.6348e+10 5.2696e+08
0.055 2.6088e+10 5.2176e+08
0.056 2.5662e+10 5.1324e+08
0.057 2.5328e+10 5.0655e+08
0.058 2.4625e+10 4.925e+08
0.059 2.4355e+10 4.871e+08
0.06 2.3716e+10 4.7432e+08
0.061 2.3375e+10 4.6751e+08
0.062 2.3515e+10 4.7031e+08
0.063 2.2267e+10 4.4534e+08
0.064 2.2361e+10 4.4723e+08
0.065 2.1809e+10 4.3617e+08
0.066 2.151e+10 4.3019e+08
0.067 2.1387e+10 4.2774e+08
0.068 2.1088e+10 4.2175e+08
0.069 2.0013e+10 4.0026e+08
0.07 1.9872e+10 3.9744e+08
0.071 1.9813e+10 3.9627e+08
0.072 1.9172e+10 3.8344e+08
0.073 1.8361e+10 3.6723e+08
0.074 1.8271e+10 3.6542e+08
0.075 1.8141e+10 3.6283e+08
0.076 1.7421e+10 3.4842e+08
0.077 1.7071e+10 3.4141e+08
0.078 1.7192e+10 3.4385e+08
0.079 1.6603e+10 3.3206e+08
0.08 1.6199e+10 3.2398e+08
0.081 1.5763e+10 3.1527e+08
0.082 1.5459e+10 3.0918e+08
0.083 1.5093e+10 3.0187e+08
0.084 1.4726e+10 2.9451e+08
0.085 1.4234e+10 2.8468e+08
0.086 1.387e+10 2.774e+08
0.087 1.3725e+10 2.7451e+08
0.088 1.3315e+10 2.663e+08
0.089 1.2932e+10 2.5863e+08
0.09 1.2707e+10 2.5415e+08
0.091 1.231e+10 2.4621e+08
0.092 1.1947e+10 2.3895e+08
0.093 1.1663e+10 2.3327e+08
0.094 1.1312e+10 2.2624e+08
0.095 1.1077e+10 2.2154e+08
0.096 1.089e+10 2.178e+08
0.097 1.074e+10 2.1481e+08
0.098 1.0233e+10 2.0467e+08
0.099 9.7823e+09 1.9565e+08
0.1 9.7419e+09 1.9484e+08
0.101 9.1612e+09 1.8322e+08
0.102 9.1573e+09 1.8315e+08
0.103 8.9475e+09 1.7895e+08
0.104 8.4999e+09 1.7e+08
0.105 8.5683e+09 1.7137e+08
0.106 8.137e+09 1.6274e+08
0.107 7.9394e+09 1.5879e+08
0.108 7.6712e+09 1.5342e+08
0.109 7.5504e+09 1.5101e+08
0.11 7.2068e+09 1.4414e+08
0.111 6.9421e+09 1.3884e+08
0.112 6.7669e+09 1.3534e+08
0.113 6.4562e+09 1.2912e+08
0.114 6.3186e+09 1.2637e+08
0.115 6.144e+09 1.2288e+08
0.116 5.946e+09 1.1892e+08
0.117 5.7017e+09 1.1403e+08
0.118 5.5582e+09 1.1116e+08
0.119 5.2146e+09 1.0429e+08
0.12 5.2083e+09 1.0417e+08
0.121 4.9836e+09 9.9671e+07
0.122 4.881e+09 9.7621e+07
0.123 4.5269e+09 9.0538e+07
0.124 4.4847e+09 8.9695e+07
0.125 4.3732e+09 8.7465e+07
0.126 4.2373e+09 8.4747e+07
0.127 4.1417e+09 8.2834e+07
0.128 3.9772e+09 7.9545e+07
0.129 3.8102e+09 7.6205e+07
0.13 3.771e+09 7.542e+07
0.131 3.6469e+09 7.2937e+07
0.132 3.5189e+09 7.0378e+07
0.133 3.4482e+09 6.8964e+07
0.134 3.2004e+09 6.4009e+07
0.135 3.0758e+09 6.1517e+07
0.136 3.0254e+09 6.0508e+07
0.137 2.9828e+09 5.9655e+07
0.138 2.7195e+09 5.439e+07
0.139 2.8752e+09 5.7504e+07
0.14 2.7208e+09 5.4416e+07
0.141 2.5829e+09 5.1658e+07
0.142 2.6535e+09 5.307e+07
0.143 2.473e+09 4.9461e+07
0.144 2.4043e+09 4.8087e+07
0.145 2.0751e+09 4.1501e+07
0.146 2.1716e+09 4.3433e+07
0.147 1.9987e+09 3.9975e+07
0.148 1.9055e+09 3.811e+07
0.149 1.8911e+09 3.7821e+07
0.15 1.9067e+09 3.8133e+07
0.151 1.9046e+09 3.8092e+07
0.152 1.7729e+09 3.5457e+07
0.153 1.7851e+09 3.5701e+07
0.154 1.706e+09 3.4119e+07
0.155 1.6954e+09 3.3907e+07
0.156 1.5553e+09 3.1105e+07
0.157 1.488e+09 2.976e+07
0.158 1.5398e+09 3.0797e+07
0.159 1.4867e+09 2.9735e+07
0.16 1.4977e+09 2.9953e+07
0.161 1.5059e+09 3.0119e+07
0.162 1.3567e+09 2.7134e+07
0.163 1.2653e+09 2.5305e+07
0.164 1.2432e+09 2.4865e+07
0.165 1.312e+09 2.624e+07
0.166 1.1571e+09 2.3143e+07
0.167 1.1103e+09 2.2205e+07
0.168 1.1525e+09 2.305e+07
0.169 1.2616e+09 2.5232e+07
0.17 1.1291e+09 2.2582e+07
0.171 9.5169e+08 1.9034e+07
0.172 1.0824e+09 2.1647e+07
0.173 1.0537e+09 2.1074e+07
0.174 9.9672e+08 1.9934e+07
0.175 9.2061e+08 1.8412e+07
0.176 9.9384e+08 1.9877e+07
0.177 8.8416e+08 1.7683e+07
0.178 9.8492e+08 1.9698e+07
0.179 7.6192e+08 1.5238e+07
0.18 8.4223e+08 1.6845e+07
0.181 7.8075e+08 1.5615e+07
0.182 8.6442e+08 1.7288e+07
0.183 7.5991e+08 1.5198e+07
0.184 7.9492e+08 1.5898e+07
0.185 8.1895e+08 1.6379e+07
0.186 7.7568e+08 1.5514e+07
0.187 6.5762e+08 1.3152e+07
0.188 7.4186e+08 1.4837e+07
0.189 7.7722e+08 1.5544e+07
0.19 7.6328e+08 1.5266e+07
0.191 6.1778e+08 1.2356e+07
0.192 7.4776e+08 1.4955e+07
0.193 7.2148e+08 1.443e+07
0.194 7.1944e+08 1.4389e+07
0.195 5.7562e+08 1.1512e+07
0.196 5.9408e+08 1.1882e+07
0.197 6.6538e+08 1.3308e+07
0.198 6.4109e+08 1.2822e+07
0.199 6.5706e+08 1.3141e+07
0.2 5.9911e+08 1.1982e+07
0.201 5.8593e+08 1.1719e+07
0.202 6.6022e+08 1.3204e+07
0.203 4.8257e+08 9.6513e+06
0.204 6.1082e+08 1.2216e+07
0.205 5.095e+08 1.019e+07
0.206 6.1343e+08 1.2269e+07
0.207 4.9783e+08 9.9565e+06
0.208 6.1452e+08 1.229e+07
0.209 4.7094e+08 9.4188e+06
0.21 5.4901e+08 1.098e+07
0.211 4.6712e+08 9.3425e+06
0.212 4.4376e+08 8.8753e+06
0.213 4.8231e+08 9.6463e+06
0.214 3.7203e+08 7.4405e+06
0.215 4.7496e+08 9.4992e+06
0.216 5.4505e+08 1.0901e+07
0.217 4.3075e+08 8.6149e+06
0.218 5.2027e+08 1.0405e+07
0.219 5.2143e+08 1.0429e+07
0.22 4.4777e+08 8.9554e+06
0.221 5.0288e+08 1.0058e+07
0.222 4.0808e+08 8.1617e+06
0.223 3.962e+08 7.924e+06
0.224 5.2137e+08 1.0427e+07
0.225 4.5102e+08 9.0205e+06
0.226 4.4974e+08 8.9948e+06
0.227 4.0867e+08 8.1735e+06
0.228 3.5927e+08 7.1855e+06
0.229 3.8942e+08 7.7884e+06
0.23 4.1546e+08 8.3092e+06
0.231 3.9699e+08 7.9398e+06
0.232 3.6967e+08 7.3934e+06
0.233 4.0245e+08 8.049e+06
0.234 4.1405e+08 8.281e+06
0.235 3.1571e+08 6.3142e+06
0.236 3.7654e+08 7.5308e+06
0.237 4.1999e+08 8.3997e+06
0.238 3.4061e+08 6.8121e+06
0.239 3.6523e+08 7.3047e+06
0.24 2.5989e+08 5.1979e+06
0.241 3.6446e+08 7.2892e+06
0.242 4.1848e+08 8.3696e+06
0.243 3.4691e+08 6.9382e+06
0.244 3.3677e+08 6.7354e+06
0.245 3.7413e+08 7.4825e+06
0.246 4.2271e+08 8.4542e+06
0.247 2.0497e+08 4.0994e+06
0.248 2.9454e+08 5.8909e+06
0.249 3.0993e+08 6.1987e+06
0.25 2.9821e+08 5.9641e+06
0.251 2.7014e+08 5.4028e+06
0.252 2.8265e+08 5.6531e+06
0.253 2.6625e+08 5.3249e+06
0.254 3.5496e+08 7.0992e+06
0.255 2.1726e+08 4.3453e+06
0.256 2.3842e+08 4.7685e+06
0.257 2.3886e+08 4.7773e+06
0.258 1.7133e+08 3.4267e+06
0.259 2.3138e+08 4.6275e+06
0.26 1.8388e+08 3.6775e+06
0.261 3.1864e+08 6.3728e+06
0.262 2.8787e+08 5.7574e+06
0.263 2.4196e+08 4.8393e+06
0.264 3.0432e+08 6.0863e+06
0.265 1.7457e+08 3.4915e+06
0.266 2.1395e+08 4.279e+06
0.267 2.3779e+08 4.7557e+06
0.268 2.9855e+08 5.9709e+06
0.269 3.0681e+08 6.1363e+06
0.27 1.974e+08 3.9479e+06
0.271 2.7737e+08 5.5474e+06
0.272 3.1442e+08 6.2884e+06
0.273 1.9328e+08 3.8657e+06
0.274 1.8204e+08 3.6407e+06
0.275 2.1935e+08 4.3869e+06
0.276 2.8087e+08 5.6174e+06
0.277 3.089e+08 6.1781e+06
0.278 2.266e+08 4.532e+06
0.279 2.2265e+08 4.453e+06
0.28 2.8234e+08 5.6467e+06
0.281 2.6458e+08 5.2916e+06
0.282 2.3697e+08 4.7394e+06
0.283 2.4639e+08 4.9278e+06
0.284 2.163e+08 4.3261e+06
0.285 2.6759e+08 5.3519e+06
0.286 1.8043e+08 3.6086e+06
0.287 2.2873e+08 4.5746e+06
0.288 1.9628e+08 3.9256e+06
0.289 2.483e+08 4.966e+06
0.29 1.9976e+08 3.9951e+06
0.291 2.7633e+08 5.5266e+06
0.292 2.225e+08 4.45e+06
0.293 1.4544e+08 2.9088e+06
0.294 2.5102e+08 5.0203e+06
0.295 3.2869e+08 6.5738e+06
0.296 1.8881e+08 3.7763e+06
0.297 1.3479e+08 2.6958e+06
0.298 2.394e+08 4.788e+06
0.299 1.7608e+08 3.5216e+06
0.3 2.9275e+08 5.8549e+06
0.301 1.9956e+08 3.9913e+06
0.302 2.6811e+08 5.3623e+06
0.303 2.4255e+08 4.8511e+06
0.304 1.7558e+08 3.5116e+06
0.305 1.4044e+08 2.8087e+06
0.306 1.8722e+08 3.7444e+06
0.307 2.4487e+08 4.8975e+06
0.308 1.5821e+08 3.1642e+06
0.309 2.044e+08 4.088e+06
0.31 1.4113e+08 2.8225e+06
0.311 2.082e+08 4.1639e+06
0.312 1.5769e+08 3.1537e+06
0.313 2.0928e+08 4.1857e+06
0.314 2.5568e+08 5.1137e+06
0.315 1.7307e+08 3.4615e+06
0.316 2.486e+08 4.972e+06
0.317 2.3378e+08 4.6756e+06
0.318 1.8781e+08 3.7561e+06
0.319 2.1119e+08 4.2238e+06
0.32 1.7147e+08 3.4294e+06
0.321 1.4448e+08 2.8896e+06
0.322 2.1105e+08 4.221e+06
0.323 2.5729e+08 5.1458e+06
0.324 1.7549e+08 3.5097e+06
0.325 1.8637e+08 3.7274e+06
0.326 1.8847e+08 3.7694e+06
0.327 1.7244e+08 3.4489e+06
0.328 1.4772e+08 2.9543e+06
0.329 2.0954e+08 4.1907e+06
0.33 1.9537e+08 3.9073e+06
0.331 1.9093e+08 3.8185e+06
0.332 2.2144e+08 4.4289e+06
0.333 2.1332e+08 4.2665e+06
0.334 1.7331e+08 3.4663e+06
0.335 1.6808e+08 3.3617e+06
0.336 1.6863e+08 3.3725e+06
0.337 2.1833e+08 4.3667e+06
0.338 1.4747e+08 2.9494e+06
0.339 1.6394e+08 3.2789e+06
0.34 1.7305e+08 3.4611e+06
0.341 1.779e+08 3.5579e+06
0.342 2.1627e+08 4.3255e+06
0.343 1.7327e+08 3.4655e+06
0.344 1.3991e+08 2.7982e+06
0.345 2.1168e+08 4.2335e+06
0.346 1.1102e+08 2.2204e+06
0.347 1.2412e+08 2.4824e+06
0.348 1.3649e+08 2.7298e+06
0.349 1.8884e+08 3.7768e+06
0.35 1.4872e+08 2.9744e+06
0.351 1.916e+08 3.832e+06
0.352 1.5942e+08 3.1883e+06
0.353 1.6496e+08 3.2993e+06
0.354 7.7155e+07 1.5431e+06
0.355 1.8149e+08 3.6299e+06
0.356 2.0789e+08 4.1579e+06
0.357 1.2798e+08 2.5596e+06
0.358 1.4407e+08 2.8813e+06
0.359 1.3755e+08 2.7509e+06
0.36 1.0578e+08 2.1156e+06
0.361 1.9888e+08 3.9777e+06
0.362 1.9639e+08 3.9278e+06
0.363 1.6825e+08 3.3651e+06
0.364 1.4131e+08 2.8261e+06
0.365 1.6728e+08 3.3456e+06
0.366 2.0617e+08 4.1235e+06
0.367 1.9427e+08 3.8853e+06
0.368 1.3146e+08 2.6293e+06
0.369 1.7744e+08 3.5488e+06
0.37 1.5057e+08 3.0113e+06
0.371 1.1854e+08 2.3709e+06
0.372 1.9896e+08 3.9792e+06
0.373 2.0376e+08 4.0751e+06
0.374 1.0495e+08 2.099e+06
0.375 1.8171e+08 3.6342e+06
0.376 1.5744e+08 3.1488e+06
0.377 1.2813e+08 2.5626e+06
0.378 7.9644e+07 1.5929e+06
0.379 1.4716e+08 2.9432e+06
0.38 2.0998e+08 4.1996e+06
0.381 1.4024e+08 2.8047e+06
0.382 1.7917e+08 3.5834e+06
0.383 2.0225e+08 4.045e+06
0.384 1.6133e+08 3.2266e+06
0.385 1.245e+08 2.4899e+06
0.386 2.6854e+08 5.3707e+06
0.387 1.6624e+08 3.3248e+06
0.388 1.4028e+08 2.8056e+06
0.389 1.1366e+08 2.2732e+06
0.39 1.5757e+08 3.1515e+06
0.391 1.7534e+08 3.5069e+06
0.392 1.6458e+08 3.2915e+06
0.393 1.1867e+08 2.3734e+06
0.394 2.1126e+08 4.2253e+06
0.395 1.9594e+08 3.9188e+06
0.396 9.1323e+07 1.8265e+06
0.397 2.1426e+08 4.2852e+06
0.398 1.3711e+08 2.7422e+06
0.399 1.478e+08 2.956e+06
0.4 1.7011e+08 3.4022e+06
0.401 1.8788e+08 3.7576e+06
0.402 1.6539e+08 3.3077e+06
0.403 1.6311e+08 3.2623e+06
0.404 1.9208e+08 3.8417e+06
0.405 1.3245e+08 2.649e+06
0.406 2.04e+08 4.0799e+06
0.407 1.4805e+08 2.961e+06
0.408 1.3986e+08 2.7971e+06
0.409 8.5795e+07 1.7159e+06
0.41 1.5025e+08 3.005e+06
0.411 1.7272e+08 3.4544e+06
0.412 1.2985e+08 2.597e+06
0.413 1.2187e+08 2.4374e+06
0.414 1.8568e+08 3.7136e+06
0.415 1.746e+08 3.4919e+06
0.416 1.4521e+08 2.9043e+06
0.417 1.9455e+08 3.8911e+06
0.418 1.0584e+08 2.1168e+06
0.419 1.6756e+08 3.3512e+06
0.42 2.3426e+08 4.6853e+06
0.421 1.7149e+08 3.4297e+06
0.422 8.7322e+07 1.7464e+06
0.423 1.7181e+08 3.4362e+06
0.424 2.2439e+08 4.4877e+06
0.425 2.0565e+08 4.1131e+06
0.426 1.6603e+08 3.3205e+06
0.427 2.1096e+08 4.2192e+06
0.428 8.8109e+07 1.7622e+06
0.429 1.717e+08 3.434e+06
0.43 2.1716e+08 4.3431e+06
0.431 1.7318e+08 3.4636e+06
0.432 1.1294e+08 2.2588e+06
0.433 1.936e+08 3.8719e+06
0.434 8.8329e+07 1.7666e+06
0.435 1.4963e+08 2.9926e+06
0.436 2.5941e+08 5.1883e+06
0.437 1.3227e+08 2.6454e+06
0.438 1.7577e+08 3.5154e+06
0.439 1.7756e+08 3.5512e+06
0.44 2.1874e+08 4.3748e+06
0.441 1.3996e+08 2.7992e+06
0.442 1.0484e+08 2.0967e+06
0.443 9.9824e+07 1.9965e+06
0.444 1.843e+08 3.6859e+06
0.445 1.6235e+08 3.2471e+06
0.446 1.5394e+08 3.0788e+06
0.447 1.3238e+08 2.6477e+06
0.448 1.2486e+08 2.4972e+06
0.449 1.2256e+08 2.4512e+06
0.45 1.571e+08 3.1421e+06
0.451 1.7979e+08 3.5957e+06
0.452 1.1658e+08 2.3316e+06
0.453 1.854e+08 3.708e+06
0.454 1.6154e+08 3.2307e+06
0.455 9.1937e+07 1.8387e+06
0.456 1.4697e+08 2.9393e+06
0.457 9.9131e+07 1.9826e+06
0.458 6.9563e+07 1.3913e+06
0.459 1.2891e+08 2.5783e+06
0.46 1.2673e+08 2.5347e+06
0.461 1.259e+08 2.5179e+06
0.462 1.643e+08 3.2859e+06
0.463 1.4773e+08 2.9546e+06
0.464 1.6566e+08 3.3132e+06
0.465 1.755e+08 3.5101e+06
0.466 1.3898e+08 2.7796e+06
0.467 1.497e+08 2.994e+06
0.468 1.519e+08 3.038e+06
0.469 2.1081e+08 4.2163e+06
0.47 1.2374e+08 2.4748e+06
0.471 1.3326e+08 2.6651e+06
0.472 1.3679e+08 2.7358e+06
0.473 1.3701e+08 2.7403e+06
0.474 1.3773e+08 2.7547e+06
0.475 1.6887e+08 3.3774e+06
0.476 1.8033e+08 3.6065e+06
0.477 9.9999e+07 2e+06
0.478 1.0875e+08 2.175e+06
0.479 1.4077e+08 2.8154e+06
0.48 1.2388e+08 2.4777e+06
0.481 1.5986e+08 3.1972e+06
0.482 1.3149e+08 2.6298e+06
0.483 8.5111e+07 1.7022e+06
0.484 1.9273e+08 3.8547e+06
0.485 8.3123e+07 1.6625e+06
0.486 1.0894e+08 2.1789e+06
0.487 1.4264e+08 2.8528e+06
0.488 1.5074e+08 3.0148e+06
0.489 1.4148e+08 2.8295e+06
0.49 1.2248e+08 2.4497e+06
0.491 1.4719e+08 2.9437e+06
0.492 1.7976e+08 3.5951e+06
0.493 1.9567e+08 3.9133e+06
0.494 1.4423e+08 2.8846e+06
0.495 1.4943e+08 2.9886e+06
0.496 1.699e+08 3.398e+06
0.497 1.6138e+08 3.2276e+06
0.498 1.3066e+08 2.6133e+06
0.499 1.3171e+08 2.6342e+06
0.5 1.3018e+08 2.6036e+06
