0.001 3.8922e+10 7.7843e+08
0.002 4.3821e+10 8.7642e+08
0.003 4.2368e+10 8.4737e+08
0.004 4.2661e+10 8.5322e+08
0.005 4.2797e+10 8.5595e+08
0.006 4.59e+10 9.1799e+08
0.007 4.3064e+10 8.6128e+08
0.008 4.2462e+10 8.4923e+08
0.009 4.2733e+10 8.5466e+08
0.01 4.2848e+10 8.5697e+08
0.011 4.2781e+10 8.5562e+08
0.012 4.281e+10 8.5621e+08
0.013 4.2698e+10 8.5396e+08
0.014 4.2593e+10 8.5187e+08
0.015 4.2432e+10 8.4864e+08
0.016 4.1264e+10 8.2529e+08
0.017 4.1598e+10 8.3195e+08
0.018 4.159e+10 8.3181e+08
0.019 4.1273e+10 8.2546e+08
0.02 4.1019e+10 8.2037e+08
0.021 4e+10 7.9999e+08
0.022 4.0194e+10 8.0388e+08
0.023 4.0073e+10 8.0146e+08
0.024 3.9312e+10 7.8623e+08
0.025 4.0044e+10 8.0088e+08
0.026 3.9199e+10 7.8398e+08
0.027 3.9666e+10 7.9333e+08
0.028 3.8549e+10 7.7098e+08
0.029 3.8531e+10 7.7062e+08
0.03 3.8107e+10 7.6213e+08
0.031 3.7954e+10 7.5908e+08
0.032 3.7852e+10 7.5703e+08
0.033 3.7916e+10 7.5833e+08
0.034 3.7051e+10 7.4101e+08
0.035 3.6367e+10 7.2735e+08
0.036 3.6042e+10 7.2083e+08
0.037 3.5497e+10 7.0994e+08
0.038 3.5462e+10 7.0925e+08
0.039 3.5272e+10 7.0544e+08
0.04 3.4815e+10 6.9631e+08
0.041 3.3611e+10 6.7222e+08
0.042 3.4644e+10 6.9287e+08
0.043 3.3914e+10 6.7828e+08
0.044 3.3738e+10 6.7475e+08
0.045 3.2715e+10 6.5431e+08
0.046 3.2371e+10 6.4743e+08
0.047 3.1935e+10 6.3869e+08
0.048 3.0875e+10 6.175e+08
0.049 3.1057e+10 6.2113e+08
0.05 3.06e+10 6.12e+08
0.051 3.0024e+10 6.0048e+08
0.052 2.9535e+10 5.9071e+08
0.053 2.96e+10 5.9201e+08
0.054 2.8763e+10 5.7526e+08
0.055 2.8926e+10 5.7852e+08
0.056 2.826e+10 5.652e+08
0.057 2.7733e+10 5.5466e+08
0.058 2.7245e+10 5.4489e+08
0.059 2.6684e+10 5.3368e+08
0.06 2.6253e+10 5.2506e+08
0.061 2.6141e+10 5.2282e+08
0.062 2.5597e+10 5.1195e+08
0.063 2.4822e+10 4.9643e+08
0.064 2.5174e+10 5.0348e+08
0.065 2.3766e+10 4.7533e+08
0.066 2.3377e+10 4.6753e+08
0.067 2.3451e+10 4.6902e+08
0.068 2.2734e+10 4.5468e+08
0.069 2.2449e+10 4.4899e+08
0.07 2.1875e+10 4.3749e+08
0.071 2.1166e+10 4.2332e+08
0.072 2.1003e+10 4.2006e+08
0.073 2.0727e+10 4.1455e+08
0.074 1.9943e+10 3.9885e+08
0.075 1.9726e+10 3.9451e+08
0.076 1.9189e+10 3.8379e+08
0.077 1.9079e+10 3.8158e+08
0.078 1.8754e+10 3.7508e+08
0.079 1.7957e+10 3.5913e+08
0.08 1.7847e+10 3.5694e+08
0.081 1.7347e+10 3.4693e+08
0.082 1.7173e+10 3.4345e+08
0.083 1.6632e+10 3.3264e+08
0.084 1.6171e+10 3.2341e+08
0.085 1.583e+10 3.166e+08
0.086 1.5351e+10 3.0702e+08
0.087 1.4841e+10 2.9682e+08
0.088 1.4751e+10 2.9502e+08
0.089 1.4406e+10 2.8811e+08
0.09 1.3926e+10 2.7852e+08
0.091 1.3536e+10 2.7073e+08
0.092 1.3175e+10 2.6349e+08
0.093 1.2725e+10 2.545e+08
0.094 1.2389e+10 2.4779e+08
0.095 1.2216e+10 2.4433e+08
0.096 1.193e+10 2.386e+08
0.097 1.1609e+10 2.3217e+08
0.098 1.1162e+10 2.2324e+08
0.099 1.0856e+10 2.1711e+08
0.1 1.0624e+10 2.1247e+08
0.101 1.0511e+10 2.1023e+08
0.102 1.0094e+10 2.0189e+08
0.103 9.7605e+09 1.9521e+08
0.104 9.5783e+09 1.9157e+08
0.105 9.2385e+09 1.8477e+08
0.106 8.72e+09 1.744e+08
0.107 8.6211e+09 1.7242e+08
0.108 8.172e+09 1.6344e+08
0.109 8.0066e+09 1.6013e+08
0.11 7.9462e+09 1.5892e+08
0.111 7.5269e+09 1.5054e+08
0.112 7.4597e+09 1.4919e+08
0.113 7.3942e+09 1.4788e+08
0.114 6.9385e+09 1.3877e+08
0.115 6.6853e+09 1.3371e+08
0.116 6.5682e+09 1.3136e+08
0.117 6.346e+09 1.2692e+08
0.118 6.2068e+09 1.2414e+08
0.119 6.0301e+09 1.206e+08
0.12 5.7103e+09 1.1421e+08
0.121 5.5115e+09 1.1023e+08
0.122 5.2207e+09 1.0441e+08
0.123 5.0963e+09 1.0193e+08
0.124 5.0862e+09 1.0172e+08
0.125 5.1857e+09 1.0371e+08
0.126 4.6901e+09 9.3802e+07
0.127 4.3954e+09 8.7908e+07
0.128 4.2671e+09 8.5341e+07
0.129 4.1581e+09 8.3162e+07
0.13 3.9379e+09 7.8758e+07
0.131 4.1094e+09 8.2188e+07
0.132 3.8094e+09 7.6187e+07
0.133 3.654e+09 7.3081e+07
0.134 3.6224e+09 7.2447e+07
0.135 3.4624e+09 6.9248e+07
0.136 3.2391e+09 6.4783e+07
0.137 3.1603e+09 6.3207e+07
0.138 3.1328e+09 6.2656e+07
0.139 3.0984e+09 6.1969e+07
0.14 2.9317e+09 5.8635e+07
0.141 2.6903e+09 5.3807e+07
0.142 2.5763e+09 5.1527e+07
0.143 2.6433e+09 5.2867e+07
0.144 2.52e+09 5.04e+07
0.145 2.3377e+09 4.6755e+07
0.146 2.3804e+09 4.7607e+07
0.147 2.1784e+09 4.3568e+07
0.148 2.2585e+09 4.5171e+07
0.149 2.2156e+09 4.4312e+07
0.15 2.0491e+09 4.0982e+07
0.151 2.0929e+09 4.1859e+07
0.152 2.0033e+09 4.0066e+07
0.153 1.9222e+09 3.8443e+07
0.154 1.8261e+09 3.6522e+07
0.155 1.7239e+09 3.4479e+07
0.156 1.8202e+09 3.6404e+07
0.157 1.6969e+09 3.3939e+07
0.158 1.5749e+09 3.1497e+07
0.159 1.543e+09 3.086e+07
0.16 1.5985e+09 3.1971e+07
0.161 1.5898e+09 3.1796e+07
0.162 1.4156e+09 2.8312e+07
0.163 1.2596e+09 2.5191e+07
0.164 1.3614e+09 2.7228e+07
0.165 1.3848e+09 2.7697e+07
0.166 1.2696e+09 2.5391e+07
0.167 1.2899e+09 2.5798e+07
0.168 1.1301e+09 2.2602e+07
0.169 1.1243e+09 2.2485e+07
0.17 1.2296e+09 2.4593e+07
0.171 1.2068e+09 2.4136e+07
0.172 1.1423e+09 2.2847e+07
0.173 1.1377e+09 2.2753e+07
0.174 1.0823e+09 2.1647e+07
0.175 1.0451e+09 2.0902e+07
0.176 1.0114e+09 2.0228e+07
0.177 9.936e+08 1.9872e+07
0.178 1.0068e+09 2.0135e+07
0.179 1.0179e+09 2.0357e+07
0.18 8.6675e+08 1.7335e+07
0.181 8.9401e+08 1.788e+07
0.182 9.5632e+08 1.9126e+07
0.183 9.3528e+08 1.8706e+07
0.184 8.7655e+08 1.7531e+07
0.185 8.9788e+08 1.7958e+07
0.186 8.6046e+08 1.7209e+07
0.187 8.1682e+08 1.6336e+07
0.188 8.5862e+08 1.7172e+07
0.189 7.7985e+08 1.5597e+07
0.19 5.5481e+08 1.1096e+07
0.191 7.5008e+08 1.5002e+07
0.192 6.8147e+08 1.3629e+07
0.193 8.333e+08 1.6666e+07
0.194 7.379e+08 1.4758e+07
0.195 6.4893e+08 1.2979e+07
0.196 7.5906e+08 1.5181e+07
0.197 7.1974e+08 1.4395e+07
0.198 7.3067e+08 1.4613e+07
0.199 6.9977e+08 1.3995e+07
0.2 7.4063e+08 1.4813e+07
0.201 5.7547e+08 1.1509e+07
0.202 6.1159e+08 1.2232e+07
0.203 6.1256e+08 1.2251e+07
0.204 6.3029e+08 1.2606e+07
0.205 6.3753e+08 1.2751e+07
0.206 6.6198e+08 1.324e+07
0.207 6.1911e+08 1.2382e+07
0.208 6.3557e+08 1.2711e+07
0.209 6.354e+08 1.2708e+07
0.21 4.6459e+08 9.2918e+06
0.211 6.2069e+08 1.2414e+07
0.212 5.3256e+08 1.0651e+07
0.213 5.7301e+08 1.146e+07
0.214 5.1185e+08 1.0237e+07
0.215 5.922e+08 1.1844e+07
0.216 5.3206e+08 1.0641e+07
0.217 6.3294e+08 1.2659e+07
0.218 5.6986e+08 1.1397e+07
0.219 5.9748e+08 1.195e+07
0.22 5.8664e+08 1.1733e+07
0.221 3.6062e+08 7.2124e+06
0.222 5.617e+08 1.1234e+07
0.223 5.1231e+08 1.0246e+07
0.224 4.6579e+08 9.3158e+06
0.225 4.06e+08 8.12e+06
0.226 5.2668e+08 1.0534e+07
0.227 3.5597e+08 7.1194e+06
0.228 5.0575e+08 1.0115e+07
0.229 4.0375e+08 8.075e+06
0.23 3.708e+08 7.416e+06
0.231 5.2732e+08 1.0546e+07
0.232 4.1996e+08 8.3992e+06
0.233 4.4024e+08 8.8047e+06
0.234 2.9962e+08 5.9923e+06
0.235 3.7784e+08 7.5568e+06
0.236 4.184e+08 8.368e+06
0.237 2.7725e+08 5.5451e+06
0.238 3.3581e+08 6.7163e+06
0.239 4.2976e+08 8.5952e+06
0.24 3.9358e+08 7.8717e+06
0.241 2.6883e+08 5.3766e+06
0.242 4.6114e+08 9.2227e+06
0.243 3.9107e+08 7.8215e+06
0.244 3.1716e+08 6.3431e+06
0.245 4.1612e+08 8.3223e+06
0.246 3.165e+08 6.33e+06
0.247 2.8397e+08 5.6793e+06
0.248 2.7968e+08 5.5937e+06
0.249 3.3519e+08 6.7038e+06
0.25 2.6854e+08 5.3708e+06
0.251 3.328e+08 6.6559e+06
0.252 3.229e+08 6.4579e+06
0.253 3.7263e+08 7.4526e+06
0.254 3.0131e+08 6.0263e+06
0.255 3.4712e+08 6.9423e+06
0.256 2.1031e+08 4.2062e+06
0.257 3.2612e+08 6.5224e+06
0.258 3.5546e+08 7.1092e+06
0.259 3.037e+08 6.0741e+06
0.26 2.9683e+08 5.9366e+06
0.261 2.8582e+08 5.7165e+06
0.262 2.7294e+08 5.4588e+06
0.263 2.8928e+08 5.7855e+06
0.264 2.9738e+08 5.9476e+06
0.265 2.4406e+08 4.8812e+06
0.266 2.5115e+08 5.023e+06
0.267 2.8729e+08 5.7457e+06
0.268 2.1868e+08 4.3736e+06
0.269 2.4747e+08 4.9494e+06
0.27 3.025e+08 6.0499e+06
0.271 3.3427e+08 6.6855e+06
0.272 2.9785e+08 5.957e+06
0.273 3.2119e+08 6.4239e+06
0.274 2.2895e+08 4.579e+06
0.275 2.596e+08 5.1919e+06
0.276 2.9662e+08 5.9324e+06
0.277 2.039e+08 4.078e+06
0.278 2.6262e+08 5.2524e+06
0.279 2.2452e+08 4.4903e+06
0.28 2.0128e+08 4.0256e+06
0.281 2.4176e+08 4.8351e+06
0.282 3.3114e+08 6.6228e+06
0.283 2.9228e+08 5.8455e+06
0.284 2.3862e+08 4.7724e+06
0.285 2.3746e+08 4.7492e+06
0.286 3.1718e+08 6.3435e+06
0.287 3.4227e+08 6.8454e+06
0.288 2.4126e+08 4.8252e+06
0.289 3.2825e+08 6.5651e+06
0.29 2.292e+08 4.584e+06
0.291 1.9469e+08 3.8938e+06
0.292 3.4942e+08 6.9883e+06
0.293 3.4572e+08 6.9144e+06
0.294 3.1485e+08 6.2971e+06
0.295 3.4668e+08 6.9336e+06
0.296 2.2272e+08 4.4543e+06
0.297 3.1891e+08 6.3782e+06
0.298 1.8847e+08 3.7694e+06
0.299 2.107e+08 4.2141e+06
0.3 3.5927e+08 7.1855e+06
0.301 2.8482e+08 5.6964e+06
0.302 2.5559e+08 5.1119e+06
0.303 2.5093e+08 5.0187e+06
0.304 2.2044e+08 4.4088e+06
0.305 1.6348e+08 3.2696e+06
0.306 1.4145e+08 2.829e+06
0.307 2.4764e+08 4.9529e+06
0.308 2.8216e+08 5.6431e+06
0.309 2.2221e+08 4.4442e+06
0.31 2.1887e+08 4.3773e+06
0.311 2.3215e+08 4.6431e+06
0.312 1.4979e+08 2.9958e+06
0.313 2.2906e+08 4.5813e+06
0.314 3.0352e+08 6.0704e+06
0.315 2.5299e+08 5.0598e+06
0.316 1.6798e+08 3.3597e+06
0.317 2.5103e+08 5.0205e+06
0.318 3.2796e+08 6.5591e+06
0.319 7.7111e+07 1.5422e+06
0.32 2.5612e+08 5.1225e+06
0.321 1.9697e+08 3.9394e+06
0.322 3.0796e+08 6.1592e+06
0.323 2.2771e+08 4.5542e+06
0.324 1.04e+08 2.0799e+06
0.325 1.611e+08 3.2219e+06
0.326 2.7594e+08 5.5187e+06
0.327 2.4063e+08 4.8126e+06
0.328 2.2168e+08 4.4336e+06
0.329 3.259e+08 6.518e+06
0.33 2.0328e+08 4.0657e+06
0.331 2.1162e+08 4.2323e+06
0.332 2.3451e+08 4.6902e+06
0.333 7.0817e+07 1.4163e+06
0.334 2.2967e+08 4.5933e+06
0.335 2.1063e+08 4.2126e+06
0.336 1.3757e+08 2.7513e+06
0.337 1.6952e+08 3.3905e+06
0.338 1.8832e+08 3.7663e+06
0.339 1.5037e+08 3.0073e+06
0.34 1.872e+08 3.7439e+06
0.341 1.2506e+08 2.5012e+06
0.342 1.9792e+08 3.9583e+06
0.343 3.0714e+08 6.1428e+06
0.344 7.9206e+07 1.5841e+06
0.345 1.1939e+08 2.3879e+06
0.346 2.2755e+08 4.5511e+06
0.347 1.7809e+08 3.5619e+06
0.348 1.4625e+08 2.9251e+06
0.349 2.3358e+08 4.6715e+06
0.35 1.4895e+08 2.9789e+06
0.351 2.3092e+08 4.6185e+06
0.352 2.4387e+08 4.8775e+06
0.353 1.9731e+08 3.9462e+06
0.354 2.1239e+08 4.2479e+06
0.355 1.2372e+08 2.4745e+06
0.356 1.7914e+08 3.5828e+06
0.357 1.8895e+08 3.7789e+06
0.358 1.6753e+08 3.3505e+06
0.359 1.8294e+08 3.6587e+06
0.36 2.6684e+08 5.3368e+06
0.361 2.1053e+08 4.2106e+06
0.362 2.5867e+08 5.1734e+06
0.363 2.3748e+08 4.7497e+06
0.364 1.8868e+08 3.7736e+06
0.365 1.5384e+08 3.0768e+06
0.366 1.6067e+08 3.2135e+06
0.367 2.2809e+08 4.5617e+06
0.368 2.3953e+08 4.7905e+06
0.369 2.3719e+08 4.7439e+06
0.37 1.4737e+08 2.9474e+06
0.371 2.3725e+08 4.7451e+06
0.372 1.6334e+08 3.2668e+06
0.373 1.5079e+08 3.0157e+06
0.374 2.4275e+08 4.855e+06
0.375 1.9948e+08 3.9896e+06
0.376 2.3623e+08 4.7246e+06
0.377 3.0285e+08 6.057e+06
0.378 1.4462e+08 2.8925e+06
0.379 2.0864e+08 4.1727e+06
0.38 1.8076e+08 3.6153e+06
0.381 2.0362e+08 4.0724e+06
0.382 2.1316e+08 4.2631e+06
0.383 1.1138e+08 2.2275e+06
0.384 2.3464e+08 4.6928e+06
0.385 1.0097e+08 2.0195e+06
0.386 1.203e+08 2.4059e+06
0.387 1.7793e+08 3.5586e+06
0.388 1.2346e+08 2.4692e+06
0.389 1.6337e+08 3.2674e+06
0.39 9.6423e+07 1.9285e+06
0.391 2.2151e+08 4.4302e+06
0.392 2.1968e+08 4.3935e+06
0.393 1.9677e+08 3.9353e+06
0.394 1.262e+08 2.5241e+06
0.395 1.7555e+08 3.511e+06
0.396 1.0466e+08 2.0932e+06
0.397 2.3012e+08 4.6023e+06
0.398 1.5439e+08 3.0879e+06
0.399 1.4322e+08 2.8644e+06
0.4 1.7357e+08 3.4713e+06
0.401 2.381e+08 4.762e+06
0.402 1.0942e+08 2.1885e+06
0.403 1.8064e+08 3.6128e+06
0.404 1.8143e+08 3.6286e+06
0.405 1.5186e+08 3.0372e+06
0.406 2.5399e+08 5.0798e+06
0.407 1.4636e+08 2.9272e+06
0.408 1.3885e+08 2.7769e+06
0.409 1.0887e+08 2.1773e+06
0.41 1.4035e+08 2.807e+06
0.411 1.5888e+08 3.1775e+06
0.412 1.3963e+08 2.7927e+06
0.413 1.9328e+08 3.8656e+06
0.414 1.5333e+08 3.0666e+06
0.415 1.6499e+08 3.2998e+06
0.416 1.1198e+08 2.2395e+06
0.417 1.3724e+08 2.7448e+06
0.418 2.1609e+08 4.3218e+06
0.419 1.8563e+08 3.7127e+06
0.42 1.6062e+08 3.2124e+06
0.421 1.4875e+08 2.975e+06
0.422 2.1036e+08 4.2073e+06
0.423 1.6558e+08 3.3116e+06
0.424 1.0205e+08 2.0411e+06
0.425 1.2921e+08 2.5842e+06
0.426 2.1378e+08 4.2756e+06
0.427 1.8088e+08 3.6176e+06
0.428 1.7204e+08 3.4408e+06
0.429 1.8762e+08 3.7523e+06
0.43 1.61e+08 3.2201e+06
0.431 1.5586e+08 3.1171e+06
0.432 1.4628e+08 2.9256e+06
0.433 1.3931e+08 2.7861e+06
0.434 1.2649e+08 2.5297e+06
0.435 1.4693e+08 2.9387e+06
0.436 1.7946e+08 3.5893e+06
0.437 1.4681e+08 2.9361e+06
0.438 1.0857e+08 2.1714e+06
0.439 1.8166e+08 3.6332e+06
0.44 1.2591e+08 2.5182e+06
0.441 2.2884e+08 4.5768e+06
0.442 1.8265e+08 3.6529e+06
0.443 2.1222e+08 4.2443e+06
0.444 1.6924e+08 3.3848e+06
0.445 1.5591e+08 3.1182e+06
0.446 1.4585e+08 2.917e+06
0.447 2.1846e+08 4.3692e+06
0.448 1.4085e+08 2.8169e+06
0.449 1.8936e+08 3.7872e+06
0.45 1.5078e+08 3.0155e+06
0.451 2.2264e+08 4.4527e+06
0.452 1.4392e+08 2.8784e+06
0.453 1.6126e+08 3.2251e+06
0.454 1.6749e+08 3.3497e+06
0.455 1.9742e+08 3.9483e+06
0.456 1.5733e+08 3.1466e+06
0.457 1.11e+08 2.2199e+06
0.458 1.7381e+08 3.4762e+06
0.459 1.4666e+08 2.9333e+06
0.46 9.8815e+07 1.9763e+06
0.461 1.8079e+08 3.6158e+06
0.462 1.3454e+08 2.6907e+06
0.463 1.1807e+08 2.3613e+06
0.464 1.7716e+08 3.5431e+06
0.465 1.1791e+08 2.3583e+06
0.466 1.0632e+08 2.1265e+06
0.467 1.4284e+08 2.8569e+06
0.468 1.3582e+08 2.7165e+06
0.469 1.3408e+08 2.6816e+06
0.47 1.42e+08 2.84e+06
0.471 1.4247e+08 2.8494e+06
0.472 1.7203e+08 3.4405e+06
0.473 2.0881e+08 4.1762e+06
0.474 6.7321e+07 1.3464e+06
0.475 1.1691e+08 2.3382e+06
0.476 9.3624e+07 1.8725e+06
0.477 1.8875e+08 3.775e+06
0.478 1.3539e+08 2.7078e+06
0.479 1.2692e+08 2.5385e+06
0.48 1.4626e+08 2.9253e+06
0.481 1.4796e+08 2.9591e+06
0.482 1.9251e+08 3.8501e+06
0.483 1.4851e+08 2.9702e+06
0.484 1.3975e+08 2.7951e+06
0.485 1.4415e+08 2.883e+06
0.486 1.5097e+08 3.0194e+06
0.487 1.4565e+08 2.9131e+06
0.488 2.0852e+08 4.1704e+06
0.489 1.0983e+08 2.1967e+06
0.49 1.1404e+08 2.2809e+06
0.491 1.3152e+08 2.6304e+06
0.492 1.3256e+08 2.6511e+06
0.493 1.8902e+08 3.7804e+06
0.494 1.7035e+08 3.407e+06
0.495 1.318e+08 2.6359e+06
0.496 1.0626e+08 2.1252e+06
0.497 1.195e+08 2.39e+06
0.498 1.1435e+08 2.2871e+06
0.499 1.5248e+08 3.0497e+06
0.5 1.7819e+08 3.5637e+06
