0.001 2.0132e+10 4.0265e+08
0.002 1.9961e+10 3.9921e+08
0.003 1.897e+10 3.794e+08
0.004 1.8262e+10 3.6524e+08
0.005 1.8471e+10 3.6942e+08
0.006 1.9411e+10 3.8823e+08
0.007 1.8822e+10 3.7644e+08
0.008 1.9259e+10 3.8517e+08
0.009 1.8622e+10 3.7244e+08
0.01 1.8777e+10 3.7554e+08
0.011 1.8468e+10 3.6936e+08
0.012 1.852e+10 3.704e+08
0.013 1.8372e+10 3.6743e+08
0.014 1.8688e+10 3.7375e+08
0.015 1.8419e+10 3.6838e+08
0.016 1.7988e+10 3.5977e+08
0.017 1.8316e+10 3.6631e+08
0.018 1.7655e+10 3.5311e+08
0.019 1.7774e+10 3.5548e+08
0.02 1.7937e+10 3.5873e+08
0.021 1.7998e+10 3.5995e+08
0.022 1.7686e+10 3.5373e+08
0.023 1.7474e+10 3.4947e+08
0.024 1.726e+10 3.4519e+08
0.025 1.7418e+10 3.4835e+08
0.026 1.7095e+10 3.419e+08
0.027 1.7083e+10 3.4165e+08
0.028 1.6728e+10 3.3456e+08
0.029 1.6866e+10 3.3732e+08
0.03 1.6456e+10 3.2911e+08
0.031 1.6511e+10 3.3023e+08
0.032 1.6354e+10 3.2708e+08
0.033 1.6071e+10 3.2142e+08
0.034 1.607e+10 3.2141e+08
0.035 1.5736e+10 3.1471e+08
0.036 1.5582e+10 3.1164e+08
0.037 1.5471e+10 3.0942e+08
0.038 1.527e+10 3.0541e+08
0.039 1.5149e+10 3.0299e+08
0.04 1.4903e+10 2.9806e+08
0.041 1.4429e+10 2.8858e+08
0.042 1.4558e+10 2.9117e+08
0.043 1.4328e+10 2.8656e+08
0.044 1.4357e+10 2.8714e+08
0.045 1.3884e+10 2.7768e+08
0.046 1.3586e+10 2.7172e+08
0.047 1.3388e+10 2.6776e+08
0.048 1.3503e+10 2.7006e+08
0.049 1.3204e+10 2.6409e+08
0.05 1.2863e+10 2.5727e+08
0.051 1.2553e+10 2.5106e+08
0.052 1.2518e+10 2.5037e+08
0.053 1.2175e+10 2.435e+08
0.054 1.2205e+10 2.4409e+08
0.055 1.2014e+10 2.4028e+08
0.056 1.1591e+10 2.3181e+08
0.057 1.1461e+10 2.2923e+08
0.058 1.1309e+10 2.2618e+08
0.059 1.1216e+10 2.2432e+08
0.06 1.1004e+10 2.2009e+08
0.061 1.0719e+10 2.1438e+08
0.062 1.0325e+10 2.0651e+08
0.063 1.0268e+10 2.0537e+08
0.064 1.0059e+10 2.0119e+08
0.065 9.9048e+09 1.981e+08
0.066 9.7331e+09 1.9466e+08
0.067 9.5001e+09 1.9e+08
0.068 9.2062e+09 1.8412e+08
0.069 9.2046e+09 1.8409e+08
0.07 8.9162e+09 1.7832e+08
0.071 8.6576e+09 1.7315e+08
0.072 8.4537e+09 1.6907e+08
0.073 8.2497e+09 1.6499e+08
0.074 8.1606e+09 1.6321e+08
0.075 7.8312e+09 1.5662e+08
0.076 7.6726e+09 1.5345e+08
0.077 7.4949e+09 1.499e+08
0.078 7.1532e+09 1.4306e+08
0.079 7.1557e+09 1.4311e+08
0.08 6.9535e+09 1.3907e+08
0.081 6.8238e+09 1.3648e+08
0.082 6.6571e+09 1.3314e+08
0.083 6.5771e+09 1.3154e+08
0.084 6.3362e+09 1.2672e+08
0.085 6.1826e+09 1.2365e+08
0.086 6.0123e+09 1.2025e+08
0.087 5.9131e+09 1.1826e+08
0.088 5.734e+09 1.1468e+08
0.089 5.5612e+09 1.1122e+08
0.09 5.2847e+09 1.0569e+08
0.091 5.2445e+09 1.0489e+08
0.092 5.0629e+09 1.0126e+08
0.093 4.9486e+09 9.8973e+07
0.094 4.7276e+09 9.4552e+07
0.095 4.6536e+09 9.3072e+07
0.096 4.6152e+09 9.2304e+07
0.097 4.3915e+09 8.783e+07
0.098 4.25e+09 8.5e+07
0.099 4.1995e+09 8.399e+07
0.1 4.0217e+09 8.0433e+07
0.101 3.947e+09 7.894e+07
0.102 3.8158e+09 7.6316e+07
0.103 3.5404e+09 7.0808e+07
0.104 3.5884e+09 7.1767e+07
0.105 3.5286e+09 7.0571e+07
0.106 3.3389e+09 6.6777e+07
0.107 3.2418e+09 6.4837e+07
0.108 3.1519e+09 6.3039e+07
0.109 3.0275e+09 6.0549e+07
0.11 2.924e+09 5.848e+07
0.111 2.8864e+09 5.7728e+07
0.112 2.7336e+09 5.4672e+07
0.113 2.6733e+09 5.3465e+07
0.114 2.5712e+09 5.1423e+07
0.115 2.4177e+09 4.8353e+07
0.116 2.4372e+09 4.8743e+07
0.117 2.296e+09 4.5921e+07
0.118 2.3102e+09 4.6204e+07
0.119 2.1687e+09 4.3375e+07
0.12 2.0882e+09 4.1764e+07
0.121 2.0477e+09 4.0955e+07
0.122 1.9068e+09 3.8136e+07
0.123 1.8407e+09 3.6815e+07
0.124 1.896e+09 3.7919e+07
0.125 1.8264e+09 3.6528e+07
0.126 1.6571e+09 3.3142e+07
0.127 1.6359e+09 3.2718e+07
0.128 1.5429e+09 3.0858e+07
0.129 1.5277e+09 3.0553e+07
0.13 1.4707e+09 2.9413e+07
0.131 1.4108e+09 2.8217e+07
0.132 1.368e+09 2.736e+07
0.133 1.3256e+09 2.6513e+07
0.134 1.2683e+09 2.5366e+07
0.135 1.2919e+09 2.5838e+07
0.136 1.1606e+09 2.3213e+07
0.137 1.1083e+09 2.2166e+07
0.138 1.1651e+09 2.3303e+07
0.139 1.1009e+09 2.2017e+07
0.14 1.0065e+09 2.013e+07
0.141 9.9445e+08 1.9889e+07
0.142 9.3831e+08 1.8766e+07
0.143 8.9605e+08 1.7921e+07
0.144 9.0627e+08 1.8125e+07
0.145 8.1103e+08 1.6221e+07
0.146 8.2762e+08 1.6552e+07
0.147 8.0519e+08 1.6104e+07
0.148 7.8499e+08 1.57e+07
0.149 7.1537e+08 1.4307e+07
0.15 6.8994e+08 1.3799e+07
0.151 7.1867e+08 1.4373e+07
0.152 6.4698e+08 1.294e+07
0.153 6.7198e+08 1.344e+07
0.154 6.6383e+08 1.3277e+07
0.155 5.8893e+08 1.1779e+07
0.156 5.769e+08 1.1538e+07
0.157 5.6247e+08 1.1249e+07
0.158 5.6874e+08 1.1375e+07
0.159 5.4318e+08 1.0864e+07
0.16 4.9257e+08 9.8515e+06
0.161 4.8201e+08 9.6402e+06
0.162 5.0582e+08 1.0116e+07
0.163 4.2387e+08 8.4773e+06
0.164 4.3306e+08 8.6613e+06
0.165 4.2614e+08 8.5228e+06
0.166 3.8151e+08 7.6302e+06
0.167 4.4225e+08 8.845e+06
0.168 4.3205e+08 8.641e+06
0.169 3.9197e+08 7.8394e+06
0.17 3.7197e+08 7.4393e+06
0.171 3.6842e+08 7.3683e+06
0.172 3.8681e+08 7.7362e+06
0.173 3.7753e+08 7.5507e+06
0.174 3.494e+08 6.988e+06
0.175 3.534e+08 7.0681e+06
0.176 3.2119e+08 6.4238e+06
0.177 2.834e+08 5.668e+06
0.178 2.774e+08 5.5481e+06
0.179 2.6398e+08 5.2797e+06
0.18 2.7962e+08 5.5924e+06
0.181 2.7594e+08 5.5189e+06
0.182 2.7821e+08 5.5643e+06
0.183 2.6286e+08 5.2571e+06
0.184 2.5416e+08 5.0832e+06
0.185 2.5194e+08 5.0388e+06
0.186 2.4523e+08 4.9047e+06
0.187 2.6641e+08 5.3281e+06
0.188 2.1993e+08 4.3986e+06
0.189 2.4157e+08 4.8313e+06
0.19 1.7819e+08 3.5638e+06
0.191 2.4955e+08 4.991e+06
0.192 2.1406e+08 4.2812e+06
0.193 1.8334e+08 3.6667e+06
0.194 2.1867e+08 4.3735e+06
0.195 1.7877e+08 3.5754e+06
0.196 1.873e+08 3.746e+06
0.197 1.9104e+08 3.8208e+06
0.198 1.8305e+08 3.661e+06
0.199 1.6779e+08 3.3558e+06
0.2 2.067e+08 4.1339e+06
0.201 1.3133e+08 2.6265e+06
0.202 1.8544e+08 3.7089e+06
0.203 1.7173e+08 3.4346e+06
0.204 1.7244e+08 3.4488e+06
0.205 2.2691e+08 4.5382e+06
0.206 1.9252e+08 3.8503e+06
0.207 1.9313e+08 3.8627e+06
0.208 1.7746e+08 3.5491e+06
0.209 1.7185e+08 3.4371e+06
0.21 1.6315e+08 3.2631e+06
0.211 1.8693e+08 3.7386e+06
0.212 1.5071e+08 3.0142e+06
0.213 1.4919e+08 2.9838e+06
0.214 1.1022e+08 2.2043e+06
0.215 1.4377e+08 2.8754e+06
0.216 1.6147e+08 3.2294e+06
0.217 1.5752e+08 3.1504e+06
0.218 1.5292e+08 3.0583e+06
0.219 1.6472e+08 3.2944e+06
0.22 1.3544e+08 2.7087e+06
0.221 1.5249e+08 3.0498e+06
0.222 1.3325e+08 2.665e+06
0.223 1.2902e+08 2.5803e+06
0.224 1.4443e+08 2.8887e+06
0.225 1.3397e+08 2.6794e+06
0.226 1.3656e+08 2.7311e+06
0.227 1.1532e+08 2.3063e+06
0.228 1.5998e+08 3.1995e+06
0.229 1.6924e+08 3.3847e+06
0.23 1.1287e+08 2.2574e+06
0.231 1.42e+08 2.8399e+06
0.232 1.3322e+08 2.6645e+06
0.233 1.2971e+08 2.5942e+06
0.234 1.4454e+08 2.8908e+06
0.235 1.0857e+08 2.1713e+06
0.236 9.3308e+07 1.8662e+06
0.237 1.0936e+08 2.1871e+06
0.238 1.3632e+08 2.7263e+06
0.239 1.8353e+08 3.6707e+06
0.24 1.1271e+08 2.2543e+06
0.241 1.3116e+08 2.6233e+06
0.242 9.1004e+07 1.8201e+06
0.243 1.0138e+08 2.0277e+06
0.244 1.2126e+08 2.4252e+06
0.245 1.4099e+08 2.8197e+06
0.246 1.4686e+08 2.9373e+06
0.247 1.4635e+08 2.927e+06
0.248 1.0291e+08 2.0582e+06
0.249 6.6707e+07 1.3341e+06
0.25 1.1924e+08 2.3848e+06
0.251 8.0324e+07 1.6065e+06
0.252 1.3004e+08 2.6009e+06
0.253 9.8263e+07 1.9653e+06
0.254 1.0728e+08 2.1456e+06
0.255 9.2778e+07 1.8556e+06
0.256 9.7909e+07 1.9582e+06
0.257 1.2552e+08 2.5104e+06
0.258 7.8667e+07 1.5733e+06
0.259 8.1981e+07 1.6396e+06
0.26 9.3851e+07 1.877e+06
0.261 8.2704e+07 1.6541e+06
0.262 1.0149e+08 2.0297e+06
0.263 8.106e+07 1.6212e+06
0.264 9.2104e+07 1.8421e+06
0.265 9.2111e+07 1.8422e+06
0.266 1.1098e+08 2.2196e+06
0.267 1.0001e+08 2.0002e+06
0.268 1.1167e+08 2.2335e+06
0.269 1.0489e+08 2.0978e+06
0.27 1.2585e+08 2.517e+06
0.271 9.4241e+07 1.8848e+06
0.272 5.8205e+07 1.1641e+06
0.273 1.0629e+08 2.1258e+06
0.274 8.6837e+07 1.7367e+06
0.275 6.0469e+07 1.2094e+06
0.276 8.6584e+07 1.7317e+06
0.277 8.884e+07 1.7768e+06
0.278 1.3893e+08 2.7786e+06
0.279 9.139e+07 1.8278e+06
0.28 9.2777e+07 1.8555e+06
0.281 9.5755e+07 1.9151e+06
0.282 6.1947e+07 1.2389e+06
0.283 9.2251e+07 1.845e+06
0.284 8.9853e+07 1.7971e+06
0.285 8.6617e+07 1.7323e+06
0.286 1.0979e+08 2.1957e+06
0.287 4.8507e+07 9.7015e+05
0.288 9.3119e+07 1.8624e+06
0.289 7.2561e+07 1.4512e+06
0.29 7.7542e+07 1.5508e+06
0.291 8.0407e+07 1.6081e+06
0.292 5.65e+07 1.13e+06
0.293 7.094e+07 1.4188e+06
0.294 6.8724e+07 1.3745e+06
0.295 8.0658e+07 1.6132e+06
0.296 8.1643e+07 1.6329e+06
0.297 5.1482e+07 1.0296e+06
0.298 5.9835e+07 1.1967e+06
0.299 5.7692e+07 1.1538e+06
0.3 6.9478e+07 1.3896e+06
0.301 6.2823e+07 1.2565e+06
0.302 1.0849e+08 2.1699e+06
0.303 9.5327e+07 1.9065e+06
0.304 8.4223e+07 1.6845e+06
0.305 7.7819e+07 1.5564e+06
0.306 6.9983e+07 1.3997e+06
0.307 6.1312e+07 1.2262e+06
0.308 6.6804e+07 1.3361e+06
0.309 6.909e+07 1.3818e+06
0.31 7.271e+07 1.4542e+06
0.311 5.9087e+07 1.1817e+06
0.312 6.8782e+07 1.3756e+06
0.313 4.4821e+07 8.9641e+05
0.314 8.0998e+07 1.62e+06
0.315 8.7437e+07 1.7487e+06
0.316 2.432e+07 4.864e+05
0.317 3.8695e+07 7.7391e+05
0.318 5.8652e+07 1.173e+06
0.319 8.0077e+07 1.6015e+06
0.32 6.4095e+07 1.2819e+06
0.321 8.8047e+07 1.7609e+06
0.322 3.3469e+07 6.6937e+05
0.323 6.4352e+07 1.287e+06
0.324 6.5748e+07 1.315e+06
0.325 5.0599e+07 1.012e+06
0.326 7.4896e+07 1.4979e+06
0.327 6.6811e+07 1.3362e+06
0.328 5.6691e+07 1.1338e+06
0.329 8.2263e+07 1.6453e+06
0.33 5.3341e+07 1.0668e+06
0.331 8.1347e+07 1.6269e+06
0.332 7.4063e+07 1.4813e+06
0.333 6.3293e+07 1.2659e+06
0.334 7.528e+07 1.5056e+06
0.335 6.5772e+07 1.3154e+06
0.336 5.3245e+07 1.0649e+06
0.337 5.2245e+07 1.0449e+06
0.338 6.9941e+07 1.3988e+06
0.339 6.5456e+07 1.3091e+06
0.34 3.9975e+07 7.9949e+05
0.341 6.7829e+07 1.3566e+06
0.342 6.0805e+07 1.2161e+06
0.343 1.165e+07 2.33e+05
0.344 3.7282e+07 7.4564e+05
0.345 5.0861e+07 1.0172e+06
0.346 7.2274e+07 1.4455e+06
0.347 4.9929e+07 9.9858e+05
0.348 5.6948e+07 1.139e+06
0.349 6.3007e+07 1.2601e+06
0.35 4.8023e+07 9.6047e+05
0.351 4.1648e+07 8.3297e+05
0.352 8.0169e+07 1.6034e+06
0.353 7.1166e+07 1.4233e+06
0.354 7.1413e+07 1.4283e+06
0.355 9.4209e+07 1.8842e+06
0.356 8.2397e+07 1.6479e+06
0.357 5.0117e+07 1.0023e+06
0.358 2.244e+07 4.4881e+05
0.359 5.6342e+07 1.1268e+06
0.36 5.0594e+07 1.0119e+06
0.361 5.177e+07 1.0354e+06
0.362 4.882e+07 9.7639e+05
0.363 5.4804e+07 1.0961e+06
0.364 4.3831e+07 8.7662e+05
0.365 4.5648e+07 9.1296e+05
0.366 2.7303e+07 5.4605e+05
0.367 3.92e+07 7.8401e+05
0.368 7.2823e+07 1.4565e+06
0.369 3.596e+07 7.1919e+05
0.37 5.2817e+07 1.0563e+06
0.371 9.2669e+07 1.8534e+06
0.372 5.4883e+07 1.0977e+06
0.373 4.9485e+07 9.897e+05
0.374 5.8632e+07 1.1726e+06
0.375 4.3301e+07 8.6603e+05
0.376 5.9443e+07 1.1889e+06
0.377 7.5303e+07 1.5061e+06
0.378 5.5763e+07 1.1153e+06
0.379 5.4668e+07 1.0934e+06
0.38 5.3253e+07 1.0651e+06
0.381 4.4902e+07 8.9804e+05
0.382 6.613e+07 1.3226e+06
0.383 2.6706e+07 5.3411e+05
0.384 4.1539e+07 8.3078e+05
0.385 3.8195e+07 7.639e+05
0.386 6.8939e+07 1.3788e+06
0.387 3.6878e+07 7.3757e+05
0.388 5.4626e+07 1.0925e+06
0.389 6.2584e+07 1.2517e+06
0.39 5.0514e+07 1.0103e+06
0.391 6.5961e+07 1.3192e+06
0.392 4.4723e+07 8.9445e+05
0.393 5.2557e+07 1.0511e+06
0.394 4.5486e+07 9.0972e+05
0.395 6.1956e+07 1.2391e+06
0.396 6.1503e+07 1.2301e+06
0.397 7.2262e+07 1.4452e+06
0.398 3.4599e+07 6.9198e+05
0.399 6.7743e+07 1.3549e+06
0.4 4.8511e+07 9.7021e+05
0.401 5.5074e+07 1.1015e+06
0.402 3.3673e+07 6.7345e+05
0.403 4.7847e+07 9.5695e+05
0.404 5.6342e+07 1.1268e+06
0.405 5.4501e+07 1.09e+06
0.406 8.6449e+07 1.729e+06
0.407 5.375e+07 1.075e+06
0.408 4.8296e+07 9.6592e+05
0.409 4.4427e+07 8.8854e+05
0.41 4.4454e+07 8.8908e+05
0.411 3.3888e+07 6.7776e+05
0.412 6.1052e+07 1.221e+06
0.413 4.5958e+07 9.1915e+05
0.414 5.8637e+07 1.1727e+06
0.415 4.7697e+07 9.5394e+05
0.416 5.7014e+07 1.1403e+06
0.417 5.4485e+07 1.0897e+06
0.418 4.7583e+07 9.5165e+05
0.419 4.3844e+07 8.7687e+05
0.42 2.9059e+07 5.8119e+05
0.421 4.1908e+07 8.3816e+05
0.422 3.0346e+07 6.0692e+05
0.423 6.7138e+07 1.3428e+06
0.424 3.8225e+07 7.6451e+05
0.425 2.5553e+07 5.1106e+05
0.426 4.2069e+07 8.4139e+05
0.427 4.6233e+07 9.2465e+05
0.428 3.8671e+07 7.7342e+05
0.429 5.6424e+07 1.1285e+06
0.43 4.0137e+07 8.0274e+05
0.431 3.2704e+07 6.5408e+05
0.432 4.6047e+07 9.2095e+05
0.433 3.3586e+07 6.7173e+05
0.434 4.1027e+07 8.2053e+05
0.435 3.9504e+07 7.9008e+05
0.436 3.6911e+07 7.3822e+05
0.437 4.1575e+07 8.315e+05
0.438 5.8074e+07 1.1615e+06
0.439 3.8357e+07 7.6715e+05
0.44 5.6704e+07 1.1341e+06
0.441 5.5793e+07 1.1159e+06
0.442 4.3978e+07 8.7956e+05
0.443 5.5622e+07 1.1124e+06
0.444 5.9355e+07 1.1871e+06
0.445 4.2197e+07 8.4393e+05
0.446 5.1104e+07 1.0221e+06
0.447 6.3561e+07 1.2712e+06
0.448 5.7687e+07 1.1537e+06
0.449 2.8191e+07 5.6382e+05
0.45 1.9859e+07 3.9717e+05
0.451 5.1021e+07 1.0204e+06
0.452 5.1383e+07 1.0277e+06
0.453 3.9082e+07 7.8164e+05
0.454 5.1809e+07 1.0362e+06
0.455 3.0485e+07 6.097e+05
0.456 3.3976e+07 6.7951e+05
0.457 5.7811e+07 1.1562e+06
0.458 4.7196e+07 9.4393e+05
0.459 3.317e+07 6.634e+05
0.46 3.2533e+07 6.5067e+05
0.461 4.3779e+07 8.7559e+05
0.462 5.9876e+07 1.1975e+06
0.463 6.7393e+07 1.3479e+06
0.464 6.2798e+07 1.256e+06
0.465 6.8207e+07 1.3641e+06
0.466 2.4855e+07 4.971e+05
0.467 4.9081e+07 9.8163e+05
0.468 2.5861e+07 5.1721e+05
0.469 3.3067e+07 6.6135e+05
0.47 3.9123e+07 7.8246e+05
0.471 2.9487e+07 5.8974e+05
0.472 6.7021e+07 1.3404e+06
0.473 4.4509e+07 8.9018e+05
0.474 6.5223e+07 1.3045e+06
0.475 4.5545e+07 9.1089e+05
0.476 4.5565e+07 9.113e+05
0.477 5.2021e+07 1.0404e+06
0.478 5.2656e+07 1.0531e+06
0.479 4.8591e+07 9.7182e+05
0.48 7.5987e+07 1.5197e+06
0.481 5.2785e+07 1.0557e+06
0.482 7.8869e+06 1.5774e+05
0.483 6.0886e+07 1.2177e+06
0.484 4.5685e+07 9.137e+05
0.485 5.5264e+07 1.1053e+06
0.486 4.5936e+07 9.1872e+05
0.487 6.5104e+07 1.3021e+06
0.488 7.3953e+07 1.4791e+06
0.489 5.397e+07 1.0794e+06
0.49 5.6358e+07 1.1272e+06
0.491 5.4856e+07 1.0971e+06
0.492 2.9182e+07 5.8365e+05
0.493 6.0332e+07 1.2066e+06
0.494 5.452e+07 1.0904e+06
0.495 5.1239e+07 1.0248e+06
0.496 5.5839e+07 1.1168e+06
0.497 5.0672e+07 1.0134e+06
0.498 4.5336e+07 9.0672e+05
0.499 5.8168e+07 1.1634e+06
0.5 6.0865e+07 1.2173e+06
