0.001 1.8676e+10 3.7352e+08
0.002 1.8928e+10 3.7855e+08
0.003 1.7603e+10 3.5206e+08
0.004 1.8095e+10 3.6191e+08
0.005 1.8102e+10 3.6203e+08
0.006 1.7942e+10 3.5884e+08
0.007 1.8298e+10 3.6597e+08
0.008 1.853e+10 3.7061e+08
0.009 1.8045e+10 3.609e+08
0.01 1.8135e+10 3.6269e+08
0.011 1.8556e+10 3.7112e+08
0.012 1.7992e+10 3.5984e+08
0.013 1.7121e+10 3.4243e+08
0.014 1.7729e+10 3.5457e+08
0.015 1.7919e+10 3.5838e+08
0.016 1.76e+10 3.52e+08
0.017 1.755e+10 3.5099e+08
0.018 1.695e+10 3.3901e+08
0.019 1.7194e+10 3.4388e+08
0.02 1.709e+10 3.418e+08
0.021 1.699e+10 3.398e+08
0.022 1.6958e+10 3.3915e+08
0.023 1.6507e+10 3.3013e+08
0.024 1.6668e+10 3.3336e+08
0.025 1.6495e+10 3.299e+08
0.026 1.6507e+10 3.3014e+08
0.027 1.6151e+10 3.2302e+08
0.028 1.6072e+10 3.2145e+08
0.029 1.6019e+10 3.2037e+08
0.03 1.5956e+10 3.1912e+08
0.031 1.5785e+10 3.1569e+08
0.032 1.5416e+10 3.0832e+08
0.033 1.5398e+10 3.0796e+08
0.034 1.5166e+10 3.0332e+08
0.035 1.5038e+10 3.0076e+08
0.036 1.4784e+10 2.9568e+08
0.037 1.4841e+10 2.9682e+08
0.038 1.4614e+10 2.9228e+08
0.039 1.4402e+10 2.8804e+08
0.04 1.4428e+10 2.8856e+08
0.041 1.426e+10 2.8519e+08
0.042 1.4005e+10 2.801e+08
0.043 1.3778e+10 2.7555e+08
0.044 1.3495e+10 2.699e+08
0.045 1.3247e+10 2.6494e+08
0.046 1.3121e+10 2.6241e+08
0.047 1.2872e+10 2.5745e+08
0.048 1.2886e+10 2.5771e+08
0.049 1.2604e+10 2.5207e+08
0.05 1.2313e+10 2.4627e+08
0.051 1.2168e+10 2.4337e+08
0.052 1.1974e+10 2.3948e+08
0.053 1.167e+10 2.3339e+08
0.054 1.1465e+10 2.293e+08
0.055 1.135e+10 2.27e+08
0.056 1.1104e+10 2.2208e+08
0.057 1.0988e+10 2.1977e+08
0.058 1.0561e+10 2.1123e+08
0.059 1.0505e+10 2.101e+08
0.06 1.0319e+10 2.0638e+08
0.061 1.0287e+10 2.0575e+08
0.062 1.0052e+10 2.0104e+08
0.063 9.6848e+09 1.937e+08
0.064 9.5493e+09 1.9099e+08
0.065 9.5598e+09 1.912e+08
0.066 9.242e+09 1.8484e+08
0.067 9.0074e+09 1.8015e+08
0.068 8.79e+09 1.758e+08
0.069 8.5789e+09 1.7158e+08
0.07 8.5365e+09 1.7073e+08
0.071 8.1829e+09 1.6366e+08
0.072 8.1072e+09 1.6214e+08
0.073 7.8884e+09 1.5777e+08
0.074 7.6775e+09 1.5355e+08
0.075 7.436e+09 1.4872e+08
0.076 7.2732e+09 1.4546e+08
0.077 7.2518e+09 1.4504e+08
0.078 6.888e+09 1.3776e+08
0.079 6.8268e+09 1.3654e+08
0.08 6.6059e+09 1.3212e+08
0.081 6.5348e+09 1.307e+08
0.082 6.3037e+09 1.2607e+08
0.083 6.155e+09 1.231e+08
0.084 5.9289e+09 1.1858e+08
0.085 5.843e+09 1.1686e+08
0.086 5.7024e+09 1.1405e+08
0.087 5.5267e+09 1.1053e+08
0.088 5.3746e+09 1.0749e+08
0.089 5.2078e+09 1.0416e+08
0.09 5.1613e+09 1.0323e+08
0.091 4.8966e+09 9.7933e+07
0.092 4.7722e+09 9.5445e+07
0.093 4.6849e+09 9.3699e+07
0.094 4.4523e+09 8.9047e+07
0.095 4.4217e+09 8.8434e+07
0.096 4.3162e+09 8.6323e+07
0.097 4.2378e+09 8.4756e+07
0.098 4.0497e+09 8.0994e+07
0.099 3.8205e+09 7.641e+07
0.1 3.8727e+09 7.7453e+07
0.101 3.7488e+09 7.4976e+07
0.102 3.4879e+09 6.9757e+07
0.103 3.4572e+09 6.9145e+07
0.104 3.3002e+09 6.6004e+07
0.105 3.2493e+09 6.4985e+07
0.106 3.1429e+09 6.2859e+07
0.107 3.0317e+09 6.0635e+07
0.108 2.9926e+09 5.9852e+07
0.109 2.7651e+09 5.5302e+07
0.11 2.7217e+09 5.4434e+07
0.111 2.6964e+09 5.3928e+07
0.112 2.5735e+09 5.1471e+07
0.113 2.4837e+09 4.9673e+07
0.114 2.4608e+09 4.9215e+07
0.115 2.3491e+09 4.6983e+07
0.116 2.3097e+09 4.6193e+07
0.117 2.1617e+09 4.3234e+07
0.118 2.1496e+09 4.2993e+07
0.119 2.0715e+09 4.143e+07
0.12 1.8992e+09 3.7984e+07
0.121 1.8805e+09 3.761e+07
0.122 1.8222e+09 3.6445e+07
0.123 1.811e+09 3.6221e+07
0.124 1.6781e+09 3.3562e+07
0.125 1.701e+09 3.402e+07
0.126 1.5957e+09 3.1915e+07
0.127 1.5372e+09 3.0745e+07
0.128 1.4934e+09 2.9867e+07
0.129 1.4762e+09 2.9524e+07
0.13 1.3844e+09 2.7687e+07
0.131 1.3596e+09 2.7192e+07
0.132 1.2548e+09 2.5095e+07
0.133 1.2775e+09 2.555e+07
0.134 1.2108e+09 2.4216e+07
0.135 1.2017e+09 2.4034e+07
0.136 1.1696e+09 2.3392e+07
0.137 1.0999e+09 2.1998e+07
0.138 1.0563e+09 2.1126e+07
0.139 9.9428e+08 1.9886e+07
0.14 9.0271e+08 1.8054e+07
0.141 9.7216e+08 1.9443e+07
0.142 9.0439e+08 1.8088e+07
0.143 9.028e+08 1.8056e+07
0.144 8.0721e+08 1.6144e+07
0.145 8.3856e+08 1.6771e+07
0.146 7.7312e+08 1.5462e+07
0.147 7.4456e+08 1.4891e+07
0.148 6.9214e+08 1.3843e+07
0.149 6.9972e+08 1.3994e+07
0.15 6.8283e+08 1.3657e+07
0.151 6.4616e+08 1.2923e+07
0.152 5.6092e+08 1.1218e+07
0.153 6.1038e+08 1.2208e+07
0.154 5.8485e+08 1.1697e+07
0.155 5.8649e+08 1.173e+07
0.156 5.9273e+08 1.1855e+07
0.157 5.5515e+08 1.1103e+07
0.158 5.1757e+08 1.0351e+07
0.159 5.3742e+08 1.0748e+07
0.16 4.4565e+08 8.9131e+06
0.161 5.0842e+08 1.0168e+07
0.162 4.494e+08 8.988e+06
0.163 4.632e+08 9.264e+06
0.164 3.8711e+08 7.7421e+06
0.165 4.3254e+08 8.6509e+06
0.166 3.9113e+08 7.8225e+06
0.167 3.4987e+08 6.9973e+06
0.168 4.282e+08 8.5641e+06
0.169 3.8388e+08 7.6776e+06
0.17 3.7405e+08 7.481e+06
0.171 3.4843e+08 6.9686e+06
0.172 3.5898e+08 7.1797e+06
0.173 3.3577e+08 6.7154e+06
0.174 3.1187e+08 6.2373e+06
0.175 3.4746e+08 6.9492e+06
0.176 3.1438e+08 6.2876e+06
0.177 2.7332e+08 5.4665e+06
0.178 2.8571e+08 5.7141e+06
0.179 2.8506e+08 5.7011e+06
0.18 3.1393e+08 6.2785e+06
0.181 2.7188e+08 5.4376e+06
0.182 2.3686e+08 4.7373e+06
0.183 2.2624e+08 4.5248e+06
0.184 2.1535e+08 4.3071e+06
0.185 2.1642e+08 4.3285e+06
0.186 2.0814e+08 4.1629e+06
0.187 2.3384e+08 4.6769e+06
0.188 2.1697e+08 4.3394e+06
0.189 1.9946e+08 3.9892e+06
0.19 2.4487e+08 4.8974e+06
0.191 2.0464e+08 4.0929e+06
0.192 2.257e+08 4.5139e+06
0.193 2.1959e+08 4.3918e+06
0.194 2.2018e+08 4.4036e+06
0.195 1.7793e+08 3.5587e+06
0.196 2.209e+08 4.418e+06
0.197 1.5541e+08 3.1083e+06
0.198 2.2685e+08 4.537e+06
0.199 1.8665e+08 3.7331e+06
0.2 2.1045e+08 4.2091e+06
0.201 1.7128e+08 3.4256e+06
0.202 1.8138e+08 3.6276e+06
0.203 1.2769e+08 2.5538e+06
0.204 1.6377e+08 3.2754e+06
0.205 1.5377e+08 3.0754e+06
0.206 1.9873e+08 3.9747e+06
0.207 1.3313e+08 2.6625e+06
0.208 1.2124e+08 2.4248e+06
0.209 1.5438e+08 3.0875e+06
0.21 1.593e+08 3.1861e+06
0.211 1.258e+08 2.516e+06
0.212 1.3461e+08 2.6922e+06
0.213 1.6107e+08 3.2214e+06
0.214 1.4031e+08 2.8062e+06
0.215 1.4516e+08 2.9031e+06
0.216 1.8364e+08 3.6727e+06
0.217 1.287e+08 2.574e+06
0.218 1.5925e+08 3.1849e+06
0.219 1.6703e+08 3.3406e+06
0.22 1.2406e+08 2.4812e+06
0.221 1.6702e+08 3.3405e+06
0.222 1.4354e+08 2.8708e+06
0.223 1.3071e+08 2.6143e+06
0.224 1.6211e+08 3.2422e+06
0.225 1.2174e+08 2.4347e+06
0.226 1.1915e+08 2.3829e+06
0.227 1.2354e+08 2.4709e+06
0.228 1.0546e+08 2.1093e+06
0.229 1.0271e+08 2.0542e+06
0.23 1.3615e+08 2.723e+06
0.231 1.1455e+08 2.291e+06
0.232 1.0536e+08 2.1072e+06
0.233 1.3983e+08 2.7967e+06
0.234 1.4776e+08 2.9552e+06
0.235 1.2589e+08 2.5178e+06
0.236 1.4221e+08 2.8442e+06
0.237 1.0361e+08 2.0722e+06
0.238 9.9693e+07 1.9939e+06
0.239 6.9261e+07 1.3852e+06
0.24 8.4432e+07 1.6886e+06
0.241 1.2595e+08 2.5191e+06
0.242 1.0023e+08 2.0047e+06
0.243 9.3734e+07 1.8747e+06
0.244 1.0316e+08 2.0632e+06
0.245 9.0543e+07 1.8109e+06
0.246 1.0633e+08 2.1266e+06
0.247 8.986e+07 1.7972e+06
0.248 1.2865e+08 2.573e+06
0.249 9.4757e+07 1.8951e+06
0.25 1.0184e+08 2.0369e+06
0.251 1.1247e+08 2.2494e+06
0.252 1.0246e+08 2.0492e+06
0.253 1.0949e+08 2.1898e+06
0.254 1.1212e+08 2.2424e+06
0.255 8.0815e+07 1.6163e+06
0.256 9.297e+07 1.8594e+06
0.257 9.3319e+07 1.8664e+06
0.258 7.5802e+07 1.516e+06
0.259 9.694e+07 1.9388e+06
0.26 7.8998e+07 1.58e+06
0.261 1.2243e+08 2.4485e+06
0.262 1.274e+08 2.5479e+06
0.263 1.0133e+08 2.0266e+06
0.264 8.939e+07 1.7878e+06
0.265 1.0045e+08 2.009e+06
0.266 8.554e+07 1.7108e+06
0.267 5.7593e+07 1.1519e+06
0.268 1.0685e+08 2.137e+06
0.269 9.877e+07 1.9754e+06
0.27 8.0135e+07 1.6027e+06
0.271 9.5205e+07 1.9041e+06
0.272 9.9739e+07 1.9948e+06
0.273 1.0052e+08 2.0103e+06
0.274 9.2316e+07 1.8463e+06
0.275 8.3685e+07 1.6737e+06
0.276 7.4506e+07 1.4901e+06
0.277 1.0294e+08 2.0588e+06
0.278 7.4021e+07 1.4804e+06
0.279 8.3115e+07 1.6623e+06
0.28 5.8181e+07 1.1636e+06
0.281 9.053e+07 1.8106e+06
0.282 7.2908e+07 1.4582e+06
0.283 8.8125e+07 1.7625e+06
0.284 7.3073e+07 1.4615e+06
0.285 6.6736e+07 1.3347e+06
0.286 8.4052e+07 1.681e+06
0.287 1.2149e+08 2.4297e+06
0.288 8.6375e+07 1.7275e+06
0.289 6.1585e+07 1.2317e+06
0.29 7.756e+07 1.5512e+06
0.291 7.8865e+07 1.5773e+06
0.292 8.3798e+07 1.676e+06
0.293 8.9127e+07 1.7825e+06
0.294 6.874e+07 1.3748e+06
0.295 1.0105e+08 2.0211e+06
0.296 6.4421e+07 1.2884e+06
0.297 6.6701e+07 1.334e+06
0.298 5.0568e+07 1.0114e+06
0.299 2.2959e+07 4.5918e+05
0.3 4.743e+07 9.486e+05
0.301 5.979e+07 1.1958e+06
0.302 4.3531e+07 8.7063e+05
0.303 5.5397e+07 1.1079e+06
0.304 5.4094e+07 1.0819e+06
0.305 7.2322e+07 1.4464e+06
0.306 4.164e+07 8.3281e+05
0.307 6.4808e+07 1.2962e+06
0.308 5.9094e+07 1.1819e+06
0.309 5.1544e+07 1.0309e+06
0.31 6.7214e+07 1.3443e+06
0.311 5.2032e+07 1.0406e+06
0.312 6.593e+07 1.3186e+06
0.313 4.8861e+07 9.7723e+05
0.314 4.163e+07 8.3261e+05
0.315 7.8359e+07 1.5672e+06
0.316 5.7316e+07 1.1463e+06
0.317 4.3693e+07 8.7386e+05
0.318 6.3619e+07 1.2724e+06
0.319 7.3162e+07 1.4632e+06
0.32 8.5918e+07 1.7184e+06
0.321 6.5494e+07 1.3099e+06
0.322 2.9664e+07 5.9327e+05
0.323 4.2301e+07 8.4603e+05
0.324 6.1408e+07 1.2282e+06
0.325 3.1576e+07 6.3152e+05
0.326 5.5223e+07 1.1045e+06
0.327 4.705e+07 9.41e+05
0.328 7.9916e+07 1.5983e+06
0.329 2.5875e+07 5.175e+05
0.33 6.953e+07 1.3906e+06
0.331 4.6735e+07 9.3469e+05
0.332 3.8656e+07 7.7311e+05
0.333 6.7075e+07 1.3415e+06
0.334 5.2773e+07 1.0555e+06
0.335 8.7753e+07 1.7551e+06
0.336 4.039e+07 8.078e+05
0.337 5.2249e+07 1.045e+06
0.338 5.6021e+07 1.1204e+06
0.339 6.8214e+07 1.3643e+06
0.34 4.3968e+07 8.7935e+05
0.341 5.3378e+07 1.0676e+06
0.342 5.4214e+07 1.0843e+06
0.343 7.4731e+07 1.4946e+06
0.344 7.811e+07 1.5622e+06
0.345 6.5535e+07 1.3107e+06
0.346 4.5233e+07 9.0465e+05
0.347 4.5666e+07 9.1333e+05
0.348 5.2063e+07 1.0413e+06
0.349 7.9869e+07 1.5974e+06
0.35 5.8807e+07 1.1761e+06
0.351 4.9611e+07 9.9222e+05
0.352 3.2815e+07 6.563e+05
0.353 2.5135e+07 5.0269e+05
0.354 4.2227e+07 8.4454e+05
0.355 6.6608e+07 1.3322e+06
0.356 1.9564e+07 3.9129e+05
0.357 4.9235e+07 9.847e+05
0.358 5.9447e+07 1.1889e+06
0.359 5.4383e+07 1.0877e+06
0.36 7.1667e+07 1.4333e+06
0.361 2.595e+07 5.19e+05
0.362 5.2359e+07 1.0472e+06
0.363 2.8601e+07 5.7203e+05
0.364 1.5151e+07 3.0302e+05
0.365 3.9434e+07 7.8868e+05
0.366 2.8065e+07 5.613e+05
0.367 5.0765e+07 1.0153e+06
0.368 4.7056e+07 9.4113e+05
0.369 4.263e+07 8.526e+05
0.37 4.0837e+07 8.1674e+05
0.371 3.5778e+07 7.1555e+05
0.372 7.2889e+07 1.4578e+06
0.373 6.2031e+07 1.2406e+06
0.374 4.3154e+07 8.6308e+05
0.375 5.1773e+07 1.0355e+06
0.376 6.0221e+07 1.2044e+06
0.377 5.9675e+07 1.1935e+06
0.378 5.721e+07 1.1442e+06
0.379 4.728e+07 9.4561e+05
0.38 4.6952e+07 9.3904e+05
0.381 6.9208e+07 1.3842e+06
0.382 7.6781e+07 1.5356e+06
0.383 2.9656e+07 5.9312e+05
0.384 4.6518e+07 9.3035e+05
0.385 6.0478e+07 1.2096e+06
0.386 4.2344e+07 8.4688e+05
0.387 5.159e+07 1.0318e+06
0.388 3.8142e+07 7.6285e+05
0.389 3.5579e+07 7.1157e+05
0.39 3.6576e+07 7.3153e+05
0.391 3.6395e+07 7.2789e+05
0.392 4.8056e+07 9.6112e+05
0.393 1.5452e+07 3.0903e+05
0.394 5.9424e+07 1.1885e+06
0.395 4.6958e+07 9.3916e+05
0.396 6.2734e+07 1.2547e+06
0.397 7.1966e+07 1.4393e+06
0.398 5.1365e+07 1.0273e+06
0.399 5.3046e+07 1.0609e+06
0.4 4.2186e+07 8.4372e+05
0.401 6.1806e+07 1.2361e+06
0.402 5.1214e+07 1.0243e+06
0.403 4.3304e+07 8.6608e+05
0.404 4.7771e+07 9.5543e+05
0.405 4.1731e+07 8.3461e+05
0.406 5.7472e+07 1.1494e+06
0.407 4.7882e+07 9.5763e+05
0.408 3.7865e+07 7.573e+05
0.409 5.1726e+07 1.0345e+06
0.41 4.0563e+07 8.1126e+05
0.411 4.3961e+07 8.7921e+05
0.412 5.3427e+07 1.0685e+06
0.413 4.6152e+07 9.2304e+05
0.414 2.7321e+07 5.4642e+05
0.415 2.3948e+07 4.7897e+05
0.416 4.3905e+07 8.781e+05
0.417 3.5246e+07 7.0491e+05
0.418 5.9939e+07 1.1988e+06
0.419 4.21e+07 8.4199e+05
0.42 5.0456e+07 1.0091e+06
0.421 3.3368e+07 6.6736e+05
0.422 4.6007e+07 9.2015e+05
0.423 3.7084e+07 7.4167e+05
0.424 2.1042e+07 4.2083e+05
0.425 4.7936e+07 9.5873e+05
0.426 5.3356e+07 1.0671e+06
0.427 3.2596e+07 6.5192e+05
0.428 4.1254e+07 8.2509e+05
0.429 4.6494e+07 9.2988e+05
0.43 5.5491e+07 1.1098e+06
0.431 4.2265e+07 8.4531e+05
0.432 4.5298e+07 9.0597e+05
0.433 5.7094e+07 1.1419e+06
0.434 4.1325e+07 8.2651e+05
0.435 6.4806e+07 1.2961e+06
0.436 4.6649e+07 9.3298e+05
0.437 5.2705e+07 1.0541e+06
0.438 3.6155e+07 7.231e+05
0.439 4.016e+07 8.032e+05
0.44 3.6813e+07 7.3626e+05
0.441 4.7671e+07 9.5343e+05
0.442 4.7317e+07 9.4634e+05
0.443 5.4431e+07 1.0886e+06
0.444 6.0272e+07 1.2054e+06
0.445 4.5573e+07 9.1146e+05
0.446 4.1494e+07 8.2988e+05
0.447 5.6664e+07 1.1333e+06
0.448 4.7515e+06 95029
0.449 2.7556e+07 5.5111e+05
0.45 4.9673e+07 9.9346e+05
0.451 3.7942e+07 7.5885e+05
0.452 6.5089e+07 1.3018e+06
0.453 2.4092e+07 4.8183e+05
0.454 4.6143e+07 9.2287e+05
0.455 3.1773e+07 6.3545e+05
0.456 2.7024e+07 5.4048e+05
0.457 4.7768e+07 9.5536e+05
0.458 3.4716e+07 6.9432e+05
0.459 5.6044e+07 1.1209e+06
0.46 5.1661e+07 1.0332e+06
0.461 4.491e+07 8.982e+05
0.462 5.2271e+07 1.0454e+06
0.463 5.733e+07 1.1466e+06
0.464 3.3325e+07 6.665e+05
0.465 6.0198e+07 1.204e+06
0.466 5.1273e+07 1.0255e+06
0.467 4.4068e+07 8.8137e+05
0.468 5.558e+07 1.1116e+06
0.469 3.2506e+07 6.5012e+05
0.47 4.9251e+07 9.8502e+05
0.471 4.9615e+07 9.9229e+05
0.472 5.0588e+07 1.0118e+06
0.473 3.7012e+07 7.4025e+05
0.474 3.3674e+07 6.7349e+05
0.475 4.7042e+07 9.4084e+05
0.476 6.0979e+07 1.2196e+06
0.477 4.6569e+07 9.3138e+05
0.478 4.3904e+07 8.7807e+05
0.479 4.018e+07 8.036e+05
0.48 3.2925e+07 6.5849e+05
0.481 4.4807e+07 8.9615e+05
0.482 4.5651e+07 9.1301e+05
0.483 5.9923e+07 1.1985e+06
0.484 4.9083e+07 9.8165e+05
0.485 6.2347e+07 1.2469e+06
0.486 7.8091e+07 1.5618e+06
0.487 5.942e+07 1.1884e+06
0.488 4.8525e+07 9.705e+05
0.489 6.2699e+07 1.254e+06
0.49 5.1937e+07 1.0387e+06
0.491 5.5801e+07 1.116e+06
0.492 3.7081e+07 7.4163e+05
0.493 5.5043e+07 1.1009e+06
0.494 4.8303e+07 9.6606e+05
0.495 4.4324e+07 8.8648e+05
0.496 6.0343e+07 1.2069e+06
0.497 5.0768e+07 1.0154e+06
0.498 2.2971e+07 4.5941e+05
0.499 5.7404e+07 1.1481e+06
0.5 4.0213e+07 8.0426e+05
