0.001 3.8618e+10 7.7235e+08
0.002 3.898e+10 7.796e+08
0.003 3.7715e+10 7.543e+08
0.004 3.6914e+10 7.3828e+08
0.005 3.8206e+10 7.6412e+08
0.006 3.7186e+10 7.4372e+08
0.007 3.7371e+10 7.4742e+08
0.008 3.7726e+10 7.5452e+08
0.009 3.661e+10 7.322e+08
0.01 3.6809e+10 7.3619e+08
0.011 3.8348e+10 7.6697e+08
0.012 3.7166e+10 7.4332e+08
0.013 3.671e+10 7.3421e+08
0.014 3.7336e+10 7.4672e+08
0.015 3.6444e+10 7.2888e+08
0.016 3.7429e+10 7.4859e+08
0.017 3.7263e+10 7.4526e+08
0.018 3.6195e+10 7.239e+08
0.019 3.7241e+10 7.4483e+08
0.02 3.631e+10 7.262e+08
0.021 3.5548e+10 7.1095e+08
0.022 3.5666e+10 7.1331e+08
0.023 3.576e+10 7.152e+08
0.024 3.4781e+10 6.9561e+08
0.025 3.4577e+10 6.9153e+08
0.026 3.5307e+10 7.0615e+08
0.027 3.4898e+10 6.9796e+08
0.028 3.4448e+10 6.8896e+08
0.029 3.4145e+10 6.8291e+08
0.03 3.378e+10 6.7561e+08
0.031 3.3137e+10 6.6274e+08
0.032 3.3432e+10 6.6864e+08
0.033 3.2249e+10 6.4498e+08
0.034 3.2551e+10 6.5102e+08
0.035 3.1573e+10 6.3146e+08
0.036 3.2351e+10 6.4702e+08
0.037 3.1453e+10 6.2907e+08
0.038 3.1406e+10 6.2812e+08
0.039 3.1304e+10 6.2609e+08
0.04 3.1051e+10 6.2101e+08
0.041 3.0762e+10 6.1525e+08
0.042 3.0086e+10 6.0173e+08
0.043 2.9368e+10 5.8736e+08
0.044 2.9126e+10 5.8251e+08
0.045 2.9094e+10 5.8189e+08
0.046 2.8258e+10 5.6515e+08
0.047 2.8213e+10 5.6426e+08
0.048 2.8287e+10 5.6573e+08
0.049 2.7447e+10 5.4894e+08
0.05 2.7363e+10 5.4727e+08
0.051 2.68e+10 5.36e+08
0.052 2.6212e+10 5.2423e+08
0.053 2.5935e+10 5.187e+08
0.054 2.5429e+10 5.0858e+08
0.055 2.5192e+10 5.0385e+08
0.056 2.472e+10 4.9439e+08
0.057 2.4324e+10 4.8648e+08
0.058 2.3912e+10 4.7823e+08
0.059 2.3276e+10 4.6551e+08
0.06 2.34e+10 4.68e+08
0.061 2.2869e+10 4.5738e+08
0.062 2.2378e+10 4.4756e+08
0.063 2.1918e+10 4.3836e+08
0.064 2.1688e+10 4.3375e+08
0.065 2.1354e+10 4.2708e+08
0.066 2.078e+10 4.1559e+08
0.067 2.0934e+10 4.1868e+08
0.068 2.0065e+10 4.013e+08
0.069 1.941e+10 3.882e+08
0.07 1.9315e+10 3.863e+08
0.071 1.9018e+10 3.8036e+08
0.072 1.8623e+10 3.7246e+08
0.073 1.8202e+10 3.6404e+08
0.074 1.78e+10 3.5599e+08
0.075 1.7644e+10 3.5288e+08
0.076 1.6851e+10 3.3703e+08
0.077 1.6986e+10 3.3972e+08
0.078 1.6499e+10 3.2997e+08
0.079 1.6116e+10 3.2231e+08
0.08 1.6005e+10 3.201e+08
0.081 1.5214e+10 3.0428e+08
0.082 1.508e+10 3.016e+08
0.083 1.4496e+10 2.8991e+08
0.084 1.4364e+10 2.8727e+08
0.085 1.38e+10 2.76e+08
0.086 1.3677e+10 2.7355e+08
0.087 1.3463e+10 2.6926e+08
0.088 1.3346e+10 2.6692e+08
0.089 1.2603e+10 2.5206e+08
0.09 1.2366e+10 2.4731e+08
0.091 1.2044e+10 2.4087e+08
0.092 1.1936e+10 2.3873e+08
0.093 1.1369e+10 2.2737e+08
0.094 1.1277e+10 2.2554e+08
0.095 1.0974e+10 2.1948e+08
0.096 1.0705e+10 2.141e+08
0.097 1.0141e+10 2.0282e+08
0.098 9.8962e+09 1.9792e+08
0.099 9.6536e+09 1.9307e+08
0.1 9.6031e+09 1.9206e+08
0.101 9.333e+09 1.8666e+08
0.102 9.0809e+09 1.8162e+08
0.103 8.6444e+09 1.7289e+08
0.104 8.6119e+09 1.7224e+08
0.105 8.1582e+09 1.6316e+08
0.106 7.9479e+09 1.5896e+08
0.107 7.9201e+09 1.584e+08
0.108 7.5104e+09 1.5021e+08
0.109 7.2969e+09 1.4594e+08
0.11 7.1264e+09 1.4253e+08
0.111 6.8223e+09 1.3645e+08
0.112 6.5331e+09 1.3066e+08
0.113 6.4085e+09 1.2817e+08
0.114 6.1379e+09 1.2276e+08
0.115 6.0247e+09 1.2049e+08
0.116 5.7904e+09 1.1581e+08
0.117 5.5264e+09 1.1053e+08
0.118 5.6488e+09 1.1298e+08
0.119 5.3123e+09 1.0625e+08
0.12 5.0432e+09 1.0086e+08
0.121 5.0464e+09 1.0093e+08
0.122 4.8904e+09 9.7807e+07
0.123 4.7177e+09 9.4354e+07
0.124 4.6181e+09 9.2362e+07
0.125 4.3455e+09 8.691e+07
0.126 4.105e+09 8.21e+07
0.127 4.1198e+09 8.2396e+07
0.128 3.8018e+09 7.6037e+07
0.129 3.7079e+09 7.4158e+07
0.13 3.6519e+09 7.3039e+07
0.131 3.433e+09 6.8661e+07
0.132 3.2369e+09 6.4738e+07
0.133 3.1254e+09 6.2507e+07
0.134 3.1891e+09 6.3782e+07
0.135 3.0129e+09 6.0258e+07
0.136 2.8265e+09 5.653e+07
0.137 2.6969e+09 5.3938e+07
0.138 2.6335e+09 5.267e+07
0.139 2.5058e+09 5.0115e+07
0.14 2.4368e+09 4.8737e+07
0.141 2.2781e+09 4.5561e+07
0.142 2.2382e+09 4.4765e+07
0.143 2.1643e+09 4.3286e+07
0.144 2.2168e+09 4.4336e+07
0.145 2.0098e+09 4.0196e+07
0.146 1.8566e+09 3.7132e+07
0.147 1.8641e+09 3.7282e+07
0.148 1.8728e+09 3.7456e+07
0.149 1.669e+09 3.338e+07
0.15 1.6543e+09 3.3087e+07
0.151 1.59e+09 3.18e+07
0.152 1.5927e+09 3.1853e+07
0.153 1.4207e+09 2.8414e+07
0.154 1.3921e+09 2.7842e+07
0.155 1.3334e+09 2.6668e+07
0.156 1.3717e+09 2.7433e+07
0.157 1.2658e+09 2.5315e+07
0.158 1.197e+09 2.3941e+07
0.159 1.125e+09 2.25e+07
0.16 1.0253e+09 2.0506e+07
0.161 1.027e+09 2.0539e+07
0.162 1.0149e+09 2.0299e+07
0.163 1.0453e+09 2.0906e+07
0.164 9.2689e+08 1.8538e+07
0.165 9.4726e+08 1.8945e+07
0.166 8.7504e+08 1.7501e+07
0.167 7.8563e+08 1.5713e+07
0.168 7.2308e+08 1.4462e+07
0.169 7.5299e+08 1.506e+07
0.17 7.6547e+08 1.5309e+07
0.171 6.897e+08 1.3794e+07
0.172 7.2708e+08 1.4542e+07
0.173 6.5463e+08 1.3093e+07
0.174 6.6193e+08 1.3239e+07
0.175 6.1147e+08 1.2229e+07
0.176 6.5414e+08 1.3083e+07
0.177 5.3303e+08 1.0661e+07
0.178 6.2298e+08 1.246e+07
0.179 4.7345e+08 9.4691e+06
0.18 5.1724e+08 1.0345e+07
0.181 4.9024e+08 9.8049e+06
0.182 4.564e+08 9.1279e+06
0.183 4.3314e+08 8.6627e+06
0.184 4.3855e+08 8.771e+06
0.185 5.5523e+08 1.1105e+07
0.186 4.0243e+08 8.0486e+06
0.187 4.9252e+08 9.8503e+06
0.188 4.7237e+08 9.4474e+06
0.189 3.994e+08 7.988e+06
0.19 4.2006e+08 8.4013e+06
0.191 3.9151e+08 7.8303e+06
0.192 4.094e+08 8.188e+06
0.193 3.5931e+08 7.1863e+06
0.194 3.4264e+08 6.8527e+06
0.195 3.4833e+08 6.9666e+06
0.196 3.1349e+08 6.2698e+06
0.197 3.3932e+08 6.7863e+06
0.198 3.8375e+08 7.675e+06
0.199 3.0674e+08 6.1348e+06
0.2 3.2738e+08 6.5476e+06
0.201 3.0386e+08 6.0772e+06
0.202 2.6994e+08 5.3989e+06
0.203 4.485e+08 8.97e+06
0.204 4.1367e+08 8.2734e+06
0.205 3.4004e+08 6.8008e+06
0.206 3.6511e+08 7.3022e+06
0.207 3.0205e+08 6.041e+06
0.208 2.9918e+08 5.9835e+06
0.209 2.7464e+08 5.4928e+06
0.21 3.4547e+08 6.9094e+06
0.211 3.5478e+08 7.0956e+06
0.212 2.7859e+08 5.5718e+06
0.213 3.2291e+08 6.4582e+06
0.214 3.0795e+08 6.159e+06
0.215 3.7505e+08 7.5011e+06
0.216 2.9531e+08 5.9061e+06
0.217 3.2407e+08 6.4815e+06
0.218 2.7964e+08 5.5927e+06
0.219 3.5167e+08 7.0333e+06
0.22 3.0983e+08 6.1965e+06
0.221 2.6892e+08 5.3783e+06
0.222 3.5476e+08 7.0952e+06
0.223 2.4805e+08 4.961e+06
0.224 2.6372e+08 5.2743e+06
0.225 2.0254e+08 4.0507e+06
0.226 3.277e+08 6.554e+06
0.227 3.1375e+08 6.2751e+06
0.228 3.9595e+08 7.919e+06
0.229 2.2221e+08 4.4442e+06
0.23 2.6794e+08 5.3588e+06
0.231 2.6633e+08 5.3265e+06
0.232 3.3799e+08 6.7598e+06
0.233 3.0183e+08 6.0366e+06
0.234 3.0332e+08 6.0664e+06
0.235 3.1326e+08 6.2651e+06
0.236 3.5797e+08 7.1593e+06
0.237 2.1198e+08 4.2396e+06
0.238 2.3652e+08 4.7303e+06
0.239 2.6465e+08 5.2929e+06
0.24 2.852e+08 5.7041e+06
0.241 2.4422e+08 4.8844e+06
0.242 2.0901e+08 4.1803e+06
0.243 2.4407e+08 4.8814e+06
0.244 2.1602e+08 4.3205e+06
0.245 1.7756e+08 3.5511e+06
0.246 2.8651e+08 5.7302e+06
0.247 2.1879e+08 4.3757e+06
0.248 2.3203e+08 4.6405e+06
0.249 2.0246e+08 4.0493e+06
0.25 2.9959e+08 5.9917e+06
0.251 3.0618e+08 6.1235e+06
0.252 3.1878e+08 6.3755e+06
0.253 2.7028e+08 5.4056e+06
0.254 2.7236e+08 5.4471e+06
0.255 3.1697e+08 6.3393e+06
0.256 2.326e+08 4.6519e+06
0.257 2.2894e+08 4.5788e+06
0.258 1.7149e+08 3.4298e+06
0.259 2.3621e+08 4.7243e+06
0.26 2.099e+08 4.1981e+06
0.261 2.6522e+08 5.3044e+06
0.262 2.2937e+08 4.5874e+06
0.263 2.2832e+08 4.5663e+06
0.264 2.5493e+08 5.0986e+06
0.265 2.606e+08 5.2121e+06
0.266 1.8955e+08 3.791e+06
0.267 2.2177e+08 4.4354e+06
0.268 2.2475e+08 4.495e+06
0.269 2.5823e+08 5.1645e+06
0.27 2.3896e+08 4.7792e+06
0.271 2.355e+08 4.71e+06
0.272 1.8873e+08 3.7747e+06
0.273 2.1802e+08 4.3604e+06
0.274 2.4712e+08 4.9424e+06
0.275 2.0164e+08 4.0328e+06
0.276 2.2613e+08 4.5225e+06
0.277 2.1202e+08 4.2403e+06
0.278 2.7683e+08 5.5365e+06
0.279 1.9872e+08 3.9745e+06
0.28 2.2831e+08 4.5662e+06
0.281 1.3794e+08 2.7587e+06
0.282 1.6875e+08 3.3751e+06
0.283 1.7021e+08 3.4043e+06
0.284 1.5904e+08 3.1807e+06
0.285 1.2141e+08 2.4281e+06
0.286 1.8032e+08 3.6064e+06
0.287 1.6771e+08 3.3542e+06
0.288 2.3505e+08 4.7009e+06
0.289 1.8917e+08 3.7834e+06
0.29 1.8845e+08 3.7689e+06
0.291 2.0364e+08 4.0729e+06
0.292 1.6931e+08 3.3862e+06
0.293 1.6267e+08 3.2533e+06
0.294 1.7173e+08 3.4345e+06
0.295 1.1532e+08 2.3064e+06
0.296 1.6859e+08 3.3718e+06
0.297 1.6563e+08 3.3125e+06
0.298 1.5961e+08 3.1922e+06
0.299 1.5117e+08 3.0234e+06
0.3 1.7529e+08 3.5058e+06
0.301 1.3544e+08 2.7088e+06
0.302 1.5144e+08 3.0288e+06
0.303 2.3014e+08 4.6027e+06
0.304 2.274e+08 4.548e+06
0.305 1.8521e+08 3.7041e+06
0.306 2.1839e+08 4.3678e+06
0.307 1.276e+08 2.552e+06
0.308 1.5986e+08 3.1972e+06
0.309 1.9004e+08 3.8008e+06
0.31 1.4056e+08 2.8112e+06
0.311 1.5151e+08 3.0303e+06
0.312 1.155e+08 2.3099e+06
0.313 1.4171e+08 2.8342e+06
0.314 1.5732e+08 3.1463e+06
0.315 1.6011e+08 3.2022e+06
0.316 5.757e+07 1.1514e+06
0.317 9.3658e+07 1.8732e+06
0.318 1.0359e+08 2.0719e+06
0.319 1.553e+08 3.1061e+06
0.32 1.4259e+08 2.8519e+06
0.321 1.3063e+08 2.6126e+06
0.322 9.0366e+07 1.8073e+06
0.323 1.6428e+08 3.2857e+06
0.324 1.1486e+08 2.2972e+06
0.325 9.3458e+07 1.8692e+06
0.326 1.8623e+08 3.7246e+06
0.327 1.2591e+08 2.5183e+06
0.328 1.3116e+08 2.6232e+06
0.329 8.8643e+07 1.7729e+06
0.33 9.4137e+07 1.8827e+06
0.331 7.4148e+07 1.483e+06
0.332 1.4402e+08 2.8804e+06
0.333 1.2322e+08 2.4645e+06
0.334 1.2286e+08 2.4572e+06
0.335 1.267e+08 2.534e+06
0.336 1.4877e+08 2.9754e+06
0.337 1.0313e+08 2.0627e+06
0.338 1.2481e+08 2.4962e+06
0.339 9.2317e+07 1.8463e+06
0.34 1.5528e+08 3.1056e+06
0.341 9.5506e+07 1.9101e+06
0.342 1.5048e+08 3.0096e+06
0.343 8.1388e+07 1.6278e+06
0.344 1.8463e+08 3.6926e+06
0.345 1.6668e+08 3.3335e+06
0.346 1.0583e+08 2.1166e+06
0.347 1.3022e+08 2.6044e+06
0.348 1.0086e+08 2.0173e+06
0.349 7.1213e+07 1.4243e+06
0.35 7.7005e+07 1.5401e+06
0.351 6.9151e+07 1.383e+06
0.352 1.435e+08 2.87e+06
0.353 9.6693e+07 1.9339e+06
0.354 5.5503e+07 1.1101e+06
0.355 1.3111e+08 2.6222e+06
0.356 6.7973e+07 1.3595e+06
0.357 1.4479e+08 2.8959e+06
0.358 1.226e+08 2.4519e+06
0.359 1.133e+08 2.2659e+06
0.36 1.1072e+08 2.2145e+06
0.361 9.4024e+07 1.8805e+06
0.362 7.0702e+07 1.414e+06
0.363 1.2149e+08 2.4299e+06
0.364 9.0182e+07 1.8036e+06
0.365 1.2287e+08 2.4573e+06
0.366 1.6528e+08 3.3056e+06
0.367 1.0832e+08 2.1664e+06
0.368 1.2675e+08 2.5349e+06
0.369 1.4191e+08 2.8381e+06
0.37 1.3895e+08 2.7791e+06
0.371 5.1155e+07 1.0231e+06
0.372 1.1832e+08 2.3664e+06
0.373 3.8317e+07 7.6633e+05
0.374 1.2838e+08 2.5677e+06
0.375 1.0257e+08 2.0513e+06
0.376 7.1863e+07 1.4373e+06
0.377 8.7061e+07 1.7412e+06
0.378 9.3471e+07 1.8694e+06
0.379 1.5709e+08 3.1418e+06
0.38 1.5727e+08 3.1454e+06
0.381 1.2379e+08 2.4757e+06
0.382 9.1215e+07 1.8243e+06
0.383 1.248e+08 2.4961e+06
0.384 9.8697e+07 1.9739e+06
0.385 7.0733e+07 1.4147e+06
0.386 1.0326e+08 2.0653e+06
0.387 1.391e+08 2.782e+06
0.388 9.2102e+07 1.842e+06
0.389 1.0009e+08 2.0017e+06
0.39 8.0755e+07 1.6151e+06
0.391 1.369e+08 2.7379e+06
0.392 9.8381e+07 1.9676e+06
0.393 7.4864e+07 1.4973e+06
0.394 1.2575e+08 2.5149e+06
0.395 1.4485e+08 2.8969e+06
0.396 1.0156e+08 2.0312e+06
0.397 1.1685e+08 2.337e+06
0.398 1.1365e+08 2.2731e+06
0.399 1.1108e+08 2.2216e+06
0.4 1.1347e+08 2.2694e+06
0.401 8.8257e+07 1.7651e+06
0.402 1.2301e+08 2.4601e+06
0.403 1.1271e+08 2.2542e+06
0.404 1.2509e+08 2.5019e+06
0.405 1.5516e+08 3.1033e+06
0.406 9.3045e+07 1.8609e+06
0.407 1.1119e+08 2.2238e+06
0.408 1.1348e+08 2.2696e+06
0.409 1.4182e+08 2.8365e+06
0.41 1.3514e+08 2.7028e+06
0.411 8.9117e+07 1.7823e+06
0.412 2.447e+07 4.8939e+05
0.413 1.0455e+08 2.0909e+06
0.414 1.1605e+08 2.3209e+06
0.415 1.1998e+08 2.3995e+06
0.416 9.7698e+07 1.954e+06
0.417 1.123e+08 2.2461e+06
0.418 8.8756e+07 1.7751e+06
0.419 9.2414e+07 1.8483e+06
0.42 8.7554e+07 1.7511e+06
0.421 1.4698e+08 2.9396e+06
0.422 1.2019e+08 2.4038e+06
0.423 1.0817e+08 2.1635e+06
0.424 7.4477e+07 1.4895e+06
0.425 1.294e+08 2.588e+06
0.426 1.3531e+08 2.7063e+06
0.427 1.0243e+08 2.0487e+06
0.428 8.8169e+07 1.7634e+06
0.429 7.0653e+07 1.4131e+06
0.43 1.062e+08 2.1239e+06
0.431 1.4324e+08 2.8647e+06
0.432 9.2013e+07 1.8403e+06
0.433 1.4267e+08 2.8533e+06
0.434 1.2262e+08 2.4523e+06
0.435 1.3392e+08 2.6784e+06
0.436 8.4442e+07 1.6888e+06
0.437 1.3144e+08 2.6289e+06
0.438 9.2973e+07 1.8595e+06
0.439 8.1868e+07 1.6374e+06
0.44 9.0985e+07 1.8197e+06
0.441 1.0747e+08 2.1493e+06
0.442 5.709e+07 1.1418e+06
0.443 6.6002e+06 1.32e+05
0.444 6.7683e+07 1.3537e+06
0.445 6.6925e+07 1.3385e+06
0.446 1.1608e+08 2.3216e+06
0.447 9.9989e+07 1.9998e+06
0.448 9.6253e+07 1.9251e+06
0.449 9.1283e+07 1.8257e+06
0.45 4.9783e+07 9.9567e+05
0.451 1.3085e+08 2.6169e+06
0.452 8.9071e+07 1.7814e+06
0.453 1.175e+08 2.3499e+06
0.454 1.0438e+08 2.0877e+06
0.455 1.5994e+08 3.1989e+06
0.456 1.2486e+08 2.4973e+06
0.457 1.1494e+08 2.2988e+06
0.458 1.2725e+08 2.5449e+06
0.459 9.2672e+07 1.8534e+06
0.46 1.3104e+08 2.6208e+06
0.461 1.2311e+08 2.4622e+06
0.462 1.0256e+08 2.0511e+06
0.463 1.1263e+08 2.2525e+06
0.464 8.824e+07 1.7648e+06
0.465 1.742e+08 3.484e+06
0.466 9.462e+07 1.8924e+06
0.467 8.874e+07 1.7748e+06
0.468 9.7256e+07 1.9451e+06
0.469 1.1673e+08 2.3346e+06
0.47 8.1784e+07 1.6357e+06
0.471 8.6346e+07 1.7269e+06
0.472 7.9308e+07 1.5862e+06
0.473 9.3828e+07 1.8766e+06
0.474 9.6733e+07 1.9347e+06
0.475 1.1628e+08 2.3256e+06
0.476 1.2256e+08 2.4511e+06
0.477 1.1738e+08 2.3475e+06
0.478 1.0764e+08 2.1529e+06
0.479 8.1047e+07 1.6209e+06
0.48 8.8472e+07 1.7694e+06
0.481 1.2716e+08 2.5433e+06
0.482 9.1217e+07 1.8243e+06
0.483 8.7777e+07 1.7555e+06
0.484 9.7266e+07 1.9453e+06
0.485 9.0471e+07 1.8094e+06
0.486 1.0061e+08 2.0123e+06
0.487 1.7047e+08 3.4094e+06
0.488 1.1998e+08 2.3996e+06
0.489 9.2082e+07 1.8416e+06
0.49 1.3023e+08 2.6046e+06
0.491 1.1201e+08 2.2401e+06
0.492 1.1417e+08 2.2833e+06
0.493 1.5327e+08 3.0654e+06
0.494 1.1602e+08 2.3205e+06
0.495 1.129e+08 2.2581e+06
0.496 1.4412e+08 2.8824e+06
0.497 1.3967e+08 2.7934e+06
0.498 1.4309e+08 2.8618e+06
0.499 9.2628e+07 1.8526e+06
0.5 1.1915e+08 2.3829e+06
