0.001 3.027e+10 6.0541e+08
0.002 2.8903e+10 5.7805e+08
0.003 2.9783e+10 5.9567e+08
0.004 3.066e+10 6.132e+08
0.005 2.9158e+10 5.8316e+08
0.006 2.9827e+10 5.9655e+08
0.007 2.9599e+10 5.9198e+08
0.008 2.8631e+10 5.7262e+08
0.009 2.8768e+10 5.7536e+08
0.01 2.9412e+10 5.8824e+08
0.011 2.9304e+10 5.8607e+08
0.012 2.8565e+10 5.713e+08
0.013 2.8806e+10 5.7612e+08
0.014 2.852e+10 5.7039e+08
0.015 2.7949e+10 5.5898e+08
0.016 2.8295e+10 5.659e+08
0.017 2.8363e+10 5.6726e+08
0.018 2.7803e+10 5.5606e+08
0.019 2.7715e+10 5.5431e+08
0.02 2.764e+10 5.528e+08
0.021 2.7837e+10 5.5673e+08
0.022 2.7435e+10 5.487e+08
0.023 2.7106e+10 5.4212e+08
0.024 2.7049e+10 5.4097e+08
0.025 2.6771e+10 5.3541e+08
0.026 2.6341e+10 5.2683e+08
0.027 2.6503e+10 5.3006e+08
0.028 2.6509e+10 5.3019e+08
0.029 2.5975e+10 5.1951e+08
0.03 2.5767e+10 5.1535e+08
0.031 2.5661e+10 5.1321e+08
0.032 2.548e+10 5.096e+08
0.033 2.542e+10 5.084e+08
0.034 2.5111e+10 5.0223e+08
0.035 2.4634e+10 4.9267e+08
0.036 2.4812e+10 4.9624e+08
0.037 2.3965e+10 4.7931e+08
0.038 2.404e+10 4.8079e+08
0.039 2.3527e+10 4.7054e+08
0.04 2.3476e+10 4.6952e+08
0.041 2.3092e+10 4.6184e+08
0.042 2.2704e+10 4.5409e+08
0.043 2.2368e+10 4.4736e+08
0.044 2.2458e+10 4.4915e+08
0.045 2.1974e+10 4.3949e+08
0.046 2.1765e+10 4.353e+08
0.047 2.1362e+10 4.2724e+08
0.048 2.0945e+10 4.189e+08
0.049 2.119e+10 4.2381e+08
0.05 2.0504e+10 4.1007e+08
0.051 2.0492e+10 4.0983e+08
0.052 1.9934e+10 3.9868e+08
0.053 1.958e+10 3.916e+08
0.054 1.9805e+10 3.9611e+08
0.055 1.9318e+10 3.8637e+08
0.056 1.8871e+10 3.7743e+08
0.057 1.8552e+10 3.7104e+08
0.058 1.8114e+10 3.6229e+08
0.059 1.7591e+10 3.5182e+08
0.06 1.7432e+10 3.4864e+08
0.061 1.7334e+10 3.4668e+08
0.062 1.6825e+10 3.3649e+08
0.063 1.6696e+10 3.3391e+08
0.064 1.6305e+10 3.2609e+08
0.065 1.6111e+10 3.2223e+08
0.066 1.5632e+10 3.1265e+08
0.067 1.5543e+10 3.1087e+08
0.068 1.522e+10 3.044e+08
0.069 1.4644e+10 2.9288e+08
0.07 1.4405e+10 2.881e+08
0.071 1.431e+10 2.862e+08
0.072 1.3974e+10 2.7947e+08
0.073 1.3442e+10 2.6884e+08
0.074 1.3388e+10 2.6775e+08
0.075 1.3114e+10 2.6229e+08
0.076 1.2779e+10 2.5557e+08
0.077 1.2773e+10 2.5545e+08
0.078 1.2331e+10 2.4661e+08
0.079 1.195e+10 2.39e+08
0.08 1.1778e+10 2.3556e+08
0.081 1.1391e+10 2.2782e+08
0.082 1.1124e+10 2.2248e+08
0.083 1.0874e+10 2.1749e+08
0.084 1.0672e+10 2.1344e+08
0.085 1.0477e+10 2.0954e+08
0.086 1.0033e+10 2.0065e+08
0.087 1.0123e+10 2.0246e+08
0.088 9.6731e+09 1.9346e+08
0.089 9.5022e+09 1.9004e+08
0.09 9.4498e+09 1.89e+08
0.091 8.6768e+09 1.7354e+08
0.092 8.6386e+09 1.7277e+08
0.093 8.5738e+09 1.7148e+08
0.094 8.1173e+09 1.6235e+08
0.095 8.0534e+09 1.6107e+08
0.096 7.9415e+09 1.5883e+08
0.097 7.5551e+09 1.511e+08
0.098 7.4772e+09 1.4954e+08
0.099 7.261e+09 1.4522e+08
0.1 7.128e+09 1.4256e+08
0.101 6.7589e+09 1.3518e+08
0.102 6.6988e+09 1.3398e+08
0.103 6.4445e+09 1.2889e+08
0.104 6.2123e+09 1.2425e+08
0.105 6.1632e+09 1.2326e+08
0.106 5.8857e+09 1.1771e+08
0.107 5.5437e+09 1.1087e+08
0.108 5.4283e+09 1.0857e+08
0.109 5.4003e+09 1.0801e+08
0.11 5.1107e+09 1.0221e+08
0.111 4.9895e+09 9.979e+07
0.112 4.8849e+09 9.7698e+07
0.113 4.8189e+09 9.6379e+07
0.114 4.6313e+09 9.2626e+07
0.115 4.3766e+09 8.7532e+07
0.116 4.2457e+09 8.4915e+07
0.117 4.1018e+09 8.2037e+07
0.118 4.0687e+09 8.1373e+07
0.119 3.8228e+09 7.6456e+07
0.12 3.6831e+09 7.3663e+07
0.121 3.5958e+09 7.1916e+07
0.122 3.4681e+09 6.9362e+07
0.123 3.3897e+09 6.7794e+07
0.124 3.2793e+09 6.5586e+07
0.125 3.2006e+09 6.4013e+07
0.126 3.0509e+09 6.1017e+07
0.127 2.9105e+09 5.821e+07
0.128 2.8487e+09 5.6975e+07
0.129 2.8553e+09 5.7106e+07
0.13 2.5884e+09 5.1769e+07
0.131 2.5218e+09 5.0437e+07
0.132 2.4146e+09 4.8291e+07
0.133 2.3195e+09 4.639e+07
0.134 2.3427e+09 4.6854e+07
0.135 2.1908e+09 4.3815e+07
0.136 2.1856e+09 4.3711e+07
0.137 2.0334e+09 4.0668e+07
0.138 1.9243e+09 3.8486e+07
0.139 1.7977e+09 3.5955e+07
0.14 1.7922e+09 3.5843e+07
0.141 1.7115e+09 3.4231e+07
0.142 1.5536e+09 3.1072e+07
0.143 1.5759e+09 3.1517e+07
0.144 1.5741e+09 3.1483e+07
0.145 1.5093e+09 3.0185e+07
0.146 1.5117e+09 3.0234e+07
0.147 1.3721e+09 2.7441e+07
0.148 1.3257e+09 2.6514e+07
0.149 1.3379e+09 2.6758e+07
0.15 1.2623e+09 2.5247e+07
0.151 1.1945e+09 2.3891e+07
0.152 1.1459e+09 2.2919e+07
0.153 1.0447e+09 2.0895e+07
0.154 1.0603e+09 2.1205e+07
0.155 9.2873e+08 1.8575e+07
0.156 9.7846e+08 1.9569e+07
0.157 9.2157e+08 1.8431e+07
0.158 8.7825e+08 1.7565e+07
0.159 8.8566e+08 1.7713e+07
0.16 8.8274e+08 1.7655e+07
0.161 7.8469e+08 1.5694e+07
0.162 7.551e+08 1.5102e+07
0.163 7.9724e+08 1.5945e+07
0.164 7.3188e+08 1.4638e+07
0.165 6.6241e+08 1.3248e+07
0.166 6.1801e+08 1.236e+07
0.167 6.6993e+08 1.3399e+07
0.168 6.4909e+08 1.2982e+07
0.169 6.0558e+08 1.2112e+07
0.17 6.2059e+08 1.2412e+07
0.171 5.2721e+08 1.0544e+07
0.172 5.9344e+08 1.1869e+07
0.173 5.3526e+08 1.0705e+07
0.174 5.2026e+08 1.0405e+07
0.175 4.585e+08 9.1701e+06
0.176 5.0108e+08 1.0022e+07
0.177 4.5114e+08 9.0229e+06
0.178 4.6175e+08 9.235e+06
0.179 4.1403e+08 8.2806e+06
0.18 3.6906e+08 7.3812e+06
0.181 4.2284e+08 8.4569e+06
0.182 4.366e+08 8.7321e+06
0.183 3.2782e+08 6.5564e+06
0.184 4.1223e+08 8.2446e+06
0.185 4.305e+08 8.61e+06
0.186 3.1737e+08 6.3475e+06
0.187 3.1419e+08 6.2838e+06
0.188 3.0518e+08 6.1035e+06
0.189 2.7556e+08 5.5112e+06
0.19 2.5681e+08 5.1361e+06
0.191 3.595e+08 7.1899e+06
0.192 3.2452e+08 6.4905e+06
0.193 1.8525e+08 3.7049e+06
0.194 3.0953e+08 6.1906e+06
0.195 3.4707e+08 6.9414e+06
0.196 3.4189e+08 6.8377e+06
0.197 2.5008e+08 5.0016e+06
0.198 2.5939e+08 5.1879e+06
0.199 2.7325e+08 5.465e+06
0.2 2.8793e+08 5.7587e+06
0.201 2.539e+08 5.078e+06
0.202 3.0556e+08 6.1113e+06
0.203 2.7433e+08 5.4867e+06
0.204 2.7726e+08 5.5453e+06
0.205 2.2658e+08 4.5316e+06
0.206 2.5319e+08 5.0638e+06
0.207 2.1821e+08 4.3641e+06
0.208 2.7399e+08 5.4799e+06
0.209 2.4323e+08 4.8646e+06
0.21 2.1276e+08 4.2552e+06
0.211 2.3716e+08 4.7432e+06
0.212 2.0152e+08 4.0304e+06
0.213 2.1002e+08 4.2005e+06
0.214 2.4739e+08 4.9479e+06
0.215 1.945e+08 3.8901e+06
0.216 2.4625e+08 4.925e+06
0.217 1.9845e+08 3.969e+06
0.218 2.208e+08 4.416e+06
0.219 2.3415e+08 4.6831e+06
0.22 2.4514e+08 4.9028e+06
0.221 2.573e+08 5.1461e+06
0.222 2.1351e+08 4.2702e+06
0.223 2.2742e+08 4.5484e+06
0.224 2.0109e+08 4.0218e+06
0.225 2.1224e+08 4.2448e+06
0.226 2.0178e+08 4.0356e+06
0.227 2.3586e+08 4.7172e+06
0.228 2.6138e+08 5.2277e+06
0.229 2.1447e+08 4.2894e+06
0.23 2.513e+08 5.0261e+06
0.231 2.0851e+08 4.1702e+06
0.232 2.2729e+08 4.5458e+06
0.233 1.8894e+08 3.7789e+06
0.234 2.2194e+08 4.4388e+06
0.235 2.2634e+08 4.5268e+06
0.236 2.1759e+08 4.3519e+06
0.237 1.5221e+08 3.0441e+06
0.238 2.102e+08 4.204e+06
0.239 2.1656e+08 4.3313e+06
0.24 2.0891e+08 4.1783e+06
0.241 2.1533e+08 4.3065e+06
0.242 2.18e+08 4.3599e+06
0.243 1.3564e+08 2.7127e+06
0.244 1.879e+08 3.7581e+06
0.245 2.001e+08 4.002e+06
0.246 1.6191e+08 3.2383e+06
0.247 1.8174e+08 3.6347e+06
0.248 1.7845e+08 3.5691e+06
0.249 2.0477e+08 4.0955e+06
0.25 1.6932e+08 3.3865e+06
0.251 2.0798e+08 4.1596e+06
0.252 1.7951e+08 3.5901e+06
0.253 1.6513e+08 3.3025e+06
0.254 2.0627e+08 4.1254e+06
0.255 2.0287e+08 4.0575e+06
0.256 1.6714e+08 3.3427e+06
0.257 1.642e+08 3.2839e+06
0.258 1.5775e+08 3.1549e+06
0.259 1.8332e+08 3.6664e+06
0.26 1.2225e+08 2.4449e+06
0.261 1.7968e+08 3.5935e+06
0.262 1.9935e+08 3.987e+06
0.263 2.2936e+08 4.5871e+06
0.264 1.9988e+08 3.9975e+06
0.265 1.952e+08 3.904e+06
0.266 1.6181e+08 3.2361e+06
0.267 1.6081e+08 3.2161e+06
0.268 2.1157e+08 4.2314e+06
0.269 1.4479e+08 2.8959e+06
0.27 1.6637e+08 3.3275e+06
0.271 1.7642e+08 3.5284e+06
0.272 2.1518e+08 4.3036e+06
0.273 1.8687e+08 3.7373e+06
0.274 2.3462e+08 4.6924e+06
0.275 1.6449e+08 3.2898e+06
0.276 1.417e+08 2.8339e+06
0.277 1.6467e+08 3.2933e+06
0.278 1.4333e+08 2.8665e+06
0.279 9.8332e+07 1.9666e+06
0.28 1.6308e+08 3.2616e+06
0.281 1.2611e+08 2.5221e+06
0.282 1.7217e+08 3.4435e+06
0.283 1.845e+08 3.69e+06
0.284 8.6602e+07 1.732e+06
0.285 1.3522e+08 2.7043e+06
0.286 1.1552e+08 2.3103e+06
0.287 1.668e+08 3.336e+06
0.288 1.1893e+08 2.3786e+06
0.289 1.3581e+08 2.7162e+06
0.29 1.3002e+08 2.6005e+06
0.291 1.1524e+08 2.3048e+06
0.292 1.1678e+08 2.3355e+06
0.293 1.459e+08 2.9179e+06
0.294 1.4749e+08 2.9498e+06
0.295 1.2828e+08 2.5656e+06
0.296 9.9908e+07 1.9982e+06
0.297 1.0634e+08 2.1267e+06
0.298 1.3289e+08 2.6577e+06
0.299 1.3858e+08 2.7716e+06
0.3 9.6172e+07 1.9234e+06
0.301 1.2117e+08 2.4234e+06
0.302 1.5044e+08 3.0088e+06
0.303 1.0179e+08 2.0357e+06
0.304 1.1188e+08 2.2375e+06
0.305 9.3975e+07 1.8795e+06
0.306 7.1859e+07 1.4372e+06
0.307 1.0184e+08 2.0367e+06
0.308 8.9492e+07 1.7898e+06
0.309 8.2434e+07 1.6487e+06
0.31 1.0283e+08 2.0565e+06
0.311 1.1815e+08 2.3631e+06
0.312 7.7595e+07 1.5519e+06
0.313 1.3799e+08 2.7597e+06
0.314 6.8653e+07 1.3731e+06
0.315 9.7813e+07 1.9563e+06
0.316 1.0917e+08 2.1835e+06
0.317 8.447e+07 1.6894e+06
0.318 1.4704e+08 2.9409e+06
0.319 1.2624e+08 2.5248e+06
0.32 8.7811e+07 1.7562e+06
0.321 4.8188e+07 9.6376e+05
0.322 8.8767e+07 1.7753e+06
0.323 8.5359e+07 1.7072e+06
0.324 8.8659e+07 1.7732e+06
0.325 1.0643e+08 2.1285e+06
0.326 1.0586e+08 2.1171e+06
0.327 1.0763e+08 2.1526e+06
0.328 1.2171e+08 2.4343e+06
0.329 5.1476e+07 1.0295e+06
0.33 9.2647e+07 1.8529e+06
0.331 5.4796e+07 1.0959e+06
0.332 1.6206e+08 3.2412e+06
0.333 1.0686e+08 2.1373e+06
0.334 8.6514e+07 1.7303e+06
0.335 8.2116e+07 1.6423e+06
0.336 8.3587e+07 1.6717e+06
0.337 9.5312e+07 1.9062e+06
0.338 1.1253e+08 2.2505e+06
0.339 1.5339e+07 3.0677e+05
0.34 9.0258e+07 1.8052e+06
0.341 4.3291e+07 8.6581e+05
0.342 1.1094e+08 2.2189e+06
0.343 1.0828e+08 2.1655e+06
0.344 1.0318e+08 2.0636e+06
0.345 1.1109e+08 2.2217e+06
0.346 9.4698e+07 1.894e+06
0.347 9.2824e+07 1.8565e+06
0.348 1.0332e+08 2.0663e+06
0.349 1.0246e+08 2.0493e+06
0.35 1.0189e+08 2.0377e+06
0.351 7.596e+07 1.5192e+06
0.352 6.4368e+07 1.2874e+06
0.353 6.4426e+07 1.2885e+06
0.354 1.1045e+08 2.209e+06
0.355 1.0376e+08 2.0751e+06
0.356 8.342e+07 1.6684e+06
0.357 1.0005e+08 2.0009e+06
0.358 7.4984e+07 1.4997e+06
0.359 1.0173e+08 2.0345e+06
0.36 1.2963e+08 2.5926e+06
0.361 1.1196e+08 2.2392e+06
0.362 6.7905e+07 1.3581e+06
0.363 8.2998e+07 1.66e+06
0.364 1.0617e+08 2.1234e+06
0.365 4.9515e+07 9.903e+05
0.366 8.3378e+07 1.6676e+06
0.367 9.2831e+07 1.8566e+06
0.368 8.5617e+07 1.7123e+06
0.369 9.3052e+07 1.861e+06
0.37 6.9909e+07 1.3982e+06
0.371 7.3638e+07 1.4728e+06
0.372 8.9107e+07 1.7821e+06
0.373 4.3465e+07 8.693e+05
0.374 8.3017e+07 1.6603e+06
0.375 1.1435e+08 2.287e+06
0.376 8.2772e+07 1.6554e+06
0.377 1.1112e+08 2.2224e+06
0.378 7.6128e+07 1.5226e+06
0.379 6.7445e+07 1.3489e+06
0.38 9.9539e+07 1.9908e+06
0.381 9.5073e+07 1.9015e+06
0.382 4.5423e+07 9.0846e+05
0.383 8.1603e+07 1.6321e+06
0.384 8.6592e+07 1.7318e+06
0.385 1.0544e+08 2.1087e+06
0.386 1.1785e+08 2.357e+06
0.387 5.7205e+07 1.1441e+06
0.388 7.6409e+07 1.5282e+06
0.389 7.745e+07 1.549e+06
0.39 5.9842e+07 1.1968e+06
0.391 5.2522e+07 1.0504e+06
0.392 1.2032e+08 2.4064e+06
0.393 9.4966e+07 1.8993e+06
0.394 7.3602e+07 1.472e+06
0.395 8.5737e+07 1.7147e+06
0.396 3.7933e+07 7.5866e+05
0.397 9.5287e+07 1.9057e+06
0.398 7.1064e+07 1.4213e+06
0.399 8.4974e+07 1.6995e+06
0.4 7.9992e+07 1.5998e+06
0.401 9.1237e+07 1.8247e+06
0.402 5.6457e+07 1.1291e+06
0.403 3.9543e+07 7.9085e+05
0.404 5.0379e+07 1.0076e+06
0.405 6.3543e+07 1.2709e+06
0.406 6.1629e+07 1.2326e+06
0.407 6.7281e+07 1.3456e+06
0.408 9.787e+07 1.9574e+06
0.409 7.5235e+07 1.5047e+06
0.41 8.8873e+07 1.7775e+06
0.411 1.047e+08 2.094e+06
0.412 7.0804e+07 1.4161e+06
0.413 6.5789e+07 1.3158e+06
0.414 7.4846e+07 1.4969e+06
0.415 1.012e+08 2.024e+06
0.416 6.9473e+07 1.3895e+06
0.417 7.0144e+07 1.4029e+06
0.418 8.8458e+07 1.7692e+06
0.419 9.8569e+07 1.9714e+06
0.42 5.0132e+07 1.0026e+06
0.421 6.905e+07 1.381e+06
0.422 5.4562e+07 1.0912e+06
0.423 7.8033e+07 1.5607e+06
0.424 6.3811e+07 1.2762e+06
0.425 5.3779e+07 1.0756e+06
0.426 8.7579e+07 1.7516e+06
0.427 8.5775e+07 1.7155e+06
0.428 8.6651e+07 1.733e+06
0.429 9.1569e+07 1.8314e+06
0.43 9.02e+07 1.804e+06
0.431 6.6345e+07 1.3269e+06
0.432 6.1373e+07 1.2275e+06
0.433 8.5257e+07 1.7051e+06
0.434 3.0268e+07 6.0536e+05
0.435 5.6036e+07 1.1207e+06
0.436 6.3025e+07 1.2605e+06
0.437 7.284e+07 1.4568e+06
0.438 8.0175e+07 1.6035e+06
0.439 1.0207e+08 2.0414e+06
0.44 7.1705e+07 1.4341e+06
0.441 1.4227e+08 2.8453e+06
0.442 7.1186e+07 1.4237e+06
0.443 1.0965e+08 2.1929e+06
0.444 8.703e+07 1.7406e+06
0.445 9.3648e+07 1.873e+06
0.446 7.4232e+07 1.4846e+06
0.447 5.6579e+07 1.1316e+06
0.448 5.3592e+07 1.0718e+06
0.449 7.3422e+07 1.4684e+06
0.45 4.697e+07 9.3941e+05
0.451 6.8462e+07 1.3692e+06
0.452 6.6507e+07 1.3301e+06
0.453 8.5372e+07 1.7074e+06
0.454 5.27e+07 1.054e+06
0.455 7.0389e+07 1.4078e+06
0.456 7.4724e+07 1.4945e+06
0.457 5.4197e+07 1.0839e+06
0.458 7.6377e+07 1.5275e+06
0.459 6.9608e+07 1.3922e+06
0.46 8.1337e+07 1.6267e+06
0.461 7.386e+07 1.4772e+06
0.462 9.2295e+07 1.8459e+06
0.463 8.4128e+07 1.6826e+06
0.464 8.264e+07 1.6528e+06
0.465 9.0783e+07 1.8157e+06
0.466 1.2137e+08 2.4274e+06
0.467 6.3345e+07 1.2669e+06
0.468 8.4296e+07 1.6859e+06
0.469 8.0273e+07 1.6055e+06
0.47 1.0266e+08 2.0533e+06
0.471 6.6506e+07 1.3301e+06
0.472 9.9861e+07 1.9972e+06
0.473 9.7055e+07 1.9411e+06
0.474 1.1213e+08 2.2425e+06
0.475 8.2336e+07 1.6467e+06
0.476 9.3369e+07 1.8674e+06
0.477 6.2399e+07 1.248e+06
0.478 6.5959e+07 1.3192e+06
0.479 9.5916e+07 1.9183e+06
0.48 1.0555e+08 2.1111e+06
0.481 8.3796e+07 1.6759e+06
0.482 5.9549e+07 1.191e+06
0.483 6.0799e+07 1.216e+06
0.484 1.3671e+08 2.7342e+06
0.485 8.5102e+07 1.702e+06
0.486 1.1035e+08 2.207e+06
0.487 5.3532e+07 1.0706e+06
0.488 7.8901e+07 1.578e+06
0.489 6.3402e+07 1.268e+06
0.49 1.0532e+08 2.1065e+06
0.491 9.4575e+07 1.8915e+06
0.492 8.8665e+07 1.7733e+06
0.493 1.0903e+08 2.1807e+06
0.494 5.1697e+07 1.0339e+06
0.495 8.6382e+07 1.7276e+06
0.496 6.0703e+07 1.2141e+06
0.497 1.2803e+08 2.5605e+06
0.498 5.6804e+07 1.1361e+06
0.499 9.7846e+07 1.9569e+06
0.5 5.3719e+07 1.0744e+06
