0.001 6.5855e+09 3.4504e+08
0.002 6.7893e+09 2.4394e+08
0.003 6.9517e+09 1.9912e+08
0.004 6.9902e+09 1.7237e+08
0.005 6.7513e+09 1.541e+08
0.006 6.7562e+09 1.4059e+08
0.007 7.0963e+09 1.3006e+08
0.008 6.7673e+09 1.2156e+08
0.009 6.7367e+09 1.145e+08
0.01 6.8528e+09 1.0851e+08
0.011 6.6269e+09 1.0334e+08
0.012 6.6407e+09 9.8811e+07
0.013 6.6022e+09 9.4802e+07
0.014 6.5955e+09 9.1216e+07
0.015 6.4269e+09 8.7981e+07
0.016 6.4856e+09 8.504e+07
0.017 6.5593e+09 8.2349e+07
0.018 6.5233e+09 7.9873e+07
0.019 6.4018e+09 7.7582e+07
0.02 6.5849e+09 7.5454e+07
0.021 6.4045e+09 7.3468e+07
0.022 6.4656e+09 7.1607e+07
0.023 6.3452e+09 6.9858e+07
0.024 6.3544e+09 6.8209e+07
0.025 6.286e+09 6.6649e+07
0.026 6.1964e+09 6.517e+07
0.027 6.324e+09 6.3764e+07
0.028 6.2063e+09 6.2424e+07
0.029 6.0642e+09 6.1145e+07
0.03 6.0668e+09 5.9921e+07
0.031 5.981e+09 5.8748e+07
0.032 6.049e+09 5.7622e+07
0.033 5.8864e+09 5.6539e+07
0.034 5.8857e+09 5.5496e+07
0.035 5.8061e+09 5.4489e+07
0.036 5.8138e+09 5.3517e+07
0.037 5.6978e+09 5.2578e+07
0.038 5.6437e+09 5.1668e+07
0.039 5.562e+09 5.0786e+07
0.04 5.5353e+09 4.993e+07
0.041 5.5527e+09 4.9099e+07
0.042 5.3714e+09 4.8291e+07
0.043 5.4619e+09 4.7505e+07
0.044 5.3717e+09 4.6739e+07
0.045 5.2541e+09 4.5993e+07
0.046 5.1853e+09 4.5266e+07
0.047 5.1789e+09 4.4556e+07
0.048 5.1458e+09 4.3862e+07
0.049 5.0317e+09 4.3185e+07
0.05 4.9858e+09 4.2522e+07
0.051 4.9418e+09 4.1874e+07
0.052 4.8233e+09 4.124e+07
0.053 4.7273e+09 4.0619e+07
0.054 4.6381e+09 4.001e+07
0.055 4.6848e+09 3.9413e+07
0.056 4.562e+09 3.8828e+07
0.057 4.4749e+09 3.8255e+07
0.058 4.4132e+09 3.7691e+07
0.059 4.3482e+09 3.7139e+07
0.06 4.3475e+09 3.6596e+07
0.061 4.1715e+09 3.6063e+07
0.062 4.1273e+09 3.5539e+07
0.063 4.0502e+09 3.5025e+07
0.064 4.0381e+09 3.4519e+07
0.065 3.9846e+09 3.4021e+07
0.066 3.8556e+09 3.3532e+07
0.067 3.808e+09 3.3051e+07
0.068 3.6947e+09 3.2578e+07
0.069 3.7179e+09 3.2113e+07
0.07 3.6409e+09 3.1654e+07
0.071 3.5675e+09 3.1203e+07
0.072 3.5056e+09 3.076e+07
0.073 3.397e+09 3.0323e+07
0.074 3.3347e+09 2.9893e+07
0.075 3.3207e+09 2.9469e+07
0.076 3.2343e+09 2.9052e+07
0.077 3.1607e+09 2.8642e+07
0.078 3.0942e+09 2.8237e+07
0.079 3.0608e+09 2.7839e+07
0.08 2.9682e+09 2.7447e+07
0.081 2.9147e+09 2.7061e+07
0.082 2.8407e+09 2.6681e+07
0.083 2.7604e+09 2.6307e+07
0.084 2.68e+09 2.5938e+07
0.085 2.6798e+09 2.5575e+07
0.086 2.6044e+09 2.5217e+07
0.087 2.561e+09 2.4865e+07
0.088 2.5167e+09 2.4519e+07
0.089 2.4039e+09 2.4177e+07
0.09 2.3745e+09 2.3841e+07
0.091 2.3211e+09 2.3511e+07
0.092 2.259e+09 2.3185e+07
0.093 2.1596e+09 2.2864e+07
0.094 2.1492e+09 2.2549e+07
0.095 2.0656e+09 2.2239e+07
0.096 2.0488e+09 2.1933e+07
0.097 1.9581e+09 2.1633e+07
0.098 1.9394e+09 2.1337e+07
0.099 1.8646e+09 2.1046e+07
0.1 1.8012e+09 2.076e+07
0.101 1.7788e+09 2.0479e+07
0.102 1.7807e+09 2.0202e+07
0.103 1.7172e+09 1.9931e+07
0.104 1.6172e+09 1.9663e+07
0.105 1.5732e+09 1.9401e+07
0.106 1.552e+09 1.9143e+07
0.107 1.5108e+09 1.8889e+07
0.108 1.4429e+09 1.864e+07
0.109 1.4226e+09 1.8396e+07
0.11 1.3712e+09 1.8156e+07
0.111 1.3242e+09 1.792e+07
0.112 1.3206e+09 1.7689e+07
0.113 1.271e+09 1.7462e+07
0.114 1.2145e+09 1.7239e+07
0.115 1.176e+09 1.7021e+07
0.116 1.1565e+09 1.6806e+07
0.117 1.1289e+09 1.6596e+07
0.118 1.0791e+09 1.639e+07
0.119 1.087e+09 1.6189e+07
0.12 1.028e+09 1.5991e+07
0.121 9.9359e+08 1.5797e+07
0.122 9.6831e+08 1.5608e+07
0.123 8.5319e+08 1.5422e+07
0.124 8.9715e+08 1.524e+07
0.125 8.5559e+08 1.5062e+07
0.126 8.377e+08 1.4888e+07
0.127 8.0714e+08 1.4718e+07
0.128 7.8262e+08 1.4552e+07
0.129 7.5498e+08 1.4389e+07
0.13 7.4007e+08 1.423e+07
0.131 6.8879e+08 1.4074e+07
0.132 6.9239e+08 1.3922e+07
0.133 6.6579e+08 1.3774e+07
0.134 6.3682e+08 1.3629e+07
0.135 6.0095e+08 1.3488e+07
0.136 5.9322e+08 1.335e+07
0.137 5.5658e+08 1.3215e+07
0.138 5.4563e+08 1.3084e+07
0.139 4.9958e+08 1.2956e+07
0.14 5.1982e+08 1.2831e+07
0.141 4.6477e+08 1.2709e+07
0.142 4.5094e+08 1.259e+07
0.143 4.6713e+08 1.2474e+07
0.144 4.4153e+08 1.2362e+07
0.145 4.1666e+08 1.2252e+07
0.146 3.9053e+08 1.2145e+07
0.147 3.7803e+08 1.2041e+07
0.148 3.8732e+08 1.1939e+07
0.149 3.8281e+08 1.184e+07
0.15 3.6237e+08 1.1744e+07
0.151 3.265e+08 1.1651e+07
0.152 3.2636e+08 1.156e+07
0.153 3.2088e+08 1.1471e+07
0.154 3.203e+08 1.1385e+07
0.155 3.0196e+08 1.1301e+07
0.156 2.7447e+08 1.122e+07
0.157 2.7071e+08 1.114e+07
0.158 2.7559e+08 1.1063e+07
0.159 2.4061e+08 1.0988e+07
0.16 2.5691e+08 1.0915e+07
0.161 2.2549e+08 1.0844e+07
0.162 2.2277e+08 1.0775e+07
0.163 2.4166e+08 1.0708e+07
0.164 2.0788e+08 1.0643e+07
0.165 2.0771e+08 1.0579e+07
0.166 2.0558e+08 1.0517e+07
0.167 2.0781e+08 1.0457e+07
0.168 1.8252e+08 1.0399e+07
0.169 1.7109e+08 1.0342e+07
0.17 1.8797e+08 1.0286e+07
0.171 1.7696e+08 1.0232e+07
0.172 1.8709e+08 1.018e+07
0.173 1.6783e+08 1.0128e+07
0.174 1.5692e+08 1.0079e+07
0.175 1.3996e+08 1.003e+07
0.176 1.5155e+08 9.9826e+06
0.177 1.5303e+08 9.9364e+06
0.178 1.4216e+08 9.8914e+06
0.179 1.4441e+08 9.8474e+06
0.18 1.3157e+08 9.8046e+06
0.181 1.2135e+08 9.7628e+06
0.182 1.2757e+08 9.7219e+06
0.183 1.2383e+08 9.682e+06
0.184 9.1323e+07 9.643e+06
0.185 1.1878e+08 9.6049e+06
0.186 1.0789e+08 9.5677e+06
0.187 1.2575e+08 9.5312e+06
0.188 1.2213e+08 9.4955e+06
0.189 1.0544e+08 9.4606e+06
0.19 1.1403e+08 9.4264e+06
0.191 1.0743e+08 9.3929e+06
0.192 1.0048e+08 9.36e+06
0.193 9.0733e+07 9.3278e+06
0.194 8.923e+07 9.2961e+06
0.195 8.7326e+07 9.2651e+06
0.196 8.9862e+07 9.2346e+06
0.197 9.6087e+07 9.2047e+06
0.198 9.7449e+07 9.1752e+06
0.199 8.8416e+07 9.1463e+06
0.2 9.2437e+07 9.1178e+06
0.201 1.044e+08 9.0898e+06
0.202 6.6595e+07 9.0622e+06
0.203 9.6296e+07 9.0351e+06
0.204 9.1283e+07 9.0083e+06
0.205 9.3719e+07 8.9819e+06
0.206 6.3274e+07 8.9559e+06
0.207 9.2775e+07 8.9303e+06
0.208 6.2432e+07 8.9049e+06
0.209 7.0502e+07 8.88e+06
0.21 9.8838e+07 8.8553e+06
0.211 6.9523e+07 8.8309e+06
0.212 7.9735e+07 8.8068e+06
0.213 8.3747e+07 8.783e+06
0.214 8.2306e+07 8.7595e+06
0.215 7.685e+07 8.7362e+06
0.216 5.8393e+07 8.7132e+06
0.217 7.5392e+07 8.6904e+06
0.218 6.5141e+07 8.6679e+06
0.219 7.6249e+07 8.6455e+06
0.22 7.8912e+07 8.6234e+06
0.221 7.3611e+07 8.6015e+06
0.222 8.1141e+07 8.5798e+06
0.223 7.6806e+07 8.5583e+06
0.224 6.8788e+07 8.537e+06
0.225 7.4942e+07 8.5159e+06
0.226 7.381e+07 8.495e+06
0.227 7.2498e+07 8.4742e+06
0.228 6.2044e+07 8.4536e+06
0.229 5.1192e+07 8.4332e+06
0.23 6.3817e+07 8.4129e+06
0.231 6.5207e+07 8.3928e+06
0.232 6.6037e+07 8.3729e+06
0.233 5.4144e+07 8.3531e+06
0.234 6.3847e+07 8.3334e+06
0.235 6.0038e+07 8.3139e+06
0.236 6.3646e+07 8.2946e+06
0.237 5.7029e+07 8.2753e+06
0.238 5.3627e+07 8.2562e+06
0.239 6.6972e+07 8.2373e+06
0.24 5.1121e+07 8.2185e+06
0.241 5.5807e+07 8.1998e+06
0.242 5.9028e+07 8.1812e+06
0.243 5.5018e+07 8.1628e+06
0.244 6.1516e+07 8.1445e+06
0.245 6.1568e+07 8.1263e+06
0.246 6.3508e+07 8.1082e+06
0.247 6.3854e+07 8.0903e+06
0.248 6.29e+07 8.0724e+06
0.249 6.0604e+07 8.0547e+06
0.25 6.2526e+07 8.0371e+06
0.251 4.7642e+07 8.0196e+06
0.252 6.7872e+07 8.0022e+06
0.253 7.0229e+07 7.985e+06
0.254 4.9776e+07 7.9678e+06
0.255 5.6716e+07 7.9508e+06
0.256 6.0062e+07 7.9338e+06
0.257 5.8225e+07 7.917e+06
0.258 6.1986e+07 7.9003e+06
0.259 5.3432e+07 7.8836e+06
0.26 6.4896e+07 7.8671e+06
0.261 4.1245e+07 7.8507e+06
0.262 5.9564e+07 7.8344e+06
0.263 3.9481e+07 7.8181e+06
0.264 4.4704e+07 7.802e+06
0.265 5.7571e+07 7.786e+06
0.266 4.3849e+07 7.7701e+06
0.267 5.1525e+07 7.7543e+06
0.268 4.1477e+07 7.7385e+06
0.269 5.474e+07 7.7229e+06
0.27 4.0708e+07 7.7074e+06
0.271 3.8063e+07 7.6919e+06
0.272 4.3954e+07 7.6766e+06
0.273 4.0969e+07 7.6613e+06
0.274 5.5385e+07 7.6461e+06
0.275 5.1062e+07 7.6311e+06
0.276 4.6672e+07 7.6161e+06
0.277 3.6948e+07 7.6012e+06
0.278 5.5464e+07 7.5864e+06
0.279 4.0861e+07 7.5716e+06
0.28 3.6263e+07 7.557e+06
0.281 3.7247e+07 7.5425e+06
0.282 4.8799e+07 7.528e+06
0.283 4.4692e+07 7.5136e+06
0.284 3.8858e+07 7.4993e+06
0.285 4.9055e+07 7.4851e+06
0.286 5.5507e+07 7.471e+06
0.287 4.7911e+07 7.4569e+06
0.288 5.9388e+07 7.443e+06
0.289 4.9003e+07 7.4291e+06
0.29 4.957e+07 7.4153e+06
0.291 4.1972e+07 7.4016e+06
0.292 4.4001e+07 7.3879e+06
0.293 4.1297e+07 7.3744e+06
0.294 4.2525e+07 7.3609e+06
0.295 3.4531e+07 7.3475e+06
0.296 5.4805e+07 7.3341e+06
0.297 4.0895e+07 7.3209e+06
0.298 5.0148e+07 7.3077e+06
0.299 4.374e+07 7.2946e+06
0.3 5.3143e+07 7.2815e+06
0.301 2.3872e+07 7.2686e+06
0.302 4.8018e+07 7.2557e+06
0.303 4.0624e+07 7.2428e+06
0.304 3.3985e+07 7.2301e+06
0.305 3.4762e+07 7.2174e+06
0.306 3.0691e+07 7.2048e+06
0.307 4.8991e+07 7.1923e+06
0.308 4.0363e+07 7.1798e+06
0.309 3.7962e+07 7.1674e+06
0.31 3.8375e+07 7.1551e+06
0.311 3.1547e+07 7.1428e+06
0.312 4.2653e+07 7.1306e+06
0.313 4.0118e+07 7.1185e+06
0.314 4.1729e+07 7.1064e+06
0.315 3.5824e+07 7.0944e+06
0.316 3.8623e+07 7.0825e+06
0.317 3.104e+07 7.0706e+06
0.318 3.9147e+07 7.0588e+06
0.319 3.4054e+07 7.0471e+06
0.32 3.3241e+07 7.0354e+06
0.321 2.7135e+07 7.0238e+06
0.322 3.9279e+07 7.0122e+06
0.323 4.2663e+07 7.0008e+06
0.324 2.4274e+07 6.9893e+06
0.325 4.0571e+07 6.978e+06
0.326 4.1678e+07 6.9667e+06
0.327 2.8064e+07 6.9554e+06
0.328 4.2178e+07 6.9442e+06
0.329 2.5202e+07 6.9331e+06
0.33 3.4407e+07 6.9221e+06
0.331 2.2666e+07 6.9111e+06
0.332 3.4181e+07 6.9001e+06
0.333 4.1495e+07 6.8892e+06
0.334 3.4039e+07 6.8784e+06
0.335 3.6855e+07 6.8676e+06
0.336 3.6199e+07 6.8569e+06
0.337 2.897e+07 6.8463e+06
0.338 3.2074e+07 6.8357e+06
0.339 3.7564e+07 6.8251e+06
0.34 4.2489e+07 6.8146e+06
0.341 1.1812e+07 6.8042e+06
0.342 3.3052e+07 6.7938e+06
0.343 3.2895e+07 6.7835e+06
0.344 4.1889e+07 6.7733e+06
0.345 3.3791e+07 6.763e+06
0.346 1.7524e+07 6.7529e+06
0.347 2.6568e+07 6.7428e+06
0.348 4.1145e+07 6.7327e+06
0.349 3.3193e+07 6.7227e+06
0.35 3.5203e+07 6.7128e+06
0.351 1.6223e+07 6.7029e+06
0.352 2.7254e+07 6.693e+06
0.353 3.0894e+07 6.6832e+06
0.354 4.1905e+07 6.6735e+06
0.355 3.9473e+07 6.6638e+06
0.356 3.9684e+07 6.6542e+06
0.357 3.234e+07 6.6446e+06
0.358 2.6072e+07 6.635e+06
0.359 2.0746e+07 6.6255e+06
0.36 2.6738e+07 6.6161e+06
0.361 3.0676e+07 6.6067e+06
0.362 3.8758e+07 6.5973e+06
0.363 4.2534e+07 6.588e+06
0.364 4.0066e+07 6.5788e+06
0.365 4.6695e+07 6.5696e+06
0.366 2.9292e+07 6.5604e+06
0.367 2.0173e+07 6.5513e+06
0.368 3.6447e+07 6.5422e+06
0.369 3.6456e+07 6.5332e+06
0.37 3.337e+07 6.5242e+06
0.371 3.3882e+07 6.5153e+06
0.372 2.5913e+07 6.5064e+06
0.373 2.1726e+07 6.4975e+06
0.374 2.1655e+07 6.4887e+06
0.375 2.7446e+07 6.48e+06
0.376 2.8291e+07 6.4712e+06
0.377 3.1859e+07 6.4626e+06
0.378 2.5326e+07 6.4539e+06
0.379 2.9798e+07 6.4453e+06
0.38 1.967e+07 6.4368e+06
0.381 3.9644e+07 6.4282e+06
0.382 3.9777e+07 6.4198e+06
0.383 2.6327e+07 6.4113e+06
0.384 2.9046e+07 6.4029e+06
0.385 3.5938e+07 6.3946e+06
0.386 3.0325e+07 6.3862e+06
0.387 3.725e+07 6.3779e+06
0.388 2.4636e+07 6.3697e+06
0.389 3.5363e+07 6.3615e+06
0.39 2.5937e+07 6.3533e+06
0.391 2.9657e+07 6.3452e+06
0.392 3.0738e+07 6.3371e+06
0.393 2.3805e+07 6.329e+06
0.394 2.9202e+07 6.3209e+06
0.395 3.5513e+07 6.3129e+06
0.396 3.3435e+07 6.305e+06
0.397 2.3555e+07 6.297e+06
0.398 2.2576e+07 6.2891e+06
0.399 2.6196e+07 6.2813e+06
0.4 2.3747e+07 6.2734e+06
0.401 2.3133e+07 6.2656e+06
0.402 3.7762e+07 6.2578e+06
0.403 3.597e+07 6.2501e+06
0.404 2.8045e+07 6.2424e+06
0.405 3.1283e+07 6.2347e+06
0.406 3.3519e+07 6.227e+06
0.407 3.6069e+07 6.2194e+06
0.408 3.3264e+07 6.2118e+06
0.409 3.4095e+07 6.2042e+06
0.41 2.5861e+07 6.1967e+06
0.411 2.8042e+07 6.1892e+06
0.412 2.3585e+07 6.1817e+06
0.413 4.1065e+07 6.1742e+06
0.414 3.4603e+07 6.1668e+06
0.415 3.399e+07 6.1594e+06
0.416 2.7451e+07 6.152e+06
0.417 2.4765e+07 6.1446e+06
0.418 2.7804e+07 6.1373e+06
0.419 3.0884e+07 6.13e+06
0.42 3.842e+07 6.1227e+06
0.421 3.052e+07 6.1155e+06
0.422 3.0699e+07 6.1082e+06
0.423 3.8623e+07 6.101e+06
0.424 2.6761e+07 6.0939e+06
0.425 2.939e+07 6.0867e+06
0.426 3.3145e+07 6.0796e+06
0.427 3.2366e+07 6.0725e+06
0.428 2.0195e+07 6.0654e+06
0.429 3.0625e+07 6.0583e+06
0.43 3.4269e+07 6.0513e+06
0.431 2.7214e+07 6.0443e+06
0.432 3.2664e+07 6.0373e+06
0.433 2.5501e+07 6.0303e+06
0.434 3.4601e+07 6.0233e+06
0.435 3.6129e+07 6.0164e+06
0.436 3.6999e+07 6.0095e+06
0.437 2.3206e+07 6.0026e+06
0.438 3.3112e+07 5.9958e+06
0.439 2.759e+07 5.9889e+06
0.44 3.2171e+07 5.9821e+06
0.441 2.4055e+07 5.9753e+06
0.442 2.8502e+07 5.9685e+06
0.443 4.1213e+07 5.9618e+06
0.444 3.4606e+07 5.955e+06
0.445 3.243e+07 5.9483e+06
0.446 2.5416e+07 5.9416e+06
0.447 3.3003e+07 5.935e+06
0.448 4.4551e+07 5.9283e+06
0.449 3.0716e+07 5.9217e+06
0.45 2.5422e+07 5.9151e+06
0.451 3.5431e+07 5.9085e+06
0.452 2.808e+07 5.9019e+06
0.453 2.5806e+07 5.8954e+06
0.454 3.108e+07 5.8889e+06
0.455 3.8455e+07 5.8824e+06
0.456 3.4215e+07 5.8759e+06
0.457 3.7e+07 5.8694e+06
0.458 2.078e+07 5.863e+06
0.459 2.1557e+07 5.8566e+06
0.46 2.4826e+07 5.8502e+06
0.461 2.952e+07 5.8438e+06
0.462 1.9934e+07 5.8375e+06
0.463 3.0649e+07 5.8311e+06
0.464 2.2448e+07 5.8248e+06
0.465 2.9157e+07 5.8185e+06
0.466 3.4357e+07 5.8123e+06
0.467 3.2566e+07 5.806e+06
0.468 2.8028e+07 5.7998e+06
0.469 2.6511e+07 5.7936e+06
0.47 3.7252e+07 5.7874e+06
0.471 3.0378e+07 5.7812e+06
0.472 4.0672e+07 5.7751e+06
0.473 3.1374e+07 5.769e+06
0.474 2.3698e+07 5.7629e+06
0.475 3.1914e+07 5.7568e+06
0.476 3.0356e+07 5.7508e+06
0.477 2.8508e+07 5.7447e+06
0.478 3.244e+07 5.7387e+06
0.479 3.6648e+07 5.7327e+06
0.48 2.2312e+07 5.7268e+06
0.481 2.2477e+07 5.7208e+06
0.482 3.1704e+07 5.7149e+06
0.483 2.1636e+07 5.709e+06
0.484 2.7544e+07 5.7031e+06
0.485 2.7003e+07 5.6972e+06
0.486 3.3131e+07 5.6914e+06
0.487 3.4116e+07 5.6856e+06
0.488 3.4157e+07 5.6798e+06
0.489 3.3266e+07 5.674e+06
0.49 2.6046e+07 5.6682e+06
0.491 3.1787e+07 5.6625e+06
0.492 3.3207e+07 5.6568e+06
0.493 2.9844e+07 5.6511e+06
0.494 2.9314e+07 5.6454e+06
0.495 3.9714e+07 5.6397e+06
0.496 2.3521e+07 5.6341e+06
0.497 2.662e+07 5.6285e+06
0.498 3.3723e+07 5.6229e+06
0.499 3.3443e+07 5.6173e+06
0.5 4.1518e+07 5.6117e+06
