0.001 7.5964e+09 3.7761e+08
0.002 7.4543e+09 2.6697e+08
0.003 7.3716e+09 2.1792e+08
0.004 6.9968e+09 1.8866e+08
0.005 7.2281e+09 1.6866e+08
0.006 7.0857e+09 1.5387e+08
0.007 7.1751e+09 1.4236e+08
0.008 7.3606e+09 1.3306e+08
0.009 7.1164e+09 1.2533e+08
0.01 7.4389e+09 1.1878e+08
0.011 7.2643e+09 1.1313e+08
0.012 7.2652e+09 1.0818e+08
0.013 7.2348e+09 1.0379e+08
0.014 7.3722e+09 9.9873e+07
0.015 7.0689e+09 9.6337e+07
0.016 6.9866e+09 9.3124e+07
0.017 7.089e+09 9.0184e+07
0.018 6.9465e+09 8.748e+07
0.019 6.9765e+09 8.4979e+07
0.02 6.7918e+09 8.2655e+07
0.021 6.9414e+09 8.0487e+07
0.022 6.9112e+09 7.8457e+07
0.023 6.881e+09 7.6549e+07
0.024 6.8195e+09 7.475e+07
0.025 6.7735e+09 7.3049e+07
0.026 6.7867e+09 7.1437e+07
0.027 6.7307e+09 6.9905e+07
0.028 6.7205e+09 6.8445e+07
0.029 6.5388e+09 6.7052e+07
0.03 6.5099e+09 6.572e+07
0.031 6.5354e+09 6.4443e+07
0.032 6.4561e+09 6.3218e+07
0.033 6.3506e+09 6.2039e+07
0.034 6.4197e+09 6.0905e+07
0.035 6.286e+09 5.9811e+07
0.036 6.3113e+09 5.8755e+07
0.037 6.2395e+09 5.7734e+07
0.038 6.2018e+09 5.6746e+07
0.039 6.0593e+09 5.5788e+07
0.04 6.0687e+09 5.4859e+07
0.041 5.8998e+09 5.3958e+07
0.042 5.7638e+09 5.3082e+07
0.043 5.7927e+09 5.2229e+07
0.044 5.6572e+09 5.14e+07
0.045 5.6802e+09 5.0592e+07
0.046 5.636e+09 4.9804e+07
0.047 5.6143e+09 4.9035e+07
0.048 5.5238e+09 4.8284e+07
0.049 5.4015e+09 4.7551e+07
0.05 5.2787e+09 4.6835e+07
0.051 5.2507e+09 4.6134e+07
0.052 5.1946e+09 4.5448e+07
0.053 5.122e+09 4.4777e+07
0.054 5.0461e+09 4.412e+07
0.055 4.9873e+09 4.3476e+07
0.056 4.9259e+09 4.2845e+07
0.057 4.8183e+09 4.2225e+07
0.058 4.7985e+09 4.1618e+07
0.059 4.722e+09 4.1022e+07
0.06 4.6036e+09 4.0437e+07
0.061 4.5043e+09 3.9863e+07
0.062 4.4825e+09 3.9299e+07
0.063 4.4047e+09 3.8745e+07
0.064 4.3425e+09 3.8201e+07
0.065 4.2573e+09 3.7666e+07
0.066 4.2264e+09 3.714e+07
0.067 4.09e+09 3.6623e+07
0.068 4.1256e+09 3.6114e+07
0.069 3.9504e+09 3.5614e+07
0.07 3.8961e+09 3.5122e+07
0.071 3.9161e+09 3.4638e+07
0.072 3.7793e+09 3.4162e+07
0.073 3.6612e+09 3.3693e+07
0.074 3.6348e+09 3.3232e+07
0.075 3.5758e+09 3.2778e+07
0.076 3.4817e+09 3.2331e+07
0.077 3.4265e+09 3.1892e+07
0.078 3.3115e+09 3.1459e+07
0.079 3.2992e+09 3.1033e+07
0.08 3.1874e+09 3.0613e+07
0.081 3.1546e+09 3.0201e+07
0.082 3.0655e+09 2.9794e+07
0.083 3.0783e+09 2.9394e+07
0.084 2.9695e+09 2.9e+07
0.085 2.9164e+09 2.8612e+07
0.086 2.8342e+09 2.8231e+07
0.087 2.7492e+09 2.7855e+07
0.088 2.7307e+09 2.7485e+07
0.089 2.6218e+09 2.7122e+07
0.09 2.5502e+09 2.6763e+07
0.091 2.5237e+09 2.6411e+07
0.092 2.4556e+09 2.6064e+07
0.093 2.3726e+09 2.5723e+07
0.094 2.3482e+09 2.5388e+07
0.095 2.2985e+09 2.5057e+07
0.096 2.2573e+09 2.4733e+07
0.097 2.1316e+09 2.4413e+07
0.098 2.1161e+09 2.4099e+07
0.099 2.0176e+09 2.379e+07
0.1 1.9892e+09 2.3487e+07
0.101 1.9244e+09 2.3188e+07
0.102 1.9091e+09 2.2895e+07
0.103 1.8312e+09 2.2607e+07
0.104 1.7864e+09 2.2323e+07
0.105 1.7469e+09 2.2045e+07
0.106 1.7219e+09 2.1772e+07
0.107 1.6432e+09 2.1503e+07
0.108 1.5618e+09 2.124e+07
0.109 1.5368e+09 2.0981e+07
0.11 1.4758e+09 2.0727e+07
0.111 1.4576e+09 2.0478e+07
0.112 1.4057e+09 2.0233e+07
0.113 1.3808e+09 1.9993e+07
0.114 1.3258e+09 1.9758e+07
0.115 1.3137e+09 1.9528e+07
0.116 1.2479e+09 1.9301e+07
0.117 1.2148e+09 1.908e+07
0.118 1.21e+09 1.8862e+07
0.119 1.1416e+09 1.865e+07
0.12 1.1261e+09 1.8441e+07
0.121 1.0907e+09 1.8237e+07
0.122 1.0125e+09 1.8037e+07
0.123 1.0379e+09 1.7841e+07
0.124 9.9724e+08 1.765e+07
0.125 9.5275e+08 1.7462e+07
0.126 9.4256e+08 1.7279e+07
0.127 9.0705e+08 1.7099e+07
0.128 8.646e+08 1.6924e+07
0.129 8.4626e+08 1.6752e+07
0.13 7.7045e+08 1.6585e+07
0.131 7.7806e+08 1.6421e+07
0.132 7.4049e+08 1.6261e+07
0.133 7.2087e+08 1.6105e+07
0.134 7.0717e+08 1.5952e+07
0.135 6.7921e+08 1.5803e+07
0.136 6.9381e+08 1.5657e+07
0.137 6.376e+08 1.5515e+07
0.138 6.1208e+08 1.5376e+07
0.139 6.0314e+08 1.5241e+07
0.14 5.7438e+08 1.5109e+07
0.141 5.6488e+08 1.4981e+07
0.142 5.3967e+08 1.4855e+07
0.143 5.1625e+08 1.4733e+07
0.144 5.0012e+08 1.4613e+07
0.145 4.7234e+08 1.4497e+07
0.146 4.8269e+08 1.4384e+07
0.147 4.5683e+08 1.4273e+07
0.148 4.1648e+08 1.4165e+07
0.149 4.3695e+08 1.4061e+07
0.15 3.9592e+08 1.3958e+07
0.151 3.7294e+08 1.3859e+07
0.152 3.8479e+08 1.3762e+07
0.153 3.8796e+08 1.3667e+07
0.154 3.6662e+08 1.3575e+07
0.155 3.5271e+08 1.3486e+07
0.156 3.3957e+08 1.3399e+07
0.157 3.0271e+08 1.3314e+07
0.158 3.0262e+08 1.3231e+07
0.159 3.0623e+08 1.315e+07
0.16 2.8979e+08 1.3072e+07
0.161 2.877e+08 1.2995e+07
0.162 2.7537e+08 1.2921e+07
0.163 2.9202e+08 1.2848e+07
0.164 2.6264e+08 1.2777e+07
0.165 2.476e+08 1.2708e+07
0.166 2.2906e+08 1.2641e+07
0.167 2.4133e+08 1.2576e+07
0.168 2.0893e+08 1.2512e+07
0.169 2.4231e+08 1.2449e+07
0.17 2.1086e+08 1.2389e+07
0.171 2.0819e+08 1.2329e+07
0.172 1.9768e+08 1.2272e+07
0.173 1.8829e+08 1.2215e+07
0.174 1.927e+08 1.216e+07
0.175 1.904e+08 1.2106e+07
0.176 1.9445e+08 1.2054e+07
0.177 1.7134e+08 1.2003e+07
0.178 1.5322e+08 1.1952e+07
0.179 1.7159e+08 1.1903e+07
0.18 1.7539e+08 1.1856e+07
0.181 1.5864e+08 1.1809e+07
0.182 1.5979e+08 1.1763e+07
0.183 1.3887e+08 1.1718e+07
0.184 1.3691e+08 1.1674e+07
0.185 1.589e+08 1.1631e+07
0.186 1.5233e+08 1.1589e+07
0.187 1.6647e+08 1.1547e+07
0.188 1.5774e+08 1.1507e+07
0.189 1.4246e+08 1.1467e+07
0.19 1.3009e+08 1.1428e+07
0.191 1.3925e+08 1.1389e+07
0.192 1.3374e+08 1.1351e+07
0.193 1.4069e+08 1.1314e+07
0.194 1.3233e+08 1.1278e+07
0.195 1.4441e+08 1.1242e+07
0.196 1.0238e+08 1.1207e+07
0.197 1.3239e+08 1.1172e+07
0.198 1.2227e+08 1.1138e+07
0.199 1.155e+08 1.1104e+07
0.2 1.2605e+08 1.1071e+07
0.201 1.2922e+08 1.1038e+07
0.202 1.157e+08 1.1006e+07
0.203 1.1935e+08 1.0974e+07
0.204 1.3873e+08 1.0943e+07
0.205 1.3521e+08 1.0912e+07
0.206 9.3742e+07 1.0881e+07
0.207 1.0991e+08 1.0851e+07
0.208 1.1594e+08 1.0821e+07
0.209 1.1695e+08 1.0792e+07
0.21 1.0585e+08 1.0762e+07
0.211 1.0396e+08 1.0733e+07
0.212 9.5611e+07 1.0705e+07
0.213 9.5602e+07 1.0677e+07
0.214 1.0585e+08 1.0649e+07
0.215 9.183e+07 1.0621e+07
0.216 9.7497e+07 1.0593e+07
0.217 1.1e+08 1.0566e+07
0.218 9.574e+07 1.0539e+07
0.219 9.3653e+07 1.0512e+07
0.22 1.2535e+08 1.0486e+07
0.221 8.5209e+07 1.046e+07
0.222 9.693e+07 1.0434e+07
0.223 8.6898e+07 1.0408e+07
0.224 9.5301e+07 1.0382e+07
0.225 1.1648e+08 1.0357e+07
0.226 1.0188e+08 1.0332e+07
0.227 1.0123e+08 1.0307e+07
0.228 9.0668e+07 1.0282e+07
0.229 1.0622e+08 1.0257e+07
0.23 9.6909e+07 1.0233e+07
0.231 1.0662e+08 1.0208e+07
0.232 9.9111e+07 1.0184e+07
0.233 1.058e+08 1.016e+07
0.234 7.9155e+07 1.0137e+07
0.235 9.5619e+07 1.0113e+07
0.236 8.4466e+07 1.009e+07
0.237 8.0382e+07 1.0066e+07
0.238 7.16e+07 1.0043e+07
0.239 1.0414e+08 1.002e+07
0.24 1.087e+08 9.9972e+06
0.241 8.0323e+07 9.9745e+06
0.242 9.5804e+07 9.9519e+06
0.243 1.0135e+08 9.9295e+06
0.244 9.9357e+07 9.9072e+06
0.245 1.0323e+08 9.8851e+06
0.246 8.2557e+07 9.8631e+06
0.247 8.698e+07 9.8412e+06
0.248 6.5111e+07 9.8195e+06
0.249 1.0298e+08 9.7979e+06
0.25 9.5679e+07 9.7764e+06
0.251 8.703e+07 9.755e+06
0.252 7.128e+07 9.7338e+06
0.253 8.3377e+07 9.7127e+06
0.254 7.6762e+07 9.6918e+06
0.255 7.797e+07 9.6709e+06
0.256 7.2758e+07 9.6502e+06
0.257 6.6906e+07 9.6297e+06
0.258 8.3177e+07 9.6092e+06
0.259 7.0012e+07 9.5888e+06
0.26 5.5416e+07 9.5686e+06
0.261 6.7147e+07 9.5485e+06
0.262 7.2894e+07 9.5285e+06
0.263 8.1131e+07 9.5087e+06
0.264 8.3898e+07 9.4889e+06
0.265 8.0323e+07 9.4693e+06
0.266 7.6036e+07 9.4498e+06
0.267 8.675e+07 9.4304e+06
0.268 7.2405e+07 9.4111e+06
0.269 6.7268e+07 9.3919e+06
0.27 7.5758e+07 9.3728e+06
0.271 7.3191e+07 9.3539e+06
0.272 7.4986e+07 9.335e+06
0.273 5.5352e+07 9.3163e+06
0.274 8.1346e+07 9.2977e+06
0.275 5.7893e+07 9.2792e+06
0.276 7.0175e+07 9.2608e+06
0.277 7.1318e+07 9.2425e+06
0.278 7.9887e+07 9.2243e+06
0.279 8.1386e+07 9.2062e+06
0.28 6.7048e+07 9.1882e+06
0.281 7.0897e+07 9.1703e+06
0.282 6.1749e+07 9.1526e+06
0.283 6.2323e+07 9.1349e+06
0.284 6.1189e+07 9.1173e+06
0.285 8.0564e+07 9.0999e+06
0.286 4.9359e+07 9.0825e+06
0.287 5.7108e+07 9.0652e+06
0.288 5.5488e+07 9.0481e+06
0.289 6.2085e+07 9.031e+06
0.29 7.3271e+07 9.014e+06
0.291 7.2253e+07 8.9972e+06
0.292 4.7312e+07 8.9804e+06
0.293 6.2947e+07 8.9637e+06
0.294 6.3338e+07 8.9471e+06
0.295 5.166e+07 8.9306e+06
0.296 5.1058e+07 8.9143e+06
0.297 5.0374e+07 8.8979e+06
0.298 5.5683e+07 8.8817e+06
0.299 5.8528e+07 8.8656e+06
0.3 6.8367e+07 8.8496e+06
0.301 6.5715e+07 8.8337e+06
0.302 4.6423e+07 8.8178e+06
0.303 5.0068e+07 8.8021e+06
0.304 5.6741e+07 8.7864e+06
0.305 4.9445e+07 8.7708e+06
0.306 5.7358e+07 8.7553e+06
0.307 7.6022e+07 8.74e+06
0.308 4.7592e+07 8.7246e+06
0.309 6.4857e+07 8.7094e+06
0.31 5.1501e+07 8.6943e+06
0.311 5.1481e+07 8.6792e+06
0.312 6.4725e+07 8.6642e+06
0.313 5.6931e+07 8.6493e+06
0.314 4.2907e+07 8.6345e+06
0.315 6.5486e+07 8.6198e+06
0.316 4.1446e+07 8.6052e+06
0.317 7.2566e+07 8.5906e+06
0.318 5.1685e+07 8.5761e+06
0.319 4.0968e+07 8.5617e+06
0.32 5.7551e+07 8.5474e+06
0.321 4.9701e+07 8.5331e+06
0.322 4.8893e+07 8.519e+06
0.323 3.8603e+07 8.5049e+06
0.324 4.1743e+07 8.4909e+06
0.325 5.0619e+07 8.4769e+06
0.326 6.4071e+07 8.4631e+06
0.327 5.3603e+07 8.4493e+06
0.328 3.9343e+07 8.4356e+06
0.329 5.3307e+07 8.4219e+06
0.33 3.6859e+07 8.4084e+06
0.331 3.6883e+07 8.3949e+06
0.332 4.1236e+07 8.3815e+06
0.333 4.5901e+07 8.3681e+06
0.334 4.5988e+07 8.3549e+06
0.335 4.8807e+07 8.3417e+06
0.336 4.2935e+07 8.3285e+06
0.337 3.8618e+07 8.3155e+06
0.338 5.681e+07 8.3025e+06
0.339 4.7773e+07 8.2896e+06
0.34 3.646e+07 8.2767e+06
0.341 6.8156e+07 8.2639e+06
0.342 4.6804e+07 8.2512e+06
0.343 2.3211e+07 8.2386e+06
0.344 3.6442e+07 8.226e+06
0.345 5.5009e+07 8.2135e+06
0.346 4.5819e+07 8.201e+06
0.347 4.8148e+07 8.1887e+06
0.348 3.7428e+07 8.1763e+06
0.349 4.6665e+07 8.1641e+06
0.35 4.7195e+07 8.1519e+06
0.351 4.6695e+07 8.1398e+06
0.352 4.7117e+07 8.1277e+06
0.353 4.5682e+07 8.1157e+06
0.354 3.7052e+07 8.1038e+06
0.355 4.4605e+07 8.0919e+06
0.356 3.0966e+07 8.0801e+06
0.357 4.3887e+07 8.0683e+06
0.358 4.5183e+07 8.0566e+06
0.359 3.1108e+07 8.045e+06
0.36 5.7065e+07 8.0334e+06
0.361 3.5757e+07 8.0219e+06
0.362 3.879e+07 8.0104e+06
0.363 5.1306e+07 7.999e+06
0.364 4.9663e+07 7.9877e+06
0.365 3.9297e+07 7.9764e+06
0.366 2.0015e+07 7.9651e+06
0.367 3.9445e+07 7.954e+06
0.368 5.7861e+07 7.9428e+06
0.369 2.8912e+07 7.9318e+06
0.37 3.7045e+07 7.9207e+06
0.371 3.9222e+07 7.9098e+06
0.372 3.5599e+07 7.8989e+06
0.373 5.0972e+07 7.888e+06
0.374 5.0405e+07 7.8772e+06
0.375 3.1607e+07 7.8665e+06
0.376 3.4579e+07 7.8558e+06
0.377 3.1796e+07 7.8451e+06
0.378 4.2832e+07 7.8345e+06
0.379 6.2371e+07 7.8239e+06
0.38 3.9522e+07 7.8134e+06
0.381 2.958e+07 7.803e+06
0.382 3.9939e+07 7.7926e+06
0.383 3.494e+07 7.7822e+06
0.384 2.8544e+07 7.7719e+06
0.385 3.202e+07 7.7616e+06
0.386 4.385e+07 7.7514e+06
0.387 2.8746e+07 7.7412e+06
0.388 2.7218e+07 7.7311e+06
0.389 3.1371e+07 7.721e+06
0.39 4.8538e+07 7.711e+06
0.391 5.2559e+07 7.701e+06
0.392 3.4082e+07 7.691e+06
0.393 3.1734e+07 7.6811e+06
0.394 4.3481e+07 7.6712e+06
0.395 3.7837e+07 7.6614e+06
0.396 3.2407e+07 7.6516e+06
0.397 3.8687e+07 7.6418e+06
0.398 4.2748e+07 7.6321e+06
0.399 3.3214e+07 7.6224e+06
0.4 4.2215e+07 7.6128e+06
0.401 3.2268e+07 7.6032e+06
0.402 4.8707e+07 7.5937e+06
0.403 3.5614e+07 7.5841e+06
0.404 4.7072e+07 7.5747e+06
0.405 4.6596e+07 7.5652e+06
0.406 3.1198e+07 7.5558e+06
0.407 2.1503e+07 7.5464e+06
0.408 4.1912e+07 7.5371e+06
0.409 5.1491e+07 7.5278e+06
0.41 3.348e+07 7.5185e+06
0.411 3.6642e+07 7.5093e+06
0.412 3.5372e+07 7.5001e+06
0.413 2.9959e+07 7.491e+06
0.414 2.298e+07 7.4818e+06
0.415 4.1776e+07 7.4727e+06
0.416 4.6033e+07 7.4637e+06
0.417 4.4219e+07 7.4546e+06
0.418 4.9276e+07 7.4456e+06
0.419 4.7911e+07 7.4367e+06
0.42 3.5005e+07 7.4277e+06
0.421 4.1329e+07 7.4188e+06
0.422 3.9052e+07 7.4099e+06
0.423 3.4403e+07 7.4011e+06
0.424 3.0906e+07 7.3923e+06
0.425 3.8845e+07 7.3835e+06
0.426 2.9645e+07 7.3747e+06
0.427 3.0328e+07 7.366e+06
0.428 4.336e+07 7.3573e+06
0.429 4.3554e+07 7.3487e+06
0.43 4.3117e+07 7.34e+06
0.431 4.8003e+07 7.3314e+06
0.432 3.9375e+07 7.3228e+06
0.433 3.1626e+07 7.3143e+06
0.434 3.7609e+07 7.3057e+06
0.435 3.171e+07 7.2972e+06
0.436 5.3078e+07 7.2888e+06
0.437 4.0195e+07 7.2803e+06
0.438 3.3577e+07 7.2719e+06
0.439 4.831e+07 7.2635e+06
0.44 3.9241e+07 7.2552e+06
0.441 2.7607e+07 7.2468e+06
0.442 4.4235e+07 7.2385e+06
0.443 4.0837e+07 7.2303e+06
0.444 2.2454e+07 7.222e+06
0.445 3.8578e+07 7.2138e+06
0.446 3.7874e+07 7.2056e+06
0.447 4.0493e+07 7.1974e+06
0.448 3.5547e+07 7.1892e+06
0.449 4.1015e+07 7.1811e+06
0.45 3.8976e+07 7.173e+06
0.451 3.4155e+07 7.165e+06
0.452 3.9425e+07 7.1569e+06
0.453 4.6038e+07 7.1489e+06
0.454 4.7342e+07 7.1409e+06
0.455 3.3266e+07 7.1329e+06
0.456 3.9353e+07 7.125e+06
0.457 3.5739e+07 7.1171e+06
0.458 4.1178e+07 7.1092e+06
0.459 3.9508e+07 7.1013e+06
0.46 4.4573e+07 7.0935e+06
0.461 5.5615e+07 7.0857e+06
0.462 4.1413e+07 7.0779e+06
0.463 4.1923e+07 7.0702e+06
0.464 4.3878e+07 7.0624e+06
0.465 3.7483e+07 7.0547e+06
0.466 3.6358e+07 7.047e+06
0.467 3.6613e+07 7.0394e+06
0.468 4.4663e+07 7.0318e+06
0.469 2.1599e+07 7.0241e+06
0.47 3.6574e+07 7.0166e+06
0.471 5.5466e+07 7.009e+06
0.472 3.4091e+07 7.0015e+06
0.473 3.5779e+07 6.994e+06
0.474 4.2796e+07 6.9865e+06
0.475 4.2427e+07 6.9791e+06
0.476 3.4857e+07 6.9716e+06
0.477 2.9647e+07 6.9642e+06
0.478 4.3746e+07 6.9569e+06
0.479 3.4007e+07 6.9495e+06
0.48 2.6832e+07 6.9422e+06
0.481 2.8981e+07 6.9349e+06
0.482 4.7246e+07 6.9276e+06
0.483 3.3829e+07 6.9204e+06
0.484 3.5325e+07 6.9132e+06
0.485 3.7649e+07 6.906e+06
0.486 2.9691e+07 6.8988e+06
0.487 4.4036e+07 6.8916e+06
0.488 2.7843e+07 6.8845e+06
0.489 4.7878e+07 6.8774e+06
0.49 4.5709e+07 6.8703e+06
0.491 3.9248e+07 6.8633e+06
0.492 5.1648e+07 6.8563e+06
0.493 4.031e+07 6.8493e+06
0.494 1.4068e+07 6.8423e+06
0.495 3.3367e+07 6.8353e+06
0.496 3.2394e+07 6.8284e+06
0.497 3.544e+07 6.8215e+06
0.498 2.8433e+07 6.8146e+06
0.499 3.5285e+07 6.8077e+06
0.5 3.3517e+07 6.8009e+06
