0.001 6.4696e+09 3.1777e+08
0.002 6.8575e+09 2.2466e+08
0.003 6.2831e+09 1.8338e+08
0.004 6.3218e+09 1.5875e+08
0.005 6.0917e+09 1.4192e+08
0.006 6.4112e+09 1.2947e+08
0.007 6.4186e+09 1.1978e+08
0.008 6.2056e+09 1.1195e+08
0.009 6.2734e+09 1.0545e+08
0.01 6.1045e+09 9.9929e+07
0.011 6.2011e+09 9.5166e+07
0.012 6.2385e+09 9.0997e+07
0.013 6.1726e+09 8.7305e+07
0.014 6.1988e+09 8.4001e+07
0.015 6.0766e+09 8.1021e+07
0.016 6.0738e+09 7.8312e+07
0.017 6.1274e+09 7.5833e+07
0.018 6.0685e+09 7.3552e+07
0.019 6.0047e+09 7.1442e+07
0.02 6.0395e+09 6.9481e+07
0.021 5.9299e+09 6.7651e+07
0.022 5.9148e+09 6.5937e+07
0.023 5.8821e+09 6.4325e+07
0.024 5.9016e+09 6.2806e+07
0.025 5.7928e+09 6.1368e+07
0.026 5.7351e+09 6.0005e+07
0.027 5.7903e+09 5.871e+07
0.028 5.6661e+09 5.7475e+07
0.029 5.6633e+09 5.6296e+07
0.03 5.6123e+09 5.5168e+07
0.031 5.6154e+09 5.4087e+07
0.032 5.4885e+09 5.3049e+07
0.033 5.4141e+09 5.2051e+07
0.034 5.4473e+09 5.1089e+07
0.035 5.4312e+09 5.0162e+07
0.036 5.3065e+09 4.9266e+07
0.037 5.3503e+09 4.8399e+07
0.038 5.2108e+09 4.756e+07
0.039 5.178e+09 4.6747e+07
0.04 5.0895e+09 4.5958e+07
0.041 4.9757e+09 4.5192e+07
0.042 5.084e+09 4.4447e+07
0.043 5.0044e+09 4.3722e+07
0.044 4.926e+09 4.3016e+07
0.045 4.8383e+09 4.2328e+07
0.046 4.7818e+09 4.1657e+07
0.047 4.7111e+09 4.1002e+07
0.048 4.6397e+09 4.0363e+07
0.049 4.6356e+09 3.9738e+07
0.05 4.5697e+09 3.9127e+07
0.051 4.45e+09 3.8529e+07
0.052 4.4912e+09 3.7944e+07
0.053 4.3589e+09 3.7371e+07
0.054 4.3164e+09 3.6809e+07
0.055 4.2736e+09 3.6259e+07
0.056 4.2289e+09 3.5719e+07
0.057 4.2191e+09 3.519e+07
0.058 4.1079e+09 3.467e+07
0.059 4.0106e+09 3.416e+07
0.06 3.9029e+09 3.366e+07
0.061 3.9113e+09 3.3168e+07
0.062 3.9171e+09 3.2684e+07
0.063 3.7714e+09 3.221e+07
0.064 3.7556e+09 3.1743e+07
0.065 3.685e+09 3.1284e+07
0.066 3.5589e+09 3.0832e+07
0.067 3.5227e+09 3.0388e+07
0.068 3.4927e+09 2.9951e+07
0.069 3.3945e+09 2.9522e+07
0.07 3.4008e+09 2.9099e+07
0.071 3.3286e+09 2.8682e+07
0.072 3.2429e+09 2.8273e+07
0.073 3.152e+09 2.7869e+07
0.074 3.1556e+09 2.7472e+07
0.075 3.0793e+09 2.7081e+07
0.076 2.964e+09 2.6696e+07
0.077 2.8922e+09 2.6317e+07
0.078 2.8691e+09 2.5944e+07
0.079 2.7955e+09 2.5576e+07
0.08 2.798e+09 2.5214e+07
0.081 2.7175e+09 2.4858e+07
0.082 2.6204e+09 2.4507e+07
0.083 2.6093e+09 2.4161e+07
0.084 2.4666e+09 2.382e+07
0.085 2.4963e+09 2.3485e+07
0.086 2.42e+09 2.3155e+07
0.087 2.3972e+09 2.2829e+07
0.088 2.2709e+09 2.2509e+07
0.089 2.2162e+09 2.2194e+07
0.09 2.1967e+09 2.1883e+07
0.091 2.1173e+09 2.1578e+07
0.092 2.0883e+09 2.1277e+07
0.093 2.0222e+09 2.0981e+07
0.094 1.9603e+09 2.0689e+07
0.095 1.953e+09 2.0402e+07
0.096 1.9235e+09 2.012e+07
0.097 1.8733e+09 1.9842e+07
0.098 1.8129e+09 1.9568e+07
0.099 1.7528e+09 1.93e+07
0.1 1.7243e+09 1.9035e+07
0.101 1.6544e+09 1.8775e+07
0.102 1.5859e+09 1.8519e+07
0.103 1.5768e+09 1.8268e+07
0.104 1.5636e+09 1.8021e+07
0.105 1.4722e+09 1.7778e+07
0.106 1.4537e+09 1.7539e+07
0.107 1.4131e+09 1.7304e+07
0.108 1.3515e+09 1.7074e+07
0.109 1.3434e+09 1.6847e+07
0.11 1.2928e+09 1.6625e+07
0.111 1.2304e+09 1.6407e+07
0.112 1.2125e+09 1.6193e+07
0.113 1.18e+09 1.5982e+07
0.114 1.1363e+09 1.5776e+07
0.115 1.1222e+09 1.5574e+07
0.116 1.0563e+09 1.5375e+07
0.117 1.045e+09 1.5181e+07
0.118 9.8272e+08 1.499e+07
0.119 9.5435e+08 1.4803e+07
0.12 9.345e+08 1.4619e+07
0.121 9.3119e+08 1.444e+07
0.122 8.9352e+08 1.4264e+07
0.123 8.4655e+08 1.4091e+07
0.124 8.3042e+08 1.3923e+07
0.125 7.9235e+08 1.3758e+07
0.126 7.8158e+08 1.3596e+07
0.127 7.5567e+08 1.3438e+07
0.128 7.3233e+08 1.3283e+07
0.129 7.0966e+08 1.3132e+07
0.13 6.6588e+08 1.2984e+07
0.131 6.6439e+08 1.284e+07
0.132 6.3495e+08 1.2699e+07
0.133 6.2532e+08 1.2561e+07
0.134 5.9499e+08 1.2426e+07
0.135 5.753e+08 1.2294e+07
0.136 5.5596e+08 1.2166e+07
0.137 5.5385e+08 1.204e+07
0.138 4.9893e+08 1.1918e+07
0.139 4.9394e+08 1.1799e+07
0.14 5.0953e+08 1.1682e+07
0.141 4.564e+08 1.1569e+07
0.142 4.549e+08 1.1458e+07
0.143 4.3793e+08 1.135e+07
0.144 4.0346e+08 1.1245e+07
0.145 4.0624e+08 1.1142e+07
0.146 3.852e+08 1.1042e+07
0.147 3.7293e+08 1.0945e+07
0.148 3.5812e+08 1.085e+07
0.149 3.451e+08 1.0758e+07
0.15 3.2856e+08 1.0668e+07
0.151 3.1425e+08 1.058e+07
0.152 3.1701e+08 1.0495e+07
0.153 3.0257e+08 1.0412e+07
0.154 2.7367e+08 1.0331e+07
0.155 2.848e+08 1.0253e+07
0.156 2.697e+08 1.0176e+07
0.157 2.4981e+08 1.0102e+07
0.158 2.508e+08 1.003e+07
0.159 2.4593e+08 9.9593e+06
0.16 2.4021e+08 9.8908e+06
0.161 2.2977e+08 9.8241e+06
0.162 2.2527e+08 9.7593e+06
0.163 2.0531e+08 9.6962e+06
0.164 2.1571e+08 9.6348e+06
0.165 2.0679e+08 9.575e+06
0.166 1.9719e+08 9.5169e+06
0.167 1.803e+08 9.4603e+06
0.168 1.7724e+08 9.4052e+06
0.169 1.622e+08 9.3516e+06
0.17 1.6101e+08 9.2994e+06
0.171 1.6976e+08 9.2486e+06
0.172 1.7197e+08 9.1991e+06
0.173 1.4843e+08 9.1508e+06
0.174 1.4689e+08 9.1038e+06
0.175 1.5104e+08 9.058e+06
0.176 1.3009e+08 9.0134e+06
0.177 1.5022e+08 8.9699e+06
0.178 1.4444e+08 8.9274e+06
0.179 1.2107e+08 8.886e+06
0.18 1.1974e+08 8.8456e+06
0.181 1.0435e+08 8.8061e+06
0.182 1.186e+08 8.7676e+06
0.183 1.1848e+08 8.73e+06
0.184 1.2568e+08 8.6932e+06
0.185 1.0578e+08 8.6573e+06
0.186 1.1089e+08 8.6222e+06
0.187 9.7987e+07 8.5878e+06
0.188 1.0241e+08 8.5542e+06
0.189 9.3507e+07 8.5213e+06
0.19 1.0683e+08 8.489e+06
0.191 9.6504e+07 8.4574e+06
0.192 9.3752e+07 8.4265e+06
0.193 9.1473e+07 8.3962e+06
0.194 7.8619e+07 8.3664e+06
0.195 8.9936e+07 8.3372e+06
0.196 6.9294e+07 8.3085e+06
0.197 7.1795e+07 8.2804e+06
0.198 8.2568e+07 8.2527e+06
0.199 8.0425e+07 8.2256e+06
0.2 8.2758e+07 8.1989e+06
0.201 6.5855e+07 8.1726e+06
0.202 7.7558e+07 8.1468e+06
0.203 7.2556e+07 8.1213e+06
0.204 8.5949e+07 8.0963e+06
0.205 8.3258e+07 8.0716e+06
0.206 6.9318e+07 8.0473e+06
0.207 8.5056e+07 8.0233e+06
0.208 6.5615e+07 7.9997e+06
0.209 7.0881e+07 7.9764e+06
0.21 7.6285e+07 7.9534e+06
0.211 5.9888e+07 7.9307e+06
0.212 5.9205e+07 7.9083e+06
0.213 6.7354e+07 7.8862e+06
0.214 5.4108e+07 7.8644e+06
0.215 6.5868e+07 7.8428e+06
0.216 7.7173e+07 7.8214e+06
0.217 5.5023e+07 7.8003e+06
0.218 4.043e+07 7.7795e+06
0.219 5.5794e+07 7.7588e+06
0.22 5.5385e+07 7.7384e+06
0.221 6.5877e+07 7.7182e+06
0.222 4.4178e+07 7.6982e+06
0.223 6.6897e+07 7.6784e+06
0.224 5.6242e+07 7.6588e+06
0.225 6.2008e+07 7.6394e+06
0.226 5.5391e+07 7.6202e+06
0.227 5.9575e+07 7.6012e+06
0.228 5.1019e+07 7.5823e+06
0.229 7.7502e+07 7.5636e+06
0.23 5.0579e+07 7.5451e+06
0.231 5.4441e+07 7.5267e+06
0.232 4.6689e+07 7.5085e+06
0.233 5.3166e+07 7.4905e+06
0.234 5.0835e+07 7.4726e+06
0.235 5.2858e+07 7.4548e+06
0.236 4.5312e+07 7.4372e+06
0.237 3.914e+07 7.4198e+06
0.238 5.983e+07 7.4025e+06
0.239 3.9851e+07 7.3853e+06
0.24 4.8487e+07 7.3682e+06
0.241 4.9565e+07 7.3513e+06
0.242 5.8985e+07 7.3345e+06
0.243 6.0146e+07 7.3179e+06
0.244 4.7889e+07 7.3014e+06
0.245 4.3031e+07 7.2849e+06
0.246 3.6228e+07 7.2687e+06
0.247 4.2117e+07 7.2525e+06
0.248 3.7669e+07 7.2365e+06
0.249 4.0143e+07 7.2205e+06
0.25 3.2422e+07 7.2047e+06
0.251 5.0423e+07 7.189e+06
0.252 3.474e+07 7.1735e+06
0.253 4.0554e+07 7.158e+06
0.254 3.5082e+07 7.1426e+06
0.255 4.0046e+07 7.1274e+06
0.256 4.7577e+07 7.1122e+06
0.257 4.1843e+07 7.0972e+06
0.258 3.6176e+07 7.0822e+06
0.259 1.767e+07 7.0674e+06
0.26 4.1808e+07 7.0527e+06
0.261 4.2202e+07 7.038e+06
0.262 4.4649e+07 7.0235e+06
0.263 3.6033e+07 7.009e+06
0.264 4.4293e+07 6.9947e+06
0.265 3.9803e+07 6.9805e+06
0.266 3.7685e+07 6.9663e+06
0.267 3.0632e+07 6.9522e+06
0.268 2.6569e+07 6.9383e+06
0.269 3.428e+07 6.9244e+06
0.27 3.3786e+07 6.9106e+06
0.271 3.4707e+07 6.8969e+06
0.272 3.7069e+07 6.8833e+06
0.273 3.4392e+07 6.8698e+06
0.274 4.0835e+07 6.8563e+06
0.275 3.2086e+07 6.843e+06
0.276 4.4643e+07 6.8297e+06
0.277 3.5487e+07 6.8165e+06
0.278 3.6604e+07 6.8034e+06
0.279 2.853e+07 6.7904e+06
0.28 3.0422e+07 6.7775e+06
0.281 4.1139e+07 6.7646e+06
0.282 3.115e+07 6.7518e+06
0.283 4.1779e+07 6.7391e+06
0.284 3.4301e+07 6.7265e+06
0.285 2.4613e+07 6.7139e+06
0.286 4.1728e+07 6.7015e+06
0.287 3.9138e+07 6.6891e+06
0.288 2.758e+07 6.6767e+06
0.289 3.46e+07 6.6645e+06
0.29 2.8882e+07 6.6523e+06
0.291 3.5738e+07 6.6402e+06
0.292 3.6766e+07 6.6281e+06
0.293 2.4682e+07 6.6162e+06
0.294 2.3999e+07 6.6042e+06
0.295 3.6948e+07 6.5924e+06
0.296 4.288e+07 6.5806e+06
0.297 3.609e+07 6.5689e+06
0.298 3.6228e+07 6.5573e+06
0.299 3.9608e+07 6.5457e+06
0.3 2.7414e+07 6.5342e+06
0.301 3.1442e+07 6.5228e+06
0.302 3.7304e+07 6.5114e+06
0.303 1.9091e+07 6.5001e+06
0.304 4.5861e+07 6.4888e+06
0.305 1.8848e+07 6.4776e+06
0.306 3.1697e+07 6.4665e+06
0.307 2.3045e+07 6.4554e+06
0.308 2.8964e+07 6.4444e+06
0.309 3.0628e+07 6.4335e+06
0.31 2.3855e+07 6.4226e+06
0.311 3.3324e+07 6.4118e+06
0.312 3.2187e+07 6.401e+06
0.313 3.3259e+07 6.3903e+06
0.314 2.8637e+07 6.3796e+06
0.315 3.2142e+07 6.369e+06
0.316 2.9265e+07 6.3585e+06
0.317 2.1806e+07 6.348e+06
0.318 2.9581e+07 6.3375e+06
0.319 2.5777e+07 6.3272e+06
0.32 2.4455e+07 6.3168e+06
0.321 2.7215e+07 6.3066e+06
0.322 1.7229e+07 6.2964e+06
0.323 3.0108e+07 6.2862e+06
0.324 3.6315e+07 6.2761e+06
0.325 3.7837e+07 6.266e+06
0.326 3.2168e+07 6.256e+06
0.327 2.7772e+07 6.2461e+06
0.328 2.4835e+07 6.2362e+06
0.329 2.7126e+07 6.2263e+06
0.33 2.7906e+07 6.2165e+06
0.331 1.6109e+07 6.2068e+06
0.332 4.0484e+07 6.1971e+06
0.333 2.04e+07 6.1875e+06
0.334 2.0434e+07 6.1779e+06
0.335 2.3671e+07 6.1683e+06
0.336 1.9375e+07 6.1588e+06
0.337 2.5227e+07 6.1494e+06
0.338 3.656e+07 6.14e+06
0.339 2.2684e+07 6.1306e+06
0.34 3.6484e+07 6.1213e+06
0.341 2.8501e+07 6.1121e+06
0.342 2.983e+07 6.1029e+06
0.343 2.0854e+07 6.0937e+06
0.344 3.3254e+07 6.0846e+06
0.345 3.807e+07 6.0755e+06
0.346 1.7717e+07 6.0665e+06
0.347 2.6068e+07 6.0575e+06
0.348 2.5106e+07 6.0486e+06
0.349 2.2154e+07 6.0397e+06
0.35 3.0962e+07 6.0309e+06
0.351 3.2531e+07 6.0221e+06
0.352 4.3393e+07 6.0134e+06
0.353 2.9906e+07 6.0047e+06
0.354 3.5681e+07 5.996e+06
0.355 2.2483e+07 5.9874e+06
0.356 2.5083e+07 5.9788e+06
0.357 2.9653e+07 5.9703e+06
0.358 2.2778e+07 5.9618e+06
0.359 2.8114e+07 5.9533e+06
0.36 2.7852e+07 5.9449e+06
0.361 3.2782e+07 5.9366e+06
0.362 3.6895e+07 5.9283e+06
0.363 3.0407e+07 5.92e+06
0.364 3.2287e+07 5.9118e+06
0.365 2.329e+07 5.9036e+06
0.366 1.9933e+07 5.8954e+06
0.367 2.2554e+07 5.8873e+06
0.368 1.7029e+07 5.8792e+06
0.369 2.7721e+07 5.8712e+06
0.37 2.7836e+07 5.8632e+06
0.371 2.5085e+07 5.8552e+06
0.372 2.4659e+07 5.8473e+06
0.373 2.914e+07 5.8394e+06
0.374 2.5856e+07 5.8316e+06
0.375 2.5391e+07 5.8238e+06
0.376 2.4777e+07 5.816e+06
0.377 2.699e+07 5.8083e+06
0.378 3.2368e+07 5.8006e+06
0.379 3.8487e+07 5.7929e+06
0.38 3.4884e+07 5.7853e+06
0.381 2.4528e+07 5.7777e+06
0.382 2.6793e+07 5.7701e+06
0.383 3.6817e+07 5.7626e+06
0.384 2.586e+07 5.7551e+06
0.385 2.8241e+07 5.7476e+06
0.386 2.6225e+07 5.7402e+06
0.387 2.4061e+07 5.7328e+06
0.388 2.7472e+07 5.7255e+06
0.389 2.524e+07 5.7181e+06
0.39 2.1903e+07 5.7108e+06
0.391 1.3186e+07 5.7036e+06
0.392 2.7618e+07 5.6963e+06
0.393 3.1939e+07 5.6891e+06
0.394 2.9659e+07 5.682e+06
0.395 2.7814e+07 5.6748e+06
0.396 3.1709e+07 5.6677e+06
0.397 1.9799e+07 5.6606e+06
0.398 3.3189e+07 5.6536e+06
0.399 2.4253e+07 5.6465e+06
0.4 2.1726e+07 5.6395e+06
0.401 2.3834e+07 5.6326e+06
0.402 3.0128e+07 5.6256e+06
0.403 1.7864e+07 5.6187e+06
0.404 2.6942e+07 5.6118e+06
0.405 2.5058e+07 5.6049e+06
0.406 2.9593e+07 5.5981e+06
0.407 1.9525e+07 5.5913e+06
0.408 2.5277e+07 5.5845e+06
0.409 3.094e+07 5.5777e+06
0.41 2.8644e+07 5.571e+06
0.411 3.8138e+07 5.5643e+06
0.412 2.6695e+07 5.5576e+06
0.413 2.4096e+07 5.5509e+06
0.414 2.7879e+07 5.5443e+06
0.415 2.8481e+07 5.5377e+06
0.416 2.7631e+07 5.5311e+06
0.417 1.965e+07 5.5245e+06
0.418 2.6004e+07 5.5179e+06
0.419 2.6916e+07 5.5114e+06
0.42 3.2182e+07 5.5049e+06
0.421 3.0407e+07 5.4984e+06
0.422 3.2447e+07 5.492e+06
0.423 2.2288e+07 5.4855e+06
0.424 2.5438e+07 5.4791e+06
0.425 2.3879e+07 5.4727e+06
0.426 3.5603e+07 5.4663e+06
0.427 2.7695e+07 5.4599e+06
0.428 2.225e+07 5.4536e+06
0.429 2.8332e+07 5.4473e+06
0.43 3.691e+07 5.441e+06
0.431 2.8658e+07 5.4347e+06
0.432 3.3257e+07 5.4285e+06
0.433 1.9863e+07 5.4222e+06
0.434 3.238e+07 5.416e+06
0.435 2.2758e+07 5.4098e+06
0.436 2.9909e+07 5.4036e+06
0.437 2.2248e+07 5.3975e+06
0.438 3.5497e+07 5.3913e+06
0.439 3.4013e+07 5.3852e+06
0.44 3.3726e+07 5.3791e+06
0.441 1.4869e+07 5.373e+06
0.442 2.7876e+07 5.367e+06
0.443 3.7575e+07 5.3609e+06
0.444 2.6627e+07 5.3549e+06
0.445 3.008e+07 5.3489e+06
0.446 2.4777e+07 5.3429e+06
0.447 3.5887e+07 5.3369e+06
0.448 2.9534e+07 5.331e+06
0.449 2.4937e+07 5.3251e+06
0.45 2.8167e+07 5.3192e+06
0.451 2.7464e+07 5.3133e+06
0.452 3.2977e+07 5.3074e+06
0.453 2.585e+07 5.3015e+06
0.454 2.5062e+07 5.2957e+06
0.455 1.9686e+07 5.2899e+06
0.456 2.5258e+07 5.2841e+06
0.457 2.5667e+07 5.2783e+06
0.458 1.7545e+07 5.2726e+06
0.459 2.2424e+07 5.2668e+06
0.46 2.9701e+07 5.2611e+06
0.461 2.3702e+07 5.2554e+06
0.462 2.3806e+07 5.2497e+06
0.463 3.1171e+07 5.2441e+06
0.464 2.7175e+07 5.2384e+06
0.465 1.7007e+07 5.2328e+06
0.466 3.313e+07 5.2272e+06
0.467 3.0625e+07 5.2216e+06
0.468 2.191e+07 5.2161e+06
0.469 1.935e+07 5.2105e+06
0.47 2.6931e+07 5.205e+06
0.471 2.4542e+07 5.1995e+06
0.472 2.5715e+07 5.194e+06
0.473 3.084e+07 5.1885e+06
0.474 3.6302e+07 5.1831e+06
0.475 2.636e+07 5.1777e+06
0.476 2.1796e+07 5.1723e+06
0.477 3.5814e+07 5.1669e+06
0.478 2.0131e+07 5.1615e+06
0.479 2.3062e+07 5.1562e+06
0.48 2.6101e+07 5.1508e+06
0.481 2.4218e+07 5.1455e+06
0.482 3.213e+07 5.1402e+06
0.483 3.1751e+07 5.135e+06
0.484 2.9737e+07 5.1297e+06
0.485 2.833e+07 5.1245e+06
0.486 2.7051e+07 5.1193e+06
0.487 2.403e+07 5.1141e+06
0.488 3.1209e+07 5.1089e+06
0.489 3.0647e+07 5.1037e+06
0.49 3.1839e+07 5.0986e+06
0.491 3.0336e+07 5.0935e+06
0.492 2.8449e+07 5.0884e+06
0.493 2.4614e+07 5.0833e+06
0.494 2.5061e+07 5.0782e+06
0.495 2.3916e+07 5.0732e+06
0.496 2.4236e+07 5.0682e+06
0.497 3.3496e+07 5.0631e+06
0.498 3.0324e+07 5.0582e+06
0.499 3.3845e+07 5.0532e+06
0.5 3.4723e+07 5.0482e+06
