0.001 1.8016e+09 3.6033e+07
0.002 1.6043e+09 3.2086e+07
0.003 1.6712e+09 3.3425e+07
0.004 1.7066e+09 3.4132e+07
0.005 1.7038e+09 3.4075e+07
0.006 1.6505e+09 3.3011e+07
0.007 1.6261e+09 3.2521e+07
0.008 1.6628e+09 3.3255e+07
0.009 1.685e+09 3.3699e+07
0.01 1.6481e+09 3.2963e+07
0.011 1.6593e+09 3.3186e+07
0.012 1.7414e+09 3.4828e+07
0.013 1.6363e+09 3.2725e+07
0.014 1.6371e+09 3.2741e+07
0.015 1.6834e+09 3.3667e+07
0.016 1.6498e+09 3.2997e+07
0.017 1.6762e+09 3.3523e+07
0.018 1.5884e+09 3.1768e+07
0.019 1.6071e+09 3.2141e+07
0.02 1.6417e+09 3.2834e+07
0.021 1.5967e+09 3.1935e+07
0.022 1.5914e+09 3.1828e+07
0.023 1.5901e+09 3.1801e+07
0.024 1.6198e+09 3.2395e+07
0.025 1.609e+09 3.2181e+07
0.026 1.5901e+09 3.1801e+07
0.027 1.5868e+09 3.1735e+07
0.028 1.601e+09 3.202e+07
0.029 1.5594e+09 3.1188e+07
0.03 1.5551e+09 3.1102e+07
0.031 1.543e+09 3.0859e+07
0.032 1.5304e+09 3.0607e+07
0.033 1.5362e+09 3.0725e+07
0.034 1.5545e+09 3.109e+07
0.035 1.5036e+09 3.0072e+07
0.036 1.5149e+09 3.0298e+07
0.037 1.4875e+09 2.9749e+07
0.038 1.5089e+09 3.0178e+07
0.039 1.5144e+09 3.0289e+07
0.04 1.4482e+09 2.8964e+07
0.041 1.4436e+09 2.8872e+07
0.042 1.4236e+09 2.8473e+07
0.043 1.4158e+09 2.8316e+07
0.044 1.4e+09 2.7999e+07
0.045 1.4042e+09 2.8084e+07
0.046 1.4001e+09 2.8002e+07
0.047 1.3739e+09 2.7478e+07
0.048 1.3584e+09 2.7168e+07
0.049 1.3365e+09 2.6731e+07
0.05 1.3706e+09 2.7413e+07
0.051 1.3186e+09 2.6372e+07
0.052 1.3307e+09 2.6614e+07
0.053 1.325e+09 2.6501e+07
0.054 1.2957e+09 2.5914e+07
0.055 1.2763e+09 2.5527e+07
0.056 1.2864e+09 2.5728e+07
0.057 1.2652e+09 2.5303e+07
0.058 1.2571e+09 2.5142e+07
0.059 1.2204e+09 2.4409e+07
0.06 1.2236e+09 2.4471e+07
0.061 1.2144e+09 2.4287e+07
0.062 1.1816e+09 2.3633e+07
0.063 1.1798e+09 2.3595e+07
0.064 1.1602e+09 2.3204e+07
0.065 1.1677e+09 2.3354e+07
0.066 1.1439e+09 2.2878e+07
0.067 1.1319e+09 2.2639e+07
0.068 1.1146e+09 2.2292e+07
0.069 1.0985e+09 2.1971e+07
0.07 1.0725e+09 2.145e+07
0.071 1.0805e+09 2.161e+07
0.072 1.06e+09 2.1201e+07
0.073 1.0475e+09 2.095e+07
0.074 1.0366e+09 2.0732e+07
0.075 1.0089e+09 2.0178e+07
0.076 1.0299e+09 2.0598e+07
0.077 9.9822e+08 1.9964e+07
0.078 9.6581e+08 1.9316e+07
0.079 9.638e+08 1.9276e+07
0.08 9.5241e+08 1.9048e+07
0.081 9.667e+08 1.9334e+07
0.082 9.27e+08 1.854e+07
0.083 9.129e+08 1.8258e+07
0.084 9.0415e+08 1.8083e+07
0.085 8.8398e+08 1.768e+07
0.086 8.6417e+08 1.7283e+07
0.087 8.7137e+08 1.7427e+07
0.088 8.5356e+08 1.7071e+07
0.089 8.484e+08 1.6968e+07
0.09 8.1597e+08 1.6319e+07
0.091 8.2796e+08 1.6559e+07
0.092 8.0478e+08 1.6096e+07
0.093 7.912e+08 1.5824e+07
0.094 7.8587e+08 1.5717e+07
0.095 7.6031e+08 1.5206e+07
0.096 7.5495e+08 1.5099e+07
0.097 7.3277e+08 1.4655e+07
0.098 7.401e+08 1.4802e+07
0.099 7.2191e+08 1.4438e+07
0.1 7.2366e+08 1.4473e+07
0.101 6.8967e+08 1.3793e+07
0.102 6.9072e+08 1.3814e+07
0.103 6.721e+08 1.3442e+07
0.104 6.6548e+08 1.331e+07
0.105 6.4682e+08 1.2936e+07
0.106 6.5457e+08 1.3091e+07
0.107 6.2926e+08 1.2585e+07
0.108 6.1328e+08 1.2266e+07
0.109 6.1312e+08 1.2262e+07
0.11 5.9727e+08 1.1945e+07
0.111 5.9042e+08 1.1808e+07
0.112 5.9425e+08 1.1885e+07
0.113 5.7621e+08 1.1524e+07
0.114 5.5803e+08 1.1161e+07
0.115 5.3313e+08 1.0663e+07
0.116 5.316e+08 1.0632e+07
0.117 5.2346e+08 1.0469e+07
0.118 5.1222e+08 1.0244e+07
0.119 5.0575e+08 1.0115e+07
0.12 5.0675e+08 1.0135e+07
0.121 4.9495e+08 9.899e+06
0.122 4.8889e+08 9.7777e+06
0.123 4.7544e+08 9.5088e+06
0.124 4.6646e+08 9.3292e+06
0.125 4.6725e+08 9.3449e+06
0.126 4.4818e+08 8.9636e+06
0.127 4.2472e+08 8.4943e+06
0.128 4.2857e+08 8.5714e+06
0.129 4.2836e+08 8.5671e+06
0.13 4.0919e+08 8.1838e+06
0.131 4.1e+08 8.2001e+06
0.132 4.0378e+08 8.0756e+06
0.133 3.9227e+08 7.8454e+06
0.134 3.8626e+08 7.7252e+06
0.135 3.7738e+08 7.5476e+06
0.136 3.6996e+08 7.3992e+06
0.137 3.6787e+08 7.3574e+06
0.138 3.5025e+08 7.005e+06
0.139 3.5264e+08 7.0528e+06
0.14 3.4103e+08 6.8205e+06
0.141 3.3086e+08 6.6172e+06
0.142 3.3099e+08 6.6197e+06
0.143 3.1853e+08 6.3705e+06
0.144 3.1398e+08 6.2796e+06
0.145 3.1577e+08 6.3153e+06
0.146 3.1046e+08 6.2091e+06
0.147 3.0259e+08 6.0519e+06
0.148 2.8341e+08 5.6683e+06
0.149 2.8311e+08 5.6621e+06
0.15 2.8792e+08 5.7585e+06
0.151 2.794e+08 5.5881e+06
0.152 2.7764e+08 5.5528e+06
0.153 2.7396e+08 5.4792e+06
0.154 2.7059e+08 5.4118e+06
0.155 2.5199e+08 5.0398e+06
0.156 2.4668e+08 4.9336e+06
0.157 2.4445e+08 4.8891e+06
0.158 2.4442e+08 4.8884e+06
0.159 2.338e+08 4.6759e+06
0.16 2.3786e+08 4.7572e+06
0.161 2.3659e+08 4.7317e+06
0.162 2.2795e+08 4.559e+06
0.163 2.1437e+08 4.2874e+06
0.164 2.0737e+08 4.1474e+06
0.165 2.0266e+08 4.0531e+06
0.166 2.0485e+08 4.0971e+06
0.167 1.9333e+08 3.8667e+06
0.168 1.9383e+08 3.8766e+06
0.169 2.0321e+08 4.0641e+06
0.17 1.8116e+08 3.6232e+06
0.171 1.8333e+08 3.6665e+06
0.172 1.8125e+08 3.6249e+06
0.173 1.7287e+08 3.4573e+06
0.174 1.7055e+08 3.4109e+06
0.175 1.7576e+08 3.5152e+06
0.176 1.6613e+08 3.3226e+06
0.177 1.6366e+08 3.2732e+06
0.178 1.5605e+08 3.121e+06
0.179 1.5231e+08 3.0461e+06
0.18 1.5853e+08 3.1707e+06
0.181 1.5315e+08 3.0629e+06
0.182 1.4971e+08 2.9941e+06
0.183 1.4557e+08 2.9114e+06
0.184 1.3573e+08 2.7145e+06
0.185 1.4093e+08 2.8187e+06
0.186 1.2887e+08 2.5775e+06
0.187 1.356e+08 2.712e+06
0.188 1.2723e+08 2.5445e+06
0.189 1.3543e+08 2.7086e+06
0.19 1.1858e+08 2.3717e+06
0.191 1.2538e+08 2.5076e+06
0.192 1.3274e+08 2.6548e+06
0.193 1.2218e+08 2.4435e+06
0.194 1.11e+08 2.22e+06
0.195 1.0465e+08 2.093e+06
0.196 1.1715e+08 2.3429e+06
0.197 1.1245e+08 2.2489e+06
0.198 1.0022e+08 2.0044e+06
0.199 9.5495e+07 1.9099e+06
0.2 1.0389e+08 2.0777e+06
0.201 9.3703e+07 1.8741e+06
0.202 1.003e+08 2.0059e+06
0.203 9.7128e+07 1.9426e+06
0.204 9.0147e+07 1.8029e+06
0.205 9.1359e+07 1.8272e+06
0.206 8.9476e+07 1.7895e+06
0.207 8.6282e+07 1.7256e+06
0.208 8.3553e+07 1.6711e+06
0.209 8.5792e+07 1.7158e+06
0.21 8.7e+07 1.74e+06
0.211 7.8486e+07 1.5697e+06
0.212 7.2887e+07 1.4577e+06
0.213 7.3164e+07 1.4633e+06
0.214 6.423e+07 1.2846e+06
0.215 6.3821e+07 1.2764e+06
0.216 6.1297e+07 1.2259e+06
0.217 6.5514e+07 1.3103e+06
0.218 6.024e+07 1.2048e+06
0.219 6.5527e+07 1.3105e+06
0.22 6.8065e+07 1.3613e+06
0.221 6.8892e+07 1.3778e+06
0.222 6.2164e+07 1.2433e+06
0.223 6.3479e+07 1.2696e+06
0.224 6.2524e+07 1.2505e+06
0.225 5.2971e+07 1.0594e+06
0.226 6.0645e+07 1.2129e+06
0.227 5.425e+07 1.085e+06
0.228 5.7407e+07 1.1481e+06
0.229 4.4251e+07 8.8503e+05
0.23 5.3312e+07 1.0662e+06
0.231 5.1489e+07 1.0298e+06
0.232 4.9017e+07 9.8034e+05
0.233 4.0033e+07 8.0066e+05
0.234 5.0034e+07 1.0007e+06
0.235 4.8064e+07 9.6128e+05
0.236 4.112e+07 8.224e+05
0.237 4.4351e+07 8.8702e+05
0.238 3.5127e+07 7.0254e+05
0.239 4.8551e+07 9.7102e+05
0.24 4.3192e+07 8.6383e+05
0.241 4.5126e+07 9.0252e+05
0.242 5.2921e+07 1.0584e+06
0.243 3.8499e+07 7.6997e+05
0.244 4.9979e+07 9.9958e+05
0.245 4.4978e+07 8.9956e+05
0.246 4.1026e+07 8.2053e+05
0.247 3.4724e+07 6.9448e+05
0.248 3.453e+07 6.9061e+05
0.249 3.465e+07 6.9299e+05
0.25 3.2464e+07 6.4928e+05
0.251 3.6495e+07 7.2989e+05
0.252 2.8507e+07 5.7014e+05
0.253 2.8762e+07 5.7524e+05
0.254 2.6966e+07 5.3931e+05
0.255 3.5516e+07 7.1033e+05
0.256 2.5063e+07 5.0125e+05
0.257 3.0287e+07 6.0573e+05
0.258 3.2598e+07 6.5197e+05
0.259 3.5202e+07 7.0404e+05
0.26 2.5653e+07 5.1305e+05
0.261 2.4527e+07 4.9053e+05
0.262 2.313e+07 4.6261e+05
0.263 2.7967e+07 5.5934e+05
0.264 2.6773e+07 5.3547e+05
0.265 2.6574e+07 5.3147e+05
0.266 3.1465e+07 6.293e+05
0.267 1.8889e+07 3.7779e+05
0.268 2.8553e+07 5.7106e+05
0.269 2.4565e+07 4.913e+05
0.27 2.4268e+07 4.8535e+05
0.271 1.9001e+07 3.8001e+05
0.272 1.7279e+07 3.4558e+05
0.273 2.3924e+07 4.7848e+05
0.274 1.9246e+07 3.8492e+05
0.275 2.0798e+07 4.1596e+05
0.276 1.9272e+07 3.8545e+05
0.277 1.7469e+07 3.4939e+05
0.278 1.9563e+07 3.9126e+05
0.279 1.6093e+07 3.2185e+05
0.28 1.4389e+07 2.8777e+05
0.281 1.7764e+07 3.5528e+05
0.282 2.3923e+07 4.7846e+05
0.283 1.5337e+07 3.0675e+05
0.284 2.0541e+07 4.1081e+05
0.285 1.8852e+07 3.7704e+05
0.286 1.2678e+07 2.5356e+05
0.287 1.8401e+07 3.6801e+05
0.288 1.8574e+07 3.7149e+05
0.289 2.9449e+07 5.8898e+05
0.29 1.1852e+07 2.3704e+05
0.291 2.0659e+07 4.1319e+05
0.292 1.3056e+07 2.6111e+05
0.293 2.5763e+07 5.1526e+05
0.294 1.4924e+07 2.9848e+05
0.295 1.9432e+07 3.8864e+05
0.296 1.5723e+07 3.1446e+05
0.297 1.8137e+07 3.6273e+05
0.298 1.0212e+07 2.0425e+05
0.299 1.8934e+07 3.7868e+05
0.3 1.5556e+07 3.1112e+05
0.301 1.8594e+07 3.7189e+05
0.302 1.6473e+07 3.2946e+05
0.303 1.9472e+07 3.8945e+05
0.304 1.9738e+07 3.9475e+05
0.305 1.3225e+07 2.645e+05
0.306 2.4567e+07 4.9134e+05
0.307 1.9725e+07 3.9449e+05
0.308 1.3201e+07 2.6402e+05
0.309 1.5907e+07 3.1814e+05
0.31 8.3875e+06 1.6775e+05
0.311 1.8443e+07 3.6886e+05
0.312 1.312e+07 2.6241e+05
0.313 1.4127e+07 2.8254e+05
0.314 1.7937e+07 3.5873e+05
0.315 1.5512e+07 3.1025e+05
0.316 2.2588e+07 4.5176e+05
0.317 1.2972e+07 2.5943e+05
0.318 1.1098e+07 2.2197e+05
0.319 2.2607e+07 4.5213e+05
0.32 2.1568e+07 4.3137e+05
0.321 1.3417e+07 2.6833e+05
0.322 2.0613e+07 4.1227e+05
0.323 1.9667e+07 3.9335e+05
0.324 2.0764e+07 4.1528e+05
0.325 1.0741e+07 2.1482e+05
0.326 2.0571e+07 4.1142e+05
0.327 2.1728e+07 4.3456e+05
0.328 1.6024e+07 3.2049e+05
0.329 1.8022e+07 3.6044e+05
0.33 9.6755e+06 1.9351e+05
0.331 1.7312e+07 3.4625e+05
0.332 1.5717e+07 3.1434e+05
0.333 1.0799e+07 2.1598e+05
0.334 1.1413e+07 2.2825e+05
0.335 1.489e+07 2.9779e+05
0.336 2.133e+07 4.266e+05
0.337 1.8835e+07 3.767e+05
0.338 1.9917e+07 3.9835e+05
0.339 1.3335e+07 2.667e+05
0.34 1.119e+07 2.2381e+05
0.341 1.9437e+07 3.8874e+05
0.342 1.5102e+07 3.0204e+05
0.343 2.0565e+07 4.1131e+05
0.344 2.5041e+07 5.0082e+05
0.345 1.9406e+07 3.8811e+05
0.346 1.9754e+07 3.9508e+05
0.347 1.8188e+07 3.6377e+05
0.348 1.6617e+07 3.3234e+05
0.349 2.2896e+07 4.5792e+05
0.35 2.321e+07 4.6421e+05
0.351 2.3773e+07 4.7545e+05
0.352 2.1134e+07 4.2267e+05
0.353 2.2175e+07 4.4349e+05
0.354 2.1657e+07 4.3314e+05
0.355 1.9563e+07 3.9126e+05
0.356 2.1261e+07 4.2522e+05
0.357 1.7878e+07 3.5755e+05
0.358 1.544e+07 3.088e+05
0.359 1.9717e+07 3.9434e+05
0.36 1.2682e+07 2.5364e+05
0.361 1.428e+07 2.856e+05
0.362 2.286e+07 4.5721e+05
0.363 2.4979e+07 4.9958e+05
0.364 1.8889e+07 3.7778e+05
0.365 2.1336e+07 4.2673e+05
0.366 1.7121e+07 3.4242e+05
0.367 2.0408e+07 4.0816e+05
0.368 2.0345e+07 4.0689e+05
0.369 1.8934e+07 3.7867e+05
0.37 1.6426e+07 3.2852e+05
0.371 1.4793e+07 2.9585e+05
0.372 2.3907e+07 4.7815e+05
0.373 1.772e+07 3.5439e+05
0.374 1.6405e+07 3.281e+05
0.375 1.8856e+07 3.7713e+05
0.376 1.7169e+07 3.4338e+05
0.377 1.9287e+07 3.8573e+05
0.378 1.7149e+07 3.4299e+05
0.379 1.9197e+07 3.8394e+05
0.38 2.0979e+07 4.1957e+05
0.381 2.5032e+07 5.0063e+05
0.382 2.3432e+07 4.6864e+05
0.383 1.6354e+07 3.2708e+05
0.384 2.2729e+07 4.5458e+05
0.385 2.3878e+07 4.7755e+05
0.386 1.3327e+07 2.6654e+05
0.387 2.4259e+07 4.8518e+05
0.388 1.611e+07 3.222e+05
0.389 2.2282e+07 4.4564e+05
0.39 1.9981e+07 3.9962e+05
0.391 2.0526e+07 4.1053e+05
0.392 1.9634e+07 3.9268e+05
0.393 1.833e+07 3.6661e+05
0.394 2.1784e+07 4.3567e+05
0.395 1.5182e+07 3.0365e+05
0.396 2.1871e+07 4.3741e+05
0.397 2.5927e+07 5.1854e+05
0.398 1.7776e+07 3.5552e+05
0.399 1.8431e+07 3.6862e+05
0.4 2.5234e+07 5.0468e+05
0.401 1.8555e+07 3.711e+05
0.402 2.1546e+07 4.3092e+05
0.403 1.6312e+07 3.2625e+05
0.404 2.1379e+07 4.2757e+05
0.405 1.9626e+07 3.9252e+05
0.406 1.7402e+07 3.4804e+05
0.407 2.2322e+07 4.4645e+05
0.408 2.2633e+07 4.5266e+05
0.409 2.1206e+07 4.2412e+05
0.41 2.6361e+07 5.2722e+05
0.411 2.2523e+07 4.5046e+05
0.412 2.4105e+07 4.8209e+05
0.413 1.8247e+07 3.6494e+05
0.414 2.1977e+07 4.3954e+05
0.415 2.1984e+07 4.3968e+05
0.416 2.2329e+07 4.4659e+05
0.417 1.4096e+07 2.8192e+05
0.418 1.9195e+07 3.839e+05
0.419 1.7808e+07 3.5616e+05
0.42 1.6925e+07 3.385e+05
0.421 1.9084e+07 3.8167e+05
0.422 2.0492e+07 4.0984e+05
0.423 2.1981e+07 4.3962e+05
0.424 2.2789e+07 4.5577e+05
0.425 2.0761e+07 4.1521e+05
0.426 2.7141e+07 5.4282e+05
0.427 2.0165e+07 4.033e+05
0.428 2.1908e+07 4.3816e+05
0.429 1.81e+07 3.6199e+05
0.43 1.508e+07 3.0161e+05
0.431 2.015e+07 4.03e+05
0.432 1.7379e+07 3.4758e+05
0.433 2.0295e+07 4.0591e+05
0.434 2.5783e+07 5.1567e+05
0.435 2.2944e+07 4.5889e+05
0.436 2.022e+07 4.044e+05
0.437 2.163e+07 4.3261e+05
0.438 2.0266e+07 4.0531e+05
0.439 2.0676e+07 4.1353e+05
0.44 2.028e+07 4.0559e+05
0.441 1.7123e+07 3.4246e+05
0.442 2.0966e+07 4.1931e+05
0.443 1.7237e+07 3.4474e+05
0.444 1.8981e+07 3.7962e+05
0.445 1.3046e+07 2.6091e+05
0.446 1.9564e+07 3.9127e+05
0.447 1.8312e+07 3.6625e+05
0.448 2.3307e+07 4.6613e+05
0.449 1.799e+07 3.5981e+05
0.45 2.5063e+07 5.0126e+05
0.451 2.3966e+07 4.7932e+05
0.452 1.9632e+07 3.9265e+05
0.453 1.8166e+07 3.6332e+05
0.454 2.2007e+07 4.4014e+05
0.455 2.0688e+07 4.1376e+05
0.456 1.9439e+07 3.8878e+05
0.457 1.5517e+07 3.1034e+05
0.458 1.7233e+07 3.4466e+05
0.459 1.6898e+07 3.3797e+05
0.46 2.18e+07 4.3599e+05
0.461 2.0684e+07 4.1368e+05
0.462 2.11e+07 4.2201e+05
0.463 2.0185e+07 4.037e+05
0.464 1.926e+07 3.8519e+05
0.465 1.664e+07 3.3279e+05
0.466 2.4194e+07 4.8389e+05
0.467 1.9308e+07 3.8615e+05
0.468 2.5172e+07 5.0345e+05
0.469 1.9941e+07 3.9882e+05
0.47 1.9391e+07 3.8781e+05
0.471 1.8763e+07 3.7525e+05
0.472 2.2402e+07 4.4804e+05
0.473 1.8022e+07 3.6043e+05
0.474 1.6304e+07 3.2609e+05
0.475 1.4179e+07 2.8357e+05
0.476 1.3626e+07 2.7252e+05
0.477 1.7186e+07 3.4372e+05
0.478 1.9838e+07 3.9676e+05
0.479 1.5606e+07 3.1212e+05
0.48 1.8309e+07 3.6618e+05
0.481 1.9991e+07 3.9981e+05
0.482 1.4423e+07 2.8846e+05
0.483 1.9567e+07 3.9133e+05
0.484 1.4888e+07 2.9777e+05
0.485 2.0346e+07 4.0693e+05
0.486 2.2062e+07 4.4123e+05
0.487 1.7724e+07 3.5448e+05
0.488 2.0673e+07 4.1346e+05
0.489 1.4514e+07 2.9028e+05
0.49 1.829e+07 3.6579e+05
0.491 1.7431e+07 3.4862e+05
0.492 2.0305e+07 4.0611e+05
0.493 1.8863e+07 3.7727e+05
0.494 2.1953e+07 4.3906e+05
0.495 1.7747e+07 3.5493e+05
0.496 1.994e+07 3.9881e+05
0.497 1.8501e+07 3.7003e+05
0.498 1.9192e+07 3.8384e+05
0.499 1.9639e+07 3.9278e+05
0.5 1.6704e+07 3.3408e+05
