0.001 1.9975e+09 3.995e+07
0.002 2.2856e+09 4.5713e+07
0.003 2.2746e+09 4.5493e+07
0.004 2.3476e+09 4.6951e+07
0.005 2.2924e+09 4.5848e+07
0.006 2.3185e+09 4.637e+07
0.007 2.3711e+09 4.7422e+07
0.008 2.2677e+09 4.5353e+07
0.009 2.3044e+09 4.6089e+07
0.01 2.3654e+09 4.7308e+07
0.011 2.376e+09 4.7519e+07
0.012 2.2819e+09 4.5637e+07
0.013 2.3084e+09 4.6168e+07
0.014 2.2594e+09 4.5188e+07
0.015 2.1954e+09 4.3908e+07
0.016 2.2457e+09 4.4914e+07
0.017 2.3117e+09 4.6234e+07
0.018 2.2534e+09 4.5068e+07
0.019 2.181e+09 4.3621e+07
0.02 2.2173e+09 4.4346e+07
0.021 2.2296e+09 4.4591e+07
0.022 2.1566e+09 4.3131e+07
0.023 2.161e+09 4.322e+07
0.024 2.1628e+09 4.3255e+07
0.025 2.1821e+09 4.3641e+07
0.026 2.2016e+09 4.4032e+07
0.027 2.1737e+09 4.3474e+07
0.028 2.1386e+09 4.2772e+07
0.029 2.1538e+09 4.3076e+07
0.03 2.1169e+09 4.2337e+07
0.031 2.0815e+09 4.1631e+07
0.032 2.1401e+09 4.2802e+07
0.033 2.1137e+09 4.2273e+07
0.034 2.0634e+09 4.1268e+07
0.035 2.0569e+09 4.1139e+07
0.036 2.0825e+09 4.1651e+07
0.037 2.0242e+09 4.0484e+07
0.038 2.0347e+09 4.0694e+07
0.039 2.0404e+09 4.0807e+07
0.04 2.0309e+09 4.0618e+07
0.041 1.9717e+09 3.9434e+07
0.042 1.994e+09 3.9879e+07
0.043 1.9496e+09 3.8991e+07
0.044 1.9158e+09 3.8316e+07
0.045 1.9019e+09 3.8038e+07
0.046 1.8873e+09 3.7747e+07
0.047 1.8892e+09 3.7785e+07
0.048 1.8559e+09 3.7118e+07
0.049 1.8551e+09 3.7103e+07
0.05 1.8214e+09 3.6429e+07
0.051 1.8377e+09 3.6754e+07
0.052 1.801e+09 3.6021e+07
0.053 1.81e+09 3.62e+07
0.054 1.7775e+09 3.555e+07
0.055 1.7558e+09 3.5116e+07
0.056 1.7324e+09 3.4648e+07
0.057 1.7309e+09 3.4618e+07
0.058 1.7045e+09 3.4089e+07
0.059 1.6776e+09 3.3552e+07
0.06 1.6547e+09 3.3094e+07
0.061 1.6396e+09 3.2792e+07
0.062 1.6564e+09 3.3128e+07
0.063 1.5776e+09 3.1552e+07
0.064 1.5875e+09 3.1749e+07
0.065 1.5665e+09 3.1331e+07
0.066 1.5346e+09 3.0691e+07
0.067 1.5148e+09 3.0296e+07
0.068 1.5075e+09 3.015e+07
0.069 1.5023e+09 3.0046e+07
0.07 1.482e+09 2.9641e+07
0.071 1.4672e+09 2.9344e+07
0.072 1.451e+09 2.902e+07
0.073 1.4507e+09 2.9014e+07
0.074 1.3945e+09 2.789e+07
0.075 1.3599e+09 2.7198e+07
0.076 1.3516e+09 2.7032e+07
0.077 1.3464e+09 2.6928e+07
0.078 1.3302e+09 2.6604e+07
0.079 1.3117e+09 2.6235e+07
0.08 1.2891e+09 2.5782e+07
0.081 1.2802e+09 2.5605e+07
0.082 1.247e+09 2.494e+07
0.083 1.2376e+09 2.4751e+07
0.084 1.2354e+09 2.4709e+07
0.085 1.2095e+09 2.4191e+07
0.086 1.1469e+09 2.2938e+07
0.087 1.1761e+09 2.3523e+07
0.088 1.1247e+09 2.2494e+07
0.089 1.1337e+09 2.2673e+07
0.09 1.1219e+09 2.2438e+07
0.091 1.1031e+09 2.2063e+07
0.092 1.0581e+09 2.1163e+07
0.093 1.0787e+09 2.1574e+07
0.094 1.0732e+09 2.1465e+07
0.095 1.028e+09 2.0559e+07
0.096 1.0317e+09 2.0635e+07
0.097 9.9964e+08 1.9993e+07
0.098 9.8096e+08 1.9619e+07
0.099 9.71e+08 1.942e+07
0.1 9.544e+08 1.9088e+07
0.101 9.326e+08 1.8652e+07
0.102 9.1901e+08 1.838e+07
0.103 8.8927e+08 1.7785e+07
0.104 8.8608e+08 1.7722e+07
0.105 8.7123e+08 1.7425e+07
0.106 8.7077e+08 1.7415e+07
0.107 8.6273e+08 1.7255e+07
0.108 8.2928e+08 1.6586e+07
0.109 8.1044e+08 1.6209e+07
0.11 8.0292e+08 1.6058e+07
0.111 7.9381e+08 1.5876e+07
0.112 7.7e+08 1.54e+07
0.113 7.7411e+08 1.5482e+07
0.114 7.5039e+08 1.5008e+07
0.115 7.2539e+08 1.4508e+07
0.116 7.2378e+08 1.4476e+07
0.117 7.172e+08 1.4344e+07
0.118 7.1304e+08 1.4261e+07
0.119 6.8587e+08 1.3717e+07
0.12 6.5935e+08 1.3187e+07
0.121 6.5559e+08 1.3112e+07
0.122 6.5323e+08 1.3065e+07
0.123 6.0908e+08 1.2182e+07
0.124 6.3668e+08 1.2734e+07
0.125 5.9981e+08 1.1996e+07
0.126 5.7948e+08 1.159e+07
0.127 5.718e+08 1.1436e+07
0.128 5.6901e+08 1.138e+07
0.129 5.7715e+08 1.1543e+07
0.13 5.6347e+08 1.1269e+07
0.131 5.3043e+08 1.0609e+07
0.132 5.2666e+08 1.0533e+07
0.133 5.2097e+08 1.0419e+07
0.134 5.0373e+08 1.0075e+07
0.135 5.0598e+08 1.012e+07
0.136 4.8463e+08 9.6927e+06
0.137 4.8376e+08 9.6752e+06
0.138 4.8101e+08 9.6203e+06
0.139 4.7383e+08 9.4767e+06
0.14 4.4835e+08 8.9669e+06
0.141 4.416e+08 8.8319e+06
0.142 4.3391e+08 8.6781e+06
0.143 4.1046e+08 8.2092e+06
0.144 4.1643e+08 8.3285e+06
0.145 4.0801e+08 8.1603e+06
0.146 3.988e+08 7.9761e+06
0.147 3.8161e+08 7.6321e+06
0.148 3.8598e+08 7.7195e+06
0.149 3.8248e+08 7.6496e+06
0.15 3.8232e+08 7.6464e+06
0.151 3.6739e+08 7.3478e+06
0.152 3.435e+08 6.87e+06
0.153 3.4744e+08 6.9488e+06
0.154 3.5183e+08 7.0365e+06
0.155 3.4275e+08 6.8551e+06
0.156 3.4496e+08 6.8992e+06
0.157 3.2378e+08 6.4757e+06
0.158 3.1819e+08 6.3638e+06
0.159 3.1002e+08 6.2004e+06
0.16 2.9965e+08 5.993e+06
0.161 3.0362e+08 6.0725e+06
0.162 3.0243e+08 6.0487e+06
0.163 2.8335e+08 5.6671e+06
0.164 2.7181e+08 5.4361e+06
0.165 2.7211e+08 5.4421e+06
0.166 2.7527e+08 5.5055e+06
0.167 2.5537e+08 5.1074e+06
0.168 2.4533e+08 4.9066e+06
0.169 2.4018e+08 4.8035e+06
0.17 2.4495e+08 4.899e+06
0.171 2.3277e+08 4.6553e+06
0.172 2.3699e+08 4.7398e+06
0.173 2.2726e+08 4.5452e+06
0.174 2.3544e+08 4.7089e+06
0.175 2.3399e+08 4.6797e+06
0.176 2.301e+08 4.602e+06
0.177 2.1147e+08 4.2294e+06
0.178 2.138e+08 4.276e+06
0.179 2.0802e+08 4.1604e+06
0.18 1.9667e+08 3.9333e+06
0.181 2.0507e+08 4.1013e+06
0.182 1.8005e+08 3.601e+06
0.183 1.9124e+08 3.8248e+06
0.184 1.8422e+08 3.6843e+06
0.185 1.8711e+08 3.7422e+06
0.186 1.8513e+08 3.7025e+06
0.187 1.7938e+08 3.5876e+06
0.188 1.6924e+08 3.3848e+06
0.189 1.6964e+08 3.3928e+06
0.19 1.7195e+08 3.4389e+06
0.191 1.5568e+08 3.1135e+06
0.192 1.4974e+08 2.9947e+06
0.193 1.5972e+08 3.1944e+06
0.194 1.5781e+08 3.1562e+06
0.195 1.4645e+08 2.9291e+06
0.196 1.3633e+08 2.7266e+06
0.197 1.4374e+08 2.8747e+06
0.198 1.3284e+08 2.6569e+06
0.199 1.3794e+08 2.7588e+06
0.2 1.2993e+08 2.5986e+06
0.201 1.1983e+08 2.3966e+06
0.202 1.1794e+08 2.3589e+06
0.203 1.2557e+08 2.5115e+06
0.204 1.2745e+08 2.549e+06
0.205 1.1736e+08 2.3472e+06
0.206 1.1323e+08 2.2646e+06
0.207 1.2385e+08 2.4771e+06
0.208 1.0095e+08 2.0189e+06
0.209 1.0774e+08 2.1549e+06
0.21 1.0935e+08 2.187e+06
0.211 1.1192e+08 2.2385e+06
0.212 1.0146e+08 2.0292e+06
0.213 1.0241e+08 2.0483e+06
0.214 9.0793e+07 1.8159e+06
0.215 9.2348e+07 1.847e+06
0.216 9.0603e+07 1.8121e+06
0.217 9.8186e+07 1.9637e+06
0.218 8.7883e+07 1.7577e+06
0.219 9.747e+07 1.9494e+06
0.22 8.7878e+07 1.7576e+06
0.221 8.1639e+07 1.6328e+06
0.222 8.5453e+07 1.7091e+06
0.223 7.9831e+07 1.5966e+06
0.224 8.1279e+07 1.6256e+06
0.225 7.4599e+07 1.492e+06
0.226 7.6738e+07 1.5348e+06
0.227 7.5737e+07 1.5147e+06
0.228 7.3704e+07 1.4741e+06
0.229 7.4104e+07 1.4821e+06
0.23 7.0852e+07 1.417e+06
0.231 5.4198e+07 1.084e+06
0.232 6.1918e+07 1.2384e+06
0.233 6.6135e+07 1.3227e+06
0.234 6.9453e+07 1.3891e+06
0.235 6.8701e+07 1.374e+06
0.236 5.4333e+07 1.0867e+06
0.237 6.6024e+07 1.3205e+06
0.238 5.9481e+07 1.1896e+06
0.239 5.576e+07 1.1152e+06
0.24 6.2104e+07 1.2421e+06
0.241 6.618e+07 1.3236e+06
0.242 5.9126e+07 1.1825e+06
0.243 6.2053e+07 1.2411e+06
0.244 5.3226e+07 1.0645e+06
0.245 4.7009e+07 9.4018e+05
0.246 4.9549e+07 9.9099e+05
0.247 5.4237e+07 1.0847e+06
0.248 4.9724e+07 9.9449e+05
0.249 3.9629e+07 7.9257e+05
0.25 4.9296e+07 9.8593e+05
0.251 4.4301e+07 8.8601e+05
0.252 4.7924e+07 9.5849e+05
0.253 5.3793e+07 1.0759e+06
0.254 4.0716e+07 8.1431e+05
0.255 3.5069e+07 7.0137e+05
0.256 5.6973e+07 1.1395e+06
0.257 4.5794e+07 9.1588e+05
0.258 4.5757e+07 9.1515e+05
0.259 4.1513e+07 8.3027e+05
0.26 4.3284e+07 8.6568e+05
0.261 3.818e+07 7.6361e+05
0.262 3.5637e+07 7.1274e+05
0.263 3.5426e+07 7.0851e+05
0.264 3.9351e+07 7.8702e+05
0.265 3.9813e+07 7.9626e+05
0.266 3.8803e+07 7.7606e+05
0.267 3.6803e+07 7.3606e+05
0.268 3.6174e+07 7.2349e+05
0.269 3.6298e+07 7.2596e+05
0.27 3.2107e+07 6.4214e+05
0.271 3.3578e+07 6.7156e+05
0.272 3.0977e+07 6.1954e+05
0.273 3.5736e+07 7.1472e+05
0.274 3.3515e+07 6.703e+05
0.275 3.3231e+07 6.6461e+05
0.276 3.6894e+07 7.3788e+05
0.277 2.8322e+07 5.6645e+05
0.278 2.5557e+07 5.1115e+05
0.279 2.9387e+07 5.8774e+05
0.28 1.9333e+07 3.8667e+05
0.281 2.3374e+07 4.6749e+05
0.282 3.6406e+07 7.2812e+05
0.283 2.2928e+07 4.5857e+05
0.284 2.982e+07 5.964e+05
0.285 2.7203e+07 5.4406e+05
0.286 3.0652e+07 6.1305e+05
0.287 2.4568e+07 4.9136e+05
0.288 1.8852e+07 3.7703e+05
0.289 3.466e+07 6.9321e+05
0.29 2.6043e+07 5.2086e+05
0.291 2.6821e+07 5.3642e+05
0.292 1.8118e+07 3.6236e+05
0.293 2.0318e+07 4.0636e+05
0.294 2.4737e+07 4.9474e+05
0.295 2.1984e+07 4.3968e+05
0.296 2.1891e+07 4.3782e+05
0.297 2.1958e+07 4.3915e+05
0.298 2.529e+07 5.0581e+05
0.299 2.5008e+07 5.0015e+05
0.3 2.8744e+07 5.7488e+05
0.301 2.1726e+07 4.3453e+05
0.302 1.8145e+07 3.6289e+05
0.303 2.0402e+07 4.0804e+05
0.304 3.0068e+07 6.0136e+05
0.305 2.6263e+07 5.2526e+05
0.306 3.2884e+07 6.5768e+05
0.307 3.0869e+07 6.1739e+05
0.308 3.0655e+07 6.1309e+05
0.309 2.2746e+07 4.5492e+05
0.31 2.3757e+07 4.7514e+05
0.311 1.914e+07 3.828e+05
0.312 2.8281e+07 5.6562e+05
0.313 1.8894e+07 3.7789e+05
0.314 1.8444e+07 3.6887e+05
0.315 3.0136e+07 6.0272e+05
0.316 1.8615e+07 3.723e+05
0.317 1.4365e+07 2.8731e+05
0.318 2.5002e+07 5.0005e+05
0.319 2.1032e+07 4.2064e+05
0.32 2.1772e+07 4.3545e+05
0.321 2.3522e+07 4.7043e+05
0.322 2.1247e+07 4.2493e+05
0.323 2.5871e+07 5.1743e+05
0.324 2.2132e+07 4.4263e+05
0.325 2.7995e+07 5.599e+05
0.326 2.4172e+07 4.8344e+05
0.327 2.6704e+07 5.3408e+05
0.328 2.0502e+07 4.1005e+05
0.329 1.9948e+07 3.9897e+05
0.33 1.6512e+07 3.3023e+05
0.331 2.5218e+07 5.0435e+05
0.332 2.2323e+07 4.4646e+05
0.333 2.5043e+07 5.0085e+05
0.334 1.9992e+07 3.9984e+05
0.335 1.8728e+07 3.7455e+05
0.336 2.4208e+07 4.8416e+05
0.337 2.8758e+07 5.7517e+05
0.338 3.2768e+07 6.5537e+05
0.339 3.0326e+07 6.0652e+05
0.34 2.582e+07 5.1641e+05
0.341 2.1004e+07 4.2007e+05
0.342 2.1011e+07 4.2023e+05
0.343 2.5219e+07 5.0439e+05
0.344 1.9867e+07 3.9735e+05
0.345 2.4201e+07 4.8402e+05
0.346 1.7125e+07 3.425e+05
0.347 2.5438e+07 5.0876e+05
0.348 2.2612e+07 4.5224e+05
0.349 2.1974e+07 4.3948e+05
0.35 1.9901e+07 3.9802e+05
0.351 3.1349e+07 6.2698e+05
0.352 2.3222e+07 4.6443e+05
0.353 3.1497e+07 6.2994e+05
0.354 2.7384e+07 5.4769e+05
0.355 1.8112e+07 3.6225e+05
0.356 2.4057e+07 4.8115e+05
0.357 1.8656e+07 3.7312e+05
0.358 1.7468e+07 3.4935e+05
0.359 2.0415e+07 4.083e+05
0.36 2.1776e+07 4.3553e+05
0.361 2.4564e+07 4.9128e+05
0.362 2.5409e+07 5.0817e+05
0.363 2.4243e+07 4.8485e+05
0.364 2.1838e+07 4.3677e+05
0.365 2.5491e+07 5.0982e+05
0.366 1.642e+07 3.284e+05
0.367 2.9141e+07 5.8282e+05
0.368 2.9287e+07 5.8575e+05
0.369 2.705e+07 5.4099e+05
0.37 3.0404e+07 6.0808e+05
0.371 2.2061e+07 4.4122e+05
0.372 2.2833e+07 4.5667e+05
0.373 2.3565e+07 4.7129e+05
0.374 3.2287e+07 6.4574e+05
0.375 2.0288e+07 4.0575e+05
0.376 2.3525e+07 4.7051e+05
0.377 2.4059e+07 4.8118e+05
0.378 3.098e+07 6.196e+05
0.379 3.3933e+07 6.7866e+05
0.38 2.3678e+07 4.7356e+05
0.381 2.6515e+07 5.3031e+05
0.382 1.8698e+07 3.7395e+05
0.383 2.0769e+07 4.1538e+05
0.384 2.6736e+07 5.3472e+05
0.385 1.9423e+07 3.8846e+05
0.386 2.505e+07 5.0099e+05
0.387 2.2648e+07 4.5296e+05
0.388 2.9488e+07 5.8976e+05
0.389 2.8326e+07 5.6652e+05
0.39 2.5196e+07 5.0391e+05
0.391 1.7677e+07 3.5354e+05
0.392 2.5418e+07 5.0836e+05
0.393 2.1095e+07 4.2189e+05
0.394 2.241e+07 4.4821e+05
0.395 2.6569e+07 5.3138e+05
0.396 1.9829e+07 3.9657e+05
0.397 2.0288e+07 4.0576e+05
0.398 2.8082e+07 5.6164e+05
0.399 3.0193e+07 6.0386e+05
0.4 2.8319e+07 5.6637e+05
0.401 1.7471e+07 3.4942e+05
0.402 2.7025e+07 5.4049e+05
0.403 1.5418e+07 3.0835e+05
0.404 2.7536e+07 5.5071e+05
0.405 1.9597e+07 3.9193e+05
0.406 3.3876e+07 6.7752e+05
0.407 3.2734e+07 6.5469e+05
0.408 2.8829e+07 5.7659e+05
0.409 2.3276e+07 4.6552e+05
0.41 2.2979e+07 4.5957e+05
0.411 2.5756e+07 5.1511e+05
0.412 2.9897e+07 5.9795e+05
0.413 2.6044e+07 5.2089e+05
0.414 2.8278e+07 5.6556e+05
0.415 2.2411e+07 4.4821e+05
0.416 2.8511e+07 5.7023e+05
0.417 2.0736e+07 4.1473e+05
0.418 2.6222e+07 5.2444e+05
0.419 2.5941e+07 5.1882e+05
0.42 2.3099e+07 4.6199e+05
0.421 2.1677e+07 4.3353e+05
0.422 2.6446e+07 5.2892e+05
0.423 2.6083e+07 5.2166e+05
0.424 3.0886e+07 6.1772e+05
0.425 2.6737e+07 5.3474e+05
0.426 2.9291e+07 5.8582e+05
0.427 2.6397e+07 5.2794e+05
0.428 2.1275e+07 4.2551e+05
0.429 2.6463e+07 5.2926e+05
0.43 2.4138e+07 4.8276e+05
0.431 2.1654e+07 4.3307e+05
0.432 1.6881e+07 3.3763e+05
0.433 2.6718e+07 5.3436e+05
0.434 3.237e+07 6.4739e+05
0.435 2.3055e+07 4.611e+05
0.436 2.7561e+07 5.5121e+05
0.437 3.0711e+07 6.1423e+05
0.438 2.514e+07 5.0281e+05
0.439 1.7913e+07 3.5826e+05
0.44 2.5153e+07 5.0307e+05
0.441 2.5126e+07 5.0252e+05
0.442 3.487e+07 6.9741e+05
0.443 2.2821e+07 4.5641e+05
0.444 2.3989e+07 4.7978e+05
0.445 2.7765e+07 5.553e+05
0.446 2.8105e+07 5.621e+05
0.447 1.88e+07 3.7601e+05
0.448 3.0103e+07 6.0207e+05
0.449 2.645e+07 5.2899e+05
0.45 2.1889e+07 4.3778e+05
0.451 2.1343e+07 4.2685e+05
0.452 1.9164e+07 3.8327e+05
0.453 2.3455e+07 4.6909e+05
0.454 1.898e+07 3.796e+05
0.455 2.1025e+07 4.2049e+05
0.456 2.446e+07 4.892e+05
0.457 1.9064e+07 3.8128e+05
0.458 2.3718e+07 4.7436e+05
0.459 2.7106e+07 5.4212e+05
0.46 2.5371e+07 5.0742e+05
0.461 2.2467e+07 4.4935e+05
0.462 2.416e+07 4.8319e+05
0.463 2.4697e+07 4.9395e+05
0.464 1.8471e+07 3.6942e+05
0.465 2.3774e+07 4.7548e+05
0.466 2.2592e+07 4.5183e+05
0.467 2.1281e+07 4.2561e+05
0.468 1.7274e+07 3.4548e+05
0.469 2.046e+07 4.092e+05
0.47 2.8765e+07 5.753e+05
0.471 1.9287e+07 3.8574e+05
0.472 1.9986e+07 3.9972e+05
0.473 1.9143e+07 3.8286e+05
0.474 2.513e+07 5.026e+05
0.475 2.2126e+07 4.4253e+05
0.476 2.7592e+07 5.5184e+05
0.477 1.8679e+07 3.7358e+05
0.478 2.5054e+07 5.0108e+05
0.479 1.8167e+07 3.6335e+05
0.48 2.2872e+07 4.5743e+05
0.481 1.9433e+07 3.8867e+05
0.482 3.2111e+07 6.4223e+05
0.483 2.0577e+07 4.1155e+05
0.484 2.6244e+07 5.2488e+05
0.485 2.1387e+07 4.2773e+05
0.486 2.2425e+07 4.485e+05
0.487 2.2092e+07 4.4184e+05
0.488 2.5268e+07 5.0537e+05
0.489 2.1765e+07 4.353e+05
0.49 1.259e+07 2.518e+05
0.491 1.4964e+07 2.9927e+05
0.492 1.7084e+07 3.4169e+05
0.493 2.5929e+07 5.1858e+05
0.494 2.7261e+07 5.4522e+05
0.495 2.2028e+07 4.4056e+05
0.496 1.9532e+07 3.9063e+05
0.497 2.4922e+07 4.9844e+05
0.498 1.1343e+07 2.2685e+05
0.499 2.279e+07 4.558e+05
0.5 1.9481e+07 3.8962e+05
