0.001 2.8307e+10 1.4558e+09
0.002 2.8532e+10 1.0292e+09
0.003 2.9905e+10 8.3997e+08
0.004 2.9259e+10 7.27e+08
0.005 2.8589e+10 6.4975e+08
0.006 2.8598e+10 5.9259e+08
0.007 2.8992e+10 5.4803e+08
0.008 2.8584e+10 5.1199e+08
0.009 2.7837e+10 4.8202e+08
0.01 2.8492e+10 4.5655e+08
0.011 2.83e+10 4.3453e+08
0.012 2.8894e+10 4.1523e+08
0.013 2.8211e+10 3.981e+08
0.014 2.8275e+10 3.8275e+08
0.015 2.7398e+10 3.6888e+08
0.016 2.7782e+10 3.5624e+08
0.017 2.7842e+10 3.4465e+08
0.018 2.7474e+10 3.3396e+08
0.019 2.6588e+10 3.2405e+08
0.02 2.732e+10 3.1482e+08
0.021 2.6883e+10 3.0619e+08
0.022 2.6436e+10 2.9808e+08
0.023 2.6571e+10 2.9044e+08
0.024 2.6007e+10 2.8322e+08
0.025 2.6157e+10 2.7638e+08
0.026 2.5529e+10 2.6988e+08
0.027 2.5547e+10 2.6368e+08
0.028 2.4757e+10 2.5776e+08
0.029 2.4932e+10 2.521e+08
0.03 2.4769e+10 2.4667e+08
0.031 2.3909e+10 2.4146e+08
0.032 2.3908e+10 2.3644e+08
0.033 2.3514e+10 2.3161e+08
0.034 2.3726e+10 2.2695e+08
0.035 2.2918e+10 2.2244e+08
0.036 2.2627e+10 2.1809e+08
0.037 2.2776e+10 2.1387e+08
0.038 2.2306e+10 2.0978e+08
0.039 2.1326e+10 2.0581e+08
0.04 2.1546e+10 2.0195e+08
0.041 2.0838e+10 1.982e+08
0.042 2.1054e+10 1.9456e+08
0.043 2.0672e+10 1.9101e+08
0.044 2.038e+10 1.8755e+08
0.045 1.9581e+10 1.8418e+08
0.046 1.9551e+10 1.809e+08
0.047 1.9244e+10 1.7769e+08
0.048 1.9247e+10 1.7456e+08
0.049 1.853e+10 1.715e+08
0.05 1.8437e+10 1.6851e+08
0.051 1.7758e+10 1.6559e+08
0.052 1.7855e+10 1.6273e+08
0.053 1.7245e+10 1.5994e+08
0.054 1.6767e+10 1.572e+08
0.055 1.68e+10 1.5452e+08
0.056 1.6357e+10 1.519e+08
0.057 1.5953e+10 1.4934e+08
0.058 1.5502e+10 1.4683e+08
0.059 1.5054e+10 1.4437e+08
0.06 1.4817e+10 1.4196e+08
0.061 1.4714e+10 1.3959e+08
0.062 1.4501e+10 1.3728e+08
0.063 1.392e+10 1.3501e+08
0.064 1.3747e+10 1.3279e+08
0.065 1.3364e+10 1.3061e+08
0.066 1.3009e+10 1.2848e+08
0.067 1.2771e+10 1.2639e+08
0.068 1.2416e+10 1.2434e+08
0.069 1.2353e+10 1.2233e+08
0.07 1.193e+10 1.2036e+08
0.071 1.1653e+10 1.1843e+08
0.072 1.1317e+10 1.1654e+08
0.073 1.1319e+10 1.1469e+08
0.074 1.0796e+10 1.1287e+08
0.075 1.0672e+10 1.111e+08
0.076 1.0469e+10 1.0935e+08
0.077 1.0164e+10 1.0765e+08
0.078 9.7449e+09 1.0597e+08
0.079 9.4876e+09 1.0434e+08
0.08 9.4096e+09 1.0273e+08
0.081 9.3496e+09 1.0116e+08
0.082 8.7195e+09 9.9625e+07
0.083 8.5517e+09 9.812e+07
0.084 8.3503e+09 9.6646e+07
0.085 8.2273e+09 9.5204e+07
0.086 8.0068e+09 9.3793e+07
0.087 7.6764e+09 9.2411e+07
0.088 7.5298e+09 9.106e+07
0.089 7.2701e+09 8.9738e+07
0.09 7.121e+09 8.8444e+07
0.091 7.026e+09 8.7179e+07
0.092 6.7722e+09 8.5942e+07
0.093 6.7774e+09 8.4733e+07
0.094 6.456e+09 8.355e+07
0.095 6.2784e+09 8.2394e+07
0.096 6.1116e+09 8.1263e+07
0.097 6.0027e+09 8.0159e+07
0.098 5.7813e+09 7.9079e+07
0.099 5.5709e+09 7.8024e+07
0.1 5.4562e+09 7.6993e+07
0.101 5.3497e+09 7.5985e+07
0.102 5.1641e+09 7.5001e+07
0.103 5.0041e+09 7.404e+07
0.104 4.8187e+09 7.3101e+07
0.105 4.684e+09 7.2184e+07
0.106 4.6263e+09 7.1288e+07
0.107 4.4477e+09 7.0413e+07
0.108 4.2983e+09 6.9558e+07
0.109 4.3093e+09 6.8723e+07
0.11 4.1731e+09 6.7908e+07
0.111 3.8972e+09 6.7112e+07
0.112 4.0056e+09 6.6335e+07
0.113 3.6991e+09 6.5576e+07
0.114 3.7305e+09 6.4834e+07
0.115 3.6053e+09 6.411e+07
0.116 3.3387e+09 6.3403e+07
0.117 3.4032e+09 6.2713e+07
0.118 3.231e+09 6.2038e+07
0.119 3.1436e+09 6.1379e+07
0.12 3.0218e+09 6.0736e+07
0.121 3.0974e+09 6.0107e+07
0.122 2.9401e+09 5.9493e+07
0.123 2.9322e+09 5.8892e+07
0.124 2.8073e+09 5.8306e+07
0.125 2.7048e+09 5.7733e+07
0.126 2.7053e+09 5.7173e+07
0.127 2.5205e+09 5.6625e+07
0.128 2.445e+09 5.609e+07
0.129 2.4802e+09 5.5567e+07
0.13 2.3236e+09 5.5056e+07
0.131 2.3364e+09 5.4555e+07
0.132 2.1859e+09 5.4066e+07
0.133 2.1896e+09 5.3588e+07
0.134 2.1816e+09 5.312e+07
0.135 2.0456e+09 5.2662e+07
0.136 2.0267e+09 5.2214e+07
0.137 1.9823e+09 5.1775e+07
0.138 1.8836e+09 5.1346e+07
0.139 1.8605e+09 5.0926e+07
0.14 1.8125e+09 5.0515e+07
0.141 1.663e+09 5.0112e+07
0.142 1.7321e+09 4.9718e+07
0.143 1.7422e+09 4.9332e+07
0.144 1.5955e+09 4.8953e+07
0.145 1.6246e+09 4.8583e+07
0.146 1.5513e+09 4.822e+07
0.147 1.4899e+09 4.7865e+07
0.148 1.4642e+09 4.7516e+07
0.149 1.3953e+09 4.7175e+07
0.15 1.3993e+09 4.684e+07
0.151 1.3626e+09 4.6512e+07
0.152 1.2733e+09 4.619e+07
0.153 1.2072e+09 4.5875e+07
0.154 1.1929e+09 4.5566e+07
0.155 1.1874e+09 4.5263e+07
0.156 1.1422e+09 4.4966e+07
0.157 1.0866e+09 4.4674e+07
0.158 1.1714e+09 4.4388e+07
0.159 1.0769e+09 4.4108e+07
0.16 9.9089e+08 4.3833e+07
0.161 1.0207e+09 4.3563e+07
0.162 1.0065e+09 4.3299e+07
0.163 9.4498e+08 4.3039e+07
0.164 9.4135e+08 4.2784e+07
0.165 8.8827e+08 4.2535e+07
0.166 8.4252e+08 4.2289e+07
0.167 8.7633e+08 4.2049e+07
0.168 7.2475e+08 4.1813e+07
0.169 8.6217e+08 4.1581e+07
0.17 7.8167e+08 4.1354e+07
0.171 7.4607e+08 4.1131e+07
0.172 7.3379e+08 4.0912e+07
0.173 6.8716e+08 4.0697e+07
0.174 6.7732e+08 4.0486e+07
0.175 7.0165e+08 4.0279e+07
0.176 6.8704e+08 4.0075e+07
0.177 6.5824e+08 3.9876e+07
0.178 6.1315e+08 3.968e+07
0.179 6.5432e+08 3.9488e+07
0.18 5.6237e+08 3.9299e+07
0.181 5.6847e+08 3.9113e+07
0.182 5.8928e+08 3.8931e+07
0.183 5.3481e+08 3.8753e+07
0.184 5.5306e+08 3.8577e+07
0.185 4.7136e+08 3.8405e+07
0.186 5.3352e+08 3.8235e+07
0.187 4.6956e+08 3.8069e+07
0.188 4.4494e+08 3.7906e+07
0.189 4.2915e+08 3.7745e+07
0.19 4.3026e+08 3.7588e+07
0.191 4.4825e+08 3.7433e+07
0.192 4.3808e+08 3.7281e+07
0.193 3.6315e+08 3.7131e+07
0.194 4.1229e+08 3.6984e+07
0.195 3.5261e+08 3.684e+07
0.196 3.405e+08 3.6698e+07
0.197 3.6867e+08 3.6559e+07
0.198 3.2807e+08 3.6422e+07
0.199 3.2872e+08 3.6287e+07
0.2 3.1216e+08 3.6154e+07
0.201 2.8859e+08 3.6024e+07
0.202 2.6197e+08 3.5896e+07
0.203 2.7923e+08 3.577e+07
0.204 3.1071e+08 3.5646e+07
0.205 2.8914e+08 3.5524e+07
0.206 3.3752e+08 3.5404e+07
0.207 2.4313e+08 3.5286e+07
0.208 2.6711e+08 3.517e+07
0.209 2.8141e+08 3.5056e+07
0.21 2.6797e+08 3.4944e+07
0.211 3.2778e+08 3.4833e+07
0.212 2.4381e+08 3.4724e+07
0.213 2.2235e+08 3.4617e+07
0.214 2.1583e+08 3.4512e+07
0.215 2.1958e+08 3.4408e+07
0.216 1.435e+08 3.4305e+07
0.217 2.7333e+08 3.4205e+07
0.218 1.8661e+08 3.4105e+07
0.219 2.2795e+08 3.4008e+07
0.22 1.5097e+08 3.3911e+07
0.221 1.8231e+08 3.3816e+07
0.222 1.7789e+08 3.3723e+07
0.223 2.1162e+08 3.3631e+07
0.224 1.8292e+08 3.354e+07
0.225 2.1416e+08 3.345e+07
0.226 1.8778e+08 3.3362e+07
0.227 1.6532e+08 3.3275e+07
0.228 1.5985e+08 3.3189e+07
0.229 1.7029e+08 3.3104e+07
0.23 2.0248e+08 3.3021e+07
0.231 2.2778e+08 3.2938e+07
0.232 1.312e+08 3.2857e+07
0.233 1.4958e+08 3.2777e+07
0.234 1.9142e+08 3.2697e+07
0.235 1.4403e+08 3.2619e+07
0.236 2.2895e+08 3.2542e+07
0.237 1.8898e+08 3.2466e+07
0.238 1.7754e+08 3.2391e+07
0.239 1.6368e+08 3.2316e+07
0.24 1.0614e+08 3.2243e+07
0.241 1.129e+08 3.217e+07
0.242 1.2661e+08 3.2099e+07
0.243 1.5054e+08 3.2028e+07
0.244 1.2224e+08 3.1958e+07
0.245 9.4027e+07 3.1888e+07
0.246 1.3616e+08 3.182e+07
0.247 1.8006e+08 3.1752e+07
0.248 1.2632e+08 3.1685e+07
0.249 1.6292e+08 3.1619e+07
0.25 1.4582e+08 3.1553e+07
0.251 2.014e+08 3.1489e+07
0.252 1.4698e+08 3.1424e+07
0.253 1.4745e+08 3.1361e+07
0.254 1.6038e+08 3.1298e+07
0.255 1.1288e+08 3.1235e+07
0.256 1.8185e+08 3.1173e+07
0.257 1.6832e+08 3.1112e+07
0.258 1.3408e+08 3.1051e+07
0.259 1.2584e+08 3.0991e+07
0.26 1.4548e+08 3.0931e+07
0.261 1.2223e+08 3.0872e+07
0.262 8.6173e+07 3.0813e+07
0.263 9.3803e+07 3.0755e+07
0.264 1.47e+08 3.0697e+07
0.265 1.4691e+08 3.064e+07
0.266 1.683e+08 3.0583e+07
0.267 1.3545e+08 3.0526e+07
0.268 1.7083e+08 3.047e+07
0.269 1.5076e+08 3.0414e+07
0.27 1.4464e+08 3.0358e+07
0.271 1.5063e+08 3.0303e+07
0.272 1.3321e+08 3.0248e+07
0.273 7.6037e+07 3.0194e+07
0.274 1.1404e+08 3.0139e+07
0.275 1.1349e+08 3.0085e+07
0.276 2.0576e+08 3.0032e+07
0.277 1.1648e+08 2.9978e+07
0.278 1.0528e+08 2.9925e+07
0.279 1.0203e+08 2.9872e+07
0.28 9.5316e+07 2.982e+07
0.281 1.2825e+08 2.9768e+07
0.282 1.3632e+08 2.9715e+07
0.283 1.6728e+08 2.9664e+07
0.284 1.2507e+08 2.9612e+07
0.285 1.9172e+08 2.956e+07
0.286 1.1228e+08 2.9509e+07
0.287 9.207e+07 2.9458e+07
0.288 2.2339e+08 2.9407e+07
0.289 1.4737e+08 2.9357e+07
0.29 1.5386e+08 2.9306e+07
0.291 1.6595e+08 2.9256e+07
0.292 1.7284e+08 2.9206e+07
0.293 1.2029e+08 2.9156e+07
0.294 1.6535e+08 2.9106e+07
0.295 1.4168e+08 2.9056e+07
0.296 1.2946e+08 2.9007e+07
0.297 1.3737e+08 2.8958e+07
0.298 1.6561e+08 2.8908e+07
0.299 1.3207e+08 2.886e+07
0.3 6.3208e+07 2.8811e+07
0.301 1.221e+08 2.8762e+07
0.302 1.7308e+08 2.8714e+07
0.303 1.4582e+08 2.8665e+07
0.304 1.4292e+08 2.8617e+07
0.305 1.2431e+08 2.8569e+07
0.306 1.5922e+08 2.8521e+07
0.307 1.2193e+08 2.8474e+07
0.308 1.6092e+08 2.8426e+07
0.309 1.2189e+08 2.8379e+07
0.31 1.5645e+08 2.8332e+07
0.311 1.6503e+08 2.8285e+07
0.312 1.2387e+08 2.8238e+07
0.313 1.438e+08 2.8191e+07
0.314 1.0183e+08 2.8144e+07
0.315 1.0335e+08 2.8098e+07
0.316 1.226e+08 2.8052e+07
0.317 1.2942e+08 2.8006e+07
0.318 1.5283e+08 2.796e+07
0.319 1.3885e+08 2.7914e+07
0.32 1.6439e+08 2.7869e+07
0.321 1.2935e+08 2.7823e+07
0.322 1.5059e+08 2.7778e+07
0.323 1.1257e+08 2.7733e+07
0.324 1.0513e+08 2.7688e+07
0.325 1.4039e+08 2.7644e+07
0.326 1.2777e+08 2.7599e+07
0.327 1.6596e+08 2.7555e+07
0.328 1.2274e+08 2.7511e+07
0.329 1.4309e+08 2.7467e+07
0.33 1.5149e+08 2.7423e+07
0.331 1.3346e+08 2.738e+07
0.332 1.2705e+08 2.7336e+07
0.333 1.6458e+08 2.7293e+07
0.334 1.6916e+08 2.725e+07
0.335 1.2848e+08 2.7208e+07
0.336 1.4775e+08 2.7165e+07
0.337 1.2038e+08 2.7123e+07
0.338 1.1513e+08 2.708e+07
0.339 1.1812e+08 2.7038e+07
0.34 8.7564e+07 2.6996e+07
0.341 1.0076e+08 2.6955e+07
0.342 1.3208e+08 2.6913e+07
0.343 1.1395e+08 2.6872e+07
0.344 1.2982e+08 2.6831e+07
0.345 9.3958e+07 2.679e+07
0.346 1.1283e+08 2.6749e+07
0.347 1.1544e+08 2.6709e+07
0.348 1.3493e+08 2.6668e+07
0.349 8.1873e+07 2.6628e+07
0.35 1.5556e+08 2.6588e+07
0.351 1.1745e+08 2.6549e+07
0.352 1.377e+08 2.6509e+07
0.353 1.1748e+08 2.647e+07
0.354 1.2629e+08 2.643e+07
0.355 1.0872e+08 2.6391e+07
0.356 6.8421e+07 2.6353e+07
0.357 1.069e+08 2.6314e+07
0.358 1.3366e+08 2.6275e+07
0.359 7.1318e+07 2.6237e+07
0.36 1.377e+08 2.6199e+07
0.361 1.5275e+08 2.6161e+07
0.362 1.2796e+08 2.6123e+07
0.363 6.253e+07 2.6086e+07
0.364 8.3048e+07 2.6048e+07
0.365 8.4741e+07 2.6011e+07
0.366 1.0492e+08 2.5974e+07
0.367 1.1139e+08 2.5937e+07
0.368 9.4336e+07 2.59e+07
0.369 1.0771e+08 2.5863e+07
0.37 1.2024e+08 2.5827e+07
0.371 7.7175e+07 2.5791e+07
0.372 9.2507e+07 2.5755e+07
0.373 1.0271e+08 2.5719e+07
0.374 9.8039e+07 2.5683e+07
0.375 7.9387e+07 2.5647e+07
0.376 1.1741e+08 2.5612e+07
0.377 1.1043e+08 2.5576e+07
0.378 8.1727e+07 2.5541e+07
0.379 9.1195e+07 2.5506e+07
0.38 8.5615e+07 2.5471e+07
0.381 9.8488e+07 2.5437e+07
0.382 7.5019e+07 2.5402e+07
0.383 1.1882e+08 2.5368e+07
0.384 1.062e+08 2.5334e+07
0.385 8.7073e+07 2.5299e+07
0.386 7.6931e+07 2.5266e+07
0.387 1.191e+08 2.5232e+07
0.388 8.9911e+07 2.5198e+07
0.389 7.828e+07 2.5165e+07
0.39 4.5595e+07 2.5131e+07
0.391 1.3636e+08 2.5098e+07
0.392 1.0103e+08 2.5065e+07
0.393 8.9126e+07 2.5032e+07
0.394 8.3258e+07 2.5e+07
0.395 8.2697e+07 2.4967e+07
0.396 1.6195e+08 2.4934e+07
0.397 6.4126e+07 2.4902e+07
0.398 9.3209e+07 2.487e+07
0.399 1.5346e+08 2.4838e+07
0.4 7.4346e+07 2.4806e+07
0.401 5.8246e+07 2.4774e+07
0.402 7.1974e+07 2.4743e+07
0.403 8.7901e+07 2.4711e+07
0.404 6.9748e+07 2.468e+07
0.405 8.8482e+07 2.4649e+07
0.406 8.3985e+07 2.4618e+07
0.407 6.2947e+07 2.4587e+07
0.408 5.6346e+07 2.4556e+07
0.409 9.1164e+07 2.4526e+07
0.41 1.1618e+08 2.4495e+07
0.411 1.03e+08 2.4465e+07
0.412 9.5882e+07 2.4435e+07
0.413 8.1756e+06 2.4405e+07
0.414 9.4295e+07 2.4375e+07
0.415 6.2935e+07 2.4345e+07
0.416 1.1827e+08 2.4316e+07
0.417 9.1627e+07 2.4286e+07
0.418 5.4471e+07 2.4257e+07
0.419 1.162e+08 2.4228e+07
0.42 5.3815e+07 2.4199e+07
0.421 1.0966e+08 2.417e+07
0.422 1.0672e+08 2.4141e+07
0.423 1.1449e+08 2.4113e+07
0.424 1.5243e+08 2.4084e+07
0.425 1.2812e+08 2.4056e+07
0.426 7.2964e+07 2.4028e+07
0.427 1.0349e+08 2.4e+07
0.428 6.7293e+07 2.3972e+07
0.429 1.312e+08 2.3944e+07
0.43 4.2019e+07 2.3916e+07
0.431 5.2792e+07 2.3889e+07
0.432 1.0964e+08 2.3861e+07
0.433 9.7378e+07 2.3834e+07
0.434 8.739e+07 2.3807e+07
0.435 9.9156e+07 2.378e+07
0.436 6.5055e+07 2.3753e+07
0.437 1.3768e+08 2.3726e+07
0.438 9.7732e+07 2.3699e+07
0.439 8.7919e+07 2.3673e+07
0.44 9.6827e+07 2.3646e+07
0.441 8.2063e+07 2.362e+07
0.442 7.2839e+07 2.3594e+07
0.443 8.9069e+07 2.3568e+07
0.444 1.1505e+08 2.3542e+07
0.445 9.5692e+07 2.3516e+07
0.446 8.3505e+07 2.349e+07
0.447 8.1035e+07 2.3465e+07
0.448 6.6751e+07 2.3439e+07
0.449 1.1295e+08 2.3414e+07
0.45 4.9169e+07 2.3388e+07
0.451 9.2654e+07 2.3363e+07
0.452 8.436e+07 2.3338e+07
0.453 1.1709e+08 2.3313e+07
0.454 1.1263e+08 2.3288e+07
0.455 5.4158e+07 2.3263e+07
0.456 5.8414e+07 2.3238e+07
0.457 4.4649e+07 2.3213e+07
0.458 6.1539e+07 2.3189e+07
0.459 1.2156e+08 2.3164e+07
0.46 1.0892e+08 2.314e+07
0.461 1.0727e+08 2.3115e+07
0.462 1.2462e+08 2.3091e+07
0.463 1.0158e+08 2.3067e+07
0.464 6.3481e+07 2.3042e+07
0.465 9.3752e+07 2.3018e+07
0.466 1.3744e+08 2.2994e+07
0.467 7.9143e+07 2.297e+07
0.468 1.222e+08 2.2946e+07
0.469 8.1856e+07 2.2923e+07
0.47 5.4528e+07 2.2899e+07
0.471 1.5056e+08 2.2875e+07
0.472 1.021e+08 2.2851e+07
0.473 7.4901e+07 2.2828e+07
0.474 8.019e+07 2.2804e+07
0.475 9.7126e+07 2.2781e+07
0.476 1.3562e+08 2.2757e+07
0.477 9.6135e+07 2.2734e+07
0.478 9.3965e+07 2.2711e+07
0.479 1.0813e+08 2.2687e+07
0.48 7.0864e+07 2.2664e+07
0.481 1.249e+08 2.2641e+07
0.482 8.5941e+07 2.2618e+07
0.483 9.3637e+07 2.2595e+07
0.484 1.3741e+08 2.2572e+07
0.485 1.0009e+08 2.2548e+07
0.486 1.154e+08 2.2526e+07
0.487 1.2495e+08 2.2503e+07
0.488 1.3614e+08 2.248e+07
0.489 1.0243e+08 2.2457e+07
0.49 1.0535e+08 2.2434e+07
0.491 1.1535e+08 2.2411e+07
0.492 1.0375e+08 2.2389e+07
0.493 8.3642e+07 2.2366e+07
0.494 9.9984e+07 2.2343e+07
0.495 1.0878e+08 2.2321e+07
0.496 5.2842e+07 2.2298e+07
0.497 1.0396e+08 2.2276e+07
0.498 1.6882e+08 2.2253e+07
0.499 1.057e+08 2.2231e+07
0.5 1.3949e+08 2.2209e+07
