0.001 3.1635e+10 1.5041e+09
0.002 2.9364e+10 1.0633e+09
0.003 2.9307e+10 8.678e+08
0.004 3.0067e+10 7.511e+08
0.005 3.127e+10 6.7131e+08
0.006 2.9561e+10 6.1226e+08
0.007 3.0058e+10 5.6624e+08
0.008 3.0383e+10 5.2901e+08
0.009 2.962e+10 4.9806e+08
0.01 2.9057e+10 4.7176e+08
0.011 2.9581e+10 4.4903e+08
0.012 3.0091e+10 4.291e+08
0.013 2.9556e+10 4.1142e+08
0.014 2.8708e+10 3.9557e+08
0.015 2.8114e+10 3.8125e+08
0.016 2.9054e+10 3.6821e+08
0.017 2.9344e+10 3.5625e+08
0.018 2.8311e+10 3.4522e+08
0.019 2.824e+10 3.35e+08
0.02 2.7255e+10 3.2548e+08
0.021 2.7143e+10 3.1658e+08
0.022 2.8225e+10 3.0822e+08
0.023 2.7013e+10 3.0035e+08
0.024 2.6593e+10 2.9291e+08
0.025 2.6436e+10 2.8586e+08
0.026 2.667e+10 2.7916e+08
0.027 2.6299e+10 2.7278e+08
0.028 2.5888e+10 2.6668e+08
0.029 2.5335e+10 2.6085e+08
0.03 2.5297e+10 2.5526e+08
0.031 2.5045e+10 2.499e+08
0.032 2.4682e+10 2.4474e+08
0.033 2.4932e+10 2.3976e+08
0.034 2.4117e+10 2.3497e+08
0.035 2.42e+10 2.3033e+08
0.036 2.368e+10 2.2585e+08
0.037 2.3331e+10 2.2151e+08
0.038 2.2921e+10 2.1731e+08
0.039 2.2847e+10 2.1323e+08
0.04 2.2391e+10 2.0927e+08
0.041 2.1703e+10 2.0541e+08
0.042 2.1786e+10 2.0167e+08
0.043 2.1328e+10 1.9802e+08
0.044 2.1045e+10 1.9447e+08
0.045 2.0765e+10 1.9101e+08
0.046 2.018e+10 1.8763e+08
0.047 1.9745e+10 1.8434e+08
0.048 1.9474e+10 1.8113e+08
0.049 1.9177e+10 1.7799e+08
0.05 1.9093e+10 1.7492e+08
0.051 1.8612e+10 1.7192e+08
0.052 1.8389e+10 1.6898e+08
0.053 1.8064e+10 1.6612e+08
0.054 1.7597e+10 1.6331e+08
0.055 1.7486e+10 1.6056e+08
0.056 1.7107e+10 1.5788e+08
0.057 1.6347e+10 1.5524e+08
0.058 1.6257e+10 1.5267e+08
0.059 1.5798e+10 1.5014e+08
0.06 1.5785e+10 1.4767e+08
0.061 1.5362e+10 1.4525e+08
0.062 1.5158e+10 1.4287e+08
0.063 1.4675e+10 1.4055e+08
0.064 1.416e+10 1.3827e+08
0.065 1.4336e+10 1.3603e+08
0.066 1.3814e+10 1.3385e+08
0.067 1.3415e+10 1.317e+08
0.068 1.3354e+10 1.296e+08
0.069 1.2605e+10 1.2754e+08
0.07 1.2556e+10 1.2552e+08
0.071 1.2061e+10 1.2354e+08
0.072 1.1878e+10 1.216e+08
0.073 1.1624e+10 1.197e+08
0.074 1.1534e+10 1.1783e+08
0.075 1.1349e+10 1.1601e+08
0.076 1.0957e+10 1.1422e+08
0.077 1.0536e+10 1.1247e+08
0.078 1.0347e+10 1.1075e+08
0.079 1.0073e+10 1.0907e+08
0.08 1.0034e+10 1.0742e+08
0.081 9.599e+09 1.0581e+08
0.082 9.3364e+09 1.0423e+08
0.083 9.0312e+09 1.0268e+08
0.084 9.088e+09 1.0117e+08
0.085 8.691e+09 9.9686e+07
0.086 8.4579e+09 9.8234e+07
0.087 8.1574e+09 9.6813e+07
0.088 8.0763e+09 9.5423e+07
0.089 7.8144e+09 9.4062e+07
0.09 7.6069e+09 9.273e+07
0.091 7.3742e+09 9.1427e+07
0.092 7.2237e+09 9.0153e+07
0.093 7.0989e+09 8.8906e+07
0.094 6.7597e+09 8.7687e+07
0.095 6.7321e+09 8.6494e+07
0.096 6.4617e+09 8.5328e+07
0.097 6.2906e+09 8.4187e+07
0.098 6.12e+09 8.3073e+07
0.099 5.8673e+09 8.1983e+07
0.1 5.853e+09 8.0917e+07
0.101 5.5873e+09 7.9875e+07
0.102 5.5658e+09 7.8857e+07
0.103 5.2428e+09 7.7862e+07
0.104 5.1244e+09 7.689e+07
0.105 5.1002e+09 7.5939e+07
0.106 4.9464e+09 7.501e+07
0.107 4.8082e+09 7.4103e+07
0.108 4.6879e+09 7.3216e+07
0.109 4.4344e+09 7.2349e+07
0.11 4.4512e+09 7.1502e+07
0.111 4.249e+09 7.0675e+07
0.112 4.2138e+09 6.9866e+07
0.113 4.0936e+09 6.9076e+07
0.114 4.1035e+09 6.8304e+07
0.115 4.0201e+09 6.7549e+07
0.116 3.7999e+09 6.6812e+07
0.117 3.6877e+09 6.6091e+07
0.118 3.5725e+09 6.5387e+07
0.119 3.5231e+09 6.4699e+07
0.12 3.4083e+09 6.4026e+07
0.121 3.2817e+09 6.3368e+07
0.122 3.1927e+09 6.2725e+07
0.123 3.1509e+09 6.2097e+07
0.124 3.0011e+09 6.1482e+07
0.125 2.9834e+09 6.0882e+07
0.126 2.9314e+09 6.0294e+07
0.127 2.8199e+09 5.9719e+07
0.128 2.7358e+09 5.9157e+07
0.129 2.5718e+09 5.8608e+07
0.13 2.6132e+09 5.807e+07
0.131 2.5009e+09 5.7543e+07
0.132 2.5013e+09 5.7028e+07
0.133 2.427e+09 5.6525e+07
0.134 2.3763e+09 5.6031e+07
0.135 2.2606e+09 5.5549e+07
0.136 2.295e+09 5.5076e+07
0.137 2.1941e+09 5.4613e+07
0.138 2.0372e+09 5.416e+07
0.139 2.0369e+09 5.3716e+07
0.14 1.9819e+09 5.3282e+07
0.141 1.8627e+09 5.2856e+07
0.142 1.9052e+09 5.2439e+07
0.143 1.8166e+09 5.2031e+07
0.144 1.739e+09 5.1631e+07
0.145 1.7074e+09 5.1238e+07
0.146 1.6827e+09 5.0854e+07
0.147 1.6627e+09 5.0477e+07
0.148 1.6071e+09 5.0108e+07
0.149 1.4564e+09 4.9746e+07
0.15 1.4036e+09 4.9391e+07
0.151 1.432e+09 4.9044e+07
0.152 1.4697e+09 4.8703e+07
0.153 1.3487e+09 4.8368e+07
0.154 1.3339e+09 4.804e+07
0.155 1.2764e+09 4.7719e+07
0.156 1.2081e+09 4.7403e+07
0.157 1.2399e+09 4.7094e+07
0.158 1.2242e+09 4.679e+07
0.159 1.1861e+09 4.6493e+07
0.16 1.1906e+09 4.6201e+07
0.161 1.0439e+09 4.5914e+07
0.162 1.0764e+09 4.5633e+07
0.163 9.6972e+08 4.5357e+07
0.164 1.1104e+09 4.5087e+07
0.165 1.0581e+09 4.4822e+07
0.166 9.3196e+08 4.4561e+07
0.167 8.6611e+08 4.4306e+07
0.168 9.9881e+08 4.4055e+07
0.169 8.8e+08 4.3809e+07
0.17 8.0607e+08 4.3567e+07
0.171 8.0341e+08 4.333e+07
0.172 7.9577e+08 4.3098e+07
0.173 8.2411e+08 4.287e+07
0.174 7.8237e+08 4.2646e+07
0.175 7.2464e+08 4.2426e+07
0.176 6.8061e+08 4.221e+07
0.177 6.4303e+08 4.1998e+07
0.178 6.3828e+08 4.179e+07
0.179 6.1379e+08 4.1586e+07
0.18 7.0525e+08 4.1386e+07
0.181 5.9386e+08 4.119e+07
0.182 6.1005e+08 4.0996e+07
0.183 5.8357e+08 4.0807e+07
0.184 5.5815e+08 4.0621e+07
0.185 5.9247e+08 4.0438e+07
0.186 5.5656e+08 4.0259e+07
0.187 5.4049e+08 4.0083e+07
0.188 4.5952e+08 3.991e+07
0.189 5.1231e+08 3.974e+07
0.19 4.3665e+08 3.9573e+07
0.191 4.7102e+08 3.9409e+07
0.192 4.8152e+08 3.9248e+07
0.193 3.8753e+08 3.909e+07
0.194 4.3621e+08 3.8934e+07
0.195 3.9052e+08 3.8782e+07
0.196 3.7678e+08 3.8632e+07
0.197 3.2986e+08 3.8484e+07
0.198 3.8232e+08 3.8339e+07
0.199 4.336e+08 3.8197e+07
0.2 3.55e+08 3.8057e+07
0.201 3.675e+08 3.792e+07
0.202 3.0738e+08 3.7784e+07
0.203 3.4408e+08 3.7651e+07
0.204 3.2385e+08 3.7521e+07
0.205 3.5467e+08 3.7392e+07
0.206 3.574e+08 3.7266e+07
0.207 2.7935e+08 3.7141e+07
0.208 3.4312e+08 3.7019e+07
0.209 3.3624e+08 3.6899e+07
0.21 2.4042e+08 3.678e+07
0.211 2.8256e+08 3.6664e+07
0.212 3.1645e+08 3.6549e+07
0.213 2.9553e+08 3.6436e+07
0.214 2.2559e+08 3.6325e+07
0.215 2.1834e+08 3.6216e+07
0.216 2.5917e+08 3.6108e+07
0.217 2.2203e+08 3.6002e+07
0.218 1.7783e+08 3.5898e+07
0.219 2.225e+08 3.5795e+07
0.22 2.013e+08 3.5693e+07
0.221 2.1056e+08 3.5594e+07
0.222 2.1159e+08 3.5495e+07
0.223 2.1014e+08 3.5398e+07
0.224 2.0615e+08 3.5303e+07
0.225 2.3283e+08 3.5209e+07
0.226 1.734e+08 3.5116e+07
0.227 2.6252e+08 3.5025e+07
0.228 1.667e+08 3.4934e+07
0.229 2.0418e+08 3.4845e+07
0.23 9.8041e+07 3.4758e+07
0.231 1.48e+08 3.4671e+07
0.232 1.9013e+08 3.4586e+07
0.233 1.9303e+08 3.4502e+07
0.234 1.9142e+08 3.4418e+07
0.235 1.709e+08 3.4336e+07
0.236 1.74e+08 3.4255e+07
0.237 2.1938e+08 3.4175e+07
0.238 1.76e+08 3.4096e+07
0.239 1.2302e+08 3.4018e+07
0.24 1.2169e+08 3.3941e+07
0.241 1.7451e+08 3.3865e+07
0.242 2.2911e+08 3.379e+07
0.243 1.2437e+08 3.3715e+07
0.244 1.5009e+08 3.3642e+07
0.245 1.1922e+08 3.3569e+07
0.246 1.6582e+08 3.3497e+07
0.247 2.3077e+08 3.3426e+07
0.248 1.2248e+08 3.3356e+07
0.249 1.2898e+08 3.3286e+07
0.25 1.2101e+08 3.3217e+07
0.251 1.9538e+08 3.3149e+07
0.252 1.1468e+08 3.3081e+07
0.253 1.2038e+08 3.3015e+07
0.254 1.1543e+08 3.2948e+07
0.255 1.0581e+08 3.2883e+07
0.256 1.37e+08 3.2818e+07
0.257 1.1621e+08 3.2753e+07
0.258 1.1832e+08 3.2689e+07
0.259 1.89e+08 3.2626e+07
0.26 7.729e+07 3.2563e+07
0.261 1.7026e+08 3.2501e+07
0.262 9.5384e+07 3.2439e+07
0.263 1.5664e+08 3.2378e+07
0.264 1.998e+08 3.2317e+07
0.265 1.9797e+08 3.2256e+07
0.266 1.73e+08 3.2196e+07
0.267 1.1096e+08 3.2137e+07
0.268 1.141e+08 3.2077e+07
0.269 1.0628e+08 3.2019e+07
0.27 2.0101e+08 3.196e+07
0.271 1.8008e+08 3.1902e+07
0.272 1.2839e+08 3.1844e+07
0.273 1.8469e+08 3.1787e+07
0.274 1.4755e+08 3.173e+07
0.275 1.3422e+08 3.1673e+07
0.276 1.5594e+08 3.1616e+07
0.277 1.5614e+08 3.156e+07
0.278 9.9063e+07 3.1504e+07
0.279 7.5379e+07 3.1449e+07
0.28 1.4113e+08 3.1393e+07
0.281 1.5158e+08 3.1338e+07
0.282 1.4938e+08 3.1283e+07
0.283 1.6959e+08 3.1229e+07
0.284 1.7505e+08 3.1174e+07
0.285 1.9281e+08 3.112e+07
0.286 1.1792e+08 3.1066e+07
0.287 1.1863e+08 3.1012e+07
0.288 1.3363e+08 3.0958e+07
0.289 1.1746e+08 3.0905e+07
0.29 1.3613e+08 3.0852e+07
0.291 1.9497e+08 3.0799e+07
0.292 1.3243e+08 3.0746e+07
0.293 1.9375e+08 3.0693e+07
0.294 1.7214e+08 3.0641e+07
0.295 1.8548e+08 3.0589e+07
0.296 1.5441e+08 3.0537e+07
0.297 1.6052e+08 3.0485e+07
0.298 8.7263e+07 3.0433e+07
0.299 1.3282e+08 3.0381e+07
0.3 1.681e+08 3.033e+07
0.301 1.6442e+08 3.0279e+07
0.302 1.4393e+08 3.0228e+07
0.303 1.6622e+08 3.0177e+07
0.304 1.564e+08 3.0126e+07
0.305 1.1145e+08 3.0075e+07
0.306 1.2747e+08 3.0025e+07
0.307 1.9806e+08 2.9975e+07
0.308 1.4097e+08 2.9925e+07
0.309 1.4202e+08 2.9875e+07
0.31 1.6317e+08 2.9825e+07
0.311 1.4462e+08 2.9776e+07
0.312 1.5637e+08 2.9726e+07
0.313 8.5554e+07 2.9677e+07
0.314 9.3975e+07 2.9628e+07
0.315 1.3637e+08 2.9579e+07
0.316 1.3825e+08 2.953e+07
0.317 9.497e+07 2.9482e+07
0.318 1.6405e+08 2.9434e+07
0.319 1.0504e+08 2.9385e+07
0.32 1.073e+08 2.9337e+07
0.321 1.2035e+08 2.929e+07
0.322 1.577e+08 2.9242e+07
0.323 1.3737e+08 2.9195e+07
0.324 1.0104e+08 2.9147e+07
0.325 1.4808e+08 2.91e+07
0.326 1.3559e+08 2.9054e+07
0.327 1.2216e+08 2.9007e+07
0.328 1.2885e+08 2.8961e+07
0.329 1.4322e+08 2.8914e+07
0.33 1.0323e+08 2.8868e+07
0.331 1.1331e+08 2.8822e+07
0.332 1.4672e+08 2.8777e+07
0.333 1.0179e+08 2.8731e+07
0.334 1.1788e+08 2.8686e+07
0.335 1.3651e+08 2.8641e+07
0.336 9.8367e+07 2.8596e+07
0.337 8.8786e+07 2.8551e+07
0.338 6.3069e+07 2.8507e+07
0.339 8.7405e+07 2.8462e+07
0.34 1.3151e+08 2.8418e+07
0.341 1.2747e+08 2.8374e+07
0.342 9.7261e+07 2.8331e+07
0.343 1.2459e+08 2.8287e+07
0.344 1.1567e+08 2.8244e+07
0.345 1.0618e+08 2.8201e+07
0.346 1.0674e+08 2.8158e+07
0.347 1.2887e+08 2.8115e+07
0.348 1.5892e+08 2.8073e+07
0.349 1.1681e+08 2.8031e+07
0.35 1.3594e+08 2.7988e+07
0.351 1.8332e+08 2.7947e+07
0.352 1.2832e+08 2.7905e+07
0.353 1.3368e+08 2.7863e+07
0.354 1.2261e+08 2.7822e+07
0.355 1.1961e+08 2.7781e+07
0.356 6.3298e+07 2.774e+07
0.357 8.1881e+07 2.7699e+07
0.358 1.1455e+08 2.7659e+07
0.359 1.0924e+08 2.7618e+07
0.36 1.2822e+08 2.7578e+07
0.361 7.5431e+07 2.7538e+07
0.362 1.4768e+08 2.7498e+07
0.363 1.1393e+08 2.7459e+07
0.364 9.9138e+07 2.7419e+07
0.365 1.2687e+08 2.738e+07
0.366 1.0585e+08 2.7341e+07
0.367 1.5115e+08 2.7302e+07
0.368 1.1e+08 2.7263e+07
0.369 9.6715e+07 2.7225e+07
0.37 1.3684e+08 2.7186e+07
0.371 8.5744e+07 2.7148e+07
0.372 1.0824e+08 2.711e+07
0.373 5.218e+07 2.7072e+07
0.374 1.0864e+08 2.7035e+07
0.375 9.0527e+07 2.6997e+07
0.376 1.2966e+08 2.696e+07
0.377 1.1107e+08 2.6923e+07
0.378 6.356e+07 2.6886e+07
0.379 7.8213e+07 2.6849e+07
0.38 6.5552e+07 2.6812e+07
0.381 1.1624e+08 2.6776e+07
0.382 1.1065e+08 2.6739e+07
0.383 1.0578e+08 2.6703e+07
0.384 9.872e+07 2.6667e+07
0.385 1.1469e+08 2.6631e+07
0.386 1.6285e+08 2.6596e+07
0.387 1.2865e+08 2.656e+07
0.388 1.3355e+08 2.6525e+07
0.389 1.1822e+08 2.6489e+07
0.39 1.5591e+08 2.6454e+07
0.391 1.3563e+08 2.6419e+07
0.392 5.3088e+07 2.6385e+07
0.393 1.3718e+08 2.635e+07
0.394 8.1574e+07 2.6316e+07
0.395 7.5641e+07 2.6281e+07
0.396 1.3325e+08 2.6247e+07
0.397 1.1148e+08 2.6213e+07
0.398 7.0899e+07 2.618e+07
0.399 7.0841e+07 2.6146e+07
0.4 7.9452e+07 2.6112e+07
0.401 1.1594e+08 2.6079e+07
0.402 1.0807e+08 2.6046e+07
0.403 1.1961e+08 2.6013e+07
0.404 1.4235e+08 2.598e+07
0.405 9.1467e+07 2.5947e+07
0.406 6.2897e+07 2.5914e+07
0.407 1.3412e+08 2.5882e+07
0.408 7.2771e+07 2.585e+07
0.409 6.8142e+07 2.5818e+07
0.41 1.1882e+08 2.5786e+07
0.411 8.1073e+07 2.5754e+07
0.412 1.0127e+08 2.5722e+07
0.413 9.4692e+07 2.5691e+07
0.414 9.731e+07 2.5659e+07
0.415 9.9346e+07 2.5628e+07
0.416 1.2147e+08 2.5597e+07
0.417 1.2211e+08 2.5566e+07
0.418 9.8078e+07 2.5535e+07
0.419 8.9246e+07 2.5504e+07
0.42 1.0551e+08 2.5474e+07
0.421 1.1294e+08 2.5443e+07
0.422 8.8399e+07 2.5413e+07
0.423 1.1554e+08 2.5383e+07
0.424 7.51e+07 2.5353e+07
0.425 1.2862e+08 2.5323e+07
0.426 4.0451e+07 2.5294e+07
0.427 6.5326e+07 2.5264e+07
0.428 6.8644e+07 2.5235e+07
0.429 1.1579e+08 2.5206e+07
0.43 1.2077e+08 2.5176e+07
0.431 7.9558e+07 2.5147e+07
0.432 1.0667e+08 2.5119e+07
0.433 9.6208e+07 2.509e+07
0.434 7.9506e+07 2.5061e+07
0.435 1.0169e+08 2.5033e+07
0.436 8.7941e+07 2.5005e+07
0.437 8.2712e+07 2.4976e+07
0.438 6.9377e+07 2.4948e+07
0.439 8.7712e+07 2.492e+07
0.44 1.2604e+08 2.4892e+07
0.441 5.1626e+07 2.4865e+07
0.442 8.9977e+07 2.4837e+07
0.443 1.0553e+08 2.481e+07
0.444 8.4701e+07 2.4782e+07
0.445 8.2719e+07 2.4755e+07
0.446 1.0377e+08 2.4728e+07
0.447 1.2413e+08 2.4701e+07
0.448 4.587e+07 2.4674e+07
0.449 1.1226e+08 2.4647e+07
0.45 1.0227e+08 2.462e+07
0.451 8.0192e+07 2.4594e+07
0.452 1.1088e+08 2.4567e+07
0.453 6.9945e+07 2.4541e+07
0.454 1.5425e+08 2.4515e+07
0.455 9.1628e+07 2.4488e+07
0.456 1.2207e+08 2.4462e+07
0.457 9.6705e+07 2.4436e+07
0.458 1.3505e+08 2.441e+07
0.459 1.1308e+08 2.4384e+07
0.46 8.1508e+07 2.4358e+07
0.461 7.332e+07 2.4333e+07
0.462 6.7893e+07 2.4307e+07
0.463 1.0943e+08 2.4282e+07
0.464 9.0753e+07 2.4256e+07
0.465 7.3538e+07 2.4231e+07
0.466 1.2682e+08 2.4205e+07
0.467 1.2921e+08 2.418e+07
0.468 8.5633e+07 2.4155e+07
0.469 8.4598e+07 2.413e+07
0.47 1.0437e+08 2.4105e+07
0.471 1.1999e+08 2.408e+07
0.472 7.0625e+07 2.4055e+07
0.473 1.3108e+08 2.403e+07
0.474 1.376e+08 2.4005e+07
0.475 9.5689e+07 2.398e+07
0.476 1.0754e+08 2.3956e+07
0.477 1.24e+08 2.3931e+07
0.478 1.1035e+08 2.3906e+07
0.479 1.2456e+08 2.3882e+07
0.48 6.7246e+07 2.3857e+07
0.481 1.0824e+08 2.3833e+07
0.482 1.2624e+08 2.3809e+07
0.483 1.0496e+08 2.3784e+07
0.484 8.218e+07 2.376e+07
0.485 1.0358e+08 2.3736e+07
0.486 1.0171e+08 2.3712e+07
0.487 1.1076e+08 2.3687e+07
0.488 1.1132e+08 2.3663e+07
0.489 1.5185e+08 2.3639e+07
0.49 1.0394e+08 2.3615e+07
0.491 1.2132e+08 2.3591e+07
0.492 7.632e+07 2.3567e+07
0.493 1.0872e+08 2.3544e+07
0.494 7.3998e+07 2.352e+07
0.495 9.5689e+07 2.3496e+07
0.496 1.1184e+08 2.3472e+07
0.497 1.0834e+08 2.3449e+07
0.498 1.0669e+08 2.3425e+07
0.499 1.0992e+08 2.3401e+07
0.5 1.3481e+08 2.3378e+07
