0.001 2.6935e+10 1.2989e+09
0.002 2.6206e+10 9.1823e+08
0.003 2.6483e+10 7.4939e+08
0.004 2.7527e+10 6.4858e+08
0.005 2.5416e+10 5.7963e+08
0.006 2.5721e+10 5.286e+08
0.007 2.512e+10 4.8881e+08
0.008 2.5672e+10 4.5662e+08
0.009 2.5927e+10 4.2983e+08
0.01 2.5702e+10 4.0707e+08
0.011 2.5204e+10 3.8739e+08
0.012 2.5391e+10 3.7012e+08
0.013 2.509e+10 3.548e+08
0.014 2.5047e+10 3.4106e+08
0.015 2.5712e+10 3.2863e+08
0.016 2.4465e+10 3.173e+08
0.017 2.412e+10 3.0691e+08
0.018 2.4316e+10 2.9732e+08
0.019 2.4017e+10 2.8843e+08
0.02 2.3756e+10 2.8014e+08
0.021 2.4651e+10 2.7238e+08
0.022 2.3688e+10 2.6509e+08
0.023 2.3709e+10 2.5822e+08
0.024 2.3196e+10 2.5172e+08
0.025 2.2797e+10 2.4556e+08
0.026 2.3328e+10 2.3969e+08
0.027 2.2333e+10 2.341e+08
0.028 2.2385e+10 2.2876e+08
0.029 2.1868e+10 2.2365e+08
0.03 2.1648e+10 2.1874e+08
0.031 2.1694e+10 2.1403e+08
0.032 2.1082e+10 2.0949e+08
0.033 2.1236e+10 2.0511e+08
0.034 2.1207e+10 2.0089e+08
0.035 2.0227e+10 1.9681e+08
0.036 2.0446e+10 1.9285e+08
0.037 1.981e+10 1.8902e+08
0.038 1.9555e+10 1.8531e+08
0.039 1.931e+10 1.817e+08
0.04 1.8817e+10 1.782e+08
0.041 1.8812e+10 1.7479e+08
0.042 1.8432e+10 1.7147e+08
0.043 1.7747e+10 1.6824e+08
0.044 1.7794e+10 1.6509e+08
0.045 1.7481e+10 1.6201e+08
0.046 1.7274e+10 1.5902e+08
0.047 1.6741e+10 1.5609e+08
0.048 1.6453e+10 1.5323e+08
0.049 1.6397e+10 1.5043e+08
0.05 1.5873e+10 1.477e+08
0.051 1.5418e+10 1.4503e+08
0.052 1.5328e+10 1.4242e+08
0.053 1.4957e+10 1.3986e+08
0.054 1.4659e+10 1.3736e+08
0.055 1.4482e+10 1.3491e+08
0.056 1.3891e+10 1.3251e+08
0.057 1.3655e+10 1.3016e+08
0.058 1.3524e+10 1.2786e+08
0.059 1.3281e+10 1.256e+08
0.06 1.2921e+10 1.2339e+08
0.061 1.2389e+10 1.2123e+08
0.062 1.2444e+10 1.1911e+08
0.063 1.1891e+10 1.1703e+08
0.064 1.1676e+10 1.1499e+08
0.065 1.1373e+10 1.1299e+08
0.066 1.1147e+10 1.1104e+08
0.067 1.0971e+10 1.0912e+08
0.068 1.0733e+10 1.0724e+08
0.069 1.0341e+10 1.054e+08
0.07 1.0079e+10 1.0359e+08
0.071 9.8987e+09 1.0182e+08
0.072 9.6804e+09 1.0009e+08
0.073 9.395e+09 9.8392e+07
0.074 8.9407e+09 9.6729e+07
0.075 8.7834e+09 9.5101e+07
0.076 8.6876e+09 9.3505e+07
0.077 8.2533e+09 9.1943e+07
0.078 8.0922e+09 9.0414e+07
0.079 8.147e+09 8.8916e+07
0.08 7.6688e+09 8.7451e+07
0.081 7.5451e+09 8.6016e+07
0.082 7.3491e+09 8.4613e+07
0.083 7.0705e+09 8.3239e+07
0.084 6.6783e+09 8.1896e+07
0.085 6.6858e+09 8.0583e+07
0.086 6.4551e+09 7.9298e+07
0.087 6.2508e+09 7.8042e+07
0.088 6.0608e+09 7.6815e+07
0.089 5.9411e+09 7.5615e+07
0.09 5.6632e+09 7.4442e+07
0.091 5.5826e+09 7.3297e+07
0.092 5.37e+09 7.2178e+07
0.093 5.317e+09 7.1086e+07
0.094 5.1322e+09 7.0019e+07
0.095 4.912e+09 6.8977e+07
0.096 4.799e+09 6.7961e+07
0.097 4.7341e+09 6.6969e+07
0.098 4.5579e+09 6.6001e+07
0.099 4.4061e+09 6.5056e+07
0.1 4.2324e+09 6.4135e+07
0.101 4.1063e+09 6.3236e+07
0.102 3.9611e+09 6.236e+07
0.103 3.8022e+09 6.1506e+07
0.104 3.7643e+09 6.0673e+07
0.105 3.6121e+09 5.9861e+07
0.106 3.5042e+09 5.907e+07
0.107 3.4626e+09 5.8299e+07
0.108 3.4468e+09 5.7548e+07
0.109 3.2397e+09 5.6815e+07
0.11 3.1193e+09 5.6102e+07
0.111 3.0329e+09 5.5407e+07
0.112 2.9902e+09 5.473e+07
0.113 2.9163e+09 5.407e+07
0.114 2.7867e+09 5.3427e+07
0.115 2.7195e+09 5.2801e+07
0.116 2.6312e+09 5.2192e+07
0.117 2.6061e+09 5.1597e+07
0.118 2.4636e+09 5.1019e+07
0.119 2.4515e+09 5.0455e+07
0.12 2.3844e+09 4.9906e+07
0.121 2.2239e+09 4.9371e+07
0.122 2.1712e+09 4.8849e+07
0.123 2.1141e+09 4.8341e+07
0.124 2.0971e+09 4.7846e+07
0.125 1.9829e+09 4.7363e+07
0.126 1.9477e+09 4.6893e+07
0.127 1.8597e+09 4.6434e+07
0.128 1.8292e+09 4.5987e+07
0.129 1.7589e+09 4.5551e+07
0.13 1.7505e+09 4.5126e+07
0.131 1.7195e+09 4.4711e+07
0.132 1.7177e+09 4.4306e+07
0.133 1.5964e+09 4.3911e+07
0.134 1.5343e+09 4.3526e+07
0.135 1.5402e+09 4.315e+07
0.136 1.4558e+09 4.2783e+07
0.137 1.4232e+09 4.2424e+07
0.138 1.3682e+09 4.2074e+07
0.139 1.3811e+09 4.1732e+07
0.14 1.312e+09 4.1397e+07
0.141 1.342e+09 4.1071e+07
0.142 1.2404e+09 4.0751e+07
0.143 1.2512e+09 4.0439e+07
0.144 1.1775e+09 4.0134e+07
0.145 1.1681e+09 3.9836e+07
0.146 1.0892e+09 3.9544e+07
0.147 1.0503e+09 3.9258e+07
0.148 1.0541e+09 3.8978e+07
0.149 1.012e+09 3.8705e+07
0.15 9.5326e+08 3.8437e+07
0.151 9.5846e+08 3.8175e+07
0.152 8.8316e+08 3.7918e+07
0.153 9.5089e+08 3.7666e+07
0.154 8.2664e+08 3.742e+07
0.155 8.2786e+08 3.7179e+07
0.156 8.2717e+08 3.6942e+07
0.157 8.1452e+08 3.671e+07
0.158 8.1376e+08 3.6483e+07
0.159 8.5883e+08 3.626e+07
0.16 7.8758e+08 3.6042e+07
0.161 7.2295e+08 3.5828e+07
0.162 6.6765e+08 3.5618e+07
0.163 6.4835e+08 3.5412e+07
0.164 5.9978e+08 3.521e+07
0.165 6.3275e+08 3.5011e+07
0.166 6.1746e+08 3.4817e+07
0.167 6.0736e+08 3.4626e+07
0.168 5.914e+08 3.4438e+07
0.169 5.6156e+08 3.4255e+07
0.17 5.5854e+08 3.4074e+07
0.171 5.2541e+08 3.3897e+07
0.172 5.0168e+08 3.3723e+07
0.173 5.1832e+08 3.3552e+07
0.174 5.1137e+08 3.3384e+07
0.175 5.2267e+08 3.322e+07
0.176 4.3056e+08 3.3058e+07
0.177 4.3634e+08 3.2899e+07
0.178 4.6736e+08 3.2743e+07
0.179 3.96e+08 3.259e+07
0.18 3.9626e+08 3.2439e+07
0.181 3.9566e+08 3.2291e+07
0.182 4.1788e+08 3.2145e+07
0.183 3.7491e+08 3.2002e+07
0.184 4.1348e+08 3.1862e+07
0.185 3.8997e+08 3.1724e+07
0.186 3.9436e+08 3.1588e+07
0.187 3.92e+08 3.1454e+07
0.188 3.9017e+08 3.1323e+07
0.189 3.217e+08 3.1194e+07
0.19 3.0487e+08 3.1067e+07
0.191 3.5637e+08 3.0942e+07
0.192 2.9603e+08 3.0819e+07
0.193 3.2921e+08 3.0699e+07
0.194 2.7449e+08 3.058e+07
0.195 2.3729e+08 3.0463e+07
0.196 2.6398e+08 3.0348e+07
0.197 2.5477e+08 3.0235e+07
0.198 2.593e+08 3.0123e+07
0.199 2.3548e+08 3.0014e+07
0.2 2.7098e+08 2.9906e+07
0.201 2.487e+08 2.98e+07
0.202 2.5197e+08 2.9695e+07
0.203 2.1936e+08 2.9592e+07
0.204 2.2646e+08 2.9491e+07
0.205 2.1846e+08 2.9391e+07
0.206 1.6347e+08 2.9293e+07
0.207 1.9911e+08 2.9196e+07
0.208 1.9518e+08 2.91e+07
0.209 2.0358e+08 2.9006e+07
0.21 1.8314e+08 2.8914e+07
0.211 2.1974e+08 2.8823e+07
0.212 2.2529e+08 2.8733e+07
0.213 1.9708e+08 2.8644e+07
0.214 1.5913e+08 2.8557e+07
0.215 1.5291e+08 2.8471e+07
0.216 1.552e+08 2.8386e+07
0.217 1.8172e+08 2.8303e+07
0.218 1.5626e+08 2.822e+07
0.219 1.9653e+08 2.8139e+07
0.22 1.7415e+08 2.8059e+07
0.221 1.4969e+08 2.798e+07
0.222 1.7648e+08 2.7902e+07
0.223 1.7911e+08 2.7825e+07
0.224 1.2719e+08 2.7749e+07
0.225 1.2464e+08 2.7675e+07
0.226 1.4313e+08 2.7601e+07
0.227 1.3508e+08 2.7528e+07
0.228 1.3648e+08 2.7457e+07
0.229 1.6021e+08 2.7386e+07
0.23 1.3968e+08 2.7316e+07
0.231 1.1039e+08 2.7247e+07
0.232 1.6966e+08 2.7179e+07
0.233 1.0043e+08 2.7112e+07
0.234 9.5864e+07 2.7046e+07
0.235 1.228e+08 2.698e+07
0.236 8.3344e+07 2.6916e+07
0.237 1.2916e+08 2.6852e+07
0.238 1.0505e+08 2.6789e+07
0.239 1.1479e+08 2.6727e+07
0.24 1.1742e+08 2.6665e+07
0.241 1.2346e+08 2.6605e+07
0.242 7.8032e+07 2.6545e+07
0.243 1.0662e+08 2.6485e+07
0.244 8.0934e+07 2.6427e+07
0.245 5.3323e+07 2.6369e+07
0.246 8.6777e+07 2.6312e+07
0.247 8.9864e+07 2.6255e+07
0.248 5.8521e+07 2.6199e+07
0.249 6.1841e+07 2.6144e+07
0.25 8.6813e+07 2.6089e+07
0.251 5.5652e+07 2.6035e+07
0.252 8.8852e+07 2.5981e+07
0.253 1.0748e+08 2.5928e+07
0.254 1.0326e+08 2.5876e+07
0.255 1.1844e+08 2.5824e+07
0.256 8.2765e+07 2.5772e+07
0.257 8.0467e+07 2.5721e+07
0.258 7.2209e+07 2.5671e+07
0.259 1.6141e+08 2.5621e+07
0.26 1.1964e+08 2.5571e+07
0.261 8.5449e+07 2.5522e+07
0.262 1.0414e+08 2.5473e+07
0.263 1.0455e+08 2.5425e+07
0.264 9.632e+07 2.5377e+07
0.265 8.4532e+07 2.5329e+07
0.266 9.868e+07 2.5282e+07
0.267 9.4137e+07 2.5235e+07
0.268 9.6258e+07 2.5188e+07
0.269 1.0267e+08 2.5142e+07
0.27 9.4918e+07 2.5096e+07
0.271 1.3162e+08 2.505e+07
0.272 7.0023e+07 2.5005e+07
0.273 8.0135e+07 2.496e+07
0.274 1.3248e+08 2.4915e+07
0.275 1.042e+08 2.4871e+07
0.276 9.3471e+07 2.4826e+07
0.277 1.2535e+08 2.4782e+07
0.278 7.8978e+07 2.4739e+07
0.279 7.0386e+07 2.4695e+07
0.28 1.0738e+08 2.4652e+07
0.281 1.062e+08 2.4608e+07
0.282 9.682e+07 2.4565e+07
0.283 1.2002e+08 2.4523e+07
0.284 1.1114e+08 2.448e+07
0.285 7.479e+07 2.4438e+07
0.286 1.0008e+08 2.4396e+07
0.287 9.0426e+07 2.4353e+07
0.288 1.1753e+08 2.4312e+07
0.289 8.4187e+07 2.427e+07
0.29 9.321e+07 2.4228e+07
0.291 1.2365e+08 2.4187e+07
0.292 5.245e+07 2.4146e+07
0.293 1.0874e+08 2.4104e+07
0.294 8.8337e+07 2.4064e+07
0.295 1.342e+08 2.4023e+07
0.296 1.4506e+08 2.3982e+07
0.297 9.9128e+07 2.3941e+07
0.298 1.5144e+08 2.3901e+07
0.299 6.6381e+07 2.3861e+07
0.3 1.0842e+08 2.3821e+07
0.301 1.0423e+08 2.3781e+07
0.302 6.5454e+07 2.3741e+07
0.303 1.0265e+08 2.3701e+07
0.304 1.1296e+08 2.3661e+07
0.305 1.1816e+08 2.3622e+07
0.306 1.1572e+08 2.3582e+07
0.307 1.4093e+08 2.3543e+07
0.308 1.0352e+08 2.3504e+07
0.309 8.3519e+07 2.3465e+07
0.31 8.5371e+07 2.3426e+07
0.311 9.7398e+07 2.3387e+07
0.312 1.2164e+08 2.3349e+07
0.313 1.0108e+08 2.331e+07
0.314 1.2465e+08 2.3272e+07
0.315 9.0056e+07 2.3234e+07
0.316 1.1079e+08 2.3196e+07
0.317 1.3037e+08 2.3158e+07
0.318 9.8363e+07 2.312e+07
0.319 1.0862e+08 2.3082e+07
0.32 7.5869e+07 2.3045e+07
0.321 1.2644e+08 2.3008e+07
0.322 1.0974e+08 2.297e+07
0.323 1.3913e+08 2.2933e+07
0.324 9.1908e+07 2.2896e+07
0.325 6.028e+07 2.286e+07
0.326 1.0872e+08 2.2823e+07
0.327 1.1048e+08 2.2786e+07
0.328 9.8197e+07 2.275e+07
0.329 9.6761e+07 2.2714e+07
0.33 8.6129e+07 2.2678e+07
0.331 1.144e+08 2.2642e+07
0.332 7.6269e+07 2.2606e+07
0.333 1.1387e+08 2.2571e+07
0.334 6.9597e+07 2.2536e+07
0.335 1.1702e+08 2.25e+07
0.336 1.0428e+08 2.2465e+07
0.337 1.1035e+08 2.243e+07
0.338 1.1603e+08 2.2395e+07
0.339 7.6988e+07 2.2361e+07
0.34 1.1132e+08 2.2326e+07
0.341 9.2091e+07 2.2292e+07
0.342 8.1259e+07 2.2258e+07
0.343 1.0441e+08 2.2224e+07
0.344 9.4484e+07 2.219e+07
0.345 1.0045e+08 2.2156e+07
0.346 8.7846e+07 2.2123e+07
0.347 1.1349e+08 2.209e+07
0.348 5.1767e+07 2.2056e+07
0.349 4.7059e+07 2.2023e+07
0.35 1.1514e+08 2.199e+07
0.351 6.2077e+07 2.1958e+07
0.352 6.4707e+07 2.1925e+07
0.353 6.9413e+07 2.1892e+07
0.354 9.1783e+07 2.186e+07
0.355 3.1917e+07 2.1828e+07
0.356 9.7934e+07 2.1796e+07
0.357 1.0531e+08 2.1764e+07
0.358 7.4694e+07 2.1732e+07
0.359 7.1953e+07 2.1701e+07
0.36 8.2173e+07 2.1669e+07
0.361 7.3242e+07 2.1638e+07
0.362 4.6761e+07 2.1607e+07
0.363 1.0768e+08 2.1576e+07
0.364 8.6246e+07 2.1545e+07
0.365 7.1425e+07 2.1514e+07
0.366 9.7029e+07 2.1483e+07
0.367 6.4264e+07 2.1453e+07
0.368 6.8327e+07 2.1423e+07
0.369 6.1e+07 2.1392e+07
0.37 1.0456e+08 2.1362e+07
0.371 8.9115e+07 2.1332e+07
0.372 5.1807e+07 2.1302e+07
0.373 3.6558e+07 2.1273e+07
0.374 5.1129e+07 2.1243e+07
0.375 6.5724e+07 2.1214e+07
0.376 7.0944e+07 2.1184e+07
0.377 6.1071e+07 2.1155e+07
0.378 6.8304e+07 2.1126e+07
0.379 5.784e+07 2.1097e+07
0.38 6.5308e+07 2.1068e+07
0.381 2.5086e+07 2.104e+07
0.382 7.8202e+07 2.1011e+07
0.383 8.996e+07 2.0982e+07
0.384 8.0682e+07 2.0954e+07
0.385 7.0614e+07 2.0926e+07
0.386 5.6076e+07 2.0898e+07
0.387 1.0127e+08 2.087e+07
0.388 7.5719e+07 2.0842e+07
0.389 3.8293e+07 2.0814e+07
0.39 5.3967e+07 2.0786e+07
0.391 6.2204e+07 2.0759e+07
0.392 9.7235e+07 2.0731e+07
0.393 6.496e+07 2.0704e+07
0.394 6.2619e+07 2.0677e+07
0.395 5.9527e+07 2.065e+07
0.396 5.4454e+07 2.0623e+07
0.397 2.202e+07 2.0596e+07
0.398 5.2373e+07 2.0569e+07
0.399 5.417e+07 2.0543e+07
0.4 6.6757e+07 2.0516e+07
0.401 5.0346e+07 2.049e+07
0.402 8.1704e+07 2.0464e+07
0.403 3.232e+07 2.0438e+07
0.404 4.3806e+07 2.0412e+07
0.405 1.0734e+08 2.0386e+07
0.406 3.7513e+07 2.036e+07
0.407 4.9309e+07 2.0334e+07
0.408 2.5395e+07 2.0309e+07
0.409 7.3176e+07 2.0283e+07
0.41 6.0162e+07 2.0258e+07
0.411 8.0828e+07 2.0233e+07
0.412 7.2879e+07 2.0208e+07
0.413 1.127e+08 2.0183e+07
0.414 7.8456e+07 2.0158e+07
0.415 7.3323e+07 2.0134e+07
0.416 7.0272e+07 2.0109e+07
0.417 7.1127e+07 2.0085e+07
0.418 3.3744e+07 2.006e+07
0.419 6.3064e+07 2.0036e+07
0.42 7.7688e+07 2.0012e+07
0.421 9.5749e+07 1.9988e+07
0.422 4.2932e+07 1.9964e+07
0.423 6.3717e+07 1.994e+07
0.424 6.0849e+07 1.9917e+07
0.425 7.9668e+07 1.9893e+07
0.426 4.2335e+07 1.987e+07
0.427 6.75e+07 1.9847e+07
0.428 2.7318e+07 1.9823e+07
0.429 3.5727e+07 1.98e+07
0.43 1.0163e+08 1.9777e+07
0.431 5.5841e+07 1.9755e+07
0.432 5.123e+07 1.9732e+07
0.433 5.3919e+07 1.9709e+07
0.434 5.0328e+07 1.9687e+07
0.435 6.3777e+07 1.9665e+07
0.436 7.1018e+07 1.9642e+07
0.437 5.2366e+07 1.962e+07
0.438 4.4209e+07 1.9598e+07
0.439 5.2688e+07 1.9576e+07
0.44 7.5277e+07 1.9554e+07
0.441 6.9073e+07 1.9533e+07
0.442 4.9677e+07 1.9511e+07
0.443 8.019e+07 1.9489e+07
0.444 9.2622e+07 1.9468e+07
0.445 4.3168e+07 1.9446e+07
0.446 9.2236e+07 1.9425e+07
0.447 7.8546e+07 1.9404e+07
0.448 7.5508e+07 1.9383e+07
0.449 8.5789e+07 1.9362e+07
0.45 1.0575e+08 1.9341e+07
0.451 1.0308e+08 1.932e+07
0.452 5.9301e+07 1.9299e+07
0.453 5.4157e+07 1.9279e+07
0.454 5.2055e+07 1.9258e+07
0.455 5.8509e+07 1.9238e+07
0.456 9.4391e+07 1.9217e+07
0.457 5.8643e+07 1.9197e+07
0.458 4.5738e+07 1.9177e+07
0.459 7.7097e+07 1.9156e+07
0.46 8.0842e+07 1.9136e+07
0.461 9.3417e+07 1.9116e+07
0.462 5.368e+07 1.9096e+07
0.463 9.0784e+07 1.9076e+07
0.464 7.8112e+07 1.9056e+07
0.465 5.9092e+07 1.9036e+07
0.466 6.7924e+07 1.9017e+07
0.467 1.01e+08 1.8997e+07
0.468 9.2779e+07 1.8977e+07
0.469 9.765e+07 1.8958e+07
0.47 6.51e+07 1.8938e+07
0.471 8.2563e+07 1.8918e+07
0.472 9.7126e+07 1.8899e+07
0.473 6.1675e+07 1.888e+07
0.474 7.1333e+07 1.886e+07
0.475 9.5932e+07 1.8841e+07
0.476 8.8456e+07 1.8822e+07
0.477 3.5776e+07 1.8802e+07
0.478 8.5025e+07 1.8783e+07
0.479 6.5346e+07 1.8764e+07
0.48 4.5334e+07 1.8745e+07
0.481 8.2624e+07 1.8726e+07
0.482 8.1521e+07 1.8706e+07
0.483 9.2986e+07 1.8687e+07
0.484 9.5429e+07 1.8668e+07
0.485 7.6914e+07 1.8649e+07
0.486 5.0427e+07 1.863e+07
0.487 7.7755e+07 1.8612e+07
0.488 8.2314e+07 1.8593e+07
0.489 7.7469e+07 1.8574e+07
0.49 7.5475e+07 1.8555e+07
0.491 7.0639e+07 1.8536e+07
0.492 9.535e+07 1.8518e+07
0.493 7.1152e+07 1.8499e+07
0.494 6.9766e+07 1.848e+07
0.495 7.2607e+07 1.8461e+07
0.496 7.2651e+07 1.8443e+07
0.497 6.2789e+07 1.8424e+07
0.498 5.5642e+07 1.8406e+07
0.499 7.2954e+07 1.8387e+07
0.5 6.2039e+07 1.8369e+07
