0.001 7.7396e+09 1.5479e+08
0.002 7.4909e+09 1.4982e+08
0.003 7.9186e+09 1.5837e+08
0.004 7.7725e+09 1.5545e+08
0.005 7.4753e+09 1.4951e+08
0.006 7.6776e+09 1.5355e+08
0.007 7.7573e+09 1.5515e+08
0.008 7.9793e+09 1.5959e+08
0.009 7.6928e+09 1.5386e+08
0.01 7.7652e+09 1.553e+08
0.011 7.6815e+09 1.5363e+08
0.012 7.6646e+09 1.5329e+08
0.013 7.5289e+09 1.5058e+08
0.014 7.4678e+09 1.4936e+08
0.015 7.5077e+09 1.5015e+08
0.016 7.3932e+09 1.4786e+08
0.017 7.5202e+09 1.504e+08
0.018 7.324e+09 1.4648e+08
0.019 7.3466e+09 1.4693e+08
0.02 7.3626e+09 1.4725e+08
0.021 7.1441e+09 1.4288e+08
0.022 7.2014e+09 1.4403e+08
0.023 7.2083e+09 1.4417e+08
0.024 6.9523e+09 1.3905e+08
0.025 7.1341e+09 1.4268e+08
0.026 6.9276e+09 1.3855e+08
0.027 6.9768e+09 1.3954e+08
0.028 6.8906e+09 1.3781e+08
0.029 6.9189e+09 1.3838e+08
0.03 6.791e+09 1.3582e+08
0.031 6.8293e+09 1.3659e+08
0.032 6.5531e+09 1.3106e+08
0.033 6.7247e+09 1.3449e+08
0.034 6.5006e+09 1.3001e+08
0.035 6.4062e+09 1.2812e+08
0.036 6.3695e+09 1.2739e+08
0.037 6.3743e+09 1.2749e+08
0.038 6.2304e+09 1.2461e+08
0.039 6.1972e+09 1.2394e+08
0.04 6.2e+09 1.24e+08
0.041 6.0541e+09 1.2108e+08
0.042 6.0514e+09 1.2103e+08
0.043 5.9077e+09 1.1815e+08
0.044 5.8841e+09 1.1768e+08
0.045 5.8543e+09 1.1709e+08
0.046 5.7032e+09 1.1406e+08
0.047 5.6156e+09 1.1231e+08
0.048 5.6107e+09 1.1221e+08
0.049 5.4517e+09 1.0903e+08
0.05 5.5061e+09 1.1012e+08
0.051 5.3843e+09 1.0769e+08
0.052 5.2766e+09 1.0553e+08
0.053 5.2184e+09 1.0437e+08
0.054 5.2184e+09 1.0437e+08
0.055 4.9836e+09 9.9671e+07
0.056 4.9327e+09 9.8654e+07
0.057 4.9082e+09 9.8165e+07
0.058 4.7109e+09 9.4218e+07
0.059 4.7178e+09 9.4355e+07
0.06 4.6215e+09 9.2431e+07
0.061 4.6028e+09 9.2057e+07
0.062 4.4715e+09 8.943e+07
0.063 4.4909e+09 8.9818e+07
0.064 4.3776e+09 8.7551e+07
0.065 4.2104e+09 8.4207e+07
0.066 4.1307e+09 8.2614e+07
0.067 4.0719e+09 8.1439e+07
0.068 4.0113e+09 8.0226e+07
0.069 3.9606e+09 7.9213e+07
0.07 3.8764e+09 7.7527e+07
0.071 3.771e+09 7.542e+07
0.072 3.7351e+09 7.4701e+07
0.073 3.7006e+09 7.4012e+07
0.074 3.6063e+09 7.2126e+07
0.075 3.5102e+09 7.0204e+07
0.076 3.4217e+09 6.8435e+07
0.077 3.3523e+09 6.7045e+07
0.078 3.2786e+09 6.5572e+07
0.079 3.2346e+09 6.4691e+07
0.08 3.2174e+09 6.4347e+07
0.081 3.0671e+09 6.1341e+07
0.082 3.0287e+09 6.0574e+07
0.083 2.9691e+09 5.9383e+07
0.084 2.7888e+09 5.5775e+07
0.085 2.8074e+09 5.6148e+07
0.086 2.7225e+09 5.4451e+07
0.087 2.6603e+09 5.3205e+07
0.088 2.631e+09 5.262e+07
0.089 2.5961e+09 5.1923e+07
0.09 2.493e+09 4.9861e+07
0.091 2.4385e+09 4.877e+07
0.092 2.4202e+09 4.8403e+07
0.093 2.3637e+09 4.7273e+07
0.094 2.2177e+09 4.4354e+07
0.095 2.1851e+09 4.3703e+07
0.096 2.1366e+09 4.2732e+07
0.097 2.1113e+09 4.2227e+07
0.098 2.0066e+09 4.0133e+07
0.099 1.9643e+09 3.9285e+07
0.1 1.909e+09 3.818e+07
0.101 1.9044e+09 3.8088e+07
0.102 1.8333e+09 3.6666e+07
0.103 1.7597e+09 3.5194e+07
0.104 1.7249e+09 3.4498e+07
0.105 1.6735e+09 3.347e+07
0.106 1.6584e+09 3.3167e+07
0.107 1.5665e+09 3.133e+07
0.108 1.5703e+09 3.1406e+07
0.109 1.5148e+09 3.0295e+07
0.11 1.4765e+09 2.9531e+07
0.111 1.4181e+09 2.8361e+07
0.112 1.4026e+09 2.8053e+07
0.113 1.3478e+09 2.6957e+07
0.114 1.3052e+09 2.6104e+07
0.115 1.2689e+09 2.5378e+07
0.116 1.2388e+09 2.4776e+07
0.117 1.1793e+09 2.3585e+07
0.118 1.1813e+09 2.3627e+07
0.119 1.1535e+09 2.307e+07
0.12 1.0571e+09 2.1143e+07
0.121 1.0586e+09 2.1171e+07
0.122 1.0297e+09 2.0594e+07
0.123 1.0013e+09 2.0026e+07
0.124 9.7895e+08 1.9579e+07
0.125 9.2942e+08 1.8588e+07
0.126 8.9507e+08 1.7901e+07
0.127 8.8971e+08 1.7794e+07
0.128 8.2735e+08 1.6547e+07
0.129 8.107e+08 1.6214e+07
0.13 7.8203e+08 1.5641e+07
0.131 7.7495e+08 1.5499e+07
0.132 7.5779e+08 1.5156e+07
0.133 7.2856e+08 1.4571e+07
0.134 7.0161e+08 1.4032e+07
0.135 7.1739e+08 1.4348e+07
0.136 7.06e+08 1.412e+07
0.137 6.5717e+08 1.3143e+07
0.138 6.4549e+08 1.291e+07
0.139 5.8991e+08 1.1798e+07
0.14 5.7342e+08 1.1468e+07
0.141 5.4906e+08 1.0981e+07
0.142 5.295e+08 1.059e+07
0.143 5.5526e+08 1.1105e+07
0.144 5.004e+08 1.0008e+07
0.145 5.2341e+08 1.0468e+07
0.146 4.9704e+08 9.9408e+06
0.147 4.5005e+08 9.001e+06
0.148 4.6017e+08 9.2034e+06
0.149 4.4705e+08 8.941e+06
0.15 4.3146e+08 8.6292e+06
0.151 4.4988e+08 8.9976e+06
0.152 3.7396e+08 7.4792e+06
0.153 3.9462e+08 7.8925e+06
0.154 3.7094e+08 7.4187e+06
0.155 3.7727e+08 7.5454e+06
0.156 3.4239e+08 6.8478e+06
0.157 3.4187e+08 6.8374e+06
0.158 3.3071e+08 6.6142e+06
0.159 3.098e+08 6.196e+06
0.16 3.2303e+08 6.4606e+06
0.161 2.9607e+08 5.9215e+06
0.162 3.1177e+08 6.2354e+06
0.163 2.8469e+08 5.6938e+06
0.164 2.7165e+08 5.4331e+06
0.165 2.8774e+08 5.7548e+06
0.166 2.8276e+08 5.6552e+06
0.167 2.579e+08 5.158e+06
0.168 2.6227e+08 5.2454e+06
0.169 2.6516e+08 5.3032e+06
0.17 2.2558e+08 4.5117e+06
0.171 2.524e+08 5.048e+06
0.172 2.2018e+08 4.4036e+06
0.173 2.2097e+08 4.4194e+06
0.174 2.2146e+08 4.4293e+06
0.175 1.9776e+08 3.9551e+06
0.176 2.1054e+08 4.2107e+06
0.177 1.9275e+08 3.8549e+06
0.178 1.7695e+08 3.5391e+06
0.179 1.8509e+08 3.7019e+06
0.18 1.6576e+08 3.3152e+06
0.181 1.728e+08 3.4559e+06
0.182 1.7692e+08 3.5383e+06
0.183 1.7666e+08 3.5332e+06
0.184 1.7401e+08 3.4801e+06
0.185 1.6409e+08 3.2818e+06
0.186 1.7093e+08 3.4186e+06
0.187 1.4506e+08 2.9012e+06
0.188 1.4507e+08 2.9015e+06
0.189 1.559e+08 3.118e+06
0.19 1.7116e+08 3.4232e+06
0.191 1.3307e+08 2.6613e+06
0.192 1.3817e+08 2.7634e+06
0.193 1.2219e+08 2.4438e+06
0.194 1.5019e+08 3.0038e+06
0.195 1.2888e+08 2.5777e+06
0.196 1.3787e+08 2.7573e+06
0.197 1.2052e+08 2.4105e+06
0.198 1.367e+08 2.7339e+06
0.199 1.1763e+08 2.3525e+06
0.2 1.2104e+08 2.4209e+06
0.201 1.0576e+08 2.1152e+06
0.202 1.1071e+08 2.2143e+06
0.203 1.0556e+08 2.1112e+06
0.204 1.1924e+08 2.3848e+06
0.205 1.1989e+08 2.3979e+06
0.206 1.1189e+08 2.2377e+06
0.207 1.0719e+08 2.1438e+06
0.208 8.4336e+07 1.6867e+06
0.209 1.0899e+08 2.1799e+06
0.21 8.5901e+07 1.718e+06
0.211 1.0647e+08 2.1294e+06
0.212 8.2369e+07 1.6474e+06
0.213 9.1015e+07 1.8203e+06
0.214 8.1324e+07 1.6265e+06
0.215 1.0298e+08 2.0595e+06
0.216 8.9519e+07 1.7904e+06
0.217 7.4127e+07 1.4825e+06
0.218 7.2631e+07 1.4526e+06
0.219 8.819e+07 1.7638e+06
0.22 1.0097e+08 2.0194e+06
0.221 7.2997e+07 1.4599e+06
0.222 7.1398e+07 1.428e+06
0.223 7.8986e+07 1.5797e+06
0.224 8.1112e+07 1.6222e+06
0.225 7.985e+07 1.597e+06
0.226 7.6442e+07 1.5288e+06
0.227 6.8652e+07 1.373e+06
0.228 9.6152e+07 1.923e+06
0.229 7.8351e+07 1.567e+06
0.23 8.0867e+07 1.6173e+06
0.231 7.4763e+07 1.4953e+06
0.232 9.0814e+07 1.8163e+06
0.233 6.4698e+07 1.294e+06
0.234 7.1095e+07 1.4219e+06
0.235 8.1859e+07 1.6372e+06
0.236 7.6261e+07 1.5252e+06
0.237 6.8387e+07 1.3677e+06
0.238 5.5525e+07 1.1105e+06
0.239 5.977e+07 1.1954e+06
0.24 6.9398e+07 1.388e+06
0.241 6.6831e+07 1.3366e+06
0.242 5.7063e+07 1.1413e+06
0.243 5.0772e+07 1.0154e+06
0.244 5.9631e+07 1.1926e+06
0.245 4.933e+07 9.8659e+05
0.246 5.796e+07 1.1592e+06
0.247 6.1419e+07 1.2284e+06
0.248 5.6786e+07 1.1357e+06
0.249 3.6717e+07 7.3434e+05
0.25 5.2347e+07 1.0469e+06
0.251 6.8073e+07 1.3615e+06
0.252 5.3282e+07 1.0656e+06
0.253 7.4552e+07 1.491e+06
0.254 5.0289e+07 1.0058e+06
0.255 4.8399e+07 9.6799e+05
0.256 5.7215e+07 1.1443e+06
0.257 5.4021e+07 1.0804e+06
0.258 5.8141e+07 1.1628e+06
0.259 4.1178e+07 8.2355e+05
0.26 7.4317e+07 1.4863e+06
0.261 6.1425e+07 1.2285e+06
0.262 5.1846e+07 1.0369e+06
0.263 4.6992e+07 9.3984e+05
0.264 3.6022e+07 7.2045e+05
0.265 5.0631e+07 1.0126e+06
0.266 4.1812e+07 8.3624e+05
0.267 5.2696e+07 1.0539e+06
0.268 4.3163e+07 8.6326e+05
0.269 4.1122e+07 8.2243e+05
0.27 4.36e+07 8.72e+05
0.271 6.4286e+07 1.2857e+06
0.272 6.1483e+07 1.2297e+06
0.273 4.396e+07 8.792e+05
0.274 4.7453e+07 9.4905e+05
0.275 3.8876e+07 7.7752e+05
0.276 3.2471e+07 6.4943e+05
0.277 3.6702e+07 7.3404e+05
0.278 4.9423e+07 9.8846e+05
0.279 4.0049e+07 8.0098e+05
0.28 4.4167e+07 8.8334e+05
0.281 3.5474e+07 7.0947e+05
0.282 5.3515e+07 1.0703e+06
0.283 4.3044e+07 8.6088e+05
0.284 4.1988e+07 8.3977e+05
0.285 3.8506e+07 7.7012e+05
0.286 4.8491e+07 9.6982e+05
0.287 4.7149e+07 9.4299e+05
0.288 3.3651e+07 6.7302e+05
0.289 4.702e+07 9.404e+05
0.29 2.4117e+07 4.8234e+05
0.291 3.15e+07 6.3e+05
0.292 4.1746e+07 8.3493e+05
0.293 5.0337e+07 1.0067e+06
0.294 1.9452e+07 3.8904e+05
0.295 5.1397e+07 1.0279e+06
0.296 3.2103e+07 6.4206e+05
0.297 4.0482e+07 8.0963e+05
0.298 3.7667e+07 7.5335e+05
0.299 5.9586e+07 1.1917e+06
0.3 3.302e+07 6.6039e+05
0.301 3.9944e+07 7.9888e+05
0.302 4.1326e+07 8.2653e+05
0.303 3.519e+07 7.038e+05
0.304 4.0045e+07 8.009e+05
0.305 5.6495e+07 1.1299e+06
0.306 3.8034e+07 7.6067e+05
0.307 5.0268e+07 1.0054e+06
0.308 2.0201e+07 4.0402e+05
0.309 2.9571e+07 5.9141e+05
0.31 2.9772e+07 5.9544e+05
0.311 3.7929e+07 7.5857e+05
0.312 3.9115e+07 7.823e+05
0.313 1.517e+07 3.034e+05
0.314 3.9716e+07 7.9432e+05
0.315 2.0711e+07 4.1422e+05
0.316 1.7218e+07 3.4435e+05
0.317 2.9645e+07 5.929e+05
0.318 2.1355e+07 4.2709e+05
0.319 3.1389e+07 6.2778e+05
0.32 2.5501e+07 5.1002e+05
0.321 3.1779e+07 6.3558e+05
0.322 2.3713e+07 4.7425e+05
0.323 2.6168e+07 5.2336e+05
0.324 2.083e+07 4.166e+05
0.325 3.6051e+07 7.2102e+05
0.326 2.8213e+07 5.6426e+05
0.327 3.5267e+07 7.0534e+05
0.328 2.4383e+07 4.8766e+05
0.329 3.8071e+07 7.6143e+05
0.33 3.1737e+07 6.3474e+05
0.331 2.2667e+07 4.5335e+05
0.332 5.3287e+07 1.0657e+06
0.333 3.265e+07 6.53e+05
0.334 2.7854e+07 5.5709e+05
0.335 3.6222e+07 7.2444e+05
0.336 3.7871e+07 7.5741e+05
0.337 3.2203e+07 6.4406e+05
0.338 2.4732e+07 4.9463e+05
0.339 1.3871e+07 2.7743e+05
0.34 4.4394e+07 8.8788e+05
0.341 3.142e+07 6.2841e+05
0.342 3.5276e+07 7.0551e+05
0.343 3.0432e+07 6.0864e+05
0.344 3.6591e+07 7.3181e+05
0.345 3.1708e+07 6.3417e+05
0.346 1.8386e+07 3.6773e+05
0.347 4.6086e+07 9.2173e+05
0.348 2.0354e+07 4.0708e+05
0.349 3.355e+07 6.7101e+05
0.35 4.3241e+07 8.6482e+05
0.351 4.1125e+07 8.2249e+05
0.352 2.4985e+07 4.997e+05
0.353 1.8392e+07 3.6785e+05
0.354 2.1473e+07 4.2946e+05
0.355 3.3652e+07 6.7304e+05
0.356 2.0784e+07 4.1568e+05
0.357 3.3866e+07 6.7733e+05
0.358 3.951e+07 7.902e+05
0.359 4.5783e+07 9.1566e+05
0.36 5.0395e+07 1.0079e+06
0.361 4.3378e+07 8.6756e+05
0.362 3.9339e+07 7.8678e+05
0.363 2.7602e+07 5.5204e+05
0.364 2.7343e+07 5.4685e+05
0.365 3.3284e+07 6.6567e+05
0.366 3.493e+07 6.9859e+05
0.367 2.4794e+07 4.9588e+05
0.368 3.0119e+07 6.0238e+05
0.369 2.1711e+07 4.3421e+05
0.37 3.2388e+07 6.4775e+05
0.371 3.0307e+07 6.0614e+05
0.372 5.7132e+07 1.1426e+06
0.373 4.6103e+07 9.2206e+05
0.374 2.8529e+07 5.7058e+05
0.375 3.037e+07 6.0739e+05
0.376 2.5384e+07 5.0767e+05
0.377 3.0008e+07 6.0015e+05
0.378 4.4017e+07 8.8035e+05
0.379 2.4479e+07 4.8959e+05
0.38 4.3287e+07 8.6574e+05
0.381 3.0497e+07 6.0994e+05
0.382 1.6982e+07 3.3964e+05
0.383 2.7614e+07 5.5229e+05
0.384 5.2209e+07 1.0442e+06
0.385 2.6829e+07 5.3658e+05
0.386 2.5756e+07 5.1513e+05
0.387 3.2772e+07 6.5543e+05
0.388 3.1052e+07 6.2105e+05
0.389 2.5027e+07 5.0054e+05
0.39 2.2199e+07 4.4398e+05
0.391 3.8149e+07 7.6299e+05
0.392 3.2774e+07 6.5548e+05
0.393 3.2896e+07 6.5793e+05
0.394 3.5659e+07 7.1318e+05
0.395 2.9689e+07 5.9378e+05
0.396 2.2981e+07 4.5962e+05
0.397 3.7645e+07 7.5291e+05
0.398 3.1825e+07 6.365e+05
0.399 3.3158e+07 6.6316e+05
0.4 2.3662e+07 4.7323e+05
0.401 1.8752e+07 3.7504e+05
0.402 2.5035e+07 5.007e+05
0.403 2.7892e+07 5.5784e+05
0.404 2.8953e+07 5.7905e+05
0.405 1.9524e+07 3.9047e+05
0.406 1.3172e+07 2.6343e+05
0.407 1.4971e+07 2.9943e+05
0.408 1.9379e+07 3.8758e+05
0.409 4.0113e+07 8.0226e+05
0.41 1.8426e+07 3.6853e+05
0.411 2.9868e+07 5.9736e+05
0.412 3.595e+07 7.1899e+05
0.413 2.2471e+07 4.4942e+05
0.414 2.9123e+07 5.8246e+05
0.415 3.4413e+07 6.8827e+05
0.416 2.8799e+07 5.7597e+05
0.417 1.6937e+07 3.3875e+05
0.418 2.0353e+07 4.0706e+05
0.419 2.7452e+07 5.4903e+05
0.42 1.3396e+07 2.6792e+05
0.421 2.8041e+07 5.6081e+05
0.422 2.4103e+07 4.8207e+05
0.423 3.2067e+07 6.4134e+05
0.424 2.7214e+07 5.4427e+05
0.425 2.8704e+07 5.7407e+05
0.426 1.6811e+07 3.3621e+05
0.427 2.3648e+07 4.7295e+05
0.428 4.4256e+07 8.8511e+05
0.429 2.2155e+07 4.431e+05
0.43 2.4469e+07 4.8937e+05
0.431 1.9183e+07 3.8367e+05
0.432 1.7616e+07 3.5232e+05
0.433 1.6647e+07 3.3295e+05
0.434 1.451e+07 2.9019e+05
0.435 2.2637e+07 4.5274e+05
0.436 2.0825e+07 4.1649e+05
0.437 1.6647e+07 3.3295e+05
0.438 2.2215e+07 4.4431e+05
0.439 2.3865e+07 4.7729e+05
0.44 8.0765e+06 1.6153e+05
0.441 2.5708e+07 5.1417e+05
0.442 3.6409e+07 7.2818e+05
0.443 3.0763e+07 6.1525e+05
0.444 2.6211e+07 5.2421e+05
0.445 2.4345e+07 4.8691e+05
0.446 2.6004e+07 5.2007e+05
0.447 2.4658e+07 4.9315e+05
0.448 1.8118e+07 3.6236e+05
0.449 1.5781e+07 3.1562e+05
0.45 3.7072e+07 7.4144e+05
0.451 2.5171e+07 5.0343e+05
0.452 1.3976e+07 2.7952e+05
0.453 2.9198e+07 5.8396e+05
0.454 1.561e+07 3.1221e+05
0.455 2.1693e+07 4.3385e+05
0.456 1.181e+07 2.3621e+05
0.457 3.1887e+07 6.3774e+05
0.458 9.1172e+06 1.8234e+05
0.459 1.5694e+07 3.1389e+05
0.46 1.6455e+07 3.291e+05
0.461 9.0535e+06 1.8107e+05
0.462 1.6939e+07 3.3877e+05
0.463 2.6841e+07 5.3681e+05
0.464 2.6119e+07 5.2238e+05
0.465 2.5543e+07 5.1087e+05
0.466 2.8444e+07 5.6888e+05
0.467 3.612e+07 7.2241e+05
0.468 3.5937e+07 7.1874e+05
0.469 1.7935e+07 3.5869e+05
0.47 2.2609e+07 4.5219e+05
0.471 2.2751e+07 4.5503e+05
0.472 2.1342e+07 4.2683e+05
0.473 3.1126e+07 6.2252e+05
0.474 3.6171e+07 7.2343e+05
0.475 3.1078e+07 6.2156e+05
0.476 3.2087e+07 6.4174e+05
0.477 2.0955e+07 4.1911e+05
0.478 2.1885e+07 4.3769e+05
0.479 2.2554e+07 4.5108e+05
0.48 1.7167e+07 3.4334e+05
0.481 2.6833e+07 5.3666e+05
0.482 2.4603e+07 4.9205e+05
0.483 1.5043e+07 3.0086e+05
0.484 3.2739e+07 6.5478e+05
0.485 2.0093e+07 4.0186e+05
0.486 2.1911e+07 4.3821e+05
0.487 2.8074e+07 5.6149e+05
0.488 3.4424e+07 6.8847e+05
0.489 2.9022e+07 5.8043e+05
0.49 2.2259e+07 4.4518e+05
0.491 1.9474e+07 3.8948e+05
0.492 3.8713e+07 7.7427e+05
0.493 3.0154e+07 6.0308e+05
0.494 2.0347e+07 4.0693e+05
0.495 3.5523e+07 7.1046e+05
0.496 2.6031e+07 5.2062e+05
0.497 3.4029e+07 6.8059e+05
0.498 1.2824e+07 2.5648e+05
0.499 2.7563e+07 5.5127e+05
0.5 2.5396e+07 5.0791e+05
