0.001 9.4836e+09 1.8967e+08
0.002 9.1492e+09 1.8298e+08
0.003 8.7632e+09 1.7526e+08
0.004 9.3976e+09 1.8795e+08
0.005 8.724e+09 1.7448e+08
0.006 8.9543e+09 1.7909e+08
0.007 8.5546e+09 1.7109e+08
0.008 8.7638e+09 1.7528e+08
0.009 9.2461e+09 1.8492e+08
0.01 9.14e+09 1.828e+08
0.011 8.886e+09 1.7772e+08
0.012 8.649e+09 1.7298e+08
0.013 8.6915e+09 1.7383e+08
0.014 8.7933e+09 1.7587e+08
0.015 8.7517e+09 1.7503e+08
0.016 8.8918e+09 1.7784e+08
0.017 8.683e+09 1.7366e+08
0.018 8.6974e+09 1.7395e+08
0.019 8.678e+09 1.7356e+08
0.02 8.5127e+09 1.7025e+08
0.021 8.6851e+09 1.737e+08
0.022 8.3641e+09 1.6728e+08
0.023 8.3527e+09 1.6705e+08
0.024 8.1627e+09 1.6325e+08
0.025 8.2576e+09 1.6515e+08
0.026 8.1282e+09 1.6256e+08
0.027 8.0318e+09 1.6064e+08
0.028 8.2292e+09 1.6458e+08
0.029 7.9847e+09 1.5969e+08
0.03 7.8867e+09 1.5773e+08
0.031 7.8305e+09 1.5661e+08
0.032 7.7862e+09 1.5572e+08
0.033 7.6875e+09 1.5375e+08
0.034 7.6957e+09 1.5391e+08
0.035 7.5894e+09 1.5179e+08
0.036 7.538e+09 1.5076e+08
0.037 7.4294e+09 1.4859e+08
0.038 7.3259e+09 1.4652e+08
0.039 7.2292e+09 1.4458e+08
0.04 7.2003e+09 1.4401e+08
0.041 7.0704e+09 1.4141e+08
0.042 7.089e+09 1.4178e+08
0.043 6.8784e+09 1.3757e+08
0.044 6.8222e+09 1.3644e+08
0.045 6.8017e+09 1.3603e+08
0.046 6.5855e+09 1.3171e+08
0.047 6.5612e+09 1.3122e+08
0.048 6.4304e+09 1.2861e+08
0.049 6.3187e+09 1.2637e+08
0.05 6.3008e+09 1.2602e+08
0.051 6.2288e+09 1.2458e+08
0.052 6.0858e+09 1.2172e+08
0.053 5.9558e+09 1.1912e+08
0.054 5.9098e+09 1.182e+08
0.055 5.8813e+09 1.1763e+08
0.056 5.6445e+09 1.1289e+08
0.057 5.73e+09 1.146e+08
0.058 5.4932e+09 1.0986e+08
0.059 5.4232e+09 1.0846e+08
0.06 5.3894e+09 1.0779e+08
0.061 5.1589e+09 1.0318e+08
0.062 5.1536e+09 1.0307e+08
0.063 5.1396e+09 1.0279e+08
0.064 4.9983e+09 9.9966e+07
0.065 4.9452e+09 9.8905e+07
0.066 4.8202e+09 9.6403e+07
0.067 4.7141e+09 9.4282e+07
0.068 4.6677e+09 9.3354e+07
0.069 4.4703e+09 8.9406e+07
0.07 4.3735e+09 8.747e+07
0.071 4.3814e+09 8.7628e+07
0.072 4.3026e+09 8.6053e+07
0.073 4.1015e+09 8.203e+07
0.074 4.0546e+09 8.1092e+07
0.075 4.0115e+09 8.023e+07
0.076 3.8934e+09 7.7867e+07
0.077 3.8324e+09 7.6648e+07
0.078 3.8504e+09 7.7008e+07
0.079 3.667e+09 7.334e+07
0.08 3.5484e+09 7.0967e+07
0.081 3.5207e+09 7.0414e+07
0.082 3.4301e+09 6.8602e+07
0.083 3.3256e+09 6.6513e+07
0.084 3.2638e+09 6.5276e+07
0.085 3.1978e+09 6.3956e+07
0.086 3.0762e+09 6.1524e+07
0.087 3.0131e+09 6.0261e+07
0.088 2.9817e+09 5.9635e+07
0.089 2.849e+09 5.6981e+07
0.09 2.8624e+09 5.7249e+07
0.091 2.7847e+09 5.5694e+07
0.092 2.644e+09 5.2879e+07
0.093 2.6269e+09 5.2538e+07
0.094 2.5817e+09 5.1634e+07
0.095 2.4613e+09 4.9225e+07
0.096 2.4325e+09 4.865e+07
0.097 2.3332e+09 4.6665e+07
0.098 2.2678e+09 4.5356e+07
0.099 2.2268e+09 4.4536e+07
0.1 2.1521e+09 4.3041e+07
0.101 2.0996e+09 4.1992e+07
0.102 2.0666e+09 4.1332e+07
0.103 1.9896e+09 3.9793e+07
0.104 1.9563e+09 3.9126e+07
0.105 1.8523e+09 3.7047e+07
0.106 1.8607e+09 3.7215e+07
0.107 1.7965e+09 3.593e+07
0.108 1.7285e+09 3.457e+07
0.109 1.7037e+09 3.4074e+07
0.11 1.6352e+09 3.2703e+07
0.111 1.57e+09 3.14e+07
0.112 1.5443e+09 3.0885e+07
0.113 1.4875e+09 2.9749e+07
0.114 1.475e+09 2.9499e+07
0.115 1.4087e+09 2.8175e+07
0.116 1.3841e+09 2.7681e+07
0.117 1.3463e+09 2.6926e+07
0.118 1.2595e+09 2.519e+07
0.119 1.2552e+09 2.5104e+07
0.12 1.2226e+09 2.4452e+07
0.121 1.1972e+09 2.3944e+07
0.122 1.1438e+09 2.2875e+07
0.123 1.1118e+09 2.2237e+07
0.124 1.083e+09 2.1661e+07
0.125 1.0872e+09 2.1743e+07
0.126 1.0514e+09 2.1028e+07
0.127 1.0282e+09 2.0564e+07
0.128 9.7302e+08 1.946e+07
0.129 8.8287e+08 1.7657e+07
0.13 9.1319e+08 1.8264e+07
0.131 8.6925e+08 1.7385e+07
0.132 8.5384e+08 1.7077e+07
0.133 8.1865e+08 1.6373e+07
0.134 8.007e+08 1.6014e+07
0.135 7.8142e+08 1.5628e+07
0.136 8.0472e+08 1.6094e+07
0.137 7.4439e+08 1.4888e+07
0.138 7.0286e+08 1.4057e+07
0.139 7.0819e+08 1.4164e+07
0.14 6.5589e+08 1.3118e+07
0.141 6.2856e+08 1.2571e+07
0.142 6.2572e+08 1.2514e+07
0.143 6.156e+08 1.2312e+07
0.144 5.8372e+08 1.1674e+07
0.145 5.8779e+08 1.1756e+07
0.146 5.58e+08 1.116e+07
0.147 5.4617e+08 1.0923e+07
0.148 5.3268e+08 1.0654e+07
0.149 5.2368e+08 1.0474e+07
0.15 4.923e+08 9.8461e+06
0.151 4.7873e+08 9.5746e+06
0.152 4.7271e+08 9.4542e+06
0.153 4.6419e+08 9.2837e+06
0.154 4.5571e+08 9.1141e+06
0.155 4.5091e+08 9.0183e+06
0.156 4.2662e+08 8.5325e+06
0.157 4.1625e+08 8.325e+06
0.158 4.1767e+08 8.3534e+06
0.159 3.9048e+08 7.8096e+06
0.16 4.0621e+08 8.1241e+06
0.161 3.6591e+08 7.3183e+06
0.162 3.8273e+08 7.6546e+06
0.163 3.2661e+08 6.5323e+06
0.164 3.5137e+08 7.0273e+06
0.165 3.2535e+08 6.507e+06
0.166 3.3014e+08 6.6028e+06
0.167 3.287e+08 6.574e+06
0.168 3.1041e+08 6.2081e+06
0.169 3.3866e+08 6.7732e+06
0.17 3.0976e+08 6.1951e+06
0.171 2.78e+08 5.5601e+06
0.172 2.883e+08 5.766e+06
0.173 2.6775e+08 5.355e+06
0.174 2.6874e+08 5.3747e+06
0.175 2.6062e+08 5.2125e+06
0.176 2.5552e+08 5.1103e+06
0.177 2.6822e+08 5.3644e+06
0.178 2.7448e+08 5.4896e+06
0.179 2.1173e+08 4.2346e+06
0.18 2.4471e+08 4.8942e+06
0.181 2.0195e+08 4.0391e+06
0.182 2.2109e+08 4.4217e+06
0.183 2.1342e+08 4.2684e+06
0.184 2.2573e+08 4.5146e+06
0.185 2.1487e+08 4.2974e+06
0.186 2.2214e+08 4.4428e+06
0.187 2.0387e+08 4.0773e+06
0.188 2.0326e+08 4.0651e+06
0.189 2.0608e+08 4.1216e+06
0.19 1.6113e+08 3.2225e+06
0.191 1.7891e+08 3.5782e+06
0.192 1.924e+08 3.8479e+06
0.193 1.753e+08 3.506e+06
0.194 1.7561e+08 3.5122e+06
0.195 1.8544e+08 3.7087e+06
0.196 1.6376e+08 3.2752e+06
0.197 1.6293e+08 3.2586e+06
0.198 1.4791e+08 2.9582e+06
0.199 1.3415e+08 2.6829e+06
0.2 1.3045e+08 2.6091e+06
0.201 1.4182e+08 2.8365e+06
0.202 1.3566e+08 2.7133e+06
0.203 1.5851e+08 3.1703e+06
0.204 1.4643e+08 2.9286e+06
0.205 1.432e+08 2.8641e+06
0.206 1.4434e+08 2.8869e+06
0.207 1.1996e+08 2.3992e+06
0.208 1.2409e+08 2.4818e+06
0.209 1.1758e+08 2.3516e+06
0.21 1.2927e+08 2.5854e+06
0.211 1.2207e+08 2.4415e+06
0.212 1.067e+08 2.1341e+06
0.213 1.0761e+08 2.1523e+06
0.214 1.1397e+08 2.2794e+06
0.215 1.1861e+08 2.3721e+06
0.216 1.2227e+08 2.4454e+06
0.217 1.15e+08 2.3e+06
0.218 9.606e+07 1.9212e+06
0.219 1.0339e+08 2.0677e+06
0.22 1.1488e+08 2.2976e+06
0.221 1.1099e+08 2.2198e+06
0.222 9.6783e+07 1.9357e+06
0.223 1.105e+08 2.21e+06
0.224 1.0626e+08 2.1251e+06
0.225 9.7097e+07 1.9419e+06
0.226 9.9399e+07 1.988e+06
0.227 8.9748e+07 1.795e+06
0.228 8.5755e+07 1.7151e+06
0.229 8.9961e+07 1.7992e+06
0.23 8.6613e+07 1.7323e+06
0.231 7.5145e+07 1.5029e+06
0.232 7.2742e+07 1.4548e+06
0.233 8.1536e+07 1.6307e+06
0.234 7.7193e+07 1.5439e+06
0.235 7.6026e+07 1.5205e+06
0.236 9.2107e+07 1.8421e+06
0.237 9.4247e+07 1.8849e+06
0.238 6.2854e+07 1.2571e+06
0.239 8.5077e+07 1.7015e+06
0.24 7.705e+07 1.541e+06
0.241 7.5995e+07 1.5199e+06
0.242 6.4413e+07 1.2883e+06
0.243 9.1906e+07 1.8381e+06
0.244 6.2063e+07 1.2413e+06
0.245 7.6529e+07 1.5306e+06
0.246 6.8067e+07 1.3613e+06
0.247 6.3163e+07 1.2633e+06
0.248 6.9799e+07 1.396e+06
0.249 7.7571e+07 1.5514e+06
0.25 5.9211e+07 1.1842e+06
0.251 7.3236e+07 1.4647e+06
0.252 8.9062e+07 1.7812e+06
0.253 4.5744e+07 9.1488e+05
0.254 6.2398e+07 1.248e+06
0.255 6.5678e+07 1.3136e+06
0.256 6.4588e+07 1.2918e+06
0.257 7.2852e+07 1.457e+06
0.258 6.7104e+07 1.3421e+06
0.259 5.9559e+07 1.1912e+06
0.26 6.0095e+07 1.2019e+06
0.261 3.3971e+07 6.7943e+05
0.262 7.8247e+07 1.5649e+06
0.263 5.45e+07 1.09e+06
0.264 5.3233e+07 1.0647e+06
0.265 5.9636e+07 1.1927e+06
0.266 5.2208e+07 1.0442e+06
0.267 6.0198e+07 1.204e+06
0.268 6.3684e+07 1.2737e+06
0.269 3.8163e+07 7.6326e+05
0.27 5.8331e+07 1.1666e+06
0.271 8.1044e+07 1.6209e+06
0.272 5.7029e+07 1.1406e+06
0.273 3.9354e+07 7.8709e+05
0.274 3.8912e+07 7.7825e+05
0.275 5.6775e+07 1.1355e+06
0.276 5.2498e+07 1.05e+06
0.277 4.4258e+07 8.8516e+05
0.278 4.024e+07 8.048e+05
0.279 2.4066e+07 4.8131e+05
0.28 6.8832e+07 1.3766e+06
0.281 5.0634e+07 1.0127e+06
0.282 5.0512e+07 1.0102e+06
0.283 4.7049e+07 9.4097e+05
0.284 4.9461e+07 9.8922e+05
0.285 2.8676e+07 5.7352e+05
0.286 3.5709e+07 7.1418e+05
0.287 5.5158e+07 1.1032e+06
0.288 3.7368e+07 7.4737e+05
0.289 4.3284e+07 8.6568e+05
0.29 3.002e+07 6.004e+05
0.291 2.4617e+07 4.9233e+05
0.292 4.9057e+07 9.8114e+05
0.293 3.8448e+07 7.6896e+05
0.294 4.7426e+07 9.4853e+05
0.295 5.0689e+07 1.0138e+06
0.296 2.2654e+07 4.5308e+05
0.297 4.8684e+07 9.7367e+05
0.298 4.3137e+07 8.6275e+05
0.299 3.7128e+07 7.4256e+05
0.3 3.8942e+07 7.7883e+05
0.301 3.993e+07 7.9861e+05
0.302 3.5751e+07 7.1502e+05
0.303 4.0829e+07 8.1659e+05
0.304 5.0912e+07 1.0182e+06
0.305 5.4247e+07 1.0849e+06
0.306 4.1075e+07 8.2149e+05
0.307 6.3217e+07 1.2643e+06
0.308 3.749e+07 7.498e+05
0.309 6.1918e+07 1.2384e+06
0.31 3.7475e+07 7.495e+05
0.311 2.0033e+07 4.0066e+05
0.312 5.8377e+07 1.1675e+06
0.313 4.5171e+07 9.0342e+05
0.314 3.9604e+07 7.9207e+05
0.315 5.6101e+07 1.122e+06
0.316 4.2639e+07 8.5278e+05
0.317 5.478e+07 1.0956e+06
0.318 3.9438e+07 7.8877e+05
0.319 3.8386e+07 7.6773e+05
0.32 2.9758e+07 5.9516e+05
0.321 3.2888e+07 6.5776e+05
0.322 4.6024e+07 9.2047e+05
0.323 2.2596e+07 4.5192e+05
0.324 1.3926e+07 2.7851e+05
0.325 3.6528e+07 7.3056e+05
0.326 5.7711e+07 1.1542e+06
0.327 4.3642e+07 8.7285e+05
0.328 4.638e+07 9.2759e+05
0.329 2.1183e+07 4.2367e+05
0.33 3.5805e+07 7.1611e+05
0.331 3.8468e+07 7.6937e+05
0.332 3.373e+07 6.746e+05
0.333 3.45e+07 6.9e+05
0.334 3.974e+07 7.948e+05
0.335 5.3621e+07 1.0724e+06
0.336 3.2591e+07 6.5183e+05
0.337 3.0479e+07 6.0958e+05
0.338 4.0962e+07 8.1925e+05
0.339 3.4945e+07 6.989e+05
0.34 3.8565e+07 7.7129e+05
0.341 3.3613e+07 6.7226e+05
0.342 3.2827e+07 6.5654e+05
0.343 3.6044e+07 7.2088e+05
0.344 3.804e+07 7.6081e+05
0.345 5.0301e+07 1.006e+06
0.346 3.4517e+07 6.9034e+05
0.347 4.1017e+07 8.2035e+05
0.348 3.6335e+07 7.267e+05
0.349 3.4469e+07 6.8938e+05
0.35 4.1481e+07 8.2963e+05
0.351 2.28e+07 4.5601e+05
0.352 3.8279e+07 7.6558e+05
0.353 2.1291e+07 4.2582e+05
0.354 3.9738e+07 7.9476e+05
0.355 3.2793e+07 6.5587e+05
0.356 2.6538e+07 5.3076e+05
0.357 2.4019e+07 4.8037e+05
0.358 4.018e+07 8.036e+05
0.359 2.7264e+07 5.4529e+05
0.36 1.881e+07 3.762e+05
0.361 3.5397e+07 7.0794e+05
0.362 5.4448e+07 1.089e+06
0.363 4.3996e+07 8.7991e+05
0.364 3.8639e+07 7.7279e+05
0.365 3.7694e+07 7.5387e+05
0.366 4.327e+07 8.6541e+05
0.367 4.7924e+07 9.5847e+05
0.368 3.5775e+07 7.155e+05
0.369 4.4557e+07 8.9115e+05
0.37 4.3408e+07 8.6817e+05
0.371 4.3757e+07 8.7514e+05
0.372 5.2154e+07 1.0431e+06
0.373 4.3866e+07 8.7732e+05
0.374 3.0153e+07 6.0306e+05
0.375 4.7487e+07 9.4974e+05
0.376 4.4159e+07 8.8318e+05
0.377 2.9819e+07 5.9639e+05
0.378 6.7818e+07 1.3564e+06
0.379 5.2551e+07 1.051e+06
0.38 4.7085e+07 9.417e+05
0.381 3.4381e+07 6.8761e+05
0.382 3.0768e+07 6.1536e+05
0.383 3.1755e+07 6.3509e+05
0.384 4.8876e+07 9.7751e+05
0.385 3.2939e+07 6.5879e+05
0.386 2.7677e+07 5.5353e+05
0.387 3.3538e+07 6.7077e+05
0.388 2.9462e+07 5.8923e+05
0.389 2.6003e+07 5.2006e+05
0.39 3.136e+07 6.2719e+05
0.391 1.6263e+07 3.2526e+05
0.392 4.1396e+07 8.2792e+05
0.393 3.2309e+07 6.4617e+05
0.394 2.6237e+07 5.2474e+05
0.395 2.4237e+07 4.8473e+05
0.396 2.8565e+07 5.713e+05
0.397 3.4287e+07 6.8574e+05
0.398 2.0924e+07 4.1848e+05
0.399 4.1224e+07 8.2448e+05
0.4 2.171e+07 4.342e+05
0.401 3.4798e+07 6.9596e+05
0.402 3.0503e+07 6.1006e+05
0.403 2.9816e+07 5.9631e+05
0.404 3.8843e+07 7.7687e+05
0.405 2.744e+07 5.4879e+05
0.406 3.3407e+07 6.6814e+05
0.407 1.9071e+07 3.8142e+05
0.408 3.5765e+07 7.1529e+05
0.409 4.342e+07 8.684e+05
0.41 3.0963e+07 6.1926e+05
0.411 2.3005e+07 4.601e+05
0.412 3.6664e+07 7.3328e+05
0.413 3.4646e+07 6.9292e+05
0.414 2.6506e+07 5.3013e+05
0.415 2.7216e+07 5.4432e+05
0.416 3.986e+07 7.972e+05
0.417 3.4552e+07 6.9103e+05
0.418 3.9256e+07 7.8511e+05
0.419 2.3375e+07 4.675e+05
0.42 1.5998e+07 3.1995e+05
0.421 3.5624e+07 7.1249e+05
0.422 1.5397e+07 3.0795e+05
0.423 4.1775e+07 8.355e+05
0.424 3.4387e+07 6.8775e+05
0.425 3.8606e+07 7.7212e+05
0.426 3.0409e+07 6.0817e+05
0.427 3.3401e+07 6.6803e+05
0.428 2.2436e+07 4.4872e+05
0.429 1.3515e+07 2.703e+05
0.43 2.6496e+07 5.2992e+05
0.431 2.287e+07 4.574e+05
0.432 2.9594e+07 5.9187e+05
0.433 3.2993e+07 6.5986e+05
0.434 3.0987e+07 6.1975e+05
0.435 3.5864e+07 7.1729e+05
0.436 1.3604e+07 2.7208e+05
0.437 1.7461e+07 3.4922e+05
0.438 3.4705e+07 6.941e+05
0.439 3.4088e+07 6.8175e+05
0.44 3.0361e+07 6.0721e+05
0.441 3.246e+07 6.4919e+05
0.442 2.3421e+07 4.6842e+05
0.443 2.342e+07 4.6839e+05
0.444 1.8723e+07 3.7446e+05
0.445 2.5526e+07 5.1051e+05
0.446 2.31e+07 4.62e+05
0.447 2.2907e+07 4.5813e+05
0.448 3.0952e+07 6.1903e+05
0.449 2.8754e+07 5.7509e+05
0.45 2.008e+07 4.016e+05
0.451 3.5823e+07 7.1646e+05
0.452 2.7977e+07 5.5954e+05
0.453 2.9254e+07 5.8509e+05
0.454 1.5622e+07 3.1244e+05
0.455 1.0667e+07 2.1334e+05
0.456 2.1162e+07 4.2325e+05
0.457 2.5706e+07 5.1412e+05
0.458 2.195e+07 4.39e+05
0.459 9.1164e+06 1.8233e+05
0.46 2.0628e+07 4.1255e+05
0.461 1.622e+07 3.244e+05
0.462 3.3402e+07 6.6805e+05
0.463 1.749e+07 3.4979e+05
0.464 3.3023e+07 6.6046e+05
0.465 3.183e+07 6.3661e+05
0.466 3.187e+07 6.3741e+05
0.467 3.625e+07 7.25e+05
0.468 2.7515e+07 5.5029e+05
0.469 2.8151e+07 5.6302e+05
0.47 9.5745e+06 1.9149e+05
0.471 2.2603e+07 4.5206e+05
0.472 3.3908e+07 6.7817e+05
0.473 3.7453e+07 7.4906e+05
0.474 3.5085e+07 7.0171e+05
0.475 2.7713e+07 5.5426e+05
0.476 2.2024e+07 4.4048e+05
0.477 2.6596e+07 5.3193e+05
0.478 9.0491e+06 1.8098e+05
0.479 2.3475e+07 4.695e+05
0.48 2.7916e+07 5.5833e+05
0.481 3.3895e+07 6.7791e+05
0.482 3.7969e+07 7.5938e+05
0.483 2.079e+07 4.158e+05
0.484 3.3696e+07 6.7392e+05
0.485 2.6356e+07 5.2713e+05
0.486 2.1993e+07 4.3986e+05
0.487 3.3802e+07 6.7604e+05
0.488 3.3125e+07 6.625e+05
0.489 3.0284e+07 6.0567e+05
0.49 4.5277e+07 9.0554e+05
0.491 2.7968e+07 5.5937e+05
0.492 2.2063e+07 4.4127e+05
0.493 4.8067e+07 9.6133e+05
0.494 2.4161e+07 4.8322e+05
0.495 2.3271e+07 4.6542e+05
0.496 3.9348e+07 7.8697e+05
0.497 3.2239e+07 6.4477e+05
0.498 2.4371e+07 4.8741e+05
0.499 3.9842e+07 7.9684e+05
0.5 3.0949e+07 6.1899e+05
