0.001 8.6138e+09 1.7228e+08
0.002 9.7929e+09 1.9586e+08
0.003 9.2658e+09 1.8532e+08
0.004 9.5626e+09 1.9125e+08
0.005 9.5007e+09 1.9001e+08
0.006 9.3613e+09 1.8723e+08
0.007 9.5369e+09 1.9074e+08
0.008 9.1288e+09 1.8258e+08
0.009 9.103e+09 1.8206e+08
0.01 9.1191e+09 1.8238e+08
0.011 9.2189e+09 1.8438e+08
0.012 8.9087e+09 1.7817e+08
0.013 9.0054e+09 1.8011e+08
0.014 8.946e+09 1.7892e+08
0.015 9.0927e+09 1.8185e+08
0.016 8.9783e+09 1.7957e+08
0.017 8.8414e+09 1.7683e+08
0.018 8.7118e+09 1.7424e+08
0.019 8.5645e+09 1.7129e+08
0.02 8.8907e+09 1.7781e+08
0.021 8.622e+09 1.7244e+08
0.022 8.5135e+09 1.7027e+08
0.023 8.5761e+09 1.7152e+08
0.024 8.5185e+09 1.7037e+08
0.025 8.5129e+09 1.7026e+08
0.026 8.2515e+09 1.6503e+08
0.027 8.3195e+09 1.6639e+08
0.028 8.1164e+09 1.6233e+08
0.029 7.9839e+09 1.5968e+08
0.03 7.8146e+09 1.5629e+08
0.031 7.9794e+09 1.5959e+08
0.032 7.7244e+09 1.5449e+08
0.033 7.6504e+09 1.5301e+08
0.034 7.7783e+09 1.5557e+08
0.035 7.5259e+09 1.5052e+08
0.036 7.4744e+09 1.4949e+08
0.037 7.3555e+09 1.4711e+08
0.038 7.3536e+09 1.4707e+08
0.039 7.2191e+09 1.4438e+08
0.04 7.0934e+09 1.4187e+08
0.041 7.0608e+09 1.4122e+08
0.042 7.0193e+09 1.4039e+08
0.043 6.8044e+09 1.3609e+08
0.044 6.7651e+09 1.353e+08
0.045 6.6917e+09 1.3383e+08
0.046 6.5365e+09 1.3073e+08
0.047 6.5002e+09 1.3e+08
0.048 6.3144e+09 1.2629e+08
0.049 6.2238e+09 1.2448e+08
0.05 6.1602e+09 1.232e+08
0.051 6.0463e+09 1.2093e+08
0.052 5.9712e+09 1.1942e+08
0.053 5.8386e+09 1.1677e+08
0.054 5.7282e+09 1.1456e+08
0.055 5.8209e+09 1.1642e+08
0.056 5.5982e+09 1.1196e+08
0.057 5.4753e+09 1.0951e+08
0.058 5.4637e+09 1.0927e+08
0.059 5.2994e+09 1.0599e+08
0.06 5.2785e+09 1.0557e+08
0.061 5.1084e+09 1.0217e+08
0.062 5.0909e+09 1.0182e+08
0.063 5.0001e+09 1e+08
0.064 4.8681e+09 9.7362e+07
0.065 4.8584e+09 9.7167e+07
0.066 4.7088e+09 9.4176e+07
0.067 4.5995e+09 9.1991e+07
0.068 4.5226e+09 9.0453e+07
0.069 4.4777e+09 8.9554e+07
0.07 4.3908e+09 8.7817e+07
0.071 4.2931e+09 8.5862e+07
0.072 4.2037e+09 8.4073e+07
0.073 4.1083e+09 8.2167e+07
0.074 4.0799e+09 8.1598e+07
0.075 3.9613e+09 7.9226e+07
0.076 3.8688e+09 7.7377e+07
0.077 3.8148e+09 7.6297e+07
0.078 3.6658e+09 7.3316e+07
0.079 3.6942e+09 7.3883e+07
0.08 3.548e+09 7.0959e+07
0.081 3.514e+09 7.0281e+07
0.082 3.4071e+09 6.8142e+07
0.083 3.4077e+09 6.8154e+07
0.084 3.3546e+09 6.7092e+07
0.085 3.225e+09 6.4499e+07
0.086 3.2026e+09 6.4053e+07
0.087 3.1371e+09 6.2742e+07
0.088 3.0231e+09 6.0463e+07
0.089 3.0308e+09 6.0617e+07
0.09 2.892e+09 5.7839e+07
0.091 2.9309e+09 5.8617e+07
0.092 2.8042e+09 5.6084e+07
0.093 2.8175e+09 5.635e+07
0.094 2.7155e+09 5.431e+07
0.095 2.6271e+09 5.2541e+07
0.096 2.6242e+09 5.2484e+07
0.097 2.5759e+09 5.1518e+07
0.098 2.5228e+09 5.0456e+07
0.099 2.4245e+09 4.849e+07
0.1 2.4501e+09 4.9002e+07
0.101 2.3712e+09 4.7424e+07
0.102 2.3156e+09 4.6312e+07
0.103 2.2822e+09 4.5643e+07
0.104 2.2096e+09 4.4191e+07
0.105 2.2022e+09 4.4045e+07
0.106 2.1381e+09 4.2762e+07
0.107 2.0586e+09 4.1173e+07
0.108 1.9992e+09 3.9984e+07
0.109 2.0038e+09 4.0076e+07
0.11 1.9567e+09 3.9135e+07
0.111 1.9071e+09 3.8142e+07
0.112 1.9151e+09 3.8303e+07
0.113 1.9064e+09 3.8127e+07
0.114 1.8276e+09 3.6552e+07
0.115 1.7709e+09 3.5418e+07
0.116 1.7701e+09 3.5401e+07
0.117 1.7452e+09 3.4904e+07
0.118 1.6304e+09 3.2608e+07
0.119 1.6486e+09 3.2972e+07
0.12 1.6354e+09 3.2708e+07
0.121 1.5521e+09 3.1041e+07
0.122 1.548e+09 3.0961e+07
0.123 1.5005e+09 3.0009e+07
0.124 1.5197e+09 3.0393e+07
0.125 1.4385e+09 2.877e+07
0.126 1.4167e+09 2.8334e+07
0.127 1.4013e+09 2.8027e+07
0.128 1.3759e+09 2.7517e+07
0.129 1.3129e+09 2.6259e+07
0.13 1.3032e+09 2.6064e+07
0.131 1.3093e+09 2.6186e+07
0.132 1.2677e+09 2.5355e+07
0.133 1.2337e+09 2.4674e+07
0.134 1.213e+09 2.426e+07
0.135 1.2084e+09 2.4167e+07
0.136 1.1632e+09 2.3264e+07
0.137 1.1603e+09 2.3205e+07
0.138 1.0717e+09 2.1434e+07
0.139 1.108e+09 2.2161e+07
0.14 1.066e+09 2.132e+07
0.141 9.9805e+08 1.9961e+07
0.142 1.0101e+09 2.0201e+07
0.143 9.9562e+08 1.9912e+07
0.144 9.6834e+08 1.9367e+07
0.145 9.4859e+08 1.8972e+07
0.146 9.3981e+08 1.8796e+07
0.147 9.0873e+08 1.8175e+07
0.148 8.7529e+08 1.7506e+07
0.149 8.8681e+08 1.7736e+07
0.15 8.1923e+08 1.6385e+07
0.151 8.456e+08 1.6912e+07
0.152 8.2501e+08 1.65e+07
0.153 8.0925e+08 1.6185e+07
0.154 7.6516e+08 1.5303e+07
0.155 7.0476e+08 1.4095e+07
0.156 6.9962e+08 1.3992e+07
0.157 6.8042e+08 1.3608e+07
0.158 6.8039e+08 1.3608e+07
0.159 6.6265e+08 1.3253e+07
0.16 6.6914e+08 1.3383e+07
0.161 6.2921e+08 1.2584e+07
0.162 6.1049e+08 1.221e+07
0.163 6.0737e+08 1.2147e+07
0.164 5.5889e+08 1.1178e+07
0.165 5.4092e+08 1.0818e+07
0.166 5.3712e+08 1.0742e+07
0.167 5.1715e+08 1.0343e+07
0.168 5.1421e+08 1.0284e+07
0.169 5.0829e+08 1.0166e+07
0.17 4.5841e+08 9.1682e+06
0.171 4.6253e+08 9.2505e+06
0.172 4.5303e+08 9.0605e+06
0.173 4.4931e+08 8.9862e+06
0.174 4.212e+08 8.4239e+06
0.175 4.0757e+08 8.1514e+06
0.176 4.1316e+08 8.2633e+06
0.177 3.8374e+08 7.6749e+06
0.178 3.652e+08 7.3039e+06
0.179 3.8286e+08 7.6571e+06
0.18 3.6226e+08 7.2453e+06
0.181 3.3228e+08 6.6457e+06
0.182 3.3911e+08 6.7823e+06
0.183 3.2322e+08 6.4643e+06
0.184 3.1196e+08 6.2392e+06
0.185 2.7233e+08 5.4466e+06
0.186 2.7e+08 5.4e+06
0.187 3.0019e+08 6.0038e+06
0.188 2.592e+08 5.184e+06
0.189 2.7232e+08 5.4465e+06
0.19 2.2828e+08 4.5656e+06
0.191 2.2509e+08 4.5018e+06
0.192 2.3105e+08 4.6209e+06
0.193 1.8684e+08 3.7368e+06
0.194 2.0399e+08 4.0798e+06
0.195 2.1119e+08 4.2238e+06
0.196 2.0576e+08 4.1151e+06
0.197 2.0277e+08 4.0554e+06
0.198 1.7639e+08 3.5278e+06
0.199 1.435e+08 2.87e+06
0.2 1.7527e+08 3.5053e+06
0.201 1.5e+08 3e+06
0.202 1.4433e+08 2.8867e+06
0.203 1.778e+08 3.5559e+06
0.204 1.611e+08 3.222e+06
0.205 1.5306e+08 3.0612e+06
0.206 1.2158e+08 2.4315e+06
0.207 1.1915e+08 2.3829e+06
0.208 1.1701e+08 2.3402e+06
0.209 9.2261e+07 1.8452e+06
0.21 1.0211e+08 2.0422e+06
0.211 1.0207e+08 2.0414e+06
0.212 1.0458e+08 2.0915e+06
0.213 1.014e+08 2.0279e+06
0.214 8.9333e+07 1.7867e+06
0.215 7.0886e+07 1.4177e+06
0.216 6.6143e+07 1.3229e+06
0.217 9.9495e+07 1.9899e+06
0.218 8.8662e+07 1.7732e+06
0.219 6.3895e+07 1.2779e+06
0.22 6.7317e+07 1.3463e+06
0.221 7.0315e+07 1.4063e+06
0.222 9.048e+07 1.8096e+06
0.223 8.9663e+07 1.7933e+06
0.224 5.6171e+07 1.1234e+06
0.225 6.5493e+07 1.3099e+06
0.226 8.345e+07 1.669e+06
0.227 5.0783e+07 1.0157e+06
0.228 2.7299e+07 5.4598e+05
0.229 2.3757e+07 4.7514e+05
0.23 5.6419e+07 1.1284e+06
0.231 5.5855e+07 1.1171e+06
0.232 5.1458e+07 1.0292e+06
0.233 4.8233e+07 9.6466e+05
0.234 3.3814e+07 6.7629e+05
0.235 4.9815e+07 9.9631e+05
0.236 3.8799e+07 7.7597e+05
0.237 4.8647e+07 9.7294e+05
0.238 2.8118e+07 5.6237e+05
0.239 3.1094e+07 6.2188e+05
0.24 2.5017e+07 5.0033e+05
0.241 2.6501e+07 5.3001e+05
0.242 5.2227e+07 1.0445e+06
0.243 5.4397e+07 1.0879e+06
0.244 6.3216e+07 1.2643e+06
0.245 3.2859e+07 6.5718e+05
0.246 3.7176e+07 7.4351e+05
0.247 3.9739e+07 7.9478e+05
0.248 5.5186e+07 1.1037e+06
0.249 4.4655e+07 8.931e+05
0.25 4.4235e+07 8.8471e+05
0.251 4.4679e+07 8.9358e+05
0.252 3.1902e+07 6.3805e+05
0.253 4.2428e+07 8.4856e+05
0.254 5.6414e+07 1.1283e+06
0.255 3.1606e+07 6.3213e+05
0.256 4.5627e+07 9.1254e+05
0.257 4.5823e+07 9.1647e+05
0.258 5.1364e+07 1.0273e+06
0.259 5.8786e+07 1.1757e+06
0.26 3.2471e+07 6.4942e+05
0.261 3.7295e+07 7.4591e+05
0.262 4.9856e+07 9.9713e+05
0.263 4.8076e+07 9.6152e+05
0.264 2.9469e+07 5.8939e+05
0.265 3.0529e+07 6.1058e+05
0.266 4.0173e+07 8.0347e+05
0.267 4.2139e+07 8.4278e+05
0.268 4.9008e+07 9.8016e+05
0.269 4.7119e+07 9.4239e+05
0.27 4.9682e+07 9.9363e+05
0.271 4.3127e+07 8.6255e+05
0.272 6.8893e+07 1.3779e+06
0.273 6.3162e+07 1.2632e+06
0.274 5.3015e+07 1.0603e+06
0.275 4.2426e+07 8.4851e+05
0.276 3.7166e+07 7.4332e+05
0.277 5.6916e+07 1.1383e+06
0.278 5.848e+07 1.1696e+06
0.279 5.1484e+07 1.0297e+06
0.28 3.7969e+07 7.5939e+05
0.281 6.191e+07 1.2382e+06
0.282 5.7529e+07 1.1506e+06
0.283 4.4951e+07 8.9903e+05
0.284 5.9836e+07 1.1967e+06
0.285 3.2833e+07 6.5666e+05
0.286 4.81e+07 9.62e+05
0.287 5.201e+07 1.0402e+06
0.288 5.7163e+07 1.1433e+06
0.289 6.1292e+07 1.2258e+06
0.29 5.8337e+07 1.1667e+06
0.291 5.0936e+07 1.0187e+06
0.292 5.4914e+07 1.0983e+06
0.293 5.6761e+07 1.1352e+06
0.294 5.3333e+07 1.0667e+06
0.295 4.5905e+07 9.181e+05
0.296 4.8581e+07 9.7161e+05
0.297 7.1524e+07 1.4305e+06
0.298 6.4981e+07 1.2996e+06
0.299 5.029e+07 1.0058e+06
0.3 8.9001e+07 1.78e+06
0.301 7.1242e+07 1.4248e+06
0.302 5.138e+07 1.0276e+06
0.303 7.2768e+07 1.4554e+06
0.304 7.3841e+07 1.4768e+06
0.305 6.292e+07 1.2584e+06
0.306 6.8359e+07 1.3672e+06
0.307 6.0253e+07 1.2051e+06
0.308 5.8082e+07 1.1616e+06
0.309 6.8787e+07 1.3757e+06
0.31 6.3762e+07 1.2752e+06
0.311 6.3579e+07 1.2716e+06
0.312 7.2132e+07 1.4426e+06
0.313 6.3401e+07 1.268e+06
0.314 8.23e+07 1.646e+06
0.315 6.1261e+07 1.2252e+06
0.316 5.0511e+07 1.0102e+06
0.317 6.0838e+07 1.2168e+06
0.318 5.9922e+07 1.1984e+06
0.319 4.9291e+07 9.8583e+05
0.32 4.7854e+07 9.5708e+05
0.321 6.249e+07 1.2498e+06
0.322 6.0979e+07 1.2196e+06
0.323 5.3084e+07 1.0617e+06
0.324 5.0926e+07 1.0185e+06
0.325 7.381e+07 1.4762e+06
0.326 4.696e+07 9.392e+05
0.327 5.3715e+07 1.0743e+06
0.328 5.2947e+07 1.0589e+06
0.329 6.6102e+07 1.322e+06
0.33 8.5257e+07 1.7051e+06
0.331 7.1272e+07 1.4254e+06
0.332 4.8062e+07 9.6124e+05
0.333 5.6972e+07 1.1394e+06
0.334 5.2255e+07 1.0451e+06
0.335 4.7449e+07 9.4898e+05
0.336 6.7341e+07 1.3468e+06
0.337 4.6186e+07 9.2372e+05
0.338 6.2767e+07 1.2553e+06
0.339 6.0944e+07 1.2189e+06
0.34 5.919e+07 1.1838e+06
0.341 7.1199e+07 1.424e+06
0.342 6.8187e+07 1.3637e+06
0.343 6.5655e+07 1.3131e+06
0.344 5.3586e+07 1.0717e+06
0.345 7.0942e+07 1.4188e+06
0.346 6.5828e+07 1.3166e+06
0.347 5.6613e+07 1.1323e+06
0.348 5.0728e+07 1.0146e+06
0.349 4.2908e+07 8.5816e+05
0.35 5.6349e+07 1.127e+06
0.351 6.7177e+07 1.3435e+06
0.352 6.3644e+07 1.2729e+06
0.353 6.283e+07 1.2566e+06
0.354 7.9526e+07 1.5905e+06
0.355 5.286e+07 1.0572e+06
0.356 7.0563e+07 1.4113e+06
0.357 6.6588e+07 1.3318e+06
0.358 5.5597e+07 1.1119e+06
0.359 6.3938e+07 1.2788e+06
0.36 4.6363e+07 9.2727e+05
0.361 4.1818e+07 8.3636e+05
0.362 6.4647e+07 1.2929e+06
0.363 5.1673e+07 1.0335e+06
0.364 4.9594e+07 9.9187e+05
0.365 5.2204e+07 1.0441e+06
0.366 5.4513e+07 1.0903e+06
0.367 5.3842e+07 1.0768e+06
0.368 4.7097e+07 9.4194e+05
0.369 5.4902e+07 1.098e+06
0.37 6.1892e+07 1.2378e+06
0.371 6.3986e+07 1.2797e+06
0.372 6.0324e+07 1.2065e+06
0.373 3.5816e+07 7.1631e+05
0.374 5.6101e+07 1.122e+06
0.375 4.3784e+07 8.7568e+05
0.376 4.2218e+07 8.4436e+05
0.377 5.3839e+07 1.0768e+06
0.378 3.4517e+07 6.9034e+05
0.379 6.4739e+07 1.2948e+06
0.38 4.868e+07 9.736e+05
0.381 4.6495e+07 9.299e+05
0.382 3.5287e+07 7.0575e+05
0.383 4.8227e+07 9.6454e+05
0.384 3.3215e+07 6.643e+05
0.385 5.9205e+07 1.1841e+06
0.386 5.4904e+07 1.0981e+06
0.387 5.0721e+07 1.0144e+06
0.388 5.5987e+07 1.1197e+06
0.389 6.2049e+07 1.241e+06
0.39 4.7407e+07 9.4814e+05
0.391 4.0644e+07 8.1289e+05
0.392 5.6265e+07 1.1253e+06
0.393 4.8946e+07 9.7892e+05
0.394 4.9066e+07 9.8131e+05
0.395 4.669e+07 9.338e+05
0.396 3.0519e+07 6.1039e+05
0.397 4.3084e+07 8.6169e+05
0.398 5.2418e+07 1.0484e+06
0.399 3.7757e+07 7.5513e+05
0.4 6.1195e+07 1.2239e+06
0.401 3.4592e+07 6.9183e+05
0.402 5.4884e+07 1.0977e+06
0.403 4.0793e+07 8.1587e+05
0.404 2.8876e+07 5.7752e+05
0.405 4.0925e+07 8.1851e+05
0.406 2.7232e+07 5.4464e+05
0.407 3.434e+07 6.868e+05
0.408 2.9779e+07 5.9559e+05
0.409 4.5351e+07 9.0702e+05
0.41 4.3525e+07 8.705e+05
0.411 5.0957e+07 1.0191e+06
0.412 4.5e+07 9e+05
0.413 4.7156e+07 9.4312e+05
0.414 1.806e+07 3.612e+05
0.415 5.0908e+07 1.0182e+06
0.416 3.6523e+07 7.3045e+05
0.417 4.9617e+07 9.9234e+05
0.418 4.3214e+07 8.6428e+05
0.419 2.8346e+07 5.6692e+05
0.42 4.091e+07 8.182e+05
0.421 5.8846e+07 1.1769e+06
0.422 3.5039e+07 7.0077e+05
0.423 3.4179e+07 6.8358e+05
0.424 3.6961e+07 7.3922e+05
0.425 2.9912e+07 5.9825e+05
0.426 4.8806e+07 9.7612e+05
0.427 6.4977e+07 1.2995e+06
0.428 3.2879e+07 6.5758e+05
0.429 3.8864e+07 7.7728e+05
0.43 3.3607e+07 6.7214e+05
0.431 1.9012e+07 3.8023e+05
0.432 3.8907e+07 7.7814e+05
0.433 5.9257e+07 1.1851e+06
0.434 3.3761e+07 6.7522e+05
0.435 5.1514e+07 1.0303e+06
0.436 3.0536e+07 6.1072e+05
0.437 8.2979e+06 1.6596e+05
0.438 2.2891e+07 4.5783e+05
0.439 4.6602e+07 9.3205e+05
0.44 4.3773e+07 8.7546e+05
0.441 4.0614e+07 8.1229e+05
0.442 5.816e+07 1.1632e+06
0.443 4.3888e+07 8.7777e+05
0.444 3.7964e+07 7.5929e+05
0.445 3.3344e+07 6.6688e+05
0.446 4.6809e+07 9.3619e+05
0.447 2.8068e+07 5.6136e+05
0.448 1.6877e+07 3.3754e+05
0.449 4.5794e+07 9.1589e+05
0.45 4.9806e+07 9.9612e+05
0.451 3.1237e+07 6.2474e+05
0.452 2.1614e+07 4.3227e+05
0.453 3.7496e+07 7.4992e+05
0.454 3.4389e+07 6.8778e+05
0.455 3.486e+07 6.9721e+05
0.456 4.9064e+07 9.8128e+05
0.457 2.3959e+07 4.7917e+05
0.458 2.5152e+07 5.0304e+05
0.459 2.2074e+07 4.4148e+05
0.46 3.1751e+07 6.3502e+05
0.461 4.395e+07 8.79e+05
0.462 3.7793e+07 7.5586e+05
0.463 3.82e+07 7.64e+05
0.464 3.4381e+07 6.8762e+05
0.465 3.4801e+07 6.9603e+05
0.466 4.1979e+07 8.3959e+05
0.467 3.6891e+07 7.3782e+05
0.468 3.5386e+07 7.0772e+05
0.469 3.1778e+07 6.3556e+05
0.47 1.7105e+07 3.4211e+05
0.471 2.5813e+07 5.1627e+05
0.472 3.5911e+07 7.1823e+05
0.473 2.3706e+07 4.7413e+05
0.474 3.526e+07 7.0521e+05
0.475 4.4632e+07 8.9264e+05
0.476 3.3976e+07 6.7951e+05
0.477 4.607e+07 9.214e+05
0.478 2.8507e+07 5.7013e+05
0.479 2.2409e+07 4.4819e+05
0.48 5.2926e+07 1.0585e+06
0.481 3.6589e+07 7.3177e+05
0.482 5.1494e+07 1.0299e+06
0.483 5.9883e+07 1.1977e+06
0.484 3.2855e+07 6.5711e+05
0.485 2.534e+07 5.068e+05
0.486 4.1244e+07 8.2488e+05
0.487 3.7614e+07 7.5228e+05
0.488 3.0264e+07 6.0528e+05
0.489 4.6036e+07 9.2072e+05
0.49 2.6455e+07 5.291e+05
0.491 3.5588e+07 7.1176e+05
0.492 1.7051e+07 3.4101e+05
0.493 3.1689e+07 6.3379e+05
0.494 2.8108e+07 5.6216e+05
0.495 3.8387e+07 7.6775e+05
0.496 2.4199e+07 4.8398e+05
0.497 4.7839e+07 9.5678e+05
0.498 4.5158e+07 9.0316e+05
0.499 3.9032e+07 7.8063e+05
0.5 2.6675e+07 5.3349e+05
