0.001 8.1558e+09 1.6312e+08
0.002 7.9441e+09 1.5888e+08
0.003 7.9637e+09 1.5927e+08
0.004 8.0185e+09 1.6037e+08
0.005 8.1962e+09 1.6392e+08
0.006 8.2511e+09 1.6502e+08
0.007 8.148e+09 1.6296e+08
0.008 7.8087e+09 1.5617e+08
0.009 7.9339e+09 1.5868e+08
0.01 7.9993e+09 1.5999e+08
0.011 7.6799e+09 1.536e+08
0.012 7.7546e+09 1.5509e+08
0.013 7.6677e+09 1.5335e+08
0.014 7.7029e+09 1.5406e+08
0.015 7.6837e+09 1.5367e+08
0.016 7.731e+09 1.5462e+08
0.017 7.7912e+09 1.5582e+08
0.018 7.5166e+09 1.5033e+08
0.019 7.6039e+09 1.5208e+08
0.02 7.3798e+09 1.476e+08
0.021 7.4223e+09 1.4845e+08
0.022 7.2088e+09 1.4418e+08
0.023 7.303e+09 1.4606e+08
0.024 7.1874e+09 1.4375e+08
0.025 7.1652e+09 1.433e+08
0.026 7.2558e+09 1.4512e+08
0.027 7.0706e+09 1.4141e+08
0.028 7.0412e+09 1.4082e+08
0.029 6.8848e+09 1.377e+08
0.03 6.7808e+09 1.3562e+08
0.031 6.6259e+09 1.3252e+08
0.032 6.7162e+09 1.3432e+08
0.033 6.6322e+09 1.3264e+08
0.034 6.5171e+09 1.3034e+08
0.035 6.4869e+09 1.2974e+08
0.036 6.4686e+09 1.2937e+08
0.037 6.2001e+09 1.24e+08
0.038 6.2891e+09 1.2578e+08
0.039 6.1348e+09 1.227e+08
0.04 6.036e+09 1.2072e+08
0.041 5.954e+09 1.1908e+08
0.042 5.8487e+09 1.1697e+08
0.043 5.8479e+09 1.1696e+08
0.044 5.647e+09 1.1294e+08
0.045 5.5643e+09 1.1129e+08
0.046 5.5266e+09 1.1053e+08
0.047 5.3436e+09 1.0687e+08
0.048 5.3579e+09 1.0716e+08
0.049 5.2362e+09 1.0472e+08
0.05 5.1742e+09 1.0348e+08
0.051 5.1287e+09 1.0257e+08
0.052 5.0791e+09 1.0158e+08
0.053 4.868e+09 9.7359e+07
0.054 4.9118e+09 9.8236e+07
0.055 4.7735e+09 9.547e+07
0.056 4.7262e+09 9.4524e+07
0.057 4.6348e+09 9.2697e+07
0.058 4.4487e+09 8.8973e+07
0.059 4.3805e+09 8.761e+07
0.06 4.3217e+09 8.6435e+07
0.061 4.3115e+09 8.6231e+07
0.062 4.1611e+09 8.3222e+07
0.063 4.1026e+09 8.2053e+07
0.064 4.0171e+09 8.0343e+07
0.065 3.9232e+09 7.8463e+07
0.066 3.8271e+09 7.6543e+07
0.067 3.7974e+09 7.5948e+07
0.068 3.6666e+09 7.3332e+07
0.069 3.5955e+09 7.1909e+07
0.07 3.5234e+09 7.0467e+07
0.071 3.4286e+09 6.8571e+07
0.072 3.461e+09 6.9221e+07
0.073 3.3168e+09 6.6337e+07
0.074 3.2884e+09 6.5768e+07
0.075 3.138e+09 6.2759e+07
0.076 3.1707e+09 6.3414e+07
0.077 3.0127e+09 6.0255e+07
0.078 2.9816e+09 5.9633e+07
0.079 2.9635e+09 5.9271e+07
0.08 2.8666e+09 5.7333e+07
0.081 2.8525e+09 5.7049e+07
0.082 2.7274e+09 5.4548e+07
0.083 2.7249e+09 5.4497e+07
0.084 2.6869e+09 5.3739e+07
0.085 2.5567e+09 5.1134e+07
0.086 2.5048e+09 5.0096e+07
0.087 2.518e+09 5.0361e+07
0.088 2.4513e+09 4.9026e+07
0.089 2.3829e+09 4.7658e+07
0.09 2.3074e+09 4.6148e+07
0.091 2.2685e+09 4.537e+07
0.092 2.2398e+09 4.4796e+07
0.093 2.1883e+09 4.3767e+07
0.094 2.1238e+09 4.2476e+07
0.095 2.0946e+09 4.1893e+07
0.096 2.0512e+09 4.1024e+07
0.097 2.0426e+09 4.0852e+07
0.098 1.9322e+09 3.8645e+07
0.099 1.9648e+09 3.9297e+07
0.1 1.8985e+09 3.7969e+07
0.101 1.8476e+09 3.6952e+07
0.102 1.8107e+09 3.6215e+07
0.103 1.7767e+09 3.5534e+07
0.104 1.6858e+09 3.3715e+07
0.105 1.6978e+09 3.3957e+07
0.106 1.6416e+09 3.2833e+07
0.107 1.5987e+09 3.1973e+07
0.108 1.5679e+09 3.1357e+07
0.109 1.5969e+09 3.1938e+07
0.11 1.5441e+09 3.0882e+07
0.111 1.5102e+09 3.0203e+07
0.112 1.5245e+09 3.049e+07
0.113 1.4632e+09 2.9265e+07
0.114 1.4237e+09 2.8474e+07
0.115 1.4045e+09 2.8091e+07
0.116 1.3982e+09 2.7963e+07
0.117 1.3396e+09 2.6791e+07
0.118 1.2843e+09 2.5685e+07
0.119 1.2769e+09 2.5538e+07
0.12 1.255e+09 2.51e+07
0.121 1.2044e+09 2.4089e+07
0.122 1.2048e+09 2.4097e+07
0.123 1.245e+09 2.49e+07
0.124 1.1898e+09 2.3796e+07
0.125 1.1215e+09 2.243e+07
0.126 1.1082e+09 2.2165e+07
0.127 1.0915e+09 2.183e+07
0.128 1.0688e+09 2.1376e+07
0.129 1.0464e+09 2.0929e+07
0.13 1.0427e+09 2.0854e+07
0.131 1.0211e+09 2.0422e+07
0.132 9.6888e+08 1.9378e+07
0.133 9.6283e+08 1.9257e+07
0.134 9.5101e+08 1.902e+07
0.135 9.4552e+08 1.891e+07
0.136 8.7953e+08 1.7591e+07
0.137 8.808e+08 1.7616e+07
0.138 8.8213e+08 1.7643e+07
0.139 8.2035e+08 1.6407e+07
0.14 8.0763e+08 1.6153e+07
0.141 8.5613e+08 1.7123e+07
0.142 7.9473e+08 1.5895e+07
0.143 7.8337e+08 1.5667e+07
0.144 7.6523e+08 1.5305e+07
0.145 7.4336e+08 1.4867e+07
0.146 7.3316e+08 1.4663e+07
0.147 6.8824e+08 1.3765e+07
0.148 6.8823e+08 1.3765e+07
0.149 6.9695e+08 1.3939e+07
0.15 6.6883e+08 1.3377e+07
0.151 6.497e+08 1.2994e+07
0.152 6.1835e+08 1.2367e+07
0.153 6.3499e+08 1.27e+07
0.154 5.9706e+08 1.1941e+07
0.155 5.8366e+08 1.1673e+07
0.156 5.6121e+08 1.1224e+07
0.157 5.5377e+08 1.1075e+07
0.158 5.2744e+08 1.0549e+07
0.159 4.9843e+08 9.9686e+06
0.16 5.0574e+08 1.0115e+07
0.161 4.7467e+08 9.4934e+06
0.162 4.7692e+08 9.5385e+06
0.163 4.6992e+08 9.3984e+06
0.164 4.3369e+08 8.6737e+06
0.165 4.5592e+08 9.1184e+06
0.166 4.1772e+08 8.3544e+06
0.167 4.4186e+08 8.8373e+06
0.168 4.0059e+08 8.0119e+06
0.169 3.7695e+08 7.539e+06
0.17 4.0385e+08 8.077e+06
0.171 3.6513e+08 7.3027e+06
0.172 3.5303e+08 7.0605e+06
0.173 3.3235e+08 6.647e+06
0.174 3.4172e+08 6.8343e+06
0.175 3.3576e+08 6.7152e+06
0.176 3.29e+08 6.5801e+06
0.177 3.0328e+08 6.0656e+06
0.178 3.0539e+08 6.1078e+06
0.179 2.6954e+08 5.3907e+06
0.18 2.8001e+08 5.6001e+06
0.181 2.6993e+08 5.3986e+06
0.182 2.6061e+08 5.2122e+06
0.183 2.6448e+08 5.2896e+06
0.184 2.6005e+08 5.201e+06
0.185 2.4831e+08 4.9661e+06
0.186 2.2877e+08 4.5754e+06
0.187 2.2275e+08 4.4551e+06
0.188 2.0494e+08 4.0989e+06
0.189 1.8393e+08 3.6787e+06
0.19 1.8482e+08 3.6963e+06
0.191 2.0108e+08 4.0215e+06
0.192 1.7652e+08 3.5304e+06
0.193 1.6164e+08 3.2328e+06
0.194 1.7598e+08 3.5196e+06
0.195 1.7304e+08 3.4608e+06
0.196 1.2761e+08 2.5521e+06
0.197 1.6349e+08 3.2698e+06
0.198 1.4014e+08 2.8028e+06
0.199 1.4004e+08 2.8008e+06
0.2 1.3546e+08 2.7092e+06
0.201 1.4088e+08 2.8176e+06
0.202 1.2912e+08 2.5824e+06
0.203 1.2176e+08 2.4352e+06
0.204 1.1096e+08 2.2192e+06
0.205 1.1143e+08 2.2287e+06
0.206 9.1707e+07 1.8341e+06
0.207 1.0727e+08 2.1453e+06
0.208 1.2246e+08 2.4492e+06
0.209 8.1839e+07 1.6368e+06
0.21 9.2816e+07 1.8563e+06
0.211 7.9429e+07 1.5886e+06
0.212 9.436e+07 1.8872e+06
0.213 8.4151e+07 1.683e+06
0.214 8.5951e+07 1.719e+06
0.215 8.9313e+07 1.7863e+06
0.216 6.223e+07 1.2446e+06
0.217 6.4971e+07 1.2994e+06
0.218 6.2096e+07 1.2419e+06
0.219 6.2446e+07 1.2489e+06
0.22 7.7458e+07 1.5492e+06
0.221 6.3717e+07 1.2743e+06
0.222 5.9397e+07 1.1879e+06
0.223 7.1011e+07 1.4202e+06
0.224 3.5878e+07 7.1757e+05
0.225 6.1392e+07 1.2278e+06
0.226 5.8597e+07 1.1719e+06
0.227 4.1237e+07 8.2473e+05
0.228 4.7686e+07 9.5373e+05
0.229 5.8745e+07 1.1749e+06
0.23 4.3901e+07 8.7802e+05
0.231 3.5435e+07 7.0871e+05
0.232 2.9085e+07 5.817e+05
0.233 5.9899e+07 1.198e+06
0.234 3.4222e+07 6.8444e+05
0.235 3.8062e+07 7.6124e+05
0.236 3.1868e+07 6.3736e+05
0.237 3.6682e+07 7.3364e+05
0.238 5.191e+07 1.0382e+06
0.239 5.868e+07 1.1736e+06
0.24 5.1327e+07 1.0265e+06
0.241 4.8469e+07 9.6938e+05
0.242 7.5143e+07 1.5029e+06
0.243 4.0663e+07 8.1327e+05
0.244 3.5096e+07 7.0193e+05
0.245 2.9471e+07 5.8943e+05
0.246 5.6887e+07 1.1377e+06
0.247 4.7023e+07 9.4046e+05
0.248 2.9241e+07 5.8482e+05
0.249 2.0206e+07 4.0412e+05
0.25 3.0719e+07 6.1438e+05
0.251 2.1037e+07 4.2073e+05
0.252 2.2475e+07 4.495e+05
0.253 4.654e+07 9.308e+05
0.254 2.1096e+07 4.2191e+05
0.255 4.0802e+07 8.1603e+05
0.256 2.1885e+07 4.377e+05
0.257 3.404e+07 6.8079e+05
0.258 3.2267e+07 6.4534e+05
0.259 2.6897e+07 5.3793e+05
0.26 3.7327e+07 7.4653e+05
0.261 1.8251e+07 3.6502e+05
0.262 4.2135e+07 8.4271e+05
0.263 3.498e+07 6.996e+05
0.264 5.7928e+07 1.1586e+06
0.265 3.8055e+07 7.611e+05
0.266 4.4044e+07 8.8088e+05
0.267 4.0711e+07 8.1422e+05
0.268 4.0905e+07 8.1809e+05
0.269 3.2269e+07 6.4538e+05
0.27 3.9301e+07 7.8602e+05
0.271 1.7273e+07 3.4546e+05
0.272 4.9802e+07 9.9604e+05
0.273 5.7257e+07 1.1451e+06
0.274 3.4376e+07 6.8752e+05
0.275 5.2972e+07 1.0594e+06
0.276 4.4216e+07 8.8433e+05
0.277 3.7584e+07 7.5168e+05
0.278 4.3076e+07 8.6152e+05
0.279 4.6445e+07 9.289e+05
0.28 2.7496e+07 5.4991e+05
0.281 5.0981e+07 1.0196e+06
0.282 2.4847e+07 4.9694e+05
0.283 4.8529e+07 9.7057e+05
0.284 3.7592e+07 7.5185e+05
0.285 5.813e+07 1.1626e+06
0.286 4.6438e+07 9.2876e+05
0.287 5.5337e+07 1.1067e+06
0.288 6.4052e+07 1.281e+06
0.289 4.7186e+07 9.4373e+05
0.29 3.0921e+07 6.1843e+05
0.291 6.29e+07 1.258e+06
0.292 5.8347e+07 1.1669e+06
0.293 5.541e+07 1.1082e+06
0.294 5.0047e+07 1.0009e+06
0.295 3.3366e+07 6.6732e+05
0.296 5.4683e+07 1.0937e+06
0.297 4.4214e+07 8.8427e+05
0.298 4.4368e+07 8.8737e+05
0.299 4.7241e+07 9.4482e+05
0.3 3.7626e+07 7.5251e+05
0.301 2.8642e+07 5.7285e+05
0.302 4.229e+07 8.4579e+05
0.303 4.4395e+07 8.879e+05
0.304 4.8417e+07 9.6833e+05
0.305 4.4412e+07 8.8824e+05
0.306 5.1492e+07 1.0298e+06
0.307 5.8204e+07 1.1641e+06
0.308 4.425e+07 8.85e+05
0.309 3.5424e+07 7.0848e+05
0.31 4.5898e+07 9.1797e+05
0.311 6.0234e+07 1.2047e+06
0.312 4.729e+07 9.4579e+05
0.313 6.048e+07 1.2096e+06
0.314 3.4358e+07 6.8716e+05
0.315 4.8472e+07 9.6944e+05
0.316 5.3627e+07 1.0725e+06
0.317 3.7505e+07 7.501e+05
0.318 4.7175e+07 9.435e+05
0.319 4.4616e+07 8.9232e+05
0.32 6.1966e+07 1.2393e+06
0.321 4.8956e+07 9.7912e+05
0.322 4.1032e+07 8.2064e+05
0.323 3.7677e+07 7.5353e+05
0.324 5.2912e+07 1.0582e+06
0.325 4.4189e+07 8.8378e+05
0.326 6.2122e+07 1.2424e+06
0.327 4.4725e+07 8.9451e+05
0.328 4.1511e+07 8.3022e+05
0.329 4.2158e+07 8.4315e+05
0.33 6.0925e+07 1.2185e+06
0.331 5.7439e+07 1.1488e+06
0.332 5.6687e+07 1.1337e+06
0.333 5.0209e+07 1.0042e+06
0.334 5.3934e+07 1.0787e+06
0.335 5.5399e+07 1.108e+06
0.336 5.2813e+07 1.0563e+06
0.337 5.2087e+07 1.0417e+06
0.338 5.0057e+07 1.0011e+06
0.339 5.719e+07 1.1438e+06
0.34 2.6867e+07 5.3735e+05
0.341 5.4216e+07 1.0843e+06
0.342 5.3011e+07 1.0602e+06
0.343 5.9699e+07 1.194e+06
0.344 5.7498e+07 1.15e+06
0.345 4.4715e+07 8.943e+05
0.346 5.0432e+07 1.0086e+06
0.347 5.5752e+07 1.115e+06
0.348 3.8665e+07 7.7331e+05
0.349 6.032e+07 1.2064e+06
0.35 5.1328e+07 1.0266e+06
0.351 4.8725e+07 9.7449e+05
0.352 3.5086e+07 7.0172e+05
0.353 4.1384e+07 8.2767e+05
0.354 4.461e+07 8.9221e+05
0.355 5.0217e+07 1.0043e+06
0.356 4.4965e+07 8.993e+05
0.357 4.3377e+07 8.6754e+05
0.358 3.2595e+07 6.519e+05
0.359 5.792e+07 1.1584e+06
0.36 4.3212e+07 8.6424e+05
0.361 4.0435e+07 8.0871e+05
0.362 5.1196e+07 1.0239e+06
0.363 4.0889e+07 8.1779e+05
0.364 3.844e+07 7.688e+05
0.365 5.5107e+07 1.1021e+06
0.366 3.8108e+07 7.6217e+05
0.367 4.1141e+07 8.2282e+05
0.368 4.5904e+07 9.1807e+05
0.369 3.3288e+07 6.6575e+05
0.37 4.098e+07 8.1959e+05
0.371 4.1842e+07 8.3684e+05
0.372 4.1033e+07 8.2066e+05
0.373 5.0515e+07 1.0103e+06
0.374 4.3157e+07 8.6314e+05
0.375 4.8198e+07 9.6397e+05
0.376 2.8734e+07 5.7469e+05
0.377 4.252e+07 8.5041e+05
0.378 3.883e+07 7.7659e+05
0.379 4.8278e+07 9.6557e+05
0.38 5.2317e+07 1.0463e+06
0.381 4.7975e+07 9.5951e+05
0.382 2.5699e+07 5.1398e+05
0.383 4.4714e+07 8.9428e+05
0.384 4.595e+07 9.19e+05
0.385 4.9354e+07 9.8709e+05
0.386 3.3717e+07 6.7433e+05
0.387 2.6954e+07 5.3908e+05
0.388 4.3745e+07 8.749e+05
0.389 2.612e+07 5.224e+05
0.39 4.2849e+07 8.5699e+05
0.391 4.1892e+07 8.3785e+05
0.392 3.3417e+07 6.6833e+05
0.393 2.7704e+07 5.5408e+05
0.394 4.2365e+07 8.473e+05
0.395 2.842e+07 5.684e+05
0.396 4.58e+07 9.1601e+05
0.397 4.4045e+07 8.8089e+05
0.398 3.9651e+07 7.9303e+05
0.399 2.9316e+07 5.8631e+05
0.4 3.4273e+07 6.8546e+05
0.401 3.4884e+07 6.9767e+05
0.402 3.5568e+07 7.1136e+05
0.403 3.2965e+07 6.593e+05
0.404 4.3195e+07 8.639e+05
0.405 4.3944e+07 8.7888e+05
0.406 4.1187e+07 8.2373e+05
0.407 5.711e+07 1.1422e+06
0.408 2.0188e+07 4.0375e+05
0.409 3.4513e+07 6.9027e+05
0.41 2.5064e+07 5.0128e+05
0.411 2.4514e+07 4.9028e+05
0.412 2.3879e+07 4.7758e+05
0.413 4.0839e+07 8.1677e+05
0.414 2.0927e+07 4.1853e+05
0.415 2.9781e+07 5.9563e+05
0.416 2.6946e+07 5.3893e+05
0.417 3.2428e+07 6.4856e+05
0.418 3.0791e+07 6.1582e+05
0.419 3.3677e+07 6.7354e+05
0.42 2.5964e+07 5.1928e+05
0.421 2.6857e+07 5.3714e+05
0.422 3.168e+07 6.336e+05
0.423 4.1757e+07 8.3515e+05
0.424 3.8782e+07 7.7564e+05
0.425 3.3624e+07 6.7248e+05
0.426 2.5365e+07 5.073e+05
0.427 3.429e+07 6.8581e+05
0.428 3.1473e+07 6.2946e+05
0.429 3.8025e+07 7.605e+05
0.43 3.3209e+07 6.6418e+05
0.431 3.9698e+07 7.9396e+05
0.432 4.228e+07 8.456e+05
0.433 3.4756e+07 6.9511e+05
0.434 2.5764e+07 5.1528e+05
0.435 2.7585e+07 5.5171e+05
0.436 3.453e+07 6.9061e+05
0.437 4.8423e+07 9.6845e+05
0.438 3.2942e+07 6.5885e+05
0.439 2.2068e+07 4.4135e+05
0.44 3.7722e+07 7.5445e+05
0.441 3.7863e+07 7.5727e+05
0.442 3.5529e+07 7.1058e+05
0.443 2.0953e+07 4.1906e+05
0.444 3.0559e+07 6.1117e+05
0.445 3.3521e+07 6.7042e+05
0.446 1.6398e+07 3.2796e+05
0.447 2.2838e+07 4.5675e+05
0.448 2.615e+07 5.2299e+05
0.449 3.3504e+07 6.7008e+05
0.45 1.981e+07 3.9621e+05
0.451 2.7415e+07 5.483e+05
0.452 2.926e+07 5.852e+05
0.453 3.0927e+07 6.1853e+05
0.454 2.4564e+07 4.9129e+05
0.455 2.0554e+07 4.1108e+05
0.456 2.6013e+07 5.2026e+05
0.457 3.0159e+07 6.0319e+05
0.458 3.1342e+07 6.2683e+05
0.459 2.1673e+07 4.3346e+05
0.46 3.1442e+07 6.2885e+05
0.461 2.4875e+07 4.9751e+05
0.462 2.0087e+07 4.0174e+05
0.463 2.2325e+07 4.4649e+05
0.464 3.1047e+07 6.2094e+05
0.465 2.8065e+07 5.6129e+05
0.466 2.2112e+07 4.4223e+05
0.467 2.5938e+07 5.1876e+05
0.468 2.1736e+07 4.3472e+05
0.469 3.2559e+07 6.5119e+05
0.47 2.4654e+07 4.9308e+05
0.471 2.0522e+07 4.1044e+05
0.472 2.9028e+07 5.8056e+05
0.473 1.2851e+07 2.5703e+05
0.474 1.5105e+07 3.0211e+05
0.475 1.3639e+07 2.7279e+05
0.476 3.9444e+07 7.8887e+05
0.477 1.6223e+07 3.2445e+05
0.478 2.7653e+07 5.5306e+05
0.479 1.3574e+07 2.7149e+05
0.48 1.8806e+07 3.7613e+05
0.481 1.9189e+07 3.8377e+05
0.482 3.3996e+07 6.7992e+05
0.483 2.0531e+07 4.1062e+05
0.484 3.5679e+07 7.1359e+05
0.485 3.2525e+07 6.5049e+05
0.486 2.6731e+07 5.3461e+05
0.487 2.3696e+07 4.7391e+05
0.488 2.7969e+07 5.5937e+05
0.489 1.3815e+07 2.7629e+05
0.49 4.0555e+07 8.1111e+05
0.491 2.3179e+07 4.6359e+05
0.492 2.2075e+07 4.4149e+05
0.493 2.5126e+07 5.0251e+05
0.494 2.367e+07 4.734e+05
0.495 3.5645e+07 7.1289e+05
0.496 2.5865e+07 5.1729e+05
0.497 2.1573e+07 4.3146e+05
0.498 2.0401e+07 4.0802e+05
0.499 3.5539e+07 7.1079e+05
0.5 3.3892e+07 6.7785e+05
