0.001 8.6596e+09 1.7319e+08
0.002 8.6458e+09 1.7292e+08
0.003 8.648e+09 1.7296e+08
0.004 8.2819e+09 1.6564e+08
0.005 8.3183e+09 1.6637e+08
0.006 8.2523e+09 1.6505e+08
0.007 8.2737e+09 1.6547e+08
0.008 8.3368e+09 1.6674e+08
0.009 8.3464e+09 1.6693e+08
0.01 8.1862e+09 1.6372e+08
0.011 8.5517e+09 1.7103e+08
0.012 8.3179e+09 1.6636e+08
0.013 8.3252e+09 1.665e+08
0.014 8.1033e+09 1.6207e+08
0.015 8.1638e+09 1.6328e+08
0.016 8.1875e+09 1.6375e+08
0.017 8.0437e+09 1.6087e+08
0.018 7.8812e+09 1.5762e+08
0.019 7.8477e+09 1.5695e+08
0.02 7.8445e+09 1.5689e+08
0.021 7.8027e+09 1.5605e+08
0.022 7.7013e+09 1.5403e+08
0.023 7.6005e+09 1.5201e+08
0.024 7.6801e+09 1.536e+08
0.025 7.6695e+09 1.5339e+08
0.026 7.4655e+09 1.4931e+08
0.027 7.2854e+09 1.4571e+08
0.028 7.4122e+09 1.4824e+08
0.029 7.3142e+09 1.4628e+08
0.03 7.2585e+09 1.4517e+08
0.031 7.0396e+09 1.4079e+08
0.032 6.9743e+09 1.3949e+08
0.033 7.1003e+09 1.4201e+08
0.034 6.9532e+09 1.3906e+08
0.035 6.9886e+09 1.3977e+08
0.036 6.7304e+09 1.3461e+08
0.037 6.6461e+09 1.3292e+08
0.038 6.6207e+09 1.3241e+08
0.039 6.4413e+09 1.2883e+08
0.04 6.4884e+09 1.2977e+08
0.041 6.3355e+09 1.2671e+08
0.042 6.1932e+09 1.2386e+08
0.043 6.0891e+09 1.2178e+08
0.044 5.9662e+09 1.1932e+08
0.045 5.9883e+09 1.1977e+08
0.046 5.8073e+09 1.1615e+08
0.047 5.7667e+09 1.1533e+08
0.048 5.7539e+09 1.1508e+08
0.049 5.5766e+09 1.1153e+08
0.05 5.5312e+09 1.1062e+08
0.051 5.3997e+09 1.0799e+08
0.052 5.358e+09 1.0716e+08
0.053 5.2732e+09 1.0546e+08
0.054 5.1373e+09 1.0275e+08
0.055 5.0585e+09 1.0117e+08
0.056 4.9538e+09 9.9075e+07
0.057 4.9027e+09 9.8054e+07
0.058 4.8574e+09 9.7148e+07
0.059 4.7304e+09 9.4609e+07
0.06 4.6784e+09 9.3567e+07
0.061 4.5795e+09 9.1591e+07
0.062 4.4259e+09 8.8518e+07
0.063 4.4344e+09 8.8689e+07
0.064 4.2371e+09 8.4742e+07
0.065 4.1453e+09 8.2907e+07
0.066 4.0719e+09 8.1438e+07
0.067 4.0467e+09 8.0934e+07
0.068 3.9452e+09 7.8905e+07
0.069 3.8625e+09 7.7249e+07
0.07 3.7924e+09 7.5849e+07
0.071 3.7013e+09 7.4027e+07
0.072 3.6085e+09 7.2169e+07
0.073 3.5369e+09 7.0738e+07
0.074 3.5137e+09 7.0273e+07
0.075 3.41e+09 6.82e+07
0.076 3.3208e+09 6.6416e+07
0.077 3.2717e+09 6.5434e+07
0.078 3.2589e+09 6.5178e+07
0.079 3.1957e+09 6.3914e+07
0.08 3.0825e+09 6.1649e+07
0.081 3.0366e+09 6.0732e+07
0.082 3.0085e+09 6.017e+07
0.083 2.9672e+09 5.9344e+07
0.084 2.8659e+09 5.7318e+07
0.085 2.7827e+09 5.5653e+07
0.086 2.7671e+09 5.5343e+07
0.087 2.6918e+09 5.3836e+07
0.088 2.627e+09 5.254e+07
0.089 2.5448e+09 5.0897e+07
0.09 2.5152e+09 5.0304e+07
0.091 2.5043e+09 5.0086e+07
0.092 2.4079e+09 4.8158e+07
0.093 2.3626e+09 4.7251e+07
0.094 2.2915e+09 4.583e+07
0.095 2.3128e+09 4.6257e+07
0.096 2.1985e+09 4.3971e+07
0.097 2.1766e+09 4.3532e+07
0.098 2.1492e+09 4.2984e+07
0.099 2.1312e+09 4.2624e+07
0.1 2.0515e+09 4.1031e+07
0.101 1.9802e+09 3.9605e+07
0.102 1.9467e+09 3.8935e+07
0.103 1.9397e+09 3.8794e+07
0.104 1.8387e+09 3.6775e+07
0.105 1.8793e+09 3.7586e+07
0.106 1.8043e+09 3.6085e+07
0.107 1.7704e+09 3.5409e+07
0.108 1.7305e+09 3.461e+07
0.109 1.6684e+09 3.3369e+07
0.11 1.6863e+09 3.3727e+07
0.111 1.6039e+09 3.2077e+07
0.112 1.6217e+09 3.2434e+07
0.113 1.576e+09 3.152e+07
0.114 1.5295e+09 3.0591e+07
0.115 1.5238e+09 3.0476e+07
0.116 1.5036e+09 3.0072e+07
0.117 1.4041e+09 2.8082e+07
0.118 1.4412e+09 2.8825e+07
0.119 1.4228e+09 2.8455e+07
0.12 1.3706e+09 2.7412e+07
0.121 1.3066e+09 2.6132e+07
0.122 1.3258e+09 2.6515e+07
0.123 1.2897e+09 2.5795e+07
0.124 1.2465e+09 2.493e+07
0.125 1.2494e+09 2.4989e+07
0.126 1.1995e+09 2.3991e+07
0.127 1.1905e+09 2.381e+07
0.128 1.1696e+09 2.3391e+07
0.129 1.1248e+09 2.2496e+07
0.13 1.1306e+09 2.2613e+07
0.131 1.0997e+09 2.1994e+07
0.132 1.0623e+09 2.1245e+07
0.133 1.073e+09 2.146e+07
0.134 1.0707e+09 2.1414e+07
0.135 1.0488e+09 2.0976e+07
0.136 9.7099e+08 1.942e+07
0.137 9.8341e+08 1.9668e+07
0.138 9.4381e+08 1.8876e+07
0.139 8.9146e+08 1.7829e+07
0.14 8.9645e+08 1.7929e+07
0.141 8.6292e+08 1.7258e+07
0.142 8.9491e+08 1.7898e+07
0.143 8.3956e+08 1.6791e+07
0.144 8.3478e+08 1.6696e+07
0.145 8.0438e+08 1.6088e+07
0.146 7.8599e+08 1.572e+07
0.147 7.8037e+08 1.5607e+07
0.148 7.4681e+08 1.4936e+07
0.149 7.3153e+08 1.4631e+07
0.15 7.3e+08 1.46e+07
0.151 7.1262e+08 1.4252e+07
0.152 6.7113e+08 1.3423e+07
0.153 6.9886e+08 1.3977e+07
0.154 6.4823e+08 1.2965e+07
0.155 6.2314e+08 1.2463e+07
0.156 6.1505e+08 1.2301e+07
0.157 6.1981e+08 1.2396e+07
0.158 5.4006e+08 1.0801e+07
0.159 5.6226e+08 1.1245e+07
0.16 5.3512e+08 1.0702e+07
0.161 5.2779e+08 1.0556e+07
0.162 5.3918e+08 1.0784e+07
0.163 5.0733e+08 1.0147e+07
0.164 4.8124e+08 9.6248e+06
0.165 4.6744e+08 9.3488e+06
0.166 4.4725e+08 8.945e+06
0.167 4.3532e+08 8.7064e+06
0.168 4.0309e+08 8.0617e+06
0.169 4.3154e+08 8.6309e+06
0.17 4.0657e+08 8.1313e+06
0.171 3.9238e+08 7.8477e+06
0.172 3.9295e+08 7.8591e+06
0.173 3.7197e+08 7.4393e+06
0.174 3.7623e+08 7.5246e+06
0.175 3.4995e+08 6.999e+06
0.176 3.4856e+08 6.9712e+06
0.177 3.2993e+08 6.5986e+06
0.178 3.2378e+08 6.4755e+06
0.179 3.0937e+08 6.1873e+06
0.18 2.7343e+08 5.4685e+06
0.181 2.8603e+08 5.7206e+06
0.182 2.6116e+08 5.2231e+06
0.183 2.8153e+08 5.6306e+06
0.184 2.7073e+08 5.4145e+06
0.185 2.3916e+08 4.7832e+06
0.186 2.2755e+08 4.5509e+06
0.187 2.2331e+08 4.4662e+06
0.188 2.1601e+08 4.3201e+06
0.189 2.0795e+08 4.1589e+06
0.19 2.1121e+08 4.2242e+06
0.191 1.791e+08 3.5821e+06
0.192 2.0148e+08 4.0295e+06
0.193 1.7248e+08 3.4496e+06
0.194 1.7565e+08 3.513e+06
0.195 1.8736e+08 3.7472e+06
0.196 1.9762e+08 3.9524e+06
0.197 1.6584e+08 3.3168e+06
0.198 1.2556e+08 2.5111e+06
0.199 1.5442e+08 3.0883e+06
0.2 1.5049e+08 3.0097e+06
0.201 1.283e+08 2.566e+06
0.202 1.3188e+08 2.6377e+06
0.203 1.1528e+08 2.3055e+06
0.204 1.1379e+08 2.2759e+06
0.205 8.8128e+07 1.7626e+06
0.206 1.1683e+08 2.3366e+06
0.207 9.2414e+07 1.8483e+06
0.208 1.1393e+08 2.2786e+06
0.209 1.1499e+08 2.2997e+06
0.21 1.016e+08 2.032e+06
0.211 1.1116e+08 2.2232e+06
0.212 9.1734e+07 1.8347e+06
0.213 1.1234e+08 2.2468e+06
0.214 9.6391e+07 1.9278e+06
0.215 8.4267e+07 1.6853e+06
0.216 7.1022e+07 1.4204e+06
0.217 8.5556e+07 1.7111e+06
0.218 8.4609e+07 1.6922e+06
0.219 6.9209e+07 1.3842e+06
0.22 6.4182e+07 1.2836e+06
0.221 7.2248e+07 1.445e+06
0.222 6.781e+07 1.3562e+06
0.223 5.6003e+07 1.1201e+06
0.224 6.6571e+07 1.3314e+06
0.225 6.1559e+07 1.2312e+06
0.226 4.0365e+07 8.073e+05
0.227 4.4456e+07 8.8911e+05
0.228 4.9581e+07 9.9161e+05
0.229 5.7541e+07 1.1508e+06
0.23 5.151e+07 1.0302e+06
0.231 6.0679e+07 1.2136e+06
0.232 4.5563e+07 9.1127e+05
0.233 6.2334e+07 1.2467e+06
0.234 3.4027e+07 6.8054e+05
0.235 4.9898e+07 9.9797e+05
0.236 6.4299e+07 1.286e+06
0.237 2.9541e+07 5.9083e+05
0.238 4.8516e+07 9.7031e+05
0.239 4.1142e+07 8.2285e+05
0.24 3.187e+07 6.3739e+05
0.241 4.852e+07 9.7041e+05
0.242 4.2191e+07 8.4382e+05
0.243 3.9615e+07 7.923e+05
0.244 3.5166e+07 7.0332e+05
0.245 4.7867e+07 9.5733e+05
0.246 4.3324e+07 8.6648e+05
0.247 4.9715e+07 9.9429e+05
0.248 3.388e+07 6.776e+05
0.249 4.8746e+07 9.7492e+05
0.25 5.3839e+07 1.0768e+06
0.251 3.4108e+07 6.8216e+05
0.252 4.1289e+07 8.2578e+05
0.253 4.3785e+07 8.7569e+05
0.254 3.6858e+07 7.3715e+05
0.255 6.2452e+07 1.249e+06
0.256 2.3773e+07 4.7545e+05
0.257 2.3392e+07 4.6783e+05
0.258 2.7791e+07 5.5582e+05
0.259 3.0639e+07 6.1278e+05
0.26 3.3673e+07 6.7347e+05
0.261 4.8492e+07 9.6984e+05
0.262 3.1761e+07 6.3523e+05
0.263 3.51e+07 7.0199e+05
0.264 3.5205e+07 7.041e+05
0.265 3.9897e+07 7.9794e+05
0.266 4.2793e+07 8.5586e+05
0.267 4.0337e+07 8.0674e+05
0.268 4.1353e+07 8.2706e+05
0.269 5.256e+07 1.0512e+06
0.27 4.5851e+07 9.1702e+05
0.271 3.5772e+07 7.1544e+05
0.272 4.0929e+07 8.1858e+05
0.273 4.9704e+07 9.9409e+05
0.274 3.6744e+07 7.3488e+05
0.275 4.432e+07 8.864e+05
0.276 4.8227e+07 9.6454e+05
0.277 4.561e+07 9.1221e+05
0.278 4.3827e+07 8.7653e+05
0.279 4.8739e+07 9.7478e+05
0.28 5.1239e+07 1.0248e+06
0.281 4.9512e+07 9.9023e+05
0.282 4.2578e+07 8.5156e+05
0.283 5.8771e+07 1.1754e+06
0.284 6.0463e+07 1.2093e+06
0.285 5.0223e+07 1.0045e+06
0.286 4.5564e+07 9.1128e+05
0.287 5.7491e+07 1.1498e+06
0.288 2.8083e+07 5.6166e+05
0.289 5.4479e+07 1.0896e+06
0.29 6.116e+07 1.2232e+06
0.291 4.6063e+07 9.2126e+05
0.292 4.3232e+07 8.6464e+05
0.293 5.1848e+07 1.037e+06
0.294 5.2935e+07 1.0587e+06
0.295 3.157e+07 6.3141e+05
0.296 5.0598e+07 1.012e+06
0.297 4.9632e+07 9.9264e+05
0.298 5.1766e+07 1.0353e+06
0.299 4.9183e+07 9.8365e+05
0.3 5.9615e+07 1.1923e+06
0.301 4.9144e+07 9.8288e+05
0.302 6.0384e+07 1.2077e+06
0.303 5.1893e+07 1.0379e+06
0.304 6.0033e+07 1.2007e+06
0.305 4.3599e+07 8.7197e+05
0.306 5.0762e+07 1.0152e+06
0.307 5.1851e+07 1.037e+06
0.308 5.1092e+07 1.0218e+06
0.309 6.7361e+07 1.3472e+06
0.31 4.7743e+07 9.5486e+05
0.311 3.6307e+07 7.2615e+05
0.312 5.6424e+07 1.1285e+06
0.313 6.7983e+07 1.3597e+06
0.314 5.351e+07 1.0702e+06
0.315 6.1835e+07 1.2367e+06
0.316 5.1666e+07 1.0333e+06
0.317 4.7731e+07 9.5461e+05
0.318 5.6869e+07 1.1374e+06
0.319 4.7101e+07 9.4202e+05
0.32 4.7683e+07 9.5365e+05
0.321 4.2934e+07 8.5867e+05
0.322 5.8181e+07 1.1636e+06
0.323 4.8254e+07 9.6509e+05
0.324 4.5474e+07 9.0948e+05
0.325 4.9254e+07 9.8509e+05
0.326 5.7607e+07 1.1521e+06
0.327 4.5904e+07 9.1809e+05
0.328 6.2152e+07 1.243e+06
0.329 4.8497e+07 9.6993e+05
0.33 6.4657e+07 1.2931e+06
0.331 5.8963e+07 1.1793e+06
0.332 5.8381e+07 1.1676e+06
0.333 7.1571e+07 1.4314e+06
0.334 5.0975e+07 1.0195e+06
0.335 4.3017e+07 8.6034e+05
0.336 5.6553e+07 1.1311e+06
0.337 6.1595e+07 1.2319e+06
0.338 4.1324e+07 8.2648e+05
0.339 3.98e+07 7.96e+05
0.34 4.6371e+07 9.2742e+05
0.341 4.9463e+07 9.8926e+05
0.342 6.2968e+07 1.2594e+06
0.343 4.486e+07 8.9719e+05
0.344 5.9475e+07 1.1895e+06
0.345 3.9443e+07 7.8886e+05
0.346 4.0914e+07 8.1828e+05
0.347 3.7963e+07 7.5927e+05
0.348 4.6311e+07 9.2622e+05
0.349 5.0087e+07 1.0017e+06
0.35 4.8199e+07 9.6397e+05
0.351 2.7039e+07 5.4078e+05
0.352 4.9828e+07 9.9657e+05
0.353 5.723e+07 1.1446e+06
0.354 5.463e+07 1.0926e+06
0.355 5.2643e+07 1.0529e+06
0.356 5.8362e+07 1.1672e+06
0.357 4.8541e+07 9.7083e+05
0.358 4.8573e+07 9.7147e+05
0.359 4.8163e+07 9.6327e+05
0.36 6.0439e+07 1.2088e+06
0.361 5.7511e+07 1.1502e+06
0.362 5.4501e+07 1.09e+06
0.363 5.5007e+07 1.1001e+06
0.364 5.7854e+07 1.1571e+06
0.365 4.2963e+07 8.5925e+05
0.366 4.2442e+07 8.4883e+05
0.367 5.6025e+07 1.1205e+06
0.368 3.65e+07 7.3001e+05
0.369 5.0439e+07 1.0088e+06
0.37 3.0691e+07 6.1382e+05
0.371 4.5223e+07 9.0446e+05
0.372 4.5619e+07 9.1239e+05
0.373 3.2469e+07 6.4937e+05
0.374 4.8732e+07 9.7464e+05
0.375 3.279e+07 6.558e+05
0.376 3.6723e+07 7.3446e+05
0.377 3.9983e+07 7.9966e+05
0.378 5.1817e+07 1.0363e+06
0.379 3.6333e+07 7.2666e+05
0.38 5.7176e+07 1.1435e+06
0.381 3.3333e+07 6.6667e+05
0.382 4.9566e+07 9.9132e+05
0.383 4.4671e+07 8.9342e+05
0.384 4.1168e+07 8.2335e+05
0.385 4.021e+07 8.0421e+05
0.386 3.6351e+07 7.2702e+05
0.387 5.069e+07 1.0138e+06
0.388 3.9077e+07 7.8154e+05
0.389 4.1202e+07 8.2405e+05
0.39 5.1843e+07 1.0369e+06
0.391 3.8032e+07 7.6064e+05
0.392 3.6123e+07 7.2246e+05
0.393 4.4996e+07 8.9993e+05
0.394 4.2145e+07 8.4289e+05
0.395 3.6538e+07 7.3077e+05
0.396 3.9325e+07 7.8649e+05
0.397 4.0849e+07 8.1698e+05
0.398 2.9879e+07 5.9758e+05
0.399 5.2737e+07 1.0547e+06
0.4 4.816e+07 9.6319e+05
0.401 3.9301e+07 7.8602e+05
0.402 3.9567e+07 7.9134e+05
0.403 3.4572e+07 6.9144e+05
0.404 2.1881e+07 4.3762e+05
0.405 3.2457e+07 6.4913e+05
0.406 3.8299e+07 7.6598e+05
0.407 3.9347e+07 7.8695e+05
0.408 2.9056e+07 5.8112e+05
0.409 4.1352e+07 8.2704e+05
0.41 4.3975e+07 8.7951e+05
0.411 4.8328e+07 9.6657e+05
0.412 3.7344e+07 7.4687e+05
0.413 3.3202e+07 6.6403e+05
0.414 3.3039e+07 6.6078e+05
0.415 3.2084e+07 6.4167e+05
0.416 3.097e+07 6.1939e+05
0.417 2.9285e+07 5.8571e+05
0.418 3.055e+07 6.11e+05
0.419 3.8548e+07 7.7097e+05
0.42 2.8018e+07 5.6036e+05
0.421 2.8303e+07 5.6606e+05
0.422 2.7394e+07 5.4789e+05
0.423 4.3833e+07 8.7666e+05
0.424 2.4604e+07 4.9209e+05
0.425 3.9743e+07 7.9487e+05
0.426 3.8063e+07 7.6125e+05
0.427 3.375e+07 6.75e+05
0.428 4.304e+07 8.6081e+05
0.429 3.7887e+07 7.5774e+05
0.43 3.1432e+07 6.2864e+05
0.431 3.4109e+07 6.8218e+05
0.432 3.7853e+07 7.5707e+05
0.433 1.7348e+07 3.4696e+05
0.434 3.4039e+07 6.8079e+05
0.435 3.3482e+07 6.6963e+05
0.436 3.6287e+07 7.2575e+05
0.437 3.6397e+07 7.2794e+05
0.438 2.6819e+07 5.3637e+05
0.439 1.2562e+07 2.5124e+05
0.44 3.1108e+07 6.2215e+05
0.441 3.5107e+07 7.0213e+05
0.442 1.3124e+07 2.6249e+05
0.443 3.3774e+07 6.7547e+05
0.444 3.2321e+07 6.4641e+05
0.445 4.8718e+07 9.7436e+05
0.446 2.787e+07 5.574e+05
0.447 3.7126e+07 7.4251e+05
0.448 3.1131e+07 6.2262e+05
0.449 2.0813e+07 4.1625e+05
0.45 2.6746e+07 5.3491e+05
0.451 4.7738e+07 9.5476e+05
0.452 3.2245e+07 6.449e+05
0.453 3.9037e+07 7.8075e+05
0.454 3.6194e+07 7.2387e+05
0.455 2.4591e+07 4.9181e+05
0.456 3.1792e+07 6.3584e+05
0.457 2.8456e+07 5.6912e+05
0.458 3.7026e+07 7.4053e+05
0.459 3.005e+07 6.0099e+05
0.46 3.9013e+07 7.8026e+05
0.461 7.3139e+06 1.4628e+05
0.462 3.4442e+07 6.8884e+05
0.463 3.8276e+07 7.6552e+05
0.464 2.9261e+07 5.8522e+05
0.465 2.0592e+07 4.1185e+05
0.466 4.5679e+07 9.1357e+05
0.467 2.1254e+07 4.2509e+05
0.468 4.1253e+07 8.2507e+05
0.469 4.3607e+07 8.7214e+05
0.47 1.9298e+07 3.8597e+05
0.471 2.7343e+07 5.4685e+05
0.472 4.0826e+07 8.1653e+05
0.473 5.047e+07 1.0094e+06
0.474 3.0846e+07 6.1691e+05
0.475 4.5879e+07 9.1759e+05
0.476 3.2157e+07 6.4314e+05
0.477 4.473e+07 8.9461e+05
0.478 1.3806e+07 2.7612e+05
0.479 3.8091e+07 7.6182e+05
0.48 3.2481e+07 6.4962e+05
0.481 3.6156e+07 7.2312e+05
0.482 2.8137e+07 5.6273e+05
0.483 2.7903e+07 5.5805e+05
0.484 3.9702e+07 7.9404e+05
0.485 2.7146e+07 5.4293e+05
0.486 3.2404e+07 6.4808e+05
0.487 2.6356e+07 5.2711e+05
0.488 4.6259e+07 9.2517e+05
0.489 3.8496e+07 7.6992e+05
0.49 3.2311e+07 6.4622e+05
0.491 2.5049e+07 5.0099e+05
0.492 1.1436e+07 2.2872e+05
0.493 3.3643e+07 6.7285e+05
0.494 3.9238e+07 7.8476e+05
0.495 3.3081e+07 6.6161e+05
0.496 3.3994e+07 6.7988e+05
0.497 2.7021e+07 5.4043e+05
0.498 2.2447e+07 4.4895e+05
0.499 3.6049e+07 7.2099e+05
0.5 4.3982e+07 8.7964e+05
