0.001 5.8673e+09 1.1735e+08
0.002 6.2062e+09 1.2412e+08
0.003 5.8953e+09 1.1791e+08
0.004 6.1052e+09 1.221e+08
0.005 6.046e+09 1.2092e+08
0.006 6.0585e+09 1.2117e+08
0.007 6.1047e+09 1.2209e+08
0.008 6.1228e+09 1.2246e+08
0.009 5.9281e+09 1.1856e+08
0.01 5.9337e+09 1.1867e+08
0.011 5.9693e+09 1.1939e+08
0.012 5.8291e+09 1.1658e+08
0.013 6.1025e+09 1.2205e+08
0.014 5.9465e+09 1.1893e+08
0.015 5.7593e+09 1.1519e+08
0.016 5.8942e+09 1.1788e+08
0.017 5.8666e+09 1.1733e+08
0.018 5.8345e+09 1.1669e+08
0.019 5.7191e+09 1.1438e+08
0.02 5.7193e+09 1.1439e+08
0.021 5.5865e+09 1.1173e+08
0.022 5.5273e+09 1.1055e+08
0.023 5.4538e+09 1.0908e+08
0.024 5.559e+09 1.1118e+08
0.025 5.4752e+09 1.095e+08
0.026 5.3904e+09 1.0781e+08
0.027 5.2721e+09 1.0544e+08
0.028 5.3587e+09 1.0717e+08
0.029 5.2734e+09 1.0547e+08
0.03 5.2173e+09 1.0435e+08
0.031 5.1323e+09 1.0265e+08
0.032 5.1061e+09 1.0212e+08
0.033 5.0995e+09 1.0199e+08
0.034 5.0246e+09 1.0049e+08
0.035 4.8077e+09 9.6155e+07
0.036 4.9365e+09 9.873e+07
0.037 4.7835e+09 9.567e+07
0.038 4.708e+09 9.416e+07
0.039 4.6313e+09 9.2626e+07
0.04 4.5083e+09 9.0166e+07
0.041 4.5619e+09 9.1239e+07
0.042 4.3664e+09 8.7328e+07
0.043 4.4061e+09 8.8121e+07
0.044 4.2973e+09 8.5946e+07
0.045 4.2352e+09 8.4705e+07
0.046 4.257e+09 8.5139e+07
0.047 4.0675e+09 8.135e+07
0.048 4.0614e+09 8.1228e+07
0.049 3.9379e+09 7.8759e+07
0.05 3.8371e+09 7.6742e+07
0.051 3.8521e+09 7.7042e+07
0.052 3.8284e+09 7.6567e+07
0.053 3.7654e+09 7.5308e+07
0.054 3.6304e+09 7.2608e+07
0.055 3.6103e+09 7.2205e+07
0.056 3.5824e+09 7.1648e+07
0.057 3.3964e+09 6.7927e+07
0.058 3.4581e+09 6.9162e+07
0.059 3.3847e+09 6.7694e+07
0.06 3.2485e+09 6.4969e+07
0.061 3.2274e+09 6.4548e+07
0.062 3.1828e+09 6.3656e+07
0.063 3.1187e+09 6.2374e+07
0.064 3.0179e+09 6.0359e+07
0.065 2.9981e+09 5.9962e+07
0.066 2.9304e+09 5.8607e+07
0.067 2.8418e+09 5.6836e+07
0.068 2.7901e+09 5.5803e+07
0.069 2.7317e+09 5.4634e+07
0.07 2.7071e+09 5.4143e+07
0.071 2.6172e+09 5.2343e+07
0.072 2.58e+09 5.1601e+07
0.073 2.4987e+09 4.9975e+07
0.074 2.5048e+09 5.0096e+07
0.075 2.4156e+09 4.8313e+07
0.076 2.3839e+09 4.7678e+07
0.077 2.3281e+09 4.6562e+07
0.078 2.263e+09 4.526e+07
0.079 2.2467e+09 4.4934e+07
0.08 2.1405e+09 4.281e+07
0.081 2.1407e+09 4.2813e+07
0.082 2.0978e+09 4.1957e+07
0.083 2.0304e+09 4.0609e+07
0.084 2.0293e+09 4.0586e+07
0.085 1.9227e+09 3.8453e+07
0.086 1.9241e+09 3.8482e+07
0.087 1.871e+09 3.742e+07
0.088 1.8293e+09 3.6586e+07
0.089 1.7882e+09 3.5764e+07
0.09 1.7401e+09 3.4802e+07
0.091 1.7155e+09 3.4311e+07
0.092 1.6668e+09 3.3337e+07
0.093 1.648e+09 3.2961e+07
0.094 1.6213e+09 3.2427e+07
0.095 1.5874e+09 3.1748e+07
0.096 1.5607e+09 3.1215e+07
0.097 1.5266e+09 3.0533e+07
0.098 1.4576e+09 2.9153e+07
0.099 1.4466e+09 2.8933e+07
0.1 1.411e+09 2.822e+07
0.101 1.3926e+09 2.7853e+07
0.102 1.3604e+09 2.7207e+07
0.103 1.3573e+09 2.7147e+07
0.104 1.302e+09 2.604e+07
0.105 1.2666e+09 2.5332e+07
0.106 1.2628e+09 2.5255e+07
0.107 1.2178e+09 2.4357e+07
0.108 1.1928e+09 2.3855e+07
0.109 1.1718e+09 2.3436e+07
0.11 1.15e+09 2.3001e+07
0.111 1.1247e+09 2.2495e+07
0.112 1.0896e+09 2.1793e+07
0.113 1.0868e+09 2.1736e+07
0.114 1.0847e+09 2.1694e+07
0.115 1.0694e+09 2.1389e+07
0.116 1.0035e+09 2.0069e+07
0.117 9.8266e+08 1.9653e+07
0.118 9.8473e+08 1.9695e+07
0.119 9.8645e+08 1.9729e+07
0.12 9.4899e+08 1.898e+07
0.121 9.3009e+08 1.8602e+07
0.122 9.3137e+08 1.8627e+07
0.123 8.8837e+08 1.7767e+07
0.124 8.5963e+08 1.7193e+07
0.125 8.4768e+08 1.6954e+07
0.126 8.3435e+08 1.6687e+07
0.127 8.426e+08 1.6852e+07
0.128 8.3234e+08 1.6647e+07
0.129 7.9083e+08 1.5817e+07
0.13 7.528e+08 1.5056e+07
0.131 7.4456e+08 1.4891e+07
0.132 7.4098e+08 1.482e+07
0.133 7.3194e+08 1.4639e+07
0.134 6.9556e+08 1.3911e+07
0.135 6.9014e+08 1.3803e+07
0.136 6.8654e+08 1.3731e+07
0.137 6.7339e+08 1.3468e+07
0.138 6.2854e+08 1.2571e+07
0.139 6.246e+08 1.2492e+07
0.14 6.2876e+08 1.2575e+07
0.141 6.2434e+08 1.2487e+07
0.142 5.8619e+08 1.1724e+07
0.143 5.9098e+08 1.182e+07
0.144 5.6371e+08 1.1274e+07
0.145 5.6048e+08 1.121e+07
0.146 5.6191e+08 1.1238e+07
0.147 5.3327e+08 1.0665e+07
0.148 5.2726e+08 1.0545e+07
0.149 5.2222e+08 1.0444e+07
0.15 5.1628e+08 1.0326e+07
0.151 4.9333e+08 9.8665e+06
0.152 5.0174e+08 1.0035e+07
0.153 4.8357e+08 9.6714e+06
0.154 4.4686e+08 8.9373e+06
0.155 4.2173e+08 8.4347e+06
0.156 4.4698e+08 8.9395e+06
0.157 4.1958e+08 8.3917e+06
0.158 3.8233e+08 7.6465e+06
0.159 3.9789e+08 7.9578e+06
0.16 3.7026e+08 7.4052e+06
0.161 3.9067e+08 7.8134e+06
0.162 3.5102e+08 7.0203e+06
0.163 3.4563e+08 6.9127e+06
0.164 3.4984e+08 6.9968e+06
0.165 3.2227e+08 6.4455e+06
0.166 3.4376e+08 6.8752e+06
0.167 3.2992e+08 6.5984e+06
0.168 3.1151e+08 6.2302e+06
0.169 2.9789e+08 5.9578e+06
0.17 2.7028e+08 5.4057e+06
0.171 2.7479e+08 5.4959e+06
0.172 2.8453e+08 5.6907e+06
0.173 2.632e+08 5.2639e+06
0.174 2.6215e+08 5.2429e+06
0.175 2.4369e+08 4.8739e+06
0.176 2.6074e+08 5.2149e+06
0.177 2.3456e+08 4.6911e+06
0.178 2.1665e+08 4.3329e+06
0.179 2.3483e+08 4.6966e+06
0.18 1.9978e+08 3.9956e+06
0.181 2.1099e+08 4.2197e+06
0.182 1.9784e+08 3.9567e+06
0.183 1.9586e+08 3.9172e+06
0.184 1.8415e+08 3.683e+06
0.185 1.7392e+08 3.4784e+06
0.186 1.6816e+08 3.3633e+06
0.187 1.6088e+08 3.2177e+06
0.188 1.6805e+08 3.3611e+06
0.189 1.368e+08 2.7361e+06
0.19 1.5921e+08 3.1842e+06
0.191 1.5239e+08 3.0478e+06
0.192 1.4007e+08 2.8013e+06
0.193 1.2739e+08 2.5477e+06
0.194 1.4304e+08 2.8608e+06
0.195 1.2394e+08 2.4788e+06
0.196 1.2339e+08 2.4678e+06
0.197 1.2793e+08 2.5586e+06
0.198 1.2819e+08 2.5638e+06
0.199 1.0267e+08 2.0534e+06
0.2 1.3596e+08 2.7192e+06
0.201 9.9835e+07 1.9967e+06
0.202 1.0206e+08 2.0413e+06
0.203 1.112e+08 2.2241e+06
0.204 8.428e+07 1.6856e+06
0.205 9.5821e+07 1.9164e+06
0.206 8.5227e+07 1.7045e+06
0.207 1.007e+08 2.014e+06
0.208 7.8796e+07 1.5759e+06
0.209 1.0362e+08 2.0724e+06
0.21 8.5771e+07 1.7154e+06
0.211 6.5171e+07 1.3034e+06
0.212 7.7725e+07 1.5545e+06
0.213 7.2134e+07 1.4427e+06
0.214 7.9017e+07 1.5803e+06
0.215 6.717e+07 1.3434e+06
0.216 7.4969e+07 1.4994e+06
0.217 6.2897e+07 1.2579e+06
0.218 5.8347e+07 1.1669e+06
0.219 6.5122e+07 1.3024e+06
0.22 5.9354e+07 1.1871e+06
0.221 5.1467e+07 1.0293e+06
0.222 5.0498e+07 1.01e+06
0.223 6.7498e+07 1.35e+06
0.224 3.0294e+07 6.0588e+05
0.225 4.2901e+07 8.5802e+05
0.226 5.1279e+07 1.0256e+06
0.227 4.1201e+07 8.2403e+05
0.228 5.1533e+07 1.0307e+06
0.229 4.366e+07 8.7319e+05
0.23 3.3073e+07 6.6145e+05
0.231 2.4198e+07 4.8395e+05
0.232 2.7422e+07 5.4843e+05
0.233 3.5661e+07 7.1323e+05
0.234 4.374e+07 8.7479e+05
0.235 5.5232e+07 1.1046e+06
0.236 3.4468e+07 6.8935e+05
0.237 2.7534e+07 5.5068e+05
0.238 3.8047e+07 7.6095e+05
0.239 4.3181e+07 8.6362e+05
0.24 3.9477e+07 7.8954e+05
0.241 3.1695e+07 6.3389e+05
0.242 2.9591e+07 5.9183e+05
0.243 3.2689e+07 6.5379e+05
0.244 3.9248e+07 7.8495e+05
0.245 2.3007e+07 4.6013e+05
0.246 3.3941e+07 6.7881e+05
0.247 3.7177e+07 7.4354e+05
0.248 2.9632e+07 5.9264e+05
0.249 2.0177e+07 4.0354e+05
0.25 4.0207e+07 8.0414e+05
0.251 2.7276e+07 5.4553e+05
0.252 3.884e+07 7.768e+05
0.253 2.5225e+07 5.045e+05
0.254 4.5591e+07 9.1182e+05
0.255 3.0465e+07 6.093e+05
0.256 2.1377e+07 4.2754e+05
0.257 1.7278e+07 3.4556e+05
0.258 4.245e+07 8.49e+05
0.259 3.1153e+07 6.2305e+05
0.26 2.8069e+07 5.6138e+05
0.261 2.7828e+07 5.5656e+05
0.262 3.5236e+07 7.0473e+05
0.263 1.5342e+07 3.0684e+05
0.264 2.0013e+07 4.0025e+05
0.265 3.8204e+07 7.6407e+05
0.266 3.6059e+07 7.2118e+05
0.267 2.5856e+07 5.1713e+05
0.268 2.1304e+07 4.2608e+05
0.269 1.8609e+07 3.7219e+05
0.27 4.6262e+07 9.2524e+05
0.271 2.6895e+07 5.3791e+05
0.272 2.0291e+07 4.0583e+05
0.273 3.7007e+07 7.4014e+05
0.274 2.6858e+07 5.3716e+05
0.275 3.1331e+07 6.2663e+05
0.276 2.9177e+07 5.8354e+05
0.277 4.0249e+07 8.0498e+05
0.278 3.5965e+07 7.1929e+05
0.279 1.3976e+07 2.7953e+05
0.28 2.5134e+07 5.0268e+05
0.281 2.3337e+07 4.6673e+05
0.282 2.1662e+07 4.3325e+05
0.283 3.6163e+07 7.2327e+05
0.284 3.6626e+07 7.3252e+05
0.285 3.827e+07 7.6541e+05
0.286 2.6969e+07 5.3938e+05
0.287 1.5043e+07 3.0086e+05
0.288 2.7147e+07 5.4294e+05
0.289 3.033e+07 6.066e+05
0.29 2.5268e+07 5.0536e+05
0.291 3.0665e+07 6.133e+05
0.292 2.6474e+07 5.2948e+05
0.293 3.6746e+07 7.3491e+05
0.294 3.0579e+07 6.1158e+05
0.295 2.1206e+07 4.2412e+05
0.296 3.8904e+07 7.7808e+05
0.297 2.734e+07 5.468e+05
0.298 3.9141e+07 7.8282e+05
0.299 3.1573e+07 6.3146e+05
0.3 2.5639e+07 5.1279e+05
0.301 3.9736e+07 7.9472e+05
0.302 3.313e+07 6.626e+05
0.303 2.8196e+07 5.6391e+05
0.304 4.6048e+07 9.2096e+05
0.305 3.8034e+07 7.6069e+05
0.306 2.194e+07 4.388e+05
0.307 4.482e+07 8.964e+05
0.308 3.1704e+07 6.3407e+05
0.309 2.9688e+07 5.9376e+05
0.31 4.7063e+07 9.4127e+05
0.311 3.8089e+07 7.6177e+05
0.312 5.1057e+07 1.0211e+06
0.313 4.0687e+07 8.1375e+05
0.314 3.3997e+07 6.7994e+05
0.315 3.577e+07 7.154e+05
0.316 3.7847e+07 7.5695e+05
0.317 4.0669e+07 8.1339e+05
0.318 3.6111e+07 7.2222e+05
0.319 3.7085e+07 7.4169e+05
0.32 3.2638e+07 6.5275e+05
0.321 2.8079e+07 5.6158e+05
0.322 3.7038e+07 7.4076e+05
0.323 2.987e+07 5.9739e+05
0.324 3.2007e+07 6.4015e+05
0.325 3.0759e+07 6.1517e+05
0.326 2.6656e+07 5.3312e+05
0.327 3.1634e+07 6.3269e+05
0.328 3.2068e+07 6.4135e+05
0.329 3.4189e+07 6.8377e+05
0.33 2.3175e+07 4.6351e+05
0.331 3.235e+07 6.4701e+05
0.332 3.8381e+07 7.6761e+05
0.333 4.444e+07 8.8881e+05
0.334 4.3586e+07 8.7172e+05
0.335 3.7642e+07 7.5284e+05
0.336 3.4895e+07 6.979e+05
0.337 3.2229e+07 6.4457e+05
0.338 4.2508e+07 8.5016e+05
0.339 4.9788e+07 9.9577e+05
0.34 3.2333e+07 6.4667e+05
0.341 2.6468e+07 5.2936e+05
0.342 1.9677e+07 3.9354e+05
0.343 2.0671e+07 4.1342e+05
0.344 3.6344e+07 7.2689e+05
0.345 4.1892e+07 8.3784e+05
0.346 3.5528e+07 7.1055e+05
0.347 3.4741e+07 6.9482e+05
0.348 3.311e+07 6.6219e+05
0.349 2.6413e+07 5.2827e+05
0.35 4.0145e+07 8.029e+05
0.351 1.8567e+07 3.7134e+05
0.352 2.2392e+07 4.4783e+05
0.353 2.362e+07 4.724e+05
0.354 3.5399e+07 7.0797e+05
0.355 3.5694e+07 7.1388e+05
0.356 3.7383e+07 7.4766e+05
0.357 3.2157e+07 6.4315e+05
0.358 2.3995e+07 4.7989e+05
0.359 2.5525e+07 5.1049e+05
0.36 2.968e+07 5.9359e+05
0.361 3.6474e+07 7.2948e+05
0.362 3.9329e+07 7.8658e+05
0.363 2.1554e+07 4.3109e+05
0.364 3.8314e+07 7.6628e+05
0.365 4.5986e+07 9.1971e+05
0.366 2.9275e+07 5.855e+05
0.367 3.6544e+07 7.3089e+05
0.368 4.1154e+07 8.2308e+05
0.369 2.6687e+07 5.3374e+05
0.37 3.659e+07 7.318e+05
0.371 2.6691e+07 5.3383e+05
0.372 2.3835e+07 4.7669e+05
0.373 3.1349e+07 6.2699e+05
0.374 4.2344e+07 8.4688e+05
0.375 2.1648e+07 4.3297e+05
0.376 3.2841e+07 6.5682e+05
0.377 3.5346e+07 7.0691e+05
0.378 2.1449e+07 4.2898e+05
0.379 3.0146e+07 6.0292e+05
0.38 3.9603e+07 7.9205e+05
0.381 2.097e+07 4.194e+05
0.382 2.4672e+07 4.9345e+05
0.383 3.2055e+07 6.411e+05
0.384 3.2888e+07 6.5777e+05
0.385 2.8803e+07 5.7607e+05
0.386 2.2484e+07 4.4968e+05
0.387 3.1726e+07 6.3453e+05
0.388 2.3855e+07 4.7711e+05
0.389 3.3629e+07 6.7257e+05
0.39 2.3073e+07 4.6146e+05
0.391 1.3113e+07 2.6225e+05
0.392 2.2588e+07 4.5175e+05
0.393 3.4359e+07 6.8718e+05
0.394 3.6607e+07 7.3214e+05
0.395 2.8228e+07 5.6456e+05
0.396 3.1715e+07 6.3431e+05
0.397 3.6724e+07 7.3448e+05
0.398 3.0191e+07 6.0381e+05
0.399 2.1131e+07 4.2261e+05
0.4 1.8422e+07 3.6844e+05
0.401 2.2481e+07 4.4962e+05
0.402 3.8856e+07 7.7711e+05
0.403 2.4394e+07 4.8789e+05
0.404 2.3152e+07 4.6304e+05
0.405 4.0678e+07 8.1356e+05
0.406 3.7249e+07 7.4498e+05
0.407 2.2344e+07 4.4688e+05
0.408 2.8757e+07 5.7513e+05
0.409 2.3948e+07 4.7896e+05
0.41 2.857e+07 5.714e+05
0.411 2.9105e+07 5.821e+05
0.412 3.553e+07 7.1061e+05
0.413 2.8815e+07 5.7629e+05
0.414 2.2764e+07 4.5527e+05
0.415 2.3551e+07 4.7102e+05
0.416 3.2703e+07 6.5406e+05
0.417 2.2563e+07 4.5125e+05
0.418 1.6418e+07 3.2835e+05
0.419 2.5061e+07 5.0121e+05
0.42 2.151e+07 4.302e+05
0.421 2.8013e+07 5.6025e+05
0.422 3.1183e+07 6.2366e+05
0.423 2.3346e+07 4.6692e+05
0.424 3.8899e+07 7.7798e+05
0.425 1.4754e+07 2.9509e+05
0.426 2.0731e+07 4.1462e+05
0.427 3.3356e+07 6.6712e+05
0.428 1.688e+07 3.376e+05
0.429 2.4165e+07 4.833e+05
0.43 3.2485e+07 6.4969e+05
0.431 2.1122e+07 4.2244e+05
0.432 2.7013e+07 5.4025e+05
0.433 2.5856e+07 5.1711e+05
0.434 2.4169e+07 4.8338e+05
0.435 3.1361e+07 6.2723e+05
0.436 3.2244e+07 6.4488e+05
0.437 2.6128e+07 5.2255e+05
0.438 1.3465e+07 2.6929e+05
0.439 3.2512e+07 6.5023e+05
0.44 2.5622e+07 5.1244e+05
0.441 1.2546e+07 2.5092e+05
0.442 2.3191e+07 4.6382e+05
0.443 2.5231e+07 5.0462e+05
0.444 2.0946e+07 4.1892e+05
0.445 2.831e+07 5.662e+05
0.446 2.7552e+07 5.5105e+05
0.447 2.9759e+07 5.9519e+05
0.448 2.4526e+07 4.9051e+05
0.449 2.5447e+07 5.0894e+05
0.45 2.0123e+07 4.0247e+05
0.451 3.6144e+07 7.2287e+05
0.452 1.9538e+07 3.9076e+05
0.453 2.9231e+07 5.8462e+05
0.454 2.1829e+07 4.3658e+05
0.455 1.5567e+07 3.1135e+05
0.456 2.4421e+07 4.8842e+05
0.457 1.8584e+07 3.7167e+05
0.458 2.5705e+07 5.141e+05
0.459 1.6355e+07 3.2711e+05
0.46 2.6685e+07 5.337e+05
0.461 1.6342e+07 3.2685e+05
0.462 2.9759e+07 5.9519e+05
0.463 1.3555e+07 2.711e+05
0.464 3.1178e+07 6.2355e+05
0.465 3.5329e+07 7.0657e+05
0.466 2.622e+07 5.2439e+05
0.467 2.7666e+07 5.5333e+05
0.468 3.9665e+07 7.9331e+05
0.469 1.8338e+07 3.6675e+05
0.47 2.5853e+07 5.1705e+05
0.471 1.846e+07 3.692e+05
0.472 2.089e+07 4.178e+05
0.473 2.3444e+07 4.6889e+05
0.474 2.4212e+07 4.8424e+05
0.475 2.6086e+07 5.2172e+05
0.476 1.9712e+07 3.9425e+05
0.477 2.9111e+07 5.8222e+05
0.478 1.8625e+07 3.7251e+05
0.479 2.2352e+07 4.4705e+05
0.48 1.5633e+07 3.1267e+05
0.481 2.7821e+07 5.5642e+05
0.482 2.5993e+07 5.1985e+05
0.483 3.0229e+07 6.0458e+05
0.484 2.4308e+07 4.8617e+05
0.485 2.5485e+07 5.0971e+05
0.486 1.147e+07 2.294e+05
0.487 1.0138e+07 2.0276e+05
0.488 2.1627e+07 4.3254e+05
0.489 2.2077e+07 4.4155e+05
0.49 2.1186e+07 4.2372e+05
0.491 2.8203e+07 5.6406e+05
0.492 2.4211e+07 4.8422e+05
0.493 2.4242e+07 4.8484e+05
0.494 1.4118e+07 2.8237e+05
0.495 2.8148e+07 5.6295e+05
0.496 2.8861e+07 5.7721e+05
0.497 1.0495e+07 2.099e+05
0.498 2.1558e+07 4.3115e+05
0.499 2.7842e+07 5.5683e+05
0.5 2.9255e+07 5.851e+05
