0.001 3.4245e+09 2.1825e+08
0.002 3.5898e+09 1.5432e+08
0.003 3.0699e+09 1.26e+08
0.004 3.1477e+09 1.0911e+08
0.005 3.2054e+09 9.7575e+07
0.006 3.1488e+09 8.906e+07
0.007 3.1924e+09 8.2439e+07
0.008 3.1284e+09 7.71e+07
0.009 3.191e+09 7.2674e+07
0.01 3.0361e+09 6.8927e+07
0.011 3.1177e+09 6.5701e+07
0.012 3.125e+09 6.2884e+07
0.013 3.1054e+09 6.0397e+07
0.014 3.1283e+09 5.8179e+07
0.015 3.1063e+09 5.6185e+07
0.016 3.0672e+09 5.4378e+07
0.017 3.1294e+09 5.2731e+07
0.018 3.0862e+09 5.1222e+07
0.019 3.1358e+09 4.9831e+07
0.02 3.0522e+09 4.8544e+07
0.021 3.1692e+09 4.7349e+07
0.022 3.0549e+09 4.6234e+07
0.023 3.1119e+09 4.5191e+07
0.024 3.0792e+09 4.4212e+07
0.025 3.0976e+09 4.3291e+07
0.026 3.0982e+09 4.2421e+07
0.027 3.0901e+09 4.1599e+07
0.028 2.9716e+09 4.082e+07
0.029 3.1172e+09 4.008e+07
0.03 3.009e+09 3.9376e+07
0.031 2.9857e+09 3.8705e+07
0.032 3.0208e+09 3.8064e+07
0.033 3.0215e+09 3.7452e+07
0.034 2.9796e+09 3.6865e+07
0.035 2.9814e+09 3.6302e+07
0.036 2.9518e+09 3.5761e+07
0.037 2.9283e+09 3.5242e+07
0.038 2.9528e+09 3.4741e+07
0.039 2.9123e+09 3.4259e+07
0.04 2.9101e+09 3.3794e+07
0.041 2.8982e+09 3.3345e+07
0.042 2.9229e+09 3.2911e+07
0.043 2.9226e+09 3.2491e+07
0.044 2.8701e+09 3.2084e+07
0.045 2.8881e+09 3.169e+07
0.046 2.8314e+09 3.1307e+07
0.047 2.8258e+09 3.0936e+07
0.048 2.8091e+09 3.0576e+07
0.049 2.7793e+09 3.0226e+07
0.05 2.8118e+09 2.9885e+07
0.051 2.7249e+09 2.9553e+07
0.052 2.7468e+09 2.9231e+07
0.053 2.7007e+09 2.8916e+07
0.054 2.7165e+09 2.8609e+07
0.055 2.6374e+09 2.831e+07
0.056 2.6813e+09 2.8018e+07
0.057 2.6831e+09 2.7733e+07
0.058 2.6052e+09 2.7455e+07
0.059 2.5819e+09 2.7183e+07
0.06 2.6097e+09 2.6917e+07
0.061 2.5747e+09 2.6656e+07
0.062 2.5668e+09 2.6402e+07
0.063 2.5466e+09 2.6152e+07
0.064 2.5379e+09 2.5908e+07
0.065 2.5217e+09 2.5669e+07
0.066 2.4916e+09 2.5435e+07
0.067 2.4716e+09 2.5205e+07
0.068 2.4288e+09 2.498e+07
0.069 2.4447e+09 2.4758e+07
0.07 2.4183e+09 2.4542e+07
0.071 2.4132e+09 2.4329e+07
0.072 2.4036e+09 2.412e+07
0.073 2.408e+09 2.3914e+07
0.074 2.3813e+09 2.3713e+07
0.075 2.303e+09 2.3514e+07
0.076 2.3439e+09 2.332e+07
0.077 2.2832e+09 2.3128e+07
0.078 2.2549e+09 2.294e+07
0.079 2.2328e+09 2.2755e+07
0.08 2.2475e+09 2.2573e+07
0.081 2.1842e+09 2.2393e+07
0.082 2.1924e+09 2.2217e+07
0.083 2.1615e+09 2.2043e+07
0.084 2.1931e+09 2.1873e+07
0.085 2.1565e+09 2.1704e+07
0.086 2.1027e+09 2.1539e+07
0.087 2.074e+09 2.1375e+07
0.088 2.0562e+09 2.1214e+07
0.089 1.9712e+09 2.1056e+07
0.09 2.0271e+09 2.09e+07
0.091 1.9694e+09 2.0746e+07
0.092 1.9539e+09 2.0594e+07
0.093 1.9559e+09 2.0445e+07
0.094 1.95e+09 2.0297e+07
0.095 1.926e+09 2.0152e+07
0.096 1.8984e+09 2.0009e+07
0.097 1.8817e+09 1.9867e+07
0.098 1.8449e+09 1.9728e+07
0.099 1.8242e+09 1.959e+07
0.1 1.8153e+09 1.9454e+07
0.101 1.7461e+09 1.932e+07
0.102 1.7859e+09 1.9188e+07
0.103 1.7547e+09 1.9058e+07
0.104 1.7186e+09 1.8929e+07
0.105 1.7077e+09 1.8802e+07
0.106 1.7083e+09 1.8676e+07
0.107 1.6967e+09 1.8553e+07
0.108 1.6264e+09 1.843e+07
0.109 1.6179e+09 1.831e+07
0.11 1.6033e+09 1.819e+07
0.111 1.5795e+09 1.8073e+07
0.112 1.5899e+09 1.7956e+07
0.113 1.5433e+09 1.7842e+07
0.114 1.536e+09 1.7728e+07
0.115 1.4948e+09 1.7616e+07
0.116 1.5273e+09 1.7506e+07
0.117 1.4594e+09 1.7396e+07
0.118 1.4735e+09 1.7289e+07
0.119 1.4302e+09 1.7182e+07
0.12 1.4093e+09 1.7077e+07
0.121 1.3806e+09 1.6973e+07
0.122 1.3992e+09 1.687e+07
0.123 1.3468e+09 1.6768e+07
0.124 1.3232e+09 1.6668e+07
0.125 1.3307e+09 1.6569e+07
0.126 1.2976e+09 1.6471e+07
0.127 1.2737e+09 1.6374e+07
0.128 1.2402e+09 1.6278e+07
0.129 1.2438e+09 1.6184e+07
0.13 1.2029e+09 1.6091e+07
0.131 1.1777e+09 1.5998e+07
0.132 1.1633e+09 1.5907e+07
0.133 1.1358e+09 1.5817e+07
0.134 1.1436e+09 1.5728e+07
0.135 1.1264e+09 1.564e+07
0.136 1.1297e+09 1.5553e+07
0.137 1.1276e+09 1.5467e+07
0.138 1.0824e+09 1.5382e+07
0.139 1.0892e+09 1.5298e+07
0.14 1.0366e+09 1.5215e+07
0.141 1.0123e+09 1.5133e+07
0.142 1.0213e+09 1.5052e+07
0.143 1.0044e+09 1.4972e+07
0.144 9.5335e+08 1.4893e+07
0.145 9.7137e+08 1.4814e+07
0.146 9.4454e+08 1.4737e+07
0.147 9.2201e+08 1.4661e+07
0.148 9.224e+08 1.4585e+07
0.149 8.866e+08 1.451e+07
0.15 8.8357e+08 1.4437e+07
0.151 8.5708e+08 1.4364e+07
0.152 8.7975e+08 1.4292e+07
0.153 8.2991e+08 1.422e+07
0.154 8.1966e+08 1.415e+07
0.155 8.153e+08 1.408e+07
0.156 7.8605e+08 1.4011e+07
0.157 7.9661e+08 1.3943e+07
0.158 7.8071e+08 1.3876e+07
0.159 7.5952e+08 1.381e+07
0.16 7.4367e+08 1.3744e+07
0.161 7.0678e+08 1.3679e+07
0.162 7.1346e+08 1.3615e+07
0.163 6.809e+08 1.3552e+07
0.164 6.6561e+08 1.3489e+07
0.165 6.7638e+08 1.3427e+07
0.166 6.7077e+08 1.3366e+07
0.167 6.3043e+08 1.3306e+07
0.168 6.7473e+08 1.3246e+07
0.169 6.0771e+08 1.3187e+07
0.17 6.2377e+08 1.3128e+07
0.171 6.0104e+08 1.3071e+07
0.172 5.6346e+08 1.3014e+07
0.173 5.6856e+08 1.2957e+07
0.174 5.6626e+08 1.2901e+07
0.175 5.4141e+08 1.2846e+07
0.176 5.482e+08 1.2792e+07
0.177 5.3004e+08 1.2738e+07
0.178 5.1214e+08 1.2685e+07
0.179 4.8148e+08 1.2633e+07
0.18 4.979e+08 1.2581e+07
0.181 4.7235e+08 1.2529e+07
0.182 4.756e+08 1.2479e+07
0.183 4.7416e+08 1.2429e+07
0.184 4.562e+08 1.2379e+07
0.185 4.3082e+08 1.233e+07
0.186 4.3303e+08 1.2282e+07
0.187 4.0796e+08 1.2234e+07
0.188 4.1084e+08 1.2187e+07
0.189 4.0453e+08 1.214e+07
0.19 4.0083e+08 1.2094e+07
0.191 3.7775e+08 1.2048e+07
0.192 3.8081e+08 1.2003e+07
0.193 3.7639e+08 1.1958e+07
0.194 3.4666e+08 1.1914e+07
0.195 3.8795e+08 1.1871e+07
0.196 3.3529e+08 1.1828e+07
0.197 3.2224e+08 1.1785e+07
0.198 3.3038e+08 1.1743e+07
0.199 3.0732e+08 1.1702e+07
0.2 3.1961e+08 1.1661e+07
0.201 3.1493e+08 1.162e+07
0.202 3.0718e+08 1.158e+07
0.203 2.6337e+08 1.154e+07
0.204 2.7797e+08 1.1501e+07
0.205 2.8903e+08 1.1462e+07
0.206 2.7673e+08 1.1424e+07
0.207 2.6451e+08 1.1386e+07
0.208 2.5262e+08 1.1349e+07
0.209 2.4559e+08 1.1312e+07
0.21 2.4428e+08 1.1275e+07
0.211 2.1523e+08 1.1239e+07
0.212 2.282e+08 1.1203e+07
0.213 2.1372e+08 1.1168e+07
0.214 2.1359e+08 1.1133e+07
0.215 2.0728e+08 1.1098e+07
0.216 1.9754e+08 1.1064e+07
0.217 1.924e+08 1.1031e+07
0.218 1.9706e+08 1.0997e+07
0.219 1.9417e+08 1.0964e+07
0.22 1.9488e+08 1.0932e+07
0.221 1.7874e+08 1.0899e+07
0.222 1.7573e+08 1.0867e+07
0.223 1.8017e+08 1.0836e+07
0.224 1.8091e+08 1.0805e+07
0.225 1.8116e+08 1.0774e+07
0.226 1.485e+08 1.0743e+07
0.227 1.4865e+08 1.0713e+07
0.228 1.5895e+08 1.0683e+07
0.229 1.3974e+08 1.0654e+07
0.23 1.4629e+08 1.0624e+07
0.231 1.327e+08 1.0596e+07
0.232 1.1845e+08 1.0567e+07
0.233 1.236e+08 1.0539e+07
0.234 1.4228e+08 1.0511e+07
0.235 1.2595e+08 1.0483e+07
0.236 1.3227e+08 1.0456e+07
0.237 1.0134e+08 1.0429e+07
0.238 1.0142e+08 1.0402e+07
0.239 1.1801e+08 1.0375e+07
0.24 1.1049e+08 1.0349e+07
0.241 1.1177e+08 1.0323e+07
0.242 9.3997e+07 1.0298e+07
0.243 1.1149e+08 1.0272e+07
0.244 9.3677e+07 1.0247e+07
0.245 6.8783e+07 1.0222e+07
0.246 8.4613e+07 1.0198e+07
0.247 6.7352e+07 1.0173e+07
0.248 9.2568e+07 1.0149e+07
0.249 7.5085e+07 1.0125e+07
0.25 8.2556e+07 1.0102e+07
0.251 8.2022e+07 1.0078e+07
0.252 7.4391e+07 1.0055e+07
0.253 6.8324e+07 1.0032e+07
0.254 5.8783e+07 1.001e+07
0.255 7.5181e+07 9.9871e+06
0.256 6.8483e+07 9.9649e+06
0.257 4.9907e+07 9.9429e+06
0.258 6.5795e+07 9.921e+06
0.259 6.4361e+07 9.8994e+06
0.26 6.4193e+07 9.8781e+06
0.261 4.8213e+07 9.8569e+06
0.262 4.6659e+07 9.8359e+06
0.263 2.9717e+07 9.8151e+06
0.264 4.836e+07 9.7945e+06
0.265 2.9473e+07 9.7741e+06
0.266 4.8327e+07 9.7539e+06
0.267 4.8331e+07 9.7339e+06
0.268 2.4699e+07 9.7141e+06
0.269 2.8524e+07 9.6944e+06
0.27 3.8942e+07 9.6749e+06
0.271 3.5987e+07 9.6556e+06
0.272 2.8579e+07 9.6365e+06
0.273 3.1087e+07 9.6175e+06
0.274 2.3261e+07 9.5988e+06
0.275 3.2512e+07 9.5801e+06
0.276 2.9471e+07 9.5617e+06
0.277 4.6163e+07 9.5434e+06
0.278 3.7747e+07 9.5252e+06
0.279 2.7978e+07 9.5073e+06
0.28 1.6017e+07 9.4894e+06
0.281 2.0997e+07 9.4717e+06
0.282 5.163e+07 9.4542e+06
0.283 2.3773e+07 9.4368e+06
0.284 1.8123e+07 9.4196e+06
0.285 3.1659e+07 9.4025e+06
0.286 2.7735e+07 9.3855e+06
0.287 2.9434e+07 9.3687e+06
0.288 1.6922e+07 9.352e+06
0.289 3.2345e+07 9.3354e+06
0.29 3.2282e+07 9.319e+06
0.291 3.5819e+07 9.3027e+06
0.292 2.5844e+07 9.2865e+06
0.293 4.8116e+07 9.2704e+06
0.294 3.0858e+07 9.2545e+06
0.295 3.4562e+06 9.2387e+06
0.296 3.1681e+07 9.223e+06
0.297 2.5367e+07 9.2074e+06
0.298 2.9688e+07 9.192e+06
0.299 3.8214e+07 9.1766e+06
0.3 2.7952e+07 9.1614e+06
0.301 4.728e+07 9.1462e+06
0.302 3.6631e+07 9.1312e+06
0.303 3.0248e+07 9.1163e+06
0.304 2.8692e+07 9.1015e+06
0.305 2.8923e+07 9.0867e+06
0.306 3.0933e+07 9.0721e+06
0.307 3.1279e+07 9.0576e+06
0.308 2.8876e+07 9.0432e+06
0.309 3.6705e+07 9.0289e+06
0.31 1.8238e+07 9.0146e+06
0.311 2.0846e+07 9.0005e+06
0.312 3.2272e+07 8.9864e+06
0.313 2.9174e+07 8.9725e+06
0.314 2.6308e+07 8.9586e+06
0.315 1.9088e+07 8.9448e+06
0.316 2.5969e+07 8.9311e+06
0.317 3.2695e+07 8.9175e+06
0.318 3.4653e+07 8.904e+06
0.319 3.6214e+07 8.8905e+06
0.32 5.0262e+07 8.8771e+06
0.321 3.6963e+07 8.8638e+06
0.322 2.2975e+07 8.8506e+06
0.323 3.6475e+07 8.8375e+06
0.324 3.0115e+07 8.8244e+06
0.325 3.414e+07 8.8114e+06
0.326 2.5005e+07 8.7985e+06
0.327 3.3259e+07 8.7856e+06
0.328 2.3652e+07 8.7728e+06
0.329 2.4935e+07 8.7601e+06
0.33 5.3816e+07 8.7474e+06
0.331 5.7522e+07 8.7349e+06
0.332 4.2026e+07 8.7223e+06
0.333 2.7239e+07 8.7099e+06
0.334 3.9179e+07 8.6975e+06
0.335 4.6194e+07 8.6851e+06
0.336 4.2121e+07 8.6729e+06
0.337 3.727e+07 8.6606e+06
0.338 4.6862e+07 8.6485e+06
0.339 5.1484e+07 8.6364e+06
0.34 2.8769e+07 8.6243e+06
0.341 3.8616e+07 8.6124e+06
0.342 3.7847e+07 8.6004e+06
0.343 3.3762e+07 8.5885e+06
0.344 4.9579e+07 8.5767e+06
0.345 3.7946e+07 8.5649e+06
0.346 2.4071e+07 8.5532e+06
0.347 5.4546e+07 8.5415e+06
0.348 4.2593e+07 8.5299e+06
0.349 4.259e+07 8.5183e+06
0.35 5.1789e+07 8.5068e+06
0.351 3.5384e+07 8.4953e+06
0.352 6.187e+07 8.4839e+06
0.353 4.4098e+07 8.4725e+06
0.354 4.4159e+07 8.4612e+06
0.355 4.4044e+07 8.4499e+06
0.356 5.0158e+07 8.4386e+06
0.357 4.3582e+07 8.4274e+06
0.358 3.584e+07 8.4163e+06
0.359 8.2106e+07 8.4051e+06
0.36 5.2043e+07 8.3941e+06
0.361 5.3382e+07 8.383e+06
0.362 5.4365e+07 8.372e+06
0.363 4.6927e+07 8.361e+06
0.364 6.0534e+07 8.3501e+06
0.365 6.2789e+07 8.3392e+06
0.366 5.1862e+07 8.3284e+06
0.367 5.9915e+07 8.3176e+06
0.368 7.1274e+07 8.3068e+06
0.369 5.3583e+07 8.2961e+06
0.37 4.4085e+07 8.2854e+06
0.371 6.0099e+07 8.2747e+06
0.372 6.006e+07 8.2641e+06
0.373 5.5123e+07 8.2535e+06
0.374 5.9476e+07 8.2429e+06
0.375 5.3763e+07 8.2324e+06
0.376 7.3177e+07 8.2219e+06
0.377 6.8551e+07 8.2114e+06
0.378 5.7451e+07 8.201e+06
0.379 5.3862e+07 8.1906e+06
0.38 5.8423e+07 8.1802e+06
0.381 7.2745e+07 8.1699e+06
0.382 5.0535e+07 8.1596e+06
0.383 5.7613e+07 8.1493e+06
0.384 7.2445e+07 8.1391e+06
0.385 7.004e+07 8.1289e+06
0.386 6.6585e+07 8.1187e+06
0.387 7.4007e+07 8.1085e+06
0.388 7.3021e+07 8.0984e+06
0.389 6.8309e+07 8.0883e+06
0.39 7.3182e+07 8.0782e+06
0.391 5.5303e+07 8.0682e+06
0.392 6.0044e+07 8.0582e+06
0.393 6.4798e+07 8.0482e+06
0.394 6.8587e+07 8.0383e+06
0.395 5.4095e+07 8.0284e+06
0.396 6.536e+07 8.0185e+06
0.397 5.5156e+07 8.0086e+06
0.398 7.1334e+07 7.9987e+06
0.399 5.3351e+07 7.9889e+06
0.4 6.621e+07 7.9791e+06
0.401 6.0264e+07 7.9694e+06
0.402 6.0241e+07 7.9596e+06
0.403 5.5731e+07 7.9499e+06
0.404 7.4571e+07 7.9403e+06
0.405 6.3616e+07 7.9306e+06
0.406 8.2055e+07 7.921e+06
0.407 6.7379e+07 7.9114e+06
0.408 7.8475e+07 7.9018e+06
0.409 7.438e+07 7.8922e+06
0.41 5.6405e+07 7.8827e+06
0.411 6.9239e+07 7.8732e+06
0.412 6.3007e+07 7.8637e+06
0.413 5.9651e+07 7.8543e+06
0.414 7.3368e+07 7.8449e+06
0.415 8.4632e+07 7.8355e+06
0.416 7.1969e+07 7.8261e+06
0.417 6.0167e+07 7.8167e+06
0.418 8.3326e+07 7.8074e+06
0.419 7.3146e+07 7.7981e+06
0.42 7.3017e+07 7.7888e+06
0.421 7.3442e+07 7.7796e+06
0.422 6.496e+07 7.7704e+06
0.423 7.4317e+07 7.7612e+06
0.424 6.7533e+07 7.752e+06
0.425 6.7576e+07 7.7428e+06
0.426 6.7686e+07 7.7337e+06
0.427 6.9888e+07 7.7246e+06
0.428 6.0313e+07 7.7155e+06
0.429 6.5154e+07 7.7065e+06
0.43 7.1646e+07 7.6974e+06
0.431 6.7753e+07 7.6884e+06
0.432 7.3887e+07 7.6794e+06
0.433 7.3303e+07 7.6705e+06
0.434 5.7096e+07 7.6615e+06
0.435 7.266e+07 7.6526e+06
0.436 6.9683e+07 7.6438e+06
0.437 5.7687e+07 7.6349e+06
0.438 6.4644e+07 7.6261e+06
0.439 7.3109e+07 7.6173e+06
0.44 6.4771e+07 7.6085e+06
0.441 6.9401e+07 7.5997e+06
0.442 7.0853e+07 7.591e+06
0.443 7.1509e+07 7.5823e+06
0.444 6.704e+07 7.5736e+06
0.445 7.1221e+07 7.5649e+06
0.446 6.2323e+07 7.5563e+06
0.447 7.3024e+07 7.5476e+06
0.448 6.982e+07 7.539e+06
0.449 6.2822e+07 7.5305e+06
0.45 5.8741e+07 7.5219e+06
0.451 7.2446e+07 7.5134e+06
0.452 6.3677e+07 7.5049e+06
0.453 7.4427e+07 7.4965e+06
0.454 5.7593e+07 7.488e+06
0.455 6.7444e+07 7.4796e+06
0.456 6.4877e+07 7.4712e+06
0.457 7.1903e+07 7.4628e+06
0.458 6.6661e+07 7.4545e+06
0.459 5.0378e+07 7.4461e+06
0.46 5.993e+07 7.4378e+06
0.461 6.5356e+07 7.4296e+06
0.462 6.2594e+07 7.4213e+06
0.463 5.8554e+07 7.4131e+06
0.464 6.563e+07 7.4049e+06
0.465 6.2012e+07 7.3967e+06
0.466 5.6497e+07 7.3885e+06
0.467 5.6753e+07 7.3804e+06
0.468 5.1649e+07 7.3723e+06
0.469 5.8687e+07 7.3642e+06
0.47 5.746e+07 7.3562e+06
0.471 6.351e+07 7.3481e+06
0.472 7.3937e+07 7.3401e+06
0.473 6.5417e+07 7.3321e+06
0.474 4.6398e+07 7.3242e+06
0.475 6.7083e+07 7.3162e+06
0.476 6.8783e+07 7.3083e+06
0.477 6.9528e+07 7.3004e+06
0.478 6.2217e+07 7.2926e+06
0.479 6.0399e+07 7.2847e+06
0.48 6.5262e+07 7.2769e+06
0.481 5.8547e+07 7.2691e+06
0.482 6.7588e+07 7.2613e+06
0.483 5.5692e+07 7.2536e+06
0.484 5.4667e+07 7.2459e+06
0.485 5.8288e+07 7.2382e+06
0.486 5.403e+07 7.2305e+06
0.487 7.1975e+07 7.2228e+06
0.488 6.1164e+07 7.2152e+06
0.489 6.2017e+07 7.2076e+06
0.49 5.3112e+07 7.2e+06
0.491 6.1882e+07 7.1925e+06
0.492 6.9218e+07 7.1849e+06
0.493 6.4751e+07 7.1774e+06
0.494 5.1931e+07 7.1699e+06
0.495 5.3958e+07 7.1625e+06
0.496 5.2795e+07 7.155e+06
0.497 7.2653e+07 7.1476e+06
0.498 6.8814e+07 7.1402e+06
0.499 6.0053e+07 7.1328e+06
0.5 4.7358e+07 7.1255e+06
