0.001 1.2523e+10 2.5046e+08
0.002 1.1883e+10 2.3765e+08
0.003 1.2402e+10 2.4803e+08
0.004 1.2507e+10 2.5014e+08
0.005 1.205e+10 2.4099e+08
0.006 1.22e+10 2.44e+08
0.007 1.1808e+10 2.3616e+08
0.008 1.1836e+10 2.3671e+08
0.009 1.1905e+10 2.381e+08
0.01 1.19e+10 2.38e+08
0.011 1.1884e+10 2.3768e+08
0.012 1.1824e+10 2.3647e+08
0.013 1.1567e+10 2.3135e+08
0.014 1.1786e+10 2.3572e+08
0.015 1.1623e+10 2.3246e+08
0.016 1.1505e+10 2.301e+08
0.017 1.1336e+10 2.2672e+08
0.018 1.1188e+10 2.2376e+08
0.019 1.1534e+10 2.3069e+08
0.02 1.1492e+10 2.2984e+08
0.021 1.1142e+10 2.2284e+08
0.022 1.1198e+10 2.2397e+08
0.023 1.1003e+10 2.2006e+08
0.024 1.0876e+10 2.1753e+08
0.025 1.0982e+10 2.1964e+08
0.026 1.1016e+10 2.2032e+08
0.027 1.0546e+10 2.1091e+08
0.028 1.0654e+10 2.1309e+08
0.029 1.0763e+10 2.1526e+08
0.03 1.0367e+10 2.0733e+08
0.031 1.0218e+10 2.0435e+08
0.032 1.0469e+10 2.0939e+08
0.033 1.0278e+10 2.0555e+08
0.034 1.0125e+10 2.0251e+08
0.035 1.0086e+10 2.0172e+08
0.036 1.0078e+10 2.0155e+08
0.037 9.8196e+09 1.9639e+08
0.038 9.6838e+09 1.9368e+08
0.039 9.6025e+09 1.9205e+08
0.04 9.4208e+09 1.8842e+08
0.041 9.383e+09 1.8766e+08
0.042 9.2645e+09 1.8529e+08
0.043 8.9962e+09 1.7992e+08
0.044 8.9633e+09 1.7927e+08
0.045 9.036e+09 1.8072e+08
0.046 8.6446e+09 1.7289e+08
0.047 8.7682e+09 1.7536e+08
0.048 8.6279e+09 1.7256e+08
0.049 8.4861e+09 1.6972e+08
0.05 8.5185e+09 1.7037e+08
0.051 8.4463e+09 1.6893e+08
0.052 8.2308e+09 1.6462e+08
0.053 8.0565e+09 1.6113e+08
0.054 7.9263e+09 1.5853e+08
0.055 7.8013e+09 1.5603e+08
0.056 7.7177e+09 1.5435e+08
0.057 7.6082e+09 1.5216e+08
0.058 7.4121e+09 1.4824e+08
0.059 7.386e+09 1.4772e+08
0.06 7.1901e+09 1.438e+08
0.061 7.1742e+09 1.4348e+08
0.062 6.9777e+09 1.3955e+08
0.063 6.9066e+09 1.3813e+08
0.064 6.7463e+09 1.3493e+08
0.065 6.6722e+09 1.3344e+08
0.066 6.6977e+09 1.3395e+08
0.067 6.4814e+09 1.2963e+08
0.068 6.4143e+09 1.2829e+08
0.069 6.3976e+09 1.2795e+08
0.07 6.2509e+09 1.2502e+08
0.071 5.9545e+09 1.1909e+08
0.072 6.0956e+09 1.2191e+08
0.073 5.92e+09 1.184e+08
0.074 5.6834e+09 1.1367e+08
0.075 5.7583e+09 1.1517e+08
0.076 5.611e+09 1.1222e+08
0.077 5.5119e+09 1.1024e+08
0.078 5.323e+09 1.0646e+08
0.079 5.2151e+09 1.043e+08
0.08 5.2616e+09 1.0523e+08
0.081 5.1304e+09 1.0261e+08
0.082 4.96e+09 9.92e+07
0.083 4.9272e+09 9.8544e+07
0.084 4.9185e+09 9.837e+07
0.085 4.8456e+09 9.6911e+07
0.086 4.6715e+09 9.343e+07
0.087 4.623e+09 9.2459e+07
0.088 4.5049e+09 9.0099e+07
0.089 4.499e+09 8.9981e+07
0.09 4.4307e+09 8.8614e+07
0.091 4.3358e+09 8.6715e+07
0.092 4.2285e+09 8.457e+07
0.093 4.0824e+09 8.1648e+07
0.094 4.0367e+09 8.0734e+07
0.095 3.9938e+09 7.9875e+07
0.096 3.9119e+09 7.8239e+07
0.097 3.8711e+09 7.7423e+07
0.098 3.8126e+09 7.6252e+07
0.099 3.7516e+09 7.5032e+07
0.1 3.6379e+09 7.2758e+07
0.101 3.5886e+09 7.1771e+07
0.102 3.5459e+09 7.0919e+07
0.103 3.4538e+09 6.9075e+07
0.104 3.3522e+09 6.7044e+07
0.105 3.3278e+09 6.6557e+07
0.106 3.307e+09 6.6141e+07
0.107 3.2336e+09 6.4673e+07
0.108 3.1141e+09 6.2282e+07
0.109 3.0488e+09 6.0976e+07
0.11 3.0387e+09 6.0774e+07
0.111 3.012e+09 6.024e+07
0.112 2.8894e+09 5.7787e+07
0.113 2.8604e+09 5.7208e+07
0.114 2.7963e+09 5.5925e+07
0.115 2.7194e+09 5.4387e+07
0.116 2.6731e+09 5.3462e+07
0.117 2.7051e+09 5.4101e+07
0.118 2.5886e+09 5.1771e+07
0.119 2.5837e+09 5.1674e+07
0.12 2.4688e+09 4.9375e+07
0.121 2.462e+09 4.9241e+07
0.122 2.4484e+09 4.8968e+07
0.123 2.3056e+09 4.6112e+07
0.124 2.3473e+09 4.6945e+07
0.125 2.2549e+09 4.5099e+07
0.126 2.2386e+09 4.4772e+07
0.127 2.1995e+09 4.399e+07
0.128 2.0739e+09 4.1479e+07
0.129 2.1305e+09 4.2611e+07
0.13 2.006e+09 4.012e+07
0.131 2.0311e+09 4.0622e+07
0.132 1.902e+09 3.804e+07
0.133 1.9246e+09 3.8491e+07
0.134 1.8941e+09 3.7882e+07
0.135 1.8012e+09 3.6023e+07
0.136 1.7852e+09 3.5704e+07
0.137 1.7265e+09 3.453e+07
0.138 1.6706e+09 3.3412e+07
0.139 1.68e+09 3.36e+07
0.14 1.5912e+09 3.1824e+07
0.141 1.6204e+09 3.2408e+07
0.142 1.5543e+09 3.1086e+07
0.143 1.5135e+09 3.0269e+07
0.144 1.4534e+09 2.9068e+07
0.145 1.4576e+09 2.9153e+07
0.146 1.415e+09 2.8301e+07
0.147 1.3702e+09 2.7405e+07
0.148 1.3606e+09 2.7211e+07
0.149 1.3603e+09 2.7206e+07
0.15 1.2501e+09 2.5003e+07
0.151 1.2251e+09 2.4503e+07
0.152 1.2208e+09 2.4415e+07
0.153 1.1653e+09 2.3305e+07
0.154 1.1654e+09 2.3309e+07
0.155 1.1257e+09 2.2515e+07
0.156 1.1112e+09 2.2225e+07
0.157 1.0274e+09 2.0549e+07
0.158 1.031e+09 2.0621e+07
0.159 1.0398e+09 2.0797e+07
0.16 9.4518e+08 1.8904e+07
0.161 9.4624e+08 1.8925e+07
0.162 9.6476e+08 1.9295e+07
0.163 8.5995e+08 1.7199e+07
0.164 8.3892e+08 1.6778e+07
0.165 8.3852e+08 1.677e+07
0.166 8.2547e+08 1.6509e+07
0.167 7.8552e+08 1.571e+07
0.168 7.7723e+08 1.5545e+07
0.169 7.3388e+08 1.4678e+07
0.17 6.8695e+08 1.3739e+07
0.171 6.937e+08 1.3874e+07
0.172 6.8142e+08 1.3628e+07
0.173 6.3346e+08 1.2669e+07
0.174 5.9612e+08 1.1922e+07
0.175 6.214e+08 1.2428e+07
0.176 5.9951e+08 1.199e+07
0.177 5.372e+08 1.0744e+07
0.178 5.8431e+08 1.1686e+07
0.179 4.6827e+08 9.3653e+06
0.18 5.211e+08 1.0422e+07
0.181 5.2642e+08 1.0528e+07
0.182 5.0606e+08 1.0121e+07
0.183 5.0238e+08 1.0048e+07
0.184 4.0376e+08 8.0753e+06
0.185 4.2044e+08 8.4087e+06
0.186 4.2767e+08 8.5534e+06
0.187 3.6817e+08 7.3635e+06
0.188 4.052e+08 8.1041e+06
0.189 3.5121e+08 7.0242e+06
0.19 3.2224e+08 6.4447e+06
0.191 3.0105e+08 6.0209e+06
0.192 3.1702e+08 6.3404e+06
0.193 2.9108e+08 5.8215e+06
0.194 2.8515e+08 5.703e+06
0.195 2.678e+08 5.356e+06
0.196 2.8254e+08 5.6507e+06
0.197 2.8615e+08 5.7231e+06
0.198 2.6484e+08 5.2969e+06
0.199 2.3824e+08 4.7649e+06
0.2 2.2401e+08 4.4803e+06
0.201 2.0657e+08 4.1315e+06
0.202 1.9432e+08 3.8865e+06
0.203 2.0853e+08 4.1707e+06
0.204 1.8671e+08 3.7341e+06
0.205 2.1148e+08 4.2296e+06
0.206 1.9215e+08 3.8429e+06
0.207 1.9217e+08 3.8434e+06
0.208 1.7929e+08 3.5858e+06
0.209 1.9687e+08 3.9375e+06
0.21 1.5907e+08 3.1815e+06
0.211 1.4342e+08 2.8684e+06
0.212 1.4816e+08 2.9632e+06
0.213 1.5898e+08 3.1797e+06
0.214 1.3119e+08 2.6239e+06
0.215 1.5086e+08 3.0172e+06
0.216 1.1697e+08 2.3394e+06
0.217 1.3523e+08 2.7047e+06
0.218 1.4516e+08 2.9033e+06
0.219 1.3224e+08 2.6449e+06
0.22 8.2738e+07 1.6548e+06
0.221 9.5572e+07 1.9114e+06
0.222 6.9731e+07 1.3946e+06
0.223 9.0729e+07 1.8146e+06
0.224 9.5703e+07 1.9141e+06
0.225 8.1177e+07 1.6235e+06
0.226 3.8881e+07 7.7763e+05
0.227 7.6723e+07 1.5345e+06
0.228 7.0102e+07 1.402e+06
0.229 6.6595e+07 1.3319e+06
0.23 8.0852e+07 1.617e+06
0.231 4.0877e+07 8.1754e+05
0.232 4.8787e+07 9.7574e+05
0.233 8.9177e+07 1.7835e+06
0.234 5.9737e+07 1.1947e+06
0.235 7.408e+07 1.4816e+06
0.236 5.8794e+07 1.1759e+06
0.237 6.487e+07 1.2974e+06
0.238 8.4059e+07 1.6812e+06
0.239 5.554e+07 1.1108e+06
0.24 7.4451e+07 1.489e+06
0.241 4.0214e+07 8.0429e+05
0.242 2.3078e+07 4.6156e+05
0.243 5.0582e+07 1.0116e+06
0.244 4.6187e+07 9.2373e+05
0.245 6.8261e+07 1.3652e+06
0.246 7.7909e+07 1.5582e+06
0.247 3.942e+07 7.884e+05
0.248 4.8681e+07 9.7362e+05
0.249 3.3027e+07 6.6054e+05
0.25 2.8906e+07 5.7813e+05
0.251 7.0371e+07 1.4074e+06
0.252 5.3693e+07 1.0739e+06
0.253 9.2239e+07 1.8448e+06
0.254 3.2937e+07 6.5875e+05
0.255 6.5031e+07 1.3006e+06
0.256 7.1567e+07 1.4313e+06
0.257 4.0788e+07 8.1577e+05
0.258 4.561e+07 9.122e+05
0.259 4.0565e+07 8.1129e+05
0.26 5.0257e+07 1.0051e+06
0.261 6.0216e+07 1.2043e+06
0.262 5.6403e+07 1.1281e+06
0.263 3.9785e+07 7.9569e+05
0.264 8.0303e+07 1.6061e+06
0.265 5.9747e+07 1.1949e+06
0.266 5.2596e+07 1.0519e+06
0.267 8.0291e+07 1.6058e+06
0.268 7.1533e+07 1.4307e+06
0.269 1.2487e+08 2.4974e+06
0.27 5.8416e+07 1.1683e+06
0.271 7.1896e+07 1.4379e+06
0.272 5.1781e+07 1.0356e+06
0.273 6.6257e+07 1.3251e+06
0.274 5.8573e+07 1.1715e+06
0.275 5.867e+07 1.1734e+06
0.276 8.9354e+07 1.7871e+06
0.277 7.1158e+07 1.4232e+06
0.278 9.7128e+07 1.9426e+06
0.279 6.7468e+07 1.3494e+06
0.28 7.9305e+07 1.5861e+06
0.281 1.1984e+08 2.3967e+06
0.282 5.9516e+07 1.1903e+06
0.283 6.5286e+07 1.3057e+06
0.284 8.0096e+07 1.6019e+06
0.285 7.339e+07 1.4678e+06
0.286 7.1228e+07 1.4246e+06
0.287 7.7305e+07 1.5461e+06
0.288 6.9205e+07 1.3841e+06
0.289 5.1688e+07 1.0338e+06
0.29 7.6044e+07 1.5209e+06
0.291 1.0377e+08 2.0753e+06
0.292 8.9805e+07 1.7961e+06
0.293 6.5366e+07 1.3073e+06
0.294 4.9803e+07 9.9607e+05
0.295 9.8981e+07 1.9796e+06
0.296 7.8712e+07 1.5742e+06
0.297 9.5164e+07 1.9033e+06
0.298 6.479e+07 1.2958e+06
0.299 7.0302e+07 1.406e+06
0.3 8.3856e+07 1.6771e+06
0.301 5.7687e+07 1.1537e+06
0.302 1.1083e+08 2.2166e+06
0.303 9.9949e+07 1.999e+06
0.304 9.2477e+07 1.8495e+06
0.305 7.7527e+07 1.5505e+06
0.306 1.0905e+08 2.1811e+06
0.307 6.6038e+07 1.3208e+06
0.308 9.8578e+07 1.9716e+06
0.309 9.7778e+07 1.9556e+06
0.31 8.6969e+07 1.7394e+06
0.311 1.1225e+08 2.2449e+06
0.312 9.6726e+07 1.9345e+06
0.313 1.0445e+08 2.0889e+06
0.314 8.1797e+07 1.6359e+06
0.315 1.0309e+08 2.0618e+06
0.316 1.2603e+08 2.5206e+06
0.317 8.6674e+07 1.7335e+06
0.318 1.2e+08 2.3999e+06
0.319 9.6064e+07 1.9213e+06
0.32 1.0092e+08 2.0183e+06
0.321 9.2589e+07 1.8518e+06
0.322 8.3784e+07 1.6757e+06
0.323 9.3832e+07 1.8766e+06
0.324 1.3204e+08 2.6408e+06
0.325 1.1093e+08 2.2186e+06
0.326 8.7386e+07 1.7477e+06
0.327 9.1969e+07 1.8394e+06
0.328 9.744e+07 1.9488e+06
0.329 8.784e+07 1.7568e+06
0.33 8.518e+07 1.7036e+06
0.331 8.5972e+07 1.7194e+06
0.332 9.2094e+07 1.8419e+06
0.333 9.6173e+07 1.9235e+06
0.334 5.5367e+07 1.1073e+06
0.335 8.2466e+07 1.6493e+06
0.336 8.4867e+07 1.6973e+06
0.337 1.0966e+08 2.1933e+06
0.338 7.25e+07 1.45e+06
0.339 1.0522e+08 2.1044e+06
0.34 8.682e+07 1.7364e+06
0.341 9.1909e+07 1.8382e+06
0.342 6.8596e+07 1.3719e+06
0.343 1.0491e+08 2.0982e+06
0.344 7.8517e+07 1.5703e+06
0.345 1.1011e+08 2.2023e+06
0.346 4.0355e+07 8.071e+05
0.347 8.6868e+07 1.7374e+06
0.348 9.2923e+07 1.8585e+06
0.349 9.6735e+07 1.9347e+06
0.35 1.0245e+08 2.049e+06
0.351 6.3289e+07 1.2658e+06
0.352 1.1195e+08 2.239e+06
0.353 9.1117e+07 1.8223e+06
0.354 9.0376e+07 1.8075e+06
0.355 7.2701e+07 1.454e+06
0.356 8.554e+07 1.7108e+06
0.357 7.887e+07 1.5774e+06
0.358 7.7674e+07 1.5535e+06
0.359 9.0174e+07 1.8035e+06
0.36 1.047e+08 2.094e+06
0.361 5.7684e+07 1.1537e+06
0.362 7.0102e+07 1.402e+06
0.363 6.4861e+07 1.2972e+06
0.364 9.9801e+07 1.996e+06
0.365 8.1567e+07 1.6313e+06
0.366 9.6501e+07 1.93e+06
0.367 7.1591e+07 1.4318e+06
0.368 9.8748e+07 1.975e+06
0.369 7.9689e+07 1.5938e+06
0.37 5.715e+07 1.143e+06
0.371 8.359e+07 1.6718e+06
0.372 1.1246e+08 2.2492e+06
0.373 7.1676e+07 1.4335e+06
0.374 6.6165e+07 1.3233e+06
0.375 8.3329e+07 1.6666e+06
0.376 7.4485e+07 1.4897e+06
0.377 7.0763e+07 1.4153e+06
0.378 7.2942e+07 1.4588e+06
0.379 4.5696e+07 9.1392e+05
0.38 6.0351e+07 1.207e+06
0.381 5.2964e+07 1.0593e+06
0.382 5.196e+07 1.0392e+06
0.383 6.6841e+07 1.3368e+06
0.384 6.3582e+07 1.2716e+06
0.385 5.5072e+07 1.1014e+06
0.386 5.3727e+07 1.0745e+06
0.387 6.6331e+07 1.3266e+06
0.388 8.3672e+07 1.6734e+06
0.389 6.4442e+07 1.2888e+06
0.39 5.8049e+07 1.161e+06
0.391 7.2247e+07 1.4449e+06
0.392 5.6251e+07 1.125e+06
0.393 5.9917e+07 1.1983e+06
0.394 5.8806e+07 1.1761e+06
0.395 5.636e+07 1.1272e+06
0.396 5.06e+07 1.012e+06
0.397 9.761e+07 1.9522e+06
0.398 7.8965e+07 1.5793e+06
0.399 7.3329e+07 1.4666e+06
0.4 4.3668e+07 8.7337e+05
0.401 7.6717e+07 1.5343e+06
0.402 6.9541e+07 1.3908e+06
0.403 6.9715e+07 1.3943e+06
0.404 3.9425e+07 7.8851e+05
0.405 7.1676e+07 1.4335e+06
0.406 5.3946e+07 1.0789e+06
0.407 5.6161e+07 1.1232e+06
0.408 8.012e+07 1.6024e+06
0.409 4.9855e+07 9.971e+05
0.41 6.1949e+07 1.239e+06
0.411 5.0679e+07 1.0136e+06
0.412 7.0779e+07 1.4156e+06
0.413 6.5527e+07 1.3105e+06
0.414 6.6948e+07 1.339e+06
0.415 5.4169e+07 1.0834e+06
0.416 3.5586e+07 7.1172e+05
0.417 6.3e+07 1.26e+06
0.418 6.9819e+07 1.3964e+06
0.419 4.4707e+07 8.9415e+05
0.42 4.9136e+07 9.8273e+05
0.421 4.2547e+07 8.5093e+05
0.422 5.14e+07 1.028e+06
0.423 4.7687e+07 9.5373e+05
0.424 6.1817e+07 1.2363e+06
0.425 6.0061e+07 1.2012e+06
0.426 5.1128e+07 1.0226e+06
0.427 7.2485e+07 1.4497e+06
0.428 5.6482e+07 1.1296e+06
0.429 4.1812e+07 8.3624e+05
0.43 5.9839e+07 1.1968e+06
0.431 4.6096e+07 9.2192e+05
0.432 4.299e+07 8.598e+05
0.433 5.7275e+07 1.1455e+06
0.434 5.0254e+07 1.0051e+06
0.435 5.0784e+07 1.0157e+06
0.436 5.552e+07 1.1104e+06
0.437 6.6667e+07 1.3333e+06
0.438 7.5276e+07 1.5055e+06
0.439 4.7028e+07 9.4057e+05
0.44 3.8935e+07 7.7869e+05
0.441 5.8633e+07 1.1727e+06
0.442 4.5573e+07 9.1146e+05
0.443 4.2128e+07 8.4255e+05
0.444 7.2419e+07 1.4484e+06
0.445 5.1526e+07 1.0305e+06
0.446 4.0376e+07 8.0753e+05
0.447 4.4302e+07 8.8604e+05
0.448 2.9709e+07 5.9418e+05
0.449 5.8556e+07 1.1711e+06
0.45 4.8263e+07 9.6526e+05
0.451 3.7993e+07 7.5986e+05
0.452 5.448e+07 1.0896e+06
0.453 5.0139e+07 1.0028e+06
0.454 5.5279e+07 1.1056e+06
0.455 2.0086e+07 4.0173e+05
0.456 4.7051e+07 9.4103e+05
0.457 3.4881e+07 6.9762e+05
0.458 7.1609e+07 1.4322e+06
0.459 4.5075e+07 9.015e+05
0.46 3.2004e+07 6.4008e+05
0.461 4.0083e+07 8.0166e+05
0.462 5.6248e+07 1.125e+06
0.463 5.7244e+07 1.1449e+06
0.464 4.8959e+07 9.7918e+05
0.465 5.1943e+07 1.0389e+06
0.466 3.9707e+07 7.9413e+05
0.467 5.5656e+07 1.1131e+06
0.468 5.0015e+07 1.0003e+06
0.469 5.0035e+07 1.0007e+06
0.47 4.9927e+07 9.9853e+05
0.471 5.0101e+07 1.002e+06
0.472 4.5878e+07 9.1756e+05
0.473 3.6804e+07 7.3607e+05
0.474 5.0053e+07 1.0011e+06
0.475 2.2814e+07 4.5628e+05
0.476 4.1677e+07 8.3354e+05
0.477 3.9011e+07 7.8021e+05
0.478 5.0303e+07 1.0061e+06
0.479 5.2573e+07 1.0515e+06
0.48 2.7481e+07 5.4962e+05
0.481 3.8488e+07 7.6976e+05
0.482 3.7654e+07 7.5308e+05
0.483 4.513e+07 9.0259e+05
0.484 6.2726e+07 1.2545e+06
0.485 4.4236e+07 8.8472e+05
0.486 5.0009e+07 1.0002e+06
0.487 5.7667e+07 1.1533e+06
0.488 4.1085e+07 8.2171e+05
0.489 7.5574e+07 1.5115e+06
0.49 4.8855e+07 9.771e+05
0.491 2.3638e+07 4.7276e+05
0.492 4.2425e+07 8.485e+05
0.493 2.5706e+07 5.1411e+05
0.494 2.9832e+07 5.9663e+05
0.495 6.5978e+07 1.3196e+06
0.496 3.7246e+07 7.4493e+05
0.497 4.627e+07 9.254e+05
0.498 4.7706e+07 9.5412e+05
0.499 4.43e+07 8.8599e+05
0.5 2.6841e+07 5.3682e+05
