0.001 7.8934e+09 3.7918e+08
0.002 7.6759e+09 2.6808e+08
0.003 7.3632e+09 2.1883e+08
0.004 7.7747e+09 1.8944e+08
0.005 7.4773e+09 1.6936e+08
0.006 7.4348e+09 1.5451e+08
0.007 7.2733e+09 1.4295e+08
0.008 7.371e+09 1.3361e+08
0.009 7.2628e+09 1.2585e+08
0.01 7.1303e+09 1.1928e+08
0.011 7.2153e+09 1.136e+08
0.012 7.2752e+09 1.0863e+08
0.013 7.2034e+09 1.0423e+08
0.014 7.098e+09 1.0029e+08
0.015 7.17e+09 9.6741e+07
0.016 7.3056e+09 9.3514e+07
0.017 7.0858e+09 9.0563e+07
0.018 7.1173e+09 8.7848e+07
0.019 7.0697e+09 8.5336e+07
0.02 7.0501e+09 8.3004e+07
0.021 7.0253e+09 8.0827e+07
0.022 6.9114e+09 7.8788e+07
0.023 6.8281e+09 7.6873e+07
0.024 6.8727e+09 7.5067e+07
0.025 6.8038e+09 7.336e+07
0.026 6.7476e+09 7.1741e+07
0.027 6.6503e+09 7.0203e+07
0.028 6.6873e+09 6.8738e+07
0.029 6.6048e+09 6.734e+07
0.03 6.5591e+09 6.6002e+07
0.031 6.3897e+09 6.4721e+07
0.032 6.4785e+09 6.3491e+07
0.033 6.3665e+09 6.2308e+07
0.034 6.4596e+09 6.1169e+07
0.035 6.2462e+09 6.0071e+07
0.036 6.278e+09 5.9011e+07
0.037 6.1998e+09 5.7987e+07
0.038 6.1543e+09 5.6995e+07
0.039 6.0716e+09 5.6034e+07
0.04 5.9511e+09 5.5102e+07
0.041 5.9554e+09 5.4197e+07
0.042 5.8875e+09 5.3318e+07
0.043 5.8323e+09 5.2462e+07
0.044 5.8781e+09 5.163e+07
0.045 5.7088e+09 5.0819e+07
0.046 5.5984e+09 5.0028e+07
0.047 5.5358e+09 4.9257e+07
0.048 5.496e+09 4.8504e+07
0.049 5.474e+09 4.7768e+07
0.05 5.3335e+09 4.7049e+07
0.051 5.2865e+09 4.6346e+07
0.052 5.1981e+09 4.5658e+07
0.053 5.0603e+09 4.4985e+07
0.054 5.0445e+09 4.4326e+07
0.055 4.9997e+09 4.3679e+07
0.056 4.8975e+09 4.3046e+07
0.057 4.8659e+09 4.2425e+07
0.058 4.8345e+09 4.1816e+07
0.059 4.7088e+09 4.1218e+07
0.06 4.6966e+09 4.0631e+07
0.061 4.5494e+09 4.0055e+07
0.062 4.5242e+09 3.949e+07
0.063 4.3763e+09 3.8934e+07
0.064 4.3864e+09 3.8388e+07
0.065 4.3053e+09 3.7851e+07
0.066 4.1963e+09 3.7324e+07
0.067 4.1447e+09 3.6805e+07
0.068 4.0942e+09 3.6295e+07
0.069 3.9541e+09 3.5794e+07
0.07 3.9669e+09 3.53e+07
0.071 3.8866e+09 3.4815e+07
0.072 3.8015e+09 3.4337e+07
0.073 3.759e+09 3.3867e+07
0.074 3.5956e+09 3.3405e+07
0.075 3.5458e+09 3.295e+07
0.076 3.5399e+09 3.2502e+07
0.077 3.4424e+09 3.2061e+07
0.078 3.402e+09 3.1627e+07
0.079 3.3256e+09 3.12e+07
0.08 3.1962e+09 3.0779e+07
0.081 3.1527e+09 3.0365e+07
0.082 3.1383e+09 2.9958e+07
0.083 3.0352e+09 2.9557e+07
0.084 2.958e+09 2.9162e+07
0.085 2.8965e+09 2.8773e+07
0.086 2.8347e+09 2.8391e+07
0.087 2.7946e+09 2.8014e+07
0.088 2.6817e+09 2.7643e+07
0.089 2.627e+09 2.7279e+07
0.09 2.5961e+09 2.692e+07
0.091 2.5211e+09 2.6566e+07
0.092 2.4348e+09 2.6219e+07
0.093 2.3682e+09 2.5877e+07
0.094 2.322e+09 2.554e+07
0.095 2.2473e+09 2.5209e+07
0.096 2.1871e+09 2.4884e+07
0.097 2.1519e+09 2.4564e+07
0.098 2.0824e+09 2.4249e+07
0.099 2.0882e+09 2.394e+07
0.1 2.012e+09 2.3635e+07
0.101 1.9797e+09 2.3336e+07
0.102 1.8767e+09 2.3042e+07
0.103 1.8732e+09 2.2753e+07
0.104 1.8061e+09 2.247e+07
0.105 1.7524e+09 2.2191e+07
0.106 1.7321e+09 2.1917e+07
0.107 1.6724e+09 2.1648e+07
0.108 1.6541e+09 2.1384e+07
0.109 1.5749e+09 2.1125e+07
0.11 1.5447e+09 2.087e+07
0.111 1.4569e+09 2.062e+07
0.112 1.4543e+09 2.0375e+07
0.113 1.3777e+09 2.0135e+07
0.114 1.3317e+09 1.9899e+07
0.115 1.2982e+09 1.9668e+07
0.116 1.2518e+09 1.9442e+07
0.117 1.2668e+09 1.922e+07
0.118 1.2254e+09 1.9002e+07
0.119 1.1498e+09 1.8789e+07
0.12 1.1235e+09 1.858e+07
0.121 1.076e+09 1.8375e+07
0.122 1.0709e+09 1.8175e+07
0.123 1.0094e+09 1.7979e+07
0.124 1.014e+09 1.7787e+07
0.125 9.5186e+08 1.7599e+07
0.126 9.0901e+08 1.7415e+07
0.127 9.0331e+08 1.7235e+07
0.128 8.6525e+08 1.706e+07
0.129 8.6423e+08 1.6888e+07
0.13 7.9018e+08 1.672e+07
0.131 7.736e+08 1.6556e+07
0.132 7.8214e+08 1.6395e+07
0.133 7.5885e+08 1.6239e+07
0.134 7.2444e+08 1.6086e+07
0.135 6.903e+08 1.5936e+07
0.136 6.7091e+08 1.5791e+07
0.137 6.5628e+08 1.5648e+07
0.138 6.4366e+08 1.5509e+07
0.139 5.8574e+08 1.5374e+07
0.14 6.0653e+08 1.5241e+07
0.141 5.8042e+08 1.5112e+07
0.142 5.4184e+08 1.4987e+07
0.143 5.1648e+08 1.4864e+07
0.144 5.0953e+08 1.4744e+07
0.145 5.2213e+08 1.4628e+07
0.146 4.8195e+08 1.4514e+07
0.147 4.3612e+08 1.4403e+07
0.148 4.2431e+08 1.4295e+07
0.149 4.2234e+08 1.419e+07
0.15 4.0359e+08 1.4088e+07
0.151 3.914e+08 1.3988e+07
0.152 3.7369e+08 1.3891e+07
0.153 3.797e+08 1.3796e+07
0.154 3.8584e+08 1.3703e+07
0.155 3.2243e+08 1.3614e+07
0.156 3.5417e+08 1.3526e+07
0.157 3.2118e+08 1.3441e+07
0.158 2.8689e+08 1.3358e+07
0.159 3.1797e+08 1.3277e+07
0.16 3.0081e+08 1.3198e+07
0.161 2.8567e+08 1.3121e+07
0.162 2.8043e+08 1.3046e+07
0.163 2.7701e+08 1.2973e+07
0.164 2.5006e+08 1.2902e+07
0.165 2.5376e+08 1.2833e+07
0.166 2.4292e+08 1.2766e+07
0.167 2.4196e+08 1.27e+07
0.168 2.2458e+08 1.2636e+07
0.169 2.4372e+08 1.2573e+07
0.17 2.1581e+08 1.2512e+07
0.171 2.1916e+08 1.2452e+07
0.172 2.0756e+08 1.2394e+07
0.173 1.9958e+08 1.2338e+07
0.174 2.0217e+08 1.2282e+07
0.175 1.9489e+08 1.2228e+07
0.176 1.8744e+08 1.2175e+07
0.177 1.9518e+08 1.2124e+07
0.178 1.9825e+08 1.2073e+07
0.179 1.6776e+08 1.2024e+07
0.18 1.8152e+08 1.1976e+07
0.181 1.5707e+08 1.1929e+07
0.182 1.7279e+08 1.1882e+07
0.183 1.4563e+08 1.1837e+07
0.184 1.7557e+08 1.1793e+07
0.185 1.7125e+08 1.1749e+07
0.186 1.3879e+08 1.1707e+07
0.187 1.6681e+08 1.1665e+07
0.188 1.202e+08 1.1624e+07
0.189 1.4761e+08 1.1584e+07
0.19 1.3238e+08 1.1545e+07
0.191 1.5335e+08 1.1506e+07
0.192 1.4239e+08 1.1468e+07
0.193 1.4994e+08 1.1431e+07
0.194 1.4407e+08 1.1394e+07
0.195 1.336e+08 1.1358e+07
0.196 1.2808e+08 1.1322e+07
0.197 1.2037e+08 1.1287e+07
0.198 1.2475e+08 1.1253e+07
0.199 1.2987e+08 1.1219e+07
0.2 1.4124e+08 1.1185e+07
0.201 1.0736e+08 1.1152e+07
0.202 1.2539e+08 1.112e+07
0.203 1.4329e+08 1.1088e+07
0.204 1.1863e+08 1.1056e+07
0.205 1.2659e+08 1.1025e+07
0.206 1.0984e+08 1.0994e+07
0.207 1.2747e+08 1.0963e+07
0.208 1.0086e+08 1.0933e+07
0.209 1.0732e+08 1.0903e+07
0.21 1.0515e+08 1.0874e+07
0.211 1.0458e+08 1.0844e+07
0.212 1.0263e+08 1.0816e+07
0.213 1.0971e+08 1.0787e+07
0.214 1.039e+08 1.0759e+07
0.215 1.119e+08 1.0731e+07
0.216 1.3203e+08 1.0703e+07
0.217 1.1757e+08 1.0676e+07
0.218 9.6427e+07 1.0648e+07
0.219 1.0234e+08 1.0621e+07
0.22 1.116e+08 1.0595e+07
0.221 9.9504e+07 1.0568e+07
0.222 9.6182e+07 1.0542e+07
0.223 1.0258e+08 1.0516e+07
0.224 1.0604e+08 1.049e+07
0.225 1.1026e+08 1.0464e+07
0.226 1.2313e+08 1.0439e+07
0.227 8.5716e+07 1.0413e+07
0.228 8.5069e+07 1.0388e+07
0.229 1.0065e+08 1.0363e+07
0.23 1.1507e+08 1.0339e+07
0.231 8.1566e+07 1.0314e+07
0.232 1.1492e+08 1.029e+07
0.233 9.712e+07 1.0266e+07
0.234 9.0378e+07 1.0242e+07
0.235 9.4963e+07 1.0218e+07
0.236 7.9405e+07 1.0194e+07
0.237 1.0267e+08 1.0171e+07
0.238 9.0873e+07 1.0147e+07
0.239 9.6416e+07 1.0124e+07
0.24 9.0035e+07 1.0101e+07
0.241 9.4109e+07 1.0078e+07
0.242 7.4189e+07 1.0055e+07
0.243 9.7794e+07 1.0032e+07
0.244 9.2259e+07 1.001e+07
0.245 6.7299e+07 9.9875e+06
0.246 9.1361e+07 9.9652e+06
0.247 8.8821e+07 9.9431e+06
0.248 8.0805e+07 9.9212e+06
0.249 8.6259e+07 9.8993e+06
0.25 7.4159e+07 9.8776e+06
0.251 7.6563e+07 9.856e+06
0.252 8.2002e+07 9.8346e+06
0.253 1.0678e+08 9.8133e+06
0.254 7.5797e+07 9.7921e+06
0.255 7.6132e+07 9.7711e+06
0.256 8.214e+07 9.7501e+06
0.257 8.5687e+07 9.7293e+06
0.258 8.6438e+07 9.7086e+06
0.259 8.0382e+07 9.6881e+06
0.26 7.4969e+07 9.6676e+06
0.261 8.1003e+07 9.6473e+06
0.262 6.9658e+07 9.6271e+06
0.263 9.4127e+07 9.607e+06
0.264 6.9972e+07 9.5871e+06
0.265 6.8727e+07 9.5672e+06
0.266 8.4776e+07 9.5475e+06
0.267 7.1245e+07 9.5279e+06
0.268 7.8164e+07 9.5084e+06
0.269 4.5314e+07 9.489e+06
0.27 7.6423e+07 9.4698e+06
0.271 8.1202e+07 9.4506e+06
0.272 6.5635e+07 9.4316e+06
0.273 7.1147e+07 9.4127e+06
0.274 8.5196e+07 9.3938e+06
0.275 8.53e+07 9.3751e+06
0.276 6.9945e+07 9.3565e+06
0.277 7.1391e+07 9.338e+06
0.278 7.5505e+07 9.3196e+06
0.279 6.3427e+07 9.3014e+06
0.28 6.0644e+07 9.2832e+06
0.281 6.827e+07 9.2651e+06
0.282 6.0142e+07 9.2472e+06
0.283 6.3125e+07 9.2293e+06
0.284 5.9972e+07 9.2115e+06
0.285 7.8653e+07 9.1939e+06
0.286 6.6215e+07 9.1763e+06
0.287 7.5894e+07 9.1589e+06
0.288 8.6861e+07 9.1416e+06
0.289 4.733e+07 9.1243e+06
0.29 9.1765e+07 9.1072e+06
0.291 6.2693e+07 9.0901e+06
0.292 6.1921e+07 9.0732e+06
0.293 5.4754e+07 9.0563e+06
0.294 4.2643e+07 9.0395e+06
0.295 5.0354e+07 9.0229e+06
0.296 7.1824e+07 9.0063e+06
0.297 6.7605e+07 8.9898e+06
0.298 5.4574e+07 8.9735e+06
0.299 6.163e+07 8.9572e+06
0.3 5.2539e+07 8.941e+06
0.301 6.1707e+07 8.9249e+06
0.302 7.5742e+07 8.9089e+06
0.303 7.2738e+07 8.893e+06
0.304 5.8012e+07 8.8771e+06
0.305 5.8248e+07 8.8614e+06
0.306 6.4724e+07 8.8457e+06
0.307 5.4137e+07 8.8302e+06
0.308 6.7366e+07 8.8147e+06
0.309 6.6339e+07 8.7993e+06
0.31 5.3423e+07 8.784e+06
0.311 6.6634e+07 8.7688e+06
0.312 5.909e+07 8.7536e+06
0.313 5.9732e+07 8.7386e+06
0.314 6.6926e+07 8.7236e+06
0.315 5.3014e+07 8.7087e+06
0.316 4.9139e+07 8.6939e+06
0.317 4.6559e+07 8.6792e+06
0.318 4.8814e+07 8.6646e+06
0.319 6.0752e+07 8.65e+06
0.32 5.4086e+07 8.6356e+06
0.321 3.6705e+07 8.6212e+06
0.322 4.3115e+07 8.6068e+06
0.323 5.2092e+07 8.5926e+06
0.324 4.5649e+07 8.5784e+06
0.325 5.9119e+07 8.5644e+06
0.326 5.2696e+07 8.5504e+06
0.327 6.0265e+07 8.5364e+06
0.328 6.7238e+07 8.5226e+06
0.329 4.3589e+07 8.5088e+06
0.33 6.0507e+07 8.4951e+06
0.331 3.8155e+07 8.4815e+06
0.332 5.2003e+07 8.4679e+06
0.333 3.6369e+07 8.4544e+06
0.334 4.6479e+07 8.441e+06
0.335 4.0452e+07 8.4277e+06
0.336 5.2967e+07 8.4144e+06
0.337 3.8553e+07 8.4012e+06
0.338 3.6965e+07 8.3881e+06
0.339 5.4266e+07 8.375e+06
0.34 6.6469e+07 8.362e+06
0.341 3.5738e+07 8.3491e+06
0.342 5.5355e+07 8.3363e+06
0.343 5.1336e+07 8.3235e+06
0.344 5.0547e+07 8.3108e+06
0.345 4.8957e+07 8.2981e+06
0.346 4.6464e+07 8.2856e+06
0.347 4.2965e+07 8.273e+06
0.348 4.9136e+07 8.2606e+06
0.349 5.2631e+07 8.2482e+06
0.35 3.3307e+07 8.2359e+06
0.351 5.1294e+07 8.2236e+06
0.352 3.5915e+07 8.2114e+06
0.353 4.3603e+07 8.1993e+06
0.354 4.4173e+07 8.1872e+06
0.355 2.5759e+07 8.1752e+06
0.356 3.1591e+07 8.1633e+06
0.357 3.4464e+07 8.1514e+06
0.358 4.8569e+07 8.1396e+06
0.359 3.7103e+07 8.1278e+06
0.36 3.6503e+07 8.1161e+06
0.361 4.311e+07 8.1045e+06
0.362 2.2039e+07 8.0929e+06
0.363 4.7328e+07 8.0814e+06
0.364 4.3726e+07 8.0699e+06
0.365 2.0957e+07 8.0585e+06
0.366 5.2676e+07 8.0472e+06
0.367 3.5116e+07 8.0359e+06
0.368 3.8822e+07 8.0246e+06
0.369 4.0725e+07 8.0134e+06
0.37 3.9532e+07 8.0023e+06
0.371 4.1113e+07 7.9912e+06
0.372 5.713e+07 7.9802e+06
0.373 2.8245e+07 7.9692e+06
0.374 4.3756e+07 7.9583e+06
0.375 3.514e+07 7.9474e+06
0.376 5.3508e+07 7.9366e+06
0.377 3.1931e+07 7.9258e+06
0.378 3.3512e+07 7.9151e+06
0.379 3.9607e+07 7.9044e+06
0.38 3.3789e+07 7.8938e+06
0.381 4.9295e+07 7.8833e+06
0.382 4.7357e+07 7.8727e+06
0.383 3.5609e+07 7.8623e+06
0.384 5.4705e+07 7.8518e+06
0.385 3.8102e+07 7.8415e+06
0.386 3.659e+07 7.8311e+06
0.387 4.7545e+07 7.8208e+06
0.388 4.3358e+07 7.8106e+06
0.389 4.4056e+07 7.8004e+06
0.39 3.9034e+07 7.7902e+06
0.391 4.287e+07 7.7801e+06
0.392 4.984e+07 7.7701e+06
0.393 4.2658e+07 7.76e+06
0.394 4.1355e+07 7.7501e+06
0.395 4.9094e+07 7.7401e+06
0.396 5.7571e+07 7.7302e+06
0.397 3.8201e+07 7.7204e+06
0.398 5.5162e+07 7.7105e+06
0.399 2.9941e+07 7.7008e+06
0.4 4.1425e+07 7.691e+06
0.401 4.4885e+07 7.6813e+06
0.402 4.6769e+07 7.6717e+06
0.403 3.7362e+07 7.6621e+06
0.404 4.5894e+07 7.6525e+06
0.405 4.1698e+07 7.6429e+06
0.406 3.3151e+07 7.6334e+06
0.407 4.1513e+07 7.6239e+06
0.408 5.62e+07 7.6145e+06
0.409 3.6961e+07 7.6051e+06
0.41 5.4727e+07 7.5957e+06
0.411 5.5189e+07 7.5864e+06
0.412 4.1311e+07 7.5771e+06
0.413 3.7148e+07 7.5678e+06
0.414 4.0223e+07 7.5586e+06
0.415 4.1543e+07 7.5494e+06
0.416 3.4409e+07 7.5403e+06
0.417 2.4519e+07 7.5311e+06
0.418 5.0514e+07 7.522e+06
0.419 4.2923e+07 7.513e+06
0.42 4.3468e+07 7.5039e+06
0.421 3.3955e+07 7.4949e+06
0.422 4.2083e+07 7.486e+06
0.423 4.7009e+07 7.477e+06
0.424 4.239e+07 7.4681e+06
0.425 4.1542e+07 7.4592e+06
0.426 4.7434e+07 7.4504e+06
0.427 3.0498e+07 7.4416e+06
0.428 3.4052e+07 7.4328e+06
0.429 3.7975e+07 7.424e+06
0.43 4.874e+07 7.4153e+06
0.431 4.8298e+07 7.4066e+06
0.432 4.2315e+07 7.3979e+06
0.433 3.9509e+07 7.3893e+06
0.434 4.8906e+07 7.3806e+06
0.435 4.1322e+07 7.372e+06
0.436 4.375e+07 7.3635e+06
0.437 4.7161e+07 7.355e+06
0.438 3.4168e+07 7.3464e+06
0.439 4.0591e+07 7.338e+06
0.44 3.5971e+07 7.3295e+06
0.441 3.6134e+07 7.3211e+06
0.442 3.6918e+07 7.3127e+06
0.443 2.4105e+07 7.3043e+06
0.444 3.429e+07 7.296e+06
0.445 3.2636e+07 7.2877e+06
0.446 3.5016e+07 7.2794e+06
0.447 3.2079e+07 7.2711e+06
0.448 3.8216e+07 7.2629e+06
0.449 4.6709e+07 7.2547e+06
0.45 3.421e+07 7.2465e+06
0.451 4.2707e+07 7.2383e+06
0.452 3.2977e+07 7.2302e+06
0.453 3.665e+07 7.2221e+06
0.454 4.425e+07 7.214e+06
0.455 2.4308e+07 7.206e+06
0.456 3.6577e+07 7.1979e+06
0.457 4.7e+07 7.1899e+06
0.458 4.0557e+07 7.182e+06
0.459 3.6209e+07 7.174e+06
0.46 4.2225e+07 7.1661e+06
0.461 5.0135e+07 7.1582e+06
0.462 4.1409e+07 7.1504e+06
0.463 2.7997e+07 7.1425e+06
0.464 2.7663e+07 7.1347e+06
0.465 3.4378e+07 7.1269e+06
0.466 4.2699e+07 7.1191e+06
0.467 4.6943e+07 7.1114e+06
0.468 3.7082e+07 7.1037e+06
0.469 5.2613e+07 7.096e+06
0.47 4.0496e+07 7.0883e+06
0.471 4.421e+07 7.0807e+06
0.472 4.3603e+07 7.0731e+06
0.473 3.9968e+07 7.0655e+06
0.474 3.3353e+07 7.058e+06
0.475 3.558e+07 7.0504e+06
0.476 3.4407e+07 7.0429e+06
0.477 3.8688e+07 7.0355e+06
0.478 4.2837e+07 7.028e+06
0.479 4.1164e+07 7.0206e+06
0.48 3.7633e+07 7.0132e+06
0.481 4.7147e+07 7.0058e+06
0.482 3.6683e+07 6.9984e+06
0.483 3.733e+07 6.9911e+06
0.484 3.5226e+07 6.9838e+06
0.485 3.9453e+07 6.9765e+06
0.486 4.6507e+07 6.9693e+06
0.487 2.2364e+07 6.9621e+06
0.488 4.3827e+07 6.9549e+06
0.489 4.2244e+07 6.9477e+06
0.49 3.5701e+07 6.9405e+06
0.491 3.1614e+07 6.9334e+06
0.492 4.1544e+07 6.9263e+06
0.493 3.5458e+07 6.9192e+06
0.494 4.3246e+07 6.9122e+06
0.495 4.4952e+07 6.9052e+06
0.496 2.4327e+07 6.8981e+06
0.497 3.7435e+07 6.8912e+06
0.498 2.0906e+07 6.8842e+06
0.499 3.1659e+07 6.8773e+06
0.5 3.5432e+07 6.8704e+06
