0.001 9.8219e+09 1.9644e+08
0.002 9.9612e+09 1.9922e+08
0.003 9.8027e+09 1.9605e+08
0.004 9.9425e+09 1.9885e+08
0.005 9.8866e+09 1.9773e+08
0.006 9.6574e+09 1.9315e+08
0.007 9.6857e+09 1.9371e+08
0.008 9.1854e+09 1.8371e+08
0.009 9.614e+09 1.9228e+08
0.01 9.3862e+09 1.8772e+08
0.011 9.4454e+09 1.8891e+08
0.012 9.3964e+09 1.8793e+08
0.013 9.0408e+09 1.8082e+08
0.014 9.1452e+09 1.829e+08
0.015 9.0497e+09 1.8099e+08
0.016 8.951e+09 1.7902e+08
0.017 9.082e+09 1.8164e+08
0.018 9.0707e+09 1.8141e+08
0.019 9.1149e+09 1.823e+08
0.02 8.701e+09 1.7402e+08
0.021 8.8837e+09 1.7767e+08
0.022 8.9442e+09 1.7888e+08
0.023 8.705e+09 1.741e+08
0.024 8.6724e+09 1.7345e+08
0.025 8.8039e+09 1.7608e+08
0.026 8.7101e+09 1.742e+08
0.027 8.5821e+09 1.7164e+08
0.028 8.4139e+09 1.6828e+08
0.029 8.581e+09 1.7162e+08
0.03 8.2861e+09 1.6572e+08
0.031 8.4155e+09 1.6831e+08
0.032 8.4056e+09 1.6811e+08
0.033 8.0416e+09 1.6083e+08
0.034 8.1462e+09 1.6292e+08
0.035 8.0245e+09 1.6049e+08
0.036 8.111e+09 1.6222e+08
0.037 7.8119e+09 1.5624e+08
0.038 7.7264e+09 1.5453e+08
0.039 7.7385e+09 1.5477e+08
0.04 7.7976e+09 1.5595e+08
0.041 7.6739e+09 1.5348e+08
0.042 7.5455e+09 1.5091e+08
0.043 7.4044e+09 1.4809e+08
0.044 7.3233e+09 1.4647e+08
0.045 7.1697e+09 1.4339e+08
0.046 7.2971e+09 1.4594e+08
0.047 7.0811e+09 1.4162e+08
0.048 7.0797e+09 1.4159e+08
0.049 7.0338e+09 1.4068e+08
0.05 6.8685e+09 1.3737e+08
0.051 6.7732e+09 1.3546e+08
0.052 6.8186e+09 1.3637e+08
0.053 6.6146e+09 1.3229e+08
0.054 6.5643e+09 1.3129e+08
0.055 6.4183e+09 1.2837e+08
0.056 6.5136e+09 1.3027e+08
0.057 6.2653e+09 1.2531e+08
0.058 6.1949e+09 1.239e+08
0.059 6.1205e+09 1.2241e+08
0.06 5.9137e+09 1.1827e+08
0.061 6.0002e+09 1.2e+08
0.062 5.8107e+09 1.1621e+08
0.063 5.748e+09 1.1496e+08
0.064 5.5755e+09 1.1151e+08
0.065 5.5388e+09 1.1078e+08
0.066 5.6137e+09 1.1227e+08
0.067 5.4031e+09 1.0806e+08
0.068 5.3207e+09 1.0641e+08
0.069 5.2205e+09 1.0441e+08
0.07 5.2135e+09 1.0427e+08
0.071 5.1063e+09 1.0213e+08
0.072 5.0881e+09 1.0176e+08
0.073 4.8148e+09 9.6297e+07
0.074 4.8663e+09 9.7325e+07
0.075 4.6988e+09 9.3977e+07
0.076 4.6679e+09 9.3358e+07
0.077 4.5542e+09 9.1083e+07
0.078 4.5211e+09 9.0421e+07
0.079 4.3547e+09 8.7095e+07
0.08 4.368e+09 8.736e+07
0.081 4.2587e+09 8.5174e+07
0.082 4.0705e+09 8.141e+07
0.083 4.0369e+09 8.0738e+07
0.084 3.9952e+09 7.9904e+07
0.085 3.8894e+09 7.7787e+07
0.086 3.7983e+09 7.5965e+07
0.087 3.7968e+09 7.5936e+07
0.088 3.6461e+09 7.2923e+07
0.089 3.6048e+09 7.2096e+07
0.09 3.5177e+09 7.0353e+07
0.091 3.446e+09 6.8919e+07
0.092 3.394e+09 6.7879e+07
0.093 3.3029e+09 6.6059e+07
0.094 3.2402e+09 6.4805e+07
0.095 3.2385e+09 6.477e+07
0.096 3.1003e+09 6.2006e+07
0.097 3.1333e+09 6.2667e+07
0.098 3.0699e+09 6.1398e+07
0.099 2.9963e+09 5.9926e+07
0.1 2.8877e+09 5.7755e+07
0.101 2.8532e+09 5.7063e+07
0.102 2.7423e+09 5.4845e+07
0.103 2.7412e+09 5.4824e+07
0.104 2.7428e+09 5.4856e+07
0.105 2.602e+09 5.2039e+07
0.106 2.5881e+09 5.1762e+07
0.107 2.5361e+09 5.0722e+07
0.108 2.4295e+09 4.8591e+07
0.109 2.3521e+09 4.7043e+07
0.11 2.3746e+09 4.7492e+07
0.111 2.3057e+09 4.6115e+07
0.112 2.2565e+09 4.5129e+07
0.113 2.2092e+09 4.4183e+07
0.114 2.1554e+09 4.3108e+07
0.115 2.0918e+09 4.1836e+07
0.116 2.0228e+09 4.0456e+07
0.117 2.0618e+09 4.1237e+07
0.118 1.9399e+09 3.8798e+07
0.119 1.9771e+09 3.9541e+07
0.12 1.9144e+09 3.8288e+07
0.121 1.8721e+09 3.7442e+07
0.122 1.7544e+09 3.5089e+07
0.123 1.7266e+09 3.4531e+07
0.124 1.7324e+09 3.4648e+07
0.125 1.7266e+09 3.4531e+07
0.126 1.657e+09 3.3139e+07
0.127 1.6302e+09 3.2603e+07
0.128 1.5745e+09 3.1489e+07
0.129 1.5616e+09 3.1233e+07
0.13 1.5002e+09 3.0003e+07
0.131 1.5255e+09 3.051e+07
0.132 1.4519e+09 2.9039e+07
0.133 1.4239e+09 2.8478e+07
0.134 1.4269e+09 2.8538e+07
0.135 1.3407e+09 2.6813e+07
0.136 1.395e+09 2.79e+07
0.137 1.3226e+09 2.6451e+07
0.138 1.3198e+09 2.6396e+07
0.139 1.2405e+09 2.4809e+07
0.14 1.2582e+09 2.5163e+07
0.141 1.209e+09 2.418e+07
0.142 1.1617e+09 2.3234e+07
0.143 1.1426e+09 2.2852e+07
0.144 1.1411e+09 2.2821e+07
0.145 1.1252e+09 2.2505e+07
0.146 1.0964e+09 2.1928e+07
0.147 1.0743e+09 2.1485e+07
0.148 1.0649e+09 2.1298e+07
0.149 1.0591e+09 2.1182e+07
0.15 9.898e+08 1.9796e+07
0.151 9.9694e+08 1.9939e+07
0.152 9.493e+08 1.8986e+07
0.153 9.1384e+08 1.8277e+07
0.154 8.9735e+08 1.7947e+07
0.155 9.6967e+08 1.9393e+07
0.156 8.7448e+08 1.749e+07
0.157 8.148e+08 1.6296e+07
0.158 8.3598e+08 1.672e+07
0.159 8.6501e+08 1.73e+07
0.16 8.2246e+08 1.6449e+07
0.161 7.9615e+08 1.5923e+07
0.162 8.1091e+08 1.6218e+07
0.163 7.5471e+08 1.5094e+07
0.164 7.4549e+08 1.491e+07
0.165 6.9685e+08 1.3937e+07
0.166 7.0587e+08 1.4117e+07
0.167 7.0404e+08 1.4081e+07
0.168 7.0306e+08 1.4061e+07
0.169 6.1902e+08 1.238e+07
0.17 6.4967e+08 1.2993e+07
0.171 6.3358e+08 1.2672e+07
0.172 5.8749e+08 1.175e+07
0.173 6.0286e+08 1.2057e+07
0.174 6.2054e+08 1.2411e+07
0.175 6.2526e+08 1.2505e+07
0.176 5.6307e+08 1.1261e+07
0.177 5.0365e+08 1.0073e+07
0.178 5.8219e+08 1.1644e+07
0.179 5.5488e+08 1.1098e+07
0.18 5.1578e+08 1.0316e+07
0.181 5.4354e+08 1.0871e+07
0.182 5.1612e+08 1.0322e+07
0.183 4.9527e+08 9.9053e+06
0.184 4.5867e+08 9.1733e+06
0.185 4.6938e+08 9.3877e+06
0.186 5.0643e+08 1.0129e+07
0.187 4.1997e+08 8.3993e+06
0.188 4.7279e+08 9.4558e+06
0.189 4.0197e+08 8.0394e+06
0.19 4.8007e+08 9.6015e+06
0.191 4.3493e+08 8.6986e+06
0.192 3.7543e+08 7.5087e+06
0.193 3.8042e+08 7.6084e+06
0.194 3.6357e+08 7.2715e+06
0.195 3.7245e+08 7.4489e+06
0.196 3.6954e+08 7.3908e+06
0.197 3.5637e+08 7.1275e+06
0.198 3.439e+08 6.878e+06
0.199 3.7254e+08 7.4508e+06
0.2 3.4051e+08 6.8101e+06
0.201 3.4814e+08 6.9629e+06
0.202 3.208e+08 6.416e+06
0.203 3.0882e+08 6.1764e+06
0.204 3.0173e+08 6.0345e+06
0.205 2.8809e+08 5.7617e+06
0.206 2.8307e+08 5.6615e+06
0.207 2.6647e+08 5.3295e+06
0.208 2.6657e+08 5.3315e+06
0.209 2.9746e+08 5.9492e+06
0.21 2.6759e+08 5.3518e+06
0.211 2.2802e+08 4.5603e+06
0.212 2.09e+08 4.1799e+06
0.213 2.3627e+08 4.7253e+06
0.214 2.3352e+08 4.6704e+06
0.215 2.0111e+08 4.0222e+06
0.216 2.1004e+08 4.2009e+06
0.217 2.3857e+08 4.7713e+06
0.218 2.3703e+08 4.7407e+06
0.219 2.4141e+08 4.8281e+06
0.22 2.0727e+08 4.1453e+06
0.221 1.8009e+08 3.6017e+06
0.222 2.3281e+08 4.6562e+06
0.223 1.6821e+08 3.3641e+06
0.224 1.7783e+08 3.5566e+06
0.225 1.5884e+08 3.1769e+06
0.226 1.7161e+08 3.4322e+06
0.227 1.6796e+08 3.3591e+06
0.228 1.7917e+08 3.5834e+06
0.229 1.6103e+08 3.2206e+06
0.23 1.6585e+08 3.317e+06
0.231 1.7058e+08 3.4116e+06
0.232 1.6011e+08 3.2021e+06
0.233 1.2078e+08 2.4157e+06
0.234 1.5131e+08 3.0261e+06
0.235 1.277e+08 2.554e+06
0.236 8.4267e+07 1.6853e+06
0.237 1.1114e+08 2.2229e+06
0.238 7.0097e+07 1.4019e+06
0.239 1.5293e+08 3.0587e+06
0.24 1.4285e+08 2.8569e+06
0.241 9.7751e+07 1.955e+06
0.242 8.6926e+07 1.7385e+06
0.243 1.1341e+08 2.2683e+06
0.244 1.0526e+08 2.1051e+06
0.245 9.5769e+07 1.9154e+06
0.246 9.9987e+07 1.9997e+06
0.247 7.4188e+07 1.4838e+06
0.248 1.0904e+08 2.1808e+06
0.249 1.1928e+08 2.3856e+06
0.25 1.0272e+08 2.0545e+06
0.251 7.4845e+07 1.4969e+06
0.252 8.1987e+07 1.6397e+06
0.253 6.6161e+07 1.3232e+06
0.254 1.1446e+08 2.2891e+06
0.255 1.9235e+07 3.8469e+05
0.256 7.639e+07 1.5278e+06
0.257 6.0006e+07 1.2001e+06
0.258 1.176e+08 2.3521e+06
0.259 2.9312e+07 5.8623e+05
0.26 8.2635e+07 1.6527e+06
0.261 6.974e+07 1.3948e+06
0.262 8.3561e+07 1.6712e+06
0.263 8.5425e+07 1.7085e+06
0.264 7.1347e+07 1.4269e+06
0.265 5.8206e+07 1.1641e+06
0.266 7.1344e+07 1.4269e+06
0.267 5.4866e+07 1.0973e+06
0.268 6.9246e+07 1.3849e+06
0.269 8.393e+07 1.6786e+06
0.27 2.9334e+07 5.8667e+05
0.271 7.2687e+07 1.4537e+06
0.272 6.7764e+07 1.3553e+06
0.273 4.1988e+07 8.3977e+05
0.274 3.6428e+07 7.2855e+05
0.275 5.9098e+07 1.182e+06
0.276 3.3416e+07 6.6833e+05
0.277 8.7071e+07 1.7414e+06
0.278 5.3142e+07 1.0628e+06
0.279 5.7291e+07 1.1458e+06
0.28 6.6325e+07 1.3265e+06
0.281 5.7856e+07 1.1571e+06
0.282 5.7745e+07 1.1549e+06
0.283 5.8592e+07 1.1718e+06
0.284 5.6382e+07 1.1276e+06
0.285 1.7705e+07 3.5409e+05
0.286 4.2442e+07 8.4884e+05
0.287 4.9646e+07 9.9292e+05
0.288 4.0779e+07 8.1558e+05
0.289 4.4817e+07 8.9634e+05
0.29 3.3042e+07 6.6084e+05
0.291 5.8236e+07 1.1647e+06
0.292 7.079e+07 1.4158e+06
0.293 3.3009e+07 6.6018e+05
0.294 5.5067e+07 1.1013e+06
0.295 2.3958e+07 4.7916e+05
0.296 3.7342e+07 7.4685e+05
0.297 5.1745e+07 1.0349e+06
0.298 4.4663e+07 8.9327e+05
0.299 6.3343e+07 1.2669e+06
0.3 4.69e+07 9.3799e+05
0.301 2.1677e+07 4.3354e+05
0.302 5.4015e+07 1.0803e+06
0.303 4.9384e+07 9.8768e+05
0.304 4.6574e+07 9.3148e+05
0.305 3.5025e+07 7.0051e+05
0.306 4.067e+07 8.1341e+05
0.307 4.0862e+07 8.1725e+05
0.308 3.5002e+07 7.0003e+05
0.309 4.656e+07 9.3119e+05
0.31 6.1752e+07 1.235e+06
0.311 7.4026e+07 1.4805e+06
0.312 4.4644e+07 8.9289e+05
0.313 7.2593e+07 1.4519e+06
0.314 6.2995e+07 1.2599e+06
0.315 3.8217e+07 7.6434e+05
0.316 4.1839e+07 8.3679e+05
0.317 5.0409e+07 1.0082e+06
0.318 3.4457e+07 6.8914e+05
0.319 6.1932e+07 1.2386e+06
0.32 6.0402e+07 1.208e+06
0.321 3.2452e+07 6.4904e+05
0.322 1.2268e+07 2.4537e+05
0.323 7.2517e+07 1.4503e+06
0.324 5.8526e+07 1.1705e+06
0.325 4.6828e+07 9.3655e+05
0.326 5.9178e+07 1.1836e+06
0.327 5.626e+07 1.1252e+06
0.328 6.1166e+07 1.2233e+06
0.329 5.9331e+07 1.1866e+06
0.33 2.5363e+07 5.0725e+05
0.331 6.5706e+07 1.3141e+06
0.332 4.6002e+07 9.2005e+05
0.333 6.7462e+07 1.3492e+06
0.334 6.1455e+07 1.2291e+06
0.335 4.2178e+07 8.4355e+05
0.336 3.1367e+07 6.2734e+05
0.337 3.2867e+07 6.5734e+05
0.338 8.3029e+07 1.6606e+06
0.339 5.1651e+07 1.033e+06
0.34 5.0407e+07 1.0081e+06
0.341 6.4559e+07 1.2912e+06
0.342 6.0826e+07 1.2165e+06
0.343 3.3153e+07 6.6306e+05
0.344 5.121e+07 1.0242e+06
0.345 5.7734e+07 1.1547e+06
0.346 4.4163e+07 8.8326e+05
0.347 7.682e+07 1.5364e+06
0.348 3.1451e+07 6.2901e+05
0.349 5.7359e+07 1.1472e+06
0.35 7.0755e+07 1.4151e+06
0.351 6.0231e+07 1.2046e+06
0.352 5.2338e+07 1.0468e+06
0.353 6.2043e+07 1.2409e+06
0.354 5.5088e+07 1.1018e+06
0.355 5.0354e+07 1.0071e+06
0.356 2.796e+07 5.5919e+05
0.357 5.469e+07 1.0938e+06
0.358 4.4739e+07 8.9479e+05
0.359 5.7815e+07 1.1563e+06
0.36 4.6826e+07 9.3651e+05
0.361 6.7617e+07 1.3523e+06
0.362 6.0432e+07 1.2086e+06
0.363 7.8282e+07 1.5656e+06
0.364 4.0682e+07 8.1364e+05
0.365 4.431e+07 8.8621e+05
0.366 5.0851e+07 1.017e+06
0.367 6.8615e+07 1.3723e+06
0.368 7.7852e+07 1.557e+06
0.369 6.4375e+07 1.2875e+06
0.37 6.3816e+07 1.2763e+06
0.371 7.7272e+07 1.5454e+06
0.372 7.078e+07 1.4156e+06
0.373 6.4309e+07 1.2862e+06
0.374 7.073e+07 1.4146e+06
0.375 7.6777e+07 1.5355e+06
0.376 7.2643e+07 1.4529e+06
0.377 4.3767e+07 8.7533e+05
0.378 1.9123e+07 3.8245e+05
0.379 5.8162e+07 1.1632e+06
0.38 6.8879e+07 1.3776e+06
0.381 6.3856e+07 1.2771e+06
0.382 4.0417e+07 8.0834e+05
0.383 5.7839e+07 1.1568e+06
0.384 8.9559e+07 1.7912e+06
0.385 5.1599e+07 1.032e+06
0.386 5.7844e+07 1.1569e+06
0.387 5.5381e+07 1.1076e+06
0.388 4.6601e+07 9.3202e+05
0.389 6.2117e+07 1.2423e+06
0.39 7.403e+07 1.4806e+06
0.391 8.1702e+07 1.634e+06
0.392 4.6446e+07 9.2892e+05
0.393 7.1889e+07 1.4378e+06
0.394 3.8128e+07 7.6257e+05
0.395 6.318e+07 1.2636e+06
0.396 7.2595e+07 1.4519e+06
0.397 8.1174e+07 1.6235e+06
0.398 5.2169e+07 1.0434e+06
0.399 7.3892e+07 1.4778e+06
0.4 4.4236e+07 8.8472e+05
0.401 6.2549e+07 1.251e+06
0.402 4.4704e+07 8.9409e+05
0.403 6.2068e+07 1.2414e+06
0.404 6.0749e+07 1.215e+06
0.405 5.4993e+07 1.0999e+06
0.406 6.0769e+07 1.2154e+06
0.407 6.1481e+07 1.2296e+06
0.408 3.8795e+07 7.7591e+05
0.409 3.6091e+07 7.2183e+05
0.41 4.5258e+07 9.0517e+05
0.411 4.524e+07 9.0479e+05
0.412 6.6729e+07 1.3346e+06
0.413 8.2922e+07 1.6584e+06
0.414 3.6954e+07 7.3907e+05
0.415 3.4018e+07 6.8036e+05
0.416 5.8274e+07 1.1655e+06
0.417 3.5018e+07 7.0036e+05
0.418 7.6285e+07 1.5257e+06
0.419 2.7975e+07 5.595e+05
0.42 3.8412e+07 7.6824e+05
0.421 5.7553e+07 1.1511e+06
0.422 5.8696e+07 1.1739e+06
0.423 4.1994e+07 8.3987e+05
0.424 5.4379e+07 1.0876e+06
0.425 5.0036e+07 1.0007e+06
0.426 5.4336e+07 1.0867e+06
0.427 6.1263e+07 1.2253e+06
0.428 5.4467e+07 1.0893e+06
0.429 6.1192e+07 1.2238e+06
0.43 5.1506e+07 1.0301e+06
0.431 4.719e+07 9.438e+05
0.432 6.8587e+07 1.3717e+06
0.433 5.8535e+06 1.1707e+05
0.434 5.2421e+07 1.0484e+06
0.435 6.4741e+07 1.2948e+06
0.436 3.0455e+07 6.0909e+05
0.437 6.0574e+07 1.2115e+06
0.438 4.6887e+07 9.3775e+05
0.439 6.2784e+07 1.2557e+06
0.44 3.5732e+07 7.1464e+05
0.441 4.4433e+07 8.8866e+05
0.442 2.1346e+07 4.2691e+05
0.443 4.7475e+07 9.495e+05
0.444 3.2684e+07 6.5368e+05
0.445 5.2699e+07 1.054e+06
0.446 4.4274e+07 8.8548e+05
0.447 2.5944e+07 5.1887e+05
0.448 4.4489e+07 8.8979e+05
0.449 5.4994e+07 1.0999e+06
0.45 5.7031e+07 1.1406e+06
0.451 7.5951e+07 1.519e+06
0.452 4.8806e+07 9.7611e+05
0.453 3.9901e+07 7.9801e+05
0.454 3.5283e+07 7.0566e+05
0.455 3.0078e+07 6.0156e+05
0.456 4.7575e+07 9.515e+05
0.457 4.1792e+07 8.3583e+05
0.458 5.4103e+07 1.0821e+06
0.459 4.5473e+07 9.0947e+05
0.46 6.2799e+07 1.256e+06
0.461 6.9967e+07 1.3993e+06
0.462 2.2744e+07 4.5487e+05
0.463 1.3957e+07 2.7914e+05
0.464 5.3798e+07 1.076e+06
0.465 2.8065e+07 5.6131e+05
0.466 4.463e+07 8.926e+05
0.467 3.5671e+07 7.1341e+05
0.468 4.6114e+07 9.2228e+05
0.469 4.2757e+07 8.5514e+05
0.47 5.8294e+07 1.1659e+06
0.471 3.4148e+07 6.8296e+05
0.472 4.5995e+07 9.199e+05
0.473 3.3098e+07 6.6197e+05
0.474 4.074e+07 8.148e+05
0.475 5.4035e+07 1.0807e+06
0.476 5.5168e+07 1.1034e+06
0.477 2.2812e+07 4.5625e+05
0.478 4.8364e+07 9.6728e+05
0.479 2.0425e+07 4.0849e+05
0.48 3.0402e+07 6.0804e+05
0.481 4.7798e+07 9.5596e+05
0.482 5.2866e+07 1.0573e+06
0.483 5.3937e+07 1.0787e+06
0.484 5.5002e+07 1.1e+06
0.485 4.1294e+07 8.2588e+05
0.486 6.8193e+07 1.3639e+06
0.487 4.4741e+07 8.9483e+05
0.488 2.4603e+07 4.9205e+05
0.489 4.7529e+07 9.5057e+05
0.49 5.3817e+07 1.0763e+06
0.491 4.3395e+07 8.6789e+05
0.492 3.4716e+07 6.9432e+05
0.493 3.7026e+07 7.4051e+05
0.494 3.5138e+07 7.0276e+05
0.495 4.5116e+07 9.0231e+05
0.496 5.3452e+07 1.069e+06
0.497 2.5169e+07 5.0338e+05
0.498 5.1128e+07 1.0226e+06
0.499 4.0862e+07 8.1725e+05
0.5 6.8025e+07 1.3605e+06
