0.001 1.5377e+09 3.0754e+07
0.002 1.509e+09 3.0181e+07
0.003 1.4435e+09 2.887e+07
0.004 1.4474e+09 2.8948e+07
0.005 1.4948e+09 2.9896e+07
0.006 1.4325e+09 2.8649e+07
0.007 1.4408e+09 2.8815e+07
0.008 1.3921e+09 2.7842e+07
0.009 1.4554e+09 2.9108e+07
0.01 1.3967e+09 2.7934e+07
0.011 1.4586e+09 2.9171e+07
0.012 1.4064e+09 2.8129e+07
0.013 1.3958e+09 2.7917e+07
0.014 1.4148e+09 2.8295e+07
0.015 1.409e+09 2.818e+07
0.016 1.3732e+09 2.7464e+07
0.017 1.4018e+09 2.8036e+07
0.018 1.3975e+09 2.795e+07
0.019 1.3864e+09 2.7727e+07
0.02 1.3721e+09 2.7441e+07
0.021 1.4281e+09 2.8562e+07
0.022 1.3911e+09 2.7823e+07
0.023 1.3558e+09 2.7115e+07
0.024 1.3697e+09 2.7394e+07
0.025 1.3591e+09 2.7181e+07
0.026 1.3516e+09 2.7032e+07
0.027 1.3665e+09 2.7329e+07
0.028 1.3496e+09 2.6993e+07
0.029 1.3454e+09 2.6909e+07
0.03 1.3285e+09 2.6571e+07
0.031 1.3482e+09 2.6964e+07
0.032 1.3097e+09 2.6193e+07
0.033 1.3356e+09 2.6712e+07
0.034 1.3095e+09 2.6191e+07
0.035 1.292e+09 2.584e+07
0.036 1.2751e+09 2.5501e+07
0.037 1.2844e+09 2.5689e+07
0.038 1.2672e+09 2.5344e+07
0.039 1.2446e+09 2.4893e+07
0.04 1.2603e+09 2.5206e+07
0.041 1.2479e+09 2.4957e+07
0.042 1.2284e+09 2.4568e+07
0.043 1.208e+09 2.4161e+07
0.044 1.2179e+09 2.4359e+07
0.045 1.2055e+09 2.4111e+07
0.046 1.2072e+09 2.4143e+07
0.047 1.1856e+09 2.3713e+07
0.048 1.159e+09 2.318e+07
0.049 1.1613e+09 2.3226e+07
0.05 1.1598e+09 2.3195e+07
0.051 1.1601e+09 2.3202e+07
0.052 1.1303e+09 2.2606e+07
0.053 1.1182e+09 2.2364e+07
0.054 1.0976e+09 2.1952e+07
0.055 1.1078e+09 2.2156e+07
0.056 1.1015e+09 2.203e+07
0.057 1.0682e+09 2.1363e+07
0.058 1.0706e+09 2.1412e+07
0.059 1.0545e+09 2.1091e+07
0.06 1.0587e+09 2.1174e+07
0.061 1.0175e+09 2.035e+07
0.062 1.0362e+09 2.0724e+07
0.063 1.0062e+09 2.0124e+07
0.064 1.0015e+09 2.003e+07
0.065 9.8479e+08 1.9696e+07
0.066 9.6198e+08 1.924e+07
0.067 9.6341e+08 1.9268e+07
0.068 9.5916e+08 1.9183e+07
0.069 9.5507e+08 1.9101e+07
0.07 9.3116e+08 1.8623e+07
0.071 9.2464e+08 1.8493e+07
0.072 9.2614e+08 1.8523e+07
0.073 9.0885e+08 1.8177e+07
0.074 8.9439e+08 1.7888e+07
0.075 8.827e+08 1.7654e+07
0.076 8.6967e+08 1.7393e+07
0.077 8.5974e+08 1.7195e+07
0.078 8.5538e+08 1.7108e+07
0.079 8.2996e+08 1.6599e+07
0.08 8.2448e+08 1.649e+07
0.081 8.1826e+08 1.6365e+07
0.082 7.9465e+08 1.5893e+07
0.083 7.934e+08 1.5868e+07
0.084 7.7654e+08 1.5531e+07
0.085 7.5963e+08 1.5193e+07
0.086 7.562e+08 1.5124e+07
0.087 7.5426e+08 1.5085e+07
0.088 7.2364e+08 1.4473e+07
0.089 7.2215e+08 1.4443e+07
0.09 7.1165e+08 1.4233e+07
0.091 7.034e+08 1.4068e+07
0.092 6.9702e+08 1.394e+07
0.093 6.7609e+08 1.3522e+07
0.094 6.7112e+08 1.3422e+07
0.095 6.5814e+08 1.3163e+07
0.096 6.5926e+08 1.3185e+07
0.097 6.3536e+08 1.2707e+07
0.098 6.2956e+08 1.2591e+07
0.099 6.2233e+08 1.2447e+07
0.1 6.0179e+08 1.2036e+07
0.101 6.0134e+08 1.2027e+07
0.102 5.9438e+08 1.1888e+07
0.103 5.9279e+08 1.1856e+07
0.104 5.6621e+08 1.1324e+07
0.105 5.4673e+08 1.0935e+07
0.106 5.5543e+08 1.1109e+07
0.107 5.346e+08 1.0692e+07
0.108 5.3667e+08 1.0733e+07
0.109 5.1138e+08 1.0228e+07
0.11 5.1365e+08 1.0273e+07
0.111 5.1425e+08 1.0285e+07
0.112 4.9738e+08 9.9476e+06
0.113 4.8737e+08 9.7474e+06
0.114 4.7971e+08 9.5942e+06
0.115 4.7278e+08 9.4555e+06
0.116 4.5929e+08 9.1858e+06
0.117 4.637e+08 9.2739e+06
0.118 4.5377e+08 9.0754e+06
0.119 4.4366e+08 8.8732e+06
0.12 4.3279e+08 8.6558e+06
0.121 4.1944e+08 8.3888e+06
0.122 4.0622e+08 8.1245e+06
0.123 4.1164e+08 8.2328e+06
0.124 4.0507e+08 8.1014e+06
0.125 3.9289e+08 7.8578e+06
0.126 3.919e+08 7.838e+06
0.127 3.8073e+08 7.6145e+06
0.128 3.7628e+08 7.5257e+06
0.129 3.6208e+08 7.2415e+06
0.13 3.6123e+08 7.2246e+06
0.131 3.592e+08 7.1841e+06
0.132 3.5096e+08 7.0192e+06
0.133 3.3431e+08 6.6863e+06
0.134 3.3477e+08 6.6954e+06
0.135 3.2315e+08 6.4629e+06
0.136 3.2348e+08 6.4696e+06
0.137 3.1616e+08 6.3232e+06
0.138 3.0524e+08 6.1047e+06
0.139 3.0094e+08 6.0189e+06
0.14 2.9268e+08 5.8536e+06
0.141 2.9466e+08 5.8931e+06
0.142 2.9341e+08 5.8682e+06
0.143 2.7953e+08 5.5906e+06
0.144 2.7016e+08 5.4031e+06
0.145 2.7089e+08 5.4178e+06
0.146 2.5884e+08 5.1767e+06
0.147 2.7376e+08 5.4752e+06
0.148 2.5517e+08 5.1034e+06
0.149 2.424e+08 4.8481e+06
0.15 2.4636e+08 4.9272e+06
0.151 2.3665e+08 4.733e+06
0.152 2.3429e+08 4.6858e+06
0.153 2.438e+08 4.876e+06
0.154 2.2464e+08 4.4928e+06
0.155 2.1597e+08 4.3194e+06
0.156 2.1275e+08 4.2551e+06
0.157 2.1173e+08 4.2345e+06
0.158 2.1363e+08 4.2727e+06
0.159 2.0517e+08 4.1034e+06
0.16 1.9908e+08 3.9816e+06
0.161 1.9768e+08 3.9536e+06
0.162 1.8949e+08 3.7898e+06
0.163 1.9479e+08 3.8959e+06
0.164 1.8347e+08 3.6694e+06
0.165 1.7988e+08 3.5975e+06
0.166 1.8829e+08 3.7658e+06
0.167 1.7656e+08 3.5312e+06
0.168 1.7255e+08 3.451e+06
0.169 1.7674e+08 3.5349e+06
0.17 1.6936e+08 3.3873e+06
0.171 1.6539e+08 3.3079e+06
0.172 1.5176e+08 3.0353e+06
0.173 1.5762e+08 3.1524e+06
0.174 1.5941e+08 3.1883e+06
0.175 1.5304e+08 3.0609e+06
0.176 1.4624e+08 2.9247e+06
0.177 1.4607e+08 2.9215e+06
0.178 1.4328e+08 2.8657e+06
0.179 1.3185e+08 2.637e+06
0.18 1.3569e+08 2.7138e+06
0.181 1.3e+08 2.5999e+06
0.182 1.297e+08 2.594e+06
0.183 1.3882e+08 2.7764e+06
0.184 1.2963e+08 2.5926e+06
0.185 1.1603e+08 2.3207e+06
0.186 1.2526e+08 2.5053e+06
0.187 1.1399e+08 2.2798e+06
0.188 1.2182e+08 2.4365e+06
0.189 1.1305e+08 2.2609e+06
0.19 1.1495e+08 2.2991e+06
0.191 1.0923e+08 2.1846e+06
0.192 1.1723e+08 2.3446e+06
0.193 1.0934e+08 2.1869e+06
0.194 1.086e+08 2.1721e+06
0.195 9.5963e+07 1.9193e+06
0.196 1.0234e+08 2.0468e+06
0.197 9.8288e+07 1.9658e+06
0.198 9.4711e+07 1.8942e+06
0.199 9.9313e+07 1.9863e+06
0.2 9.0746e+07 1.8149e+06
0.201 8.5164e+07 1.7033e+06
0.202 8.5804e+07 1.7161e+06
0.203 9.2532e+07 1.8506e+06
0.204 8.1656e+07 1.6331e+06
0.205 8.2838e+07 1.6568e+06
0.206 8.1355e+07 1.6271e+06
0.207 7.9064e+07 1.5813e+06
0.208 7.85e+07 1.57e+06
0.209 7.4281e+07 1.4856e+06
0.21 8.1823e+07 1.6365e+06
0.211 7.6077e+07 1.5215e+06
0.212 6.7178e+07 1.3436e+06
0.213 7.6503e+07 1.5301e+06
0.214 6.8269e+07 1.3654e+06
0.215 6.6296e+07 1.3259e+06
0.216 6.2487e+07 1.2497e+06
0.217 6.2031e+07 1.2406e+06
0.218 6.4042e+07 1.2808e+06
0.219 6.7836e+07 1.3567e+06
0.22 6.4594e+07 1.2919e+06
0.221 7.1612e+07 1.4322e+06
0.222 5.0836e+07 1.0167e+06
0.223 5.41e+07 1.082e+06
0.224 5.8643e+07 1.1729e+06
0.225 3.9875e+07 7.9749e+05
0.226 5.2525e+07 1.0505e+06
0.227 5.1245e+07 1.0249e+06
0.228 5.1916e+07 1.0383e+06
0.229 4.4392e+07 8.8785e+05
0.23 4.309e+07 8.618e+05
0.231 4.306e+07 8.612e+05
0.232 4.8465e+07 9.693e+05
0.233 5.0021e+07 1.0004e+06
0.234 3.9712e+07 7.9423e+05
0.235 4.1462e+07 8.2924e+05
0.236 3.708e+07 7.4161e+05
0.237 3.7509e+07 7.5017e+05
0.238 3.5395e+07 7.079e+05
0.239 3.3097e+07 6.6195e+05
0.24 3.1388e+07 6.2777e+05
0.241 3.4354e+07 6.8709e+05
0.242 3.7128e+07 7.4257e+05
0.243 3.408e+07 6.816e+05
0.244 2.6953e+07 5.3906e+05
0.245 3.0967e+07 6.1934e+05
0.246 3.4669e+07 6.9339e+05
0.247 2.9251e+07 5.8503e+05
0.248 2.9663e+07 5.9326e+05
0.249 3.4988e+07 6.9975e+05
0.25 3.1069e+07 6.2137e+05
0.251 2.1043e+07 4.2085e+05
0.252 1.9839e+07 3.9678e+05
0.253 2.3776e+07 4.7552e+05
0.254 2.3713e+07 4.7427e+05
0.255 2.5443e+07 5.0887e+05
0.256 2.5661e+07 5.1322e+05
0.257 2.2993e+07 4.5987e+05
0.258 2.2477e+07 4.4954e+05
0.259 2.1269e+07 4.2537e+05
0.26 1.3958e+07 2.7916e+05
0.261 1.7412e+07 3.4825e+05
0.262 2.1804e+07 4.3607e+05
0.263 1.9068e+07 3.8136e+05
0.264 2.0221e+07 4.0443e+05
0.265 1.6557e+07 3.3114e+05
0.266 1.6484e+07 3.2967e+05
0.267 1.5688e+07 3.1377e+05
0.268 1.4475e+07 2.895e+05
0.269 1.4642e+07 2.9284e+05
0.27 1.4341e+07 2.8682e+05
0.271 2.265e+07 4.5301e+05
0.272 1.4264e+07 2.8528e+05
0.273 2.3226e+07 4.6452e+05
0.274 1.3477e+07 2.6954e+05
0.275 1.736e+07 3.472e+05
0.276 2.3742e+07 4.7484e+05
0.277 2.4229e+07 4.8457e+05
0.278 1.0746e+07 2.1492e+05
0.279 7.6067e+06 1.5213e+05
0.28 1.0638e+07 2.1277e+05
0.281 1.4992e+07 2.9984e+05
0.282 1.4932e+07 2.9863e+05
0.283 9.5107e+06 1.9021e+05
0.284 1.3098e+07 2.6196e+05
0.285 1.4236e+07 2.8472e+05
0.286 1.2576e+07 2.5152e+05
0.287 5.51e+06 1.102e+05
0.288 1.0553e+07 2.1105e+05
0.289 1.5917e+07 3.1833e+05
0.29 1.1881e+07 2.3762e+05
0.291 1.2338e+07 2.4677e+05
0.292 7.337e+06 1.4674e+05
0.293 1.0738e+07 2.1476e+05
0.294 1.5543e+07 3.1085e+05
0.295 1.4555e+07 2.9111e+05
0.296 7.4168e+06 1.4834e+05
0.297 9.4179e+06 1.8836e+05
0.298 9.2354e+06 1.8471e+05
0.299 9.9127e+06 1.9825e+05
0.3 5.0488e+06 1.0098e+05
0.301 5.7779e+06 1.1556e+05
0.302 1.089e+07 2.178e+05
0.303 8.1824e+06 1.6365e+05
0.304 4.6297e+06 92594
0.305 1.1032e+07 2.2065e+05
0.306 7.0805e+06 1.4161e+05
0.307 7.3398e+06 1.468e+05
0.308 6.1031e+06 1.2206e+05
0.309 1.4901e+07 2.9802e+05
0.31 7.9872e+06 1.5974e+05
0.311 1.3105e+07 2.621e+05
0.312 1.2364e+07 2.4729e+05
0.313 8.9222e+06 1.7844e+05
0.314 8.438e+06 1.6876e+05
0.315 8.7928e+06 1.7586e+05
0.316 1.0443e+07 2.0885e+05
0.317 1.2792e+07 2.5585e+05
0.318 1.0138e+07 2.0276e+05
0.319 9.0613e+06 1.8123e+05
0.32 1.0708e+07 2.1416e+05
0.321 1.0134e+07 2.0269e+05
0.322 1.4065e+07 2.8131e+05
0.323 1.1242e+07 2.2485e+05
0.324 2.1095e+07 4.219e+05
0.325 1.9413e+07 3.8825e+05
0.326 1.297e+07 2.594e+05
0.327 1.242e+07 2.4839e+05
0.328 8.0893e+06 1.6179e+05
0.329 8.4569e+06 1.6914e+05
0.33 1.0147e+07 2.0293e+05
0.331 1.1158e+07 2.2316e+05
0.332 9.7928e+06 1.9586e+05
0.333 1.2639e+07 2.5278e+05
0.334 7.9846e+06 1.5969e+05
0.335 1.4213e+07 2.8426e+05
0.336 1.0682e+07 2.1365e+05
0.337 1.2573e+07 2.5146e+05
0.338 1.2802e+07 2.5605e+05
0.339 1.089e+07 2.1779e+05
0.34 1.5862e+07 3.1723e+05
0.341 9.6434e+06 1.9287e+05
0.342 1.2642e+07 2.5285e+05
0.343 1.6118e+07 3.2236e+05
0.344 1.1806e+07 2.3613e+05
0.345 1.5216e+07 3.0432e+05
0.346 9.8993e+06 1.9799e+05
0.347 1.7075e+07 3.4149e+05
0.348 6.8496e+06 1.3699e+05
0.349 1.2629e+07 2.5258e+05
0.35 1.1602e+07 2.3203e+05
0.351 1.5987e+07 3.1974e+05
0.352 1.0504e+07 2.1008e+05
0.353 1.248e+07 2.4959e+05
0.354 1.4947e+07 2.9895e+05
0.355 1.848e+07 3.6961e+05
0.356 1.5313e+07 3.0626e+05
0.357 1.929e+07 3.8579e+05
0.358 1.3065e+07 2.6129e+05
0.359 7.847e+06 1.5694e+05
0.36 1.7566e+07 3.5133e+05
0.361 1.3148e+07 2.6297e+05
0.362 1.307e+07 2.6139e+05
0.363 1.5924e+07 3.1848e+05
0.364 1.4341e+07 2.8683e+05
0.365 1.0651e+07 2.1301e+05
0.366 1.41e+07 2.82e+05
0.367 1.1713e+07 2.3426e+05
0.368 1.0733e+07 2.1465e+05
0.369 1.0301e+07 2.0603e+05
0.37 1.7175e+07 3.4351e+05
0.371 1.9393e+07 3.8786e+05
0.372 7.8424e+06 1.5685e+05
0.373 1.3938e+07 2.7877e+05
0.374 1.119e+07 2.238e+05
0.375 1.1817e+07 2.3633e+05
0.376 1.7828e+07 3.5655e+05
0.377 1.0478e+07 2.0956e+05
0.378 1.4667e+07 2.9334e+05
0.379 1.9913e+07 3.9826e+05
0.38 1.3034e+07 2.6069e+05
0.381 1.5006e+07 3.0012e+05
0.382 1.6046e+07 3.2092e+05
0.383 1.9369e+07 3.8737e+05
0.384 1.5481e+07 3.0962e+05
0.385 1.9224e+07 3.8449e+05
0.386 1.5521e+07 3.1042e+05
0.387 1.733e+07 3.466e+05
0.388 1.8297e+07 3.6595e+05
0.389 1.6667e+07 3.3335e+05
0.39 9.3317e+06 1.8663e+05
0.391 2.018e+07 4.036e+05
0.392 1.7083e+07 3.4165e+05
0.393 1.5435e+07 3.087e+05
0.394 1.9254e+07 3.8507e+05
0.395 1.1769e+07 2.3538e+05
0.396 1.7851e+07 3.5702e+05
0.397 1.2825e+07 2.5649e+05
0.398 1.9125e+07 3.8251e+05
0.399 2.0487e+07 4.0974e+05
0.4 1.5455e+07 3.091e+05
0.401 1.835e+07 3.6701e+05
0.402 1.6577e+07 3.3154e+05
0.403 2.033e+07 4.066e+05
0.404 1.146e+07 2.2919e+05
0.405 2.168e+07 4.3359e+05
0.406 1.5156e+07 3.0312e+05
0.407 1.3158e+07 2.6317e+05
0.408 1.8268e+07 3.6535e+05
0.409 1.5079e+07 3.0158e+05
0.41 1.9984e+07 3.9967e+05
0.411 1.8314e+07 3.6627e+05
0.412 1.9201e+07 3.8402e+05
0.413 1.9837e+07 3.9674e+05
0.414 1.8098e+07 3.6196e+05
0.415 1.2492e+07 2.4983e+05
0.416 1.7873e+07 3.5747e+05
0.417 2.1299e+07 4.2597e+05
0.418 1.7499e+07 3.4998e+05
0.419 1.5068e+07 3.0136e+05
0.42 1.4516e+07 2.9031e+05
0.421 1.8021e+07 3.6042e+05
0.422 2.2345e+07 4.469e+05
0.423 1.9137e+07 3.8274e+05
0.424 2.1305e+07 4.261e+05
0.425 2.0212e+07 4.0425e+05
0.426 2.0016e+07 4.0032e+05
0.427 1.4622e+07 2.9244e+05
0.428 1.8918e+07 3.7837e+05
0.429 1.8218e+07 3.6435e+05
0.43 2.1989e+07 4.3977e+05
0.431 2.099e+07 4.1981e+05
0.432 1.701e+07 3.4019e+05
0.433 1.513e+07 3.0259e+05
0.434 1.8833e+07 3.7666e+05
0.435 2.011e+07 4.022e+05
0.436 2.1828e+07 4.3656e+05
0.437 1.7592e+07 3.5184e+05
0.438 1.3902e+07 2.7803e+05
0.439 2.3307e+07 4.6615e+05
0.44 2.1763e+07 4.3525e+05
0.441 1.9947e+07 3.9895e+05
0.442 1.5864e+07 3.1728e+05
0.443 1.7858e+07 3.5716e+05
0.444 1.9211e+07 3.8423e+05
0.445 1.7026e+07 3.4052e+05
0.446 2.0657e+07 4.1314e+05
0.447 1.8809e+07 3.7617e+05
0.448 1.8376e+07 3.6752e+05
0.449 1.5233e+07 3.0467e+05
0.45 2.4894e+07 4.9787e+05
0.451 1.5211e+07 3.0421e+05
0.452 2.0211e+07 4.0422e+05
0.453 1.8263e+07 3.6526e+05
0.454 1.7497e+07 3.4995e+05
0.455 1.9953e+07 3.9906e+05
0.456 2.3205e+07 4.641e+05
0.457 1.8046e+07 3.6093e+05
0.458 1.7618e+07 3.5236e+05
0.459 1.6622e+07 3.3245e+05
0.46 1.8394e+07 3.6787e+05
0.461 1.7818e+07 3.5637e+05
0.462 1.4911e+07 2.9821e+05
0.463 2.0404e+07 4.0809e+05
0.464 1.5898e+07 3.1797e+05
0.465 1.8702e+07 3.7403e+05
0.466 2.4866e+07 4.9733e+05
0.467 2.1353e+07 4.2707e+05
0.468 1.9324e+07 3.8649e+05
0.469 1.9625e+07 3.9251e+05
0.47 1.3669e+07 2.7338e+05
0.471 1.8339e+07 3.6678e+05
0.472 1.9098e+07 3.8197e+05
0.473 2.0389e+07 4.0777e+05
0.474 1.3854e+07 2.7709e+05
0.475 2.2928e+07 4.5856e+05
0.476 1.9155e+07 3.831e+05
0.477 1.6904e+07 3.3808e+05
0.478 2.079e+07 4.1581e+05
0.479 1.981e+07 3.9621e+05
0.48 1.8952e+07 3.7904e+05
0.481 1.7765e+07 3.5531e+05
0.482 1.9832e+07 3.9664e+05
0.483 1.6887e+07 3.3774e+05
0.484 1.3503e+07 2.7005e+05
0.485 1.998e+07 3.996e+05
0.486 1.632e+07 3.2641e+05
0.487 1.8977e+07 3.7955e+05
0.488 1.6389e+07 3.2778e+05
0.489 1.7295e+07 3.4591e+05
0.49 1.1413e+07 2.2826e+05
0.491 1.5717e+07 3.1434e+05
0.492 1.9412e+07 3.8824e+05
0.493 1.7798e+07 3.5596e+05
0.494 1.4569e+07 2.9138e+05
0.495 1.4441e+07 2.8882e+05
0.496 2.1941e+07 4.3882e+05
0.497 2.0054e+07 4.0108e+05
0.498 2.0537e+07 4.1075e+05
0.499 1.9051e+07 3.8102e+05
0.5 1.3738e+07 2.7477e+05
