0.001 2.3177e+09 4.6354e+07
0.002 2.6242e+09 5.2483e+07
0.003 2.482e+09 4.964e+07
0.004 2.4986e+09 4.9972e+07
0.005 2.5556e+09 5.1112e+07
0.006 2.5655e+09 5.1311e+07
0.007 2.5366e+09 5.0731e+07
0.008 2.6097e+09 5.2195e+07
0.009 2.4392e+09 4.8785e+07
0.01 2.5883e+09 5.1765e+07
0.011 2.4674e+09 4.9348e+07
0.012 2.5694e+09 5.1387e+07
0.013 2.5029e+09 5.0057e+07
0.014 2.4558e+09 4.9117e+07
0.015 2.4875e+09 4.9751e+07
0.016 2.5649e+09 5.1298e+07
0.017 2.4933e+09 4.9867e+07
0.018 2.5281e+09 5.0562e+07
0.019 2.4978e+09 4.9956e+07
0.02 2.4896e+09 4.9792e+07
0.021 2.4531e+09 4.9062e+07
0.022 2.4677e+09 4.9354e+07
0.023 2.4384e+09 4.8767e+07
0.024 2.4059e+09 4.8119e+07
0.025 2.4949e+09 4.9897e+07
0.026 2.3974e+09 4.7949e+07
0.027 2.4492e+09 4.8984e+07
0.028 2.3701e+09 4.7402e+07
0.029 2.3026e+09 4.6051e+07
0.03 2.3275e+09 4.655e+07
0.031 2.3456e+09 4.6913e+07
0.032 2.3506e+09 4.7012e+07
0.033 2.3541e+09 4.7083e+07
0.034 2.3186e+09 4.6371e+07
0.035 2.2985e+09 4.5971e+07
0.036 2.2513e+09 4.5025e+07
0.037 2.2782e+09 4.5564e+07
0.038 2.2102e+09 4.4204e+07
0.039 2.2069e+09 4.4137e+07
0.04 2.2322e+09 4.4645e+07
0.041 2.1667e+09 4.3335e+07
0.042 2.2142e+09 4.4284e+07
0.043 2.1154e+09 4.2309e+07
0.044 2.1543e+09 4.3086e+07
0.045 2.134e+09 4.268e+07
0.046 2.1308e+09 4.2617e+07
0.047 2.1146e+09 4.2293e+07
0.048 2.0847e+09 4.1694e+07
0.049 2.0915e+09 4.1829e+07
0.05 2.02e+09 4.0399e+07
0.051 1.9906e+09 3.9812e+07
0.052 1.988e+09 3.976e+07
0.053 1.9917e+09 3.9833e+07
0.054 1.9605e+09 3.9211e+07
0.055 1.9278e+09 3.8557e+07
0.056 1.9047e+09 3.8094e+07
0.057 1.8766e+09 3.7531e+07
0.058 1.8572e+09 3.7143e+07
0.059 1.8272e+09 3.6543e+07
0.06 1.8334e+09 3.6669e+07
0.061 1.794e+09 3.588e+07
0.062 1.7563e+09 3.5126e+07
0.063 1.7198e+09 3.4396e+07
0.064 1.7851e+09 3.5702e+07
0.065 1.7369e+09 3.4738e+07
0.066 1.6868e+09 3.3735e+07
0.067 1.677e+09 3.354e+07
0.068 1.6857e+09 3.3715e+07
0.069 1.6776e+09 3.3553e+07
0.07 1.6375e+09 3.275e+07
0.071 1.6191e+09 3.2382e+07
0.072 1.603e+09 3.2059e+07
0.073 1.5598e+09 3.1197e+07
0.074 1.5543e+09 3.1086e+07
0.075 1.4959e+09 2.9919e+07
0.076 1.4621e+09 2.9242e+07
0.077 1.4908e+09 2.9816e+07
0.078 1.4542e+09 2.9085e+07
0.079 1.4664e+09 2.9329e+07
0.08 1.4498e+09 2.8995e+07
0.081 1.3731e+09 2.7461e+07
0.082 1.3838e+09 2.7676e+07
0.083 1.3524e+09 2.7047e+07
0.084 1.3371e+09 2.6742e+07
0.085 1.309e+09 2.6181e+07
0.086 1.2876e+09 2.5751e+07
0.087 1.2953e+09 2.5905e+07
0.088 1.2615e+09 2.523e+07
0.089 1.2325e+09 2.465e+07
0.09 1.1923e+09 2.3846e+07
0.091 1.1841e+09 2.3681e+07
0.092 1.1639e+09 2.3278e+07
0.093 1.1494e+09 2.2989e+07
0.094 1.1363e+09 2.2727e+07
0.095 1.1041e+09 2.2082e+07
0.096 1.1115e+09 2.2231e+07
0.097 1.0812e+09 2.1624e+07
0.098 1.0748e+09 2.1497e+07
0.099 1.0599e+09 2.1198e+07
0.1 1.0289e+09 2.0577e+07
0.101 9.9852e+08 1.997e+07
0.102 1.0117e+09 2.0234e+07
0.103 9.698e+08 1.9396e+07
0.104 9.6256e+08 1.9251e+07
0.105 9.448e+08 1.8896e+07
0.106 9.4175e+08 1.8835e+07
0.107 9.0407e+08 1.8081e+07
0.108 8.9557e+08 1.7911e+07
0.109 8.6147e+08 1.7229e+07
0.11 8.7416e+08 1.7483e+07
0.111 8.272e+08 1.6544e+07
0.112 8.2474e+08 1.6495e+07
0.113 8.1666e+08 1.6333e+07
0.114 8.2059e+08 1.6412e+07
0.115 7.9178e+08 1.5836e+07
0.116 7.649e+08 1.5298e+07
0.117 7.5882e+08 1.5176e+07
0.118 7.474e+08 1.4948e+07
0.119 7.342e+08 1.4684e+07
0.12 7.1811e+08 1.4362e+07
0.121 6.9659e+08 1.3932e+07
0.122 6.9761e+08 1.3952e+07
0.123 6.7565e+08 1.3513e+07
0.124 6.5164e+08 1.3033e+07
0.125 6.6508e+08 1.3302e+07
0.126 6.1724e+08 1.2345e+07
0.127 6.227e+08 1.2454e+07
0.128 6.0858e+08 1.2172e+07
0.129 5.9695e+08 1.1939e+07
0.13 5.9448e+08 1.189e+07
0.131 5.6473e+08 1.1295e+07
0.132 5.7948e+08 1.159e+07
0.133 5.5256e+08 1.1051e+07
0.134 5.3676e+08 1.0735e+07
0.135 5.2827e+08 1.0565e+07
0.136 5.201e+08 1.0402e+07
0.137 5.1646e+08 1.0329e+07
0.138 5.0071e+08 1.0014e+07
0.139 4.8185e+08 9.6371e+06
0.14 4.7632e+08 9.5264e+06
0.141 4.7798e+08 9.5596e+06
0.142 4.6231e+08 9.2462e+06
0.143 4.5603e+08 9.1206e+06
0.144 4.4356e+08 8.8712e+06
0.145 4.5853e+08 9.1706e+06
0.146 4.2935e+08 8.5871e+06
0.147 4.2162e+08 8.4324e+06
0.148 4.1891e+08 8.3783e+06
0.149 4.0883e+08 8.1766e+06
0.15 4.084e+08 8.1681e+06
0.151 3.7964e+08 7.5928e+06
0.152 3.915e+08 7.8299e+06
0.153 3.6148e+08 7.2297e+06
0.154 3.5881e+08 7.1762e+06
0.155 3.6432e+08 7.2865e+06
0.156 3.4627e+08 6.9254e+06
0.157 3.611e+08 7.222e+06
0.158 3.3587e+08 6.7174e+06
0.159 3.2999e+08 6.5998e+06
0.16 3.1385e+08 6.277e+06
0.161 3.1389e+08 6.2778e+06
0.162 2.9285e+08 5.857e+06
0.163 3.1888e+08 6.3777e+06
0.164 2.96e+08 5.92e+06
0.165 3.1018e+08 6.2035e+06
0.166 2.8666e+08 5.7331e+06
0.167 3.0133e+08 6.0266e+06
0.168 2.8858e+08 5.7716e+06
0.169 2.7531e+08 5.5062e+06
0.17 2.6629e+08 5.3258e+06
0.171 2.7533e+08 5.5066e+06
0.172 2.5418e+08 5.0836e+06
0.173 2.7056e+08 5.4112e+06
0.174 2.5695e+08 5.1389e+06
0.175 2.5377e+08 5.0755e+06
0.176 2.485e+08 4.9699e+06
0.177 2.3673e+08 4.7347e+06
0.178 2.4153e+08 4.8306e+06
0.179 2.4526e+08 4.9052e+06
0.18 2.2205e+08 4.441e+06
0.181 2.2351e+08 4.4702e+06
0.182 2.3037e+08 4.6075e+06
0.183 2.1363e+08 4.2726e+06
0.184 2.0726e+08 4.1452e+06
0.185 1.9976e+08 3.9953e+06
0.186 2.0493e+08 4.0987e+06
0.187 2.0602e+08 4.1205e+06
0.188 1.7892e+08 3.5784e+06
0.189 2.1014e+08 4.2029e+06
0.19 1.8504e+08 3.7009e+06
0.191 1.871e+08 3.742e+06
0.192 1.855e+08 3.71e+06
0.193 1.7526e+08 3.5052e+06
0.194 1.6948e+08 3.3896e+06
0.195 1.7957e+08 3.5914e+06
0.196 1.6607e+08 3.3214e+06
0.197 1.5948e+08 3.1896e+06
0.198 1.6074e+08 3.2148e+06
0.199 1.6121e+08 3.2242e+06
0.2 1.5328e+08 3.0656e+06
0.201 1.5775e+08 3.155e+06
0.202 1.423e+08 2.846e+06
0.203 1.4832e+08 2.9663e+06
0.204 1.387e+08 2.7739e+06
0.205 1.3333e+08 2.6666e+06
0.206 1.4118e+08 2.8237e+06
0.207 1.337e+08 2.6741e+06
0.208 1.4131e+08 2.8262e+06
0.209 1.2449e+08 2.4898e+06
0.21 1.3554e+08 2.7109e+06
0.211 1.199e+08 2.3981e+06
0.212 1.3039e+08 2.6079e+06
0.213 1.036e+08 2.072e+06
0.214 1.2201e+08 2.4402e+06
0.215 1.2183e+08 2.4366e+06
0.216 1.1269e+08 2.2538e+06
0.217 1.1374e+08 2.2748e+06
0.218 1.0677e+08 2.1354e+06
0.219 1.0628e+08 2.1256e+06
0.22 1.0734e+08 2.1469e+06
0.221 1.0385e+08 2.077e+06
0.222 1.1e+08 2.2e+06
0.223 9.3309e+07 1.8662e+06
0.224 9.4614e+07 1.8923e+06
0.225 9.1836e+07 1.8367e+06
0.226 8.5374e+07 1.7075e+06
0.227 8.4595e+07 1.6919e+06
0.228 7.9025e+07 1.5805e+06
0.229 8.276e+07 1.6552e+06
0.23 9.112e+07 1.8224e+06
0.231 7.47e+07 1.494e+06
0.232 8.1799e+07 1.636e+06
0.233 7.4364e+07 1.4873e+06
0.234 7.9616e+07 1.5923e+06
0.235 7.776e+07 1.5552e+06
0.236 6.2855e+07 1.2571e+06
0.237 6.9674e+07 1.3935e+06
0.238 7.8499e+07 1.57e+06
0.239 6.955e+07 1.391e+06
0.24 7.3055e+07 1.4611e+06
0.241 6.7592e+07 1.3518e+06
0.242 6.5047e+07 1.3009e+06
0.243 7.1839e+07 1.4368e+06
0.244 6.8073e+07 1.3615e+06
0.245 6.2626e+07 1.2525e+06
0.246 4.8235e+07 9.647e+05
0.247 5.3658e+07 1.0732e+06
0.248 3.5194e+07 7.0389e+05
0.249 5.5443e+07 1.1089e+06
0.25 5.019e+07 1.0038e+06
0.251 5.218e+07 1.0436e+06
0.252 3.804e+07 7.6079e+05
0.253 5.6928e+07 1.1386e+06
0.254 4.0337e+07 8.0674e+05
0.255 5.7794e+07 1.1559e+06
0.256 4.6873e+07 9.3747e+05
0.257 4.8582e+07 9.7164e+05
0.258 4.0662e+07 8.1323e+05
0.259 5.0292e+07 1.0058e+06
0.26 2.8152e+07 5.6304e+05
0.261 3.0908e+07 6.1816e+05
0.262 3.232e+07 6.4641e+05
0.263 5.2968e+07 1.0594e+06
0.264 4.671e+07 9.3421e+05
0.265 3.824e+07 7.6479e+05
0.266 2.3774e+07 4.7548e+05
0.267 3.2801e+07 6.5602e+05
0.268 3.8443e+07 7.6885e+05
0.269 2.7952e+07 5.5904e+05
0.27 3.2643e+07 6.5285e+05
0.271 4.0538e+07 8.1076e+05
0.272 2.2045e+07 4.4091e+05
0.273 3.4431e+07 6.8861e+05
0.274 2.4854e+07 4.9707e+05
0.275 3.0407e+07 6.0813e+05
0.276 2.7267e+07 5.4534e+05
0.277 3.0617e+07 6.1235e+05
0.278 3.3247e+07 6.6493e+05
0.279 2.3814e+07 4.7628e+05
0.28 1.8373e+07 3.6746e+05
0.281 1.6513e+07 3.3026e+05
0.282 2.2857e+07 4.5714e+05
0.283 3.045e+07 6.09e+05
0.284 2.4103e+07 4.8205e+05
0.285 2.219e+07 4.4381e+05
0.286 1.9567e+07 3.9133e+05
0.287 2.636e+07 5.272e+05
0.288 2.5881e+07 5.1762e+05
0.289 2.3291e+07 4.6581e+05
0.29 1.3159e+07 2.6319e+05
0.291 2.2419e+07 4.4837e+05
0.292 1.8371e+07 3.6741e+05
0.293 2.5704e+07 5.1408e+05
0.294 1.7616e+07 3.5232e+05
0.295 2.0499e+07 4.0997e+05
0.296 1.6268e+07 3.2536e+05
0.297 1.3202e+07 2.6405e+05
0.298 1.266e+07 2.5319e+05
0.299 1.716e+07 3.4319e+05
0.3 1.3665e+07 2.733e+05
0.301 2.7998e+07 5.5995e+05
0.302 2.3655e+07 4.731e+05
0.303 2.3053e+07 4.6106e+05
0.304 2.3928e+07 4.7857e+05
0.305 1.0094e+07 2.0187e+05
0.306 1.6947e+07 3.3894e+05
0.307 1.9984e+07 3.9967e+05
0.308 1.534e+06 30681
0.309 1.7313e+07 3.4627e+05
0.31 2.1103e+07 4.2205e+05
0.311 2.3285e+07 4.657e+05
0.312 1.1227e+07 2.2454e+05
0.313 8.782e+06 1.7564e+05
0.314 1.0241e+07 2.0481e+05
0.315 1.0426e+07 2.0852e+05
0.316 1.865e+07 3.73e+05
0.317 1.4729e+07 2.9459e+05
0.318 1.8575e+07 3.715e+05
0.319 1.4327e+07 2.8654e+05
0.32 1.432e+07 2.8641e+05
0.321 2.0798e+07 4.1596e+05
0.322 2.6413e+07 5.2826e+05
0.323 2.6525e+07 5.3049e+05
0.324 2.0657e+07 4.1314e+05
0.325 2.2303e+07 4.4605e+05
0.326 1.8037e+07 3.6073e+05
0.327 2.2345e+07 4.4691e+05
0.328 1.8714e+07 3.7429e+05
0.329 9.7248e+06 1.945e+05
0.33 1.1481e+07 2.2962e+05
0.331 2.172e+07 4.3441e+05
0.332 2.483e+07 4.966e+05
0.333 1.4327e+07 2.8653e+05
0.334 1.5043e+07 3.0087e+05
0.335 1.2144e+07 2.4289e+05
0.336 1.9154e+07 3.8307e+05
0.337 2.302e+07 4.604e+05
0.338 1.5786e+07 3.1572e+05
0.339 5.1022e+06 1.0204e+05
0.34 2.1222e+07 4.2444e+05
0.341 1.4651e+07 2.9301e+05
0.342 2.139e+07 4.278e+05
0.343 1.5719e+07 3.1437e+05
0.344 1.7644e+07 3.5288e+05
0.345 1.9459e+07 3.8918e+05
0.346 2.2717e+07 4.5433e+05
0.347 1.57e+07 3.1401e+05
0.348 2.3107e+07 4.6213e+05
0.349 2.8053e+07 5.6106e+05
0.35 2.7582e+07 5.5165e+05
0.351 1.7991e+07 3.5982e+05
0.352 2.2513e+07 4.5027e+05
0.353 1.7772e+07 3.5544e+05
0.354 1.9149e+07 3.8297e+05
0.355 1.7283e+07 3.4566e+05
0.356 3.4379e+07 6.8758e+05
0.357 2.218e+07 4.436e+05
0.358 2.5159e+07 5.0317e+05
0.359 2.1713e+07 4.3425e+05
0.36 3.123e+07 6.246e+05
0.361 1.179e+07 2.3579e+05
0.362 2.5341e+07 5.0682e+05
0.363 2.7762e+07 5.5524e+05
0.364 1.1293e+07 2.2586e+05
0.365 2.003e+07 4.0061e+05
0.366 2.215e+07 4.43e+05
0.367 2.8457e+07 5.6914e+05
0.368 2.2225e+07 4.4451e+05
0.369 2.7951e+07 5.5903e+05
0.37 1.6036e+07 3.2072e+05
0.371 2.5504e+07 5.1009e+05
0.372 2.9773e+07 5.9546e+05
0.373 2.0674e+07 4.1347e+05
0.374 2.6708e+07 5.3416e+05
0.375 1.8983e+07 3.7966e+05
0.376 2.2205e+07 4.4409e+05
0.377 2.5502e+07 5.1003e+05
0.378 2.7753e+07 5.5506e+05
0.379 1.6823e+07 3.3645e+05
0.38 2.3774e+07 4.7549e+05
0.381 1.9374e+07 3.8747e+05
0.382 2.4894e+07 4.9787e+05
0.383 2.6069e+07 5.2137e+05
0.384 1.7648e+07 3.5297e+05
0.385 3.0036e+07 6.0072e+05
0.386 2.2832e+07 4.5663e+05
0.387 2.2268e+07 4.4536e+05
0.388 3.1211e+07 6.2423e+05
0.389 3.2529e+07 6.5059e+05
0.39 1.8319e+07 3.6638e+05
0.391 2.7312e+07 5.4625e+05
0.392 2.5465e+07 5.0931e+05
0.393 3.0722e+07 6.1445e+05
0.394 2.5343e+07 5.0687e+05
0.395 2.1392e+07 4.2784e+05
0.396 2.1374e+07 4.2748e+05
0.397 2.543e+07 5.086e+05
0.398 2.815e+07 5.6299e+05
0.399 2.8885e+07 5.7769e+05
0.4 3.351e+07 6.7021e+05
0.401 2.1101e+07 4.2202e+05
0.402 2.2558e+07 4.5117e+05
0.403 3.0749e+07 6.1498e+05
0.404 2.2724e+07 4.5448e+05
0.405 1.6085e+07 3.2171e+05
0.406 2.4614e+07 4.9228e+05
0.407 2.3443e+07 4.6887e+05
0.408 3.2041e+07 6.4083e+05
0.409 1.7102e+07 3.4203e+05
0.41 1.7647e+07 3.5294e+05
0.411 2.6909e+07 5.3819e+05
0.412 2.5278e+07 5.0555e+05
0.413 2.8469e+07 5.6937e+05
0.414 2.8838e+07 5.7676e+05
0.415 2.9272e+07 5.8544e+05
0.416 2.824e+07 5.6481e+05
0.417 3.1749e+07 6.3499e+05
0.418 2.8504e+07 5.7009e+05
0.419 2.6742e+07 5.3484e+05
0.42 3.357e+07 6.714e+05
0.421 3.1787e+07 6.3574e+05
0.422 2.7398e+07 5.4797e+05
0.423 2.3054e+07 4.6108e+05
0.424 2.1006e+07 4.2012e+05
0.425 3.6158e+07 7.2316e+05
0.426 2.4752e+07 4.9503e+05
0.427 2.3178e+07 4.6357e+05
0.428 2.9319e+07 5.8637e+05
0.429 2.5624e+07 5.1247e+05
0.43 2.5649e+07 5.1298e+05
0.431 3.1663e+07 6.3326e+05
0.432 2.071e+07 4.142e+05
0.433 2.6459e+07 5.2918e+05
0.434 2.9553e+07 5.9107e+05
0.435 2.4429e+07 4.8858e+05
0.436 2.9287e+07 5.8573e+05
0.437 2.6978e+07 5.3956e+05
0.438 3.6017e+07 7.2033e+05
0.439 3.1098e+07 6.2197e+05
0.44 3.0079e+07 6.0159e+05
0.441 2.787e+07 5.5739e+05
0.442 2.7812e+07 5.5625e+05
0.443 2.6856e+07 5.3712e+05
0.444 1.7818e+07 3.5636e+05
0.445 3.2084e+07 6.4168e+05
0.446 2.8971e+07 5.7941e+05
0.447 3.683e+07 7.366e+05
0.448 2.4906e+07 4.9812e+05
0.449 3.4025e+07 6.805e+05
0.45 2.9145e+07 5.8291e+05
0.451 2.1003e+07 4.2006e+05
0.452 2.5858e+07 5.1715e+05
0.453 3.3537e+07 6.7074e+05
0.454 4.0395e+07 8.0789e+05
0.455 2.2924e+07 4.5847e+05
0.456 2.9727e+07 5.9454e+05
0.457 3.4727e+07 6.9454e+05
0.458 2.9139e+07 5.8277e+05
0.459 2.9368e+07 5.8736e+05
0.46 2.823e+07 5.646e+05
0.461 3.5917e+07 7.1834e+05
0.462 3.3814e+07 6.7628e+05
0.463 3.1971e+07 6.3943e+05
0.464 3.4527e+07 6.9053e+05
0.465 3.6807e+07 7.3615e+05
0.466 3.8198e+07 7.6395e+05
0.467 2.9029e+07 5.8058e+05
0.468 2.7053e+07 5.4106e+05
0.469 3.1974e+07 6.3948e+05
0.47 3.2996e+07 6.5991e+05
0.471 2.4842e+07 4.9684e+05
0.472 2.6356e+07 5.2712e+05
0.473 3.7025e+07 7.4049e+05
0.474 2.4973e+07 4.9946e+05
0.475 3.6591e+07 7.3183e+05
0.476 2.665e+07 5.33e+05
0.477 2.9993e+07 5.9985e+05
0.478 4.2484e+07 8.4967e+05
0.479 2.657e+07 5.314e+05
0.48 2.6911e+07 5.3823e+05
0.481 3.3281e+07 6.6562e+05
0.482 2.918e+07 5.8361e+05
0.483 2.7474e+07 5.4948e+05
0.484 2.6434e+07 5.2869e+05
0.485 2.7042e+07 5.4085e+05
0.486 3.1177e+07 6.2354e+05
0.487 3.5494e+07 7.0987e+05
0.488 2.8084e+07 5.6169e+05
0.489 3.0065e+07 6.013e+05
0.49 2.9471e+07 5.8941e+05
0.491 3.2175e+07 6.4349e+05
0.492 2.6724e+07 5.3448e+05
0.493 3.0385e+07 6.0769e+05
0.494 3.135e+07 6.27e+05
0.495 2.5995e+07 5.199e+05
0.496 2.4392e+07 4.8784e+05
0.497 3.4417e+07 6.8834e+05
0.498 3.0509e+07 6.1017e+05
0.499 2.4483e+07 4.8967e+05
0.5 2.5301e+07 5.0603e+05
