0.001 3.0523e+09 6.1047e+07
0.002 2.7568e+09 5.5136e+07
0.003 2.8778e+09 5.7557e+07
0.004 2.9323e+09 5.8645e+07
0.005 3.0884e+09 6.1769e+07
0.006 2.9798e+09 5.9597e+07
0.007 3.0231e+09 6.0462e+07
0.008 3.0297e+09 6.0594e+07
0.009 2.9596e+09 5.9193e+07
0.01 2.9652e+09 5.9304e+07
0.011 2.8975e+09 5.7949e+07
0.012 2.9595e+09 5.919e+07
0.013 2.9717e+09 5.9434e+07
0.014 2.9105e+09 5.8209e+07
0.015 2.9801e+09 5.9603e+07
0.016 2.9541e+09 5.9082e+07
0.017 2.8284e+09 5.6568e+07
0.018 2.8944e+09 5.7889e+07
0.019 2.9186e+09 5.8371e+07
0.02 2.8422e+09 5.6844e+07
0.021 2.8719e+09 5.7437e+07
0.022 2.8003e+09 5.6006e+07
0.023 2.8788e+09 5.7577e+07
0.024 2.8856e+09 5.7712e+07
0.025 2.8241e+09 5.6482e+07
0.026 2.8091e+09 5.6182e+07
0.027 2.8203e+09 5.6407e+07
0.028 2.7864e+09 5.5727e+07
0.029 2.7401e+09 5.4802e+07
0.03 2.7985e+09 5.5971e+07
0.031 2.7265e+09 5.4531e+07
0.032 2.7141e+09 5.4281e+07
0.033 2.69e+09 5.38e+07
0.034 2.6965e+09 5.393e+07
0.035 2.7171e+09 5.4343e+07
0.036 2.6642e+09 5.3284e+07
0.037 2.6013e+09 5.2026e+07
0.038 2.6177e+09 5.2355e+07
0.039 2.6156e+09 5.2311e+07
0.04 2.5507e+09 5.1015e+07
0.041 2.5375e+09 5.0749e+07
0.042 2.5217e+09 5.0434e+07
0.043 2.5271e+09 5.0542e+07
0.044 2.5381e+09 5.0763e+07
0.045 2.5102e+09 5.0204e+07
0.046 2.4577e+09 4.9153e+07
0.047 2.4526e+09 4.9053e+07
0.048 2.3662e+09 4.7324e+07
0.049 2.4191e+09 4.8383e+07
0.05 2.3621e+09 4.7242e+07
0.051 2.3475e+09 4.695e+07
0.052 2.3384e+09 4.6768e+07
0.053 2.2537e+09 4.5074e+07
0.054 2.3035e+09 4.607e+07
0.055 2.2502e+09 4.5004e+07
0.056 2.2806e+09 4.5611e+07
0.057 2.1831e+09 4.3661e+07
0.058 2.2001e+09 4.4003e+07
0.059 2.1774e+09 4.3548e+07
0.06 2.1427e+09 4.2854e+07
0.061 2.0891e+09 4.1782e+07
0.062 2.0618e+09 4.1237e+07
0.063 2.0507e+09 4.1014e+07
0.064 2.0652e+09 4.1303e+07
0.065 2.0113e+09 4.0227e+07
0.066 1.9957e+09 3.9913e+07
0.067 1.9442e+09 3.8885e+07
0.068 1.9485e+09 3.897e+07
0.069 1.9205e+09 3.8411e+07
0.07 1.8944e+09 3.7888e+07
0.071 1.88e+09 3.7599e+07
0.072 1.8296e+09 3.6592e+07
0.073 1.8342e+09 3.6685e+07
0.074 1.8318e+09 3.6636e+07
0.075 1.8027e+09 3.6054e+07
0.076 1.7797e+09 3.5594e+07
0.077 1.7193e+09 3.4386e+07
0.078 1.7067e+09 3.4134e+07
0.079 1.6816e+09 3.3631e+07
0.08 1.6376e+09 3.2752e+07
0.081 1.6464e+09 3.2927e+07
0.082 1.6321e+09 3.2641e+07
0.083 1.6249e+09 3.2498e+07
0.084 1.5342e+09 3.0685e+07
0.085 1.515e+09 3.03e+07
0.086 1.509e+09 3.018e+07
0.087 1.4845e+09 2.9689e+07
0.088 1.5031e+09 3.0062e+07
0.089 1.4429e+09 2.8858e+07
0.09 1.4356e+09 2.8711e+07
0.091 1.3847e+09 2.7693e+07
0.092 1.3916e+09 2.7831e+07
0.093 1.3285e+09 2.657e+07
0.094 1.3336e+09 2.6671e+07
0.095 1.3192e+09 2.6384e+07
0.096 1.2761e+09 2.5522e+07
0.097 1.2715e+09 2.5429e+07
0.098 1.2407e+09 2.4815e+07
0.099 1.2235e+09 2.4469e+07
0.1 1.2124e+09 2.4247e+07
0.101 1.1882e+09 2.3765e+07
0.102 1.1423e+09 2.2846e+07
0.103 1.1436e+09 2.2872e+07
0.104 1.1178e+09 2.2356e+07
0.105 1.0934e+09 2.1868e+07
0.106 1.1092e+09 2.2184e+07
0.107 1.0498e+09 2.0995e+07
0.108 1.04e+09 2.0801e+07
0.109 1.0123e+09 2.0246e+07
0.11 9.9669e+08 1.9934e+07
0.111 9.9314e+08 1.9863e+07
0.112 9.6512e+08 1.9302e+07
0.113 9.7514e+08 1.9503e+07
0.114 9.4549e+08 1.891e+07
0.115 9.1293e+08 1.8259e+07
0.116 9.1821e+08 1.8364e+07
0.117 8.4919e+08 1.6984e+07
0.118 8.7116e+08 1.7423e+07
0.119 8.384e+08 1.6768e+07
0.12 8.2717e+08 1.6543e+07
0.121 8.1275e+08 1.6255e+07
0.122 7.9921e+08 1.5984e+07
0.123 7.8358e+08 1.5672e+07
0.124 7.8674e+08 1.5735e+07
0.125 7.5337e+08 1.5067e+07
0.126 7.3549e+08 1.471e+07
0.127 7.4507e+08 1.4901e+07
0.128 7.0738e+08 1.4148e+07
0.129 7.217e+08 1.4434e+07
0.13 6.9762e+08 1.3952e+07
0.131 6.8132e+08 1.3626e+07
0.132 6.8126e+08 1.3625e+07
0.133 6.3576e+08 1.2715e+07
0.134 6.3629e+08 1.2726e+07
0.135 6.4616e+08 1.2923e+07
0.136 5.9584e+08 1.1917e+07
0.137 5.8551e+08 1.171e+07
0.138 6.079e+08 1.2158e+07
0.139 5.9565e+08 1.1913e+07
0.14 5.5987e+08 1.1197e+07
0.141 5.7036e+08 1.1407e+07
0.142 5.3442e+08 1.0688e+07
0.143 5.3619e+08 1.0724e+07
0.144 5.3411e+08 1.0682e+07
0.145 5.1355e+08 1.0271e+07
0.146 5.1405e+08 1.0281e+07
0.147 4.9177e+08 9.8354e+06
0.148 4.7216e+08 9.4432e+06
0.149 4.7999e+08 9.5998e+06
0.15 4.6094e+08 9.2187e+06
0.151 4.5968e+08 9.1936e+06
0.152 4.5593e+08 9.1186e+06
0.153 4.1738e+08 8.3476e+06
0.154 4.3949e+08 8.7899e+06
0.155 4.1919e+08 8.3838e+06
0.156 4.0849e+08 8.1699e+06
0.157 3.8951e+08 7.7903e+06
0.158 3.945e+08 7.89e+06
0.159 4.0599e+08 8.1199e+06
0.16 3.9617e+08 7.9233e+06
0.161 3.699e+08 7.3981e+06
0.162 3.6555e+08 7.3109e+06
0.163 3.7692e+08 7.5383e+06
0.164 3.6603e+08 7.3206e+06
0.165 3.5168e+08 7.0337e+06
0.166 3.5093e+08 7.0187e+06
0.167 3.4207e+08 6.8415e+06
0.168 3.4999e+08 6.9999e+06
0.169 3.381e+08 6.762e+06
0.17 3.0979e+08 6.1958e+06
0.171 3.1166e+08 6.2332e+06
0.172 3.1389e+08 6.2778e+06
0.173 2.9475e+08 5.8951e+06
0.174 2.8589e+08 5.7179e+06
0.175 2.9623e+08 5.9245e+06
0.176 2.919e+08 5.838e+06
0.177 2.6844e+08 5.3689e+06
0.178 2.7747e+08 5.5494e+06
0.179 2.5427e+08 5.0855e+06
0.18 2.6249e+08 5.2499e+06
0.181 2.6036e+08 5.2072e+06
0.182 2.633e+08 5.2661e+06
0.183 2.3673e+08 4.7346e+06
0.184 2.4664e+08 4.9328e+06
0.185 2.4412e+08 4.8823e+06
0.186 2.4431e+08 4.8861e+06
0.187 2.2776e+08 4.5552e+06
0.188 2.2995e+08 4.5991e+06
0.189 2.2943e+08 4.5885e+06
0.19 2.15e+08 4.3001e+06
0.191 2.1517e+08 4.3033e+06
0.192 2.2469e+08 4.4939e+06
0.193 2.1293e+08 4.2587e+06
0.194 2.0902e+08 4.1804e+06
0.195 2.0006e+08 4.0011e+06
0.196 2.0214e+08 4.0428e+06
0.197 1.9977e+08 3.9955e+06
0.198 1.8817e+08 3.7634e+06
0.199 1.7676e+08 3.5352e+06
0.2 1.7448e+08 3.4896e+06
0.201 1.9713e+08 3.9426e+06
0.202 1.7133e+08 3.4266e+06
0.203 1.7259e+08 3.4518e+06
0.204 1.7109e+08 3.4217e+06
0.205 1.5586e+08 3.1172e+06
0.206 1.6856e+08 3.3711e+06
0.207 1.6281e+08 3.2563e+06
0.208 1.5464e+08 3.0927e+06
0.209 1.5334e+08 3.0667e+06
0.21 1.5728e+08 3.1455e+06
0.211 1.4378e+08 2.8757e+06
0.212 1.4141e+08 2.8283e+06
0.213 1.3951e+08 2.7901e+06
0.214 1.3584e+08 2.7167e+06
0.215 1.4286e+08 2.8572e+06
0.216 1.5164e+08 3.0328e+06
0.217 1.4262e+08 2.8523e+06
0.218 1.2933e+08 2.5866e+06
0.219 1.1559e+08 2.3119e+06
0.22 1.2554e+08 2.5108e+06
0.221 1.135e+08 2.2699e+06
0.222 1.0823e+08 2.1646e+06
0.223 1.259e+08 2.518e+06
0.224 1.2843e+08 2.5686e+06
0.225 9.7057e+07 1.9411e+06
0.226 1.0969e+08 2.1938e+06
0.227 7.4713e+07 1.4943e+06
0.228 1.0617e+08 2.1233e+06
0.229 1.1022e+08 2.2044e+06
0.23 8.1203e+07 1.6241e+06
0.231 9.8319e+07 1.9664e+06
0.232 8.9753e+07 1.7951e+06
0.233 9.3904e+07 1.8781e+06
0.234 9.5578e+07 1.9116e+06
0.235 9.098e+07 1.8196e+06
0.236 8.3763e+07 1.6753e+06
0.237 7.795e+07 1.559e+06
0.238 8.8013e+07 1.7603e+06
0.239 8.4402e+07 1.688e+06
0.24 8.3061e+07 1.6612e+06
0.241 8.8869e+07 1.7774e+06
0.242 8.4649e+07 1.693e+06
0.243 7.4757e+07 1.4951e+06
0.244 8.3816e+07 1.6763e+06
0.245 6.3477e+07 1.2695e+06
0.246 6.8909e+07 1.3782e+06
0.247 7.4026e+07 1.4805e+06
0.248 5.8354e+07 1.1671e+06
0.249 7.1889e+07 1.4378e+06
0.25 7.0711e+07 1.4142e+06
0.251 5.4216e+07 1.0843e+06
0.252 7.6594e+07 1.5319e+06
0.253 6.1346e+07 1.2269e+06
0.254 5.6688e+07 1.1338e+06
0.255 6.7156e+07 1.3431e+06
0.256 5.1205e+07 1.0241e+06
0.257 3.8854e+07 7.7708e+05
0.258 6.2589e+07 1.2518e+06
0.259 4.7555e+07 9.511e+05
0.26 3.7914e+07 7.5828e+05
0.261 4.3894e+07 8.7788e+05
0.262 3.6845e+07 7.369e+05
0.263 3.4512e+07 6.9024e+05
0.264 5.3802e+07 1.076e+06
0.265 3.3754e+07 6.7509e+05
0.266 2.4872e+07 4.9744e+05
0.267 3.7196e+07 7.4391e+05
0.268 4.7577e+07 9.5155e+05
0.269 3.0731e+07 6.1463e+05
0.27 3.0898e+07 6.1796e+05
0.271 4.0144e+07 8.0288e+05
0.272 3.6456e+07 7.2912e+05
0.273 5.5656e+07 1.1131e+06
0.274 3.5808e+07 7.1615e+05
0.275 3.4981e+07 6.9961e+05
0.276 3.9062e+07 7.8124e+05
0.277 2.635e+07 5.2701e+05
0.278 2.5207e+07 5.0414e+05
0.279 2.5733e+07 5.1466e+05
0.28 2.6132e+07 5.2265e+05
0.281 2.6006e+07 5.2011e+05
0.282 2.7895e+07 5.5791e+05
0.283 2.9276e+07 5.8552e+05
0.284 3.707e+07 7.414e+05
0.285 3.2009e+07 6.4019e+05
0.286 3.1596e+07 6.3191e+05
0.287 3.1577e+07 6.3154e+05
0.288 2.7333e+07 5.4667e+05
0.289 2.5862e+07 5.1725e+05
0.29 2.3168e+07 4.6335e+05
0.291 2.5218e+07 5.0437e+05
0.292 1.674e+07 3.3481e+05
0.293 2.9126e+07 5.8252e+05
0.294 1.4382e+07 2.8764e+05
0.295 1.4613e+07 2.9226e+05
0.296 3.1919e+07 6.3838e+05
0.297 2.3585e+07 4.7171e+05
0.298 1.9704e+07 3.9408e+05
0.299 3.183e+07 6.366e+05
0.3 2.5057e+07 5.0114e+05
0.301 6.5531e+06 1.3106e+05
0.302 1.7585e+07 3.517e+05
0.303 2.7487e+07 5.4975e+05
0.304 2.516e+07 5.032e+05
0.305 1.7287e+07 3.4575e+05
0.306 3.1215e+07 6.243e+05
0.307 2.4895e+07 4.9789e+05
0.308 1.7523e+07 3.5046e+05
0.309 1.6169e+07 3.2338e+05
0.31 1.8256e+07 3.6513e+05
0.311 1.9871e+07 3.9742e+05
0.312 7.6494e+06 1.5299e+05
0.313 1.4852e+07 2.9704e+05
0.314 2.0827e+07 4.1653e+05
0.315 1.594e+07 3.188e+05
0.316 1.5108e+07 3.0217e+05
0.317 3.4207e+07 6.8414e+05
0.318 1.59e+07 3.1801e+05
0.319 3.0689e+07 6.1379e+05
0.32 4.2656e+06 85313
0.321 2.0972e+07 4.1943e+05
0.322 1.3803e+07 2.7605e+05
0.323 2.6456e+07 5.2912e+05
0.324 1.9658e+07 3.9316e+05
0.325 2.0407e+07 4.0813e+05
0.326 1.7027e+07 3.4054e+05
0.327 1.0753e+07 2.1506e+05
0.328 1.8288e+07 3.6576e+05
0.329 3.0219e+07 6.0439e+05
0.33 2.6808e+07 5.3616e+05
0.331 9.9147e+06 1.9829e+05
0.332 2.0066e+07 4.0133e+05
0.333 1.4652e+07 2.9305e+05
0.334 1.9449e+07 3.8899e+05
0.335 1.5328e+07 3.0656e+05
0.336 2.0361e+07 4.0722e+05
0.337 1.1121e+07 2.2242e+05
0.338 3.2572e+07 6.5144e+05
0.339 2.4098e+07 4.8196e+05
0.34 1.9297e+07 3.8594e+05
0.341 3.2821e+07 6.5641e+05
0.342 2.3792e+07 4.7585e+05
0.343 2.4627e+07 4.9253e+05
0.344 1.7836e+07 3.5673e+05
0.345 2.7038e+07 5.4076e+05
0.346 1.1495e+07 2.299e+05
0.347 2.1905e+07 4.3811e+05
0.348 1.7248e+07 3.4496e+05
0.349 5.0936e+06 1.0187e+05
0.35 2.7681e+07 5.5363e+05
0.351 2.9079e+07 5.8159e+05
0.352 1.7865e+07 3.5731e+05
0.353 1.9854e+07 3.9708e+05
0.354 2.8882e+07 5.7764e+05
0.355 1.3503e+07 2.7006e+05
0.356 1.8426e+07 3.6852e+05
0.357 2.0124e+07 4.0247e+05
0.358 2.69e+07 5.3801e+05
0.359 2.2544e+07 4.5088e+05
0.36 3.0435e+07 6.0871e+05
0.361 2.774e+07 5.548e+05
0.362 2.1636e+07 4.3273e+05
0.363 2.4139e+07 4.8279e+05
0.364 2.4834e+07 4.9668e+05
0.365 2.8322e+07 5.6644e+05
0.366 2.3644e+07 4.7288e+05
0.367 1.9254e+07 3.8508e+05
0.368 3.2519e+07 6.5038e+05
0.369 2.3416e+07 4.6832e+05
0.37 2.0551e+07 4.1102e+05
0.371 2.2663e+07 4.5325e+05
0.372 2.2544e+07 4.5088e+05
0.373 2.8818e+07 5.7636e+05
0.374 2.6833e+07 5.3666e+05
0.375 3.2221e+07 6.4442e+05
0.376 3.4367e+07 6.8735e+05
0.377 4.1092e+07 8.2185e+05
0.378 2.6089e+07 5.2177e+05
0.379 3.1998e+07 6.3996e+05
0.38 2.1483e+07 4.2966e+05
0.381 2.0705e+07 4.1411e+05
0.382 2.7838e+07 5.5676e+05
0.383 2.7961e+07 5.5921e+05
0.384 2.2479e+07 4.4958e+05
0.385 2.5368e+07 5.0736e+05
0.386 2.3573e+07 4.7146e+05
0.387 2.3477e+07 4.6955e+05
0.388 2.6723e+07 5.3446e+05
0.389 3.0305e+07 6.061e+05
0.39 2.7199e+07 5.4397e+05
0.391 2.8852e+07 5.7704e+05
0.392 3.3342e+07 6.6685e+05
0.393 2.7714e+07 5.5428e+05
0.394 3.2652e+07 6.5303e+05
0.395 2.6782e+07 5.3565e+05
0.396 3.214e+07 6.4279e+05
0.397 2.9277e+07 5.8554e+05
0.398 2.2839e+07 4.5678e+05
0.399 3.4131e+07 6.8263e+05
0.4 2.1982e+07 4.3965e+05
0.401 3.2715e+07 6.543e+05
0.402 3.3801e+07 6.7602e+05
0.403 3.4887e+07 6.9774e+05
0.404 2.6788e+07 5.3575e+05
0.405 2.4961e+07 4.9921e+05
0.406 2.6052e+07 5.2104e+05
0.407 2.6417e+07 5.2834e+05
0.408 1.8923e+07 3.7845e+05
0.409 2.6214e+07 5.2428e+05
0.41 2.8508e+07 5.7017e+05
0.411 3.7232e+07 7.4464e+05
0.412 3.2971e+07 6.5942e+05
0.413 2.9287e+07 5.8574e+05
0.414 3.5768e+07 7.1535e+05
0.415 4.1059e+07 8.2118e+05
0.416 2.7636e+07 5.5272e+05
0.417 2.2103e+07 4.4207e+05
0.418 2.9697e+07 5.9395e+05
0.419 3.7192e+07 7.4383e+05
0.42 4.2089e+07 8.4179e+05
0.421 3.8696e+07 7.7391e+05
0.422 3.0255e+07 6.0509e+05
0.423 3.3018e+07 6.6036e+05
0.424 1.5224e+07 3.0448e+05
0.425 2.6299e+07 5.2599e+05
0.426 3.7909e+07 7.5818e+05
0.427 3.1127e+07 6.2254e+05
0.428 2.9889e+07 5.9779e+05
0.429 3.8235e+07 7.647e+05
0.43 3.9825e+07 7.965e+05
0.431 3.3306e+07 6.6611e+05
0.432 3.1306e+07 6.2611e+05
0.433 2.8639e+07 5.7279e+05
0.434 4.6221e+07 9.2442e+05
0.435 3.2715e+07 6.5429e+05
0.436 3.358e+07 6.716e+05
0.437 2.7344e+07 5.4688e+05
0.438 2.8785e+07 5.7571e+05
0.439 3.3799e+07 6.7598e+05
0.44 2.7953e+07 5.5905e+05
0.441 3.3306e+07 6.6613e+05
0.442 3.5623e+07 7.1246e+05
0.443 2.6621e+07 5.3242e+05
0.444 4.0629e+07 8.1259e+05
0.445 3.5173e+07 7.0347e+05
0.446 4.2235e+07 8.4471e+05
0.447 3.0902e+07 6.1804e+05
0.448 4.504e+07 9.0079e+05
0.449 3.6576e+07 7.3151e+05
0.45 4.0557e+07 8.1115e+05
0.451 3.7338e+07 7.4677e+05
0.452 3.6446e+07 7.2891e+05
0.453 4.1463e+07 8.2927e+05
0.454 4.9017e+07 9.8034e+05
0.455 3.5765e+07 7.1531e+05
0.456 2.7316e+07 5.4633e+05
0.457 3.7625e+07 7.525e+05
0.458 3.8943e+07 7.7887e+05
0.459 2.869e+07 5.738e+05
0.46 3.5739e+07 7.1477e+05
0.461 2.8058e+07 5.6116e+05
0.462 2.6331e+07 5.2662e+05
0.463 4.4459e+07 8.8918e+05
0.464 3.0847e+07 6.1693e+05
0.465 3.7225e+07 7.4449e+05
0.466 3.4748e+07 6.9495e+05
0.467 2.8854e+07 5.7708e+05
0.468 4.0627e+07 8.1255e+05
0.469 2.3902e+07 4.7804e+05
0.47 2.782e+07 5.5641e+05
0.471 2.969e+07 5.938e+05
0.472 4.8973e+07 9.7945e+05
0.473 3.3879e+07 6.7757e+05
0.474 3.3364e+07 6.6728e+05
0.475 2.5415e+07 5.083e+05
0.476 3.9164e+07 7.8328e+05
0.477 2.8819e+07 5.7637e+05
0.478 3.2037e+07 6.4073e+05
0.479 3.8681e+07 7.7362e+05
0.48 3.3475e+07 6.695e+05
0.481 3.0711e+07 6.1422e+05
0.482 3.7355e+07 7.471e+05
0.483 3.4113e+07 6.8226e+05
0.484 3.675e+07 7.35e+05
0.485 3.074e+07 6.1479e+05
0.486 3.5803e+07 7.1606e+05
0.487 4.1399e+07 8.2798e+05
0.488 3.618e+07 7.236e+05
0.489 4.0732e+07 8.1464e+05
0.49 3.9206e+07 7.8413e+05
0.491 3.4662e+07 6.9323e+05
0.492 3.1611e+07 6.3222e+05
0.493 2.7686e+07 5.5372e+05
0.494 3.3189e+07 6.6377e+05
0.495 3.1089e+07 6.2178e+05
0.496 3.0911e+07 6.1821e+05
0.497 3.1445e+07 6.2889e+05
0.498 3.077e+07 6.1541e+05
0.499 3.1536e+07 6.3071e+05
0.5 3.61e+07 7.22e+05
