0.001 3.3044e+09 6.6089e+07
0.002 3.2272e+09 6.4545e+07
0.003 3.1105e+09 6.2209e+07
0.004 3.1111e+09 6.2222e+07
0.005 3.068e+09 6.1359e+07
0.006 2.9521e+09 5.9042e+07
0.007 3.1104e+09 6.2208e+07
0.008 3.071e+09 6.1419e+07
0.009 3.1034e+09 6.2068e+07
0.01 3.1233e+09 6.2467e+07
0.011 3.0128e+09 6.0257e+07
0.012 3.1765e+09 6.353e+07
0.013 3.1046e+09 6.2092e+07
0.014 3.104e+09 6.2079e+07
0.015 3.2104e+09 6.4208e+07
0.016 3.0631e+09 6.1262e+07
0.017 2.9491e+09 5.8982e+07
0.018 3.0181e+09 6.0362e+07
0.019 3.1142e+09 6.2284e+07
0.02 3.0312e+09 6.0624e+07
0.021 3.0921e+09 6.1842e+07
0.022 3.0221e+09 6.0442e+07
0.023 2.9359e+09 5.8717e+07
0.024 2.9686e+09 5.9372e+07
0.025 2.9939e+09 5.9877e+07
0.026 2.9829e+09 5.9659e+07
0.027 3.018e+09 6.036e+07
0.028 2.9457e+09 5.8914e+07
0.029 2.8973e+09 5.7946e+07
0.03 2.8848e+09 5.7697e+07
0.031 2.8916e+09 5.7833e+07
0.032 2.8372e+09 5.6745e+07
0.033 2.7997e+09 5.5994e+07
0.034 2.7874e+09 5.5747e+07
0.035 2.7831e+09 5.5663e+07
0.036 2.8274e+09 5.6547e+07
0.037 2.801e+09 5.602e+07
0.038 2.715e+09 5.43e+07
0.039 2.6655e+09 5.3311e+07
0.04 2.7489e+09 5.4979e+07
0.041 2.6993e+09 5.3985e+07
0.042 2.7071e+09 5.4141e+07
0.043 2.5999e+09 5.1999e+07
0.044 2.5923e+09 5.1846e+07
0.045 2.604e+09 5.2079e+07
0.046 2.5776e+09 5.1551e+07
0.047 2.5764e+09 5.1528e+07
0.048 2.5405e+09 5.0811e+07
0.049 2.4676e+09 4.9352e+07
0.05 2.4873e+09 4.9746e+07
0.051 2.4067e+09 4.8135e+07
0.052 2.4438e+09 4.8876e+07
0.053 2.4134e+09 4.8269e+07
0.054 2.3975e+09 4.7951e+07
0.055 2.4028e+09 4.8057e+07
0.056 2.3144e+09 4.6288e+07
0.057 2.3533e+09 4.7066e+07
0.058 2.2821e+09 4.5642e+07
0.059 2.2681e+09 4.5362e+07
0.06 2.2623e+09 4.5246e+07
0.061 2.2003e+09 4.4005e+07
0.062 2.2321e+09 4.4642e+07
0.063 2.1746e+09 4.3492e+07
0.064 2.1554e+09 4.3109e+07
0.065 2.114e+09 4.228e+07
0.066 2.1175e+09 4.2351e+07
0.067 2.0478e+09 4.0955e+07
0.068 2.0339e+09 4.0679e+07
0.069 2.0193e+09 4.0385e+07
0.07 1.9832e+09 3.9664e+07
0.071 1.9735e+09 3.9469e+07
0.072 1.967e+09 3.934e+07
0.073 1.9021e+09 3.8042e+07
0.074 1.8921e+09 3.7842e+07
0.075 1.8448e+09 3.6897e+07
0.076 1.8391e+09 3.6783e+07
0.077 1.8132e+09 3.6263e+07
0.078 1.8078e+09 3.6155e+07
0.079 1.7938e+09 3.5876e+07
0.08 1.7253e+09 3.4506e+07
0.081 1.6982e+09 3.3963e+07
0.082 1.7152e+09 3.4305e+07
0.083 1.6717e+09 3.3434e+07
0.084 1.6496e+09 3.2993e+07
0.085 1.6386e+09 3.2771e+07
0.086 1.6087e+09 3.2174e+07
0.087 1.5584e+09 3.1169e+07
0.088 1.5115e+09 3.0229e+07
0.089 1.5177e+09 3.0355e+07
0.09 1.5071e+09 3.0142e+07
0.091 1.4609e+09 2.9218e+07
0.092 1.4603e+09 2.9207e+07
0.093 1.4258e+09 2.8516e+07
0.094 1.3966e+09 2.7931e+07
0.095 1.3687e+09 2.7374e+07
0.096 1.35e+09 2.7e+07
0.097 1.3138e+09 2.6276e+07
0.098 1.3104e+09 2.6207e+07
0.099 1.2732e+09 2.5464e+07
0.1 1.2655e+09 2.5309e+07
0.101 1.2014e+09 2.4028e+07
0.102 1.2025e+09 2.4049e+07
0.103 1.1896e+09 2.3793e+07
0.104 1.1795e+09 2.359e+07
0.105 1.1285e+09 2.257e+07
0.106 1.1547e+09 2.3094e+07
0.107 1.1158e+09 2.2317e+07
0.108 1.1142e+09 2.2284e+07
0.109 1.0591e+09 2.1182e+07
0.11 1.0524e+09 2.1049e+07
0.111 1.055e+09 2.1099e+07
0.112 1.0247e+09 2.0495e+07
0.113 1.0028e+09 2.0055e+07
0.114 9.676e+08 1.9352e+07
0.115 9.5573e+08 1.9115e+07
0.116 9.5622e+08 1.9124e+07
0.117 9.2668e+08 1.8534e+07
0.118 9.1476e+08 1.8295e+07
0.119 8.9749e+08 1.795e+07
0.12 8.9885e+08 1.7977e+07
0.121 8.4582e+08 1.6916e+07
0.122 8.4592e+08 1.6918e+07
0.123 8.3115e+08 1.6623e+07
0.124 8.153e+08 1.6306e+07
0.125 7.9395e+08 1.5879e+07
0.126 8.0473e+08 1.6095e+07
0.127 7.8673e+08 1.5735e+07
0.128 7.2135e+08 1.4427e+07
0.129 7.343e+08 1.4686e+07
0.13 7.0829e+08 1.4166e+07
0.131 7.1806e+08 1.4361e+07
0.132 6.8819e+08 1.3764e+07
0.133 6.7944e+08 1.3589e+07
0.134 6.7778e+08 1.3556e+07
0.135 6.3272e+08 1.2654e+07
0.136 6.3671e+08 1.2734e+07
0.137 6.2205e+08 1.2441e+07
0.138 6.2386e+08 1.2477e+07
0.139 6.1963e+08 1.2393e+07
0.14 5.9108e+08 1.1822e+07
0.141 5.7481e+08 1.1496e+07
0.142 5.8116e+08 1.1623e+07
0.143 5.6335e+08 1.1267e+07
0.144 5.3387e+08 1.0677e+07
0.145 5.0998e+08 1.02e+07
0.146 5.4325e+08 1.0865e+07
0.147 5.1084e+08 1.0217e+07
0.148 5.106e+08 1.0212e+07
0.149 5.004e+08 1.0008e+07
0.15 4.8546e+08 9.7092e+06
0.151 4.5134e+08 9.0267e+06
0.152 4.6159e+08 9.2318e+06
0.153 4.6646e+08 9.3292e+06
0.154 4.6232e+08 9.2464e+06
0.155 4.4628e+08 8.9255e+06
0.156 4.3908e+08 8.7816e+06
0.157 4.2981e+08 8.5961e+06
0.158 4.2684e+08 8.5368e+06
0.159 4.1065e+08 8.2129e+06
0.16 4.1853e+08 8.3705e+06
0.161 3.9993e+08 7.9986e+06
0.162 3.8403e+08 7.6805e+06
0.163 3.8009e+08 7.6018e+06
0.164 3.6467e+08 7.2934e+06
0.165 3.6857e+08 7.3713e+06
0.166 3.6807e+08 7.3615e+06
0.167 3.5329e+08 7.0659e+06
0.168 3.6419e+08 7.2838e+06
0.169 3.3891e+08 6.7782e+06
0.17 3.3855e+08 6.7711e+06
0.171 3.3291e+08 6.6582e+06
0.172 3.1781e+08 6.3563e+06
0.173 3.1051e+08 6.2102e+06
0.174 3.0139e+08 6.0278e+06
0.175 3.1184e+08 6.2368e+06
0.176 2.8756e+08 5.7513e+06
0.177 2.8634e+08 5.7268e+06
0.178 2.9113e+08 5.8225e+06
0.179 2.9413e+08 5.8827e+06
0.18 2.7843e+08 5.5686e+06
0.181 2.7087e+08 5.4173e+06
0.182 2.7188e+08 5.4377e+06
0.183 2.5912e+08 5.1825e+06
0.184 2.6474e+08 5.2948e+06
0.185 2.4259e+08 4.8518e+06
0.186 2.4587e+08 4.9174e+06
0.187 2.3423e+08 4.6846e+06
0.188 2.4615e+08 4.923e+06
0.189 2.3826e+08 4.7651e+06
0.19 2.3367e+08 4.6734e+06
0.191 2.1133e+08 4.2266e+06
0.192 2.2339e+08 4.4677e+06
0.193 2.2378e+08 4.4755e+06
0.194 2.1863e+08 4.3726e+06
0.195 2.0856e+08 4.1712e+06
0.196 2.0133e+08 4.0266e+06
0.197 2.0854e+08 4.1709e+06
0.198 2.0545e+08 4.109e+06
0.199 1.804e+08 3.6081e+06
0.2 1.8712e+08 3.7425e+06
0.201 1.9482e+08 3.8963e+06
0.202 1.8453e+08 3.6906e+06
0.203 1.8718e+08 3.7437e+06
0.204 1.6884e+08 3.3767e+06
0.205 1.7715e+08 3.543e+06
0.206 1.8134e+08 3.6268e+06
0.207 1.7253e+08 3.4506e+06
0.208 1.6178e+08 3.2356e+06
0.209 1.671e+08 3.3421e+06
0.21 1.6484e+08 3.2967e+06
0.211 1.4957e+08 2.9913e+06
0.212 1.5799e+08 3.1597e+06
0.213 1.5104e+08 3.0207e+06
0.214 1.5567e+08 3.1135e+06
0.215 1.4763e+08 2.9526e+06
0.216 1.4199e+08 2.8398e+06
0.217 1.5544e+08 3.1088e+06
0.218 1.3032e+08 2.6063e+06
0.219 1.333e+08 2.6659e+06
0.22 1.2657e+08 2.5314e+06
0.221 1.3459e+08 2.6918e+06
0.222 1.1673e+08 2.3347e+06
0.223 1.1405e+08 2.2809e+06
0.224 1.0823e+08 2.1646e+06
0.225 1.1549e+08 2.3098e+06
0.226 1.4034e+08 2.8068e+06
0.227 1.0286e+08 2.0571e+06
0.228 1.0007e+08 2.0015e+06
0.229 1.1128e+08 2.2256e+06
0.23 8.9506e+07 1.7901e+06
0.231 1.0865e+08 2.1731e+06
0.232 1.1578e+08 2.3156e+06
0.233 9.6585e+07 1.9317e+06
0.234 9.9135e+07 1.9827e+06
0.235 1.0138e+08 2.0277e+06
0.236 8.9905e+07 1.7981e+06
0.237 9.6246e+07 1.9249e+06
0.238 7.9896e+07 1.5979e+06
0.239 8.5786e+07 1.7157e+06
0.24 8.083e+07 1.6166e+06
0.241 6.4741e+07 1.2948e+06
0.242 7.2993e+07 1.4599e+06
0.243 8.6869e+07 1.7374e+06
0.244 6.069e+07 1.2138e+06
0.245 6.5468e+07 1.3094e+06
0.246 6.9828e+07 1.3966e+06
0.247 7.2074e+07 1.4415e+06
0.248 6.7037e+07 1.3407e+06
0.249 5.9331e+07 1.1866e+06
0.25 5.9435e+07 1.1887e+06
0.251 6.0929e+07 1.2186e+06
0.252 5.7385e+07 1.1477e+06
0.253 5.8823e+07 1.1765e+06
0.254 5.9652e+07 1.193e+06
0.255 6.3715e+07 1.2743e+06
0.256 7.1292e+07 1.4258e+06
0.257 4.4684e+07 8.9367e+05
0.258 6.2756e+07 1.2551e+06
0.259 5.7335e+07 1.1467e+06
0.26 6.5701e+07 1.314e+06
0.261 4.5449e+07 9.0898e+05
0.262 4.4186e+07 8.8372e+05
0.263 5.247e+07 1.0494e+06
0.264 5.4192e+07 1.0838e+06
0.265 4.0913e+07 8.1825e+05
0.266 4.5429e+07 9.0857e+05
0.267 4.8572e+07 9.7143e+05
0.268 3.7107e+07 7.4214e+05
0.269 5.0679e+07 1.0136e+06
0.27 3.8267e+07 7.6534e+05
0.271 4.0771e+07 8.1542e+05
0.272 4.9521e+07 9.9043e+05
0.273 5.2066e+07 1.0413e+06
0.274 3.9798e+07 7.9596e+05
0.275 4.76e+07 9.52e+05
0.276 3.7712e+07 7.5424e+05
0.277 3.3642e+07 6.7284e+05
0.278 4.1165e+07 8.2331e+05
0.279 2.6036e+07 5.2072e+05
0.28 3.5007e+07 7.0013e+05
0.281 3.4111e+07 6.8222e+05
0.282 2.7114e+07 5.4228e+05
0.283 3.6639e+07 7.3278e+05
0.284 2.6952e+07 5.3904e+05
0.285 3.0829e+07 6.1657e+05
0.286 2.8487e+07 5.6974e+05
0.287 2.2766e+07 4.5531e+05
0.288 3.7902e+07 7.5803e+05
0.289 3.4727e+07 6.9454e+05
0.29 3.306e+07 6.6119e+05
0.291 4.0566e+07 8.1132e+05
0.292 3.756e+07 7.5119e+05
0.293 1.8473e+07 3.6947e+05
0.294 3.2518e+07 6.5036e+05
0.295 2.6742e+07 5.3483e+05
0.296 2.3566e+07 4.7132e+05
0.297 1.8778e+07 3.7555e+05
0.298 2.2655e+07 4.5309e+05
0.299 2.0494e+07 4.0988e+05
0.3 2.2093e+07 4.4186e+05
0.301 6.3998e+06 1.28e+05
0.302 2.5765e+07 5.153e+05
0.303 2.2764e+07 4.5527e+05
0.304 3.4111e+07 6.8221e+05
0.305 2.3106e+07 4.6213e+05
0.306 2.1053e+07 4.2106e+05
0.307 2.4286e+07 4.8571e+05
0.308 1.7745e+07 3.5491e+05
0.309 1.9631e+07 3.9262e+05
0.31 1.9626e+07 3.9251e+05
0.311 2.2972e+07 4.5945e+05
0.312 2.5199e+07 5.0399e+05
0.313 2.3976e+07 4.7951e+05
0.314 1.3589e+07 2.7179e+05
0.315 2.0232e+07 4.0464e+05
0.316 1.9325e+07 3.8651e+05
0.317 3.4635e+07 6.9271e+05
0.318 1.6014e+07 3.2029e+05
0.319 2.2929e+07 4.5858e+05
0.32 2.4473e+07 4.8945e+05
0.321 2.5623e+07 5.1246e+05
0.322 2.6075e+07 5.2149e+05
0.323 2.1331e+07 4.2663e+05
0.324 2.5199e+07 5.0399e+05
0.325 2.0235e+07 4.0471e+05
0.326 1.4358e+07 2.8715e+05
0.327 2.2352e+07 4.4704e+05
0.328 2.3267e+07 4.6533e+05
0.329 1.8971e+07 3.7941e+05
0.33 7.0962e+06 1.4192e+05
0.331 2.8255e+07 5.6509e+05
0.332 2.7859e+07 5.5718e+05
0.333 2.4584e+07 4.9167e+05
0.334 1.9782e+07 3.9563e+05
0.335 3.3889e+07 6.7777e+05
0.336 5.2649e+06 1.053e+05
0.337 2.3386e+07 4.6772e+05
0.338 2.6024e+07 5.2048e+05
0.339 3.5768e+07 7.1536e+05
0.34 1.5257e+07 3.0515e+05
0.341 1.9148e+07 3.8295e+05
0.342 2.1187e+07 4.2373e+05
0.343 2.1534e+07 4.3069e+05
0.344 2.4806e+07 4.9612e+05
0.345 1.3755e+07 2.7509e+05
0.346 2.2794e+07 4.5588e+05
0.347 2.2282e+07 4.4564e+05
0.348 2.4284e+07 4.8569e+05
0.349 2.7661e+07 5.5321e+05
0.35 3.1809e+07 6.3619e+05
0.351 3.2182e+07 6.4364e+05
0.352 1.9071e+07 3.8142e+05
0.353 1.6445e+07 3.2891e+05
0.354 2.5068e+07 5.0135e+05
0.355 2.1717e+07 4.3433e+05
0.356 2.0474e+07 4.0947e+05
0.357 1.5464e+07 3.0929e+05
0.358 2.0843e+07 4.1685e+05
0.359 1.9059e+07 3.8118e+05
0.36 3.3445e+07 6.689e+05
0.361 1.8159e+07 3.6317e+05
0.362 2.6702e+07 5.3404e+05
0.363 1.7755e+07 3.551e+05
0.364 3.0043e+07 6.0085e+05
0.365 2.3115e+07 4.6231e+05
0.366 3.6553e+07 7.3106e+05
0.367 2.6561e+07 5.3121e+05
0.368 2.4111e+07 4.8222e+05
0.369 4.1472e+07 8.2945e+05
0.37 1.9463e+07 3.8927e+05
0.371 3.1705e+07 6.3409e+05
0.372 2.9033e+07 5.8065e+05
0.373 3.2219e+07 6.4438e+05
0.374 3.8096e+07 7.6192e+05
0.375 3.0086e+07 6.0173e+05
0.376 4.3041e+07 8.6083e+05
0.377 2.7936e+07 5.5872e+05
0.378 2.8139e+07 5.6277e+05
0.379 2.8279e+07 5.6558e+05
0.38 3.2991e+07 6.5983e+05
0.381 1.2715e+07 2.5429e+05
0.382 3.201e+07 6.402e+05
0.383 2.8245e+07 5.6489e+05
0.384 2.8102e+07 5.6203e+05
0.385 2.772e+07 5.544e+05
0.386 3.2917e+07 6.5834e+05
0.387 2.2953e+07 4.5907e+05
0.388 2.658e+07 5.3159e+05
0.389 3.3534e+07 6.7067e+05
0.39 2.6148e+07 5.2296e+05
0.391 3.9902e+07 7.9804e+05
0.392 3.0223e+07 6.0446e+05
0.393 2.8651e+07 5.7303e+05
0.394 3.7439e+07 7.4877e+05
0.395 4.1856e+07 8.3712e+05
0.396 3.4264e+07 6.8528e+05
0.397 2.4772e+07 4.9544e+05
0.398 3.8686e+07 7.7372e+05
0.399 3.9852e+07 7.9705e+05
0.4 2.6338e+07 5.2677e+05
0.401 2.8465e+07 5.693e+05
0.402 2.088e+07 4.176e+05
0.403 4.3293e+07 8.6585e+05
0.404 4.0162e+07 8.0323e+05
0.405 2.9821e+07 5.9642e+05
0.406 3.6738e+07 7.3477e+05
0.407 3.5889e+07 7.1777e+05
0.408 3.4123e+07 6.8246e+05
0.409 2.4578e+07 4.9156e+05
0.41 4.4226e+07 8.8451e+05
0.411 3.3497e+07 6.6994e+05
0.412 3.4839e+07 6.9677e+05
0.413 3.6288e+07 7.2576e+05
0.414 2.8458e+07 5.6916e+05
0.415 3.1692e+07 6.3384e+05
0.416 3.0606e+07 6.1212e+05
0.417 2.1603e+07 4.3205e+05
0.418 3.0767e+07 6.1534e+05
0.419 3.4538e+07 6.9075e+05
0.42 3.7546e+07 7.5091e+05
0.421 2.6478e+07 5.2956e+05
0.422 3.3799e+07 6.7598e+05
0.423 2.7667e+07 5.5335e+05
0.424 3.1902e+07 6.3805e+05
0.425 2.7064e+07 5.4129e+05
0.426 2.87e+07 5.74e+05
0.427 4.2996e+07 8.5993e+05
0.428 3.4618e+07 6.9235e+05
0.429 4.0452e+07 8.0903e+05
0.43 3.0371e+07 6.0743e+05
0.431 3.7836e+07 7.5673e+05
0.432 3.5175e+07 7.0351e+05
0.433 3.2403e+07 6.4805e+05
0.434 3.1725e+07 6.3449e+05
0.435 3.6697e+07 7.3394e+05
0.436 3.4484e+07 6.8969e+05
0.437 3.4183e+07 6.8365e+05
0.438 2.8365e+07 5.673e+05
0.439 3.7063e+07 7.4125e+05
0.44 4.2731e+07 8.5462e+05
0.441 3.7918e+07 7.5837e+05
0.442 3.2555e+07 6.5111e+05
0.443 3.9699e+07 7.9397e+05
0.444 3.0557e+07 6.1114e+05
0.445 2.9778e+07 5.9556e+05
0.446 2.8654e+07 5.7308e+05
0.447 4.3382e+07 8.6765e+05
0.448 3.8172e+07 7.6343e+05
0.449 4.4308e+07 8.8617e+05
0.45 3.6352e+07 7.2704e+05
0.451 2.9251e+07 5.8502e+05
0.452 3.7458e+07 7.4916e+05
0.453 3.3918e+07 6.7836e+05
0.454 4.5411e+07 9.0822e+05
0.455 3.5851e+07 7.1703e+05
0.456 4.3248e+07 8.6496e+05
0.457 3.7709e+07 7.5417e+05
0.458 4.15e+07 8.2999e+05
0.459 3.1314e+07 6.2628e+05
0.46 3.2255e+07 6.451e+05
0.461 3.9189e+07 7.8378e+05
0.462 5.0391e+07 1.0078e+06
0.463 3.511e+07 7.0219e+05
0.464 3.9407e+07 7.8814e+05
0.465 2.9366e+07 5.8731e+05
0.466 3.7336e+07 7.4671e+05
0.467 3.6545e+07 7.3089e+05
0.468 4.1876e+07 8.3751e+05
0.469 3.5209e+07 7.0418e+05
0.47 3.1741e+07 6.3482e+05
0.471 3.7792e+07 7.5583e+05
0.472 3.4016e+07 6.8033e+05
0.473 3.5588e+07 7.1175e+05
0.474 2.8269e+07 5.6538e+05
0.475 2.9063e+07 5.8127e+05
0.476 2.9549e+07 5.9098e+05
0.477 2.6331e+07 5.2662e+05
0.478 3.8871e+07 7.7741e+05
0.479 3.7938e+07 7.5875e+05
0.48 3.7917e+07 7.5833e+05
0.481 3.5119e+07 7.0239e+05
0.482 3.4386e+07 6.8771e+05
0.483 3.9784e+07 7.9568e+05
0.484 4.2512e+07 8.5025e+05
0.485 3.8559e+07 7.7118e+05
0.486 3.6027e+07 7.2055e+05
0.487 4.09e+07 8.18e+05
0.488 3.8829e+07 7.7658e+05
0.489 3.7029e+07 7.4057e+05
0.49 3.2491e+07 6.4982e+05
0.491 3.8092e+07 7.6183e+05
0.492 3.2468e+07 6.4936e+05
0.493 3.9458e+07 7.8915e+05
0.494 3.3843e+07 6.7685e+05
0.495 4.1613e+07 8.3225e+05
0.496 3.8913e+07 7.7825e+05
0.497 3.4922e+07 6.9843e+05
0.498 3.1176e+07 6.2352e+05
0.499 3.348e+07 6.6959e+05
0.5 2.9966e+07 5.9932e+05
