0.001 2.4702e+09 1.5602e+08
0.002 2.5546e+09 1.1032e+08
0.003 2.6161e+09 9.006e+07
0.004 2.5833e+09 7.7979e+07
0.005 2.6176e+09 6.9729e+07
0.006 2.5765e+09 6.3635e+07
0.007 2.5053e+09 5.8893e+07
0.008 2.6261e+09 5.5066e+07
0.009 2.6087e+09 5.1892e+07
0.01 2.5971e+09 4.9203e+07
0.011 2.5677e+09 4.6886e+07
0.012 2.5482e+09 4.4862e+07
0.013 2.6149e+09 4.3072e+07
0.014 2.5078e+09 4.1474e+07
0.015 2.485e+09 4.0036e+07
0.016 2.5233e+09 3.8731e+07
0.017 2.5798e+09 3.7541e+07
0.018 2.4746e+09 3.6448e+07
0.019 2.5013e+09 3.544e+07
0.02 2.4947e+09 3.4505e+07
0.021 2.4925e+09 3.3636e+07
0.022 2.4829e+09 3.2824e+07
0.023 2.4332e+09 3.2063e+07
0.024 2.4574e+09 3.1348e+07
0.025 2.4467e+09 3.0674e+07
0.026 2.3837e+09 3.0037e+07
0.027 2.4024e+09 2.9433e+07
0.028 2.3786e+09 2.886e+07
0.029 2.4076e+09 2.8314e+07
0.03 2.3694e+09 2.7795e+07
0.031 2.3677e+09 2.7298e+07
0.032 2.3759e+09 2.6823e+07
0.033 2.3537e+09 2.6368e+07
0.034 2.3469e+09 2.5931e+07
0.035 2.2943e+09 2.5512e+07
0.036 2.287e+09 2.5108e+07
0.037 2.2934e+09 2.4719e+07
0.038 2.2431e+09 2.4344e+07
0.039 2.2406e+09 2.3981e+07
0.04 2.2675e+09 2.3631e+07
0.041 2.1892e+09 2.3293e+07
0.042 2.1848e+09 2.2965e+07
0.043 2.1512e+09 2.2647e+07
0.044 2.1755e+09 2.2338e+07
0.045 2.145e+09 2.2039e+07
0.046 2.1456e+09 2.1748e+07
0.047 2.1181e+09 2.1465e+07
0.048 2.0608e+09 2.119e+07
0.049 2.1265e+09 2.0922e+07
0.05 2.0714e+09 2.0661e+07
0.051 2.0288e+09 2.0406e+07
0.052 2.0155e+09 2.0158e+07
0.053 2.019e+09 1.9916e+07
0.054 2.0002e+09 1.9679e+07
0.055 2.0034e+09 1.9448e+07
0.056 1.9563e+09 1.9222e+07
0.057 1.9216e+09 1.9002e+07
0.058 1.8866e+09 1.8786e+07
0.059 1.8659e+09 1.8575e+07
0.06 1.8952e+09 1.8368e+07
0.061 1.824e+09 1.8165e+07
0.062 1.8844e+09 1.7967e+07
0.063 1.7875e+09 1.7773e+07
0.064 1.7737e+09 1.7582e+07
0.065 1.7657e+09 1.7396e+07
0.066 1.749e+09 1.7212e+07
0.067 1.698e+09 1.7033e+07
0.068 1.7154e+09 1.6856e+07
0.069 1.6842e+09 1.6683e+07
0.07 1.6475e+09 1.6514e+07
0.071 1.6678e+09 1.6347e+07
0.072 1.6365e+09 1.6183e+07
0.073 1.6059e+09 1.6022e+07
0.074 1.5808e+09 1.5864e+07
0.075 1.5737e+09 1.5709e+07
0.076 1.5459e+09 1.5556e+07
0.077 1.5064e+09 1.5406e+07
0.078 1.5114e+09 1.5258e+07
0.079 1.4687e+09 1.5113e+07
0.08 1.467e+09 1.4971e+07
0.081 1.4139e+09 1.483e+07
0.082 1.4451e+09 1.4692e+07
0.083 1.4032e+09 1.4557e+07
0.084 1.3754e+09 1.4423e+07
0.085 1.3697e+09 1.4292e+07
0.086 1.328e+09 1.4162e+07
0.087 1.3221e+09 1.4035e+07
0.088 1.3157e+09 1.391e+07
0.089 1.2719e+09 1.3787e+07
0.09 1.2802e+09 1.3665e+07
0.091 1.2631e+09 1.3546e+07
0.092 1.2483e+09 1.3428e+07
0.093 1.207e+09 1.3313e+07
0.094 1.2233e+09 1.3199e+07
0.095 1.1661e+09 1.3087e+07
0.096 1.1681e+09 1.2976e+07
0.097 1.1535e+09 1.2867e+07
0.098 1.1319e+09 1.276e+07
0.099 1.1097e+09 1.2655e+07
0.1 1.0831e+09 1.2551e+07
0.101 1.0435e+09 1.2449e+07
0.102 1.0535e+09 1.2348e+07
0.103 1.0271e+09 1.2249e+07
0.104 1.0177e+09 1.2151e+07
0.105 1.0087e+09 1.2055e+07
0.106 9.914e+08 1.196e+07
0.107 9.7837e+08 1.1867e+07
0.108 9.6327e+08 1.1775e+07
0.109 9.1297e+08 1.1685e+07
0.11 9.1941e+08 1.1596e+07
0.111 8.9589e+08 1.1508e+07
0.112 8.8545e+08 1.1421e+07
0.113 8.5702e+08 1.1336e+07
0.114 8.5575e+08 1.1252e+07
0.115 8.5796e+08 1.117e+07
0.116 8.4599e+08 1.1088e+07
0.117 8.0006e+08 1.1008e+07
0.118 8.1399e+08 1.0929e+07
0.119 7.7077e+08 1.0852e+07
0.12 7.7066e+08 1.0775e+07
0.121 7.5708e+08 1.07e+07
0.122 7.5661e+08 1.0625e+07
0.123 7.2432e+08 1.0552e+07
0.124 7.2723e+08 1.048e+07
0.125 7.0598e+08 1.0409e+07
0.126 6.7976e+08 1.0339e+07
0.127 6.8802e+08 1.027e+07
0.128 6.5315e+08 1.0203e+07
0.129 6.5401e+08 1.0136e+07
0.13 6.3812e+08 1.007e+07
0.131 6.2741e+08 1.0005e+07
0.132 6.0284e+08 9.9413e+06
0.133 6.1747e+08 9.8784e+06
0.134 5.9654e+08 9.8165e+06
0.135 5.783e+08 9.7555e+06
0.136 5.6782e+08 9.6954e+06
0.137 5.4055e+08 9.6362e+06
0.138 5.511e+08 9.5778e+06
0.139 5.3765e+08 9.5204e+06
0.14 5.3327e+08 9.4638e+06
0.141 5.0698e+08 9.4081e+06
0.142 4.9976e+08 9.3531e+06
0.143 4.7929e+08 9.299e+06
0.144 4.8067e+08 9.2457e+06
0.145 4.8747e+08 9.1932e+06
0.146 4.6834e+08 9.1414e+06
0.147 4.5657e+08 9.0905e+06
0.148 4.578e+08 9.0402e+06
0.149 4.2497e+08 8.9907e+06
0.15 4.2447e+08 8.942e+06
0.151 4.2642e+08 8.8939e+06
0.152 4.1929e+08 8.8465e+06
0.153 4.0961e+08 8.7999e+06
0.154 3.8767e+08 8.7539e+06
0.155 3.9404e+08 8.7086e+06
0.156 3.8573e+08 8.6639e+06
0.157 3.7882e+08 8.6198e+06
0.158 3.618e+08 8.5764e+06
0.159 3.556e+08 8.5337e+06
0.16 3.7099e+08 8.4915e+06
0.161 3.4876e+08 8.4499e+06
0.162 3.4431e+08 8.4089e+06
0.163 3.3291e+08 8.3685e+06
0.164 3.211e+08 8.3287e+06
0.165 3.1741e+08 8.2894e+06
0.166 3.1144e+08 8.2507e+06
0.167 2.9744e+08 8.2125e+06
0.168 2.9744e+08 8.1748e+06
0.169 2.9224e+08 8.1377e+06
0.17 2.9872e+08 8.1011e+06
0.171 2.6004e+08 8.0649e+06
0.172 2.6115e+08 8.0293e+06
0.173 2.6699e+08 7.9942e+06
0.174 2.7515e+08 7.9595e+06
0.175 2.5427e+08 7.9253e+06
0.176 2.5137e+08 7.8915e+06
0.177 2.5013e+08 7.8582e+06
0.178 2.4886e+08 7.8254e+06
0.179 2.5439e+08 7.793e+06
0.18 2.4756e+08 7.761e+06
0.181 2.2189e+08 7.7294e+06
0.182 2.2409e+08 7.6983e+06
0.183 2.1888e+08 7.6675e+06
0.184 2.0903e+08 7.6372e+06
0.185 1.9459e+08 7.6072e+06
0.186 1.9236e+08 7.5777e+06
0.187 1.8647e+08 7.5485e+06
0.188 1.8413e+08 7.5196e+06
0.189 2.0099e+08 7.4912e+06
0.19 2.012e+08 7.4631e+06
0.191 1.7916e+08 7.4354e+06
0.192 1.794e+08 7.408e+06
0.193 1.6486e+08 7.3809e+06
0.194 1.6415e+08 7.3542e+06
0.195 1.6391e+08 7.3278e+06
0.196 1.5481e+08 7.3017e+06
0.197 1.6568e+08 7.276e+06
0.198 1.4884e+08 7.2506e+06
0.199 1.5402e+08 7.2254e+06
0.2 1.5032e+08 7.2006e+06
0.201 1.4111e+08 7.1761e+06
0.202 1.3307e+08 7.1519e+06
0.203 1.4108e+08 7.1279e+06
0.204 1.235e+08 7.1043e+06
0.205 1.2584e+08 7.0809e+06
0.206 1.2269e+08 7.0578e+06
0.207 1.1468e+08 7.035e+06
0.208 1.3033e+08 7.0124e+06
0.209 1.196e+08 6.9901e+06
0.21 1.1197e+08 6.9681e+06
0.211 1.1671e+08 6.9463e+06
0.212 1.0071e+08 6.9247e+06
0.213 1.0692e+08 6.9034e+06
0.214 1.0601e+08 6.8824e+06
0.215 9.3981e+07 6.8616e+06
0.216 1.0431e+08 6.841e+06
0.217 1.1336e+08 6.8206e+06
0.218 9.1869e+07 6.8005e+06
0.219 9.7921e+07 6.7806e+06
0.22 8.4477e+07 6.7609e+06
0.221 8.4374e+07 6.7415e+06
0.222 9.3789e+07 6.7222e+06
0.223 8.7941e+07 6.7032e+06
0.224 7.6146e+07 6.6843e+06
0.225 8.7878e+07 6.6657e+06
0.226 8.1921e+07 6.6473e+06
0.227 8.9676e+07 6.6291e+06
0.228 8.4525e+07 6.611e+06
0.229 7.9224e+07 6.5932e+06
0.23 7.9909e+07 6.5755e+06
0.231 7.0324e+07 6.558e+06
0.232 6.7643e+07 6.5408e+06
0.233 6.9469e+07 6.5236e+06
0.234 5.4464e+07 6.5067e+06
0.235 7.0356e+07 6.49e+06
0.236 5.23e+07 6.4734e+06
0.237 5.4612e+07 6.457e+06
0.238 6.1879e+07 6.4407e+06
0.239 6.064e+07 6.4246e+06
0.24 5.8582e+07 6.4087e+06
0.241 4.5627e+07 6.393e+06
0.242 6.2358e+07 6.3774e+06
0.243 5.2165e+07 6.3619e+06
0.244 4.7904e+07 6.3466e+06
0.245 4.1078e+07 6.3315e+06
0.246 4.7368e+07 6.3165e+06
0.247 5.6296e+07 6.3016e+06
0.248 4.8302e+07 6.2869e+06
0.249 5.0342e+07 6.2724e+06
0.25 4.7528e+07 6.2579e+06
0.251 4.3066e+07 6.2437e+06
0.252 4.2912e+07 6.2295e+06
0.253 3.0437e+07 6.2155e+06
0.254 3.5409e+07 6.2016e+06
0.255 4.292e+07 6.1878e+06
0.256 3.8033e+07 6.1742e+06
0.257 4.2163e+07 6.1607e+06
0.258 3.8197e+07 6.1473e+06
0.259 3.7145e+07 6.1341e+06
0.26 3.373e+07 6.1209e+06
0.261 2.9852e+07 6.1079e+06
0.262 3.5206e+07 6.095e+06
0.263 4.5866e+07 6.0822e+06
0.264 3.0433e+07 6.0695e+06
0.265 4.3589e+07 6.057e+06
0.266 3.7184e+07 6.0445e+06
0.267 2.3883e+07 6.0321e+06
0.268 2.3749e+07 6.0199e+06
0.269 2.4012e+07 6.0078e+06
0.27 3.1377e+07 5.9957e+06
0.271 2.6036e+07 5.9838e+06
0.272 2.1103e+07 5.972e+06
0.273 3.9632e+07 5.9602e+06
0.274 3.6154e+07 5.9486e+06
0.275 4.0573e+07 5.937e+06
0.276 3.2203e+07 5.9256e+06
0.277 2.7109e+07 5.9142e+06
0.278 2.3682e+07 5.9029e+06
0.279 2.9647e+07 5.8918e+06
0.28 4.1999e+07 5.8807e+06
0.281 1.4715e+07 5.8697e+06
0.282 2.7783e+07 5.8588e+06
0.283 2.526e+07 5.8479e+06
0.284 3.0321e+07 5.8372e+06
0.285 1.7641e+07 5.8265e+06
0.286 2.2946e+07 5.8159e+06
0.287 2.619e+07 5.8054e+06
0.288 1.3744e+07 5.795e+06
0.289 2.5407e+07 5.7846e+06
0.29 1.9637e+07 5.7743e+06
0.291 2.9085e+07 5.7641e+06
0.292 3.0155e+07 5.754e+06
0.293 2.9862e+07 5.7439e+06
0.294 2.2449e+07 5.7339e+06
0.295 2.0983e+07 5.724e+06
0.296 2.4177e+07 5.7142e+06
0.297 2.5899e+07 5.7044e+06
0.298 2.6878e+07 5.6947e+06
0.299 2.1293e+07 5.685e+06
0.3 1.7434e+07 5.6755e+06
0.301 2.4513e+07 5.6659e+06
0.302 2.8964e+07 5.6565e+06
0.303 3.1611e+07 5.6471e+06
0.304 3.1644e+07 5.6378e+06
0.305 2.0041e+07 5.6285e+06
0.306 2.2077e+07 5.6193e+06
0.307 2.3795e+07 5.6101e+06
0.308 2.5232e+07 5.601e+06
0.309 1.6382e+07 5.592e+06
0.31 2.1874e+07 5.583e+06
0.311 2.3086e+07 5.5741e+06
0.312 3.1686e+07 5.5652e+06
0.313 1.9575e+07 5.5564e+06
0.314 2.455e+07 5.5476e+06
0.315 2.2158e+07 5.5389e+06
0.316 1.7698e+07 5.5302e+06
0.317 2.059e+07 5.5216e+06
0.318 1.3416e+07 5.513e+06
0.319 3.4053e+07 5.5045e+06
0.32 1.7677e+07 5.4961e+06
0.321 2.1112e+07 5.4876e+06
0.322 1.9865e+07 5.4793e+06
0.323 3.1727e+07 5.4709e+06
0.324 2.346e+07 5.4627e+06
0.325 2.9582e+07 5.4544e+06
0.326 2.6782e+07 5.4462e+06
0.327 2.2233e+07 5.4381e+06
0.328 2.2333e+07 5.43e+06
0.329 3.0701e+07 5.4219e+06
0.33 2.0764e+07 5.4139e+06
0.331 2.9547e+07 5.4059e+06
0.332 2.9736e+07 5.3979e+06
0.333 3.4642e+07 5.39e+06
0.334 2.0599e+07 5.3822e+06
0.335 2.6087e+07 5.3743e+06
0.336 1.9214e+07 5.3666e+06
0.337 2.5659e+07 5.3588e+06
0.338 2.7977e+07 5.3511e+06
0.339 2.9191e+07 5.3434e+06
0.34 2.824e+07 5.3358e+06
0.341 2.2768e+07 5.3282e+06
0.342 3.4223e+07 5.3206e+06
0.343 3.2987e+07 5.313e+06
0.344 2.3616e+07 5.3055e+06
0.345 2.6555e+07 5.2981e+06
0.346 2.8429e+07 5.2906e+06
0.347 3.7595e+07 5.2832e+06
0.348 2.4101e+07 5.2758e+06
0.349 2.2115e+07 5.2685e+06
0.35 2.7785e+07 5.2612e+06
0.351 2.2778e+07 5.2539e+06
0.352 2.6341e+07 5.2467e+06
0.353 3.2403e+07 5.2394e+06
0.354 2.3254e+07 5.2322e+06
0.355 2.5676e+07 5.2251e+06
0.356 2.9483e+07 5.2179e+06
0.357 4.0654e+07 5.2108e+06
0.358 3.2212e+07 5.2037e+06
0.359 3.5812e+07 5.1967e+06
0.36 3.3848e+07 5.1897e+06
0.361 2.9313e+07 5.1827e+06
0.362 3.0011e+07 5.1757e+06
0.363 3.0645e+07 5.1687e+06
0.364 3.0358e+07 5.1618e+06
0.365 4.4304e+07 5.1549e+06
0.366 2.7375e+07 5.148e+06
0.367 2.1386e+07 5.1412e+06
0.368 3.5746e+07 5.1344e+06
0.369 2.6119e+07 5.1276e+06
0.37 2.6944e+07 5.1208e+06
0.371 3.5955e+07 5.114e+06
0.372 2.8292e+07 5.1073e+06
0.373 2.8534e+07 5.1006e+06
0.374 4.1518e+07 5.0939e+06
0.375 3.5575e+07 5.0872e+06
0.376 2.2442e+07 5.0806e+06
0.377 3.1168e+07 5.074e+06
0.378 3.1503e+07 5.0674e+06
0.379 3.5344e+07 5.0608e+06
0.38 2.9383e+07 5.0543e+06
0.381 2.566e+07 5.0477e+06
0.382 2.7579e+07 5.0412e+06
0.383 2.82e+07 5.0347e+06
0.384 3.8368e+07 5.0282e+06
0.385 3.9155e+07 5.0218e+06
0.386 3.1318e+07 5.0154e+06
0.387 3.0326e+07 5.009e+06
0.388 3.3434e+07 5.0026e+06
0.389 3.0065e+07 4.9962e+06
0.39 3.0029e+07 4.9898e+06
0.391 2.6881e+07 4.9835e+06
0.392 3.5752e+07 4.9772e+06
0.393 3.8683e+07 4.9709e+06
0.394 3.6602e+07 4.9646e+06
0.395 3.3887e+07 4.9584e+06
0.396 3.228e+07 4.9522e+06
0.397 3.4396e+07 4.9459e+06
0.398 3.1721e+07 4.9398e+06
0.399 3.6965e+07 4.9336e+06
0.4 3.7109e+07 4.9274e+06
0.401 3.1886e+07 4.9213e+06
0.402 3.0163e+07 4.9152e+06
0.403 4.1299e+07 4.9091e+06
0.404 3.9812e+07 4.903e+06
0.405 2.9232e+07 4.8969e+06
0.406 3.0517e+07 4.8909e+06
0.407 3.6117e+07 4.8848e+06
0.408 3.2331e+07 4.8788e+06
0.409 2.6358e+07 4.8728e+06
0.41 3.5429e+07 4.8669e+06
0.411 2.1241e+07 4.8609e+06
0.412 2.8224e+07 4.855e+06
0.413 3.0302e+07 4.8491e+06
0.414 2.9523e+07 4.8432e+06
0.415 3.0153e+07 4.8373e+06
0.416 3.2271e+07 4.8314e+06
0.417 3.0866e+07 4.8256e+06
0.418 3.1715e+07 4.8197e+06
0.419 3.0372e+07 4.8139e+06
0.42 2.6341e+07 4.8081e+06
0.421 3.319e+07 4.8024e+06
0.422 2.9923e+07 4.7966e+06
0.423 2.8836e+07 4.7909e+06
0.424 2.3547e+07 4.7852e+06
0.425 3.4472e+07 4.7795e+06
0.426 3.0243e+07 4.7738e+06
0.427 3.4401e+07 4.7681e+06
0.428 3.5046e+07 4.7625e+06
0.429 3.4897e+07 4.7569e+06
0.43 3.0336e+07 4.7512e+06
0.431 2.7903e+07 4.7457e+06
0.432 3.7016e+07 4.7401e+06
0.433 2.7624e+07 4.7345e+06
0.434 1.973e+07 4.729e+06
0.435 3.6477e+07 4.7235e+06
0.436 3.3822e+07 4.718e+06
0.437 2.5577e+07 4.7125e+06
0.438 3.2676e+07 4.707e+06
0.439 3.1686e+07 4.7016e+06
0.44 3.1566e+07 4.6961e+06
0.441 2.669e+07 4.6907e+06
0.442 3.5177e+07 4.6853e+06
0.443 3.6259e+07 4.68e+06
0.444 3.4437e+07 4.6746e+06
0.445 1.836e+07 4.6693e+06
0.446 2.7536e+07 4.664e+06
0.447 2.8104e+07 4.6586e+06
0.448 2.493e+07 4.6534e+06
0.449 3.168e+07 4.6481e+06
0.45 3.2566e+07 4.6428e+06
0.451 2.6812e+07 4.6376e+06
0.452 3.118e+07 4.6324e+06
0.453 2.3368e+07 4.6272e+06
0.454 3.1568e+07 4.622e+06
0.455 2.474e+07 4.6169e+06
0.456 2.5558e+07 4.6117e+06
0.457 3.2545e+07 4.6066e+06
0.458 3.5182e+07 4.6015e+06
0.459 2.6771e+07 4.5964e+06
0.46 2.9653e+07 4.5913e+06
0.461 2.805e+07 4.5862e+06
0.462 2.781e+07 4.5812e+06
0.463 3.6299e+07 4.5762e+06
0.464 3.0439e+07 4.5712e+06
0.465 2.756e+07 4.5662e+06
0.466 2.7437e+07 4.5612e+06
0.467 3.6196e+07 4.5562e+06
0.468 4.4246e+07 4.5513e+06
0.469 3.2132e+07 4.5464e+06
0.47 2.5233e+07 4.5415e+06
0.471 2.3529e+07 4.5366e+06
0.472 3.1213e+07 4.5317e+06
0.473 3.8568e+07 4.5269e+06
0.474 2.8474e+07 4.522e+06
0.475 1.5682e+07 4.5172e+06
0.476 3.1366e+07 4.5124e+06
0.477 2.8408e+07 4.5076e+06
0.478 2.4154e+07 4.5028e+06
0.479 2.0148e+07 4.498e+06
0.48 3.4878e+07 4.4933e+06
0.481 1.6963e+07 4.4886e+06
0.482 2.9061e+07 4.4838e+06
0.483 2.8602e+07 4.4791e+06
0.484 3.3383e+07 4.4745e+06
0.485 3.2382e+07 4.4698e+06
0.486 2.5291e+07 4.4651e+06
0.487 3.3795e+07 4.4605e+06
0.488 2.3598e+07 4.4559e+06
0.489 2.5575e+07 4.4513e+06
0.49 2.7251e+07 4.4467e+06
0.491 2.8776e+07 4.4421e+06
0.492 2.7553e+07 4.4375e+06
0.493 2.8069e+07 4.433e+06
0.494 2.9485e+07 4.4284e+06
0.495 2.0393e+07 4.4239e+06
0.496 3.2897e+07 4.4194e+06
0.497 1.7324e+07 4.4149e+06
0.498 2.377e+07 4.4104e+06
0.499 3.3728e+07 4.4059e+06
0.5 2.5999e+07 4.4015e+06
