0.001 2.2703e+09 1.597e+08
0.002 2.7526e+09 1.1292e+08
0.003 2.548e+09 9.2182e+07
0.004 2.5752e+09 7.9817e+07
0.005 2.63e+09 7.1372e+07
0.006 2.6789e+09 6.5134e+07
0.007 2.605e+09 6.0281e+07
0.008 2.5252e+09 5.6364e+07
0.009 2.723e+09 5.3115e+07
0.01 2.6177e+09 5.0363e+07
0.011 2.614e+09 4.7992e+07
0.012 2.5629e+09 4.5919e+07
0.013 2.586e+09 4.4088e+07
0.014 2.5736e+09 4.2452e+07
0.015 2.5825e+09 4.098e+07
0.016 2.5803e+09 3.9645e+07
0.017 2.5396e+09 3.8427e+07
0.018 2.5563e+09 3.7308e+07
0.019 2.5325e+09 3.6277e+07
0.02 2.5575e+09 3.532e+07
0.021 2.5652e+09 3.4431e+07
0.022 2.5072e+09 3.36e+07
0.023 2.5567e+09 3.2821e+07
0.024 2.5092e+09 3.2089e+07
0.025 2.4728e+09 3.14e+07
0.026 2.4831e+09 3.0748e+07
0.027 2.4174e+09 3.013e+07
0.028 2.4231e+09 2.9543e+07
0.029 2.4043e+09 2.8985e+07
0.03 2.4796e+09 2.8453e+07
0.031 2.4043e+09 2.7945e+07
0.032 2.3811e+09 2.7459e+07
0.033 2.394e+09 2.6994e+07
0.034 2.3406e+09 2.6547e+07
0.035 2.3594e+09 2.6118e+07
0.036 2.3874e+09 2.5705e+07
0.037 2.3391e+09 2.5307e+07
0.038 2.3254e+09 2.4923e+07
0.039 2.2546e+09 2.4552e+07
0.04 2.3352e+09 2.4194e+07
0.041 2.2442e+09 2.3848e+07
0.042 2.2347e+09 2.3512e+07
0.043 2.2398e+09 2.3187e+07
0.044 2.1989e+09 2.2871e+07
0.045 2.2267e+09 2.2565e+07
0.046 2.2106e+09 2.2267e+07
0.047 2.1687e+09 2.1978e+07
0.048 2.1851e+09 2.1696e+07
0.049 2.1403e+09 2.1422e+07
0.05 2.1182e+09 2.1155e+07
0.051 2.1193e+09 2.0895e+07
0.052 2.0634e+09 2.0641e+07
0.053 2.0257e+09 2.0393e+07
0.054 2.0535e+09 2.0152e+07
0.055 2.0317e+09 1.9915e+07
0.056 1.9735e+09 1.9684e+07
0.057 1.9889e+09 1.9459e+07
0.058 1.9586e+09 1.9238e+07
0.059 1.9474e+09 1.9022e+07
0.06 1.9417e+09 1.8811e+07
0.061 1.9053e+09 1.8604e+07
0.062 1.8814e+09 1.8401e+07
0.063 1.8315e+09 1.8202e+07
0.064 1.807e+09 1.8007e+07
0.065 1.8193e+09 1.7816e+07
0.066 1.7947e+09 1.7629e+07
0.067 1.781e+09 1.7445e+07
0.068 1.7388e+09 1.7265e+07
0.069 1.7445e+09 1.7088e+07
0.07 1.6747e+09 1.6915e+07
0.071 1.7103e+09 1.6744e+07
0.072 1.6525e+09 1.6576e+07
0.073 1.6335e+09 1.6412e+07
0.074 1.6288e+09 1.625e+07
0.075 1.6164e+09 1.6092e+07
0.076 1.5942e+09 1.5935e+07
0.077 1.5486e+09 1.5782e+07
0.078 1.5393e+09 1.5631e+07
0.079 1.5402e+09 1.5483e+07
0.08 1.522e+09 1.5337e+07
0.081 1.4764e+09 1.5194e+07
0.082 1.4301e+09 1.5052e+07
0.083 1.4365e+09 1.4914e+07
0.084 1.4201e+09 1.4777e+07
0.085 1.4214e+09 1.4643e+07
0.086 1.3702e+09 1.451e+07
0.087 1.371e+09 1.438e+07
0.088 1.3346e+09 1.4252e+07
0.089 1.3092e+09 1.4126e+07
0.09 1.3187e+09 1.4002e+07
0.091 1.2938e+09 1.388e+07
0.092 1.2478e+09 1.376e+07
0.093 1.2372e+09 1.3642e+07
0.094 1.2321e+09 1.3525e+07
0.095 1.2058e+09 1.341e+07
0.096 1.1919e+09 1.3297e+07
0.097 1.1653e+09 1.3186e+07
0.098 1.1475e+09 1.3077e+07
0.099 1.1139e+09 1.2969e+07
0.1 1.1318e+09 1.2863e+07
0.101 1.1159e+09 1.2758e+07
0.102 1.0833e+09 1.2655e+07
0.103 1.0643e+09 1.2554e+07
0.104 1.0296e+09 1.2454e+07
0.105 1.0191e+09 1.2355e+07
0.106 1.0292e+09 1.2259e+07
0.107 9.7933e+08 1.2163e+07
0.108 9.8878e+08 1.2069e+07
0.109 9.5029e+08 1.1977e+07
0.11 9.3649e+08 1.1885e+07
0.111 9.2719e+08 1.1796e+07
0.112 8.9687e+08 1.1707e+07
0.113 8.8717e+08 1.162e+07
0.114 8.6153e+08 1.1534e+07
0.115 8.6196e+08 1.145e+07
0.116 8.4345e+08 1.1366e+07
0.117 8.0854e+08 1.1284e+07
0.118 8.1864e+08 1.1204e+07
0.119 8.0075e+08 1.1124e+07
0.12 7.7542e+08 1.1046e+07
0.121 7.8479e+08 1.0969e+07
0.122 7.5998e+08 1.0893e+07
0.123 7.3574e+08 1.0818e+07
0.124 7.2915e+08 1.0744e+07
0.125 7.1743e+08 1.0671e+07
0.126 6.9797e+08 1.06e+07
0.127 6.9248e+08 1.0529e+07
0.128 6.7279e+08 1.046e+07
0.129 6.785e+08 1.0391e+07
0.13 6.9114e+08 1.0324e+07
0.131 6.4203e+08 1.0258e+07
0.132 6.1307e+08 1.0192e+07
0.133 6.1693e+08 1.0128e+07
0.134 5.8628e+08 1.0064e+07
0.135 5.9946e+08 1.0002e+07
0.136 5.7521e+08 9.9404e+06
0.137 5.703e+08 9.8798e+06
0.138 5.6073e+08 9.8201e+06
0.139 5.7321e+08 9.7612e+06
0.14 5.4426e+08 9.7032e+06
0.141 5.1293e+08 9.6461e+06
0.142 5.0967e+08 9.5899e+06
0.143 5.1974e+08 9.5344e+06
0.144 5.0547e+08 9.4798e+06
0.145 4.9568e+08 9.426e+06
0.146 4.6298e+08 9.373e+06
0.147 4.6756e+08 9.3207e+06
0.148 4.5705e+08 9.2692e+06
0.149 4.5399e+08 9.2185e+06
0.15 4.4411e+08 9.1685e+06
0.151 4.3691e+08 9.1192e+06
0.152 4.136e+08 9.0707e+06
0.153 3.9942e+08 9.0229e+06
0.154 3.9663e+08 8.9757e+06
0.155 4.0085e+08 8.9292e+06
0.156 3.9063e+08 8.8834e+06
0.157 3.9141e+08 8.8383e+06
0.158 3.6993e+08 8.7938e+06
0.159 3.6179e+08 8.7499e+06
0.16 3.382e+08 8.7067e+06
0.161 3.6312e+08 8.664e+06
0.162 3.5619e+08 8.622e+06
0.163 3.5274e+08 8.5806e+06
0.164 3.4206e+08 8.5397e+06
0.165 3.2689e+08 8.4994e+06
0.166 3.2736e+08 8.4597e+06
0.167 3.1774e+08 8.4205e+06
0.168 3.0081e+08 8.3819e+06
0.169 2.9741e+08 8.3438e+06
0.17 2.8453e+08 8.3062e+06
0.171 2.8883e+08 8.2691e+06
0.172 2.8319e+08 8.2326e+06
0.173 2.7651e+08 8.1965e+06
0.174 2.8693e+08 8.1609e+06
0.175 2.6658e+08 8.1258e+06
0.176 2.5379e+08 8.0912e+06
0.177 2.4668e+08 8.0571e+06
0.178 2.3905e+08 8.0233e+06
0.179 2.3431e+08 7.9901e+06
0.18 2.3116e+08 7.9573e+06
0.181 2.3683e+08 7.9249e+06
0.182 2.2659e+08 7.8929e+06
0.183 2.2185e+08 7.8613e+06
0.184 2.2885e+08 7.8302e+06
0.185 2.208e+08 7.7994e+06
0.186 1.9781e+08 7.7691e+06
0.187 1.9061e+08 7.7391e+06
0.188 1.97e+08 7.7095e+06
0.189 2.0404e+08 7.6803e+06
0.19 1.9221e+08 7.6515e+06
0.191 1.8355e+08 7.623e+06
0.192 1.9033e+08 7.5949e+06
0.193 1.7845e+08 7.5671e+06
0.194 1.7307e+08 7.5397e+06
0.195 1.7424e+08 7.5126e+06
0.196 1.5921e+08 7.4859e+06
0.197 1.5584e+08 7.4594e+06
0.198 1.6301e+08 7.4333e+06
0.199 1.4369e+08 7.4075e+06
0.2 1.5366e+08 7.3821e+06
0.201 1.3737e+08 7.3569e+06
0.202 1.4006e+08 7.332e+06
0.203 1.3361e+08 7.3075e+06
0.204 1.4604e+08 7.2832e+06
0.205 1.5155e+08 7.2592e+06
0.206 1.3694e+08 7.2355e+06
0.207 1.1837e+08 7.212e+06
0.208 1.2755e+08 7.1889e+06
0.209 1.3524e+08 7.166e+06
0.21 1.0683e+08 7.1434e+06
0.211 1.1971e+08 7.121e+06
0.212 1.1366e+08 7.0989e+06
0.213 1.1027e+08 7.077e+06
0.214 1.0276e+08 7.0554e+06
0.215 1.105e+08 7.034e+06
0.216 1.0986e+08 7.0129e+06
0.217 1.0383e+08 6.992e+06
0.218 9.9516e+07 6.9714e+06
0.219 9.0912e+07 6.951e+06
0.22 8.4359e+07 6.9308e+06
0.221 8.8505e+07 6.9108e+06
0.222 8.5188e+07 6.891e+06
0.223 9.8429e+07 6.8715e+06
0.224 8.4116e+07 6.8522e+06
0.225 7.0313e+07 6.833e+06
0.226 8.4745e+07 6.8141e+06
0.227 8.3082e+07 6.7954e+06
0.228 8.7578e+07 6.7769e+06
0.229 6.8312e+07 6.7586e+06
0.23 8.8221e+07 6.7405e+06
0.231 7.7007e+07 6.7226e+06
0.232 5.7851e+07 6.7048e+06
0.233 7.0133e+07 6.6873e+06
0.234 7.6343e+07 6.6699e+06
0.235 6.2919e+07 6.6527e+06
0.236 7.4195e+07 6.6357e+06
0.237 6.5094e+07 6.6189e+06
0.238 6.4047e+07 6.6022e+06
0.239 6.6056e+07 6.5857e+06
0.24 6.3219e+07 6.5694e+06
0.241 5.9549e+07 6.5532e+06
0.242 5.1879e+07 6.5372e+06
0.243 4.7728e+07 6.5214e+06
0.244 5.9901e+07 6.5057e+06
0.245 4.1124e+07 6.4902e+06
0.246 4.8097e+07 6.4748e+06
0.247 3.9163e+07 6.4595e+06
0.248 3.8861e+07 6.4445e+06
0.249 4.3253e+07 6.4295e+06
0.25 4.7644e+07 6.4147e+06
0.251 4.5202e+07 6.4001e+06
0.252 4.3466e+07 6.3856e+06
0.253 3.4697e+07 6.3712e+06
0.254 2.931e+07 6.357e+06
0.255 3.328e+07 6.3429e+06
0.256 3.1526e+07 6.3289e+06
0.257 3.2346e+07 6.315e+06
0.258 4.2336e+07 6.3013e+06
0.259 3.9601e+07 6.2877e+06
0.26 3.6832e+07 6.2743e+06
0.261 3.5502e+07 6.2609e+06
0.262 3.5307e+07 6.2477e+06
0.263 4.0401e+07 6.2346e+06
0.264 3.8039e+07 6.2216e+06
0.265 3.3597e+07 6.2087e+06
0.266 3.1952e+07 6.1959e+06
0.267 3.1045e+07 6.1833e+06
0.268 3.3114e+07 6.1707e+06
0.269 2.8449e+07 6.1583e+06
0.27 3.2789e+07 6.146e+06
0.271 3.1151e+07 6.1337e+06
0.272 2.9127e+07 6.1216e+06
0.273 2.9018e+07 6.1096e+06
0.274 2.7418e+07 6.0977e+06
0.275 2.9877e+07 6.0858e+06
0.276 2.9833e+07 6.0741e+06
0.277 2.0097e+07 6.0625e+06
0.278 3.1543e+07 6.0509e+06
0.279 1.6577e+07 6.0395e+06
0.28 2.1143e+07 6.0281e+06
0.281 3.1221e+07 6.0168e+06
0.282 2.3635e+07 6.0056e+06
0.283 2.299e+07 5.9945e+06
0.284 1.9262e+07 5.9835e+06
0.285 2.2347e+07 5.9726e+06
0.286 3.1603e+07 5.9617e+06
0.287 3.3456e+07 5.951e+06
0.288 2.1501e+07 5.9403e+06
0.289 2.3108e+07 5.9297e+06
0.29 2.3299e+07 5.9192e+06
0.291 2.0691e+07 5.9087e+06
0.292 1.1363e+07 5.8983e+06
0.293 3.6609e+07 5.888e+06
0.294 1.9834e+07 5.8778e+06
0.295 2.1303e+07 5.8677e+06
0.296 2.5966e+07 5.8576e+06
0.297 2.0744e+07 5.8476e+06
0.298 2.2182e+07 5.8376e+06
0.299 2.279e+07 5.8277e+06
0.3 2.9216e+07 5.8179e+06
0.301 2.124e+07 5.8082e+06
0.302 2.2545e+07 5.7985e+06
0.303 2.3391e+07 5.7889e+06
0.304 1.8739e+07 5.7793e+06
0.305 2.1705e+07 5.7698e+06
0.306 2.7114e+07 5.7604e+06
0.307 3.3517e+07 5.751e+06
0.308 2.0243e+07 5.7417e+06
0.309 2.6622e+07 5.7325e+06
0.31 2.7417e+07 5.7233e+06
0.311 3.3335e+07 5.7141e+06
0.312 2.2065e+07 5.705e+06
0.313 2.5679e+07 5.696e+06
0.314 2.3382e+07 5.687e+06
0.315 2.4568e+07 5.6781e+06
0.316 1.8188e+07 5.6692e+06
0.317 2.5737e+07 5.6604e+06
0.318 2.6143e+07 5.6516e+06
0.319 2.6968e+07 5.6429e+06
0.32 2.4979e+07 5.6343e+06
0.321 1.5099e+07 5.6256e+06
0.322 2.8024e+07 5.6171e+06
0.323 3.4592e+07 5.6085e+06
0.324 2.7379e+07 5.6001e+06
0.325 2.5491e+07 5.5916e+06
0.326 2.2507e+07 5.5832e+06
0.327 3.2083e+07 5.5749e+06
0.328 2.1938e+07 5.5666e+06
0.329 2.2879e+07 5.5583e+06
0.33 2.9305e+07 5.5501e+06
0.331 2.8624e+07 5.5419e+06
0.332 1.9994e+07 5.5338e+06
0.333 3.0191e+07 5.5257e+06
0.334 4.0196e+07 5.5177e+06
0.335 2.8811e+07 5.5096e+06
0.336 1.6109e+07 5.5017e+06
0.337 2.4813e+07 5.4937e+06
0.338 2.9078e+07 5.4858e+06
0.339 3.6955e+07 5.478e+06
0.34 3.3015e+07 5.4701e+06
0.341 2.9608e+07 5.4624e+06
0.342 3.0586e+07 5.4546e+06
0.343 3.3121e+07 5.4469e+06
0.344 2.7997e+07 5.4392e+06
0.345 3.0097e+07 5.4315e+06
0.346 3.2561e+07 5.4239e+06
0.347 3.0902e+07 5.4163e+06
0.348 3.2271e+07 5.4088e+06
0.349 3.0108e+07 5.4013e+06
0.35 2.7965e+07 5.3938e+06
0.351 3.5955e+07 5.3863e+06
0.352 2.8247e+07 5.3789e+06
0.353 3.6047e+07 5.3715e+06
0.354 2.7704e+07 5.3641e+06
0.355 2.752e+07 5.3568e+06
0.356 1.7624e+07 5.3495e+06
0.357 3.5418e+07 5.3422e+06
0.358 2.9987e+07 5.3349e+06
0.359 3.6071e+07 5.3277e+06
0.36 2.8871e+07 5.3205e+06
0.361 2.7409e+07 5.3133e+06
0.362 3.235e+07 5.3062e+06
0.363 3.0774e+07 5.2991e+06
0.364 3.273e+07 5.292e+06
0.365 5.292e+07 5.2849e+06
0.366 3.1271e+07 5.2779e+06
0.367 2.9355e+07 5.2709e+06
0.368 3.276e+07 5.2639e+06
0.369 3.6389e+07 5.2569e+06
0.37 3.0263e+07 5.25e+06
0.371 2.7593e+07 5.243e+06
0.372 3.1154e+07 5.2362e+06
0.373 3.168e+07 5.2293e+06
0.374 3.4417e+07 5.2224e+06
0.375 3.7164e+07 5.2156e+06
0.376 3.3166e+07 5.2088e+06
0.377 2.8326e+07 5.202e+06
0.378 3.6962e+07 5.1953e+06
0.379 3.4518e+07 5.1885e+06
0.38 3.0652e+07 5.1818e+06
0.381 3.4334e+07 5.1751e+06
0.382 2.5001e+07 5.1684e+06
0.383 2.4974e+07 5.1618e+06
0.384 3.544e+07 5.1552e+06
0.385 3.8255e+07 5.1486e+06
0.386 3.0539e+07 5.142e+06
0.387 2.7192e+07 5.1354e+06
0.388 3.5499e+07 5.1288e+06
0.389 3.3951e+07 5.1223e+06
0.39 2.8946e+07 5.1158e+06
0.391 3.6487e+07 5.1093e+06
0.392 3.4513e+07 5.1029e+06
0.393 2.7994e+07 5.0964e+06
0.394 3.1445e+07 5.09e+06
0.395 2.8959e+07 5.0836e+06
0.396 3.5266e+07 5.0772e+06
0.397 3.7416e+07 5.0708e+06
0.398 3.4396e+07 5.0645e+06
0.399 3.0025e+07 5.0581e+06
0.4 3.5561e+07 5.0518e+06
0.401 3.63e+07 5.0455e+06
0.402 3.0955e+07 5.0393e+06
0.403 3.7523e+07 5.033e+06
0.404 3.0124e+07 5.0268e+06
0.405 3.2868e+07 5.0206e+06
0.406 3.2295e+07 5.0144e+06
0.407 3.7952e+07 5.0082e+06
0.408 2.4742e+07 5.002e+06
0.409 3.3519e+07 4.9959e+06
0.41 3.4465e+07 4.9898e+06
0.411 3.5092e+07 4.9837e+06
0.412 3.459e+07 4.9776e+06
0.413 2.8782e+07 4.9715e+06
0.414 2.7912e+07 4.9655e+06
0.415 2.6975e+07 4.9594e+06
0.416 3.2766e+07 4.9534e+06
0.417 2.7797e+07 4.9474e+06
0.418 3.033e+07 4.9415e+06
0.419 3.8839e+07 4.9355e+06
0.42 2.3633e+07 4.9296e+06
0.421 3.2609e+07 4.9236e+06
0.422 3.1358e+07 4.9178e+06
0.423 3.4348e+07 4.9119e+06
0.424 2.9945e+07 4.906e+06
0.425 3.5812e+07 4.9002e+06
0.426 2.9709e+07 4.8943e+06
0.427 3.5091e+07 4.8885e+06
0.428 2.6749e+07 4.8827e+06
0.429 3.1633e+07 4.877e+06
0.43 2.5371e+07 4.8712e+06
0.431 3.3319e+07 4.8655e+06
0.432 2.8096e+07 4.8598e+06
0.433 4.0647e+07 4.8541e+06
0.434 3.0345e+07 4.8484e+06
0.435 3.3348e+07 4.8427e+06
0.436 2.8876e+07 4.8371e+06
0.437 3.7608e+07 4.8315e+06
0.438 2.7139e+07 4.8259e+06
0.439 3.9892e+07 4.8203e+06
0.44 2.8616e+07 4.8147e+06
0.441 2.6871e+07 4.8092e+06
0.442 2.9565e+07 4.8037e+06
0.443 2.6579e+07 4.7981e+06
0.444 2.437e+07 4.7927e+06
0.445 2.6982e+07 4.7872e+06
0.446 3.4041e+07 4.7817e+06
0.447 3.1817e+07 4.7763e+06
0.448 3.1548e+07 4.7709e+06
0.449 2.8699e+07 4.7655e+06
0.45 3.5784e+07 4.7601e+06
0.451 3.1239e+07 4.7547e+06
0.452 3.6469e+07 4.7494e+06
0.453 3.2869e+07 4.744e+06
0.454 2.4989e+07 4.7387e+06
0.455 2.7199e+07 4.7334e+06
0.456 2.3614e+07 4.7281e+06
0.457 3.4892e+07 4.7229e+06
0.458 2.8458e+07 4.7176e+06
0.459 2.6075e+07 4.7124e+06
0.46 2.7182e+07 4.7072e+06
0.461 3.2977e+07 4.702e+06
0.462 2.67e+07 4.6969e+06
0.463 3.1977e+07 4.6917e+06
0.464 2.9813e+07 4.6866e+06
0.465 3.0357e+07 4.6815e+06
0.466 3.2964e+07 4.6764e+06
0.467 2.4042e+07 4.6713e+06
0.468 2.8096e+07 4.6662e+06
0.469 3.4689e+07 4.6611e+06
0.47 3.0031e+07 4.6561e+06
0.471 3.164e+07 4.6511e+06
0.472 3.0541e+07 4.6461e+06
0.473 2.6736e+07 4.6411e+06
0.474 2.9984e+07 4.6362e+06
0.475 2.7812e+07 4.6312e+06
0.476 2.5992e+07 4.6263e+06
0.477 3.2324e+07 4.6214e+06
0.478 2.1952e+07 4.6164e+06
0.479 3.1317e+07 4.6116e+06
0.48 3.3274e+07 4.6067e+06
0.481 3.2437e+07 4.6018e+06
0.482 3.1255e+07 4.597e+06
0.483 2.5582e+07 4.5922e+06
0.484 2.5611e+07 4.5874e+06
0.485 2.4654e+07 4.5826e+06
0.486 2.5256e+07 4.5778e+06
0.487 3.0997e+07 4.5731e+06
0.488 2.7799e+07 4.5683e+06
0.489 2.55e+07 4.5636e+06
0.49 2.904e+07 4.5589e+06
0.491 2.9777e+07 4.5542e+06
0.492 2.8539e+07 4.5495e+06
0.493 2.5402e+07 4.5448e+06
0.494 2.278e+07 4.5402e+06
0.495 2.681e+07 4.5355e+06
0.496 2.8185e+07 4.5309e+06
0.497 3.1308e+07 4.5263e+06
0.498 2.7543e+07 4.5217e+06
0.499 3.0347e+07 4.5171e+06
0.5 2.6352e+07 4.5125e+06
