0.001 2.5034e+09 1.4718e+08
0.002 2.2996e+09 1.0407e+08
0.003 2.3321e+09 8.4957e+07
0.004 2.2397e+09 7.3561e+07
0.005 2.4405e+09 6.5778e+07
0.006 2.4928e+09 6.0028e+07
0.007 2.456e+09 5.5555e+07
0.008 2.4798e+09 5.1945e+07
0.009 2.4057e+09 4.8951e+07
0.01 2.5092e+09 4.6414e+07
0.011 2.4563e+09 4.4228e+07
0.012 2.4346e+09 4.2318e+07
0.013 2.3659e+09 4.0629e+07
0.014 2.4232e+09 3.9121e+07
0.015 2.3802e+09 3.7764e+07
0.016 2.3604e+09 3.6534e+07
0.017 2.3244e+09 3.541e+07
0.018 2.3386e+09 3.4379e+07
0.019 2.3654e+09 3.3428e+07
0.02 2.3069e+09 3.2546e+07
0.021 2.317e+09 3.1726e+07
0.022 2.3119e+09 3.0959e+07
0.023 2.2619e+09 3.0241e+07
0.024 2.3626e+09 2.9566e+07
0.025 2.3284e+09 2.893e+07
0.026 2.312e+09 2.8329e+07
0.027 2.2608e+09 2.7759e+07
0.028 2.2116e+09 2.7218e+07
0.029 2.2048e+09 2.6703e+07
0.03 2.2193e+09 2.6212e+07
0.031 2.2323e+09 2.5744e+07
0.032 2.2226e+09 2.5295e+07
0.033 2.2009e+09 2.4866e+07
0.034 2.2127e+09 2.4453e+07
0.035 2.1996e+09 2.4057e+07
0.036 2.1236e+09 2.3676e+07
0.037 2.1325e+09 2.3308e+07
0.038 2.1571e+09 2.2954e+07
0.039 2.1114e+09 2.2612e+07
0.04 2.1442e+09 2.2281e+07
0.041 2.0822e+09 2.1962e+07
0.042 1.9914e+09 2.1652e+07
0.043 2.0679e+09 2.1351e+07
0.044 2.017e+09 2.106e+07
0.045 1.9833e+09 2.0777e+07
0.046 1.9721e+09 2.0502e+07
0.047 1.9718e+09 2.0235e+07
0.048 1.9759e+09 1.9975e+07
0.049 1.9668e+09 1.9722e+07
0.05 1.9208e+09 1.9475e+07
0.051 1.8849e+09 1.9235e+07
0.052 1.9081e+09 1.9e+07
0.053 1.8888e+09 1.8771e+07
0.054 1.8635e+09 1.8548e+07
0.055 1.8546e+09 1.833e+07
0.056 1.8376e+09 1.8116e+07
0.057 1.8317e+09 1.7908e+07
0.058 1.8061e+09 1.7704e+07
0.059 1.7875e+09 1.7504e+07
0.06 1.7731e+09 1.7309e+07
0.061 1.7543e+09 1.7117e+07
0.062 1.7217e+09 1.693e+07
0.063 1.6777e+09 1.6746e+07
0.064 1.6825e+09 1.6566e+07
0.065 1.6752e+09 1.639e+07
0.066 1.6328e+09 1.6217e+07
0.067 1.6422e+09 1.6047e+07
0.068 1.6061e+09 1.588e+07
0.069 1.5928e+09 1.5717e+07
0.07 1.562e+09 1.5556e+07
0.071 1.5459e+09 1.5399e+07
0.072 1.514e+09 1.5244e+07
0.073 1.491e+09 1.5092e+07
0.074 1.4907e+09 1.4942e+07
0.075 1.4781e+09 1.4795e+07
0.076 1.4587e+09 1.4651e+07
0.077 1.4416e+09 1.4509e+07
0.078 1.4286e+09 1.437e+07
0.079 1.4105e+09 1.4233e+07
0.08 1.3734e+09 1.4098e+07
0.081 1.3481e+09 1.3965e+07
0.082 1.3626e+09 1.3835e+07
0.083 1.3025e+09 1.3707e+07
0.084 1.2991e+09 1.358e+07
0.085 1.2676e+09 1.3456e+07
0.086 1.2559e+09 1.3334e+07
0.087 1.2315e+09 1.3214e+07
0.088 1.2078e+09 1.3095e+07
0.089 1.1915e+09 1.2979e+07
0.09 1.1907e+09 1.2864e+07
0.091 1.1343e+09 1.2751e+07
0.092 1.1608e+09 1.264e+07
0.093 1.1461e+09 1.2531e+07
0.094 1.1146e+09 1.2423e+07
0.095 1.0891e+09 1.2317e+07
0.096 1.0731e+09 1.2213e+07
0.097 1.0612e+09 1.211e+07
0.098 1.0558e+09 1.2009e+07
0.099 1.0372e+09 1.1909e+07
0.1 1.0237e+09 1.1811e+07
0.101 9.9698e+08 1.1715e+07
0.102 9.6331e+08 1.162e+07
0.103 9.6122e+08 1.1526e+07
0.104 9.4962e+08 1.1434e+07
0.105 9.4706e+08 1.1343e+07
0.106 9.3113e+08 1.1253e+07
0.107 9.1518e+08 1.1165e+07
0.108 8.9024e+08 1.1078e+07
0.109 8.7924e+08 1.0993e+07
0.11 8.6977e+08 1.0909e+07
0.111 8.3001e+08 1.0826e+07
0.112 8.2516e+08 1.0744e+07
0.113 8.0977e+08 1.0664e+07
0.114 7.8644e+08 1.0585e+07
0.115 7.9747e+08 1.0507e+07
0.116 7.7904e+08 1.043e+07
0.117 7.4003e+08 1.0355e+07
0.118 7.5367e+08 1.028e+07
0.119 7.2786e+08 1.0207e+07
0.12 7.1844e+08 1.0135e+07
0.121 6.9389e+08 1.0063e+07
0.122 6.9929e+08 9.9934e+06
0.123 6.9025e+08 9.9244e+06
0.124 6.6897e+08 9.8565e+06
0.125 6.6156e+08 9.7896e+06
0.126 6.344e+08 9.7237e+06
0.127 6.1121e+08 9.6588e+06
0.128 6.1241e+08 9.5948e+06
0.129 5.9321e+08 9.5319e+06
0.13 5.9249e+08 9.4699e+06
0.131 5.8222e+08 9.4088e+06
0.132 5.7576e+08 9.3487e+06
0.133 5.4874e+08 9.2894e+06
0.134 5.4683e+08 9.2311e+06
0.135 5.3445e+08 9.1736e+06
0.136 5.255e+08 9.117e+06
0.137 5.1431e+08 9.0613e+06
0.138 4.9316e+08 9.0064e+06
0.139 5.0188e+08 8.9523e+06
0.14 4.7614e+08 8.899e+06
0.141 4.7927e+08 8.8466e+06
0.142 4.5733e+08 8.7949e+06
0.143 4.5464e+08 8.744e+06
0.144 4.5937e+08 8.6938e+06
0.145 4.494e+08 8.6444e+06
0.146 4.3756e+08 8.5957e+06
0.147 4.0803e+08 8.5478e+06
0.148 4.1092e+08 8.5005e+06
0.149 3.9652e+08 8.454e+06
0.15 3.9769e+08 8.4081e+06
0.151 4.0089e+08 8.3629e+06
0.152 3.8465e+08 8.3184e+06
0.153 3.8264e+08 8.2745e+06
0.154 3.8493e+08 8.2313e+06
0.155 3.53e+08 8.1887e+06
0.156 3.6123e+08 8.1467e+06
0.157 3.502e+08 8.1054e+06
0.158 3.355e+08 8.0646e+06
0.159 3.2944e+08 8.0244e+06
0.16 3.342e+08 7.9848e+06
0.161 3.2156e+08 7.9458e+06
0.162 3.0859e+08 7.9073e+06
0.163 3.2083e+08 7.8693e+06
0.164 3.0284e+08 7.8319e+06
0.165 2.8619e+08 7.795e+06
0.166 2.78e+08 7.7587e+06
0.167 2.7029e+08 7.7228e+06
0.168 2.6928e+08 7.6875e+06
0.169 2.7429e+08 7.6526e+06
0.17 2.5365e+08 7.6183e+06
0.171 2.668e+08 7.5844e+06
0.172 2.4624e+08 7.5509e+06
0.173 2.4091e+08 7.518e+06
0.174 2.3052e+08 7.4854e+06
0.175 2.474e+08 7.4533e+06
0.176 2.2181e+08 7.4217e+06
0.177 2.1236e+08 7.3904e+06
0.178 2.3227e+08 7.3596e+06
0.179 2.2307e+08 7.3292e+06
0.18 2.1118e+08 7.2992e+06
0.181 2.1586e+08 7.2696e+06
0.182 2.0718e+08 7.2404e+06
0.183 2.0439e+08 7.2116e+06
0.184 1.8655e+08 7.1831e+06
0.185 1.8754e+08 7.155e+06
0.186 1.8457e+08 7.1273e+06
0.187 1.8304e+08 7.0999e+06
0.188 1.899e+08 7.0729e+06
0.189 1.756e+08 7.0462e+06
0.19 1.7283e+08 7.0199e+06
0.191 1.7137e+08 6.9939e+06
0.192 1.6114e+08 6.9682e+06
0.193 1.6348e+08 6.9428e+06
0.194 1.5045e+08 6.9178e+06
0.195 1.5778e+08 6.8931e+06
0.196 1.53e+08 6.8686e+06
0.197 1.3812e+08 6.8445e+06
0.198 1.5173e+08 6.8207e+06
0.199 1.4557e+08 6.7971e+06
0.2 1.4398e+08 6.7738e+06
0.201 1.4331e+08 6.7508e+06
0.202 1.2861e+08 6.7281e+06
0.203 1.2266e+08 6.7057e+06
0.204 1.2464e+08 6.6835e+06
0.205 1.1998e+08 6.6616e+06
0.206 1.1168e+08 6.6399e+06
0.207 1.2206e+08 6.6185e+06
0.208 1.1862e+08 6.5974e+06
0.209 1.1835e+08 6.5765e+06
0.21 1.0673e+08 6.5558e+06
0.211 9.6952e+07 6.5354e+06
0.212 8.9319e+07 6.5152e+06
0.213 1.0078e+08 6.4952e+06
0.214 1.0139e+08 6.4754e+06
0.215 9.1049e+07 6.4559e+06
0.216 9.6402e+07 6.4366e+06
0.217 8.937e+07 6.4175e+06
0.218 8.3651e+07 6.3986e+06
0.219 9.2336e+07 6.38e+06
0.22 8.4711e+07 6.3615e+06
0.221 8.4042e+07 6.3432e+06
0.222 7.9894e+07 6.3252e+06
0.223 6.9753e+07 6.3073e+06
0.224 8.1659e+07 6.2896e+06
0.225 7.5507e+07 6.2722e+06
0.226 6.8455e+07 6.2549e+06
0.227 8.4803e+07 6.2378e+06
0.228 7.3656e+07 6.2208e+06
0.229 7.899e+07 6.2041e+06
0.23 7.3966e+07 6.1875e+06
0.231 7.7773e+07 6.1711e+06
0.232 6.9022e+07 6.1549e+06
0.233 7.3758e+07 6.1388e+06
0.234 5.7908e+07 6.1229e+06
0.235 5.6152e+07 6.1072e+06
0.236 6.5723e+07 6.0916e+06
0.237 5.3593e+07 6.0762e+06
0.238 5.2477e+07 6.0609e+06
0.239 5.0475e+07 6.0458e+06
0.24 5.6575e+07 6.0308e+06
0.241 4.6462e+07 6.016e+06
0.242 5.229e+07 6.0014e+06
0.243 5.6764e+07 5.9869e+06
0.244 4.9769e+07 5.9725e+06
0.245 4.7673e+07 5.9582e+06
0.246 4.8252e+07 5.9442e+06
0.247 3.3842e+07 5.9302e+06
0.248 4.6534e+07 5.9164e+06
0.249 4.7676e+07 5.9027e+06
0.25 5.1319e+07 5.8891e+06
0.251 4.9848e+07 5.8757e+06
0.252 4.5655e+07 5.8624e+06
0.253 2.9878e+07 5.8492e+06
0.254 3.5726e+07 5.8361e+06
0.255 3.5257e+07 5.8232e+06
0.256 4.8791e+07 5.8103e+06
0.257 3.7121e+07 5.7976e+06
0.258 4.2577e+07 5.785e+06
0.259 3.6881e+07 5.7726e+06
0.26 3.6867e+07 5.7602e+06
0.261 2.5465e+07 5.7479e+06
0.262 3.4958e+07 5.7358e+06
0.263 4.1467e+07 5.7237e+06
0.264 3.6518e+07 5.7118e+06
0.265 3.2659e+07 5.7e+06
0.266 2.2393e+07 5.6882e+06
0.267 2.765e+07 5.6766e+06
0.268 3.0586e+07 5.6651e+06
0.269 2.2776e+07 5.6536e+06
0.27 3.6128e+07 5.6423e+06
0.271 2.3861e+07 5.6311e+06
0.272 2.4129e+07 5.6199e+06
0.273 2.6884e+07 5.6089e+06
0.274 3.4076e+07 5.5979e+06
0.275 3.2356e+07 5.587e+06
0.276 2.4641e+07 5.5762e+06
0.277 2.0488e+07 5.5655e+06
0.278 2.2757e+07 5.5549e+06
0.279 3.7584e+07 5.5443e+06
0.28 3.3055e+07 5.5339e+06
0.281 3.0316e+07 5.5235e+06
0.282 2.1561e+07 5.5132e+06
0.283 2.2314e+07 5.503e+06
0.284 2.4028e+07 5.4929e+06
0.285 2.4153e+07 5.4828e+06
0.286 2.5742e+07 5.4728e+06
0.287 2.1712e+07 5.4629e+06
0.288 2.0823e+07 5.4531e+06
0.289 3.3448e+07 5.4433e+06
0.29 1.9328e+07 5.4336e+06
0.291 1.0221e+07 5.424e+06
0.292 2.4816e+07 5.4144e+06
0.293 1.9168e+07 5.4049e+06
0.294 3.1268e+07 5.3955e+06
0.295 2.4764e+07 5.3861e+06
0.296 2.6065e+07 5.3768e+06
0.297 1.6893e+07 5.3676e+06
0.298 1.9318e+07 5.3585e+06
0.299 1.6614e+07 5.3493e+06
0.3 2.6028e+07 5.3403e+06
0.301 1.4184e+07 5.3313e+06
0.302 1.949e+07 5.3224e+06
0.303 2.9389e+07 5.3135e+06
0.304 2.5722e+07 5.3047e+06
0.305 1.6488e+07 5.296e+06
0.306 2.2578e+07 5.2873e+06
0.307 2.8342e+07 5.2786e+06
0.308 2.9282e+07 5.27e+06
0.309 2.0837e+07 5.2615e+06
0.31 2.6859e+07 5.253e+06
0.311 2.2762e+07 5.2446e+06
0.312 2.2277e+07 5.2362e+06
0.313 2.5175e+07 5.2279e+06
0.314 3.2239e+07 5.2196e+06
0.315 2.3681e+07 5.2114e+06
0.316 2.2533e+07 5.2032e+06
0.317 2.4544e+07 5.1951e+06
0.318 1.4746e+07 5.187e+06
0.319 2.8742e+07 5.1789e+06
0.32 1.3001e+07 5.171e+06
0.321 9.374e+06 5.163e+06
0.322 2.954e+07 5.1551e+06
0.323 2.2383e+07 5.1472e+06
0.324 2.3269e+07 5.1394e+06
0.325 2.082e+07 5.1316e+06
0.326 2.9659e+07 5.1239e+06
0.327 2.4698e+07 5.1162e+06
0.328 1.7154e+07 5.1085e+06
0.329 3.2519e+07 5.1009e+06
0.33 2.0442e+07 5.0934e+06
0.331 2.3527e+07 5.0858e+06
0.332 2.3914e+07 5.0783e+06
0.333 2.3662e+07 5.0709e+06
0.334 2.8583e+07 5.0634e+06
0.335 1.92e+07 5.056e+06
0.336 2.58e+07 5.0487e+06
0.337 2.4072e+07 5.0414e+06
0.338 3.2368e+07 5.0341e+06
0.339 1.8267e+07 5.0268e+06
0.34 2.0097e+07 5.0196e+06
0.341 2.9736e+07 5.0124e+06
0.342 2.5182e+07 5.0053e+06
0.343 2.6459e+07 4.9982e+06
0.344 2.6756e+07 4.9911e+06
0.345 2.55e+07 4.9841e+06
0.346 3.21e+07 4.977e+06
0.347 2.7812e+07 4.97e+06
0.348 3.0877e+07 4.9631e+06
0.349 3.4353e+07 4.9562e+06
0.35 2.4957e+07 4.9493e+06
0.351 2.2585e+07 4.9424e+06
0.352 2.6806e+07 4.9355e+06
0.353 1.9713e+07 4.9287e+06
0.354 2.2102e+07 4.9219e+06
0.355 3.0889e+07 4.9152e+06
0.356 3.2122e+07 4.9084e+06
0.357 3.1604e+07 4.9017e+06
0.358 2.4711e+07 4.8951e+06
0.359 3.1318e+07 4.8884e+06
0.36 2.5189e+07 4.8818e+06
0.361 2.2023e+07 4.8752e+06
0.362 2.2405e+07 4.8686e+06
0.363 2.5823e+07 4.862e+06
0.364 3.2419e+07 4.8555e+06
0.365 2.0257e+07 4.849e+06
0.366 2.3633e+07 4.8425e+06
0.367 2.8069e+07 4.8361e+06
0.368 2.9608e+07 4.8296e+06
0.369 2.8283e+07 4.8232e+06
0.37 2.3434e+07 4.8168e+06
0.371 2.5503e+07 4.8105e+06
0.372 2.3036e+07 4.8041e+06
0.373 2.452e+07 4.7978e+06
0.374 2.5702e+07 4.7915e+06
0.375 2.2306e+07 4.7852e+06
0.376 3.4167e+07 4.779e+06
0.377 2.6755e+07 4.7727e+06
0.378 2.6283e+07 4.7665e+06
0.379 3.1833e+07 4.7603e+06
0.38 2.1019e+07 4.7541e+06
0.381 2.0925e+07 4.748e+06
0.382 3.8818e+07 4.7419e+06
0.383 2.8425e+07 4.7357e+06
0.384 3.0511e+07 4.7297e+06
0.385 3.4685e+07 4.7236e+06
0.386 3.8471e+07 4.7175e+06
0.387 2.8723e+07 4.7115e+06
0.388 3.387e+07 4.7055e+06
0.389 1.9374e+07 4.6995e+06
0.39 3.1334e+07 4.6935e+06
0.391 2.642e+07 4.6875e+06
0.392 3.4532e+07 4.6816e+06
0.393 2.8826e+07 4.6757e+06
0.394 3.1029e+07 4.6698e+06
0.395 3.4216e+07 4.6639e+06
0.396 2.8222e+07 4.658e+06
0.397 2.3631e+07 4.6522e+06
0.398 2.8255e+07 4.6463e+06
0.399 2.0667e+07 4.6405e+06
0.4 2.9021e+07 4.6347e+06
0.401 2.7707e+07 4.6289e+06
0.402 2.7693e+07 4.6232e+06
0.403 2.6519e+07 4.6174e+06
0.404 3.569e+07 4.6117e+06
0.405 3.2726e+07 4.606e+06
0.406 3.598e+07 4.6003e+06
0.407 2.899e+07 4.5946e+06
0.408 3.2331e+07 4.589e+06
0.409 2.6986e+07 4.5834e+06
0.41 2.2305e+07 4.5777e+06
0.411 2.8305e+07 4.5721e+06
0.412 2.481e+07 4.5665e+06
0.413 2.3418e+07 4.561e+06
0.414 3.3666e+07 4.5554e+06
0.415 2.8352e+07 4.5499e+06
0.416 3.2284e+07 4.5444e+06
0.417 3.0756e+07 4.5389e+06
0.418 3.3465e+07 4.5334e+06
0.419 3.5518e+07 4.5279e+06
0.42 2.9981e+07 4.5225e+06
0.421 3.8361e+07 4.5171e+06
0.422 3.5756e+07 4.5117e+06
0.423 2.2805e+07 4.5063e+06
0.424 2.0949e+07 4.5009e+06
0.425 3.0727e+07 4.4955e+06
0.426 3.3418e+07 4.4902e+06
0.427 3.2463e+07 4.4849e+06
0.428 2.9473e+07 4.4796e+06
0.429 2.0498e+07 4.4743e+06
0.43 2.7593e+07 4.469e+06
0.431 3.2051e+07 4.4637e+06
0.432 3.4389e+07 4.4585e+06
0.433 3.0355e+07 4.4533e+06
0.434 1.6847e+07 4.4481e+06
0.435 1.73e+07 4.4429e+06
0.436 3.0662e+07 4.4377e+06
0.437 3.2697e+07 4.4325e+06
0.438 2.0212e+07 4.4274e+06
0.439 3.5224e+07 4.4223e+06
0.44 2.6573e+07 4.4172e+06
0.441 2.6814e+07 4.4121e+06
0.442 2.2942e+07 4.407e+06
0.443 2.0636e+07 4.402e+06
0.444 3.4079e+07 4.3969e+06
0.445 2.5454e+07 4.3919e+06
0.446 2.9124e+07 4.3869e+06
0.447 3.1805e+07 4.3819e+06
0.448 2.4316e+07 4.377e+06
0.449 2.3977e+07 4.372e+06
0.45 2.3165e+07 4.3671e+06
0.451 3.0077e+07 4.3622e+06
0.452 2.3679e+07 4.3573e+06
0.453 2.8865e+07 4.3524e+06
0.454 3.3948e+07 4.3475e+06
0.455 2.2881e+07 4.3427e+06
0.456 2.9212e+07 4.3378e+06
0.457 2.0648e+07 4.333e+06
0.458 1.8825e+07 4.3282e+06
0.459 1.6166e+07 4.3234e+06
0.46 3.3263e+07 4.3186e+06
0.461 2.9918e+07 4.3139e+06
0.462 2.377e+07 4.3091e+06
0.463 2.2323e+07 4.3044e+06
0.464 2.5222e+07 4.2997e+06
0.465 2.2573e+07 4.295e+06
0.466 3.0493e+07 4.2903e+06
0.467 3.3181e+07 4.2857e+06
0.468 2.5048e+07 4.281e+06
0.469 1.9978e+07 4.2764e+06
0.47 2.2633e+07 4.2718e+06
0.471 2.6728e+07 4.2672e+06
0.472 2.7316e+07 4.2626e+06
0.473 2.7742e+07 4.2581e+06
0.474 1.664e+07 4.2535e+06
0.475 2.9819e+07 4.249e+06
0.476 2.7456e+07 4.2445e+06
0.477 2.3053e+07 4.24e+06
0.478 2.3937e+07 4.2355e+06
0.479 2.908e+07 4.231e+06
0.48 2.8842e+07 4.2265e+06
0.481 1.0916e+07 4.2221e+06
0.482 2.1518e+07 4.2176e+06
0.483 2.4842e+07 4.2132e+06
0.484 2.3368e+07 4.2088e+06
0.485 2.7347e+07 4.2044e+06
0.486 2.2054e+07 4.2001e+06
0.487 2.5101e+07 4.1957e+06
0.488 2.3914e+07 4.1914e+06
0.489 2.6822e+07 4.187e+06
0.49 2.6308e+07 4.1827e+06
0.491 2.8475e+07 4.1784e+06
0.492 1.626e+07 4.1741e+06
0.493 1.8356e+07 4.1698e+06
0.494 3.2966e+07 4.1656e+06
0.495 3.3691e+07 4.1613e+06
0.496 2.6884e+07 4.1571e+06
0.497 2.5494e+07 4.1528e+06
0.498 3.7125e+07 4.1486e+06
0.499 2.1403e+07 4.1444e+06
0.5 2.8919e+07 4.1402e+06
