0.001 2.3512e+09 1.3234e+08
0.002 2.0141e+09 9.3571e+07
0.003 2.3383e+09 7.639e+07
0.004 2.1871e+09 6.6142e+07
0.005 2.2292e+09 5.9144e+07
0.006 2.209e+09 5.3974e+07
0.007 2.2173e+09 4.9952e+07
0.008 2.1994e+09 4.6706e+07
0.009 2.2438e+09 4.4014e+07
0.01 2.2294e+09 4.1733e+07
0.011 2.1964e+09 3.9767e+07
0.012 2.1555e+09 3.8049e+07
0.013 2.0837e+09 3.6531e+07
0.014 2.1819e+09 3.5175e+07
0.015 2.1308e+09 3.3954e+07
0.016 2.1082e+09 3.2848e+07
0.017 2.1469e+09 3.1837e+07
0.018 2.0848e+09 3.091e+07
0.019 2.1102e+09 3.0054e+07
0.02 2.1369e+09 2.9262e+07
0.021 2.0753e+09 2.8524e+07
0.022 2.0991e+09 2.7835e+07
0.023 2.0961e+09 2.7189e+07
0.024 2.1298e+09 2.6582e+07
0.025 2.0361e+09 2.6009e+07
0.026 2.0862e+09 2.5468e+07
0.027 2.0368e+09 2.4956e+07
0.028 2.0208e+09 2.4469e+07
0.029 2.0345e+09 2.4006e+07
0.03 1.9858e+09 2.3565e+07
0.031 1.9931e+09 2.3143e+07
0.032 2.0171e+09 2.2739e+07
0.033 1.9946e+09 2.2353e+07
0.034 1.9876e+09 2.1982e+07
0.035 1.979e+09 2.1625e+07
0.036 1.9264e+09 2.1282e+07
0.037 1.9402e+09 2.0952e+07
0.038 1.8754e+09 2.0633e+07
0.039 1.9141e+09 2.0325e+07
0.04 1.8882e+09 2.0028e+07
0.041 1.8623e+09 1.974e+07
0.042 1.8307e+09 1.9461e+07
0.043 1.853e+09 1.9191e+07
0.044 1.8224e+09 1.8929e+07
0.045 1.8362e+09 1.8674e+07
0.046 1.7787e+09 1.8427e+07
0.047 1.804e+09 1.8186e+07
0.048 1.7803e+09 1.7952e+07
0.049 1.716e+09 1.7724e+07
0.05 1.7654e+09 1.7502e+07
0.051 1.7212e+09 1.7286e+07
0.052 1.7062e+09 1.7075e+07
0.053 1.7024e+09 1.6869e+07
0.054 1.6657e+09 1.6668e+07
0.055 1.6782e+09 1.6471e+07
0.056 1.658e+09 1.6279e+07
0.057 1.6298e+09 1.6091e+07
0.058 1.6205e+09 1.5908e+07
0.059 1.5901e+09 1.5728e+07
0.06 1.5788e+09 1.5552e+07
0.061 1.5483e+09 1.538e+07
0.062 1.5322e+09 1.5211e+07
0.063 1.5239e+09 1.5046e+07
0.064 1.5142e+09 1.4884e+07
0.065 1.4852e+09 1.4725e+07
0.066 1.4636e+09 1.4569e+07
0.067 1.439e+09 1.4416e+07
0.068 1.4304e+09 1.4266e+07
0.069 1.4179e+09 1.4119e+07
0.07 1.4242e+09 1.3975e+07
0.071 1.3733e+09 1.3833e+07
0.072 1.3825e+09 1.3693e+07
0.073 1.3563e+09 1.3556e+07
0.074 1.3265e+09 1.3422e+07
0.075 1.323e+09 1.329e+07
0.076 1.3154e+09 1.316e+07
0.077 1.2977e+09 1.3032e+07
0.078 1.2642e+09 1.2907e+07
0.079 1.2383e+09 1.2783e+07
0.08 1.2361e+09 1.2662e+07
0.081 1.2181e+09 1.2543e+07
0.082 1.1837e+09 1.2425e+07
0.083 1.1804e+09 1.231e+07
0.084 1.1535e+09 1.2196e+07
0.085 1.1593e+09 1.2084e+07
0.086 1.1281e+09 1.1974e+07
0.087 1.128e+09 1.1866e+07
0.088 1.0953e+09 1.176e+07
0.089 1.0775e+09 1.1655e+07
0.09 1.0615e+09 1.1552e+07
0.091 1.0535e+09 1.145e+07
0.092 1.0377e+09 1.135e+07
0.093 9.999e+08 1.1252e+07
0.094 1.0005e+09 1.1155e+07
0.095 1.0049e+09 1.106e+07
0.096 9.7071e+08 1.0966e+07
0.097 9.5329e+08 1.0873e+07
0.098 9.4712e+08 1.0782e+07
0.099 9.2938e+08 1.0693e+07
0.1 8.8641e+08 1.0605e+07
0.101 9.0163e+08 1.0518e+07
0.102 8.8403e+08 1.0432e+07
0.103 8.6896e+08 1.0348e+07
0.104 8.5595e+08 1.0265e+07
0.105 8.354e+08 1.0184e+07
0.106 8.1458e+08 1.0103e+07
0.107 7.9344e+08 1.0024e+07
0.108 7.8095e+08 9.946e+06
0.109 7.6003e+08 9.8692e+06
0.11 7.7745e+08 9.7936e+06
0.111 7.4829e+08 9.7192e+06
0.112 7.4776e+08 9.6459e+06
0.113 7.2461e+08 9.5737e+06
0.114 6.9929e+08 9.5026e+06
0.115 7.0495e+08 9.4326e+06
0.116 6.8991e+08 9.3637e+06
0.117 6.8141e+08 9.2958e+06
0.118 6.618e+08 9.2289e+06
0.119 6.5303e+08 9.1631e+06
0.12 6.4562e+08 9.0983e+06
0.121 6.1838e+08 9.0344e+06
0.122 6.2674e+08 8.9716e+06
0.123 6.1076e+08 8.9097e+06
0.124 6.1627e+08 8.8487e+06
0.125 5.8278e+08 8.7887e+06
0.126 5.6317e+08 8.7296e+06
0.127 5.6517e+08 8.6713e+06
0.128 5.443e+08 8.614e+06
0.129 5.5092e+08 8.5576e+06
0.13 5.2207e+08 8.502e+06
0.131 5.1617e+08 8.4472e+06
0.132 5.0122e+08 8.3933e+06
0.133 4.8737e+08 8.3402e+06
0.134 4.7733e+08 8.2879e+06
0.135 4.7188e+08 8.2365e+06
0.136 4.773e+08 8.1858e+06
0.137 4.7006e+08 8.1358e+06
0.138 4.4879e+08 8.0866e+06
0.139 4.4067e+08 8.0382e+06
0.14 4.3979e+08 7.9905e+06
0.141 4.2779e+08 7.9435e+06
0.142 4.084e+08 7.8972e+06
0.143 4.1469e+08 7.8517e+06
0.144 3.9499e+08 7.8068e+06
0.145 3.9956e+08 7.7625e+06
0.146 3.8911e+08 7.719e+06
0.147 3.7813e+08 7.6761e+06
0.148 3.7082e+08 7.6338e+06
0.149 3.6748e+08 7.5922e+06
0.15 3.4683e+08 7.5511e+06
0.151 3.4414e+08 7.5107e+06
0.152 3.45e+08 7.4709e+06
0.153 3.3603e+08 7.4317e+06
0.154 3.3048e+08 7.3931e+06
0.155 3.2567e+08 7.355e+06
0.156 3.0679e+08 7.3174e+06
0.157 3.099e+08 7.2805e+06
0.158 2.9794e+08 7.244e+06
0.159 2.9367e+08 7.2081e+06
0.16 2.8713e+08 7.1727e+06
0.161 2.8437e+08 7.1378e+06
0.162 2.8883e+08 7.1035e+06
0.163 2.7166e+08 7.0696e+06
0.164 2.6975e+08 7.0361e+06
0.165 2.7218e+08 7.0032e+06
0.166 2.603e+08 6.9707e+06
0.167 2.5465e+08 6.9387e+06
0.168 2.4282e+08 6.9072e+06
0.169 2.3401e+08 6.876e+06
0.17 2.3072e+08 6.8453e+06
0.171 2.4549e+08 6.8151e+06
0.172 2.2796e+08 6.7852e+06
0.173 2.2611e+08 6.7558e+06
0.174 2.1201e+08 6.7267e+06
0.175 2.0273e+08 6.6981e+06
0.176 1.9408e+08 6.6698e+06
0.177 1.9056e+08 6.642e+06
0.178 1.8606e+08 6.6145e+06
0.179 1.9735e+08 6.5873e+06
0.18 1.8529e+08 6.5605e+06
0.181 1.8295e+08 6.5341e+06
0.182 1.8716e+08 6.508e+06
0.183 1.8711e+08 6.4823e+06
0.184 1.7792e+08 6.4569e+06
0.185 1.5926e+08 6.4318e+06
0.186 1.6354e+08 6.4071e+06
0.187 1.6457e+08 6.3827e+06
0.188 1.6044e+08 6.3585e+06
0.189 1.5252e+08 6.3347e+06
0.19 1.5895e+08 6.3112e+06
0.191 1.4988e+08 6.288e+06
0.192 1.4037e+08 6.2651e+06
0.193 1.4196e+08 6.2424e+06
0.194 1.4512e+08 6.2201e+06
0.195 1.4498e+08 6.198e+06
0.196 1.3086e+08 6.1762e+06
0.197 1.3736e+08 6.1546e+06
0.198 1.2412e+08 6.1333e+06
0.199 1.1778e+08 6.1123e+06
0.2 1.1751e+08 6.0915e+06
0.201 1.1661e+08 6.071e+06
0.202 1.1678e+08 6.0507e+06
0.203 1.1089e+08 6.0307e+06
0.204 1.0752e+08 6.0109e+06
0.205 1.031e+08 5.9913e+06
0.206 1.0588e+08 5.9719e+06
0.207 1.0612e+08 5.9528e+06
0.208 9.498e+07 5.9339e+06
0.209 1.0494e+08 5.9152e+06
0.21 1.0593e+08 5.8967e+06
0.211 1.0101e+08 5.8785e+06
0.212 9.545e+07 5.8604e+06
0.213 9.185e+07 5.8426e+06
0.214 8.4127e+07 5.8249e+06
0.215 8.5203e+07 5.8074e+06
0.216 8.9603e+07 5.7902e+06
0.217 8.9103e+07 5.7731e+06
0.218 8.4348e+07 5.7562e+06
0.219 8.8465e+07 5.7395e+06
0.22 7.8623e+07 5.723e+06
0.221 7.2538e+07 5.7066e+06
0.222 7.6189e+07 5.6905e+06
0.223 7.9726e+07 5.6745e+06
0.224 5.3867e+07 5.6586e+06
0.225 7.4406e+07 5.643e+06
0.226 6.6419e+07 5.6275e+06
0.227 7.3328e+07 5.6122e+06
0.228 6.7621e+07 5.597e+06
0.229 5.6136e+07 5.582e+06
0.23 6.6145e+07 5.5671e+06
0.231 7.0277e+07 5.5524e+06
0.232 6.8739e+07 5.5379e+06
0.233 5.9827e+07 5.5235e+06
0.234 4.6738e+07 5.5092e+06
0.235 5.3117e+07 5.4951e+06
0.236 5.4205e+07 5.4812e+06
0.237 5.2806e+07 5.4673e+06
0.238 6.1269e+07 5.4536e+06
0.239 5.3328e+07 5.4401e+06
0.24 5.3119e+07 5.4266e+06
0.241 4.9394e+07 5.4134e+06
0.242 4.3239e+07 5.4002e+06
0.243 4.4578e+07 5.3872e+06
0.244 5.4387e+07 5.3742e+06
0.245 4.6256e+07 5.3615e+06
0.246 3.9603e+07 5.3488e+06
0.247 4.2755e+07 5.3363e+06
0.248 3.8993e+07 5.3238e+06
0.249 3.6923e+07 5.3115e+06
0.25 3.7306e+07 5.2993e+06
0.251 4.8604e+07 5.2872e+06
0.252 3.993e+07 5.2753e+06
0.253 4.2424e+07 5.2634e+06
0.254 4.4145e+07 5.2517e+06
0.255 3.2321e+07 5.24e+06
0.256 3.0968e+07 5.2285e+06
0.257 4.3633e+07 5.217e+06
0.258 4.3011e+07 5.2057e+06
0.259 3.305e+07 5.1945e+06
0.26 3.8404e+07 5.1833e+06
0.261 2.4457e+07 5.1723e+06
0.262 2.9237e+07 5.1613e+06
0.263 2.2763e+07 5.1505e+06
0.264 3.2222e+07 5.1397e+06
0.265 2.8789e+07 5.1291e+06
0.266 2.937e+07 5.1185e+06
0.267 3.6223e+07 5.108e+06
0.268 2.4848e+07 5.0976e+06
0.269 2.9062e+07 5.0873e+06
0.27 3.5752e+07 5.0771e+06
0.271 2.5443e+07 5.0669e+06
0.272 2.4668e+07 5.0569e+06
0.273 3.3952e+07 5.0469e+06
0.274 3.2308e+07 5.037e+06
0.275 3.1563e+07 5.0272e+06
0.276 2.8955e+07 5.0174e+06
0.277 3.485e+07 5.0078e+06
0.278 2.2292e+07 4.9982e+06
0.279 2.8553e+07 4.9887e+06
0.28 2.7275e+07 4.9792e+06
0.281 1.1394e+07 4.9699e+06
0.282 1.7616e+07 4.9606e+06
0.283 2.0751e+07 4.9513e+06
0.284 3.4902e+07 4.9422e+06
0.285 2.5077e+07 4.9331e+06
0.286 2.8089e+07 4.9241e+06
0.287 1.984e+07 4.9151e+06
0.288 2.2546e+07 4.9062e+06
0.289 1.4501e+07 4.8974e+06
0.29 1.7296e+07 4.8886e+06
0.291 2.9631e+07 4.8799e+06
0.292 2.3256e+07 4.8713e+06
0.293 2.2754e+07 4.8627e+06
0.294 3.2371e+07 4.8542e+06
0.295 1.6289e+07 4.8457e+06
0.296 1.734e+07 4.8373e+06
0.297 1.7662e+07 4.8289e+06
0.298 1.6733e+07 4.8206e+06
0.299 2.2824e+07 4.8124e+06
0.3 1.4739e+07 4.8042e+06
0.301 1.5371e+07 4.7961e+06
0.302 1.5001e+07 4.788e+06
0.303 1.0557e+07 4.78e+06
0.304 1.86e+07 4.772e+06
0.305 1.968e+07 4.7641e+06
0.306 2.7973e+07 4.7562e+06
0.307 1.9626e+07 4.7484e+06
0.308 1.8267e+07 4.7406e+06
0.309 1.8183e+07 4.7329e+06
0.31 1.4537e+07 4.7252e+06
0.311 1.6841e+07 4.7176e+06
0.312 1.3696e+07 4.71e+06
0.313 1.832e+07 4.7025e+06
0.314 1.5719e+07 4.695e+06
0.315 1.9843e+07 4.6875e+06
0.316 3.168e+07 4.6801e+06
0.317 2.8831e+07 4.6728e+06
0.318 1.2188e+07 4.6654e+06
0.319 1.8332e+07 4.6581e+06
0.32 2.1614e+07 4.6509e+06
0.321 2.268e+07 4.6437e+06
0.322 1.8862e+07 4.6366e+06
0.323 1.7187e+07 4.6294e+06
0.324 2.489e+07 4.6223e+06
0.325 2.9413e+07 4.6153e+06
0.326 1.7686e+07 4.6083e+06
0.327 1.6981e+07 4.6013e+06
0.328 2.5145e+07 4.5944e+06
0.329 2.2862e+07 4.5875e+06
0.33 2.0609e+07 4.5806e+06
0.331 1.9225e+07 4.5738e+06
0.332 2.6285e+07 4.567e+06
0.333 1.9095e+07 4.5603e+06
0.334 2.8409e+07 4.5536e+06
0.335 2.1925e+07 4.5469e+06
0.336 2.3717e+07 4.5402e+06
0.337 3.6139e+07 4.5336e+06
0.338 2.0496e+07 4.527e+06
0.339 2.3158e+07 4.5204e+06
0.34 1.2655e+07 4.5139e+06
0.341 3.2792e+07 4.5074e+06
0.342 2.3241e+07 4.5009e+06
0.343 2.4419e+07 4.4945e+06
0.344 2.0907e+07 4.4881e+06
0.345 2.4129e+07 4.4817e+06
0.346 2.4739e+07 4.4754e+06
0.347 2.7722e+07 4.4691e+06
0.348 2.7583e+07 4.4628e+06
0.349 2.3804e+07 4.4565e+06
0.35 2.1371e+07 4.4502e+06
0.351 1.9299e+07 4.444e+06
0.352 2.3417e+07 4.4378e+06
0.353 1.929e+07 4.4317e+06
0.354 1.9285e+07 4.4256e+06
0.355 1.9107e+07 4.4194e+06
0.356 1.3964e+07 4.4134e+06
0.357 2.2062e+07 4.4073e+06
0.358 1.6725e+07 4.4013e+06
0.359 2.5215e+07 4.3953e+06
0.36 1.6579e+07 4.3893e+06
0.361 1.9157e+07 4.3833e+06
0.362 1.2482e+07 4.3774e+06
0.363 1.8933e+07 4.3714e+06
0.364 2.2499e+07 4.3655e+06
0.365 2.4799e+07 4.3597e+06
0.366 1.2508e+07 4.3538e+06
0.367 2.3793e+07 4.348e+06
0.368 2.0438e+07 4.3422e+06
0.369 1.6117e+07 4.3364e+06
0.37 1.9792e+07 4.3306e+06
0.371 2.8522e+07 4.3249e+06
0.372 1.567e+07 4.3192e+06
0.373 2.2711e+07 4.3135e+06
0.374 1.736e+07 4.3078e+06
0.375 2.4802e+07 4.3021e+06
0.376 3.0894e+07 4.2965e+06
0.377 1.6406e+07 4.2908e+06
0.378 2.0746e+07 4.2852e+06
0.379 2.3732e+07 4.2797e+06
0.38 3.1846e+07 4.2741e+06
0.381 2.3506e+07 4.2685e+06
0.382 1.9565e+07 4.263e+06
0.383 2.9868e+07 4.2575e+06
0.384 2.9132e+07 4.252e+06
0.385 2.7591e+07 4.2465e+06
0.386 2.787e+07 4.2411e+06
0.387 1.9554e+07 4.2356e+06
0.388 2.059e+07 4.2302e+06
0.389 2.9273e+07 4.2248e+06
0.39 2.0433e+07 4.2194e+06
0.391 2.6085e+07 4.2141e+06
0.392 2.363e+07 4.2087e+06
0.393 2.1757e+07 4.2034e+06
0.394 2.6142e+07 4.1981e+06
0.395 2.4812e+07 4.1928e+06
0.396 2.801e+07 4.1875e+06
0.397 2.879e+07 4.1822e+06
0.398 1.8329e+07 4.177e+06
0.399 2.2137e+07 4.1718e+06
0.4 2.6142e+07 4.1665e+06
0.401 2.9417e+07 4.1613e+06
0.402 3.176e+07 4.1562e+06
0.403 2.3479e+07 4.151e+06
0.404 2.4856e+07 4.1459e+06
0.405 2.7503e+07 4.1407e+06
0.406 2.886e+07 4.1356e+06
0.407 2.8146e+07 4.1305e+06
0.408 3.3127e+07 4.1254e+06
0.409 3.0279e+07 4.1204e+06
0.41 2.2785e+07 4.1153e+06
0.411 2.5405e+07 4.1103e+06
0.412 2.76e+07 4.1052e+06
0.413 2.2431e+07 4.1002e+06
0.414 2.3702e+07 4.0953e+06
0.415 2.4018e+07 4.0903e+06
0.416 3.0014e+07 4.0853e+06
0.417 2.3669e+07 4.0804e+06
0.418 2.7977e+07 4.0755e+06
0.419 2.8666e+07 4.0706e+06
0.42 2.595e+07 4.0657e+06
0.421 2.2504e+07 4.0608e+06
0.422 1.8612e+07 4.0559e+06
0.423 2.2473e+07 4.0511e+06
0.424 2.5659e+07 4.0462e+06
0.425 2.6238e+07 4.0414e+06
0.426 1.8959e+07 4.0366e+06
0.427 2.2594e+07 4.0319e+06
0.428 3.099e+07 4.0271e+06
0.429 2.1885e+07 4.0223e+06
0.43 2.861e+07 4.0176e+06
0.431 2.2793e+07 4.0129e+06
0.432 2.2101e+07 4.0082e+06
0.433 2.3396e+07 4.0035e+06
0.434 2.2351e+07 3.9988e+06
0.435 2.2305e+07 3.9941e+06
0.436 2.0882e+07 3.9895e+06
0.437 2.9243e+07 3.9849e+06
0.438 2.2892e+07 3.9803e+06
0.439 2.9572e+07 3.9757e+06
0.44 2.4895e+07 3.9711e+06
0.441 2.4817e+07 3.9665e+06
0.442 3.2052e+07 3.962e+06
0.443 2.3013e+07 3.9574e+06
0.444 2.129e+07 3.9529e+06
0.445 3.4474e+07 3.9484e+06
0.446 2.9232e+07 3.9439e+06
0.447 2.2245e+07 3.9394e+06
0.448 2.7499e+07 3.935e+06
0.449 1.3294e+07 3.9305e+06
0.45 1.593e+07 3.9261e+06
0.451 2.5203e+07 3.9217e+06
0.452 1.6468e+07 3.9173e+06
0.453 1.9554e+07 3.9129e+06
0.454 2.9445e+07 3.9085e+06
0.455 3.1164e+07 3.9042e+06
0.456 1.7859e+07 3.8998e+06
0.457 1.9786e+07 3.8955e+06
0.458 2.2954e+07 3.8912e+06
0.459 1.9257e+07 3.8869e+06
0.46 2.5862e+07 3.8826e+06
0.461 1.7006e+07 3.8784e+06
0.462 2.598e+07 3.8741e+06
0.463 2.4026e+07 3.8699e+06
0.464 1.4435e+07 3.8656e+06
0.465 3.1062e+07 3.8614e+06
0.466 2.6936e+07 3.8572e+06
0.467 1.4026e+07 3.8531e+06
0.468 1.6694e+07 3.8489e+06
0.469 2.8761e+07 3.8447e+06
0.47 2.6259e+07 3.8406e+06
0.471 1.8864e+07 3.8365e+06
0.472 2.9011e+07 3.8324e+06
0.473 2.2994e+07 3.8283e+06
0.474 2.1561e+07 3.8242e+06
0.475 2.0333e+07 3.8201e+06
0.476 2.2977e+07 3.816e+06
0.477 2.1161e+07 3.812e+06
0.478 2.454e+07 3.808e+06
0.479 2.258e+07 3.804e+06
0.48 2.0715e+07 3.7999e+06
0.481 1.883e+07 3.796e+06
0.482 2.0301e+07 3.792e+06
0.483 1.6515e+07 3.788e+06
0.484 2.565e+07 3.7841e+06
0.485 2.2816e+07 3.7801e+06
0.486 2.7947e+07 3.7762e+06
0.487 3.056e+07 3.7723e+06
0.488 2.9614e+07 3.7684e+06
0.489 2.0698e+07 3.7645e+06
0.49 2.4418e+07 3.7606e+06
0.491 2.4461e+07 3.7567e+06
0.492 2.3011e+07 3.7529e+06
0.493 2.4738e+07 3.7491e+06
0.494 2.2916e+07 3.7452e+06
0.495 3.0794e+07 3.7414e+06
0.496 2.2149e+07 3.7376e+06
0.497 1.8129e+07 3.7338e+06
0.498 2.4628e+07 3.73e+06
0.499 1.61e+07 3.7263e+06
0.5 1.8622e+07 3.7225e+06
