0.001 1.1454e+09 2.2908e+07
0.002 1.0228e+09 2.0455e+07
0.003 1.0509e+09 2.1018e+07
0.004 1.0875e+09 2.1749e+07
0.005 1.0468e+09 2.0937e+07
0.006 1.0625e+09 2.1249e+07
0.007 1.0885e+09 2.177e+07
0.008 1.0686e+09 2.1371e+07
0.009 1.0828e+09 2.1655e+07
0.01 1.074e+09 2.1479e+07
0.011 1.0605e+09 2.121e+07
0.012 1.1016e+09 2.2032e+07
0.013 1.1025e+09 2.2051e+07
0.014 1.1062e+09 2.2125e+07
0.015 1.077e+09 2.154e+07
0.016 1.0612e+09 2.1225e+07
0.017 1.0547e+09 2.1093e+07
0.018 1.0616e+09 2.1231e+07
0.019 1.0545e+09 2.1089e+07
0.02 1.0571e+09 2.1143e+07
0.021 1.0547e+09 2.1094e+07
0.022 1.054e+09 2.1079e+07
0.023 1.0521e+09 2.1042e+07
0.024 1.037e+09 2.0741e+07
0.025 1.0516e+09 2.1031e+07
0.026 1.0408e+09 2.0815e+07
0.027 1.0249e+09 2.0498e+07
0.028 1.0382e+09 2.0764e+07
0.029 1.0266e+09 2.0532e+07
0.03 1.0476e+09 2.0953e+07
0.031 1.0102e+09 2.0203e+07
0.032 1.0192e+09 2.0385e+07
0.033 1.0066e+09 2.0131e+07
0.034 9.9693e+08 1.9939e+07
0.035 9.9511e+08 1.9902e+07
0.036 9.8922e+08 1.9784e+07
0.037 9.7923e+08 1.9585e+07
0.038 9.9041e+08 1.9808e+07
0.039 9.7965e+08 1.9593e+07
0.04 9.6181e+08 1.9236e+07
0.041 9.6855e+08 1.9371e+07
0.042 9.5016e+08 1.9003e+07
0.043 9.5563e+08 1.9113e+07
0.044 9.4714e+08 1.8943e+07
0.045 9.447e+08 1.8894e+07
0.046 9.2063e+08 1.8413e+07
0.047 9.3246e+08 1.8649e+07
0.048 9.2561e+08 1.8512e+07
0.049 9.1495e+08 1.8299e+07
0.05 9.1987e+08 1.8397e+07
0.051 8.9878e+08 1.7976e+07
0.052 8.9959e+08 1.7992e+07
0.053 8.89e+08 1.778e+07
0.054 8.7931e+08 1.7586e+07
0.055 8.763e+08 1.7526e+07
0.056 8.5868e+08 1.7174e+07
0.057 8.5634e+08 1.7127e+07
0.058 8.5628e+08 1.7126e+07
0.059 8.363e+08 1.6726e+07
0.06 8.5658e+08 1.7132e+07
0.061 8.2708e+08 1.6542e+07
0.062 8.2499e+08 1.65e+07
0.063 8.1638e+08 1.6328e+07
0.064 8.1814e+08 1.6363e+07
0.065 8.0996e+08 1.6199e+07
0.066 7.9763e+08 1.5953e+07
0.067 7.7299e+08 1.546e+07
0.068 7.9621e+08 1.5924e+07
0.069 7.6445e+08 1.5289e+07
0.07 7.7174e+08 1.5435e+07
0.071 7.4633e+08 1.4927e+07
0.072 7.3512e+08 1.4702e+07
0.073 7.3891e+08 1.4778e+07
0.074 7.2561e+08 1.4512e+07
0.075 7.2507e+08 1.4501e+07
0.076 7.1858e+08 1.4372e+07
0.077 7.0781e+08 1.4156e+07
0.078 7.0022e+08 1.4004e+07
0.079 6.9266e+08 1.3853e+07
0.08 6.9593e+08 1.3919e+07
0.081 6.7843e+08 1.3569e+07
0.082 6.7042e+08 1.3408e+07
0.083 6.6537e+08 1.3307e+07
0.084 6.5013e+08 1.3003e+07
0.085 6.4143e+08 1.2829e+07
0.086 6.3148e+08 1.263e+07
0.087 6.3194e+08 1.2639e+07
0.088 6.2017e+08 1.2403e+07
0.089 6.0139e+08 1.2028e+07
0.09 6.0391e+08 1.2078e+07
0.091 5.9521e+08 1.1904e+07
0.092 5.9688e+08 1.1938e+07
0.093 5.8245e+08 1.1649e+07
0.094 5.8024e+08 1.1605e+07
0.095 5.7407e+08 1.1481e+07
0.096 5.6182e+08 1.1236e+07
0.097 5.5119e+08 1.1024e+07
0.098 5.4367e+08 1.0873e+07
0.099 5.3373e+08 1.0675e+07
0.1 5.2367e+08 1.0473e+07
0.101 5.1891e+08 1.0378e+07
0.102 5.0567e+08 1.0113e+07
0.103 5.0176e+08 1.0035e+07
0.104 4.8804e+08 9.7609e+06
0.105 4.8694e+08 9.7388e+06
0.106 4.8499e+08 9.6998e+06
0.107 4.695e+08 9.3901e+06
0.108 4.6139e+08 9.2278e+06
0.109 4.6337e+08 9.2673e+06
0.11 4.4156e+08 8.8311e+06
0.111 4.4566e+08 8.9132e+06
0.112 4.4148e+08 8.8295e+06
0.113 4.2601e+08 8.5202e+06
0.114 4.2163e+08 8.4327e+06
0.115 4.1647e+08 8.3294e+06
0.116 4.1278e+08 8.2555e+06
0.117 3.977e+08 7.9541e+06
0.118 3.9753e+08 7.9506e+06
0.119 3.8998e+08 7.7995e+06
0.12 3.8575e+08 7.7151e+06
0.121 3.7384e+08 7.4768e+06
0.122 3.6927e+08 7.3855e+06
0.123 3.6321e+08 7.2641e+06
0.124 3.538e+08 7.0761e+06
0.125 3.529e+08 7.0579e+06
0.126 3.4216e+08 6.8432e+06
0.127 3.4188e+08 6.8375e+06
0.128 3.3316e+08 6.6631e+06
0.129 3.2507e+08 6.5014e+06
0.13 3.155e+08 6.31e+06
0.131 3.1876e+08 6.3751e+06
0.132 3.1863e+08 6.3727e+06
0.133 2.9879e+08 5.9758e+06
0.134 2.9858e+08 5.9716e+06
0.135 2.8738e+08 5.7476e+06
0.136 2.8041e+08 5.6083e+06
0.137 2.8352e+08 5.6705e+06
0.138 2.7691e+08 5.5382e+06
0.139 2.6508e+08 5.3015e+06
0.14 2.6327e+08 5.2653e+06
0.141 2.5495e+08 5.0989e+06
0.142 2.55e+08 5.0999e+06
0.143 2.5284e+08 5.0567e+06
0.144 2.4207e+08 4.8414e+06
0.145 2.3861e+08 4.7721e+06
0.146 2.38e+08 4.76e+06
0.147 2.2452e+08 4.4905e+06
0.148 2.1961e+08 4.3923e+06
0.149 2.2368e+08 4.4737e+06
0.15 2.2252e+08 4.4505e+06
0.151 2.1349e+08 4.2698e+06
0.152 1.9986e+08 3.9971e+06
0.153 2.0489e+08 4.0978e+06
0.154 1.9337e+08 3.8674e+06
0.155 1.9705e+08 3.9409e+06
0.156 1.879e+08 3.7581e+06
0.157 1.7901e+08 3.5802e+06
0.158 1.7722e+08 3.5444e+06
0.159 1.8017e+08 3.6034e+06
0.16 1.7338e+08 3.4677e+06
0.161 1.741e+08 3.482e+06
0.162 1.721e+08 3.4419e+06
0.163 1.6711e+08 3.3422e+06
0.164 1.5687e+08 3.1373e+06
0.165 1.5914e+08 3.1827e+06
0.166 1.5638e+08 3.1275e+06
0.167 1.4579e+08 2.9159e+06
0.168 1.4204e+08 2.8408e+06
0.169 1.4697e+08 2.9395e+06
0.17 1.4505e+08 2.9009e+06
0.171 1.3575e+08 2.7149e+06
0.172 1.3163e+08 2.6326e+06
0.173 1.3233e+08 2.6465e+06
0.174 1.2706e+08 2.5412e+06
0.175 1.2785e+08 2.5569e+06
0.176 1.2597e+08 2.5194e+06
0.177 1.2119e+08 2.4238e+06
0.178 1.1755e+08 2.3511e+06
0.179 1.1469e+08 2.2938e+06
0.18 1.0872e+08 2.1745e+06
0.181 1.1048e+08 2.2097e+06
0.182 1.0207e+08 2.0415e+06
0.183 1.0413e+08 2.0826e+06
0.184 9.8036e+07 1.9607e+06
0.185 1.0024e+08 2.0048e+06
0.186 9.6315e+07 1.9263e+06
0.187 9.6147e+07 1.9229e+06
0.188 9.9851e+07 1.997e+06
0.189 8.7634e+07 1.7527e+06
0.19 9.0845e+07 1.8169e+06
0.191 8.5763e+07 1.7153e+06
0.192 7.8511e+07 1.5702e+06
0.193 8.636e+07 1.7272e+06
0.194 8.068e+07 1.6136e+06
0.195 7.961e+07 1.5922e+06
0.196 7.8197e+07 1.5639e+06
0.197 7.4696e+07 1.4939e+06
0.198 7.7028e+07 1.5406e+06
0.199 6.8099e+07 1.362e+06
0.2 6.8548e+07 1.371e+06
0.201 7.3706e+07 1.4741e+06
0.202 7.25e+07 1.45e+06
0.203 6.2681e+07 1.2536e+06
0.204 6.3483e+07 1.2697e+06
0.205 6.463e+07 1.2926e+06
0.206 6.1757e+07 1.2351e+06
0.207 5.7959e+07 1.1592e+06
0.208 5.52e+07 1.104e+06
0.209 5.4857e+07 1.0971e+06
0.21 5.9464e+07 1.1893e+06
0.211 5.1821e+07 1.0364e+06
0.212 6.0566e+07 1.2113e+06
0.213 5.6032e+07 1.1206e+06
0.214 5.0227e+07 1.0045e+06
0.215 5.3819e+07 1.0764e+06
0.216 4.9218e+07 9.8437e+05
0.217 4.7832e+07 9.5664e+05
0.218 4.5349e+07 9.0698e+05
0.219 5.0624e+07 1.0125e+06
0.22 4.8008e+07 9.6016e+05
0.221 4.1257e+07 8.2515e+05
0.222 4.8032e+07 9.6063e+05
0.223 4.4093e+07 8.8186e+05
0.224 4.295e+07 8.5901e+05
0.225 3.4086e+07 6.8173e+05
0.226 3.8429e+07 7.6858e+05
0.227 3.9279e+07 7.8558e+05
0.228 3.3843e+07 6.7686e+05
0.229 3.4963e+07 6.9925e+05
0.23 3.3953e+07 6.7905e+05
0.231 4.0396e+07 8.0792e+05
0.232 3.241e+07 6.4819e+05
0.233 3.4027e+07 6.8054e+05
0.234 3.1253e+07 6.2506e+05
0.235 3.2779e+07 6.5558e+05
0.236 2.8273e+07 5.6545e+05
0.237 3.6428e+07 7.2856e+05
0.238 3.1085e+07 6.2171e+05
0.239 3.3633e+07 6.7266e+05
0.24 2.7634e+07 5.5268e+05
0.241 2.4001e+07 4.8003e+05
0.242 3.5421e+07 7.0842e+05
0.243 3.0937e+07 6.1874e+05
0.244 2.7178e+07 5.4355e+05
0.245 3.0503e+07 6.1007e+05
0.246 2.1218e+07 4.2436e+05
0.247 2.5865e+07 5.1729e+05
0.248 2.4739e+07 4.9479e+05
0.249 2.3629e+07 4.7259e+05
0.25 2.7926e+07 5.5853e+05
0.251 2.489e+07 4.9779e+05
0.252 2.5581e+07 5.1162e+05
0.253 1.9462e+07 3.8925e+05
0.254 2.434e+07 4.8681e+05
0.255 1.9944e+07 3.9888e+05
0.256 1.6773e+07 3.3547e+05
0.257 1.8939e+07 3.7877e+05
0.258 1.4311e+07 2.8621e+05
0.259 2.442e+07 4.8841e+05
0.26 2.0505e+07 4.101e+05
0.261 2.2205e+07 4.4409e+05
0.262 1.4482e+07 2.8964e+05
0.263 1.8708e+07 3.7416e+05
0.264 1.719e+07 3.438e+05
0.265 2.0174e+07 4.0347e+05
0.266 1.8668e+07 3.7336e+05
0.267 1.9633e+07 3.9266e+05
0.268 1.5519e+07 3.1037e+05
0.269 1.2953e+07 2.5905e+05
0.27 1.6612e+07 3.3225e+05
0.271 1.8632e+07 3.7263e+05
0.272 1.6029e+07 3.2058e+05
0.273 1.8628e+07 3.7257e+05
0.274 1.6889e+07 3.3779e+05
0.275 1.5794e+07 3.1589e+05
0.276 2.0245e+07 4.0491e+05
0.277 1.7991e+07 3.5983e+05
0.278 1.9302e+07 3.8605e+05
0.279 1.1134e+07 2.2268e+05
0.28 1.5613e+07 3.1225e+05
0.281 1.4778e+07 2.9555e+05
0.282 1.07e+07 2.1401e+05
0.283 1.5634e+07 3.1269e+05
0.284 1.2203e+07 2.4405e+05
0.285 1.64e+07 3.2801e+05
0.286 1.1152e+07 2.2304e+05
0.287 2.0021e+07 4.0041e+05
0.288 1.6511e+07 3.3023e+05
0.289 1.4328e+07 2.8656e+05
0.29 1.4235e+07 2.847e+05
0.291 1.2973e+07 2.5947e+05
0.292 1.5077e+07 3.0154e+05
0.293 8.6463e+06 1.7293e+05
0.294 1.2727e+07 2.5455e+05
0.295 1.6609e+07 3.3218e+05
0.296 1.3512e+07 2.7024e+05
0.297 8.4913e+06 1.6983e+05
0.298 1.1587e+07 2.3174e+05
0.299 9.3515e+06 1.8703e+05
0.3 9.709e+06 1.9418e+05
0.301 1.1216e+07 2.2431e+05
0.302 9.8108e+06 1.9622e+05
0.303 1.4759e+07 2.9518e+05
0.304 1.3357e+07 2.6715e+05
0.305 1.4798e+07 2.9597e+05
0.306 1.1695e+07 2.339e+05
0.307 1.1505e+07 2.301e+05
0.308 1.5717e+07 3.1434e+05
0.309 1.0208e+07 2.0416e+05
0.31 1.2074e+07 2.4149e+05
0.311 5.6152e+06 1.123e+05
0.312 1.0349e+07 2.0698e+05
0.313 1.3375e+07 2.6751e+05
0.314 1.3637e+07 2.7274e+05
0.315 9.0122e+06 1.8024e+05
0.316 1.0394e+07 2.0787e+05
0.317 7.6549e+06 1.531e+05
0.318 1.0146e+07 2.0292e+05
0.319 1.2997e+07 2.5995e+05
0.32 1.3615e+07 2.723e+05
0.321 1.2176e+07 2.4352e+05
0.322 9.9495e+06 1.9899e+05
0.323 1.4409e+07 2.8817e+05
0.324 1.0495e+07 2.0991e+05
0.325 7.1108e+06 1.4222e+05
0.326 1.1029e+07 2.2057e+05
0.327 1.4529e+07 2.9057e+05
0.328 1.0123e+07 2.0245e+05
0.329 1.3457e+07 2.6914e+05
0.33 1.7311e+07 3.4622e+05
0.331 1.4758e+07 2.9516e+05
0.332 1.7712e+07 3.5423e+05
0.333 9.7506e+06 1.9501e+05
0.334 1.1662e+07 2.3323e+05
0.335 1.0502e+07 2.1004e+05
0.336 1.2477e+07 2.4954e+05
0.337 9.2073e+06 1.8415e+05
0.338 1.2352e+07 2.4705e+05
0.339 1.4319e+07 2.8638e+05
0.34 1.6197e+07 3.2393e+05
0.341 1.3141e+07 2.6282e+05
0.342 1.1459e+07 2.2918e+05
0.343 1.408e+07 2.816e+05
0.344 1.3713e+07 2.7426e+05
0.345 1.025e+07 2.0501e+05
0.346 1.1819e+07 2.3638e+05
0.347 1.2008e+07 2.4017e+05
0.348 1.375e+07 2.7501e+05
0.349 8.7791e+06 1.7558e+05
0.35 1.3951e+07 2.7903e+05
0.351 1.492e+07 2.984e+05
0.352 1.7931e+07 3.5861e+05
0.353 1.8999e+07 3.7998e+05
0.354 1.5325e+07 3.065e+05
0.355 1.4415e+07 2.883e+05
0.356 1.5014e+07 3.0028e+05
0.357 1.5192e+07 3.0384e+05
0.358 1.3598e+07 2.7196e+05
0.359 1.5106e+07 3.0213e+05
0.36 1.6154e+07 3.2308e+05
0.361 2.0753e+07 4.1506e+05
0.362 1.5338e+07 3.0676e+05
0.363 1.5051e+07 3.0103e+05
0.364 1.4047e+07 2.8094e+05
0.365 1.5951e+07 3.1902e+05
0.366 1.5103e+07 3.0205e+05
0.367 1.3547e+07 2.7095e+05
0.368 1.3772e+07 2.7543e+05
0.369 1.5286e+07 3.0572e+05
0.37 1.4445e+07 2.8891e+05
0.371 1.7397e+07 3.4795e+05
0.372 1.7975e+07 3.5951e+05
0.373 1.7608e+07 3.5216e+05
0.374 1.7644e+07 3.5289e+05
0.375 1.6231e+07 3.2462e+05
0.376 1.4672e+07 2.9343e+05
0.377 1.5777e+07 3.1554e+05
0.378 1.4352e+07 2.8705e+05
0.379 1.6371e+07 3.2742e+05
0.38 1.4776e+07 2.9552e+05
0.381 1.1792e+07 2.3584e+05
0.382 1.5972e+07 3.1944e+05
0.383 1.5744e+07 3.1487e+05
0.384 2.1526e+07 4.3052e+05
0.385 1.731e+07 3.4621e+05
0.386 1.5547e+07 3.1093e+05
0.387 2.155e+07 4.3099e+05
0.388 2.3034e+07 4.6069e+05
0.389 1.5923e+07 3.1846e+05
0.39 1.559e+07 3.1179e+05
0.391 1.3882e+07 2.7764e+05
0.392 1.6826e+07 3.3651e+05
0.393 1.3344e+07 2.6689e+05
0.394 1.5242e+07 3.0485e+05
0.395 1.9436e+07 3.8872e+05
0.396 1.8278e+07 3.6556e+05
0.397 1.9478e+07 3.8956e+05
0.398 1.6902e+07 3.3803e+05
0.399 1.8453e+07 3.6906e+05
0.4 1.9065e+07 3.813e+05
0.401 2.0126e+07 4.0251e+05
0.402 1.8798e+07 3.7595e+05
0.403 1.5508e+07 3.1015e+05
0.404 1.8713e+07 3.7426e+05
0.405 1.4102e+07 2.8204e+05
0.406 1.6565e+07 3.313e+05
0.407 1.9396e+07 3.8792e+05
0.408 2.0461e+07 4.0922e+05
0.409 2.2921e+07 4.5842e+05
0.41 1.845e+07 3.69e+05
0.411 2.0617e+07 4.1235e+05
0.412 1.1885e+07 2.377e+05
0.413 1.8347e+07 3.6694e+05
0.414 2.2889e+07 4.5779e+05
0.415 1.9943e+07 3.9886e+05
0.416 2.0529e+07 4.1058e+05
0.417 2.1173e+07 4.2346e+05
0.418 1.9876e+07 3.9752e+05
0.419 1.7638e+07 3.5277e+05
0.42 2.1306e+07 4.2613e+05
0.421 1.9959e+07 3.9917e+05
0.422 1.9737e+07 3.9474e+05
0.423 1.9295e+07 3.859e+05
0.424 1.8442e+07 3.6884e+05
0.425 1.9997e+07 3.9994e+05
0.426 1.7505e+07 3.501e+05
0.427 1.8159e+07 3.6318e+05
0.428 1.7738e+07 3.5476e+05
0.429 2.0546e+07 4.1092e+05
0.43 1.6335e+07 3.2671e+05
0.431 1.8095e+07 3.619e+05
0.432 2.1479e+07 4.2958e+05
0.433 1.7731e+07 3.5463e+05
0.434 1.7518e+07 3.5035e+05
0.435 1.8222e+07 3.6444e+05
0.436 1.4164e+07 2.8329e+05
0.437 1.8606e+07 3.7213e+05
0.438 1.8754e+07 3.7507e+05
0.439 1.8016e+07 3.6033e+05
0.44 1.8785e+07 3.757e+05
0.441 1.8444e+07 3.6887e+05
0.442 1.832e+07 3.6641e+05
0.443 2.09e+07 4.18e+05
0.444 2.1067e+07 4.2133e+05
0.445 2.0742e+07 4.1485e+05
0.446 1.9876e+07 3.9753e+05
0.447 2.0431e+07 4.0862e+05
0.448 1.9177e+07 3.8355e+05
0.449 1.6583e+07 3.3167e+05
0.45 1.7094e+07 3.4187e+05
0.451 1.7381e+07 3.4762e+05
0.452 1.6619e+07 3.3237e+05
0.453 1.629e+07 3.258e+05
0.454 2.0387e+07 4.0773e+05
0.455 2.0157e+07 4.0313e+05
0.456 1.9306e+07 3.8612e+05
0.457 1.834e+07 3.6681e+05
0.458 1.7581e+07 3.5163e+05
0.459 1.5667e+07 3.1334e+05
0.46 1.7843e+07 3.5686e+05
0.461 1.6693e+07 3.3386e+05
0.462 1.7321e+07 3.4643e+05
0.463 1.796e+07 3.5919e+05
0.464 1.9509e+07 3.9018e+05
0.465 1.78e+07 3.56e+05
0.466 1.7437e+07 3.4874e+05
0.467 1.5371e+07 3.0742e+05
0.468 1.9954e+07 3.9908e+05
0.469 1.8575e+07 3.715e+05
0.47 1.9344e+07 3.8688e+05
0.471 2.1446e+07 4.2893e+05
0.472 1.1858e+07 2.3716e+05
0.473 1.4034e+07 2.8068e+05
0.474 1.5956e+07 3.1911e+05
0.475 1.7873e+07 3.5747e+05
0.476 1.6823e+07 3.3645e+05
0.477 1.683e+07 3.366e+05
0.478 1.5926e+07 3.1852e+05
0.479 1.857e+07 3.7141e+05
0.48 1.8065e+07 3.613e+05
0.481 1.9256e+07 3.8512e+05
0.482 2.1526e+07 4.3053e+05
0.483 1.8045e+07 3.6089e+05
0.484 1.8597e+07 3.7194e+05
0.485 1.7474e+07 3.4948e+05
0.486 1.6118e+07 3.2235e+05
0.487 1.8334e+07 3.6668e+05
0.488 1.5634e+07 3.1269e+05
0.489 2.1304e+07 4.2608e+05
0.49 1.9815e+07 3.963e+05
0.491 1.8348e+07 3.6696e+05
0.492 1.7457e+07 3.4914e+05
0.493 1.6211e+07 3.2421e+05
0.494 2.0967e+07 4.1934e+05
0.495 1.7686e+07 3.5372e+05
0.496 1.6639e+07 3.3278e+05
0.497 1.7094e+07 3.4187e+05
0.498 1.4546e+07 2.9092e+05
0.499 1.7702e+07 3.5404e+05
0.5 1.941e+07 3.8819e+05
