0.001 1.5117e+09 3.0235e+07
0.002 1.4921e+09 2.9842e+07
0.003 1.5092e+09 3.0184e+07
0.004 1.6327e+09 3.2654e+07
0.005 1.5844e+09 3.1687e+07
0.006 1.4913e+09 2.9826e+07
0.007 1.5389e+09 3.0778e+07
0.008 1.4794e+09 2.9588e+07
0.009 1.5422e+09 3.0844e+07
0.01 1.4375e+09 2.875e+07
0.011 1.4784e+09 2.9567e+07
0.012 1.5199e+09 3.0397e+07
0.013 1.548e+09 3.096e+07
0.014 1.5003e+09 3.0005e+07
0.015 1.5184e+09 3.0367e+07
0.016 1.4936e+09 2.9872e+07
0.017 1.4598e+09 2.9197e+07
0.018 1.4973e+09 2.9946e+07
0.019 1.5135e+09 3.0269e+07
0.02 1.4688e+09 2.9375e+07
0.021 1.4822e+09 2.9644e+07
0.022 1.4854e+09 2.9707e+07
0.023 1.4799e+09 2.9598e+07
0.024 1.4757e+09 2.9514e+07
0.025 1.4309e+09 2.8617e+07
0.026 1.4648e+09 2.9295e+07
0.027 1.4633e+09 2.9266e+07
0.028 1.4472e+09 2.8944e+07
0.029 1.4623e+09 2.9245e+07
0.03 1.4482e+09 2.8963e+07
0.031 1.4225e+09 2.8451e+07
0.032 1.436e+09 2.872e+07
0.033 1.4101e+09 2.8202e+07
0.034 1.4226e+09 2.8452e+07
0.035 1.4111e+09 2.8222e+07
0.036 1.4155e+09 2.831e+07
0.037 1.3788e+09 2.7577e+07
0.038 1.3788e+09 2.7576e+07
0.039 1.3801e+09 2.7602e+07
0.04 1.367e+09 2.734e+07
0.041 1.3475e+09 2.6949e+07
0.042 1.3461e+09 2.6923e+07
0.043 1.3538e+09 2.7076e+07
0.044 1.3374e+09 2.6748e+07
0.045 1.3446e+09 2.6892e+07
0.046 1.3205e+09 2.641e+07
0.047 1.3311e+09 2.6621e+07
0.048 1.2998e+09 2.5997e+07
0.049 1.2911e+09 2.5822e+07
0.05 1.274e+09 2.548e+07
0.051 1.2816e+09 2.5631e+07
0.052 1.253e+09 2.5059e+07
0.053 1.2787e+09 2.5574e+07
0.054 1.2346e+09 2.4692e+07
0.055 1.2277e+09 2.4554e+07
0.056 1.2281e+09 2.4562e+07
0.057 1.2299e+09 2.4597e+07
0.058 1.21e+09 2.42e+07
0.059 1.1831e+09 2.3663e+07
0.06 1.1847e+09 2.3695e+07
0.061 1.187e+09 2.374e+07
0.062 1.1765e+09 2.3529e+07
0.063 1.1663e+09 2.3325e+07
0.064 1.1499e+09 2.2998e+07
0.065 1.1355e+09 2.271e+07
0.066 1.1228e+09 2.2456e+07
0.067 1.1309e+09 2.2617e+07
0.068 1.0962e+09 2.1924e+07
0.069 1.0918e+09 2.1835e+07
0.07 1.0665e+09 2.1329e+07
0.071 1.0473e+09 2.0947e+07
0.072 1.0471e+09 2.0942e+07
0.073 1.0553e+09 2.1106e+07
0.074 1.0295e+09 2.0589e+07
0.075 1.0073e+09 2.0146e+07
0.076 1.0031e+09 2.0061e+07
0.077 9.8842e+08 1.9768e+07
0.078 9.8352e+08 1.967e+07
0.079 9.8624e+08 1.9725e+07
0.08 9.6494e+08 1.9299e+07
0.081 9.6346e+08 1.9269e+07
0.082 9.4739e+08 1.8948e+07
0.083 9.1738e+08 1.8348e+07
0.084 9.203e+08 1.8406e+07
0.085 9.1936e+08 1.8387e+07
0.086 9.0842e+08 1.8168e+07
0.087 8.9542e+08 1.7908e+07
0.088 8.8235e+08 1.7647e+07
0.089 8.5747e+08 1.7149e+07
0.09 8.4048e+08 1.681e+07
0.091 8.5355e+08 1.7071e+07
0.092 8.3873e+08 1.6775e+07
0.093 8.0929e+08 1.6186e+07
0.094 8.2209e+08 1.6442e+07
0.095 8.0218e+08 1.6044e+07
0.096 7.7897e+08 1.5579e+07
0.097 7.6599e+08 1.532e+07
0.098 7.5922e+08 1.5184e+07
0.099 7.5361e+08 1.5072e+07
0.1 7.6127e+08 1.5225e+07
0.101 7.4291e+08 1.4858e+07
0.102 7.2738e+08 1.4548e+07
0.103 7.1936e+08 1.4387e+07
0.104 6.9726e+08 1.3945e+07
0.105 6.8512e+08 1.3702e+07
0.106 6.8268e+08 1.3654e+07
0.107 6.6065e+08 1.3213e+07
0.108 6.6842e+08 1.3368e+07
0.109 6.611e+08 1.3222e+07
0.11 6.3675e+08 1.2735e+07
0.111 6.367e+08 1.2734e+07
0.112 6.2221e+08 1.2444e+07
0.113 6.1699e+08 1.234e+07
0.114 6.1351e+08 1.227e+07
0.115 5.8638e+08 1.1728e+07
0.116 5.7229e+08 1.1446e+07
0.117 5.7785e+08 1.1557e+07
0.118 5.8407e+08 1.1681e+07
0.119 5.4281e+08 1.0856e+07
0.12 5.4719e+08 1.0944e+07
0.121 5.3465e+08 1.0693e+07
0.122 5.2885e+08 1.0577e+07
0.123 5.2814e+08 1.0563e+07
0.124 5.0093e+08 1.0019e+07
0.125 5.1125e+08 1.0225e+07
0.126 4.7247e+08 9.4495e+06
0.127 4.8681e+08 9.7362e+06
0.128 4.7275e+08 9.455e+06
0.129 4.6577e+08 9.3155e+06
0.13 4.6392e+08 9.2784e+06
0.131 4.5616e+08 9.1231e+06
0.132 4.485e+08 8.97e+06
0.133 4.2477e+08 8.4954e+06
0.134 4.2436e+08 8.4871e+06
0.135 4.2424e+08 8.4849e+06
0.136 4.0222e+08 8.0443e+06
0.137 4.0846e+08 8.1693e+06
0.138 4.0052e+08 8.0103e+06
0.139 3.7568e+08 7.5136e+06
0.14 3.901e+08 7.802e+06
0.141 3.6815e+08 7.3629e+06
0.142 3.6368e+08 7.2737e+06
0.143 3.6506e+08 7.3011e+06
0.144 3.5992e+08 7.1983e+06
0.145 3.421e+08 6.842e+06
0.146 3.3593e+08 6.7186e+06
0.147 3.4303e+08 6.8606e+06
0.148 3.2413e+08 6.4826e+06
0.149 3.2151e+08 6.4302e+06
0.15 3.1499e+08 6.2997e+06
0.151 3.0431e+08 6.0861e+06
0.152 3.0792e+08 6.1583e+06
0.153 2.9955e+08 5.9909e+06
0.154 2.8532e+08 5.7064e+06
0.155 2.8848e+08 5.7696e+06
0.156 2.7685e+08 5.5371e+06
0.157 2.713e+08 5.426e+06
0.158 2.6514e+08 5.3028e+06
0.159 2.6562e+08 5.3124e+06
0.16 2.5055e+08 5.0111e+06
0.161 2.5939e+08 5.1878e+06
0.162 2.4745e+08 4.9489e+06
0.163 2.3537e+08 4.7073e+06
0.164 2.3387e+08 4.6773e+06
0.165 2.2551e+08 4.5102e+06
0.166 2.2505e+08 4.501e+06
0.167 2.2109e+08 4.4218e+06
0.168 2.1424e+08 4.2848e+06
0.169 2.0864e+08 4.1727e+06
0.17 1.995e+08 3.9899e+06
0.171 1.9823e+08 3.9646e+06
0.172 2.0459e+08 4.0918e+06
0.173 1.9894e+08 3.9789e+06
0.174 1.8767e+08 3.7534e+06
0.175 1.9212e+08 3.8424e+06
0.176 1.8157e+08 3.6315e+06
0.177 1.8655e+08 3.731e+06
0.178 1.7498e+08 3.4997e+06
0.179 1.7799e+08 3.5597e+06
0.18 1.5493e+08 3.0985e+06
0.181 1.6874e+08 3.3748e+06
0.182 1.6553e+08 3.3107e+06
0.183 1.6089e+08 3.2178e+06
0.184 1.5157e+08 3.0314e+06
0.185 1.4959e+08 2.9919e+06
0.186 1.5238e+08 3.0476e+06
0.187 1.5106e+08 3.0211e+06
0.188 1.4545e+08 2.9091e+06
0.189 1.4784e+08 2.9568e+06
0.19 1.3757e+08 2.7513e+06
0.191 1.2528e+08 2.5056e+06
0.192 1.3998e+08 2.7995e+06
0.193 1.3213e+08 2.6426e+06
0.194 1.353e+08 2.7061e+06
0.195 1.2437e+08 2.4873e+06
0.196 1.2055e+08 2.411e+06
0.197 1.211e+08 2.422e+06
0.198 1.2193e+08 2.4387e+06
0.199 1.0973e+08 2.1947e+06
0.2 1.0731e+08 2.1462e+06
0.201 1.1497e+08 2.2994e+06
0.202 1.1589e+08 2.3178e+06
0.203 1.0738e+08 2.1476e+06
0.204 1.0831e+08 2.1662e+06
0.205 1.0939e+08 2.1878e+06
0.206 9.7704e+07 1.9541e+06
0.207 9.5018e+07 1.9004e+06
0.208 9.9064e+07 1.9813e+06
0.209 9.24e+07 1.848e+06
0.21 9.5579e+07 1.9116e+06
0.211 9.0267e+07 1.8053e+06
0.212 8.6332e+07 1.7266e+06
0.213 9.034e+07 1.8068e+06
0.214 8.433e+07 1.6866e+06
0.215 8.8769e+07 1.7754e+06
0.216 8.008e+07 1.6016e+06
0.217 8.3339e+07 1.6668e+06
0.218 7.6362e+07 1.5272e+06
0.219 7.711e+07 1.5422e+06
0.22 7.8289e+07 1.5658e+06
0.221 7.3261e+07 1.4652e+06
0.222 6.5788e+07 1.3158e+06
0.223 6.9249e+07 1.385e+06
0.224 7.7568e+07 1.5514e+06
0.225 7.7413e+07 1.5483e+06
0.226 6.5361e+07 1.3072e+06
0.227 6.9917e+07 1.3983e+06
0.228 7.237e+07 1.4474e+06
0.229 5.9679e+07 1.1936e+06
0.23 5.7664e+07 1.1533e+06
0.231 6.3409e+07 1.2682e+06
0.232 6.4249e+07 1.285e+06
0.233 6.1965e+07 1.2393e+06
0.234 5.8605e+07 1.1721e+06
0.235 5.744e+07 1.1488e+06
0.236 5.2038e+07 1.0408e+06
0.237 5.5952e+07 1.119e+06
0.238 5.238e+07 1.0476e+06
0.239 5.4528e+07 1.0906e+06
0.24 4.9244e+07 9.8488e+05
0.241 5.2028e+07 1.0406e+06
0.242 4.9959e+07 9.9919e+05
0.243 4.7074e+07 9.4148e+05
0.244 4.9518e+07 9.9036e+05
0.245 4.7646e+07 9.5293e+05
0.246 4.5678e+07 9.1356e+05
0.247 4.3462e+07 8.6924e+05
0.248 5.0229e+07 1.0046e+06
0.249 5.3046e+07 1.0609e+06
0.25 4.0242e+07 8.0484e+05
0.251 3.7976e+07 7.5951e+05
0.252 3.1793e+07 6.3585e+05
0.253 4.6255e+07 9.2511e+05
0.254 3.9081e+07 7.8161e+05
0.255 4.1563e+07 8.3127e+05
0.256 4.7556e+07 9.5113e+05
0.257 3.4848e+07 6.9697e+05
0.258 4.2044e+07 8.4088e+05
0.259 4.218e+07 8.4359e+05
0.26 4.1895e+07 8.379e+05
0.261 3.1768e+07 6.3536e+05
0.262 3.3453e+07 6.6907e+05
0.263 3.8221e+07 7.6441e+05
0.264 3.5153e+07 7.0306e+05
0.265 3.8919e+07 7.7837e+05
0.266 3.3733e+07 6.7466e+05
0.267 3.3879e+07 6.7758e+05
0.268 3.0376e+07 6.0751e+05
0.269 3.259e+07 6.518e+05
0.27 3.8322e+07 7.6644e+05
0.271 2.9909e+07 5.9819e+05
0.272 3.0597e+07 6.1194e+05
0.273 2.5423e+07 5.0845e+05
0.274 3.0485e+07 6.097e+05
0.275 3.3329e+07 6.6658e+05
0.276 3.1216e+07 6.2432e+05
0.277 1.961e+07 3.922e+05
0.278 3.2705e+07 6.5409e+05
0.279 2.8166e+07 5.6333e+05
0.28 3.3727e+07 6.7454e+05
0.281 3.1389e+07 6.2778e+05
0.282 2.9919e+07 5.9838e+05
0.283 1.9347e+07 3.8693e+05
0.284 2.9408e+07 5.8817e+05
0.285 3.0517e+07 6.1034e+05
0.286 2.4442e+07 4.8883e+05
0.287 3.1426e+07 6.2851e+05
0.288 2.9875e+07 5.975e+05
0.289 2.7931e+07 5.5863e+05
0.29 2.3255e+07 4.6509e+05
0.291 2.4542e+07 4.9083e+05
0.292 1.907e+07 3.8141e+05
0.293 2.4076e+07 4.8153e+05
0.294 2.3744e+07 4.7487e+05
0.295 2.2609e+07 4.5218e+05
0.296 2.3454e+07 4.6909e+05
0.297 3.3133e+07 6.6266e+05
0.298 2.0842e+07 4.1684e+05
0.299 1.9483e+07 3.8965e+05
0.3 2.2574e+07 4.5147e+05
0.301 2.7302e+07 5.4605e+05
0.302 2.0503e+07 4.1007e+05
0.303 2.7961e+07 5.5922e+05
0.304 2.1476e+07 4.2953e+05
0.305 2.0391e+07 4.0783e+05
0.306 2.3177e+07 4.6354e+05
0.307 2.3845e+07 4.769e+05
0.308 1.8341e+07 3.6682e+05
0.309 2.1831e+07 4.3662e+05
0.31 1.785e+07 3.5701e+05
0.311 2.5355e+07 5.0711e+05
0.312 1.8102e+07 3.6204e+05
0.313 1.3761e+07 2.7521e+05
0.314 2.0868e+07 4.1736e+05
0.315 2.0216e+07 4.0432e+05
0.316 2.5246e+07 5.0492e+05
0.317 1.9958e+07 3.9915e+05
0.318 2.0819e+07 4.1638e+05
0.319 1.9742e+07 3.9485e+05
0.32 1.7919e+07 3.5838e+05
0.321 2.3403e+07 4.6806e+05
0.322 1.5819e+07 3.1639e+05
0.323 2.14e+07 4.2799e+05
0.324 1.9808e+07 3.9615e+05
0.325 1.7214e+07 3.4427e+05
0.326 1.9202e+07 3.8404e+05
0.327 2.6769e+07 5.3539e+05
0.328 1.7432e+07 3.4863e+05
0.329 1.962e+07 3.924e+05
0.33 1.4242e+07 2.8484e+05
0.331 1.9e+07 3.8001e+05
0.332 2.7421e+07 5.4842e+05
0.333 2.8402e+07 5.6805e+05
0.334 1.8653e+07 3.7306e+05
0.335 2.3882e+07 4.7764e+05
0.336 1.8493e+07 3.6987e+05
0.337 2.2035e+07 4.4071e+05
0.338 1.7876e+07 3.5752e+05
0.339 2.2269e+07 4.4539e+05
0.34 2.1999e+07 4.3998e+05
0.341 2.2465e+07 4.4931e+05
0.342 1.7976e+07 3.5951e+05
0.343 2.1057e+07 4.2114e+05
0.344 2.223e+07 4.446e+05
0.345 1.7602e+07 3.5205e+05
0.346 1.757e+07 3.514e+05
0.347 2.4319e+07 4.8637e+05
0.348 2.0334e+07 4.0669e+05
0.349 2.042e+07 4.084e+05
0.35 2.0688e+07 4.1376e+05
0.351 2.227e+07 4.454e+05
0.352 2.2804e+07 4.5608e+05
0.353 2.8192e+07 5.6384e+05
0.354 1.9443e+07 3.8887e+05
0.355 1.9676e+07 3.9352e+05
0.356 1.9464e+07 3.8927e+05
0.357 2.5298e+07 5.0596e+05
0.358 1.9081e+07 3.8161e+05
0.359 2.5734e+07 5.1469e+05
0.36 1.8316e+07 3.6632e+05
0.361 2.41e+07 4.8201e+05
0.362 2.5996e+07 5.1992e+05
0.363 2.2689e+07 4.5377e+05
0.364 3.4553e+07 6.9106e+05
0.365 2.478e+07 4.9561e+05
0.366 1.7937e+07 3.5874e+05
0.367 2.6643e+07 5.3286e+05
0.368 1.9676e+07 3.9352e+05
0.369 2.3232e+07 4.6464e+05
0.37 2.4512e+07 4.9024e+05
0.371 2.6222e+07 5.2444e+05
0.372 2.3272e+07 4.6543e+05
0.373 2.1192e+07 4.2385e+05
0.374 1.7493e+07 3.4986e+05
0.375 2.5152e+07 5.0304e+05
0.376 2.3155e+07 4.631e+05
0.377 2.2202e+07 4.4403e+05
0.378 1.5531e+07 3.1062e+05
0.379 2.667e+07 5.3339e+05
0.38 2.443e+07 4.886e+05
0.381 1.9676e+07 3.9351e+05
0.382 2.5618e+07 5.1237e+05
0.383 3.0915e+07 6.183e+05
0.384 2.2594e+07 4.5187e+05
0.385 2.3929e+07 4.7859e+05
0.386 1.6773e+07 3.3547e+05
0.387 2.9328e+07 5.8655e+05
0.388 2.9848e+07 5.9697e+05
0.389 2.7599e+07 5.5198e+05
0.39 2.4178e+07 4.8357e+05
0.391 2.3618e+07 4.7236e+05
0.392 1.7388e+07 3.4777e+05
0.393 2.8371e+07 5.6742e+05
0.394 2.3557e+07 4.7114e+05
0.395 2.6594e+07 5.3189e+05
0.396 2.5018e+07 5.0037e+05
0.397 2.5902e+07 5.1804e+05
0.398 2.1787e+07 4.3575e+05
0.399 2.8496e+07 5.6991e+05
0.4 1.9884e+07 3.9767e+05
0.401 2.9581e+07 5.9161e+05
0.402 2.5797e+07 5.1594e+05
0.403 2.9342e+07 5.8685e+05
0.404 2.744e+07 5.488e+05
0.405 2.5966e+07 5.1933e+05
0.406 2.7789e+07 5.5577e+05
0.407 2.0808e+07 4.1617e+05
0.408 2.7322e+07 5.4644e+05
0.409 2.3994e+07 4.7989e+05
0.41 2.7933e+07 5.5866e+05
0.411 2.7606e+07 5.5212e+05
0.412 2.7427e+07 5.4854e+05
0.413 2.5489e+07 5.0977e+05
0.414 2.4202e+07 4.8405e+05
0.415 3.1428e+07 6.2857e+05
0.416 2.7486e+07 5.4973e+05
0.417 3.0699e+07 6.1398e+05
0.418 3.1019e+07 6.2038e+05
0.419 3.4187e+07 6.8375e+05
0.42 2.78e+07 5.56e+05
0.421 2.6495e+07 5.299e+05
0.422 1.6498e+07 3.2997e+05
0.423 3.178e+07 6.356e+05
0.424 2.8119e+07 5.6238e+05
0.425 3.0113e+07 6.0227e+05
0.426 2.7307e+07 5.4615e+05
0.427 2.5497e+07 5.0993e+05
0.428 2.8126e+07 5.6252e+05
0.429 2.9302e+07 5.8603e+05
0.43 2.9934e+07 5.9867e+05
0.431 2.6148e+07 5.2295e+05
0.432 3.0187e+07 6.0375e+05
0.433 2.8941e+07 5.7882e+05
0.434 2.5119e+07 5.0239e+05
0.435 2.0004e+07 4.0007e+05
0.436 2.9567e+07 5.9133e+05
0.437 2.7052e+07 5.4104e+05
0.438 3.0338e+07 6.0675e+05
0.439 2.7948e+07 5.5896e+05
0.44 2.5345e+07 5.0689e+05
0.441 2.3587e+07 4.7174e+05
0.442 3.0006e+07 6.0012e+05
0.443 2.8211e+07 5.6422e+05
0.444 2.6307e+07 5.2613e+05
0.445 2.9916e+07 5.9832e+05
0.446 3.2399e+07 6.4797e+05
0.447 3.1132e+07 6.2264e+05
0.448 2.5455e+07 5.0911e+05
0.449 3.0785e+07 6.157e+05
0.45 2.9333e+07 5.8666e+05
0.451 2.8918e+07 5.7835e+05
0.452 2.4982e+07 4.9965e+05
0.453 2.3909e+07 4.7818e+05
0.454 2.444e+07 4.888e+05
0.455 2.8316e+07 5.6633e+05
0.456 2.6298e+07 5.2597e+05
0.457 2.5396e+07 5.0792e+05
0.458 3.0108e+07 6.0216e+05
0.459 2.9118e+07 5.8237e+05
0.46 3.1067e+07 6.2134e+05
0.461 2.8862e+07 5.7725e+05
0.462 2.1772e+07 4.3545e+05
0.463 2.6276e+07 5.2552e+05
0.464 2.5464e+07 5.0927e+05
0.465 2.8857e+07 5.7715e+05
0.466 3.3762e+07 6.7524e+05
0.467 2.9661e+07 5.9323e+05
0.468 2.7862e+07 5.5725e+05
0.469 2.5957e+07 5.1914e+05
0.47 2.5188e+07 5.0375e+05
0.471 2.79e+07 5.5801e+05
0.472 3.0366e+07 6.0732e+05
0.473 2.8204e+07 5.6407e+05
0.474 2.8232e+07 5.6463e+05
0.475 2.9505e+07 5.9011e+05
0.476 3.0918e+07 6.1836e+05
0.477 2.8985e+07 5.797e+05
0.478 2.9218e+07 5.8437e+05
0.479 3.1389e+07 6.2777e+05
0.48 2.7511e+07 5.5021e+05
0.481 2.8648e+07 5.7295e+05
0.482 2.6643e+07 5.3286e+05
0.483 2.3899e+07 4.7799e+05
0.484 2.9856e+07 5.9712e+05
0.485 2.6756e+07 5.3511e+05
0.486 2.1372e+07 4.2743e+05
0.487 2.9864e+07 5.9729e+05
0.488 2.2784e+07 4.5567e+05
0.489 2.9134e+07 5.8269e+05
0.49 2.2704e+07 4.5407e+05
0.491 2.7813e+07 5.5627e+05
0.492 2.8659e+07 5.7319e+05
0.493 2.4466e+07 4.8932e+05
0.494 2.4057e+07 4.8114e+05
0.495 2.6056e+07 5.2113e+05
0.496 2.3708e+07 4.7416e+05
0.497 2.8323e+07 5.6645e+05
0.498 2.6448e+07 5.2896e+05
0.499 2.9333e+07 5.8666e+05
0.5 2.5923e+07 5.1846e+05
