0.001 1.5514e+09 3.1027e+07
0.002 1.8152e+09 3.6304e+07
0.003 1.8729e+09 3.7458e+07
0.004 1.8617e+09 3.7234e+07
0.005 1.8989e+09 3.7978e+07
0.006 1.808e+09 3.616e+07
0.007 1.795e+09 3.5901e+07
0.008 1.9114e+09 3.8228e+07
0.009 1.7236e+09 3.4472e+07
0.01 1.8052e+09 3.6103e+07
0.011 1.8436e+09 3.6873e+07
0.012 1.8157e+09 3.6314e+07
0.013 1.7827e+09 3.5654e+07
0.014 1.8324e+09 3.6649e+07
0.015 1.7912e+09 3.5823e+07
0.016 1.7956e+09 3.5913e+07
0.017 1.7969e+09 3.5937e+07
0.018 1.7809e+09 3.5619e+07
0.019 1.7603e+09 3.5206e+07
0.02 1.7489e+09 3.4979e+07
0.021 1.7543e+09 3.5085e+07
0.022 1.7614e+09 3.5229e+07
0.023 1.7499e+09 3.4997e+07
0.024 1.7502e+09 3.5004e+07
0.025 1.7236e+09 3.4472e+07
0.026 1.7286e+09 3.4571e+07
0.027 1.7175e+09 3.4351e+07
0.028 1.6835e+09 3.3671e+07
0.029 1.74e+09 3.48e+07
0.03 1.6527e+09 3.3054e+07
0.031 1.6744e+09 3.3489e+07
0.032 1.6968e+09 3.3936e+07
0.033 1.7291e+09 3.4582e+07
0.034 1.6865e+09 3.3729e+07
0.035 1.6806e+09 3.3611e+07
0.036 1.6395e+09 3.2789e+07
0.037 1.6566e+09 3.3132e+07
0.038 1.6377e+09 3.2755e+07
0.039 1.6463e+09 3.2926e+07
0.04 1.6193e+09 3.2387e+07
0.041 1.6142e+09 3.2283e+07
0.042 1.5888e+09 3.1775e+07
0.043 1.5801e+09 3.1602e+07
0.044 1.5762e+09 3.1524e+07
0.045 1.5844e+09 3.1688e+07
0.046 1.5693e+09 3.1386e+07
0.047 1.5703e+09 3.1407e+07
0.048 1.5501e+09 3.1002e+07
0.049 1.5398e+09 3.0796e+07
0.05 1.5279e+09 3.0557e+07
0.051 1.5222e+09 3.0445e+07
0.052 1.5015e+09 3.003e+07
0.053 1.4937e+09 2.9875e+07
0.054 1.4763e+09 2.9527e+07
0.055 1.4726e+09 2.9451e+07
0.056 1.4609e+09 2.9218e+07
0.057 1.4269e+09 2.8537e+07
0.058 1.4614e+09 2.9229e+07
0.059 1.4396e+09 2.8793e+07
0.06 1.4099e+09 2.8198e+07
0.061 1.3735e+09 2.7469e+07
0.062 1.4207e+09 2.8413e+07
0.063 1.3706e+09 2.7412e+07
0.064 1.3559e+09 2.7118e+07
0.065 1.3388e+09 2.6775e+07
0.066 1.3244e+09 2.6488e+07
0.067 1.3188e+09 2.6376e+07
0.068 1.3094e+09 2.6187e+07
0.069 1.2854e+09 2.5707e+07
0.07 1.3108e+09 2.6216e+07
0.071 1.2804e+09 2.5609e+07
0.072 1.2602e+09 2.5204e+07
0.073 1.2472e+09 2.4943e+07
0.074 1.2253e+09 2.4506e+07
0.075 1.2238e+09 2.4477e+07
0.076 1.2111e+09 2.4222e+07
0.077 1.23e+09 2.4599e+07
0.078 1.1841e+09 2.3681e+07
0.079 1.1687e+09 2.3375e+07
0.08 1.1646e+09 2.3291e+07
0.081 1.1607e+09 2.3214e+07
0.082 1.1523e+09 2.3045e+07
0.083 1.13e+09 2.26e+07
0.084 1.1107e+09 2.2214e+07
0.085 1.1028e+09 2.2056e+07
0.086 1.0629e+09 2.1258e+07
0.087 1.0789e+09 2.1579e+07
0.088 1.0559e+09 2.1118e+07
0.089 1.0491e+09 2.0982e+07
0.09 1.0335e+09 2.0669e+07
0.091 1.0124e+09 2.0248e+07
0.092 1.0113e+09 2.0226e+07
0.093 1.0048e+09 2.0095e+07
0.094 9.9719e+08 1.9944e+07
0.095 9.6749e+08 1.935e+07
0.096 9.6783e+08 1.9357e+07
0.097 9.6314e+08 1.9263e+07
0.098 9.3951e+08 1.879e+07
0.099 9.0563e+08 1.8113e+07
0.1 9.2453e+08 1.8491e+07
0.101 8.854e+08 1.7708e+07
0.102 8.8581e+08 1.7716e+07
0.103 8.4874e+08 1.6975e+07
0.104 8.3639e+08 1.6728e+07
0.105 8.4817e+08 1.6963e+07
0.106 8.3695e+08 1.6739e+07
0.107 8.2975e+08 1.6595e+07
0.108 8.2242e+08 1.6448e+07
0.109 7.964e+08 1.5928e+07
0.11 7.858e+08 1.5716e+07
0.111 7.6838e+08 1.5368e+07
0.112 7.789e+08 1.5578e+07
0.113 7.5376e+08 1.5075e+07
0.114 7.4527e+08 1.4905e+07
0.115 7.2055e+08 1.4411e+07
0.116 7.1677e+08 1.4335e+07
0.117 7.2044e+08 1.4409e+07
0.118 6.9365e+08 1.3873e+07
0.119 6.9564e+08 1.3913e+07
0.12 6.8526e+08 1.3705e+07
0.121 6.7563e+08 1.3513e+07
0.122 6.5608e+08 1.3122e+07
0.123 6.3219e+08 1.2644e+07
0.124 6.1542e+08 1.2308e+07
0.125 6.3204e+08 1.2641e+07
0.126 6.2224e+08 1.2445e+07
0.127 5.9165e+08 1.1833e+07
0.128 5.9294e+08 1.1859e+07
0.129 5.8621e+08 1.1724e+07
0.13 5.6947e+08 1.1389e+07
0.131 5.4608e+08 1.0922e+07
0.132 5.3495e+08 1.0699e+07
0.133 5.4183e+08 1.0837e+07
0.134 5.5033e+08 1.1007e+07
0.135 5.4105e+08 1.0821e+07
0.136 5.0906e+08 1.0181e+07
0.137 5.0845e+08 1.0169e+07
0.138 5.0563e+08 1.0113e+07
0.139 4.9112e+08 9.8223e+06
0.14 4.8926e+08 9.7851e+06
0.141 4.7785e+08 9.5569e+06
0.142 4.8057e+08 9.6114e+06
0.143 4.4685e+08 8.9369e+06
0.144 4.5564e+08 9.1127e+06
0.145 4.4452e+08 8.8904e+06
0.146 4.3096e+08 8.6192e+06
0.147 4.2976e+08 8.5951e+06
0.148 4.2675e+08 8.5351e+06
0.149 4.187e+08 8.374e+06
0.15 3.9841e+08 7.9682e+06
0.151 3.854e+08 7.708e+06
0.152 4.0645e+08 8.1291e+06
0.153 3.777e+08 7.554e+06
0.154 3.7369e+08 7.4737e+06
0.155 3.7243e+08 7.4487e+06
0.156 3.584e+08 7.1679e+06
0.157 3.5975e+08 7.195e+06
0.158 3.4264e+08 6.8527e+06
0.159 3.3177e+08 6.6354e+06
0.16 3.3027e+08 6.6054e+06
0.161 3.2943e+08 6.5886e+06
0.162 3.2806e+08 6.5612e+06
0.163 3.1816e+08 6.3632e+06
0.164 3.0686e+08 6.1372e+06
0.165 3.0538e+08 6.1075e+06
0.166 3.0369e+08 6.0737e+06
0.167 2.9009e+08 5.8019e+06
0.168 2.8836e+08 5.7672e+06
0.169 2.7162e+08 5.4325e+06
0.17 2.62e+08 5.2401e+06
0.171 2.7448e+08 5.4896e+06
0.172 2.6273e+08 5.2545e+06
0.173 2.4898e+08 4.9797e+06
0.174 2.6095e+08 5.2189e+06
0.175 2.4509e+08 4.9018e+06
0.176 2.5254e+08 5.0509e+06
0.177 2.446e+08 4.8919e+06
0.178 2.2998e+08 4.5996e+06
0.179 2.4082e+08 4.8164e+06
0.18 2.3174e+08 4.6347e+06
0.181 2.3191e+08 4.6382e+06
0.182 2.1996e+08 4.3993e+06
0.183 2.096e+08 4.192e+06
0.184 2.2307e+08 4.4615e+06
0.185 2.0552e+08 4.1104e+06
0.186 1.9362e+08 3.8725e+06
0.187 1.9129e+08 3.8258e+06
0.188 1.8782e+08 3.7564e+06
0.189 1.9506e+08 3.9012e+06
0.19 1.8845e+08 3.7691e+06
0.191 1.8659e+08 3.7319e+06
0.192 1.835e+08 3.67e+06
0.193 1.7187e+08 3.4374e+06
0.194 1.7418e+08 3.4836e+06
0.195 1.7452e+08 3.4903e+06
0.196 1.7479e+08 3.4957e+06
0.197 1.7526e+08 3.5052e+06
0.198 1.5374e+08 3.0747e+06
0.199 1.578e+08 3.1561e+06
0.2 1.6252e+08 3.2504e+06
0.201 1.4997e+08 2.9994e+06
0.202 1.5306e+08 3.0613e+06
0.203 1.4493e+08 2.8986e+06
0.204 1.4877e+08 2.9753e+06
0.205 1.3223e+08 2.6447e+06
0.206 1.3987e+08 2.7973e+06
0.207 1.3537e+08 2.7073e+06
0.208 1.3278e+08 2.6556e+06
0.209 1.2841e+08 2.5681e+06
0.21 1.3317e+08 2.6633e+06
0.211 1.3425e+08 2.685e+06
0.212 1.3245e+08 2.649e+06
0.213 1.2195e+08 2.439e+06
0.214 1.2269e+08 2.4537e+06
0.215 1.221e+08 2.442e+06
0.216 1.1021e+08 2.2041e+06
0.217 1.0268e+08 2.0536e+06
0.218 1.1498e+08 2.2996e+06
0.219 1.1057e+08 2.2115e+06
0.22 9.8718e+07 1.9744e+06
0.221 9.8467e+07 1.9693e+06
0.222 9.6618e+07 1.9324e+06
0.223 1.0421e+08 2.0842e+06
0.224 1.039e+08 2.0779e+06
0.225 9.553e+07 1.9106e+06
0.226 1.0388e+08 2.0775e+06
0.227 9.7008e+07 1.9402e+06
0.228 8.9119e+07 1.7824e+06
0.229 8.7966e+07 1.7593e+06
0.23 9.9051e+07 1.981e+06
0.231 9.3107e+07 1.8621e+06
0.232 9.2938e+07 1.8588e+06
0.233 9.0195e+07 1.8039e+06
0.234 8.68e+07 1.736e+06
0.235 8.0133e+07 1.6027e+06
0.236 7.9638e+07 1.5928e+06
0.237 8.9082e+07 1.7816e+06
0.238 8.1957e+07 1.6391e+06
0.239 7.4758e+07 1.4952e+06
0.24 7.9594e+07 1.5919e+06
0.241 7.5982e+07 1.5196e+06
0.242 7.0568e+07 1.4114e+06
0.243 6.9213e+07 1.3843e+06
0.244 7.0921e+07 1.4184e+06
0.245 6.3958e+07 1.2792e+06
0.246 6.7311e+07 1.3462e+06
0.247 6.8749e+07 1.375e+06
0.248 6.7915e+07 1.3583e+06
0.249 6.9013e+07 1.3803e+06
0.25 6.1375e+07 1.2275e+06
0.251 6.0797e+07 1.2159e+06
0.252 6.9129e+07 1.3826e+06
0.253 6.0027e+07 1.2005e+06
0.254 5.832e+07 1.1664e+06
0.255 7.0754e+07 1.4151e+06
0.256 5.2805e+07 1.0561e+06
0.257 6.6506e+07 1.3301e+06
0.258 4.7782e+07 9.5565e+05
0.259 5.5118e+07 1.1024e+06
0.26 5.7691e+07 1.1538e+06
0.261 6.5409e+07 1.3082e+06
0.262 4.1828e+07 8.3655e+05
0.263 4.9927e+07 9.9854e+05
0.264 5.2308e+07 1.0462e+06
0.265 4.7435e+07 9.4869e+05
0.266 5.4786e+07 1.0957e+06
0.267 4.7449e+07 9.4898e+05
0.268 5.3578e+07 1.0716e+06
0.269 6.1109e+07 1.2222e+06
0.27 5.749e+07 1.1498e+06
0.271 5.1316e+07 1.0263e+06
0.272 4.7268e+07 9.4537e+05
0.273 3.599e+07 7.1981e+05
0.274 4.2606e+07 8.5211e+05
0.275 4.8794e+07 9.7588e+05
0.276 4.623e+07 9.2461e+05
0.277 3.6714e+07 7.3428e+05
0.278 4.0091e+07 8.0181e+05
0.279 4.4099e+07 8.8197e+05
0.28 3.4104e+07 6.8207e+05
0.281 3.2308e+07 6.4615e+05
0.282 3.5438e+07 7.0876e+05
0.283 4.2701e+07 8.5401e+05
0.284 3.2917e+07 6.5834e+05
0.285 3.6543e+07 7.3086e+05
0.286 4.6923e+07 9.3846e+05
0.287 3.9429e+07 7.8858e+05
0.288 3.8244e+07 7.6487e+05
0.289 3.6408e+07 7.2816e+05
0.29 4.1327e+07 8.2653e+05
0.291 4.196e+07 8.392e+05
0.292 4.1191e+07 8.2381e+05
0.293 4.6421e+07 9.2842e+05
0.294 3.4265e+07 6.853e+05
0.295 4.7457e+07 9.4914e+05
0.296 4.003e+07 8.006e+05
0.297 2.8412e+07 5.6824e+05
0.298 2.9252e+07 5.8504e+05
0.299 2.9527e+07 5.9054e+05
0.3 4.2147e+07 8.4293e+05
0.301 3.0796e+07 6.1591e+05
0.302 2.1432e+07 4.2864e+05
0.303 3.0104e+07 6.0208e+05
0.304 3.0947e+07 6.1893e+05
0.305 2.9558e+07 5.9116e+05
0.306 3.3556e+07 6.7112e+05
0.307 3.0229e+07 6.0457e+05
0.308 3.2842e+07 6.5684e+05
0.309 3.4857e+07 6.9714e+05
0.31 2.7564e+07 5.5128e+05
0.311 3.3643e+07 6.7287e+05
0.312 4.0219e+07 8.0438e+05
0.313 3.3417e+07 6.6834e+05
0.314 2.6122e+07 5.2245e+05
0.315 2.7463e+07 5.4925e+05
0.316 3.3388e+07 6.6776e+05
0.317 2.5777e+07 5.1555e+05
0.318 3.338e+07 6.6761e+05
0.319 2.9303e+07 5.8606e+05
0.32 2.7699e+07 5.5397e+05
0.321 2.4955e+07 4.991e+05
0.322 1.4028e+07 2.8057e+05
0.323 2.8508e+07 5.7016e+05
0.324 3.5092e+07 7.0183e+05
0.325 2.9242e+07 5.8484e+05
0.326 3.1365e+07 6.273e+05
0.327 2.4513e+07 4.9026e+05
0.328 2.7524e+07 5.5048e+05
0.329 3.0133e+07 6.0266e+05
0.33 3.5782e+07 7.1564e+05
0.331 2.526e+07 5.052e+05
0.332 3.7228e+07 7.4455e+05
0.333 3.5013e+07 7.0026e+05
0.334 3.0167e+07 6.0334e+05
0.335 2.5666e+07 5.1331e+05
0.336 3.2583e+07 6.5166e+05
0.337 2.7402e+07 5.4803e+05
0.338 3.0003e+07 6.0007e+05
0.339 1.7424e+07 3.4848e+05
0.34 3.0934e+07 6.1868e+05
0.341 2.4214e+07 4.8428e+05
0.342 3.3977e+07 6.7954e+05
0.343 3.4923e+07 6.9846e+05
0.344 3.4443e+07 6.8886e+05
0.345 2.2206e+07 4.4411e+05
0.346 1.9349e+07 3.8697e+05
0.347 3.4604e+07 6.9208e+05
0.348 2.4859e+07 4.9718e+05
0.349 3.0814e+07 6.1629e+05
0.35 2.9766e+07 5.9532e+05
0.351 2.6051e+07 5.2102e+05
0.352 2.2431e+07 4.4862e+05
0.353 2.9926e+07 5.9852e+05
0.354 3.4946e+07 6.9893e+05
0.355 3.5883e+07 7.1766e+05
0.356 2.901e+07 5.802e+05
0.357 2.3994e+07 4.7987e+05
0.358 3.1166e+07 6.2332e+05
0.359 3.3662e+07 6.7324e+05
0.36 3.3834e+07 6.7667e+05
0.361 3.7215e+07 7.4431e+05
0.362 3.0155e+07 6.0309e+05
0.363 2.9027e+07 5.8055e+05
0.364 3.568e+07 7.136e+05
0.365 3.905e+07 7.8101e+05
0.366 2.5675e+07 5.135e+05
0.367 2.7909e+07 5.5819e+05
0.368 2.6847e+07 5.3693e+05
0.369 3.4824e+07 6.9648e+05
0.37 2.962e+07 5.9241e+05
0.371 2.8433e+07 5.6867e+05
0.372 2.3805e+07 4.761e+05
0.373 3.8361e+07 7.6722e+05
0.374 3.2516e+07 6.5032e+05
0.375 3.2108e+07 6.4216e+05
0.376 3.2996e+07 6.5993e+05
0.377 3.1476e+07 6.2952e+05
0.378 3.1417e+07 6.2835e+05
0.379 2.7348e+07 5.4695e+05
0.38 3.3012e+07 6.6024e+05
0.381 3.2596e+07 6.5193e+05
0.382 2.5442e+07 5.0883e+05
0.383 3.2351e+07 6.4703e+05
0.384 2.8623e+07 5.7246e+05
0.385 2.3212e+07 4.6423e+05
0.386 3.5269e+07 7.0539e+05
0.387 2.5764e+07 5.1528e+05
0.388 3.4997e+07 6.9995e+05
0.389 2.7482e+07 5.4964e+05
0.39 3.6428e+07 7.2857e+05
0.391 4.007e+07 8.014e+05
0.392 3.2599e+07 6.5197e+05
0.393 3.6326e+07 7.2652e+05
0.394 3.2487e+07 6.4975e+05
0.395 3.9093e+07 7.8186e+05
0.396 2.8387e+07 5.6774e+05
0.397 3.0764e+07 6.1529e+05
0.398 3.1767e+07 6.3534e+05
0.399 3.445e+07 6.89e+05
0.4 3.1269e+07 6.2539e+05
0.401 3.0385e+07 6.0769e+05
0.402 3.1804e+07 6.3607e+05
0.403 3.8745e+07 7.7491e+05
0.404 3.0241e+07 6.0481e+05
0.405 3.7807e+07 7.5614e+05
0.406 3.5474e+07 7.0947e+05
0.407 3.3522e+07 6.7044e+05
0.408 2.9395e+07 5.8789e+05
0.409 3.5431e+07 7.0863e+05
0.41 3.8416e+07 7.6831e+05
0.411 3.8072e+07 7.6145e+05
0.412 3.1517e+07 6.3034e+05
0.413 3.45e+07 6.8999e+05
0.414 3.7559e+07 7.5118e+05
0.415 4.1148e+07 8.2296e+05
0.416 3.8075e+07 7.615e+05
0.417 4.3699e+07 8.7397e+05
0.418 3.9713e+07 7.9427e+05
0.419 3.9903e+07 7.9805e+05
0.42 2.9986e+07 5.9971e+05
0.421 3.5932e+07 7.1864e+05
0.422 3.5337e+07 7.0674e+05
0.423 2.7422e+07 5.4844e+05
0.424 3.5237e+07 7.0473e+05
0.425 3.2586e+07 6.5172e+05
0.426 3.4169e+07 6.8338e+05
0.427 4.1332e+07 8.2664e+05
0.428 3.517e+07 7.034e+05
0.429 3.0735e+07 6.1471e+05
0.43 3.32e+07 6.64e+05
0.431 3.1233e+07 6.2467e+05
0.432 3.4488e+07 6.8975e+05
0.433 3.5439e+07 7.0877e+05
0.434 3.0139e+07 6.0279e+05
0.435 3.3347e+07 6.6693e+05
0.436 3.469e+07 6.9379e+05
0.437 3.4704e+07 6.9408e+05
0.438 3.4308e+07 6.8616e+05
0.439 4.3837e+07 8.7674e+05
0.44 3.922e+07 7.844e+05
0.441 3.6854e+07 7.3708e+05
0.442 3.5865e+07 7.1729e+05
0.443 3.5013e+07 7.0026e+05
0.444 4.4286e+07 8.8571e+05
0.445 3.7238e+07 7.4477e+05
0.446 4.0044e+07 8.0087e+05
0.447 3.3022e+07 6.6045e+05
0.448 3.6517e+07 7.3034e+05
0.449 3.1533e+07 6.3067e+05
0.45 4.1218e+07 8.2436e+05
0.451 4.3881e+07 8.7763e+05
0.452 3.9063e+07 7.8126e+05
0.453 3.4527e+07 6.9054e+05
0.454 4.0849e+07 8.1699e+05
0.455 3.633e+07 7.266e+05
0.456 4.3616e+07 8.7232e+05
0.457 3.9639e+07 7.9279e+05
0.458 3.8669e+07 7.7339e+05
0.459 4.034e+07 8.068e+05
0.46 3.88e+07 7.7599e+05
0.461 4.0094e+07 8.0189e+05
0.462 3.1821e+07 6.3642e+05
0.463 3.6397e+07 7.2795e+05
0.464 3.9686e+07 7.9372e+05
0.465 3.799e+07 7.5981e+05
0.466 3.4226e+07 6.8451e+05
0.467 3.4935e+07 6.987e+05
0.468 3.596e+07 7.192e+05
0.469 3.677e+07 7.354e+05
0.47 3.5608e+07 7.1215e+05
0.471 3.2426e+07 6.4852e+05
0.472 4.2021e+07 8.4042e+05
0.473 3.2908e+07 6.5816e+05
0.474 4.1034e+07 8.2068e+05
0.475 3.714e+07 7.428e+05
0.476 3.1462e+07 6.2925e+05
0.477 3.7612e+07 7.5225e+05
0.478 3.9205e+07 7.8411e+05
0.479 3.0971e+07 6.1942e+05
0.48 3.708e+07 7.4161e+05
0.481 3.405e+07 6.81e+05
0.482 3.7112e+07 7.4224e+05
0.483 3.2587e+07 6.5175e+05
0.484 3.5991e+07 7.1981e+05
0.485 3.1132e+07 6.2263e+05
0.486 3.4132e+07 6.8264e+05
0.487 3.1926e+07 6.3852e+05
0.488 2.9086e+07 5.8173e+05
0.489 2.9593e+07 5.9187e+05
0.49 4.133e+07 8.2659e+05
0.491 3.4812e+07 6.9624e+05
0.492 4.3072e+07 8.6144e+05
0.493 3.8381e+07 7.6763e+05
0.494 3.194e+07 6.3881e+05
0.495 3.1208e+07 6.2417e+05
0.496 3.3912e+07 6.7824e+05
0.497 3.0136e+07 6.0272e+05
0.498 2.6006e+07 5.2011e+05
0.499 3.5233e+07 7.0467e+05
0.5 3.7264e+07 7.4529e+05
