0.001 5.3046e+10 1.0609e+09
0.002 5.1703e+10 1.0341e+09
0.003 5.4596e+10 1.0919e+09
0.004 5.5185e+10 1.1037e+09
0.005 5.4161e+10 1.0832e+09
0.006 5.3947e+10 1.0789e+09
0.007 5.3431e+10 1.0686e+09
0.008 5.2611e+10 1.0522e+09
0.009 5.1844e+10 1.0369e+09
0.01 5.1426e+10 1.0285e+09
0.011 5.385e+10 1.077e+09
0.012 5.2862e+10 1.0572e+09
0.013 5.3187e+10 1.0637e+09
0.014 5.2891e+10 1.0578e+09
0.015 5.2106e+10 1.0421e+09
0.016 5.2026e+10 1.0405e+09
0.017 5.1588e+10 1.0318e+09
0.018 5.1978e+10 1.0396e+09
0.019 5.0141e+10 1.0028e+09
0.02 5.1207e+10 1.0241e+09
0.021 5.0872e+10 1.0174e+09
0.022 5.05e+10 1.01e+09
0.023 5.0332e+10 1.0066e+09
0.024 4.9943e+10 9.9886e+08
0.025 4.8468e+10 9.6937e+08
0.026 4.9477e+10 9.8955e+08
0.027 4.916e+10 9.8321e+08
0.028 4.8566e+10 9.7132e+08
0.029 4.8816e+10 9.7632e+08
0.03 4.7958e+10 9.5917e+08
0.031 4.7761e+10 9.5523e+08
0.032 4.7119e+10 9.4238e+08
0.033 4.6208e+10 9.2415e+08
0.034 4.644e+10 9.288e+08
0.035 4.5992e+10 9.1984e+08
0.036 4.5435e+10 9.0871e+08
0.037 4.5251e+10 9.0502e+08
0.038 4.4519e+10 8.9038e+08
0.039 4.4578e+10 8.9155e+08
0.04 4.3513e+10 8.7026e+08
0.041 4.3672e+10 8.7345e+08
0.042 4.3341e+10 8.6682e+08
0.043 4.2233e+10 8.4465e+08
0.044 4.1211e+10 8.2422e+08
0.045 4.1404e+10 8.2809e+08
0.046 4.1081e+10 8.2162e+08
0.047 4.1411e+10 8.2823e+08
0.048 3.9905e+10 7.9809e+08
0.049 3.9198e+10 7.8396e+08
0.05 3.9079e+10 7.8159e+08
0.051 3.8681e+10 7.7363e+08
0.052 3.7349e+10 7.4698e+08
0.053 3.7533e+10 7.5066e+08
0.054 3.7145e+10 7.4291e+08
0.055 3.6415e+10 7.283e+08
0.056 3.5896e+10 7.1792e+08
0.057 3.5393e+10 7.0785e+08
0.058 3.4599e+10 6.9198e+08
0.059 3.4086e+10 6.8172e+08
0.06 3.353e+10 6.7059e+08
0.061 3.2961e+10 6.5922e+08
0.062 3.2898e+10 6.5796e+08
0.063 3.2598e+10 6.5196e+08
0.064 3.159e+10 6.3181e+08
0.065 3.0948e+10 6.1897e+08
0.066 3.0954e+10 6.1907e+08
0.067 2.9507e+10 5.9015e+08
0.068 2.9399e+10 5.8797e+08
0.069 2.9514e+10 5.9027e+08
0.07 2.8502e+10 5.7004e+08
0.071 2.8142e+10 5.6284e+08
0.072 2.7598e+10 5.5196e+08
0.073 2.7309e+10 5.4618e+08
0.074 2.6534e+10 5.3067e+08
0.075 2.6337e+10 5.2674e+08
0.076 2.534e+10 5.0679e+08
0.077 2.4964e+10 4.9928e+08
0.078 2.4241e+10 4.8481e+08
0.079 2.3839e+10 4.7677e+08
0.08 2.3683e+10 4.7365e+08
0.081 2.2859e+10 4.5718e+08
0.082 2.2468e+10 4.4935e+08
0.083 2.1923e+10 4.3845e+08
0.084 2.163e+10 4.3261e+08
0.085 2.0962e+10 4.1924e+08
0.086 2.0642e+10 4.1283e+08
0.087 2.0249e+10 4.0498e+08
0.088 1.9605e+10 3.9209e+08
0.089 1.9095e+10 3.8189e+08
0.09 1.8957e+10 3.7914e+08
0.091 1.8097e+10 3.6194e+08
0.092 1.7852e+10 3.5704e+08
0.093 1.7523e+10 3.5046e+08
0.094 1.7222e+10 3.4444e+08
0.095 1.6669e+10 3.3337e+08
0.096 1.6231e+10 3.2461e+08
0.097 1.5817e+10 3.1634e+08
0.098 1.5209e+10 3.0418e+08
0.099 1.4826e+10 2.9653e+08
0.1 1.4479e+10 2.8959e+08
0.101 1.421e+10 2.842e+08
0.102 1.3848e+10 2.7697e+08
0.103 1.348e+10 2.6961e+08
0.104 1.2987e+10 2.5974e+08
0.105 1.2869e+10 2.5738e+08
0.106 1.245e+10 2.49e+08
0.107 1.2017e+10 2.4034e+08
0.108 1.1535e+10 2.3071e+08
0.109 1.1438e+10 2.2876e+08
0.11 1.149e+10 2.298e+08
0.111 1.1036e+10 2.2072e+08
0.112 1.0288e+10 2.0576e+08
0.113 1.0146e+10 2.0292e+08
0.114 9.9177e+09 1.9835e+08
0.115 9.7164e+09 1.9433e+08
0.116 9.137e+09 1.8274e+08
0.117 9.1941e+09 1.8388e+08
0.118 8.8426e+09 1.7685e+08
0.119 8.4879e+09 1.6976e+08
0.12 8.3532e+09 1.6706e+08
0.121 7.9894e+09 1.5979e+08
0.122 7.7487e+09 1.5497e+08
0.123 7.5784e+09 1.5157e+08
0.124 7.5035e+09 1.5007e+08
0.125 7.1553e+09 1.4311e+08
0.126 6.8183e+09 1.3637e+08
0.127 6.6594e+09 1.3319e+08
0.128 6.3735e+09 1.2747e+08
0.129 6.2791e+09 1.2558e+08
0.13 6.046e+09 1.2092e+08
0.131 5.7447e+09 1.1489e+08
0.132 5.5847e+09 1.1169e+08
0.133 5.4534e+09 1.0907e+08
0.134 5.3011e+09 1.0602e+08
0.135 4.995e+09 9.9899e+07
0.136 4.9844e+09 9.9687e+07
0.137 4.7866e+09 9.5731e+07
0.138 4.6084e+09 9.2169e+07
0.139 4.3592e+09 8.7184e+07
0.14 4.1932e+09 8.3864e+07
0.141 4.049e+09 8.098e+07
0.142 3.9312e+09 7.8623e+07
0.143 3.7997e+09 7.5995e+07
0.144 3.76e+09 7.52e+07
0.145 3.6518e+09 7.3036e+07
0.146 3.5853e+09 7.1707e+07
0.147 3.3031e+09 6.6063e+07
0.148 3.156e+09 6.3119e+07
0.149 2.8923e+09 5.7846e+07
0.15 2.9895e+09 5.979e+07
0.151 2.8494e+09 5.6988e+07
0.152 3.0163e+09 6.0325e+07
0.153 2.6778e+09 5.3556e+07
0.154 2.6472e+09 5.2944e+07
0.155 2.4804e+09 4.9607e+07
0.156 2.4482e+09 4.8965e+07
0.157 2.2965e+09 4.5929e+07
0.158 2.3679e+09 4.7359e+07
0.159 2.3514e+09 4.7027e+07
0.16 2.1486e+09 4.2971e+07
0.161 2.0695e+09 4.1391e+07
0.162 1.9536e+09 3.9072e+07
0.163 1.9031e+09 3.8063e+07
0.164 2.0181e+09 4.0362e+07
0.165 1.7129e+09 3.4258e+07
0.166 1.7152e+09 3.4305e+07
0.167 1.6783e+09 3.3567e+07
0.168 1.7087e+09 3.4174e+07
0.169 1.687e+09 3.3741e+07
0.17 1.4778e+09 2.9556e+07
0.171 1.3854e+09 2.7708e+07
0.172 1.2683e+09 2.5366e+07
0.173 1.3432e+09 2.6863e+07
0.174 1.2154e+09 2.4307e+07
0.175 1.2722e+09 2.5445e+07
0.176 1.2158e+09 2.4316e+07
0.177 1.1953e+09 2.3905e+07
0.178 1.226e+09 2.452e+07
0.179 1.114e+09 2.228e+07
0.18 1.1398e+09 2.2795e+07
0.181 1.0841e+09 2.1682e+07
0.182 1.1223e+09 2.2445e+07
0.183 1.1522e+09 2.3043e+07
0.184 7.9765e+08 1.5953e+07
0.185 9.2017e+08 1.8403e+07
0.186 7.9635e+08 1.5927e+07
0.187 9.1324e+08 1.8265e+07
0.188 8.3797e+08 1.6759e+07
0.189 8.8212e+08 1.7642e+07
0.19 8.6677e+08 1.7335e+07
0.191 8.6388e+08 1.7278e+07
0.192 8.6781e+08 1.7356e+07
0.193 8.5819e+08 1.7164e+07
0.194 7.8547e+08 1.5709e+07
0.195 7.2142e+08 1.4428e+07
0.196 8.2786e+08 1.6557e+07
0.197 8.5044e+08 1.7009e+07
0.198 8.1566e+08 1.6313e+07
0.199 7.4093e+08 1.4819e+07
0.2 6.3144e+08 1.2629e+07
0.201 6.8789e+08 1.3758e+07
0.202 7.7796e+08 1.5559e+07
0.203 6.5912e+08 1.3182e+07
0.204 6.0727e+08 1.2145e+07
0.205 6.0054e+08 1.2011e+07
0.206 6.0315e+08 1.2063e+07
0.207 5.7391e+08 1.1478e+07
0.208 5.9986e+08 1.1997e+07
0.209 6.2404e+08 1.2481e+07
0.21 4.4016e+08 8.8032e+06
0.211 4.6955e+08 9.3911e+06
0.212 5.3347e+08 1.0669e+07
0.213 4.9559e+08 9.9118e+06
0.214 4.5568e+08 9.1137e+06
0.215 5.0117e+08 1.0023e+07
0.216 6.0281e+08 1.2056e+07
0.217 4.4002e+08 8.8005e+06
0.218 4.7008e+08 9.4016e+06
0.219 4.7547e+08 9.5094e+06
0.22 5.4015e+08 1.0803e+07
0.221 5.4009e+08 1.0802e+07
0.222 5.24e+08 1.048e+07
0.223 5.751e+08 1.1502e+07
0.224 3.5321e+08 7.0642e+06
0.225 3.8877e+08 7.7755e+06
0.226 4.7463e+08 9.4926e+06
0.227 4.4114e+08 8.8229e+06
0.228 5.1063e+08 1.0213e+07
0.229 4.3738e+08 8.7476e+06
0.23 3.7563e+08 7.5126e+06
0.231 3.7123e+08 7.4245e+06
0.232 2.8615e+08 5.7229e+06
0.233 3.8764e+08 7.7527e+06
0.234 4.2755e+08 8.5509e+06
0.235 5.7793e+08 1.1559e+07
0.236 3.8055e+08 7.611e+06
0.237 2.9049e+08 5.8099e+06
0.238 2.6587e+08 5.3174e+06
0.239 5.2401e+08 1.048e+07
0.24 4.4471e+08 8.8943e+06
0.241 3.4186e+08 6.8372e+06
0.242 3.2533e+08 6.5066e+06
0.243 2.4144e+08 4.8289e+06
0.244 5.024e+08 1.0048e+07
0.245 3.9542e+08 7.9084e+06
0.246 3.1419e+08 6.2837e+06
0.247 3.2309e+08 6.4617e+06
0.248 3.0763e+08 6.1526e+06
0.249 3.9978e+08 7.9957e+06
0.25 3.3341e+08 6.6682e+06
0.251 3.346e+08 6.6919e+06
0.252 3.9173e+08 7.8346e+06
0.253 2.3964e+08 4.7927e+06
0.254 3.2267e+08 6.4534e+06
0.255 2.7275e+08 5.455e+06
0.256 2.9923e+08 5.9846e+06
0.257 2.6336e+08 5.2672e+06
0.258 2.6896e+08 5.3792e+06
0.259 3.6775e+08 7.355e+06
0.26 2.8932e+08 5.7863e+06
0.261 1.9545e+08 3.9091e+06
0.262 2.9215e+08 5.843e+06
0.263 3.0446e+08 6.0891e+06
0.264 2.1512e+08 4.3024e+06
0.265 2.6921e+08 5.3841e+06
0.266 3.2375e+08 6.4749e+06
0.267 3.4021e+08 6.8042e+06
0.268 2.335e+08 4.67e+06
0.269 3.0517e+08 6.1034e+06
0.27 3.1951e+08 6.3902e+06
0.271 3.0739e+08 6.1479e+06
0.272 3.5932e+08 7.1864e+06
0.273 3.0677e+08 6.1354e+06
0.274 3.241e+08 6.4821e+06
0.275 2.9255e+08 5.851e+06
0.276 2.1981e+08 4.3961e+06
0.277 1.9093e+08 3.8186e+06
0.278 2.116e+08 4.2319e+06
0.279 2.4995e+08 4.999e+06
0.28 2.9269e+08 5.8539e+06
0.281 2.0132e+08 4.0263e+06
0.282 2.4177e+08 4.8354e+06
0.283 2.4184e+08 4.8367e+06
0.284 2.1381e+08 4.2762e+06
0.285 1.9237e+08 3.8475e+06
0.286 2.5018e+08 5.0036e+06
0.287 2.6132e+08 5.2264e+06
0.288 2.5828e+08 5.1657e+06
0.289 1.9785e+08 3.957e+06
0.29 2.8028e+08 5.6056e+06
0.291 2.5016e+08 5.0031e+06
0.292 2.4463e+08 4.8926e+06
0.293 2.0124e+08 4.0248e+06
0.294 2.2243e+08 4.4487e+06
0.295 3.786e+08 7.572e+06
0.296 3.9718e+08 7.9436e+06
0.297 2.1472e+08 4.2945e+06
0.298 1.6792e+08 3.3585e+06
0.299 2.7068e+08 5.4136e+06
0.3 2.3054e+08 4.6109e+06
0.301 2.3193e+08 4.6385e+06
0.302 2.5129e+08 5.0258e+06
0.303 2.5959e+08 5.1918e+06
0.304 2.4883e+08 4.9765e+06
0.305 1.8895e+08 3.7789e+06
0.306 1.8565e+08 3.7129e+06
0.307 1.9572e+08 3.9143e+06
0.308 2.444e+08 4.8879e+06
0.309 2.8876e+08 5.7752e+06
0.31 3.2379e+08 6.4757e+06
0.311 2.4604e+08 4.9209e+06
0.312 2.0552e+08 4.1104e+06
0.313 1.8198e+08 3.6395e+06
0.314 2.4147e+08 4.8295e+06
0.315 2.654e+08 5.308e+06
0.316 1.6776e+08 3.3553e+06
0.317 2.0924e+08 4.1848e+06
0.318 2.8943e+08 5.7887e+06
0.319 1.5241e+08 3.0483e+06
0.32 2.2422e+08 4.4843e+06
0.321 2.1246e+08 4.2492e+06
0.322 1.9311e+08 3.8622e+06
0.323 2.1279e+08 4.2557e+06
0.324 3.0439e+08 6.0877e+06
0.325 2.375e+08 4.7501e+06
0.326 2.3769e+08 4.7537e+06
0.327 1.744e+08 3.488e+06
0.328 2.812e+08 5.624e+06
0.329 1.1983e+08 2.3965e+06
0.33 2.8693e+08 5.7386e+06
0.331 1.4534e+08 2.9068e+06
0.332 2.9675e+08 5.935e+06
0.333 2.0157e+08 4.0314e+06
0.334 2.3929e+08 4.7859e+06
0.335 3.278e+08 6.5559e+06
0.336 1.8056e+08 3.6113e+06
0.337 2.4283e+08 4.8567e+06
0.338 1.339e+08 2.6781e+06
0.339 3.042e+08 6.0839e+06
0.34 1.284e+08 2.5679e+06
0.341 1.2794e+08 2.5588e+06
0.342 1.4994e+08 2.9988e+06
0.343 2.9463e+08 5.8926e+06
0.344 3.0537e+08 6.1074e+06
0.345 2.4094e+08 4.8189e+06
0.346 2.0271e+08 4.0543e+06
0.347 2.6196e+08 5.2391e+06
0.348 1.9277e+08 3.8555e+06
0.349 2.6118e+08 5.2237e+06
0.35 1.9645e+08 3.929e+06
0.351 1.4575e+08 2.915e+06
0.352 1.9065e+08 3.8131e+06
0.353 1.8707e+08 3.7415e+06
0.354 1.7663e+08 3.5325e+06
0.355 2.0331e+08 4.0661e+06
0.356 2.5788e+08 5.1575e+06
0.357 3.0642e+08 6.1285e+06
0.358 1.6001e+08 3.2002e+06
0.359 1.449e+08 2.8981e+06
0.36 1.9449e+08 3.8897e+06
0.361 1.9915e+08 3.983e+06
0.362 1.9728e+08 3.9455e+06
0.363 1.9509e+08 3.9018e+06
0.364 1.8714e+08 3.7429e+06
0.365 1.9906e+08 3.9812e+06
0.366 3.0278e+08 6.0556e+06
0.367 1.7911e+08 3.5823e+06
0.368 1.8113e+08 3.6225e+06
0.369 1.7204e+08 3.4409e+06
0.37 1.6982e+08 3.3963e+06
0.371 9.4958e+07 1.8992e+06
0.372 2.5946e+08 5.1893e+06
0.373 2.169e+08 4.3381e+06
0.374 1.4994e+08 2.9989e+06
0.375 2.3038e+08 4.6076e+06
0.376 2.575e+08 5.1501e+06
0.377 2.3358e+08 4.6717e+06
0.378 1.9364e+08 3.8728e+06
0.379 2.4509e+08 4.9018e+06
0.38 1.5824e+08 3.1647e+06
0.381 2.0874e+08 4.1748e+06
0.382 2.4263e+08 4.8525e+06
0.383 8.6497e+07 1.7299e+06
0.384 2.6517e+08 5.3034e+06
0.385 2.729e+08 5.458e+06
0.386 1.9091e+08 3.8182e+06
0.387 2.5751e+08 5.1501e+06
0.388 1.8682e+08 3.7363e+06
0.389 2.878e+08 5.7561e+06
0.39 2.3993e+08 4.7986e+06
0.391 2.6528e+08 5.3056e+06
0.392 3.1635e+08 6.327e+06
0.393 2.913e+08 5.8261e+06
0.394 1.5067e+08 3.0133e+06
0.395 2.9439e+08 5.8877e+06
0.396 2.9404e+08 5.8809e+06
0.397 2.4172e+08 4.8345e+06
0.398 1.9349e+08 3.8697e+06
0.399 2.513e+08 5.0259e+06
0.4 2.8307e+08 5.6614e+06
0.401 1.8233e+08 3.6465e+06
0.402 2.5421e+08 5.0841e+06
0.403 2.2418e+08 4.4836e+06
0.404 2.1509e+08 4.3018e+06
0.405 2.5538e+08 5.1076e+06
0.406 2.15e+08 4.2999e+06
0.407 3.0154e+08 6.0307e+06
0.408 1.8711e+08 3.7422e+06
0.409 2.4309e+08 4.8618e+06
0.41 1.89e+08 3.78e+06
0.411 1.3233e+08 2.6466e+06
0.412 1.6976e+08 3.3952e+06
0.413 2.0312e+08 4.0624e+06
0.414 1.8301e+08 3.6602e+06
0.415 2.3848e+08 4.7697e+06
0.416 1.6976e+08 3.3952e+06
0.417 3.3053e+08 6.6106e+06
0.418 2.2045e+08 4.409e+06
0.419 2.8935e+08 5.787e+06
0.42 2.1845e+08 4.369e+06
0.421 2.3107e+08 4.6215e+06
0.422 2.2384e+08 4.4768e+06
0.423 2.1831e+08 4.3663e+06
0.424 1.4588e+08 2.9176e+06
0.425 2.3365e+08 4.6731e+06
0.426 2.367e+08 4.7339e+06
0.427 2.3755e+08 4.7509e+06
0.428 2.5673e+08 5.1345e+06
0.429 2.8886e+08 5.7772e+06
0.43 1.7301e+08 3.4603e+06
0.431 2.5026e+08 5.0051e+06
0.432 2.345e+08 4.69e+06
0.433 2.1751e+08 4.3503e+06
0.434 1.7289e+08 3.4577e+06
0.435 1.4282e+08 2.8565e+06
0.436 2.0536e+08 4.1071e+06
0.437 1.5681e+08 3.1361e+06
0.438 2.2671e+08 4.5341e+06
0.439 2.016e+08 4.0319e+06
0.44 1.6884e+08 3.3768e+06
0.441 2.5795e+08 5.159e+06
0.442 2.0607e+08 4.1215e+06
0.443 2.4528e+08 4.9057e+06
0.444 2.3617e+08 4.7235e+06
0.445 1.8283e+08 3.6567e+06
0.446 2.445e+08 4.89e+06
0.447 2.1934e+08 4.3869e+06
0.448 2.1768e+08 4.3537e+06
0.449 2.6638e+08 5.3275e+06
0.45 3.2188e+08 6.4377e+06
0.451 1.7255e+08 3.451e+06
0.452 2.8092e+08 5.6183e+06
0.453 2.7591e+08 5.5183e+06
0.454 2.2941e+08 4.5881e+06
0.455 2.0819e+08 4.1639e+06
0.456 1.7842e+08 3.5684e+06
0.457 3.3447e+08 6.6894e+06
0.458 2.4579e+08 4.9157e+06
0.459 2.0809e+08 4.1619e+06
0.46 2.3292e+08 4.6585e+06
0.461 2.5937e+08 5.1875e+06
0.462 2.1994e+08 4.3987e+06
0.463 2.6036e+08 5.2072e+06
0.464 3.3222e+08 6.6443e+06
0.465 2.176e+08 4.352e+06
0.466 2.6965e+08 5.393e+06
0.467 2.0396e+08 4.0791e+06
0.468 2.0949e+08 4.1897e+06
0.469 1.8647e+08 3.7294e+06
0.47 3.9355e+08 7.871e+06
0.471 2.4515e+08 4.903e+06
0.472 2.827e+08 5.6539e+06
0.473 2.8234e+08 5.6468e+06
0.474 1.7895e+08 3.5791e+06
0.475 1.998e+08 3.9961e+06
0.476 1.6636e+08 3.3273e+06
0.477 1.9632e+08 3.9264e+06
0.478 3.3484e+08 6.6968e+06
0.479 2.4875e+08 4.975e+06
0.48 1.8943e+08 3.7887e+06
0.481 2.3924e+08 4.7849e+06
0.482 1.6274e+08 3.2549e+06
0.483 3.0013e+08 6.0025e+06
0.484 1.9111e+08 3.8223e+06
0.485 1.8706e+08 3.7412e+06
0.486 2.0997e+08 4.1995e+06
0.487 2.8573e+08 5.7145e+06
0.488 2.675e+08 5.35e+06
0.489 1.695e+08 3.39e+06
0.49 2.8123e+08 5.6246e+06
0.491 2.6255e+08 5.251e+06
0.492 2.9824e+08 5.9649e+06
0.493 2.4029e+08 4.8059e+06
0.494 2.2409e+08 4.4818e+06
0.495 1.7737e+08 3.5475e+06
0.496 2.1064e+08 4.2127e+06
0.497 2.1619e+08 4.3237e+06
0.498 1.3869e+08 2.7737e+06
0.499 2.1218e+08 4.2437e+06
0.5 2.6378e+08 5.2757e+06
