0.001 1.1178e+10 6.3408e+08
0.002 1.2068e+10 4.4826e+08
0.003 1.207e+10 3.6587e+08
0.004 1.2308e+10 3.1668e+08
0.005 1.2257e+10 2.8305e+08
0.006 1.2144e+10 2.5817e+08
0.007 1.2016e+10 2.3879e+08
0.008 1.2185e+10 2.2311e+08
0.009 1.208e+10 2.1008e+08
0.01 1.2362e+10 1.9901e+08
0.011 1.1691e+10 1.8945e+08
0.012 1.2108e+10 1.8106e+08
0.013 1.1806e+10 1.7363e+08
0.014 1.1725e+10 1.6697e+08
0.015 1.1787e+10 1.6096e+08
0.016 1.1821e+10 1.5548e+08
0.017 1.1643e+10 1.5046e+08
0.018 1.1726e+10 1.4584e+08
0.019 1.1559e+10 1.4155e+08
0.02 1.1728e+10 1.3756e+08
0.021 1.1328e+10 1.3384e+08
0.022 1.1123e+10 1.3034e+08
0.023 1.1226e+10 1.2704e+08
0.024 1.1174e+10 1.2393e+08
0.025 1.1045e+10 1.2098e+08
0.026 1.0859e+10 1.1818e+08
0.027 1.0775e+10 1.1551e+08
0.028 1.0657e+10 1.1297e+08
0.029 1.0624e+10 1.1054e+08
0.03 1.0271e+10 1.082e+08
0.031 1.0169e+10 1.0597e+08
0.032 1.032e+10 1.0381e+08
0.033 1.0214e+10 1.0174e+08
0.034 1.0002e+10 9.974e+07
0.035 9.9809e+09 9.7809e+07
0.036 9.7981e+09 9.5942e+07
0.037 9.7361e+09 9.4134e+07
0.038 9.476e+09 9.2383e+07
0.039 9.4551e+09 9.0683e+07
0.04 9.2119e+09 8.9033e+07
0.041 9.165e+09 8.7429e+07
0.042 9.1519e+09 8.5869e+07
0.043 8.9031e+09 8.435e+07
0.044 8.7072e+09 8.2871e+07
0.045 8.4257e+09 8.1429e+07
0.046 8.4748e+09 8.0023e+07
0.047 8.4344e+09 7.865e+07
0.048 8.1144e+09 7.731e+07
0.049 7.8744e+09 7.6001e+07
0.05 7.9198e+09 7.4721e+07
0.051 7.6634e+09 7.347e+07
0.052 7.598e+09 7.2247e+07
0.053 7.4313e+09 7.1049e+07
0.054 7.2446e+09 6.9878e+07
0.055 7.0544e+09 6.8731e+07
0.056 6.9324e+09 6.7607e+07
0.057 6.8062e+09 6.6507e+07
0.058 6.6646e+09 6.5429e+07
0.059 6.5859e+09 6.4373e+07
0.06 6.4675e+09 6.3338e+07
0.061 6.2875e+09 6.2323e+07
0.062 6.1781e+09 6.1328e+07
0.063 6.0146e+09 6.0353e+07
0.064 5.8803e+09 5.9398e+07
0.065 5.6553e+09 5.8461e+07
0.066 5.7008e+09 5.7542e+07
0.067 5.4986e+09 5.6641e+07
0.068 5.4285e+09 5.5757e+07
0.069 5.365e+09 5.4891e+07
0.07 5.1844e+09 5.4042e+07
0.071 4.9539e+09 5.3209e+07
0.072 4.8856e+09 5.2393e+07
0.073 4.6685e+09 5.1593e+07
0.074 4.6637e+09 5.0808e+07
0.075 4.4442e+09 5.004e+07
0.076 4.3874e+09 4.9286e+07
0.077 4.308e+09 4.8548e+07
0.078 4.2397e+09 4.7825e+07
0.079 3.9929e+09 4.7116e+07
0.08 3.9872e+09 4.6422e+07
0.081 3.8858e+09 4.5743e+07
0.082 3.7052e+09 4.5077e+07
0.083 3.6085e+09 4.4426e+07
0.084 3.5976e+09 4.3788e+07
0.085 3.4985e+09 4.3164e+07
0.086 3.3501e+09 4.2553e+07
0.087 3.301e+09 4.1956e+07
0.088 3.1734e+09 4.1372e+07
0.089 3.1631e+09 4.08e+07
0.09 2.9327e+09 4.0242e+07
0.091 2.8205e+09 3.9696e+07
0.092 2.7742e+09 3.9163e+07
0.093 2.7534e+09 3.8641e+07
0.094 2.636e+09 3.8132e+07
0.095 2.6279e+09 3.7635e+07
0.096 2.5374e+09 3.715e+07
0.097 2.4176e+09 3.6676e+07
0.098 2.3698e+09 3.6214e+07
0.099 2.2672e+09 3.5763e+07
0.1 2.2113e+09 3.5323e+07
0.101 2.1604e+09 3.4893e+07
0.102 2.0786e+09 3.4475e+07
0.103 2.0686e+09 3.4067e+07
0.104 1.9031e+09 3.3669e+07
0.105 1.9174e+09 3.3282e+07
0.106 1.8422e+09 3.2904e+07
0.107 1.7233e+09 3.2536e+07
0.108 1.7543e+09 3.2178e+07
0.109 1.6793e+09 3.1829e+07
0.11 1.6222e+09 3.1489e+07
0.111 1.6309e+09 3.1159e+07
0.112 1.5441e+09 3.0836e+07
0.113 1.5091e+09 3.0523e+07
0.114 1.488e+09 3.0218e+07
0.115 1.4428e+09 2.9921e+07
0.116 1.3716e+09 2.9631e+07
0.117 1.347e+09 2.935e+07
0.118 1.3072e+09 2.9076e+07
0.119 1.2826e+09 2.881e+07
0.12 1.2393e+09 2.855e+07
0.121 1.17e+09 2.8298e+07
0.122 1.1349e+09 2.8052e+07
0.123 1.1445e+09 2.7812e+07
0.124 1.0513e+09 2.7579e+07
0.125 1.0473e+09 2.7353e+07
0.126 1.0651e+09 2.7132e+07
0.127 9.9059e+08 2.6916e+07
0.128 1.0228e+09 2.6707e+07
0.129 9.4403e+08 2.6502e+07
0.13 9.6021e+08 2.6303e+07
0.131 9.4426e+08 2.6109e+07
0.132 9.0251e+08 2.592e+07
0.133 8.6556e+08 2.5735e+07
0.134 8.6878e+08 2.5555e+07
0.135 8.3061e+08 2.5379e+07
0.136 8.1877e+08 2.5207e+07
0.137 7.4225e+08 2.504e+07
0.138 7.41e+08 2.4876e+07
0.139 8.0536e+08 2.4716e+07
0.14 6.7767e+08 2.4559e+07
0.141 7.2988e+08 2.4406e+07
0.142 7.1788e+08 2.4256e+07
0.143 6.9749e+08 2.411e+07
0.144 6.8595e+08 2.3966e+07
0.145 6.9872e+08 2.3825e+07
0.146 6.4066e+08 2.3687e+07
0.147 6.2353e+08 2.3552e+07
0.148 5.7402e+08 2.342e+07
0.149 5.9638e+08 2.329e+07
0.15 5.9678e+08 2.3162e+07
0.151 5.8034e+08 2.3036e+07
0.152 5.5061e+08 2.2913e+07
0.153 5.9617e+08 2.2792e+07
0.154 5.3893e+08 2.2673e+07
0.155 5.3467e+08 2.2556e+07
0.156 5.5285e+08 2.2441e+07
0.157 5.4022e+08 2.2328e+07
0.158 4.9688e+08 2.2217e+07
0.159 4.941e+08 2.2107e+07
0.16 4.9851e+08 2.1999e+07
0.161 5.0928e+08 2.1892e+07
0.162 4.3814e+08 2.1787e+07
0.163 4.9106e+08 2.1684e+07
0.164 4.145e+08 2.1582e+07
0.165 4.4651e+08 2.1482e+07
0.166 4.0497e+08 2.1383e+07
0.167 4.1101e+08 2.1285e+07
0.168 3.9983e+08 2.1189e+07
0.169 4.1303e+08 2.1094e+07
0.17 3.8048e+08 2.1e+07
0.171 4.0647e+08 2.0907e+07
0.172 3.9896e+08 2.0816e+07
0.173 4.0044e+08 2.0726e+07
0.174 3.5132e+08 2.0637e+07
0.175 3.5574e+08 2.0549e+07
0.176 3.8445e+08 2.0462e+07
0.177 3.5974e+08 2.0377e+07
0.178 3.4151e+08 2.0292e+07
0.179 3.3725e+08 2.0209e+07
0.18 3.3842e+08 2.0126e+07
0.181 2.9842e+08 2.0045e+07
0.182 3.4449e+08 1.9965e+07
0.183 2.7499e+08 1.9886e+07
0.184 2.663e+08 1.9807e+07
0.185 2.5285e+08 1.973e+07
0.186 3.1586e+08 1.9654e+07
0.187 2.8149e+08 1.9579e+07
0.188 2.1981e+08 1.9504e+07
0.189 2.7322e+08 1.9431e+07
0.19 2.8194e+08 1.9359e+07
0.191 2.7595e+08 1.9287e+07
0.192 2.3091e+08 1.9217e+07
0.193 2.4192e+08 1.9147e+07
0.194 1.9925e+08 1.9079e+07
0.195 2.556e+08 1.9011e+07
0.196 2.0755e+08 1.8944e+07
0.197 2.4118e+08 1.8878e+07
0.198 2.4246e+08 1.8813e+07
0.199 2.3331e+08 1.8749e+07
0.2 2.0167e+08 1.8686e+07
0.201 1.9204e+08 1.8623e+07
0.202 2.0337e+08 1.8562e+07
0.203 2.0223e+08 1.8501e+07
0.204 1.884e+08 1.8441e+07
0.205 1.6118e+08 1.8382e+07
0.206 1.7257e+08 1.8323e+07
0.207 1.7909e+08 1.8265e+07
0.208 1.7539e+08 1.8208e+07
0.209 1.7264e+08 1.8152e+07
0.21 1.9128e+08 1.8097e+07
0.211 1.598e+08 1.8042e+07
0.212 1.4343e+08 1.7988e+07
0.213 1.4999e+08 1.7935e+07
0.214 1.4222e+08 1.7882e+07
0.215 1.7028e+08 1.783e+07
0.216 1.8683e+08 1.7779e+07
0.217 1.4237e+08 1.7728e+07
0.218 1.2267e+08 1.7678e+07
0.219 1.3895e+08 1.7628e+07
0.22 1.5737e+08 1.7579e+07
0.221 1.187e+08 1.7531e+07
0.222 1.2829e+08 1.7483e+07
0.223 1.3272e+08 1.7436e+07
0.224 1.003e+08 1.7389e+07
0.225 1.3153e+08 1.7343e+07
0.226 1.4491e+08 1.7297e+07
0.227 1.0602e+08 1.7252e+07
0.228 1.2018e+08 1.7207e+07
0.229 1.1091e+08 1.7163e+07
0.23 1.2669e+08 1.7119e+07
0.231 1.1956e+08 1.7076e+07
0.232 1.2121e+08 1.7033e+07
0.233 1.2502e+08 1.699e+07
0.234 1.0064e+08 1.6948e+07
0.235 9.1755e+07 1.6906e+07
0.236 1.2418e+08 1.6865e+07
0.237 1.297e+08 1.6824e+07
0.238 1.381e+08 1.6783e+07
0.239 8.8277e+07 1.6743e+07
0.24 7.3311e+07 1.6703e+07
0.241 1.1655e+08 1.6663e+07
0.242 1.126e+08 1.6624e+07
0.243 8.6129e+07 1.6585e+07
0.244 9.116e+07 1.6546e+07
0.245 9.8159e+07 1.6508e+07
0.246 1.2537e+08 1.647e+07
0.247 1.0438e+08 1.6432e+07
0.248 8.7448e+07 1.6394e+07
0.249 1.0288e+08 1.6357e+07
0.25 8.7014e+07 1.632e+07
0.251 9.9247e+07 1.6283e+07
0.252 9.0546e+07 1.6246e+07
0.253 9.484e+07 1.621e+07
0.254 7.947e+07 1.6174e+07
0.255 8.4982e+07 1.6138e+07
0.256 6.7157e+07 1.6103e+07
0.257 6.2321e+07 1.6067e+07
0.258 9.7131e+07 1.6032e+07
0.259 6.6694e+07 1.5997e+07
0.26 8.2294e+07 1.5963e+07
0.261 7.9002e+07 1.5928e+07
0.262 8.0852e+07 1.5894e+07
0.263 9.3479e+07 1.586e+07
0.264 9.8077e+07 1.5826e+07
0.265 4.9365e+07 1.5792e+07
0.266 6.0597e+07 1.5759e+07
0.267 5.9318e+07 1.5726e+07
0.268 6.7073e+07 1.5693e+07
0.269 7.0148e+07 1.566e+07
0.27 4.624e+07 1.5627e+07
0.271 5.5941e+07 1.5595e+07
0.272 5.2751e+07 1.5563e+07
0.273 8.008e+07 1.5531e+07
0.274 6.9211e+07 1.5499e+07
0.275 5.7304e+07 1.5468e+07
0.276 8.5668e+07 1.5437e+07
0.277 7.7022e+07 1.5406e+07
0.278 7.0699e+07 1.5375e+07
0.279 4.0472e+07 1.5344e+07
0.28 4.3452e+07 1.5314e+07
0.281 6.9652e+07 1.5283e+07
0.282 7.7328e+07 1.5253e+07
0.283 7.9528e+07 1.5223e+07
0.284 4.5506e+07 1.5194e+07
0.285 4.687e+07 1.5165e+07
0.286 5.5015e+07 1.5135e+07
0.287 1.9188e+07 1.5106e+07
0.288 5.0138e+07 1.5078e+07
0.289 8.0476e+07 1.5049e+07
0.29 3.9599e+07 1.5021e+07
0.291 3.7332e+07 1.4993e+07
0.292 5.4255e+07 1.4965e+07
0.293 3.9724e+07 1.4937e+07
0.294 3.2294e+07 1.491e+07
0.295 4.713e+07 1.4882e+07
0.296 1.1077e+07 1.4855e+07
0.297 4.5203e+07 1.4828e+07
0.298 4.6504e+07 1.4802e+07
0.299 4.8661e+07 1.4775e+07
0.3 7.4536e+07 1.4749e+07
0.301 3.7248e+07 1.4723e+07
0.302 3.8836e+07 1.4697e+07
0.303 3.0658e+07 1.4671e+07
0.304 5.0593e+07 1.4646e+07
0.305 5.6059e+07 1.462e+07
0.306 2.8404e+07 1.4595e+07
0.307 3.1881e+07 1.457e+07
0.308 1.6254e+07 1.4546e+07
0.309 2.1612e+07 1.4521e+07
0.31 1.0422e+07 1.4497e+07
0.311 3.7549e+07 1.4472e+07
0.312 4.5438e+07 1.4448e+07
0.313 3.6791e+07 1.4425e+07
0.314 2.4828e+07 1.4401e+07
0.315 2.4784e+07 1.4377e+07
0.316 2.9946e+07 1.4354e+07
0.317 3.6928e+07 1.4331e+07
0.318 3.8269e+07 1.4307e+07
0.319 2.1809e+07 1.4285e+07
0.32 1.7687e+07 1.4262e+07
0.321 4.611e+07 1.4239e+07
0.322 4.7281e+07 1.4217e+07
0.323 3.5594e+07 1.4194e+07
0.324 2.1685e+07 1.4172e+07
0.325 1.5039e+07 1.415e+07
0.326 5.3146e+07 1.4128e+07
0.327 3.5532e+07 1.4106e+07
0.328 4.3408e+07 1.4084e+07
0.329 1.1171e+07 1.4063e+07
0.33 4.1582e+07 1.4041e+07
0.331 3.7787e+07 1.402e+07
0.332 3.7778e+07 1.3998e+07
0.333 2.7004e+07 1.3977e+07
0.334 5.5164e+07 1.3956e+07
0.335 4.1498e+07 1.3935e+07
0.336 2.5425e+07 1.3914e+07
0.337 5.4918e+07 1.3894e+07
0.338 5.0514e+07 1.3873e+07
0.339 3.5689e+07 1.3852e+07
0.34 5.4085e+07 1.3832e+07
0.341 4.8887e+07 1.3812e+07
0.342 4.8797e+07 1.3791e+07
0.343 4.9673e+07 1.3771e+07
0.344 3.4743e+07 1.3751e+07
0.345 3.8516e+07 1.3731e+07
0.346 2.9974e+07 1.3711e+07
0.347 2.8909e+07 1.3691e+07
0.348 5.6601e+07 1.3671e+07
0.349 3.1405e+07 1.3652e+07
0.35 2.3268e+07 1.3632e+07
0.351 3.5923e+07 1.3612e+07
0.352 -2.0025e+06 1.3593e+07
0.353 5.7189e+06 1.3573e+07
0.354 3.0303e+07 1.3554e+07
0.355 3.8624e+07 1.3535e+07
0.356 2.2803e+07 1.3516e+07
0.357 1.189e+07 1.3497e+07
0.358 2.9207e+07 1.3478e+07
0.359 2.4124e+07 1.3459e+07
0.36 2.3196e+07 1.344e+07
0.361 1.8578e+07 1.3421e+07
0.362 1.9115e+07 1.3402e+07
0.363 2.5437e+07 1.3383e+07
0.364 3.7597e+07 1.3365e+07
0.365 3.1214e+07 1.3346e+07
0.366 4.6106e+07 1.3328e+07
0.367 1.1528e+07 1.331e+07
0.368 3.5491e+07 1.3291e+07
0.369 3.2728e+07 1.3273e+07
0.37 3.4898e+07 1.3255e+07
0.371 1.8006e+07 1.3237e+07
0.372 2.9519e+07 1.3219e+07
0.373 9.7464e+06 1.3201e+07
0.374 3.4017e+07 1.3183e+07
0.375 5.1498e+07 1.3165e+07
0.376 1.9725e+07 1.3148e+07
0.377 6.6861e+06 1.313e+07
0.378 8.5124e+06 1.3112e+07
0.379 5.9565e+07 1.3095e+07
0.38 2.2441e+07 1.3078e+07
0.381 3.3321e+07 1.306e+07
0.382 3.9075e+07 1.3043e+07
0.383 3.5697e+07 1.3026e+07
0.384 2.0106e+07 1.3009e+07
0.385 3.6379e+07 1.2992e+07
0.386 5.8437e+07 1.2975e+07
0.387 4.2275e+07 1.2958e+07
0.388 2.9083e+07 1.2941e+07
0.389 1.3844e+07 1.2925e+07
0.39 4.7888e+07 1.2908e+07
0.391 1.3415e+07 1.2891e+07
0.392 3.3625e+07 1.2875e+07
0.393 5.3083e+07 1.2859e+07
0.394 3.7154e+07 1.2842e+07
0.395 3.7928e+07 1.2826e+07
0.396 3.9428e+07 1.281e+07
0.397 4.716e+07 1.2794e+07
0.398 2.7413e+07 1.2778e+07
0.399 2.0956e+07 1.2762e+07
0.4 3.8994e+06 1.2746e+07
0.401 4.6272e+07 1.273e+07
0.402 3.5212e+07 1.2715e+07
0.403 2.8595e+07 1.2699e+07
0.404 2.6896e+07 1.2684e+07
0.405 4.3205e+07 1.2668e+07
0.406 2.6389e+07 1.2653e+07
0.407 3.3191e+07 1.2637e+07
0.408 2.3429e+07 1.2622e+07
0.409 2.6033e+07 1.2607e+07
0.41 3.265e+07 1.2592e+07
0.411 2.8181e+07 1.2577e+07
0.412 4.3644e+07 1.2562e+07
0.413 3.1341e+07 1.2547e+07
0.414 3.9672e+07 1.2532e+07
0.415 3.011e+07 1.2517e+07
0.416 2.544e+07 1.2502e+07
0.417 2.8397e+07 1.2487e+07
0.418 4.3546e+07 1.2473e+07
0.419 3.2504e+07 1.2458e+07
0.42 3.9059e+07 1.2444e+07
0.421 3.6928e+07 1.2429e+07
0.422 2.5268e+07 1.2415e+07
0.423 7.1432e+07 1.24e+07
0.424 3.0037e+07 1.2386e+07
0.425 4.5475e+07 1.2372e+07
0.426 3.77e+07 1.2357e+07
0.427 2.8031e+07 1.2343e+07
0.428 3.732e+07 1.2329e+07
0.429 1.6924e+07 1.2315e+07
0.43 3.2381e+07 1.2301e+07
0.431 6.6642e+07 1.2287e+07
0.432 3.9956e+07 1.2273e+07
0.433 3.961e+07 1.2259e+07
0.434 4.2636e+07 1.2245e+07
0.435 2.4663e+07 1.2231e+07
0.436 3.1976e+07 1.2217e+07
0.437 3.0833e+07 1.2203e+07
0.438 3.4655e+07 1.219e+07
0.439 2.4049e+07 1.2176e+07
0.44 3.4785e+07 1.2162e+07
0.441 4.1705e+07 1.2148e+07
0.442 3.0688e+07 1.2135e+07
0.443 2.5785e+07 1.2121e+07
0.444 3.5441e+07 1.2108e+07
0.445 3.4793e+07 1.2094e+07
0.446 3.8515e+07 1.2081e+07
0.447 3.4695e+07 1.2067e+07
0.448 3.6961e+07 1.2054e+07
0.449 2.5236e+07 1.204e+07
0.45 3.094e+07 1.2027e+07
0.451 4.4029e+07 1.2014e+07
0.452 3.5159e+07 1.2e+07
0.453 2.7272e+07 1.1987e+07
0.454 2.6577e+07 1.1974e+07
0.455 4.4395e+07 1.196e+07
0.456 2.1985e+07 1.1947e+07
0.457 3.7695e+07 1.1934e+07
0.458 2.1344e+07 1.1921e+07
0.459 4.5973e+07 1.1908e+07
0.46 3.2379e+07 1.1895e+07
0.461 2.8763e+07 1.1882e+07
0.462 2.4648e+07 1.1869e+07
0.463 2.4447e+07 1.1856e+07
0.464 3.3041e+07 1.1843e+07
0.465 5.1167e+07 1.183e+07
0.466 4.14e+07 1.1817e+07
0.467 2.2111e+07 1.1804e+07
0.468 3.5987e+07 1.1791e+07
0.469 2.7667e+07 1.1778e+07
0.47 3.5037e+07 1.1766e+07
0.471 4.6438e+07 1.1753e+07
0.472 1.4567e+07 1.174e+07
0.473 1.689e+07 1.1727e+07
0.474 3.4394e+07 1.1715e+07
0.475 1.5735e+07 1.1702e+07
0.476 1.7728e+07 1.169e+07
0.477 3.0323e+07 1.1677e+07
0.478 6.3606e+06 1.1665e+07
0.479 2.809e+07 1.1652e+07
0.48 2.6253e+07 1.164e+07
0.481 3.1253e+07 1.1627e+07
0.482 2.747e+07 1.1615e+07
0.483 4.4607e+07 1.1603e+07
0.484 3.8164e+07 1.1591e+07
0.485 3.7515e+07 1.1578e+07
0.486 2.4516e+07 1.1566e+07
0.487 3.2306e+07 1.1554e+07
0.488 2.2622e+07 1.1542e+07
0.489 5.7965e+07 1.153e+07
0.49 4.7476e+06 1.1518e+07
0.491 1.5746e+07 1.1506e+07
0.492 3.7409e+07 1.1494e+07
0.493 3.2468e+07 1.1482e+07
0.494 1.7222e+07 1.1471e+07
0.495 3.7571e+07 1.1459e+07
0.496 4.2879e+07 1.1447e+07
0.497 1.4286e+07 1.1435e+07
0.498 3.9233e+07 1.1424e+07
0.499 2.9518e+07 1.1412e+07
0.5 4.4555e+07 1.1401e+07
