0.001 1.6637e+10 9.376e+08
0.002 1.7429e+10 6.6285e+08
0.003 1.8571e+10 5.4104e+08
0.004 1.7166e+10 4.6835e+08
0.005 1.7696e+10 4.1866e+08
0.006 1.8148e+10 3.8192e+08
0.007 1.7303e+10 3.5329e+08
0.008 1.7659e+10 3.3016e+08
0.009 1.7381e+10 3.1094e+08
0.01 1.7155e+10 2.9463e+08
0.011 1.7754e+10 2.8054e+08
0.012 1.7602e+10 2.6821e+08
0.013 1.6776e+10 2.5727e+08
0.014 1.7199e+10 2.4749e+08
0.015 1.6665e+10 2.3866e+08
0.016 1.7313e+10 2.3063e+08
0.017 1.6767e+10 2.2328e+08
0.018 1.6937e+10 2.1651e+08
0.019 1.6663e+10 2.1024e+08
0.02 1.6361e+10 2.0442e+08
0.021 1.6927e+10 1.9898e+08
0.022 1.6302e+10 1.9388e+08
0.023 1.6495e+10 1.8909e+08
0.024 1.6066e+10 1.8456e+08
0.025 1.5949e+10 1.8028e+08
0.026 1.5874e+10 1.7622e+08
0.027 1.5693e+10 1.7236e+08
0.028 1.5432e+10 1.6868e+08
0.029 1.5384e+10 1.6517e+08
0.03 1.5157e+10 1.618e+08
0.031 1.4874e+10 1.5858e+08
0.032 1.499e+10 1.5548e+08
0.033 1.4879e+10 1.525e+08
0.034 1.4828e+10 1.4963e+08
0.035 1.4378e+10 1.4686e+08
0.036 1.4432e+10 1.4419e+08
0.037 1.3837e+10 1.416e+08
0.038 1.4062e+10 1.391e+08
0.039 1.3811e+10 1.3668e+08
0.04 1.383e+10 1.3433e+08
0.041 1.3489e+10 1.3204e+08
0.042 1.3325e+10 1.2983e+08
0.043 1.3068e+10 1.2767e+08
0.044 1.2878e+10 1.2557e+08
0.045 1.2821e+10 1.2353e+08
0.046 1.2639e+10 1.2154e+08
0.047 1.2413e+10 1.196e+08
0.048 1.2289e+10 1.177e+08
0.049 1.2003e+10 1.1586e+08
0.05 1.1856e+10 1.1405e+08
0.051 1.172e+10 1.1229e+08
0.052 1.1747e+10 1.1057e+08
0.053 1.134e+10 1.0888e+08
0.054 1.1136e+10 1.0723e+08
0.055 1.088e+10 1.0562e+08
0.056 1.0641e+10 1.0404e+08
0.057 1.0276e+10 1.025e+08
0.058 1.0424e+10 1.0099e+08
0.059 1.0131e+10 9.9508e+07
0.06 9.9991e+09 9.8058e+07
0.061 9.6629e+09 9.6637e+07
0.062 9.4664e+09 9.5245e+07
0.063 9.2916e+09 9.388e+07
0.064 9.0219e+09 9.2543e+07
0.065 8.9602e+09 9.1231e+07
0.066 8.7342e+09 8.9946e+07
0.067 8.6839e+09 8.8686e+07
0.068 8.4202e+09 8.745e+07
0.069 8.2509e+09 8.6238e+07
0.07 8.1575e+09 8.505e+07
0.071 7.9057e+09 8.3885e+07
0.072 7.8445e+09 8.2743e+07
0.073 7.6688e+09 8.1623e+07
0.074 7.327e+09 8.0524e+07
0.075 7.2134e+09 7.9447e+07
0.076 7.1573e+09 7.8391e+07
0.077 6.9729e+09 7.7355e+07
0.078 6.802e+09 7.634e+07
0.079 6.6036e+09 7.5345e+07
0.08 6.3857e+09 7.4369e+07
0.081 6.3271e+09 7.3413e+07
0.082 6.3321e+09 7.2476e+07
0.083 6.0812e+09 7.1557e+07
0.084 5.8932e+09 7.0657e+07
0.085 5.6859e+09 6.9775e+07
0.086 5.6148e+09 6.891e+07
0.087 5.389e+09 6.8064e+07
0.088 5.3629e+09 6.7234e+07
0.089 5.3081e+09 6.6422e+07
0.09 5.0879e+09 6.5627e+07
0.091 4.8921e+09 6.4848e+07
0.092 4.7592e+09 6.4085e+07
0.093 4.6418e+09 6.3339e+07
0.094 4.6362e+09 6.2608e+07
0.095 4.4505e+09 6.1893e+07
0.096 4.3206e+09 6.1193e+07
0.097 4.1848e+09 6.0508e+07
0.098 4.0762e+09 5.9838e+07
0.099 4.0579e+09 5.9183e+07
0.1 3.9628e+09 5.8542e+07
0.101 3.7962e+09 5.7915e+07
0.102 3.7219e+09 5.7302e+07
0.103 3.7193e+09 5.6702e+07
0.104 3.5336e+09 5.6116e+07
0.105 3.4513e+09 5.5543e+07
0.106 3.4716e+09 5.4983e+07
0.107 3.2412e+09 5.4435e+07
0.108 3.1808e+09 5.39e+07
0.109 3.1612e+09 5.3377e+07
0.11 3.068e+09 5.2866e+07
0.111 2.9324e+09 5.2366e+07
0.112 2.939e+09 5.1878e+07
0.113 2.7919e+09 5.1401e+07
0.114 2.7226e+09 5.0935e+07
0.115 2.7623e+09 5.048e+07
0.116 2.6158e+09 5.0035e+07
0.117 2.5571e+09 4.96e+07
0.118 2.4289e+09 4.9176e+07
0.119 2.4038e+09 4.876e+07
0.12 2.3769e+09 4.8355e+07
0.121 2.3034e+09 4.7959e+07
0.122 2.2878e+09 4.7571e+07
0.123 2.2044e+09 4.7193e+07
0.124 2.153e+09 4.6823e+07
0.125 2.0204e+09 4.6461e+07
0.126 2.0505e+09 4.6108e+07
0.127 1.9499e+09 4.5762e+07
0.128 1.9359e+09 4.5424e+07
0.129 1.889e+09 4.5093e+07
0.13 1.8308e+09 4.477e+07
0.131 1.85e+09 4.4454e+07
0.132 1.7415e+09 4.4144e+07
0.133 1.706e+09 4.3842e+07
0.134 1.6689e+09 4.3545e+07
0.135 1.6505e+09 4.3255e+07
0.136 1.5444e+09 4.2971e+07
0.137 1.5908e+09 4.2693e+07
0.138 1.6026e+09 4.2421e+07
0.139 1.4618e+09 4.2154e+07
0.14 1.4582e+09 4.1892e+07
0.141 1.4606e+09 4.1636e+07
0.142 1.4802e+09 4.1385e+07
0.143 1.3934e+09 4.1138e+07
0.144 1.2896e+09 4.0896e+07
0.145 1.3089e+09 4.0659e+07
0.146 1.1878e+09 4.0427e+07
0.147 1.2072e+09 4.0198e+07
0.148 1.2755e+09 3.9974e+07
0.149 1.1719e+09 3.9754e+07
0.15 1.1479e+09 3.9538e+07
0.151 1.1109e+09 3.9325e+07
0.152 1.1267e+09 3.9117e+07
0.153 1.0502e+09 3.8912e+07
0.154 1.0678e+09 3.871e+07
0.155 1.0183e+09 3.8512e+07
0.156 9.3915e+08 3.8317e+07
0.157 1.1062e+09 3.8125e+07
0.158 9.6745e+08 3.7936e+07
0.159 9.2978e+08 3.775e+07
0.16 9.4415e+08 3.7567e+07
0.161 9.6424e+08 3.7387e+07
0.162 9.2634e+08 3.721e+07
0.163 8.9544e+08 3.7035e+07
0.164 8.1817e+08 3.6863e+07
0.165 8.6575e+08 3.6694e+07
0.166 8.6545e+08 3.6527e+07
0.167 8.5846e+08 3.6362e+07
0.168 7.8337e+08 3.62e+07
0.169 7.8513e+08 3.604e+07
0.17 7.6895e+08 3.5883e+07
0.171 7.8905e+08 3.5727e+07
0.172 7.2197e+08 3.5574e+07
0.173 7.2426e+08 3.5423e+07
0.174 7.2668e+08 3.5274e+07
0.175 7.0677e+08 3.5127e+07
0.176 6.7455e+08 3.4982e+07
0.177 6.4616e+08 3.4839e+07
0.178 6.7838e+08 3.4698e+07
0.179 6.798e+08 3.4558e+07
0.18 6.3206e+08 3.4421e+07
0.181 6.3421e+08 3.4285e+07
0.182 5.5328e+08 3.4151e+07
0.183 6.3082e+08 3.4019e+07
0.184 6.472e+08 3.3889e+07
0.185 6.0735e+08 3.376e+07
0.186 5.8993e+08 3.3633e+07
0.187 5.5284e+08 3.3508e+07
0.188 5.1381e+08 3.3384e+07
0.189 5.2645e+08 3.3262e+07
0.19 4.9704e+08 3.3141e+07
0.191 4.829e+08 3.3022e+07
0.192 4.9923e+08 3.2904e+07
0.193 5.0693e+08 3.2788e+07
0.194 4.6146e+08 3.2674e+07
0.195 4.9703e+08 3.256e+07
0.196 4.3771e+08 3.2448e+07
0.197 4.6667e+08 3.2338e+07
0.198 4.485e+08 3.2229e+07
0.199 4.1259e+08 3.2121e+07
0.2 3.8281e+08 3.2015e+07
0.201 4.3633e+08 3.191e+07
0.202 4.6216e+08 3.1806e+07
0.203 3.7291e+08 3.1703e+07
0.204 3.5364e+08 3.1602e+07
0.205 4.0214e+08 3.1502e+07
0.206 3.858e+08 3.1403e+07
0.207 3.6238e+08 3.1306e+07
0.208 3.3381e+08 3.1209e+07
0.209 3.986e+08 3.1114e+07
0.21 3.6003e+08 3.1019e+07
0.211 3.3916e+08 3.0926e+07
0.212 3.5052e+08 3.0834e+07
0.213 3.8145e+08 3.0743e+07
0.214 3.6886e+08 3.0653e+07
0.215 3.3299e+08 3.0564e+07
0.216 3.4107e+08 3.0476e+07
0.217 3.962e+08 3.0389e+07
0.218 3.0111e+08 3.0303e+07
0.219 2.7901e+08 3.0218e+07
0.22 2.8345e+08 3.0134e+07
0.221 2.5441e+08 3.0051e+07
0.222 3.3145e+08 2.9968e+07
0.223 2.9433e+08 2.9887e+07
0.224 2.8589e+08 2.9806e+07
0.225 2.4315e+08 2.9726e+07
0.226 2.816e+08 2.9647e+07
0.227 2.655e+08 2.9569e+07
0.228 2.8871e+08 2.9491e+07
0.229 2.7312e+08 2.9415e+07
0.23 2.2554e+08 2.9339e+07
0.231 1.9764e+08 2.9263e+07
0.232 2.5168e+08 2.9189e+07
0.233 2.4536e+08 2.9115e+07
0.234 2.4339e+08 2.9042e+07
0.235 1.6439e+08 2.8969e+07
0.236 2.0802e+08 2.8897e+07
0.237 1.9505e+08 2.8826e+07
0.238 2.0004e+08 2.8755e+07
0.239 2.3665e+08 2.8685e+07
0.24 2.2878e+08 2.8616e+07
0.241 2.4817e+08 2.8547e+07
0.242 2.0861e+08 2.8479e+07
0.243 1.5809e+08 2.8411e+07
0.244 2.1503e+08 2.8344e+07
0.245 1.7629e+08 2.8277e+07
0.246 1.7954e+08 2.8211e+07
0.247 1.8293e+08 2.8146e+07
0.248 1.9375e+08 2.808e+07
0.249 1.8294e+08 2.8016e+07
0.25 2.0509e+08 2.7952e+07
0.251 1.5848e+08 2.7888e+07
0.252 2.0907e+08 2.7825e+07
0.253 2.0413e+08 2.7762e+07
0.254 1.4093e+08 2.77e+07
0.255 8.2794e+07 2.7638e+07
0.256 1.8735e+08 2.7577e+07
0.257 1.5926e+08 2.7516e+07
0.258 1.3389e+08 2.7456e+07
0.259 1.5806e+08 2.7396e+07
0.26 1.1549e+08 2.7336e+07
0.261 1.0545e+08 2.7277e+07
0.262 1.8302e+08 2.7218e+07
0.263 1.0818e+08 2.716e+07
0.264 1.5278e+08 2.7102e+07
0.265 1.0146e+08 2.7045e+07
0.266 1.0981e+08 2.6988e+07
0.267 1.9162e+08 2.6931e+07
0.268 1.4043e+08 2.6875e+07
0.269 1.0987e+08 2.6819e+07
0.27 1.5061e+08 2.6763e+07
0.271 1.0515e+08 2.6708e+07
0.272 7.0681e+07 2.6653e+07
0.273 1.156e+08 2.6599e+07
0.274 9.425e+07 2.6545e+07
0.275 1.2614e+08 2.6491e+07
0.276 1.2306e+08 2.6438e+07
0.277 1.2857e+08 2.6385e+07
0.278 9.4806e+07 2.6333e+07
0.279 1.4002e+08 2.6281e+07
0.28 1.2679e+08 2.6229e+07
0.281 1.1664e+08 2.6178e+07
0.282 1.0096e+08 2.6127e+07
0.283 6.4926e+07 2.6076e+07
0.284 9.1122e+07 2.6026e+07
0.285 1.0232e+08 2.5976e+07
0.286 1.0008e+08 2.5926e+07
0.287 9.3965e+07 2.5877e+07
0.288 1.5275e+08 2.5828e+07
0.289 8.6234e+07 2.5779e+07
0.29 1.0167e+08 2.5731e+07
0.291 5.5627e+07 2.5683e+07
0.292 1.026e+08 2.5636e+07
0.293 6.9806e+07 2.5589e+07
0.294 5.3284e+07 2.5542e+07
0.295 8.5388e+07 2.5496e+07
0.296 1.0591e+08 2.5449e+07
0.297 9.3704e+07 2.5404e+07
0.298 8.6411e+07 2.5358e+07
0.299 7.0554e+07 2.5313e+07
0.3 1.0569e+08 2.5268e+07
0.301 6.0045e+07 2.5223e+07
0.302 1.0792e+08 2.5179e+07
0.303 1.0864e+08 2.5135e+07
0.304 1.0716e+08 2.5092e+07
0.305 1.0861e+08 2.5048e+07
0.306 7.4986e+07 2.5005e+07
0.307 2.9319e+07 2.4963e+07
0.308 9.7055e+07 2.492e+07
0.309 9.0981e+07 2.4878e+07
0.31 8.7604e+07 2.4836e+07
0.311 7.8348e+07 2.4795e+07
0.312 9.0901e+07 2.4753e+07
0.313 8.2048e+07 2.4712e+07
0.314 6.5061e+07 2.4672e+07
0.315 9.0348e+07 2.4631e+07
0.316 5.904e+07 2.4591e+07
0.317 5.9523e+07 2.4551e+07
0.318 6.5937e+07 2.4511e+07
0.319 4.862e+07 2.4472e+07
0.32 5.2754e+07 2.4432e+07
0.321 1.065e+08 2.4393e+07
0.322 8.522e+07 2.4355e+07
0.323 1.1181e+08 2.4316e+07
0.324 6.9495e+07 2.4278e+07
0.325 9.6548e+07 2.424e+07
0.326 7.6477e+07 2.4202e+07
0.327 7.0617e+07 2.4164e+07
0.328 3.9117e+07 2.4127e+07
0.329 9.4085e+07 2.4089e+07
0.33 6.6339e+07 2.4052e+07
0.331 7.7046e+07 2.4015e+07
0.332 9.1349e+07 2.3979e+07
0.333 6.8291e+06 2.3942e+07
0.334 6.0514e+07 2.3906e+07
0.335 7.3105e+07 2.387e+07
0.336 5.4739e+07 2.3834e+07
0.337 6.6635e+07 2.3798e+07
0.338 2.0011e+07 2.3763e+07
0.339 1.5358e+07 2.3727e+07
0.34 6.8901e+07 2.3692e+07
0.341 5.9424e+07 2.3657e+07
0.342 5.4413e+07 2.3622e+07
0.343 7.9981e+07 2.3588e+07
0.344 7.2981e+07 2.3553e+07
0.345 4.7611e+07 2.3519e+07
0.346 8.3374e+07 2.3484e+07
0.347 6.6811e+07 2.345e+07
0.348 5.4537e+07 2.3416e+07
0.349 6.1852e+07 2.3383e+07
0.35 5.2139e+07 2.3349e+07
0.351 4.1888e+07 2.3316e+07
0.352 5.0677e+07 2.3282e+07
0.353 7.0829e+07 2.3249e+07
0.354 7.1156e+07 2.3216e+07
0.355 1.1532e+07 2.3183e+07
0.356 5.7075e+07 2.315e+07
0.357 2.3611e+07 2.3118e+07
0.358 6.5011e+07 2.3085e+07
0.359 2.888e+07 2.3053e+07
0.36 8.5198e+07 2.302e+07
0.361 4.5232e+07 2.2988e+07
0.362 1.2937e+08 2.2956e+07
0.363 5.9074e+07 2.2925e+07
0.364 8.6308e+07 2.2893e+07
0.365 2.3201e+07 2.2861e+07
0.366 5.332e+07 2.283e+07
0.367 7.3638e+07 2.2798e+07
0.368 9.2732e+07 2.2767e+07
0.369 2.9703e+07 2.2736e+07
0.37 1.1186e+08 2.2705e+07
0.371 7.2399e+07 2.2674e+07
0.372 3.5202e+07 2.2644e+07
0.373 3.3933e+07 2.2613e+07
0.374 5.1279e+07 2.2583e+07
0.375 4.4111e+07 2.2553e+07
0.376 2.3436e+07 2.2522e+07
0.377 5.1916e+07 2.2492e+07
0.378 2.3683e+07 2.2462e+07
0.379 6.0051e+07 2.2433e+07
0.38 2.4963e+07 2.2403e+07
0.381 5.2166e+07 2.2373e+07
0.382 5.3575e+07 2.2344e+07
0.383 3.383e+07 2.2315e+07
0.384 6.1934e+07 2.2286e+07
0.385 5.4982e+07 2.2257e+07
0.386 9.1869e+07 2.2228e+07
0.387 8.5673e+07 2.2199e+07
0.388 5.4332e+07 2.217e+07
0.389 5.8629e+07 2.2142e+07
0.39 4.44e+07 2.2113e+07
0.391 3.449e+07 2.2085e+07
0.392 6.4912e+07 2.2057e+07
0.393 6.6417e+07 2.2029e+07
0.394 5.1415e+07 2.2001e+07
0.395 1.2252e+07 2.1973e+07
0.396 9.5297e+07 2.1945e+07
0.397 6.8833e+07 2.1918e+07
0.398 7.6831e+07 2.189e+07
0.399 7.143e+07 2.1863e+07
0.4 6.3639e+07 2.1835e+07
0.401 4.8833e+07 2.1808e+07
0.402 6.5985e+07 2.1781e+07
0.403 7.0203e+07 2.1754e+07
0.404 5.3975e+07 2.1728e+07
0.405 2.144e+07 2.1701e+07
0.406 7.8541e+07 2.1674e+07
0.407 6.9775e+07 2.1648e+07
0.408 4.749e+07 2.1621e+07
0.409 4.4259e+07 2.1595e+07
0.41 6.072e+07 2.1569e+07
0.411 8.256e+07 2.1543e+07
0.412 5.6278e+07 2.1517e+07
0.413 7.843e+07 2.1491e+07
0.414 9.2208e+07 2.1465e+07
0.415 8.1444e+07 2.144e+07
0.416 9.4114e+07 2.1414e+07
0.417 6.9077e+07 2.1389e+07
0.418 4.3967e+07 2.1363e+07
0.419 8.1919e+07 2.1338e+07
0.42 7.2546e+07 2.1313e+07
0.421 3.7089e+07 2.1288e+07
0.422 7.1441e+07 2.1263e+07
0.423 5.4834e+07 2.1238e+07
0.424 8.5299e+07 2.1213e+07
0.425 9.2679e+07 2.1188e+07
0.426 7.9287e+07 2.1163e+07
0.427 1.1198e+08 2.1139e+07
0.428 6.9267e+07 2.1114e+07
0.429 9.0229e+06 2.109e+07
0.43 8.2477e+07 2.1066e+07
0.431 5.6918e+07 2.1041e+07
0.432 1.0564e+08 2.1017e+07
0.433 6.987e+07 2.0993e+07
0.434 9.3395e+07 2.0969e+07
0.435 6.8167e+07 2.0945e+07
0.436 4.8381e+07 2.0921e+07
0.437 5.0244e+07 2.0897e+07
0.438 8.2447e+07 2.0873e+07
0.439 4.4047e+07 2.085e+07
0.44 7.2131e+07 2.0826e+07
0.441 6.9838e+07 2.0803e+07
0.442 5.8687e+07 2.0779e+07
0.443 5.3508e+07 2.0756e+07
0.444 4.2388e+07 2.0732e+07
0.445 6.32e+07 2.0709e+07
0.446 8.4111e+07 2.0686e+07
0.447 8.9968e+07 2.0662e+07
0.448 7.337e+07 2.0639e+07
0.449 4.8383e+07 2.0616e+07
0.45 7.733e+07 2.0593e+07
0.451 2.8646e+07 2.057e+07
0.452 4.5349e+07 2.0548e+07
0.453 7.3439e+07 2.0525e+07
0.454 9.4522e+07 2.0502e+07
0.455 3.8027e+07 2.0479e+07
0.456 5.6829e+07 2.0457e+07
0.457 1.0461e+08 2.0434e+07
0.458 8.9572e+07 2.0412e+07
0.459 6.7935e+07 2.0389e+07
0.46 5.9291e+07 2.0367e+07
0.461 7.8481e+07 2.0345e+07
0.462 3.9969e+07 2.0322e+07
0.463 7.0812e+07 2.03e+07
0.464 7.722e+07 2.0278e+07
0.465 7.3649e+07 2.0256e+07
0.466 7.1716e+07 2.0234e+07
0.467 5.3895e+07 2.0212e+07
0.468 4.5539e+07 2.019e+07
0.469 5.5312e+07 2.0168e+07
0.47 6.9082e+07 2.0146e+07
0.471 6.819e+07 2.0125e+07
0.472 5.364e+07 2.0103e+07
0.473 6.3716e+07 2.0082e+07
0.474 7.1477e+07 2.006e+07
0.475 2.4216e+07 2.0039e+07
0.476 8.8426e+07 2.0017e+07
0.477 4.6419e+07 1.9996e+07
0.478 8.7018e+07 1.9975e+07
0.479 6.9388e+07 1.9953e+07
0.48 5.9351e+07 1.9932e+07
0.481 1.0857e+08 1.9911e+07
0.482 7.0045e+07 1.989e+07
0.483 2.6868e+07 1.9869e+07
0.484 4.4227e+07 1.9849e+07
0.485 5.3169e+07 1.9828e+07
0.486 7.8846e+07 1.9807e+07
0.487 7.2572e+07 1.9786e+07
0.488 5.3241e+07 1.9766e+07
0.489 4.3774e+07 1.9745e+07
0.49 3.5894e+07 1.9725e+07
0.491 6.3009e+07 1.9704e+07
0.492 6.2535e+07 1.9684e+07
0.493 6.9179e+07 1.9664e+07
0.494 7.6676e+07 1.9644e+07
0.495 4.8062e+07 1.9624e+07
0.496 7.3338e+07 1.9604e+07
0.497 5.4355e+07 1.9584e+07
0.498 6.6598e+07 1.9564e+07
0.499 4.7254e+07 1.9544e+07
0.5 5.5045e+07 1.9524e+07
