0.001 8.3663e+08 1.6733e+07
0.002 1.0089e+09 2.0179e+07
0.003 9.5383e+08 1.9077e+07
0.004 9.8814e+08 1.9763e+07
0.005 9.7487e+08 1.9497e+07
0.006 9.5504e+08 1.9101e+07
0.007 9.473e+08 1.8946e+07
0.008 9.485e+08 1.897e+07
0.009 9.4381e+08 1.8876e+07
0.01 9.467e+08 1.8934e+07
0.011 9.5826e+08 1.9165e+07
0.012 9.5684e+08 1.9137e+07
0.013 9.8125e+08 1.9625e+07
0.014 9.3374e+08 1.8675e+07
0.015 9.1963e+08 1.8393e+07
0.016 9.4063e+08 1.8813e+07
0.017 9.444e+08 1.8888e+07
0.018 9.4701e+08 1.894e+07
0.019 9.5636e+08 1.9127e+07
0.02 9.263e+08 1.8526e+07
0.021 9.2043e+08 1.8409e+07
0.022 9.1899e+08 1.838e+07
0.023 9.117e+08 1.8234e+07
0.024 8.9417e+08 1.7883e+07
0.025 9.0149e+08 1.803e+07
0.026 9.1335e+08 1.8267e+07
0.027 9.0992e+08 1.8198e+07
0.028 9.0112e+08 1.8022e+07
0.029 9.0931e+08 1.8186e+07
0.03 9.0036e+08 1.8007e+07
0.031 8.7316e+08 1.7463e+07
0.032 8.809e+08 1.7618e+07
0.033 8.9085e+08 1.7817e+07
0.034 8.8635e+08 1.7727e+07
0.035 8.7154e+08 1.7431e+07
0.036 8.8397e+08 1.7679e+07
0.037 8.9275e+08 1.7855e+07
0.038 8.6453e+08 1.7291e+07
0.039 8.473e+08 1.6946e+07
0.04 8.5156e+08 1.7031e+07
0.041 8.5091e+08 1.7018e+07
0.042 8.5558e+08 1.7112e+07
0.043 8.5324e+08 1.7065e+07
0.044 8.4871e+08 1.6974e+07
0.045 8.389e+08 1.6778e+07
0.046 8.2739e+08 1.6548e+07
0.047 8.2006e+08 1.6401e+07
0.048 8.1013e+08 1.6203e+07
0.049 8.0348e+08 1.607e+07
0.05 8.0573e+08 1.6115e+07
0.051 7.8793e+08 1.5759e+07
0.052 7.9347e+08 1.5869e+07
0.053 7.8793e+08 1.5759e+07
0.054 7.9521e+08 1.5904e+07
0.055 7.8963e+08 1.5793e+07
0.056 7.6704e+08 1.5341e+07
0.057 7.5356e+08 1.5071e+07
0.058 7.4876e+08 1.4975e+07
0.059 7.5369e+08 1.5074e+07
0.06 7.3497e+08 1.4699e+07
0.061 7.3228e+08 1.4646e+07
0.062 7.3191e+08 1.4638e+07
0.063 7.3163e+08 1.4633e+07
0.064 7.1282e+08 1.4256e+07
0.065 7.052e+08 1.4104e+07
0.066 7.0098e+08 1.402e+07
0.067 6.9613e+08 1.3923e+07
0.068 6.8216e+08 1.3643e+07
0.069 6.8208e+08 1.3642e+07
0.07 6.6835e+08 1.3367e+07
0.071 6.7037e+08 1.3407e+07
0.072 6.646e+08 1.3292e+07
0.073 6.5774e+08 1.3155e+07
0.074 6.5821e+08 1.3164e+07
0.075 6.451e+08 1.2902e+07
0.076 6.4056e+08 1.2811e+07
0.077 6.1816e+08 1.2363e+07
0.078 6.2027e+08 1.2405e+07
0.079 6.1809e+08 1.2362e+07
0.08 6.0442e+08 1.2088e+07
0.081 5.9541e+08 1.1908e+07
0.082 5.8734e+08 1.1747e+07
0.083 5.8621e+08 1.1724e+07
0.084 5.8171e+08 1.1634e+07
0.085 5.7152e+08 1.143e+07
0.086 5.6472e+08 1.1294e+07
0.087 5.5631e+08 1.1126e+07
0.088 5.5375e+08 1.1075e+07
0.089 5.5059e+08 1.1012e+07
0.09 5.422e+08 1.0844e+07
0.091 5.3372e+08 1.0674e+07
0.092 5.2145e+08 1.0429e+07
0.093 5.0582e+08 1.0116e+07
0.094 5.1133e+08 1.0227e+07
0.095 5.0948e+08 1.019e+07
0.096 4.9876e+08 9.9753e+06
0.097 4.8867e+08 9.7734e+06
0.098 4.8427e+08 9.6855e+06
0.099 4.8843e+08 9.7686e+06
0.1 4.7254e+08 9.4508e+06
0.101 4.7636e+08 9.5271e+06
0.102 4.5968e+08 9.1937e+06
0.103 4.5654e+08 9.1307e+06
0.104 4.5781e+08 9.1563e+06
0.105 4.3552e+08 8.7105e+06
0.106 4.336e+08 8.6719e+06
0.107 4.3189e+08 8.6379e+06
0.108 4.1954e+08 8.3907e+06
0.109 4.1162e+08 8.2325e+06
0.11 3.9845e+08 7.969e+06
0.111 4.004e+08 8.008e+06
0.112 4.0244e+08 8.0489e+06
0.113 3.8171e+08 7.6342e+06
0.114 3.7792e+08 7.5584e+06
0.115 3.6991e+08 7.3982e+06
0.116 3.7e+08 7.3999e+06
0.117 3.6398e+08 7.2797e+06
0.118 3.5775e+08 7.155e+06
0.119 3.5245e+08 7.049e+06
0.12 3.434e+08 6.8681e+06
0.121 3.3566e+08 6.7132e+06
0.122 3.37e+08 6.7399e+06
0.123 3.3108e+08 6.6216e+06
0.124 3.2962e+08 6.5925e+06
0.125 3.1669e+08 6.3338e+06
0.126 3.218e+08 6.436e+06
0.127 3.1914e+08 6.3827e+06
0.128 2.9908e+08 5.9817e+06
0.129 2.9586e+08 5.9172e+06
0.13 2.9475e+08 5.8951e+06
0.131 2.9058e+08 5.8117e+06
0.132 2.7715e+08 5.5429e+06
0.133 2.7978e+08 5.5957e+06
0.134 2.8064e+08 5.6129e+06
0.135 2.7061e+08 5.4121e+06
0.136 2.5463e+08 5.0925e+06
0.137 2.5691e+08 5.1382e+06
0.138 2.5234e+08 5.0467e+06
0.139 2.5157e+08 5.0314e+06
0.14 2.4804e+08 4.9607e+06
0.141 2.3817e+08 4.7633e+06
0.142 2.3388e+08 4.6776e+06
0.143 2.3148e+08 4.6296e+06
0.144 2.2671e+08 4.5342e+06
0.145 2.2665e+08 4.5329e+06
0.146 2.1266e+08 4.2533e+06
0.147 2.0425e+08 4.0849e+06
0.148 2.0943e+08 4.1885e+06
0.149 2.0363e+08 4.0726e+06
0.15 1.9754e+08 3.9507e+06
0.151 1.9776e+08 3.9551e+06
0.152 1.8966e+08 3.7933e+06
0.153 1.8527e+08 3.7054e+06
0.154 1.7783e+08 3.5565e+06
0.155 1.8349e+08 3.6697e+06
0.156 1.8024e+08 3.6049e+06
0.157 1.703e+08 3.406e+06
0.158 1.6856e+08 3.3711e+06
0.159 1.6735e+08 3.347e+06
0.16 1.6782e+08 3.3563e+06
0.161 1.6074e+08 3.2147e+06
0.162 1.627e+08 3.254e+06
0.163 1.5364e+08 3.0729e+06
0.164 1.59e+08 3.1799e+06
0.165 1.5293e+08 3.0586e+06
0.166 1.4741e+08 2.9482e+06
0.167 1.4239e+08 2.8478e+06
0.168 1.3769e+08 2.7538e+06
0.169 1.4111e+08 2.8221e+06
0.17 1.3216e+08 2.6432e+06
0.171 1.2995e+08 2.599e+06
0.172 1.3123e+08 2.6246e+06
0.173 1.2062e+08 2.4124e+06
0.174 1.1987e+08 2.3975e+06
0.175 1.2233e+08 2.4466e+06
0.176 1.1605e+08 2.3209e+06
0.177 1.088e+08 2.1759e+06
0.178 1.1283e+08 2.2565e+06
0.179 1.0972e+08 2.1943e+06
0.18 1.0574e+08 2.1149e+06
0.181 1.0766e+08 2.1532e+06
0.182 1.1097e+08 2.2193e+06
0.183 9.7853e+07 1.9571e+06
0.184 1.0121e+08 2.0243e+06
0.185 9.6172e+07 1.9234e+06
0.186 9.5821e+07 1.9164e+06
0.187 9.5283e+07 1.9057e+06
0.188 9.1974e+07 1.8395e+06
0.189 9.3123e+07 1.8625e+06
0.19 9.0514e+07 1.8103e+06
0.191 8.848e+07 1.7696e+06
0.192 8.1777e+07 1.6355e+06
0.193 8.6108e+07 1.7222e+06
0.194 8.465e+07 1.693e+06
0.195 7.8013e+07 1.5603e+06
0.196 8.0107e+07 1.6021e+06
0.197 7.2746e+07 1.4549e+06
0.198 7.3674e+07 1.4735e+06
0.199 7.0628e+07 1.4126e+06
0.2 7.1733e+07 1.4347e+06
0.201 7.0259e+07 1.4052e+06
0.202 6.5996e+07 1.3199e+06
0.203 6.5474e+07 1.3095e+06
0.204 6.5818e+07 1.3164e+06
0.205 6.5667e+07 1.3133e+06
0.206 5.8881e+07 1.1776e+06
0.207 6.4822e+07 1.2964e+06
0.208 6.5343e+07 1.3069e+06
0.209 6.0083e+07 1.2017e+06
0.21 5.6107e+07 1.1221e+06
0.211 6.1886e+07 1.2377e+06
0.212 5.7378e+07 1.1476e+06
0.213 5.5608e+07 1.1122e+06
0.214 5.2106e+07 1.0421e+06
0.215 5.0412e+07 1.0082e+06
0.216 5.06e+07 1.012e+06
0.217 4.8131e+07 9.6261e+05
0.218 5.3055e+07 1.0611e+06
0.219 4.5539e+07 9.1078e+05
0.22 4.7784e+07 9.5568e+05
0.221 4.8604e+07 9.7209e+05
0.222 4.6925e+07 9.3851e+05
0.223 4.4484e+07 8.8967e+05
0.224 4.7245e+07 9.449e+05
0.225 4.2865e+07 8.573e+05
0.226 4.1705e+07 8.341e+05
0.227 4.2052e+07 8.4104e+05
0.228 4.5008e+07 9.0017e+05
0.229 3.8245e+07 7.649e+05
0.23 4.396e+07 8.7921e+05
0.231 3.9184e+07 7.8367e+05
0.232 3.5867e+07 7.1734e+05
0.233 3.6667e+07 7.3335e+05
0.234 3.0768e+07 6.1536e+05
0.235 3.2038e+07 6.4075e+05
0.236 3.7684e+07 7.5369e+05
0.237 3.7883e+07 7.5767e+05
0.238 3.4384e+07 6.8769e+05
0.239 3.7746e+07 7.5492e+05
0.24 3.6459e+07 7.2918e+05
0.241 3.3041e+07 6.6082e+05
0.242 2.9235e+07 5.8471e+05
0.243 3.2337e+07 6.4674e+05
0.244 3.183e+07 6.366e+05
0.245 3.1414e+07 6.2827e+05
0.246 3.428e+07 6.8559e+05
0.247 2.9375e+07 5.875e+05
0.248 2.9398e+07 5.8796e+05
0.249 2.9114e+07 5.8228e+05
0.25 3.1425e+07 6.2851e+05
0.251 2.5252e+07 5.0504e+05
0.252 2.7622e+07 5.5244e+05
0.253 2.3305e+07 4.661e+05
0.254 2.3038e+07 4.6077e+05
0.255 2.5865e+07 5.173e+05
0.256 2.297e+07 4.5939e+05
0.257 2.3988e+07 4.7976e+05
0.258 2.5028e+07 5.0056e+05
0.259 2.2344e+07 4.4689e+05
0.26 2.2992e+07 4.5984e+05
0.261 2.4022e+07 4.8044e+05
0.262 2.3384e+07 4.6769e+05
0.263 2.1296e+07 4.2592e+05
0.264 1.7442e+07 3.4884e+05
0.265 2.3006e+07 4.6012e+05
0.266 2.287e+07 4.574e+05
0.267 2.0918e+07 4.1835e+05
0.268 2.2129e+07 4.4258e+05
0.269 2.2772e+07 4.5544e+05
0.27 2.118e+07 4.2361e+05
0.271 1.7845e+07 3.5689e+05
0.272 2.3854e+07 4.7709e+05
0.273 1.5443e+07 3.0886e+05
0.274 2.0995e+07 4.1991e+05
0.275 2.3654e+07 4.7309e+05
0.276 2.1558e+07 4.3117e+05
0.277 1.5844e+07 3.1688e+05
0.278 2.0307e+07 4.0614e+05
0.279 2.1538e+07 4.3076e+05
0.28 1.4895e+07 2.979e+05
0.281 1.8683e+07 3.7366e+05
0.282 1.1602e+07 2.3204e+05
0.283 1.3195e+07 2.6391e+05
0.284 1.1533e+07 2.3065e+05
0.285 1.558e+07 3.116e+05
0.286 1.8877e+07 3.7755e+05
0.287 1.5471e+07 3.0942e+05
0.288 1.4441e+07 2.8881e+05
0.289 1.3234e+07 2.6468e+05
0.29 1.7995e+07 3.599e+05
0.291 1.1821e+07 2.3643e+05
0.292 1.6646e+07 3.3292e+05
0.293 1.4014e+07 2.8028e+05
0.294 1.7822e+07 3.5644e+05
0.295 1.344e+07 2.688e+05
0.296 9.9339e+06 1.9868e+05
0.297 1.4964e+07 2.9928e+05
0.298 1.7011e+07 3.4021e+05
0.299 1.3545e+07 2.709e+05
0.3 1.3392e+07 2.6784e+05
0.301 1.556e+07 3.1121e+05
0.302 4.8158e+06 96316
0.303 1.0424e+07 2.0847e+05
0.304 1.2915e+07 2.5831e+05
0.305 1.3164e+07 2.6327e+05
0.306 1.1129e+07 2.2258e+05
0.307 1.0912e+07 2.1824e+05
0.308 9.5043e+06 1.9009e+05
0.309 1.3714e+07 2.7427e+05
0.31 8.5197e+06 1.7039e+05
0.311 1.0899e+07 2.1799e+05
0.312 1.1058e+07 2.2116e+05
0.313 7.5608e+06 1.5122e+05
0.314 1.3192e+07 2.6384e+05
0.315 1.2044e+07 2.4089e+05
0.316 1.1788e+07 2.3577e+05
0.317 7.2726e+06 1.4545e+05
0.318 1.1164e+07 2.2327e+05
0.319 1.2375e+07 2.475e+05
0.32 6.4868e+06 1.2974e+05
0.321 1.0579e+07 2.1158e+05
0.322 5.3416e+06 1.0683e+05
0.323 1.264e+07 2.5281e+05
0.324 9.4255e+06 1.8851e+05
0.325 1.0828e+07 2.1656e+05
0.326 9.2355e+06 1.8471e+05
0.327 8.325e+06 1.665e+05
0.328 6.494e+06 1.2988e+05
0.329 6.3402e+06 1.268e+05
0.33 8.995e+06 1.799e+05
0.331 8.8502e+06 1.77e+05
0.332 8.8544e+06 1.7709e+05
0.333 8.6552e+06 1.731e+05
0.334 6.1732e+06 1.2346e+05
0.335 1.0744e+07 2.1488e+05
0.336 7.6707e+06 1.5341e+05
0.337 7.2032e+06 1.4406e+05
0.338 1.1229e+07 2.2458e+05
0.339 8.4374e+06 1.6875e+05
0.34 8.3532e+06 1.6706e+05
0.341 8.1282e+06 1.6256e+05
0.342 9.3402e+06 1.868e+05
0.343 5.6676e+06 1.1335e+05
0.344 8.7334e+06 1.7467e+05
0.345 7.7429e+06 1.5486e+05
0.346 9.0095e+06 1.8019e+05
0.347 1.1852e+07 2.3704e+05
0.348 1.0883e+07 2.1767e+05
0.349 8.5092e+06 1.7018e+05
0.35 1.037e+07 2.0741e+05
0.351 9.2907e+06 1.8581e+05
0.352 4.9749e+06 99499
0.353 8.586e+06 1.7172e+05
0.354 6.1719e+06 1.2344e+05
0.355 1.0773e+07 2.1547e+05
0.356 1.2279e+07 2.4558e+05
0.357 7.0812e+06 1.4162e+05
0.358 3.8824e+06 77648
0.359 1.1032e+07 2.2063e+05
0.36 5.7057e+06 1.1411e+05
0.361 9.2618e+06 1.8524e+05
0.362 1.0967e+07 2.1934e+05
0.363 1.0846e+07 2.1692e+05
0.364 9.2374e+06 1.8475e+05
0.365 9.3437e+06 1.8687e+05
0.366 9.4655e+06 1.8931e+05
0.367 2.182e+06 43641
0.368 7.8093e+06 1.5619e+05
0.369 9.442e+06 1.8884e+05
0.37 5.2566e+06 1.0513e+05
0.371 1.3213e+07 2.6426e+05
0.372 1.0265e+07 2.053e+05
0.373 9.1642e+06 1.8328e+05
0.374 7.9904e+06 1.5981e+05
0.375 8.0646e+06 1.6129e+05
0.376 6.6026e+06 1.3205e+05
0.377 1.0233e+07 2.0466e+05
0.378 8.5534e+06 1.7107e+05
0.379 5.0069e+06 1.0014e+05
0.38 9.1466e+06 1.8293e+05
0.381 6.3608e+06 1.2722e+05
0.382 1.0467e+07 2.0933e+05
0.383 8.0452e+06 1.609e+05
0.384 8.6363e+06 1.7273e+05
0.385 1.2131e+07 2.4262e+05
0.386 7.5382e+06 1.5076e+05
0.387 9.4666e+06 1.8933e+05
0.388 7.2386e+06 1.4477e+05
0.389 1.056e+07 2.112e+05
0.39 4.147e+06 82941
0.391 1.2411e+07 2.4821e+05
0.392 8.343e+06 1.6686e+05
0.393 5.1534e+06 1.0307e+05
0.394 8.7788e+06 1.7558e+05
0.395 6.5361e+06 1.3072e+05
0.396 8.1224e+06 1.6245e+05
0.397 8.8289e+06 1.7658e+05
0.398 7.9556e+06 1.5911e+05
0.399 6.758e+06 1.3516e+05
0.4 1.0056e+07 2.0111e+05
0.401 1.256e+07 2.512e+05
0.402 8.9145e+06 1.7829e+05
0.403 1.086e+07 2.1721e+05
0.404 5.1793e+06 1.0359e+05
0.405 5.8907e+06 1.1781e+05
0.406 1.1999e+07 2.3998e+05
0.407 1.0583e+07 2.1166e+05
0.408 1.0822e+07 2.1643e+05
0.409 1.1381e+07 2.2763e+05
0.41 8.493e+06 1.6986e+05
0.411 1.0407e+07 2.0813e+05
0.412 8.4028e+06 1.6806e+05
0.413 6.1366e+06 1.2273e+05
0.414 7.3543e+06 1.4709e+05
0.415 9.5376e+06 1.9075e+05
0.416 6.998e+06 1.3996e+05
0.417 7.0068e+06 1.4014e+05
0.418 5.8988e+06 1.1798e+05
0.419 1.0745e+07 2.149e+05
0.42 1.2442e+07 2.4885e+05
0.421 1.1453e+07 2.2905e+05
0.422 1.2342e+07 2.4685e+05
0.423 1.5282e+07 3.0565e+05
0.424 6.9995e+06 1.3999e+05
0.425 1.0561e+07 2.1122e+05
0.426 1.0574e+07 2.1148e+05
0.427 1.1421e+07 2.2843e+05
0.428 1.2045e+07 2.4089e+05
0.429 1.1396e+07 2.2792e+05
0.43 1.2303e+07 2.4607e+05
0.431 1.1819e+07 2.3638e+05
0.432 9.3972e+06 1.8794e+05
0.433 8.9015e+06 1.7803e+05
0.434 1.3638e+07 2.7277e+05
0.435 1.0808e+07 2.1617e+05
0.436 1.1195e+07 2.2391e+05
0.437 6.1963e+06 1.2393e+05
0.438 1.0321e+07 2.0643e+05
0.439 1.1311e+07 2.2622e+05
0.44 1.0439e+07 2.0879e+05
0.441 5.7492e+06 1.1498e+05
0.442 1.1212e+07 2.2424e+05
0.443 9.6238e+06 1.9248e+05
0.444 8.4134e+06 1.6827e+05
0.445 1.1018e+07 2.2035e+05
0.446 9.1915e+06 1.8383e+05
0.447 8.6359e+06 1.7272e+05
0.448 9.8472e+06 1.9694e+05
0.449 9.736e+06 1.9472e+05
0.45 6.8188e+06 1.3638e+05
0.451 1.1651e+07 2.3302e+05
0.452 8.3937e+06 1.6787e+05
0.453 5.8295e+06 1.1659e+05
0.454 5.9944e+06 1.1989e+05
0.455 1.1752e+07 2.3505e+05
0.456 1.1637e+07 2.3274e+05
0.457 1.1399e+07 2.2797e+05
0.458 6.603e+06 1.3206e+05
0.459 6.2321e+06 1.2464e+05
0.46 8.4469e+06 1.6894e+05
0.461 8.0302e+06 1.606e+05
0.462 4.7651e+06 95303
0.463 7.5302e+06 1.506e+05
0.464 8.0756e+06 1.6151e+05
0.465 8.2594e+06 1.6519e+05
0.466 6.5789e+06 1.3158e+05
0.467 1.1747e+07 2.3494e+05
0.468 8.2295e+06 1.6459e+05
0.469 1.1188e+07 2.2376e+05
0.47 1.0462e+07 2.0924e+05
0.471 1.27e+07 2.54e+05
0.472 1.1819e+07 2.3638e+05
0.473 7.3427e+06 1.4685e+05
0.474 9.6366e+06 1.9273e+05
0.475 1.2032e+07 2.4064e+05
0.476 1.0337e+07 2.0673e+05
0.477 9.8732e+06 1.9746e+05
0.478 5.0435e+06 1.0087e+05
0.479 1.0586e+07 2.1173e+05
0.48 4.0082e+06 80163
0.481 8.3926e+06 1.6785e+05
0.482 1.0058e+07 2.0116e+05
0.483 8.2656e+06 1.6531e+05
0.484 9.4803e+06 1.8961e+05
0.485 7.0724e+06 1.4145e+05
0.486 7.0336e+06 1.4067e+05
0.487 6.989e+06 1.3978e+05
0.488 1.227e+07 2.454e+05
0.489 8.7493e+06 1.7499e+05
0.49 6.5378e+06 1.3076e+05
0.491 7.3938e+06 1.4788e+05
0.492 8.761e+06 1.7522e+05
0.493 6.8233e+06 1.3647e+05
0.494 7.36e+06 1.472e+05
0.495 8.9367e+06 1.7873e+05
0.496 9.3097e+06 1.8619e+05
0.497 7.4466e+06 1.4893e+05
0.498 6.0927e+06 1.2185e+05
0.499 7.9351e+06 1.587e+05
0.5 9.623e+06 1.9246e+05
