0.001 1.4812e+10 2.9624e+08
0.002 1.5633e+10 3.1266e+08
0.003 1.461e+10 2.922e+08
0.004 1.4363e+10 2.8727e+08
0.005 1.5328e+10 3.0657e+08
0.006 1.5146e+10 3.0291e+08
0.007 1.4945e+10 2.9889e+08
0.008 1.4714e+10 2.9428e+08
0.009 1.5224e+10 3.0447e+08
0.01 1.4792e+10 2.9584e+08
0.011 1.5194e+10 3.0388e+08
0.012 1.4723e+10 2.9447e+08
0.013 1.5004e+10 3.0009e+08
0.014 1.4824e+10 2.9647e+08
0.015 1.4139e+10 2.8278e+08
0.016 1.4406e+10 2.8811e+08
0.017 1.4187e+10 2.8374e+08
0.018 1.4351e+10 2.8703e+08
0.019 1.4253e+10 2.8506e+08
0.02 1.3928e+10 2.7856e+08
0.021 1.3853e+10 2.7707e+08
0.022 1.3861e+10 2.7722e+08
0.023 1.39e+10 2.78e+08
0.024 1.3688e+10 2.7376e+08
0.025 1.3476e+10 2.6952e+08
0.026 1.3356e+10 2.6712e+08
0.027 1.3292e+10 2.6584e+08
0.028 1.2964e+10 2.5928e+08
0.029 1.336e+10 2.6719e+08
0.03 1.2867e+10 2.5733e+08
0.031 1.2657e+10 2.5314e+08
0.032 1.267e+10 2.5341e+08
0.033 1.2443e+10 2.4886e+08
0.034 1.2178e+10 2.4355e+08
0.035 1.2115e+10 2.423e+08
0.036 1.203e+10 2.4059e+08
0.037 1.1635e+10 2.327e+08
0.038 1.1566e+10 2.3131e+08
0.039 1.147e+10 2.2941e+08
0.04 1.1328e+10 2.2656e+08
0.041 1.1254e+10 2.2507e+08
0.042 1.0991e+10 2.1982e+08
0.043 1.1025e+10 2.205e+08
0.044 1.0671e+10 2.1343e+08
0.045 1.0473e+10 2.0945e+08
0.046 1.0259e+10 2.0517e+08
0.047 1.007e+10 2.0139e+08
0.048 9.8139e+09 1.9628e+08
0.049 9.8414e+09 1.9683e+08
0.05 9.6148e+09 1.923e+08
0.051 9.4486e+09 1.8897e+08
0.052 9.291e+09 1.8582e+08
0.053 8.9731e+09 1.7946e+08
0.054 8.911e+09 1.7822e+08
0.055 8.7909e+09 1.7582e+08
0.056 8.6898e+09 1.738e+08
0.057 8.4028e+09 1.6806e+08
0.058 8.2047e+09 1.6409e+08
0.059 8.0558e+09 1.6112e+08
0.06 7.7527e+09 1.5505e+08
0.061 7.7409e+09 1.5482e+08
0.062 7.4068e+09 1.4814e+08
0.063 7.3465e+09 1.4693e+08
0.064 7.1246e+09 1.4249e+08
0.065 6.9292e+09 1.3858e+08
0.066 6.9306e+09 1.3861e+08
0.067 6.5734e+09 1.3147e+08
0.068 6.593e+09 1.3186e+08
0.069 6.3999e+09 1.28e+08
0.07 6.3059e+09 1.2612e+08
0.071 6.1069e+09 1.2214e+08
0.072 5.8973e+09 1.1795e+08
0.073 5.9435e+09 1.1887e+08
0.074 5.6776e+09 1.1355e+08
0.075 5.5764e+09 1.1153e+08
0.076 5.4177e+09 1.0835e+08
0.077 5.2503e+09 1.0501e+08
0.078 5.0206e+09 1.0041e+08
0.079 4.9216e+09 9.8433e+07
0.08 4.8792e+09 9.7585e+07
0.081 4.6345e+09 9.269e+07
0.082 4.5767e+09 9.1535e+07
0.083 4.4405e+09 8.881e+07
0.084 4.3678e+09 8.7357e+07
0.085 4.1882e+09 8.3765e+07
0.086 3.9636e+09 7.9271e+07
0.087 3.8965e+09 7.7929e+07
0.088 3.8643e+09 7.7285e+07
0.089 3.769e+09 7.538e+07
0.09 3.5702e+09 7.1404e+07
0.091 3.5046e+09 7.0092e+07
0.092 3.386e+09 6.7719e+07
0.093 3.3524e+09 6.7049e+07
0.094 3.1769e+09 6.3537e+07
0.095 3.0671e+09 6.1341e+07
0.096 2.98e+09 5.96e+07
0.097 2.9455e+09 5.8911e+07
0.098 2.8903e+09 5.7807e+07
0.099 2.7953e+09 5.5905e+07
0.1 2.68e+09 5.3601e+07
0.101 2.6341e+09 5.2683e+07
0.102 2.488e+09 4.9761e+07
0.103 2.5266e+09 5.0533e+07
0.104 2.3574e+09 4.7148e+07
0.105 2.2574e+09 4.5147e+07
0.106 2.2725e+09 4.545e+07
0.107 2.2239e+09 4.4478e+07
0.108 2.0304e+09 4.0608e+07
0.109 1.9685e+09 3.9371e+07
0.11 1.9335e+09 3.8671e+07
0.111 1.9124e+09 3.8248e+07
0.112 1.8408e+09 3.6816e+07
0.113 1.8361e+09 3.6722e+07
0.114 1.7497e+09 3.4994e+07
0.115 1.7261e+09 3.4522e+07
0.116 1.6346e+09 3.2693e+07
0.117 1.5686e+09 3.1372e+07
0.118 1.5886e+09 3.1773e+07
0.119 1.5513e+09 3.1026e+07
0.12 1.5228e+09 3.0456e+07
0.121 1.3832e+09 2.7664e+07
0.122 1.3513e+09 2.7026e+07
0.123 1.3638e+09 2.7275e+07
0.124 1.37e+09 2.7399e+07
0.125 1.2767e+09 2.5534e+07
0.126 1.2538e+09 2.5075e+07
0.127 1.2643e+09 2.5286e+07
0.128 1.1953e+09 2.3906e+07
0.129 1.163e+09 2.3259e+07
0.13 1.1403e+09 2.2807e+07
0.131 1.1223e+09 2.2447e+07
0.132 1.0438e+09 2.0876e+07
0.133 1.0547e+09 2.1094e+07
0.134 1.0837e+09 2.1674e+07
0.135 9.5399e+08 1.908e+07
0.136 9.5127e+08 1.9025e+07
0.137 9.3583e+08 1.8717e+07
0.138 9.4882e+08 1.8976e+07
0.139 9.0431e+08 1.8086e+07
0.14 8.6458e+08 1.7292e+07
0.141 9.1745e+08 1.8349e+07
0.142 8.826e+08 1.7652e+07
0.143 8.5103e+08 1.7021e+07
0.144 8.2017e+08 1.6403e+07
0.145 8.2751e+08 1.655e+07
0.146 7.8802e+08 1.576e+07
0.147 7.7571e+08 1.5514e+07
0.148 7.5456e+08 1.5091e+07
0.149 7.1142e+08 1.4228e+07
0.15 7.1663e+08 1.4333e+07
0.151 7.6991e+08 1.5398e+07
0.152 7.4593e+08 1.4919e+07
0.153 6.6472e+08 1.3294e+07
0.154 6.6057e+08 1.3211e+07
0.155 6.708e+08 1.3416e+07
0.156 6.5202e+08 1.304e+07
0.157 6.0981e+08 1.2196e+07
0.158 6.1104e+08 1.2221e+07
0.159 5.9618e+08 1.1924e+07
0.16 5.6462e+08 1.1292e+07
0.161 5.7646e+08 1.1529e+07
0.162 5.7736e+08 1.1547e+07
0.163 5.6558e+08 1.1312e+07
0.164 5.5101e+08 1.102e+07
0.165 5.4892e+08 1.0978e+07
0.166 5.0728e+08 1.0146e+07
0.167 5.11e+08 1.022e+07
0.168 4.5859e+08 9.1719e+06
0.169 4.8001e+08 9.6003e+06
0.17 4.7957e+08 9.5914e+06
0.171 4.8699e+08 9.7399e+06
0.172 4.586e+08 9.172e+06
0.173 4.4194e+08 8.8388e+06
0.174 4.1297e+08 8.2594e+06
0.175 3.9174e+08 7.8348e+06
0.176 4.3803e+08 8.7606e+06
0.177 3.9415e+08 7.8829e+06
0.178 4.2581e+08 8.5162e+06
0.179 4.6145e+08 9.229e+06
0.18 3.799e+08 7.598e+06
0.181 3.6804e+08 7.3608e+06
0.182 3.7905e+08 7.581e+06
0.183 3.8931e+08 7.7862e+06
0.184 3.8302e+08 7.6603e+06
0.185 3.9997e+08 7.9995e+06
0.186 3.6613e+08 7.3227e+06
0.187 2.8078e+08 5.6155e+06
0.188 3.1295e+08 6.259e+06
0.189 3.2217e+08 6.4433e+06
0.19 3.2797e+08 6.5595e+06
0.191 3.3605e+08 6.7209e+06
0.192 3.103e+08 6.206e+06
0.193 2.8135e+08 5.6271e+06
0.194 2.6811e+08 5.3621e+06
0.195 2.6722e+08 5.3445e+06
0.196 2.7873e+08 5.5747e+06
0.197 2.5818e+08 5.1635e+06
0.198 2.4651e+08 4.9303e+06
0.199 2.6565e+08 5.3129e+06
0.2 2.6146e+08 5.2292e+06
0.201 2.9489e+08 5.8977e+06
0.202 2.5945e+08 5.189e+06
0.203 2.2024e+08 4.4048e+06
0.204 2.6562e+08 5.3124e+06
0.205 1.9761e+08 3.9521e+06
0.206 2.1425e+08 4.285e+06
0.207 1.9084e+08 3.8167e+06
0.208 2.0373e+08 4.0747e+06
0.209 1.7733e+08 3.5467e+06
0.21 1.8598e+08 3.7196e+06
0.211 1.7694e+08 3.5389e+06
0.212 1.9454e+08 3.8907e+06
0.213 1.579e+08 3.1581e+06
0.214 1.2382e+08 2.4765e+06
0.215 1.5561e+08 3.1122e+06
0.216 1.6736e+08 3.3472e+06
0.217 1.841e+08 3.6821e+06
0.218 1.7534e+08 3.5068e+06
0.219 1.6571e+08 3.3141e+06
0.22 1.9549e+08 3.9097e+06
0.221 1.3153e+08 2.6306e+06
0.222 1.0253e+08 2.0506e+06
0.223 1.777e+08 3.554e+06
0.224 1.5603e+08 3.1207e+06
0.225 1.6884e+08 3.3768e+06
0.226 1.1748e+08 2.3495e+06
0.227 1.5774e+08 3.1548e+06
0.228 1.4921e+08 2.9842e+06
0.229 1.312e+08 2.624e+06
0.23 1.1268e+08 2.2535e+06
0.231 1.268e+08 2.536e+06
0.232 1.2785e+08 2.5571e+06
0.233 1.3795e+08 2.759e+06
0.234 1.3655e+08 2.7309e+06
0.235 1.3016e+08 2.6032e+06
0.236 1.3438e+08 2.6875e+06
0.237 1.2645e+08 2.529e+06
0.238 1.0911e+08 2.1823e+06
0.239 1.2541e+08 2.5082e+06
0.24 1.199e+08 2.398e+06
0.241 1.2934e+08 2.5869e+06
0.242 1.4438e+08 2.8876e+06
0.243 1e+08 2e+06
0.244 1.2746e+08 2.5493e+06
0.245 9.0812e+07 1.8162e+06
0.246 1.1294e+08 2.2588e+06
0.247 1.3873e+08 2.7745e+06
0.248 1.2324e+08 2.4649e+06
0.249 1.1098e+08 2.2196e+06
0.25 6.3407e+07 1.2681e+06
0.251 1.3738e+08 2.7475e+06
0.252 1.1857e+08 2.3714e+06
0.253 6.8206e+07 1.3641e+06
0.254 7.6287e+07 1.5257e+06
0.255 6.4161e+07 1.2832e+06
0.256 8.3407e+07 1.6681e+06
0.257 9.3218e+07 1.8644e+06
0.258 1.1818e+08 2.3636e+06
0.259 1.4457e+08 2.8913e+06
0.26 7.5299e+07 1.506e+06
0.261 9.7649e+07 1.953e+06
0.262 9.8276e+07 1.9655e+06
0.263 1.0568e+08 2.1136e+06
0.264 1.2523e+08 2.5045e+06
0.265 4.7887e+07 9.5774e+05
0.266 6.6572e+07 1.3314e+06
0.267 8.4164e+07 1.6833e+06
0.268 5.7789e+07 1.1558e+06
0.269 7.039e+07 1.4078e+06
0.27 1.0385e+08 2.077e+06
0.271 8.6119e+07 1.7224e+06
0.272 8.4986e+07 1.6997e+06
0.273 4.4808e+07 8.9616e+05
0.274 6.8353e+07 1.3671e+06
0.275 7.6814e+07 1.5363e+06
0.276 8.7836e+07 1.7567e+06
0.277 6.7997e+07 1.3599e+06
0.278 7.9407e+07 1.5881e+06
0.279 6.2156e+07 1.2431e+06
0.28 7.416e+07 1.4832e+06
0.281 9.0468e+07 1.8094e+06
0.282 5.3575e+07 1.0715e+06
0.283 6.6383e+07 1.3277e+06
0.284 4.3492e+07 8.6984e+05
0.285 6.1511e+07 1.2302e+06
0.286 6.004e+07 1.2008e+06
0.287 6.7158e+07 1.3432e+06
0.288 7.9311e+07 1.5862e+06
0.289 5.5572e+07 1.1114e+06
0.29 6.7473e+07 1.3495e+06
0.291 4.0493e+07 8.0985e+05
0.292 4.8032e+07 9.6065e+05
0.293 3.5937e+07 7.1875e+05
0.294 7.2424e+07 1.4485e+06
0.295 3.3428e+07 6.6856e+05
0.296 6.1432e+07 1.2286e+06
0.297 6.3633e+07 1.2727e+06
0.298 6.5324e+07 1.3065e+06
0.299 5.5829e+07 1.1166e+06
0.3 3.1415e+07 6.283e+05
0.301 5.7574e+07 1.1515e+06
0.302 5.649e+07 1.1298e+06
0.303 5.2965e+07 1.0593e+06
0.304 3.9062e+07 7.8124e+05
0.305 5.2753e+07 1.0551e+06
0.306 6.1561e+07 1.2312e+06
0.307 2.29e+07 4.58e+05
0.308 4.0782e+07 8.1564e+05
0.309 4.0487e+07 8.0974e+05
0.31 5.1721e+07 1.0344e+06
0.311 3.9682e+07 7.9363e+05
0.312 3.5278e+07 7.0555e+05
0.313 5.1255e+07 1.0251e+06
0.314 5.1237e+07 1.0247e+06
0.315 3.3644e+07 6.7287e+05
0.316 5.8617e+07 1.1723e+06
0.317 6.8665e+07 1.3733e+06
0.318 5.0738e+07 1.0148e+06
0.319 4.049e+07 8.0979e+05
0.32 2.3518e+07 4.7036e+05
0.321 3.6912e+07 7.3824e+05
0.322 6.4122e+07 1.2824e+06
0.323 2.2311e+07 4.4622e+05
0.324 2.9415e+07 5.8831e+05
0.325 5.8907e+07 1.1781e+06
0.326 1.4119e+07 2.8239e+05
0.327 1.9751e+07 3.9502e+05
0.328 4.134e+07 8.2681e+05
0.329 7.5881e+07 1.5176e+06
0.33 4.9194e+07 9.8387e+05
0.331 5.3166e+07 1.0633e+06
0.332 4.2091e+07 8.4183e+05
0.333 3.6461e+07 7.2921e+05
0.334 6.5163e+07 1.3033e+06
0.335 5.9206e+07 1.1841e+06
0.336 2.8218e+07 5.6436e+05
0.337 8.2082e+07 1.6416e+06
0.338 3.6667e+07 7.3333e+05
0.339 3.1191e+07 6.2382e+05
0.34 5.1073e+07 1.0215e+06
0.341 7.6031e+07 1.5206e+06
0.342 3.3953e+07 6.7906e+05
0.343 3.5129e+07 7.0259e+05
0.344 3.9704e+07 7.9408e+05
0.345 4.5037e+07 9.0075e+05
0.346 4.072e+07 8.1441e+05
0.347 6.7606e+07 1.3521e+06
0.348 4.0974e+07 8.1947e+05
0.349 4.5901e+07 9.1802e+05
0.35 3.9376e+07 7.8752e+05
0.351 -1.8971e+06 -37943
0.352 2.7107e+07 5.4214e+05
0.353 3.7404e+07 7.4808e+05
0.354 3.0375e+07 6.0749e+05
0.355 2.1245e+07 4.2489e+05
0.356 3.7842e+07 7.5685e+05
0.357 4.8385e+07 9.6771e+05
0.358 4.5228e+07 9.0457e+05
0.359 4.9169e+07 9.8337e+05
0.36 3.384e+07 6.7681e+05
0.361 3.0225e+07 6.0449e+05
0.362 4.0867e+07 8.1733e+05
0.363 6.1684e+06 1.2337e+05
0.364 2.3422e+07 4.6845e+05
0.365 3.1689e+07 6.3378e+05
0.366 2.5126e+07 5.0252e+05
0.367 2.0989e+07 4.1977e+05
0.368 5.0912e+07 1.0182e+06
0.369 3.9478e+07 7.8956e+05
0.37 5.5447e+07 1.1089e+06
0.371 3.1986e+07 6.3972e+05
0.372 2.994e+07 5.9879e+05
0.373 3.7108e+07 7.4216e+05
0.374 4.2348e+07 8.4697e+05
0.375 -5.4714e+05 -10943
0.376 -3.2388e+06 -64777
0.377 2.1527e+07 4.3054e+05
0.378 3.6856e+07 7.3713e+05
0.379 5.442e+07 1.0884e+06
0.38 1.7212e+07 3.4424e+05
0.381 3.386e+07 6.772e+05
0.382 7.3695e+07 1.4739e+06
0.383 2.5553e+07 5.1105e+05
0.384 6.4286e+07 1.2857e+06
0.385 4.2169e+07 8.4337e+05
0.386 3.7782e+07 7.5564e+05
0.387 1.9173e+07 3.8346e+05
0.388 1.0936e+07 2.1872e+05
0.389 5.527e+07 1.1054e+06
0.39 6.7571e+07 1.3514e+06
0.391 3.4293e+07 6.8586e+05
0.392 -1.1921e+07 -2.3843e+05
0.393 4.5263e+07 9.0525e+05
0.394 4.9387e+07 9.8774e+05
0.395 1.8538e+07 3.7075e+05
0.396 2.1294e+07 4.2588e+05
0.397 3.0484e+07 6.0968e+05
0.398 5.1276e+07 1.0255e+06
0.399 5.0457e+07 1.0091e+06
0.4 -4.643e+06 -92860
0.401 2.672e+07 5.344e+05
0.402 5.7907e+07 1.1581e+06
0.403 1.033e+07 2.0659e+05
0.404 2.6414e+07 5.2829e+05
0.405 3.8994e+07 7.7989e+05
0.406 6.5326e+07 1.3065e+06
0.407 4.6155e+07 9.2309e+05
0.408 3.8524e+07 7.7047e+05
0.409 3.067e+07 6.134e+05
0.41 5.7536e+07 1.1507e+06
0.411 2.0267e+07 4.0534e+05
0.412 5.048e+07 1.0096e+06
0.413 3.261e+07 6.5221e+05
0.414 4.4686e+07 8.9371e+05
0.415 1.6969e+07 3.3938e+05
0.416 3.5794e+07 7.1589e+05
0.417 4.3807e+07 8.7615e+05
0.418 3.1285e+07 6.2571e+05
0.419 2.6558e+07 5.3116e+05
0.42 5.767e+07 1.1534e+06
0.421 3.6135e+07 7.2271e+05
0.422 3.462e+07 6.9239e+05
0.423 4.8181e+07 9.6362e+05
0.424 5.0288e+06 1.0058e+05
0.425 3.8283e+07 7.6565e+05
0.426 6.7909e+07 1.3582e+06
0.427 5.1362e+07 1.0272e+06
0.428 4.1502e+07 8.3005e+05
0.429 4.5784e+07 9.1567e+05
0.43 4.5073e+07 9.0147e+05
0.431 3.3104e+07 6.6209e+05
0.432 5.412e+07 1.0824e+06
0.433 6.2557e+07 1.2511e+06
0.434 1.8931e+07 3.7862e+05
0.435 2.1128e+07 4.2257e+05
0.436 4.0035e+07 8.007e+05
0.437 4.6759e+07 9.3518e+05
0.438 1.4941e+07 2.9881e+05
0.439 3.2324e+07 6.4647e+05
0.44 1.8932e+07 3.7863e+05
0.441 3.4194e+07 6.8387e+05
0.442 5.2282e+07 1.0456e+06
0.443 4.9039e+07 9.8078e+05
0.444 5.584e+07 1.1168e+06
0.445 1.6526e+07 3.3051e+05
0.446 3.4088e+07 6.8177e+05
0.447 4.4297e+07 8.8594e+05
0.448 6.7792e+07 1.3558e+06
0.449 2.4947e+07 4.9894e+05
0.45 5.2937e+07 1.0587e+06
0.451 2.5349e+07 5.0699e+05
0.452 4.2963e+07 8.5926e+05
0.453 6.8983e+07 1.3797e+06
0.454 2.9519e+07 5.9038e+05
0.455 2.8536e+07 5.7071e+05
0.456 3.6398e+07 7.2796e+05
0.457 -4.4466e+05 -8893.2
0.458 2.3938e+07 4.7876e+05
0.459 2.0301e+07 4.0602e+05
0.46 3.3008e+07 6.6016e+05
0.461 4.3225e+07 8.645e+05
0.462 6.4284e+07 1.2857e+06
0.463 2.6681e+07 5.3362e+05
0.464 4.3442e+07 8.6885e+05
0.465 6.2277e+07 1.2455e+06
0.466 5.4755e+07 1.0951e+06
0.467 4.1972e+07 8.3945e+05
0.468 4.1377e+07 8.2754e+05
0.469 4.1732e+07 8.3465e+05
0.47 4.0927e+07 8.1853e+05
0.471 2.1854e+07 4.3708e+05
0.472 2.8834e+07 5.7668e+05
0.473 3.1309e+07 6.2617e+05
0.474 2.2207e+07 4.4413e+05
0.475 6.0703e+07 1.2141e+06
0.476 4.907e+07 9.814e+05
0.477 2.6277e+07 5.2553e+05
0.478 4.2918e+06 85836
0.479 2.1046e+07 4.2091e+05
0.48 6.4161e+07 1.2832e+06
0.481 4.5843e+07 9.1687e+05
0.482 2.939e+07 5.8781e+05
0.483 2.8175e+07 5.6349e+05
0.484 4.4705e+07 8.941e+05
0.485 2.6296e+07 5.2592e+05
0.486 3.6333e+07 7.2665e+05
0.487 5.2843e+07 1.0569e+06
0.488 4.7693e+07 9.5386e+05
0.489 4.1501e+07 8.3001e+05
0.49 3.3985e+07 6.7971e+05
0.491 4.9567e+07 9.9134e+05
0.492 4.6946e+07 9.3892e+05
0.493 4.351e+07 8.702e+05
0.494 2.1428e+07 4.2856e+05
0.495 3.7661e+07 7.5322e+05
0.496 3.9983e+07 7.9965e+05
0.497 2.1645e+07 4.329e+05
0.498 5.9426e+07 1.1885e+06
0.499 2.8463e+07 5.6926e+05
0.5 4.4732e+07 8.9464e+05
