0.001 1.0648e+10 2.1295e+08
0.002 1.0082e+10 2.0164e+08
0.003 1.043e+10 2.0859e+08
0.004 9.8938e+09 1.9788e+08
0.005 1.0391e+10 2.0782e+08
0.006 9.9407e+09 1.9881e+08
0.007 9.7734e+09 1.9547e+08
0.008 9.8355e+09 1.9671e+08
0.009 9.86e+09 1.972e+08
0.01 9.8144e+09 1.9629e+08
0.011 1.0005e+10 2.001e+08
0.012 9.5752e+09 1.915e+08
0.013 9.9103e+09 1.9821e+08
0.014 9.8588e+09 1.9718e+08
0.015 9.8267e+09 1.9653e+08
0.016 9.5689e+09 1.9138e+08
0.017 9.6294e+09 1.9259e+08
0.018 9.5242e+09 1.9048e+08
0.019 9.5761e+09 1.9152e+08
0.02 9.358e+09 1.8716e+08
0.021 9.1499e+09 1.83e+08
0.022 9.1492e+09 1.8298e+08
0.023 9.0681e+09 1.8136e+08
0.024 9.1542e+09 1.8308e+08
0.025 8.9389e+09 1.7878e+08
0.026 8.7664e+09 1.7533e+08
0.027 8.8534e+09 1.7707e+08
0.028 8.6716e+09 1.7343e+08
0.029 8.6148e+09 1.723e+08
0.03 8.432e+09 1.6864e+08
0.031 8.4345e+09 1.6869e+08
0.032 8.5113e+09 1.7023e+08
0.033 8.339e+09 1.6678e+08
0.034 8.1527e+09 1.6305e+08
0.035 8.0543e+09 1.6109e+08
0.036 7.8876e+09 1.5775e+08
0.037 7.8348e+09 1.567e+08
0.038 7.6975e+09 1.5395e+08
0.039 7.6122e+09 1.5224e+08
0.04 7.5451e+09 1.509e+08
0.041 7.4058e+09 1.4812e+08
0.042 7.3562e+09 1.4712e+08
0.043 7.2163e+09 1.4433e+08
0.044 7.1325e+09 1.4265e+08
0.045 6.8736e+09 1.3747e+08
0.046 6.887e+09 1.3774e+08
0.047 6.7903e+09 1.3581e+08
0.048 6.5759e+09 1.3152e+08
0.049 6.4462e+09 1.2892e+08
0.05 6.4846e+09 1.2969e+08
0.051 6.2965e+09 1.2593e+08
0.052 6.1525e+09 1.2305e+08
0.053 6.0476e+09 1.2095e+08
0.054 5.9917e+09 1.1983e+08
0.055 5.8857e+09 1.1771e+08
0.056 5.8227e+09 1.1645e+08
0.057 5.7161e+09 1.1432e+08
0.058 5.5717e+09 1.1143e+08
0.059 5.4007e+09 1.0801e+08
0.06 5.2735e+09 1.0547e+08
0.061 5.1938e+09 1.0388e+08
0.062 5.0779e+09 1.0156e+08
0.063 4.9711e+09 9.9422e+07
0.064 4.8925e+09 9.785e+07
0.065 4.6965e+09 9.393e+07
0.066 4.608e+09 9.216e+07
0.067 4.4486e+09 8.8972e+07
0.068 4.3578e+09 8.7156e+07
0.069 4.3465e+09 8.693e+07
0.07 4.1848e+09 8.3695e+07
0.071 4.0306e+09 8.0613e+07
0.072 4.0419e+09 8.0838e+07
0.073 3.9457e+09 7.8914e+07
0.074 3.8502e+09 7.7004e+07
0.075 3.6944e+09 7.3889e+07
0.076 3.5918e+09 7.1836e+07
0.077 3.49e+09 6.9799e+07
0.078 3.4316e+09 6.8631e+07
0.079 3.3896e+09 6.7793e+07
0.08 3.2817e+09 6.5634e+07
0.081 3.2023e+09 6.4046e+07
0.082 3.1108e+09 6.2216e+07
0.083 2.9661e+09 5.9322e+07
0.084 2.9595e+09 5.9191e+07
0.085 2.9039e+09 5.8079e+07
0.086 2.7778e+09 5.5555e+07
0.087 2.6986e+09 5.3971e+07
0.088 2.6206e+09 5.2412e+07
0.089 2.5291e+09 5.0581e+07
0.09 2.4771e+09 4.9541e+07
0.091 2.3937e+09 4.7874e+07
0.092 2.3309e+09 4.6619e+07
0.093 2.2587e+09 4.5173e+07
0.094 2.2403e+09 4.4806e+07
0.095 2.1504e+09 4.3007e+07
0.096 2.0907e+09 4.1814e+07
0.097 1.9834e+09 3.9668e+07
0.098 1.9535e+09 3.9069e+07
0.099 1.8689e+09 3.7377e+07
0.1 1.7785e+09 3.557e+07
0.101 1.7945e+09 3.589e+07
0.102 1.7436e+09 3.4872e+07
0.103 1.6652e+09 3.3304e+07
0.104 1.6227e+09 3.2454e+07
0.105 1.5199e+09 3.0398e+07
0.106 1.5016e+09 3.0033e+07
0.107 1.4435e+09 2.887e+07
0.108 1.4661e+09 2.9322e+07
0.109 1.4152e+09 2.8304e+07
0.11 1.3638e+09 2.7277e+07
0.111 1.3725e+09 2.745e+07
0.112 1.2766e+09 2.5532e+07
0.113 1.2436e+09 2.4873e+07
0.114 1.2143e+09 2.4287e+07
0.115 1.2257e+09 2.4513e+07
0.116 1.181e+09 2.3619e+07
0.117 1.1108e+09 2.2216e+07
0.118 1.1362e+09 2.2725e+07
0.119 1.0537e+09 2.1075e+07
0.12 9.9821e+08 1.9964e+07
0.121 1.0289e+09 2.0579e+07
0.122 9.9195e+08 1.9839e+07
0.123 9.7005e+08 1.9401e+07
0.124 8.8455e+08 1.7691e+07
0.125 8.6013e+08 1.7203e+07
0.126 8.4387e+08 1.6877e+07
0.127 8.1927e+08 1.6385e+07
0.128 8.1299e+08 1.626e+07
0.129 7.7955e+08 1.5591e+07
0.13 8.2526e+08 1.6505e+07
0.131 7.5818e+08 1.5164e+07
0.132 7.2641e+08 1.4528e+07
0.133 7.4655e+08 1.4931e+07
0.134 7.2792e+08 1.4558e+07
0.135 6.9649e+08 1.393e+07
0.136 6.6914e+08 1.3383e+07
0.137 6.4395e+08 1.2879e+07
0.138 6.5172e+08 1.3034e+07
0.139 6.306e+08 1.2612e+07
0.14 6.0677e+08 1.2135e+07
0.141 6.1655e+08 1.2331e+07
0.142 5.9236e+08 1.1847e+07
0.143 5.7112e+08 1.1422e+07
0.144 5.7259e+08 1.1452e+07
0.145 5.3088e+08 1.0618e+07
0.146 5.4926e+08 1.0985e+07
0.147 5.6128e+08 1.1226e+07
0.148 4.9808e+08 9.9616e+06
0.149 5.1446e+08 1.0289e+07
0.15 5.1542e+08 1.0308e+07
0.151 4.6829e+08 9.3657e+06
0.152 5.0554e+08 1.0111e+07
0.153 5.1675e+08 1.0335e+07
0.154 4.7779e+08 9.5558e+06
0.155 4.6464e+08 9.2928e+06
0.156 4.2534e+08 8.5067e+06
0.157 4.4284e+08 8.8567e+06
0.158 4.2379e+08 8.4758e+06
0.159 4.3185e+08 8.6369e+06
0.16 4.0071e+08 8.0142e+06
0.161 3.772e+08 7.5441e+06
0.162 3.9947e+08 7.9894e+06
0.163 3.8441e+08 7.6883e+06
0.164 3.7615e+08 7.523e+06
0.165 3.845e+08 7.6899e+06
0.166 3.2719e+08 6.5437e+06
0.167 3.6159e+08 7.2317e+06
0.168 3.6794e+08 7.3588e+06
0.169 3.6255e+08 7.251e+06
0.17 3.2975e+08 6.5949e+06
0.171 3.588e+08 7.1761e+06
0.172 3.1614e+08 6.3228e+06
0.173 3.0351e+08 6.0701e+06
0.174 3.0951e+08 6.1902e+06
0.175 3.1626e+08 6.3251e+06
0.176 3.1855e+08 6.371e+06
0.177 2.9712e+08 5.9424e+06
0.178 3.0018e+08 6.0037e+06
0.179 2.7523e+08 5.5045e+06
0.18 2.4976e+08 4.9952e+06
0.181 2.5032e+08 5.0063e+06
0.182 2.6416e+08 5.2832e+06
0.183 2.7449e+08 5.4899e+06
0.184 2.2402e+08 4.4804e+06
0.185 2.4206e+08 4.8412e+06
0.186 2.13e+08 4.26e+06
0.187 2.2807e+08 4.5615e+06
0.188 2.2276e+08 4.4553e+06
0.189 2.3095e+08 4.619e+06
0.19 2.2772e+08 4.5544e+06
0.191 2.2434e+08 4.4868e+06
0.192 1.9249e+08 3.8499e+06
0.193 1.9091e+08 3.8182e+06
0.194 1.9141e+08 3.8283e+06
0.195 1.8283e+08 3.6567e+06
0.196 1.728e+08 3.456e+06
0.197 1.782e+08 3.5641e+06
0.198 1.7223e+08 3.4446e+06
0.199 1.6819e+08 3.3638e+06
0.2 1.8209e+08 3.6419e+06
0.201 1.7265e+08 3.4529e+06
0.202 1.433e+08 2.8661e+06
0.203 1.3824e+08 2.7648e+06
0.204 1.2349e+08 2.4698e+06
0.205 1.4294e+08 2.8589e+06
0.206 1.5788e+08 3.1575e+06
0.207 1.4703e+08 2.9405e+06
0.208 1.4476e+08 2.8952e+06
0.209 1.3795e+08 2.759e+06
0.21 1.5105e+08 3.021e+06
0.211 1.4625e+08 2.9251e+06
0.212 1.4369e+08 2.8738e+06
0.213 1.5283e+08 3.0565e+06
0.214 1.5331e+08 3.0661e+06
0.215 1.195e+08 2.3899e+06
0.216 1.499e+08 2.9979e+06
0.217 1.2122e+08 2.4244e+06
0.218 1.0657e+08 2.1313e+06
0.219 8.7549e+07 1.751e+06
0.22 1.2262e+08 2.4524e+06
0.221 1.3751e+08 2.7502e+06
0.222 1.1221e+08 2.2443e+06
0.223 9.8134e+07 1.9627e+06
0.224 1.116e+08 2.232e+06
0.225 1.0325e+08 2.065e+06
0.226 1.0916e+08 2.1833e+06
0.227 8.6747e+07 1.7349e+06
0.228 1.0721e+08 2.1443e+06
0.229 1.0662e+08 2.1324e+06
0.23 9.292e+07 1.8584e+06
0.231 9.2745e+07 1.8549e+06
0.232 1.043e+08 2.086e+06
0.233 8.8095e+07 1.7619e+06
0.234 6.644e+07 1.3288e+06
0.235 9.2336e+07 1.8467e+06
0.236 1.001e+08 2.0021e+06
0.237 7.1773e+07 1.4355e+06
0.238 8.7615e+07 1.7523e+06
0.239 9.3972e+07 1.8794e+06
0.24 7.0901e+07 1.418e+06
0.241 9.1569e+07 1.8314e+06
0.242 9.4566e+07 1.8913e+06
0.243 9.3017e+07 1.8603e+06
0.244 1.2124e+08 2.4248e+06
0.245 6.6525e+07 1.3305e+06
0.246 7.4846e+07 1.4969e+06
0.247 7.9321e+07 1.5864e+06
0.248 7.2827e+07 1.4565e+06
0.249 5.9489e+07 1.1898e+06
0.25 4.6271e+07 9.2543e+05
0.251 7.0475e+07 1.4095e+06
0.252 5.8393e+07 1.1679e+06
0.253 9.0009e+07 1.8002e+06
0.254 6.9454e+07 1.3891e+06
0.255 7.0166e+07 1.4033e+06
0.256 7.0012e+07 1.4002e+06
0.257 6.4404e+07 1.2881e+06
0.258 6.1647e+07 1.2329e+06
0.259 6.3312e+07 1.2662e+06
0.26 6.9616e+07 1.3923e+06
0.261 6.2515e+07 1.2503e+06
0.262 5.5716e+07 1.1143e+06
0.263 5.8932e+07 1.1786e+06
0.264 5.2125e+07 1.0425e+06
0.265 7.1827e+07 1.4365e+06
0.266 5.8156e+07 1.1631e+06
0.267 6.9576e+07 1.3915e+06
0.268 4.6242e+07 9.2483e+05
0.269 7.1881e+07 1.4376e+06
0.27 6.3567e+07 1.2713e+06
0.271 4.7303e+07 9.4606e+05
0.272 6.0982e+07 1.2196e+06
0.273 5.2095e+07 1.0419e+06
0.274 6.2984e+07 1.2597e+06
0.275 4.0002e+07 8.0004e+05
0.276 5.8482e+07 1.1696e+06
0.277 4.9973e+07 9.9946e+05
0.278 5.6375e+07 1.1275e+06
0.279 5.3682e+07 1.0736e+06
0.28 3.6898e+07 7.3797e+05
0.281 4.693e+07 9.3859e+05
0.282 3.88e+07 7.76e+05
0.283 5.289e+07 1.0578e+06
0.284 4.4873e+07 8.9746e+05
0.285 2.0137e+07 4.0274e+05
0.286 7.0077e+07 1.4015e+06
0.287 3.7618e+07 7.5235e+05
0.288 3.3396e+07 6.6792e+05
0.289 2.6631e+07 5.3261e+05
0.29 2.2544e+07 4.5089e+05
0.291 1.3685e+07 2.7371e+05
0.292 3.0589e+07 6.1178e+05
0.293 4.5149e+07 9.0299e+05
0.294 3.1038e+07 6.2076e+05
0.295 2.7292e+07 5.4585e+05
0.296 1.9016e+07 3.8032e+05
0.297 1.5832e+07 3.1665e+05
0.298 2.6002e+07 5.2004e+05
0.299 2.8044e+07 5.6088e+05
0.3 1.9395e+07 3.879e+05
0.301 3.9134e+07 7.8267e+05
0.302 4.044e+07 8.088e+05
0.303 4.0603e+07 8.1205e+05
0.304 5.0867e+07 1.0173e+06
0.305 3.9939e+07 7.9879e+05
0.306 2.1725e+07 4.345e+05
0.307 3.9297e+07 7.8594e+05
0.308 4.3542e+07 8.7083e+05
0.309 3.1417e+07 6.2834e+05
0.31 3.4952e+07 6.9904e+05
0.311 3.9748e+07 7.9495e+05
0.312 3.5537e+07 7.1073e+05
0.313 2.0089e+07 4.0177e+05
0.314 3.1431e+07 6.2863e+05
0.315 4.3572e+07 8.7143e+05
0.316 1.0461e+07 2.0921e+05
0.317 3.2935e+07 6.587e+05
0.318 2.7349e+07 5.4699e+05
0.319 2.8136e+07 5.6273e+05
0.32 3.1381e+07 6.2762e+05
0.321 3.8533e+07 7.7066e+05
0.322 2.7963e+07 5.5926e+05
0.323 1.8689e+07 3.7379e+05
0.324 3.6761e+07 7.3522e+05
0.325 2.9957e+07 5.9913e+05
0.326 1.0943e+07 2.1886e+05
0.327 2.3593e+07 4.7187e+05
0.328 5.1206e+07 1.0241e+06
0.329 2.7545e+07 5.509e+05
0.33 8.8331e+06 1.7666e+05
0.331 3.8543e+07 7.7085e+05
0.332 2.7237e+07 5.4474e+05
0.333 4.2576e+07 8.5152e+05
0.334 7.0583e+06 1.4117e+05
0.335 1.0255e+07 2.051e+05
0.336 3.8012e+07 7.6024e+05
0.337 1.4574e+07 2.9147e+05
0.338 2.7244e+07 5.4488e+05
0.339 2.0474e+07 4.0948e+05
0.34 1.6891e+07 3.3782e+05
0.341 1.4063e+07 2.8126e+05
0.342 3.2461e+07 6.4923e+05
0.343 2.9809e+07 5.9619e+05
0.344 3.1689e+07 6.3379e+05
0.345 2.715e+07 5.43e+05
0.346 4.0602e+07 8.1203e+05
0.347 2.7678e+07 5.5356e+05
0.348 3.2113e+07 6.4225e+05
0.349 1.5048e+07 3.0096e+05
0.35 4.1797e+06 83593
0.351 -3.2776e+06 -65552
0.352 8.1437e+06 1.6287e+05
0.353 3.0521e+07 6.1042e+05
0.354 2.4746e+07 4.9491e+05
0.355 2.2477e+07 4.4955e+05
0.356 1.5169e+07 3.0338e+05
0.357 3.0883e+07 6.1765e+05
0.358 7.9998e+06 1.6e+05
0.359 4.0489e+07 8.0978e+05
0.36 -3.7743e+06 -75487
0.361 2.4492e+07 4.8983e+05
0.362 2.9481e+07 5.8962e+05
0.363 1.9314e+07 3.8628e+05
0.364 3.3548e+07 6.7096e+05
0.365 3.8557e+07 7.7115e+05
0.366 2.5519e+07 5.1039e+05
0.367 4.2137e+07 8.4274e+05
0.368 2.9087e+07 5.8173e+05
0.369 2.8962e+07 5.7924e+05
0.37 3.3934e+07 6.7867e+05
0.371 1.954e+07 3.908e+05
0.372 2.1773e+07 4.3546e+05
0.373 2.8143e+07 5.6286e+05
0.374 3.277e+06 65541
0.375 3.4454e+07 6.8907e+05
0.376 3.6977e+07 7.3954e+05
0.377 2.7076e+07 5.4152e+05
0.378 2.3652e+07 4.7303e+05
0.379 2.6276e+07 5.2553e+05
0.38 3.8489e+07 7.6979e+05
0.381 1.9511e+07 3.9022e+05
0.382 3.0544e+07 6.1088e+05
0.383 2.4228e+07 4.8456e+05
0.384 2.4055e+07 4.8109e+05
0.385 1.2171e+07 2.4342e+05
0.386 1.0577e+07 2.1154e+05
0.387 2.4347e+07 4.8694e+05
0.388 2.7907e+07 5.5814e+05
0.389 3.3085e+07 6.617e+05
0.39 1.6411e+07 3.2822e+05
0.391 2.2414e+07 4.4827e+05
0.392 4.5276e+07 9.0552e+05
0.393 1.336e+07 2.672e+05
0.394 1.7086e+07 3.4171e+05
0.395 3.0012e+07 6.0025e+05
0.396 1.8067e+07 3.6134e+05
0.397 1.5902e+07 3.1804e+05
0.398 8.3487e+06 1.6697e+05
0.399 1.7954e+07 3.5907e+05
0.4 3.543e+07 7.086e+05
0.401 1.629e+07 3.258e+05
0.402 1.8365e+07 3.6729e+05
0.403 3.6888e+06 73777
0.404 3.9118e+07 7.8235e+05
0.405 3.3836e+07 6.7673e+05
0.406 3.6829e+07 7.3658e+05
0.407 1.7336e+07 3.4672e+05
0.408 2.0589e+07 4.1177e+05
0.409 1.3175e+07 2.6351e+05
0.41 3.1964e+07 6.3928e+05
0.411 3.7908e+07 7.5815e+05
0.412 4.0731e+07 8.1463e+05
0.413 4.3107e+07 8.6214e+05
0.414 6.61e+06 1.322e+05
0.415 4.0451e+07 8.0902e+05
0.416 1.4169e+06 28339
0.417 3.2594e+07 6.5187e+05
0.418 3.6634e+07 7.3267e+05
0.419 1.4903e+07 2.9807e+05
0.42 2.3243e+07 4.6487e+05
0.421 3.0395e+07 6.0791e+05
0.422 3.126e+07 6.252e+05
0.423 1.9754e+07 3.9508e+05
0.424 2.771e+07 5.5421e+05
0.425 2.1696e+07 4.3392e+05
0.426 1.4143e+07 2.8287e+05
0.427 2.5444e+07 5.0888e+05
0.428 1.2536e+07 2.5072e+05
0.429 2.2725e+07 4.545e+05
0.43 2.2732e+07 4.5464e+05
0.431 4.321e+07 8.642e+05
0.432 2.8659e+07 5.7317e+05
0.433 3.1141e+07 6.2282e+05
0.434 3.278e+07 6.556e+05
0.435 3.8155e+07 7.631e+05
0.436 4.9999e+07 9.9997e+05
0.437 4.3492e+07 8.6984e+05
0.438 3.3268e+07 6.6536e+05
0.439 3.0042e+07 6.0084e+05
0.44 2.5627e+07 5.1254e+05
0.441 4.984e+07 9.9681e+05
0.442 3.0386e+07 6.0772e+05
0.443 1.4037e+07 2.8074e+05
0.444 2.3179e+07 4.6358e+05
0.445 4.7145e+07 9.429e+05
0.446 4.4343e+07 8.8687e+05
0.447 2.8837e+07 5.7674e+05
0.448 2.8088e+07 5.6176e+05
0.449 2.4377e+07 4.8754e+05
0.45 2.3047e+07 4.6094e+05
0.451 2.224e+07 4.4479e+05
0.452 3.7371e+07 7.4742e+05
0.453 2.1853e+07 4.3707e+05
0.454 2.4543e+07 4.9085e+05
0.455 2.794e+07 5.588e+05
0.456 3.0263e+07 6.0527e+05
0.457 1.7126e+07 3.4251e+05
0.458 3.8775e+07 7.755e+05
0.459 1.7023e+07 3.4046e+05
0.46 2.6827e+07 5.3654e+05
0.461 2.9975e+07 5.995e+05
0.462 3.3793e+07 6.7587e+05
0.463 2.2594e+07 4.5187e+05
0.464 4.0895e+07 8.179e+05
0.465 3.5699e+07 7.1398e+05
0.466 2.7678e+07 5.5357e+05
0.467 4.1476e+07 8.2952e+05
0.468 1.4947e+07 2.9893e+05
0.469 2.3942e+07 4.7884e+05
0.47 2.5401e+07 5.0802e+05
0.471 4.1954e+07 8.3908e+05
0.472 2.0846e+07 4.1692e+05
0.473 2.9004e+07 5.8009e+05
0.474 3.6012e+07 7.2024e+05
0.475 1.6066e+07 3.2132e+05
0.476 2.8015e+07 5.6031e+05
0.477 2.704e+07 5.4081e+05
0.478 2.637e+07 5.2739e+05
0.479 9.0391e+06 1.8078e+05
0.48 2.4292e+07 4.8584e+05
0.481 2.8766e+07 5.7532e+05
0.482 4.4287e+07 8.8573e+05
0.483 3.7618e+07 7.5235e+05
0.484 2.5733e+07 5.1466e+05
0.485 2.9374e+07 5.8748e+05
0.486 2.2919e+07 4.5838e+05
0.487 3.41e+07 6.8201e+05
0.488 2.3862e+07 4.7724e+05
0.489 1.8053e+07 3.6106e+05
0.49 3.1307e+07 6.2615e+05
0.491 2.9658e+07 5.9315e+05
0.492 8.4584e+06 1.6917e+05
0.493 1.5363e+07 3.0726e+05
0.494 3.4459e+07 6.8918e+05
0.495 2.644e+07 5.2879e+05
0.496 2.5448e+07 5.0895e+05
0.497 3.5398e+07 7.0797e+05
0.498 1.7166e+07 3.4332e+05
0.499 3.2369e+07 6.4738e+05
0.5 1.6227e+07 3.2454e+05
