0.001 1.5233e+10 3.0465e+08
0.002 1.6361e+10 3.2722e+08
0.003 1.5704e+10 3.1409e+08
0.004 1.5975e+10 3.1951e+08
0.005 1.6393e+10 3.2787e+08
0.006 1.5429e+10 3.0858e+08
0.007 1.5054e+10 3.0109e+08
0.008 1.5306e+10 3.0612e+08
0.009 1.5548e+10 3.1097e+08
0.01 1.545e+10 3.09e+08
0.011 1.5225e+10 3.045e+08
0.012 1.5653e+10 3.1305e+08
0.013 1.5468e+10 3.0937e+08
0.014 1.5239e+10 3.0477e+08
0.015 1.4936e+10 2.9871e+08
0.016 1.5594e+10 3.1187e+08
0.017 1.494e+10 2.988e+08
0.018 1.4836e+10 2.9673e+08
0.019 1.4743e+10 2.9485e+08
0.02 1.4532e+10 2.9063e+08
0.021 1.4021e+10 2.8041e+08
0.022 1.4323e+10 2.8646e+08
0.023 1.4237e+10 2.8474e+08
0.024 1.4288e+10 2.8576e+08
0.025 1.4103e+10 2.8206e+08
0.026 1.3621e+10 2.7242e+08
0.027 1.3816e+10 2.7632e+08
0.028 1.3627e+10 2.7253e+08
0.029 1.3471e+10 2.6942e+08
0.03 1.3447e+10 2.6895e+08
0.031 1.3272e+10 2.6545e+08
0.032 1.2912e+10 2.5824e+08
0.033 1.2784e+10 2.5568e+08
0.034 1.2758e+10 2.5516e+08
0.035 1.2537e+10 2.5075e+08
0.036 1.2471e+10 2.4943e+08
0.037 1.2325e+10 2.4651e+08
0.038 1.1904e+10 2.3808e+08
0.039 1.2033e+10 2.4067e+08
0.04 1.171e+10 2.342e+08
0.041 1.166e+10 2.3319e+08
0.042 1.1433e+10 2.2866e+08
0.043 1.1153e+10 2.2306e+08
0.044 1.1019e+10 2.2038e+08
0.045 1.0922e+10 2.1844e+08
0.046 1.0653e+10 2.1305e+08
0.047 1.0493e+10 2.0986e+08
0.048 1.0314e+10 2.0628e+08
0.049 1.0176e+10 2.0352e+08
0.05 1.0026e+10 2.0052e+08
0.051 9.6726e+09 1.9345e+08
0.052 9.7176e+09 1.9435e+08
0.053 9.4913e+09 1.8983e+08
0.054 9.1968e+09 1.8394e+08
0.055 9.131e+09 1.8262e+08
0.056 8.85e+09 1.77e+08
0.057 8.6726e+09 1.7345e+08
0.058 8.5916e+09 1.7183e+08
0.059 8.3767e+09 1.6753e+08
0.06 8.1655e+09 1.6331e+08
0.061 8.0832e+09 1.6166e+08
0.062 7.8696e+09 1.5739e+08
0.063 7.6625e+09 1.5325e+08
0.064 7.3843e+09 1.4769e+08
0.065 7.3691e+09 1.4738e+08
0.066 7.2041e+09 1.4408e+08
0.067 6.9099e+09 1.382e+08
0.068 6.8087e+09 1.3617e+08
0.069 6.6375e+09 1.3275e+08
0.07 6.5624e+09 1.3125e+08
0.071 6.2809e+09 1.2562e+08
0.072 6.0811e+09 1.2162e+08
0.073 5.9618e+09 1.1924e+08
0.074 5.7709e+09 1.1542e+08
0.075 5.7203e+09 1.1441e+08
0.076 5.5894e+09 1.1179e+08
0.077 5.4503e+09 1.0901e+08
0.078 5.2928e+09 1.0586e+08
0.079 5.1038e+09 1.0208e+08
0.08 4.9684e+09 9.9369e+07
0.081 4.8722e+09 9.7444e+07
0.082 4.702e+09 9.404e+07
0.083 4.5224e+09 9.0447e+07
0.084 4.4276e+09 8.8552e+07
0.085 4.3425e+09 8.685e+07
0.086 4.2646e+09 8.5292e+07
0.087 4.0688e+09 8.1376e+07
0.088 3.9924e+09 7.9848e+07
0.089 3.8432e+09 7.6864e+07
0.09 3.7993e+09 7.5985e+07
0.091 3.5952e+09 7.1903e+07
0.092 3.5791e+09 7.1583e+07
0.093 3.4784e+09 6.9569e+07
0.094 3.303e+09 6.6059e+07
0.095 3.2794e+09 6.5587e+07
0.096 3.1715e+09 6.343e+07
0.097 3.0454e+09 6.0908e+07
0.098 2.8759e+09 5.7517e+07
0.099 2.884e+09 5.768e+07
0.1 2.829e+09 5.658e+07
0.101 2.572e+09 5.1441e+07
0.102 2.6056e+09 5.2112e+07
0.103 2.501e+09 5.0021e+07
0.104 2.4529e+09 4.9058e+07
0.105 2.4122e+09 4.8245e+07
0.106 2.3512e+09 4.7025e+07
0.107 2.2365e+09 4.4731e+07
0.108 2.1756e+09 4.3512e+07
0.109 2.1604e+09 4.3209e+07
0.11 2.0748e+09 4.1497e+07
0.111 2.0277e+09 4.0553e+07
0.112 1.9477e+09 3.8955e+07
0.113 1.9087e+09 3.8174e+07
0.114 1.8397e+09 3.6793e+07
0.115 1.8209e+09 3.6419e+07
0.116 1.7708e+09 3.5416e+07
0.117 1.6195e+09 3.2391e+07
0.118 1.635e+09 3.2701e+07
0.119 1.6127e+09 3.2253e+07
0.12 1.5643e+09 3.1285e+07
0.121 1.4513e+09 2.9026e+07
0.122 1.4887e+09 2.9773e+07
0.123 1.3931e+09 2.7863e+07
0.124 1.3502e+09 2.7004e+07
0.125 1.3619e+09 2.7239e+07
0.126 1.317e+09 2.634e+07
0.127 1.3178e+09 2.6357e+07
0.128 1.2396e+09 2.4792e+07
0.129 1.2143e+09 2.4286e+07
0.13 1.2021e+09 2.4042e+07
0.131 1.1618e+09 2.3235e+07
0.132 1.1303e+09 2.2605e+07
0.133 1.0902e+09 2.1804e+07
0.134 1.0577e+09 2.1154e+07
0.135 1.1535e+09 2.3069e+07
0.136 1.0013e+09 2.0026e+07
0.137 1.019e+09 2.0381e+07
0.138 9.7308e+08 1.9462e+07
0.139 9.8132e+08 1.9626e+07
0.14 9.4056e+08 1.8811e+07
0.141 9.4463e+08 1.8893e+07
0.142 9.251e+08 1.8502e+07
0.143 8.939e+08 1.7878e+07
0.144 8.8407e+08 1.7681e+07
0.145 8.2294e+08 1.6459e+07
0.146 8.4564e+08 1.6913e+07
0.147 8.0552e+08 1.611e+07
0.148 8.2227e+08 1.6445e+07
0.149 7.8231e+08 1.5646e+07
0.15 7.2015e+08 1.4403e+07
0.151 7.1554e+08 1.4311e+07
0.152 6.7257e+08 1.3451e+07
0.153 7.1509e+08 1.4302e+07
0.154 6.8378e+08 1.3676e+07
0.155 6.6289e+08 1.3258e+07
0.156 6.657e+08 1.3314e+07
0.157 6.3029e+08 1.2606e+07
0.158 7.1266e+08 1.4253e+07
0.159 6.2504e+08 1.2501e+07
0.16 6.1634e+08 1.2327e+07
0.161 6.3458e+08 1.2692e+07
0.162 6.4761e+08 1.2952e+07
0.163 5.4898e+08 1.098e+07
0.164 6.0882e+08 1.2176e+07
0.165 6.0061e+08 1.2012e+07
0.166 5.5124e+08 1.1025e+07
0.167 5.6563e+08 1.1313e+07
0.168 5.1087e+08 1.0217e+07
0.169 5.1308e+08 1.0262e+07
0.17 4.7446e+08 9.4892e+06
0.171 5.2056e+08 1.0411e+07
0.172 4.9843e+08 9.9685e+06
0.173 4.9189e+08 9.8377e+06
0.174 5.0021e+08 1.0004e+07
0.175 4.8341e+08 9.6681e+06
0.176 4.3634e+08 8.7268e+06
0.177 4.0359e+08 8.0718e+06
0.178 3.9562e+08 7.9125e+06
0.179 4.1642e+08 8.3283e+06
0.18 4.2721e+08 8.5441e+06
0.181 3.8571e+08 7.7142e+06
0.182 4.0794e+08 8.1588e+06
0.183 3.6752e+08 7.3505e+06
0.184 3.7802e+08 7.5604e+06
0.185 3.7121e+08 7.4243e+06
0.186 3.4136e+08 6.8272e+06
0.187 3.4041e+08 6.8083e+06
0.188 3.2914e+08 6.5828e+06
0.189 2.918e+08 5.8361e+06
0.19 3.2878e+08 6.5755e+06
0.191 2.6943e+08 5.3887e+06
0.192 3.272e+08 6.5441e+06
0.193 2.9263e+08 5.8526e+06
0.194 3.2614e+08 6.5228e+06
0.195 2.8556e+08 5.7112e+06
0.196 2.735e+08 5.47e+06
0.197 2.8009e+08 5.6018e+06
0.198 2.7621e+08 5.5242e+06
0.199 2.5282e+08 5.0565e+06
0.2 2.2831e+08 4.5663e+06
0.201 2.4193e+08 4.8386e+06
0.202 2.6671e+08 5.3342e+06
0.203 2.617e+08 5.2339e+06
0.204 2.4878e+08 4.9756e+06
0.205 2.2354e+08 4.4708e+06
0.206 2.097e+08 4.1941e+06
0.207 2.3716e+08 4.7432e+06
0.208 1.9623e+08 3.9247e+06
0.209 1.9227e+08 3.8453e+06
0.21 1.9556e+08 3.9112e+06
0.211 2.2638e+08 4.5275e+06
0.212 2.2464e+08 4.4927e+06
0.213 2.6299e+08 5.2597e+06
0.214 1.9771e+08 3.9541e+06
0.215 2.1354e+08 4.2709e+06
0.216 2.1089e+08 4.2177e+06
0.217 2.0892e+08 4.1784e+06
0.218 1.639e+08 3.2781e+06
0.219 1.8075e+08 3.6151e+06
0.22 1.6474e+08 3.2947e+06
0.221 1.6487e+08 3.2975e+06
0.222 1.7625e+08 3.5249e+06
0.223 1.9952e+08 3.9904e+06
0.224 1.0822e+08 2.1645e+06
0.225 1.4412e+08 2.8825e+06
0.226 2.0811e+08 4.1622e+06
0.227 1.4695e+08 2.9391e+06
0.228 1.509e+08 3.0181e+06
0.229 1.3716e+08 2.7431e+06
0.23 1.5007e+08 3.0014e+06
0.231 1.4305e+08 2.8611e+06
0.232 1.4476e+08 2.8952e+06
0.233 1.3316e+08 2.6633e+06
0.234 1.3339e+08 2.6678e+06
0.235 8.9614e+07 1.7923e+06
0.236 1.1657e+08 2.3314e+06
0.237 1.5904e+08 3.1809e+06
0.238 1.3787e+08 2.7575e+06
0.239 1.4006e+08 2.8013e+06
0.24 1.29e+08 2.5801e+06
0.241 1.4339e+08 2.8677e+06
0.242 1.1374e+08 2.2748e+06
0.243 8.5481e+07 1.7096e+06
0.244 1.029e+08 2.0579e+06
0.245 1.056e+08 2.112e+06
0.246 1.102e+08 2.2041e+06
0.247 9.3303e+07 1.8661e+06
0.248 9.572e+07 1.9144e+06
0.249 1.1053e+08 2.2106e+06
0.25 1.2276e+08 2.4552e+06
0.251 8.154e+07 1.6308e+06
0.252 9.7933e+07 1.9587e+06
0.253 8.5253e+07 1.7051e+06
0.254 1.3388e+08 2.6776e+06
0.255 1.0648e+08 2.1295e+06
0.256 8.7787e+07 1.7557e+06
0.257 9.4818e+07 1.8964e+06
0.258 9.3296e+07 1.8659e+06
0.259 9.1211e+07 1.8242e+06
0.26 8.4605e+07 1.6921e+06
0.261 1.1997e+08 2.3993e+06
0.262 9.9544e+07 1.9909e+06
0.263 5.5504e+07 1.1101e+06
0.264 1.0842e+08 2.1684e+06
0.265 9.8398e+07 1.968e+06
0.266 8.7678e+07 1.7536e+06
0.267 7.2615e+07 1.4523e+06
0.268 1.044e+08 2.088e+06
0.269 6.0809e+07 1.2162e+06
0.27 3.9921e+07 7.9842e+05
0.271 8.2366e+07 1.6473e+06
0.272 8.0061e+07 1.6012e+06
0.273 6.3404e+07 1.2681e+06
0.274 9.2149e+07 1.843e+06
0.275 8.7969e+07 1.7594e+06
0.276 4.7522e+07 9.5043e+05
0.277 5.4192e+07 1.0838e+06
0.278 8.1043e+07 1.6209e+06
0.279 5.5133e+07 1.1027e+06
0.28 4.82e+07 9.6401e+05
0.281 5.8678e+07 1.1736e+06
0.282 6.3273e+07 1.2655e+06
0.283 8.1436e+07 1.6287e+06
0.284 4.6921e+07 9.3843e+05
0.285 6.5257e+07 1.3051e+06
0.286 3.5959e+07 7.1919e+05
0.287 7.2965e+07 1.4593e+06
0.288 5.1633e+07 1.0327e+06
0.289 7.4643e+07 1.4929e+06
0.29 3.5621e+07 7.1242e+05
0.291 7.3869e+07 1.4774e+06
0.292 7.6612e+07 1.5322e+06
0.293 4.6345e+07 9.269e+05
0.294 3.3381e+07 6.6761e+05
0.295 3.0704e+07 6.1409e+05
0.296 6.0633e+07 1.2127e+06
0.297 4.063e+07 8.126e+05
0.298 5.2671e+07 1.0534e+06
0.299 8.6612e+07 1.7322e+06
0.3 6.673e+07 1.3346e+06
0.301 2.3843e+07 4.7685e+05
0.302 6.7649e+07 1.353e+06
0.303 5.3609e+07 1.0722e+06
0.304 6.4646e+07 1.2929e+06
0.305 4.1827e+07 8.3654e+05
0.306 7.0443e+06 1.4089e+05
0.307 2.8136e+07 5.6271e+05
0.308 5.6149e+07 1.123e+06
0.309 5.3491e+07 1.0698e+06
0.31 4.6916e+07 9.3831e+05
0.311 1.571e+07 3.1419e+05
0.312 4.8076e+07 9.6152e+05
0.313 4.8795e+07 9.759e+05
0.314 4.2297e+07 8.4594e+05
0.315 6.3116e+07 1.2623e+06
0.316 3.7271e+07 7.4543e+05
0.317 3.6518e+07 7.3036e+05
0.318 1.2848e+07 2.5696e+05
0.319 2.9323e+07 5.8647e+05
0.32 6.3213e+07 1.2643e+06
0.321 4.3193e+07 8.6386e+05
0.322 3.5051e+07 7.0102e+05
0.323 4.6491e+07 9.2982e+05
0.324 2.339e+07 4.678e+05
0.325 3.8376e+07 7.6752e+05
0.326 4.4209e+07 8.8418e+05
0.327 6.8725e+07 1.3745e+06
0.328 6.6552e+07 1.331e+06
0.329 4.5952e+07 9.1905e+05
0.33 6.1992e+06 1.2398e+05
0.331 3.3883e+07 6.7766e+05
0.332 4.7352e+07 9.4705e+05
0.333 4.4107e+07 8.8215e+05
0.334 3.8151e+07 7.6301e+05
0.335 1.3249e+07 2.6497e+05
0.336 4.5202e+07 9.0404e+05
0.337 6.8635e+07 1.3727e+06
0.338 4.2789e+07 8.5579e+05
0.339 1.9152e+07 3.8304e+05
0.34 3.1332e+07 6.2663e+05
0.341 -1.9024e+06 -38049
0.342 1.0699e+07 2.1397e+05
0.343 4.6297e+07 9.2594e+05
0.344 5.0829e+07 1.0166e+06
0.345 2.7393e+07 5.4787e+05
0.346 2.5323e+07 5.0645e+05
0.347 4.4627e+07 8.9254e+05
0.348 3.8587e+07 7.7174e+05
0.349 3.7424e+07 7.4848e+05
0.35 2.3739e+07 4.7477e+05
0.351 6.1737e+06 1.2347e+05
0.352 6.186e+07 1.2372e+06
0.353 4.6359e+07 9.2718e+05
0.354 2.9039e+07 5.8077e+05
0.355 4.864e+07 9.728e+05
0.356 4.1767e+07 8.3534e+05
0.357 3.2859e+07 6.5719e+05
0.358 3.7709e+07 7.5417e+05
0.359 7.516e+07 1.5032e+06
0.36 1.4253e+07 2.8506e+05
0.361 6.2298e+07 1.246e+06
0.362 3.6125e+07 7.2249e+05
0.363 2.1336e+07 4.2671e+05
0.364 5.3404e+07 1.0681e+06
0.365 4.0422e+07 8.0844e+05
0.366 4.6166e+07 9.2331e+05
0.367 3.0244e+07 6.0489e+05
0.368 3.2386e+07 6.4771e+05
0.369 4.351e+07 8.702e+05
0.37 3.6488e+06 72975
0.371 3.1309e+07 6.2617e+05
0.372 4.5957e+07 9.1913e+05
0.373 4.3481e+07 8.6962e+05
0.374 5.1453e+07 1.0291e+06
0.375 3.8295e+07 7.659e+05
0.376 4.3969e+07 8.7937e+05
0.377 4.7761e+07 9.5522e+05
0.378 8.8752e+06 1.775e+05
0.379 4.5736e+07 9.1472e+05
0.38 3.0057e+07 6.0115e+05
0.381 2.4242e+07 4.8483e+05
0.382 4.4761e+07 8.9522e+05
0.383 5.2844e+07 1.0569e+06
0.384 1.9022e+07 3.8044e+05
0.385 6.722e+06 1.3444e+05
0.386 4.0461e+07 8.0923e+05
0.387 1.4911e+07 2.9822e+05
0.388 1.2574e+07 2.5149e+05
0.389 2.0112e+07 4.0224e+05
0.39 4.094e+07 8.188e+05
0.391 2.1359e+07 4.2718e+05
0.392 2.0123e+06 40245
0.393 6.5835e+06 1.3167e+05
0.394 4.3064e+07 8.6129e+05
0.395 4.0033e+07 8.0066e+05
0.396 5.6972e+07 1.1394e+06
0.397 7.5684e+07 1.5137e+06
0.398 5.4299e+07 1.086e+06
0.399 4.668e+07 9.3361e+05
0.4 5.7146e+07 1.1429e+06
0.401 4.7413e+07 9.4827e+05
0.402 3.2851e+07 6.5702e+05
0.403 3.7466e+07 7.4932e+05
0.404 2.9906e+07 5.9812e+05
0.405 3.9028e+07 7.8056e+05
0.406 3.7592e+07 7.5183e+05
0.407 2.2285e+07 4.4569e+05
0.408 5.8052e+07 1.161e+06
0.409 3.8574e+07 7.7148e+05
0.41 3.5955e+07 7.1909e+05
0.411 1.506e+07 3.0119e+05
0.412 3.3416e+07 6.6832e+05
0.413 2.6839e+07 5.3679e+05
0.414 4.5849e+07 9.1698e+05
0.415 3.3518e+07 6.7035e+05
0.416 2.319e+07 4.638e+05
0.417 3.8478e+07 7.6956e+05
0.418 3.4704e+07 6.9408e+05
0.419 3.0438e+07 6.0876e+05
0.42 5.904e+07 1.1808e+06
0.421 6.1234e+07 1.2247e+06
0.422 4.0257e+07 8.0515e+05
0.423 4.5732e+07 9.1464e+05
0.424 3.4602e+07 6.9205e+05
0.425 6.3851e+07 1.277e+06
0.426 4.905e+07 9.81e+05
0.427 6.749e+06 1.3498e+05
0.428 5.8432e+07 1.1686e+06
0.429 5.0685e+07 1.0137e+06
0.43 2.9451e+07 5.8903e+05
0.431 3.0078e+07 6.0156e+05
0.432 6.0403e+07 1.2081e+06
0.433 3.6331e+07 7.2662e+05
0.434 4.8283e+07 9.6566e+05
0.435 6.483e+07 1.2966e+06
0.436 2.9152e+07 5.8305e+05
0.437 6.9793e+07 1.3959e+06
0.438 4.8538e+07 9.7076e+05
0.439 3.3141e+07 6.6281e+05
0.44 3.6214e+07 7.2428e+05
0.441 1.434e+07 2.868e+05
0.442 3.5142e+07 7.0283e+05
0.443 4.9138e+07 9.8276e+05
0.444 1.9941e+07 3.9882e+05
0.445 2.7559e+07 5.5119e+05
0.446 4.2926e+07 8.5851e+05
0.447 4.5178e+07 9.0355e+05
0.448 4.1428e+07 8.2855e+05
0.449 4.7414e+07 9.4827e+05
0.45 4.4308e+07 8.8615e+05
0.451 6.9864e+07 1.3973e+06
0.452 1.6591e+07 3.3181e+05
0.453 3.0913e+07 6.1826e+05
0.454 4.4346e+07 8.8692e+05
0.455 4.236e+07 8.472e+05
0.456 4.4509e+07 8.9019e+05
0.457 2.9215e+07 5.843e+05
0.458 4.8737e+07 9.7474e+05
0.459 5.8109e+07 1.1622e+06
0.46 5.2311e+07 1.0462e+06
0.461 3.8771e+07 7.7543e+05
0.462 4.8339e+07 9.6679e+05
0.463 4.9707e+07 9.9414e+05
0.464 5.0065e+07 1.0013e+06
0.465 2.9628e+07 5.9256e+05
0.466 5.3142e+07 1.0628e+06
0.467 2.9024e+07 5.8047e+05
0.468 3.7155e+07 7.431e+05
0.469 3.959e+07 7.918e+05
0.47 5.204e+07 1.0408e+06
0.471 4.4313e+07 8.8627e+05
0.472 2.7286e+07 5.4572e+05
0.473 3.7012e+07 7.4025e+05
0.474 3.7067e+07 7.4133e+05
0.475 2.4185e+07 4.837e+05
0.476 5.4112e+07 1.0822e+06
0.477 5.4013e+07 1.0803e+06
0.478 2.7407e+07 5.4815e+05
0.479 2.3329e+07 4.6657e+05
0.48 2.7292e+07 5.4584e+05
0.481 3.6489e+07 7.2979e+05
0.482 2.8264e+07 5.6528e+05
0.483 2.4865e+07 4.973e+05
0.484 2.0759e+07 4.1518e+05
0.485 3.5749e+07 7.1498e+05
0.486 3.8871e+07 7.7741e+05
0.487 3.6915e+07 7.3831e+05
0.488 6.2429e+07 1.2486e+06
0.489 4.3135e+07 8.6271e+05
0.49 2.462e+07 4.9239e+05
0.491 2.9984e+07 5.9969e+05
0.492 1.8685e+07 3.7371e+05
0.493 4.0856e+07 8.1711e+05
0.494 4.6521e+07 9.3042e+05
0.495 4.9257e+07 9.8514e+05
0.496 4.224e+07 8.4479e+05
0.497 4.0549e+07 8.1099e+05
0.498 2.5836e+07 5.1672e+05
0.499 4.3613e+07 8.7225e+05
0.5 4.0874e+07 8.1748e+05
