0.001 1.1281e+10 2.2561e+08
0.002 1.123e+10 2.246e+08
0.003 1.1468e+10 2.2937e+08
0.004 1.2001e+10 2.4003e+08
0.005 1.1551e+10 2.3102e+08
0.006 1.1753e+10 2.3507e+08
0.007 1.1593e+10 2.3187e+08
0.008 1.1723e+10 2.3445e+08
0.009 1.1629e+10 2.3258e+08
0.01 1.1559e+10 2.3119e+08
0.011 1.1317e+10 2.2634e+08
0.012 1.1342e+10 2.2683e+08
0.013 1.1308e+10 2.2617e+08
0.014 1.1263e+10 2.2526e+08
0.015 1.1036e+10 2.2073e+08
0.016 1.1088e+10 2.2176e+08
0.017 1.1165e+10 2.233e+08
0.018 1.0848e+10 2.1695e+08
0.019 1.0985e+10 2.1971e+08
0.02 1.0714e+10 2.1429e+08
0.021 1.0791e+10 2.1583e+08
0.022 1.0584e+10 2.1168e+08
0.023 1.0664e+10 2.1327e+08
0.024 1.0563e+10 2.1127e+08
0.025 1.0445e+10 2.089e+08
0.026 1.0266e+10 2.0533e+08
0.027 1.0378e+10 2.0757e+08
0.028 1.0181e+10 2.0362e+08
0.029 1.0103e+10 2.0207e+08
0.03 1.0081e+10 2.0161e+08
0.031 1.0022e+10 2.0045e+08
0.032 9.6611e+09 1.9322e+08
0.033 9.5918e+09 1.9184e+08
0.034 9.3962e+09 1.8792e+08
0.035 9.3905e+09 1.8781e+08
0.036 9.3001e+09 1.86e+08
0.037 9.2145e+09 1.8429e+08
0.038 9.0984e+09 1.8197e+08
0.039 9.1476e+09 1.8295e+08
0.04 8.894e+09 1.7788e+08
0.041 8.5541e+09 1.7108e+08
0.042 8.5062e+09 1.7012e+08
0.043 8.4052e+09 1.681e+08
0.044 8.183e+09 1.6366e+08
0.045 8.1371e+09 1.6274e+08
0.046 7.8543e+09 1.5709e+08
0.047 7.8389e+09 1.5678e+08
0.048 7.655e+09 1.531e+08
0.049 7.537e+09 1.5074e+08
0.05 7.3706e+09 1.4741e+08
0.051 7.3064e+09 1.4613e+08
0.052 7.0404e+09 1.4081e+08
0.053 6.987e+09 1.3974e+08
0.054 6.8817e+09 1.3763e+08
0.055 6.6591e+09 1.3318e+08
0.056 6.5842e+09 1.3168e+08
0.057 6.4508e+09 1.2902e+08
0.058 6.2995e+09 1.2599e+08
0.059 6.1897e+09 1.2379e+08
0.06 6.1487e+09 1.2297e+08
0.061 5.9704e+09 1.1941e+08
0.062 5.9327e+09 1.1865e+08
0.063 5.7516e+09 1.1503e+08
0.064 5.5481e+09 1.1096e+08
0.065 5.4669e+09 1.0934e+08
0.066 5.3823e+09 1.0765e+08
0.067 5.2077e+09 1.0415e+08
0.068 5.0374e+09 1.0075e+08
0.069 5.0357e+09 1.0071e+08
0.07 4.9243e+09 9.8486e+07
0.071 4.8319e+09 9.6638e+07
0.072 4.6405e+09 9.2811e+07
0.073 4.5188e+09 9.0376e+07
0.074 4.4209e+09 8.8417e+07
0.075 4.3599e+09 8.7199e+07
0.076 4.1857e+09 8.3713e+07
0.077 4.0597e+09 8.1194e+07
0.078 3.9669e+09 7.9338e+07
0.079 3.8437e+09 7.6873e+07
0.08 3.7643e+09 7.5285e+07
0.081 3.6887e+09 7.3775e+07
0.082 3.5853e+09 7.1706e+07
0.083 3.5077e+09 7.0153e+07
0.084 3.3147e+09 6.6295e+07
0.085 3.3113e+09 6.6226e+07
0.086 3.1914e+09 6.3827e+07
0.087 3.0159e+09 6.0318e+07
0.088 3.013e+09 6.0259e+07
0.089 2.9696e+09 5.9391e+07
0.09 2.8987e+09 5.7974e+07
0.091 2.7649e+09 5.5298e+07
0.092 2.6589e+09 5.3179e+07
0.093 2.5695e+09 5.139e+07
0.094 2.4602e+09 4.9204e+07
0.095 2.4807e+09 4.9614e+07
0.096 2.3975e+09 4.795e+07
0.097 2.2755e+09 4.5511e+07
0.098 2.2558e+09 4.5117e+07
0.099 2.2202e+09 4.4404e+07
0.1 2.2049e+09 4.4098e+07
0.101 2.0619e+09 4.1237e+07
0.102 1.9705e+09 3.9409e+07
0.103 1.926e+09 3.852e+07
0.104 1.7847e+09 3.5694e+07
0.105 1.8231e+09 3.6461e+07
0.106 1.722e+09 3.4439e+07
0.107 1.6795e+09 3.3591e+07
0.108 1.6491e+09 3.2982e+07
0.109 1.6137e+09 3.2274e+07
0.11 1.5338e+09 3.0676e+07
0.111 1.4586e+09 2.9171e+07
0.112 1.4509e+09 2.9018e+07
0.113 1.4612e+09 2.9224e+07
0.114 1.389e+09 2.7779e+07
0.115 1.3387e+09 2.6774e+07
0.116 1.2746e+09 2.5492e+07
0.117 1.2554e+09 2.5107e+07
0.118 1.2788e+09 2.5576e+07
0.119 1.189e+09 2.3779e+07
0.12 1.1346e+09 2.2691e+07
0.121 1.126e+09 2.2521e+07
0.122 1.097e+09 2.1941e+07
0.123 1.083e+09 2.166e+07
0.124 1.0597e+09 2.1194e+07
0.125 1.0729e+09 2.1459e+07
0.126 9.979e+08 1.9958e+07
0.127 9.8348e+08 1.967e+07
0.128 9.4728e+08 1.8946e+07
0.129 9.2823e+08 1.8565e+07
0.13 9.5252e+08 1.905e+07
0.131 8.7972e+08 1.7594e+07
0.132 8.3448e+08 1.669e+07
0.133 8.3969e+08 1.6794e+07
0.134 8.3226e+08 1.6645e+07
0.135 7.7327e+08 1.5465e+07
0.136 7.7554e+08 1.5511e+07
0.137 7.5584e+08 1.5117e+07
0.138 7.6044e+08 1.5209e+07
0.139 6.9683e+08 1.3937e+07
0.14 6.8545e+08 1.3709e+07
0.141 6.9425e+08 1.3885e+07
0.142 6.9102e+08 1.382e+07
0.143 6.35e+08 1.27e+07
0.144 6.5682e+08 1.3136e+07
0.145 6.4597e+08 1.2919e+07
0.146 6.1117e+08 1.2223e+07
0.147 6.1777e+08 1.2355e+07
0.148 6.1433e+08 1.2287e+07
0.149 5.8414e+08 1.1683e+07
0.15 5.1284e+08 1.0257e+07
0.151 5.3696e+08 1.0739e+07
0.152 5.462e+08 1.0924e+07
0.153 5.2993e+08 1.0599e+07
0.154 4.9541e+08 9.9081e+06
0.155 5.027e+08 1.0054e+07
0.156 4.989e+08 9.9781e+06
0.157 4.7904e+08 9.5809e+06
0.158 4.6611e+08 9.3221e+06
0.159 4.7856e+08 9.5712e+06
0.16 4.7995e+08 9.5989e+06
0.161 4.7571e+08 9.5142e+06
0.162 4.5916e+08 9.1832e+06
0.163 4.3259e+08 8.6517e+06
0.164 4.5798e+08 9.1596e+06
0.165 4.6349e+08 9.2698e+06
0.166 3.8964e+08 7.7928e+06
0.167 4.018e+08 8.036e+06
0.168 3.954e+08 7.9081e+06
0.169 3.9447e+08 7.8895e+06
0.17 3.9964e+08 7.9927e+06
0.171 3.443e+08 6.8861e+06
0.172 3.5736e+08 7.1471e+06
0.173 3.5827e+08 7.1654e+06
0.174 3.5601e+08 7.1203e+06
0.175 3.1249e+08 6.2499e+06
0.176 3.2722e+08 6.5444e+06
0.177 3.2407e+08 6.4815e+06
0.178 3.0827e+08 6.1653e+06
0.179 3.0694e+08 6.1389e+06
0.18 3.0854e+08 6.1707e+06
0.181 2.8882e+08 5.7764e+06
0.182 2.7966e+08 5.5932e+06
0.183 3.0215e+08 6.0429e+06
0.184 2.9274e+08 5.8549e+06
0.185 2.7774e+08 5.5547e+06
0.186 2.8328e+08 5.6655e+06
0.187 2.4836e+08 4.9672e+06
0.188 2.5914e+08 5.1828e+06
0.189 2.4032e+08 4.8064e+06
0.19 2.687e+08 5.3741e+06
0.191 2.338e+08 4.676e+06
0.192 2.3338e+08 4.6676e+06
0.193 2.149e+08 4.2981e+06
0.194 2.2026e+08 4.4051e+06
0.195 2.1396e+08 4.2793e+06
0.196 2.2312e+08 4.4624e+06
0.197 2.0428e+08 4.0856e+06
0.198 1.7617e+08 3.5234e+06
0.199 2.0227e+08 4.0454e+06
0.2 1.8504e+08 3.7007e+06
0.201 1.7293e+08 3.4585e+06
0.202 1.7158e+08 3.4316e+06
0.203 2.013e+08 4.0259e+06
0.204 1.9085e+08 3.817e+06
0.205 1.9468e+08 3.8937e+06
0.206 1.7573e+08 3.5145e+06
0.207 1.3798e+08 2.7597e+06
0.208 1.8501e+08 3.7003e+06
0.209 1.7761e+08 3.5522e+06
0.21 1.715e+08 3.43e+06
0.211 1.5804e+08 3.1609e+06
0.212 1.3857e+08 2.7713e+06
0.213 1.3093e+08 2.6185e+06
0.214 1.2652e+08 2.5304e+06
0.215 1.567e+08 3.134e+06
0.216 1.7777e+08 3.5553e+06
0.217 1.4085e+08 2.817e+06
0.218 1.1882e+08 2.3763e+06
0.219 1.4451e+08 2.8903e+06
0.22 1.1103e+08 2.2206e+06
0.221 1.1437e+08 2.2875e+06
0.222 1.3234e+08 2.6468e+06
0.223 1.1278e+08 2.2556e+06
0.224 1.3225e+08 2.6451e+06
0.225 1.2299e+08 2.4598e+06
0.226 1.0558e+08 2.1115e+06
0.227 9.978e+07 1.9956e+06
0.228 1.034e+08 2.0681e+06
0.229 1.2081e+08 2.4162e+06
0.23 1.1836e+08 2.3671e+06
0.231 1.1145e+08 2.2289e+06
0.232 9.4177e+07 1.8835e+06
0.233 9.0158e+07 1.8032e+06
0.234 9.0225e+07 1.8045e+06
0.235 1.023e+08 2.0461e+06
0.236 1.1382e+08 2.2763e+06
0.237 1.3248e+08 2.6495e+06
0.238 1.1795e+08 2.3589e+06
0.239 1.0211e+08 2.0422e+06
0.24 1.1893e+08 2.3786e+06
0.241 8.3451e+07 1.669e+06
0.242 9.1439e+07 1.8288e+06
0.243 9.1222e+07 1.8244e+06
0.244 1.1269e+08 2.2538e+06
0.245 1.002e+08 2.0039e+06
0.246 9.9216e+07 1.9843e+06
0.247 5.6094e+07 1.1219e+06
0.248 1.1169e+08 2.2338e+06
0.249 8.593e+07 1.7186e+06
0.25 7.2713e+07 1.4543e+06
0.251 8.7658e+07 1.7532e+06
0.252 9.1228e+07 1.8246e+06
0.253 8.0567e+07 1.6113e+06
0.254 6.5004e+07 1.3001e+06
0.255 1.1393e+08 2.2787e+06
0.256 6.2101e+07 1.242e+06
0.257 3.0981e+07 6.1962e+05
0.258 5.8046e+07 1.1609e+06
0.259 8.6583e+07 1.7317e+06
0.26 5.6559e+07 1.1312e+06
0.261 5.6418e+07 1.1284e+06
0.262 8.5071e+07 1.7014e+06
0.263 5.8425e+07 1.1685e+06
0.264 7.9328e+07 1.5866e+06
0.265 5.4962e+07 1.0992e+06
0.266 6.7951e+07 1.359e+06
0.267 6.8502e+07 1.37e+06
0.268 5.286e+07 1.0572e+06
0.269 5.6786e+07 1.1357e+06
0.27 6.5627e+07 1.3125e+06
0.271 5.3972e+07 1.0794e+06
0.272 5.153e+07 1.0306e+06
0.273 6.0997e+07 1.2199e+06
0.274 7.2081e+07 1.4416e+06
0.275 6.5383e+07 1.3077e+06
0.276 4.2591e+07 8.5183e+05
0.277 3.0784e+07 6.1568e+05
0.278 4.7265e+07 9.4529e+05
0.279 6.6996e+07 1.3399e+06
0.28 5.0038e+07 1.0008e+06
0.281 6.4264e+07 1.2853e+06
0.282 5.3856e+07 1.0771e+06
0.283 3.2258e+07 6.4515e+05
0.284 6.9332e+07 1.3866e+06
0.285 4.3831e+07 8.7661e+05
0.286 4.9353e+07 9.8707e+05
0.287 5.3568e+07 1.0714e+06
0.288 4.7658e+07 9.5316e+05
0.289 1.3671e+07 2.7341e+05
0.29 3.9196e+07 7.8393e+05
0.291 5.5238e+07 1.1048e+06
0.292 3.2243e+07 6.4487e+05
0.293 5.1426e+07 1.0285e+06
0.294 5.0992e+07 1.0198e+06
0.295 2.652e+07 5.3039e+05
0.296 3.5605e+07 7.1209e+05
0.297 4.0651e+07 8.1302e+05
0.298 2.2298e+07 4.4597e+05
0.299 7.3673e+07 1.4735e+06
0.3 3.5308e+07 7.0615e+05
0.301 3.6145e+07 7.2291e+05
0.302 4.7563e+07 9.5126e+05
0.303 4.7566e+07 9.5132e+05
0.304 1.1565e+07 2.313e+05
0.305 5.4384e+07 1.0877e+06
0.306 5.6676e+07 1.1335e+06
0.307 4.3618e+07 8.7237e+05
0.308 8.4797e+06 1.6959e+05
0.309 2.9103e+07 5.8206e+05
0.31 1.6152e+07 3.2304e+05
0.311 4.3531e+07 8.7062e+05
0.312 3.6928e+07 7.3856e+05
0.313 2.477e+07 4.9539e+05
0.314 8.1323e+06 1.6265e+05
0.315 3.826e+07 7.652e+05
0.316 2.6737e+07 5.3475e+05
0.317 3.4075e+07 6.815e+05
0.318 4.9241e+06 98482
0.319 2.3338e+07 4.6677e+05
0.32 5.0496e+07 1.0099e+06
0.321 4.4471e+07 8.8943e+05
0.322 5.2949e+07 1.059e+06
0.323 2.1406e+07 4.2812e+05
0.324 2.1322e+07 4.2644e+05
0.325 4.4602e+07 8.9203e+05
0.326 1.6258e+07 3.2516e+05
0.327 3.3525e+07 6.7049e+05
0.328 2.7144e+07 5.4288e+05
0.329 4.7095e+07 9.419e+05
0.33 4.0015e+07 8.0029e+05
0.331 2.5581e+07 5.1162e+05
0.332 2.6218e+07 5.2436e+05
0.333 3.8004e+07 7.6007e+05
0.334 9.0697e+06 1.8139e+05
0.335 2.6599e+07 5.3199e+05
0.336 -1.1387e+07 -2.2775e+05
0.337 1.2025e+07 2.405e+05
0.338 8.2972e+06 1.6594e+05
0.339 4.1312e+07 8.2624e+05
0.34 3.5476e+07 7.0952e+05
0.341 4.1503e+07 8.3007e+05
0.342 1.865e+07 3.7301e+05
0.343 2.5601e+07 5.1203e+05
0.344 3.1628e+06 63256
0.345 1.0769e+07 2.1539e+05
0.346 4.5271e+07 9.0542e+05
0.347 2.3193e+07 4.6387e+05
0.348 8.7973e+06 1.7595e+05
0.349 1.6666e+07 3.3333e+05
0.35 3.5377e+07 7.0754e+05
0.351 2.0158e+07 4.0316e+05
0.352 2.2758e+07 4.5517e+05
0.353 4.9074e+06 98148
0.354 4.4043e+07 8.8086e+05
0.355 4.5015e+07 9.003e+05
0.356 3.4019e+07 6.8038e+05
0.357 4.1185e+07 8.2371e+05
0.358 3.442e+07 6.8839e+05
0.359 1.6467e+07 3.2933e+05
0.36 1.089e+07 2.178e+05
0.361 2.5377e+07 5.0754e+05
0.362 3.2669e+07 6.5338e+05
0.363 5.0982e+07 1.0196e+06
0.364 3.2408e+07 6.4816e+05
0.365 2.8491e+07 5.6983e+05
0.366 3.6923e+07 7.3846e+05
0.367 3.7284e+07 7.4567e+05
0.368 -1.2429e+07 -2.4859e+05
0.369 5.0256e+07 1.0051e+06
0.37 3.1758e+07 6.3517e+05
0.371 2.7723e+07 5.5446e+05
0.372 9.2691e+06 1.8538e+05
0.373 5.2644e+07 1.0529e+06
0.374 2.8892e+07 5.7784e+05
0.375 3.9817e+07 7.9634e+05
0.376 4.0662e+07 8.1324e+05
0.377 1.3929e+07 2.7858e+05
0.378 2.2899e+07 4.5799e+05
0.379 2.1388e+07 4.2775e+05
0.38 5.4657e+07 1.0931e+06
0.381 8.2612e+06 1.6522e+05
0.382 2.0046e+07 4.0091e+05
0.383 4.6292e+07 9.2584e+05
0.384 9.4347e+06 1.8869e+05
0.385 3.0822e+07 6.1644e+05
0.386 1.8196e+07 3.6393e+05
0.387 2.2658e+07 4.5316e+05
0.388 2.8546e+07 5.7092e+05
0.389 1.5921e+07 3.1841e+05
0.39 2.0568e+07 4.1136e+05
0.391 1.8593e+07 3.7185e+05
0.392 4.0883e+07 8.1767e+05
0.393 3.9207e+07 7.8414e+05
0.394 2.6541e+07 5.3082e+05
0.395 2.2669e+07 4.5338e+05
0.396 3.9938e+07 7.9876e+05
0.397 4.3364e+07 8.6727e+05
0.398 2.8342e+07 5.6684e+05
0.399 3.1189e+07 6.2377e+05
0.4 4.4312e+07 8.8623e+05
0.401 2.1955e+07 4.3909e+05
0.402 4.4594e+07 8.9187e+05
0.403 4.6282e+06 92565
0.404 3.4833e+07 6.9666e+05
0.405 1.829e+07 3.658e+05
0.406 3.2e+07 6.4e+05
0.407 4.5822e+07 9.1644e+05
0.408 1.3643e+07 2.7285e+05
0.409 1.708e+07 3.416e+05
0.41 4.6528e+07 9.3055e+05
0.411 2.5048e+07 5.0096e+05
0.412 2.238e+07 4.476e+05
0.413 1.7897e+07 3.5793e+05
0.414 5.2086e+07 1.0417e+06
0.415 3.9922e+07 7.9844e+05
0.416 1.8355e+07 3.671e+05
0.417 1.073e+07 2.1459e+05
0.418 1.5194e+07 3.0388e+05
0.419 2.5744e+07 5.1488e+05
0.42 2.0374e+07 4.0749e+05
0.421 3.0576e+07 6.1152e+05
0.422 2.931e+07 5.862e+05
0.423 3.426e+07 6.852e+05
0.424 3.2372e+07 6.4745e+05
0.425 4.1567e+07 8.3135e+05
0.426 5.2262e+07 1.0452e+06
0.427 2.2298e+07 4.4597e+05
0.428 3.3817e+07 6.7634e+05
0.429 5.0393e+07 1.0079e+06
0.43 3.0109e+07 6.0218e+05
0.431 2.263e+07 4.5259e+05
0.432 4.581e+07 9.1619e+05
0.433 4.178e+07 8.3559e+05
0.434 3.5776e+07 7.1551e+05
0.435 3.1233e+07 6.2467e+05
0.436 3.5135e+07 7.0269e+05
0.437 4.9888e+07 9.9776e+05
0.438 2.5327e+07 5.0655e+05
0.439 4.0239e+07 8.0479e+05
0.44 2.1567e+07 4.3133e+05
0.441 3.375e+07 6.75e+05
0.442 2.1663e+07 4.3326e+05
0.443 4.3392e+07 8.6784e+05
0.444 3.7697e+07 7.5395e+05
0.445 2.6904e+07 5.3808e+05
0.446 5.2011e+07 1.0402e+06
0.447 3.4467e+07 6.8934e+05
0.448 1.5934e+07 3.1868e+05
0.449 1.3452e+07 2.6903e+05
0.45 3.5833e+07 7.1666e+05
0.451 4.0785e+07 8.1569e+05
0.452 3.8537e+07 7.7074e+05
0.453 1.8122e+07 3.6244e+05
0.454 3.925e+07 7.8499e+05
0.455 3.6315e+07 7.263e+05
0.456 3.5021e+07 7.0041e+05
0.457 3.6716e+07 7.3432e+05
0.458 4.9757e+07 9.9514e+05
0.459 2.8445e+07 5.6891e+05
0.46 4.5496e+07 9.0992e+05
0.461 2.6493e+07 5.2986e+05
0.462 1.4994e+07 2.9988e+05
0.463 2.9285e+07 5.8571e+05
0.464 2.7656e+07 5.5312e+05
0.465 3.3584e+07 6.7168e+05
0.466 3.9907e+07 7.9814e+05
0.467 5.4852e+07 1.097e+06
0.468 4.0342e+07 8.0684e+05
0.469 3.7637e+07 7.5273e+05
0.47 4.8046e+07 9.6092e+05
0.471 3.2863e+07 6.5725e+05
0.472 4.0584e+07 8.1167e+05
0.473 2.5172e+07 5.0344e+05
0.474 1.2904e+07 2.5807e+05
0.475 2.0019e+07 4.0037e+05
0.476 3.3021e+07 6.6042e+05
0.477 3.0017e+07 6.0033e+05
0.478 3.8484e+07 7.6969e+05
0.479 2.5474e+07 5.0947e+05
0.48 1.9528e+07 3.9055e+05
0.481 3.7444e+07 7.4888e+05
0.482 2.5873e+07 5.1747e+05
0.483 1.7048e+07 3.4096e+05
0.484 1.815e+07 3.63e+05
0.485 3.6839e+07 7.3679e+05
0.486 4.3352e+07 8.6703e+05
0.487 3.8236e+07 7.6472e+05
0.488 3.419e+07 6.8381e+05
0.489 2.6099e+07 5.2198e+05
0.49 2.2838e+07 4.5676e+05
0.491 3.8451e+07 7.6902e+05
0.492 4.6437e+07 9.2873e+05
0.493 3.3833e+07 6.7665e+05
0.494 3.6213e+07 7.2425e+05
0.495 2.2427e+07 4.4855e+05
0.496 2.2965e+07 4.593e+05
0.497 2.6912e+07 5.3824e+05
0.498 2.3243e+07 4.6487e+05
0.499 3.267e+07 6.534e+05
0.5 6.1921e+06 1.2384e+05
