0.001 8.0945e+09 4.6169e+08
0.002 8.7743e+09 3.2639e+08
0.003 9.1466e+09 2.664e+08
0.004 8.5055e+09 2.3059e+08
0.005 8.6075e+09 2.0611e+08
0.006 8.9436e+09 1.88e+08
0.007 8.841e+09 1.7389e+08
0.008 8.9175e+09 1.6248e+08
0.009 8.5598e+09 1.5299e+08
0.01 8.7037e+09 1.4494e+08
0.011 8.6127e+09 1.3798e+08
0.012 8.571e+09 1.3189e+08
0.013 8.579e+09 1.2648e+08
0.014 8.4853e+09 1.2164e+08
0.015 8.6265e+09 1.1727e+08
0.016 8.5107e+09 1.1329e+08
0.017 8.2498e+09 1.0964e+08
0.018 8.5358e+09 1.0629e+08
0.019 8.2612e+09 1.0318e+08
0.02 8.3525e+09 1.0028e+08
0.021 8.1541e+09 9.7576e+07
0.022 8.2541e+09 9.504e+07
0.023 8.154e+09 9.2653e+07
0.024 8.0092e+09 9.0399e+07
0.025 7.9608e+09 8.8265e+07
0.026 7.7117e+09 8.6239e+07
0.027 7.9703e+09 8.4312e+07
0.028 7.8198e+09 8.2474e+07
0.029 7.6502e+09 8.0717e+07
0.03 7.6604e+09 7.9035e+07
0.031 7.5429e+09 7.7421e+07
0.032 7.5203e+09 7.5871e+07
0.033 7.2285e+09 7.438e+07
0.034 7.1958e+09 7.2942e+07
0.035 7.1245e+09 7.1556e+07
0.036 7.0575e+09 7.0216e+07
0.037 6.9956e+09 6.8921e+07
0.038 6.8397e+09 6.7667e+07
0.039 6.8143e+09 6.6452e+07
0.04 6.758e+09 6.5274e+07
0.041 6.6396e+09 6.413e+07
0.042 6.576e+09 6.3019e+07
0.043 6.435e+09 6.1938e+07
0.044 6.3599e+09 6.0888e+07
0.045 6.2265e+09 5.9865e+07
0.046 6.2422e+09 5.8869e+07
0.047 6.0779e+09 5.7898e+07
0.048 5.9394e+09 5.6951e+07
0.049 5.839e+09 5.6028e+07
0.05 5.8078e+09 5.5128e+07
0.051 5.7038e+09 5.4248e+07
0.052 5.5402e+09 5.339e+07
0.053 5.6112e+09 5.2551e+07
0.054 5.3225e+09 5.1732e+07
0.055 5.1824e+09 5.0932e+07
0.056 5.1678e+09 5.0149e+07
0.057 5.096e+09 4.9384e+07
0.058 5.0039e+09 4.8635e+07
0.059 4.952e+09 4.7904e+07
0.06 4.792e+09 4.7188e+07
0.061 4.8347e+09 4.6487e+07
0.062 4.6419e+09 4.5802e+07
0.063 4.5827e+09 4.5132e+07
0.064 4.5536e+09 4.4475e+07
0.065 4.384e+09 4.3833e+07
0.066 4.3159e+09 4.3205e+07
0.067 4.193e+09 4.259e+07
0.068 4.1018e+09 4.1988e+07
0.069 4.0516e+09 4.1399e+07
0.07 4.0143e+09 4.0822e+07
0.071 3.9094e+09 4.0258e+07
0.072 3.834e+09 3.9705e+07
0.073 3.697e+09 3.9165e+07
0.074 3.7341e+09 3.8635e+07
0.075 3.6202e+09 3.8118e+07
0.076 3.5146e+09 3.7611e+07
0.077 3.4621e+09 3.7115e+07
0.078 3.401e+09 3.663e+07
0.079 3.3016e+09 3.6155e+07
0.08 3.2822e+09 3.569e+07
0.081 3.1699e+09 3.5236e+07
0.082 3.092e+09 3.4791e+07
0.083 3.1044e+09 3.4356e+07
0.084 3.008e+09 3.393e+07
0.085 2.9654e+09 3.3514e+07
0.086 2.9004e+09 3.3106e+07
0.087 2.798e+09 3.2708e+07
0.088 2.7575e+09 3.2318e+07
0.089 2.6486e+09 3.1937e+07
0.09 2.5667e+09 3.1564e+07
0.091 2.5643e+09 3.1199e+07
0.092 2.4459e+09 3.0842e+07
0.093 2.4679e+09 3.0493e+07
0.094 2.4539e+09 3.0151e+07
0.095 2.3659e+09 2.9817e+07
0.096 2.3263e+09 2.9491e+07
0.097 2.2953e+09 2.9171e+07
0.098 2.2028e+09 2.8858e+07
0.099 2.1468e+09 2.8552e+07
0.1 2.1713e+09 2.8253e+07
0.101 2.0705e+09 2.796e+07
0.102 2.0088e+09 2.7673e+07
0.103 1.9996e+09 2.7393e+07
0.104 1.9108e+09 2.7118e+07
0.105 1.9329e+09 2.6849e+07
0.106 1.8782e+09 2.6586e+07
0.107 1.8512e+09 2.6328e+07
0.108 1.7859e+09 2.6075e+07
0.109 1.6991e+09 2.5828e+07
0.11 1.7589e+09 2.5586e+07
0.111 1.6695e+09 2.5348e+07
0.112 1.6493e+09 2.5115e+07
0.113 1.6086e+09 2.4887e+07
0.114 1.6736e+09 2.4663e+07
0.115 1.5693e+09 2.4444e+07
0.116 1.527e+09 2.4229e+07
0.117 1.4836e+09 2.4018e+07
0.118 1.4403e+09 2.381e+07
0.119 1.4182e+09 2.3607e+07
0.12 1.4161e+09 2.3407e+07
0.121 1.3725e+09 2.3211e+07
0.122 1.3125e+09 2.3018e+07
0.123 1.344e+09 2.2829e+07
0.124 1.2866e+09 2.2643e+07
0.125 1.2771e+09 2.246e+07
0.126 1.2859e+09 2.228e+07
0.127 1.2362e+09 2.2104e+07
0.128 1.2041e+09 2.193e+07
0.129 1.1562e+09 2.1759e+07
0.13 1.1562e+09 2.159e+07
0.131 1.147e+09 2.1425e+07
0.132 1.0816e+09 2.1262e+07
0.133 1.0824e+09 2.1101e+07
0.134 1.0494e+09 2.0943e+07
0.135 1.0403e+09 2.0787e+07
0.136 9.994e+08 2.0634e+07
0.137 1.0043e+09 2.0483e+07
0.138 9.7139e+08 2.0334e+07
0.139 9.6235e+08 2.0187e+07
0.14 9.2674e+08 2.0042e+07
0.141 9.117e+08 1.99e+07
0.142 9.1201e+08 1.9759e+07
0.143 8.4829e+08 1.9621e+07
0.144 8.4916e+08 1.9484e+07
0.145 8.386e+08 1.9349e+07
0.146 8.4003e+08 1.9216e+07
0.147 8.3162e+08 1.9085e+07
0.148 7.6891e+08 1.8956e+07
0.149 7.3802e+08 1.8829e+07
0.15 7.4587e+08 1.8703e+07
0.151 7.2037e+08 1.8579e+07
0.152 6.9727e+08 1.8457e+07
0.153 6.7067e+08 1.8337e+07
0.154 6.8121e+08 1.8218e+07
0.155 6.3284e+08 1.8101e+07
0.156 6.2529e+08 1.7986e+07
0.157 6.2215e+08 1.7872e+07
0.158 6.1325e+08 1.776e+07
0.159 5.7668e+08 1.7649e+07
0.16 5.7977e+08 1.754e+07
0.161 5.6359e+08 1.7433e+07
0.162 5.287e+08 1.7327e+07
0.163 5.3563e+08 1.7223e+07
0.164 4.9388e+08 1.712e+07
0.165 4.7919e+08 1.7019e+07
0.166 4.9012e+08 1.692e+07
0.167 4.3569e+08 1.6821e+07
0.168 4.7211e+08 1.6725e+07
0.169 4.4122e+08 1.663e+07
0.17 4.4819e+08 1.6536e+07
0.171 4.4202e+08 1.6444e+07
0.172 4.0102e+08 1.6353e+07
0.173 3.8391e+08 1.6264e+07
0.174 3.8447e+08 1.6177e+07
0.175 3.4239e+08 1.609e+07
0.176 3.5086e+08 1.6005e+07
0.177 3.7019e+08 1.5922e+07
0.178 3.4038e+08 1.584e+07
0.179 3.4476e+08 1.5759e+07
0.18 3.1733e+08 1.568e+07
0.181 3.1692e+08 1.5602e+07
0.182 3.2125e+08 1.5525e+07
0.183 3.1339e+08 1.545e+07
0.184 2.8885e+08 1.5376e+07
0.185 2.4776e+08 1.5304e+07
0.186 2.4351e+08 1.5232e+07
0.187 2.4402e+08 1.5162e+07
0.188 2.7714e+08 1.5093e+07
0.189 2.6312e+08 1.5026e+07
0.19 2.2124e+08 1.4959e+07
0.191 2.2795e+08 1.4894e+07
0.192 2.3194e+08 1.483e+07
0.193 2.0428e+08 1.4767e+07
0.194 2.033e+08 1.4706e+07
0.195 2.1403e+08 1.4645e+07
0.196 1.8315e+08 1.4585e+07
0.197 1.8021e+08 1.4527e+07
0.198 1.6791e+08 1.447e+07
0.199 1.5316e+08 1.4413e+07
0.2 1.6187e+08 1.4358e+07
0.201 1.5e+08 1.4304e+07
0.202 1.7788e+08 1.425e+07
0.203 1.413e+08 1.4198e+07
0.204 1.5731e+08 1.4147e+07
0.205 1.5774e+08 1.4096e+07
0.206 1.2918e+08 1.4046e+07
0.207 1.5706e+08 1.3998e+07
0.208 1.3021e+08 1.395e+07
0.209 1.4209e+08 1.3903e+07
0.21 1.1525e+08 1.3856e+07
0.211 1.145e+08 1.3811e+07
0.212 1.1569e+08 1.3766e+07
0.213 1.0951e+08 1.3722e+07
0.214 1.0868e+08 1.3679e+07
0.215 1.086e+08 1.3636e+07
0.216 1.1449e+08 1.3594e+07
0.217 9.3971e+07 1.3553e+07
0.218 8.5035e+07 1.3513e+07
0.219 9.4292e+07 1.3473e+07
0.22 8.0914e+07 1.3434e+07
0.221 9.5829e+07 1.3395e+07
0.222 7.8561e+07 1.3357e+07
0.223 7.5148e+07 1.3319e+07
0.224 8.1775e+07 1.3283e+07
0.225 7.6924e+07 1.3246e+07
0.226 7.5275e+07 1.321e+07
0.227 8.2485e+07 1.3175e+07
0.228 5.7377e+07 1.314e+07
0.229 4.786e+07 1.3106e+07
0.23 7.677e+07 1.3072e+07
0.231 7.8072e+07 1.3038e+07
0.232 7.1524e+07 1.3005e+07
0.233 6.0899e+07 1.2973e+07
0.234 6.4659e+07 1.2941e+07
0.235 6.622e+07 1.2909e+07
0.236 6.5999e+07 1.2878e+07
0.237 6.7024e+07 1.2847e+07
0.238 4.6993e+07 1.2816e+07
0.239 7.5868e+07 1.2786e+07
0.24 5.828e+07 1.2756e+07
0.241 4.8523e+07 1.2727e+07
0.242 5.107e+07 1.2698e+07
0.243 6.047e+07 1.2669e+07
0.244 7.7778e+07 1.264e+07
0.245 7.263e+07 1.2612e+07
0.246 5.8452e+07 1.2584e+07
0.247 5.3747e+07 1.2557e+07
0.248 5.136e+07 1.253e+07
0.249 5.0606e+07 1.2503e+07
0.25 6.0421e+07 1.2476e+07
0.251 5.534e+07 1.245e+07
0.252 5.9989e+07 1.2423e+07
0.253 6.7681e+07 1.2398e+07
0.254 5.0714e+07 1.2372e+07
0.255 5.6471e+07 1.2347e+07
0.256 5.3032e+07 1.2321e+07
0.257 4.6967e+07 1.2297e+07
0.258 4.039e+07 1.2272e+07
0.259 4.7885e+07 1.2248e+07
0.26 3.6192e+07 1.2223e+07
0.261 4.8269e+07 1.2199e+07
0.262 6.8443e+07 1.2176e+07
0.263 4.6159e+07 1.2152e+07
0.264 3.632e+07 1.2129e+07
0.265 4.446e+07 1.2106e+07
0.266 4.3707e+07 1.2083e+07
0.267 4.5285e+07 1.206e+07
0.268 5.0083e+07 1.2037e+07
0.269 3.3955e+07 1.2015e+07
0.27 4.532e+07 1.1993e+07
0.271 4.6741e+07 1.1971e+07
0.272 2.3485e+07 1.1949e+07
0.273 3.4056e+07 1.1927e+07
0.274 2.5809e+07 1.1906e+07
0.275 7.1634e+07 1.1884e+07
0.276 3.413e+07 1.1863e+07
0.277 4.7526e+07 1.1842e+07
0.278 3.7412e+07 1.1821e+07
0.279 2.9636e+07 1.18e+07
0.28 4.9444e+07 1.1779e+07
0.281 4.8754e+07 1.1759e+07
0.282 4.7192e+07 1.1738e+07
0.283 7.4259e+07 1.1718e+07
0.284 5.2152e+07 1.1698e+07
0.285 5.3429e+07 1.1678e+07
0.286 4.0798e+07 1.1658e+07
0.287 5.4754e+07 1.1638e+07
0.288 4.9889e+07 1.1618e+07
0.289 3.496e+07 1.1599e+07
0.29 4.9117e+07 1.1579e+07
0.291 5.6514e+07 1.156e+07
0.292 3.8154e+07 1.154e+07
0.293 4.0022e+07 1.1521e+07
0.294 5.777e+07 1.1502e+07
0.295 4.4707e+07 1.1483e+07
0.296 4.4838e+07 1.1464e+07
0.297 4.5007e+07 1.1445e+07
0.298 4.8596e+07 1.1426e+07
0.299 5.8317e+07 1.1407e+07
0.3 3.2746e+07 1.1389e+07
0.301 4.4941e+07 1.137e+07
0.302 5.7568e+07 1.1351e+07
0.303 7.1576e+07 1.1333e+07
0.304 4.4234e+07 1.1315e+07
0.305 6.1493e+07 1.1296e+07
0.306 4.7042e+07 1.1278e+07
0.307 5.7646e+07 1.126e+07
0.308 7.0486e+07 1.1242e+07
0.309 5.7583e+07 1.1224e+07
0.31 5.1542e+07 1.1206e+07
0.311 5.4654e+07 1.1188e+07
0.312 4.4196e+07 1.117e+07
0.313 5.1158e+07 1.1152e+07
0.314 6.1532e+07 1.1134e+07
0.315 4.7761e+07 1.1116e+07
0.316 4.1194e+07 1.1099e+07
0.317 5.1039e+07 1.1081e+07
0.318 4.1438e+07 1.1064e+07
0.319 4.91e+07 1.1046e+07
0.32 2.5507e+07 1.1029e+07
0.321 5.7187e+07 1.1011e+07
0.322 4.7724e+07 1.0994e+07
0.323 5.3265e+07 1.0977e+07
0.324 5.8193e+07 1.096e+07
0.325 5.0294e+07 1.0943e+07
0.326 6.421e+07 1.0925e+07
0.327 4.131e+07 1.0908e+07
0.328 4.0564e+07 1.0892e+07
0.329 4.2563e+07 1.0875e+07
0.33 5.4097e+07 1.0858e+07
0.331 5.554e+07 1.0841e+07
0.332 5.8795e+07 1.0824e+07
0.333 5.4616e+07 1.0808e+07
0.334 5.1723e+07 1.0791e+07
0.335 6.9126e+07 1.0775e+07
0.336 4.4698e+07 1.0758e+07
0.337 7.363e+07 1.0742e+07
0.338 5.6342e+07 1.0726e+07
0.339 5.8594e+07 1.0709e+07
0.34 4.7835e+07 1.0693e+07
0.341 4.5851e+07 1.0677e+07
0.342 6.774e+07 1.0661e+07
0.343 5.4553e+07 1.0645e+07
0.344 3.2422e+07 1.0629e+07
0.345 3.6683e+07 1.0613e+07
0.346 5.116e+07 1.0598e+07
0.347 4.0415e+07 1.0582e+07
0.348 4.7743e+07 1.0566e+07
0.349 5.6993e+07 1.0551e+07
0.35 7.5354e+07 1.0535e+07
0.351 7.2014e+07 1.052e+07
0.352 5.0688e+07 1.0505e+07
0.353 4.0413e+07 1.0489e+07
0.354 6.1598e+07 1.0474e+07
0.355 4.2639e+07 1.0459e+07
0.356 6.1678e+07 1.0444e+07
0.357 4.3222e+07 1.0429e+07
0.358 3.409e+07 1.0414e+07
0.359 3.5987e+07 1.0399e+07
0.36 3.7497e+07 1.0384e+07
0.361 3.3094e+07 1.037e+07
0.362 3.5145e+07 1.0355e+07
0.363 5.3756e+07 1.034e+07
0.364 5.539e+07 1.0326e+07
0.365 5.2723e+07 1.0311e+07
0.366 3.7263e+07 1.0297e+07
0.367 5.7561e+07 1.0283e+07
0.368 3.9243e+07 1.0268e+07
0.369 5.5903e+07 1.0254e+07
0.37 4.0975e+07 1.024e+07
0.371 4.9761e+07 1.0226e+07
0.372 5.5861e+07 1.0212e+07
0.373 5.4269e+07 1.0198e+07
0.374 3.4321e+07 1.0184e+07
0.375 4.2192e+07 1.017e+07
0.376 3.3759e+07 1.0157e+07
0.377 3.2514e+07 1.0143e+07
0.378 2.4713e+07 1.0129e+07
0.379 6.6076e+07 1.0116e+07
0.38 3.3665e+07 1.0102e+07
0.381 3.7537e+07 1.0088e+07
0.382 5.802e+07 1.0075e+07
0.383 5.5115e+07 1.0062e+07
0.384 4.8539e+07 1.0048e+07
0.385 2.1784e+07 1.0035e+07
0.386 5.2913e+07 1.0022e+07
0.387 3.6324e+07 1.0008e+07
0.388 3.1913e+07 9.9953e+06
0.389 5.1434e+07 9.9822e+06
0.39 4.7713e+07 9.9691e+06
0.391 6.0546e+07 9.9561e+06
0.392 6.4421e+07 9.9431e+06
0.393 4.5459e+07 9.9302e+06
0.394 4.8246e+07 9.9173e+06
0.395 4.9261e+07 9.9045e+06
0.396 4.5737e+07 9.8917e+06
0.397 4.8757e+07 9.879e+06
0.398 4.6936e+07 9.8662e+06
0.399 3.3099e+07 9.8536e+06
0.4 5.105e+07 9.841e+06
0.401 5.0919e+07 9.8284e+06
0.402 3.4097e+07 9.8158e+06
0.403 2.6918e+07 9.8033e+06
0.404 3.354e+07 9.7909e+06
0.405 4.119e+07 9.7785e+06
0.406 5.1749e+07 9.7661e+06
0.407 3.649e+07 9.7538e+06
0.408 5.6297e+07 9.7415e+06
0.409 2.6167e+07 9.7292e+06
0.41 3.2899e+07 9.717e+06
0.411 3.4227e+07 9.7049e+06
0.412 5.1761e+07 9.6927e+06
0.413 5.0638e+07 9.6807e+06
0.414 2.6007e+07 9.6686e+06
0.415 3.6628e+07 9.6566e+06
0.416 3.5771e+07 9.6447e+06
0.417 2.578e+07 9.6327e+06
0.418 4.0648e+07 9.6209e+06
0.419 3.6042e+07 9.609e+06
0.42 5.1811e+07 9.5972e+06
0.421 4.7118e+07 9.5855e+06
0.422 3.6167e+07 9.5738e+06
0.423 5.5027e+07 9.5621e+06
0.424 4.5712e+07 9.5505e+06
0.425 2.9807e+07 9.5389e+06
0.426 5.4483e+07 9.5274e+06
0.427 3.5514e+07 9.5159e+06
0.428 4.2469e+07 9.5045e+06
0.429 3.4413e+07 9.4931e+06
0.43 5.1556e+07 9.4817e+06
0.431 3.4523e+07 9.4704e+06
0.432 3.6027e+07 9.4592e+06
0.433 4.4218e+07 9.4479e+06
0.434 3.5988e+07 9.4368e+06
0.435 4.3506e+07 9.4256e+06
0.436 3.6466e+07 9.4145e+06
0.437 4.109e+07 9.4035e+06
0.438 3.9772e+07 9.3925e+06
0.439 3.2801e+07 9.3815e+06
0.44 3.5599e+07 9.3706e+06
0.441 2.668e+07 9.3598e+06
0.442 5.0841e+07 9.349e+06
0.443 4.5765e+07 9.3382e+06
0.444 5.4353e+07 9.3275e+06
0.445 5.129e+07 9.3168e+06
0.446 4.2333e+07 9.3061e+06
0.447 3.6354e+07 9.2955e+06
0.448 3.2995e+07 9.285e+06
0.449 3.353e+07 9.2745e+06
0.45 3.1133e+07 9.264e+06
0.451 2.2027e+07 9.2536e+06
0.452 3.8133e+07 9.2432e+06
0.453 4.1289e+07 9.2329e+06
0.454 5.2743e+07 9.2226e+06
0.455 4.6013e+07 9.2124e+06
0.456 5.328e+07 9.2022e+06
0.457 3.4241e+07 9.192e+06
0.458 4.3759e+07 9.1819e+06
0.459 3.6004e+07 9.1718e+06
0.46 2.2193e+07 9.1617e+06
0.461 4.5687e+07 9.1517e+06
0.462 2.6936e+07 9.1418e+06
0.463 4.0292e+07 9.1319e+06
0.464 3.0616e+07 9.122e+06
0.465 4.1986e+07 9.1121e+06
0.466 3.9017e+07 9.1023e+06
0.467 3.1624e+07 9.0925e+06
0.468 4.3227e+07 9.0828e+06
0.469 4.2387e+07 9.0731e+06
0.47 2.2258e+07 9.0634e+06
0.471 3.5184e+07 9.0538e+06
0.472 3.8493e+07 9.0442e+06
0.473 3.1804e+07 9.0346e+06
0.474 3.3997e+07 9.0251e+06
0.475 5.4476e+07 9.0156e+06
0.476 3.0284e+07 9.0061e+06
0.477 4.2901e+07 8.9967e+06
0.478 4.0003e+07 8.9873e+06
0.479 3.053e+07 8.9779e+06
0.48 4.9433e+07 8.9685e+06
0.481 4.9668e+07 8.9592e+06
0.482 4.059e+07 8.9499e+06
0.483 3.2613e+07 8.9407e+06
0.484 3.5035e+07 8.9314e+06
0.485 2.7779e+07 8.9222e+06
0.486 2.7836e+07 8.913e+06
0.487 4.472e+07 8.9039e+06
0.488 3.2834e+07 8.8947e+06
0.489 3.2783e+07 8.8856e+06
0.49 4.0419e+07 8.8766e+06
0.491 2.3663e+07 8.8675e+06
0.492 4.3423e+07 8.8585e+06
0.493 2.6529e+07 8.8495e+06
0.494 4.7238e+07 8.8405e+06
0.495 4.5281e+07 8.8315e+06
0.496 3.4911e+07 8.8226e+06
0.497 4.9052e+07 8.8137e+06
0.498 3.9555e+07 8.8048e+06
0.499 3.6424e+07 8.7959e+06
0.5 4.5311e+07 8.787e+06
