0.001 6.7708e+09 3.6094e+08
0.002 7.0368e+09 2.5516e+08
0.003 6.5784e+09 2.0826e+08
0.004 7.0493e+09 1.8026e+08
0.005 6.8667e+09 1.6112e+08
0.006 7.3191e+09 1.4695e+08
0.007 6.8591e+09 1.3592e+08
0.008 7.1923e+09 1.2699e+08
0.009 6.9688e+09 1.1957e+08
0.01 6.9752e+09 1.1327e+08
0.011 7.0232e+09 1.0782e+08
0.012 6.9321e+09 1.0305e+08
0.013 6.9211e+09 9.8819e+07
0.014 6.5685e+09 9.5028e+07
0.015 6.7905e+09 9.1602e+07
0.016 6.6666e+09 8.8484e+07
0.017 6.7307e+09 8.5626e+07
0.018 6.5369e+09 8.2993e+07
0.019 6.4819e+09 8.0553e+07
0.02 6.6148e+09 7.8282e+07
0.021 6.4392e+09 7.6159e+07
0.022 6.3693e+09 7.4168e+07
0.023 6.4475e+09 7.2293e+07
0.024 6.2433e+09 7.0522e+07
0.025 6.2325e+09 6.8845e+07
0.026 6.228e+09 6.7253e+07
0.027 6.2672e+09 6.5737e+07
0.028 6.0207e+09 6.4291e+07
0.029 6.0442e+09 6.2908e+07
0.03 5.9565e+09 6.1583e+07
0.031 5.8906e+09 6.0313e+07
0.032 5.8467e+09 5.9091e+07
0.033 5.7702e+09 5.7916e+07
0.034 5.6362e+09 5.6783e+07
0.035 5.5482e+09 5.569e+07
0.036 5.5148e+09 5.4633e+07
0.037 5.4701e+09 5.3611e+07
0.038 5.3806e+09 5.2621e+07
0.039 5.3683e+09 5.1662e+07
0.04 5.2742e+09 5.0731e+07
0.041 5.2334e+09 4.9828e+07
0.042 5.0702e+09 4.895e+07
0.043 5.0397e+09 4.8096e+07
0.044 4.997e+09 4.7265e+07
0.045 4.8944e+09 4.6456e+07
0.046 4.8281e+09 4.5668e+07
0.047 4.6793e+09 4.49e+07
0.048 4.6209e+09 4.4151e+07
0.049 4.6366e+09 4.3421e+07
0.05 4.4992e+09 4.2708e+07
0.051 4.424e+09 4.2012e+07
0.052 4.3236e+09 4.1333e+07
0.053 4.2924e+09 4.0669e+07
0.054 4.187e+09 4.002e+07
0.055 4.0955e+09 3.9386e+07
0.056 4.0994e+09 3.8766e+07
0.057 3.9657e+09 3.816e+07
0.058 3.9243e+09 3.7567e+07
0.059 3.8711e+09 3.6988e+07
0.06 3.7686e+09 3.6421e+07
0.061 3.6957e+09 3.5866e+07
0.062 3.6165e+09 3.5323e+07
0.063 3.5495e+09 3.4793e+07
0.064 3.4378e+09 3.4273e+07
0.065 3.4177e+09 3.3765e+07
0.066 3.382e+09 3.3267e+07
0.067 3.2557e+09 3.278e+07
0.068 3.1859e+09 3.2304e+07
0.069 3.1274e+09 3.1838e+07
0.07 3.0824e+09 3.1381e+07
0.071 3.0381e+09 3.0935e+07
0.072 2.9703e+09 3.0498e+07
0.073 2.9021e+09 3.0071e+07
0.074 2.8748e+09 2.9653e+07
0.075 2.7358e+09 2.9244e+07
0.076 2.723e+09 2.8843e+07
0.077 2.6278e+09 2.8452e+07
0.078 2.6122e+09 2.8069e+07
0.079 2.5288e+09 2.7694e+07
0.08 2.4638e+09 2.7328e+07
0.081 2.4622e+09 2.697e+07
0.082 2.4177e+09 2.6619e+07
0.083 2.3497e+09 2.6276e+07
0.084 2.3021e+09 2.5941e+07
0.085 2.2407e+09 2.5614e+07
0.086 2.2024e+09 2.5293e+07
0.087 2.1387e+09 2.498e+07
0.088 2.1061e+09 2.4674e+07
0.089 2.0803e+09 2.4374e+07
0.09 2.0115e+09 2.4082e+07
0.091 1.9798e+09 2.3796e+07
0.092 1.9701e+09 2.3516e+07
0.093 1.8809e+09 2.3242e+07
0.094 1.839e+09 2.2975e+07
0.095 1.8264e+09 2.2714e+07
0.096 1.7337e+09 2.2458e+07
0.097 1.7593e+09 2.2208e+07
0.098 1.7007e+09 2.1964e+07
0.099 1.6e+09 2.1725e+07
0.1 1.6176e+09 2.1492e+07
0.101 1.5947e+09 2.1263e+07
0.102 1.5454e+09 2.104e+07
0.103 1.5083e+09 2.0821e+07
0.104 1.4864e+09 2.0607e+07
0.105 1.4882e+09 2.0398e+07
0.106 1.4283e+09 2.0193e+07
0.107 1.44e+09 1.9993e+07
0.108 1.3649e+09 1.9797e+07
0.109 1.3758e+09 1.9604e+07
0.11 1.3479e+09 1.9416e+07
0.111 1.3258e+09 1.9232e+07
0.112 1.2321e+09 1.9051e+07
0.113 1.2483e+09 1.8874e+07
0.114 1.197e+09 1.8701e+07
0.115 1.1957e+09 1.8531e+07
0.116 1.1468e+09 1.8364e+07
0.117 1.1245e+09 1.82e+07
0.118 1.1019e+09 1.804e+07
0.119 1.0849e+09 1.7882e+07
0.12 1.0996e+09 1.7728e+07
0.121 1.0677e+09 1.7576e+07
0.122 1.0257e+09 1.7426e+07
0.123 1.0102e+09 1.728e+07
0.124 9.7506e+08 1.7136e+07
0.125 9.7551e+08 1.6994e+07
0.126 9.859e+08 1.6855e+07
0.127 9.4845e+08 1.6718e+07
0.128 9.3405e+08 1.6583e+07
0.129 9.0162e+08 1.645e+07
0.13 8.7957e+08 1.632e+07
0.131 8.741e+08 1.6191e+07
0.132 8.5923e+08 1.6064e+07
0.133 8.0803e+08 1.594e+07
0.134 8.0895e+08 1.5817e+07
0.135 8.0344e+08 1.5696e+07
0.136 7.5548e+08 1.5576e+07
0.137 7.7776e+08 1.5459e+07
0.138 7.3843e+08 1.5343e+07
0.139 7.2948e+08 1.5229e+07
0.14 7.2533e+08 1.5116e+07
0.141 6.9575e+08 1.5005e+07
0.142 6.9048e+08 1.4895e+07
0.143 6.437e+08 1.4787e+07
0.144 6.5448e+08 1.468e+07
0.145 6.0799e+08 1.4575e+07
0.146 6.1928e+08 1.4471e+07
0.147 6.1729e+08 1.4368e+07
0.148 5.8194e+08 1.4267e+07
0.149 5.7109e+08 1.4167e+07
0.15 6.0192e+08 1.4069e+07
0.151 5.5719e+08 1.3971e+07
0.152 5.3658e+08 1.3876e+07
0.153 5.5236e+08 1.3781e+07
0.154 5.2143e+08 1.3688e+07
0.155 5.289e+08 1.3595e+07
0.156 4.7256e+08 1.3505e+07
0.157 4.923e+08 1.3415e+07
0.158 4.705e+08 1.3327e+07
0.159 4.4524e+08 1.324e+07
0.16 4.3806e+08 1.3154e+07
0.161 4.1536e+08 1.3069e+07
0.162 4.1291e+08 1.2986e+07
0.163 4.3086e+08 1.2903e+07
0.164 3.7696e+08 1.2822e+07
0.165 3.8061e+08 1.2742e+07
0.166 3.6333e+08 1.2664e+07
0.167 3.675e+08 1.2586e+07
0.168 3.4016e+08 1.251e+07
0.169 3.3818e+08 1.2435e+07
0.17 3.1607e+08 1.2361e+07
0.171 3.0758e+08 1.2288e+07
0.172 3.0764e+08 1.2216e+07
0.173 3.0913e+08 1.2146e+07
0.174 2.8419e+08 1.2076e+07
0.175 2.7039e+08 1.2008e+07
0.176 2.8744e+08 1.1941e+07
0.177 2.6883e+08 1.1875e+07
0.178 2.6879e+08 1.181e+07
0.179 2.5951e+08 1.1747e+07
0.18 2.4393e+08 1.1684e+07
0.181 2.1547e+08 1.1623e+07
0.182 2.0813e+08 1.1562e+07
0.183 2.044e+08 1.1503e+07
0.184 2.0268e+08 1.1445e+07
0.185 1.8366e+08 1.1388e+07
0.186 1.8364e+08 1.1331e+07
0.187 2.214e+08 1.1276e+07
0.188 1.8162e+08 1.1222e+07
0.189 1.6346e+08 1.1169e+07
0.19 1.6562e+08 1.1117e+07
0.191 1.5934e+08 1.1066e+07
0.192 1.6861e+08 1.1016e+07
0.193 1.4275e+08 1.0967e+07
0.194 1.5951e+08 1.0919e+07
0.195 1.4993e+08 1.0871e+07
0.196 1.3582e+08 1.0825e+07
0.197 1.3898e+08 1.078e+07
0.198 1.213e+08 1.0735e+07
0.199 1.1591e+08 1.0691e+07
0.2 1.2723e+08 1.0648e+07
0.201 1.0849e+08 1.0606e+07
0.202 1.3684e+08 1.0565e+07
0.203 1.0702e+08 1.0525e+07
0.204 1.2437e+08 1.0485e+07
0.205 8.8002e+07 1.0446e+07
0.206 6.7825e+07 1.0408e+07
0.207 9.12e+07 1.0371e+07
0.208 8.496e+07 1.0334e+07
0.209 9.7384e+07 1.0298e+07
0.21 7.3314e+07 1.0263e+07
0.211 8.6744e+07 1.0228e+07
0.212 7.6861e+07 1.0194e+07
0.213 9.354e+07 1.016e+07
0.214 7.7396e+07 1.0128e+07
0.215 7.0745e+07 1.0096e+07
0.216 6.452e+07 1.0064e+07
0.217 5.2398e+07 1.0033e+07
0.218 6.6031e+07 1.0002e+07
0.219 5.3128e+07 9.9724e+06
0.22 6.7735e+07 9.9429e+06
0.221 5.3056e+07 9.914e+06
0.222 4.5289e+07 9.8856e+06
0.223 5.8387e+07 9.8576e+06
0.224 4.1758e+07 9.8301e+06
0.225 4.1922e+07 9.803e+06
0.226 3.207e+07 9.7764e+06
0.227 2.8525e+07 9.7502e+06
0.228 4.19e+07 9.7244e+06
0.229 4.2486e+07 9.699e+06
0.23 3.8366e+07 9.674e+06
0.231 4.459e+07 9.6494e+06
0.232 4.2888e+07 9.6251e+06
0.233 3.3027e+07 9.6012e+06
0.234 5.2671e+07 9.5777e+06
0.235 3.4674e+07 9.5545e+06
0.236 4.254e+07 9.5316e+06
0.237 2.9092e+07 9.509e+06
0.238 4.156e+07 9.4867e+06
0.239 2.8326e+07 9.4647e+06
0.24 4.0302e+07 9.4431e+06
0.241 4.8556e+07 9.4217e+06
0.242 2.3946e+07 9.4005e+06
0.243 3.3645e+07 9.3797e+06
0.244 2.2096e+07 9.3591e+06
0.245 4.1809e+07 9.3387e+06
0.246 2.3962e+07 9.3186e+06
0.247 3.6855e+07 9.2988e+06
0.248 2.3402e+07 9.2791e+06
0.249 3.9074e+07 9.2597e+06
0.25 4.0775e+07 9.2405e+06
0.251 3.3663e+07 9.2216e+06
0.252 2.7897e+07 9.2028e+06
0.253 4.601e+07 9.1842e+06
0.254 3.576e+07 9.1659e+06
0.255 4.0715e+07 9.1477e+06
0.256 3.0589e+07 9.1297e+06
0.257 3.2897e+07 9.1119e+06
0.258 1.9118e+07 9.0943e+06
0.259 2.5008e+07 9.0768e+06
0.26 1.5557e+07 9.0596e+06
0.261 2.8549e+07 9.0424e+06
0.262 2.6686e+07 9.0255e+06
0.263 3.1558e+07 9.0087e+06
0.264 3.7419e+07 8.992e+06
0.265 3.7902e+07 8.9755e+06
0.266 2.9241e+07 8.9591e+06
0.267 3.4389e+07 8.9429e+06
0.268 2.444e+07 8.9267e+06
0.269 4.8955e+07 8.9108e+06
0.27 5.1852e+07 8.8949e+06
0.271 4.5401e+07 8.8792e+06
0.272 2.2963e+07 8.8636e+06
0.273 1.844e+07 8.8481e+06
0.274 2.579e+07 8.8327e+06
0.275 3.8533e+07 8.8174e+06
0.276 2.3501e+07 8.8022e+06
0.277 3.4746e+07 8.7871e+06
0.278 3.0364e+07 8.7721e+06
0.279 4.1923e+07 8.7572e+06
0.28 4.196e+07 8.7424e+06
0.281 5.0342e+07 8.7276e+06
0.282 5.4265e+07 8.713e+06
0.283 3.1249e+07 8.6984e+06
0.284 3.6442e+07 8.6839e+06
0.285 4.7636e+07 8.6695e+06
0.286 5.1061e+07 8.6552e+06
0.287 4.3572e+07 8.6409e+06
0.288 3.3445e+07 8.6267e+06
0.289 5.4094e+07 8.6125e+06
0.29 1.3351e+07 8.5984e+06
0.291 4.3864e+07 8.5844e+06
0.292 3.8596e+07 8.5704e+06
0.293 2.7789e+07 8.5565e+06
0.294 3.9037e+07 8.5426e+06
0.295 4.2777e+07 8.5288e+06
0.296 3.2455e+07 8.515e+06
0.297 3.4424e+07 8.5012e+06
0.298 4.4618e+07 8.4875e+06
0.299 4.7427e+07 8.4739e+06
0.3 3.6549e+07 8.4603e+06
0.301 3.7179e+07 8.4467e+06
0.302 3.21e+07 8.4332e+06
0.303 4.0408e+07 8.4197e+06
0.304 4.382e+07 8.4062e+06
0.305 3.459e+07 8.3928e+06
0.306 3.3495e+07 8.3794e+06
0.307 3.5805e+07 8.366e+06
0.308 4.5159e+07 8.3527e+06
0.309 2.7308e+07 8.3394e+06
0.31 5.198e+07 8.3262e+06
0.311 3.6578e+07 8.3129e+06
0.312 3.8104e+07 8.2997e+06
0.313 3.5996e+07 8.2866e+06
0.314 4.7846e+07 8.2734e+06
0.315 3.2198e+07 8.2603e+06
0.316 4.0014e+07 8.2473e+06
0.317 4.5062e+07 8.2342e+06
0.318 4.2368e+07 8.2212e+06
0.319 4.6674e+07 8.2082e+06
0.32 4.4405e+07 8.1953e+06
0.321 4.4777e+07 8.1824e+06
0.322 2.2355e+07 8.1695e+06
0.323 4.13e+07 8.1567e+06
0.324 2.978e+07 8.1438e+06
0.325 4.3693e+07 8.1311e+06
0.326 3.4504e+07 8.1183e+06
0.327 4.5341e+07 8.1056e+06
0.328 4.0658e+07 8.093e+06
0.329 4.4917e+07 8.0803e+06
0.33 3.3489e+07 8.0677e+06
0.331 4.616e+07 8.0552e+06
0.332 2.598e+07 8.0427e+06
0.333 5.1626e+07 8.0302e+06
0.334 4.3757e+07 8.0178e+06
0.335 3.8723e+07 8.0054e+06
0.336 4.9654e+07 7.9931e+06
0.337 4.941e+07 7.9808e+06
0.338 2.6995e+07 7.9685e+06
0.339 2.5735e+07 7.9563e+06
0.34 3.5238e+07 7.9442e+06
0.341 2.6271e+07 7.9321e+06
0.342 3.4206e+07 7.92e+06
0.343 4.5921e+07 7.908e+06
0.344 3.5515e+07 7.896e+06
0.345 4.2755e+07 7.8841e+06
0.346 4.1332e+07 7.8722e+06
0.347 3.2557e+07 7.8604e+06
0.348 3.0008e+07 7.8486e+06
0.349 4.9967e+07 7.8369e+06
0.35 4.1664e+07 7.8252e+06
0.351 3.0154e+07 7.8136e+06
0.352 3.6831e+07 7.8021e+06
0.353 4.1752e+07 7.7905e+06
0.354 3.7816e+07 7.7791e+06
0.355 3.1239e+07 7.7677e+06
0.356 3.3481e+07 7.7563e+06
0.357 2.9376e+07 7.745e+06
0.358 4.9119e+07 7.7337e+06
0.359 4.0644e+07 7.7225e+06
0.36 4.2793e+07 7.7114e+06
0.361 3.2722e+07 7.7003e+06
0.362 3.0366e+07 7.6892e+06
0.363 5.1092e+07 7.6782e+06
0.364 4.0361e+07 7.6673e+06
0.365 4.775e+07 7.6564e+06
0.366 3.6852e+07 7.6455e+06
0.367 3.6079e+07 7.6347e+06
0.368 2.7458e+07 7.624e+06
0.369 3.7917e+07 7.6133e+06
0.37 2.1014e+07 7.6026e+06
0.371 2.4342e+07 7.592e+06
0.372 3.7666e+07 7.5814e+06
0.373 2.48e+07 7.5709e+06
0.374 4.4579e+07 7.5604e+06
0.375 2.9541e+07 7.55e+06
0.376 3.1499e+07 7.5396e+06
0.377 3.1524e+07 7.5293e+06
0.378 2.8692e+07 7.519e+06
0.379 2.5202e+07 7.5087e+06
0.38 4.8766e+07 7.4985e+06
0.381 5.1007e+07 7.4883e+06
0.382 1.9987e+07 7.4782e+06
0.383 3.8435e+07 7.4681e+06
0.384 3.9492e+07 7.458e+06
0.385 2.7597e+07 7.448e+06
0.386 3.0644e+07 7.438e+06
0.387 3.0696e+07 7.4281e+06
0.388 4.1142e+07 7.4182e+06
0.389 3.0884e+07 7.4083e+06
0.39 2.9243e+07 7.3985e+06
0.391 3.1407e+07 7.3887e+06
0.392 4.8429e+07 7.3789e+06
0.393 4.0194e+07 7.3692e+06
0.394 4.0465e+07 7.3595e+06
0.395 2.3761e+07 7.3499e+06
0.396 3.4017e+07 7.3402e+06
0.397 3.2559e+07 7.3306e+06
0.398 3.3715e+07 7.3211e+06
0.399 2.3641e+07 7.3116e+06
0.4 3.3177e+07 7.3021e+06
0.401 3.1185e+07 7.2926e+06
0.402 2.3309e+07 7.2832e+06
0.403 2.9241e+07 7.2738e+06
0.404 3.4395e+07 7.2644e+06
0.405 3.2493e+07 7.2551e+06
0.406 3.1369e+07 7.2458e+06
0.407 2.9363e+07 7.2365e+06
0.408 2.6935e+07 7.2273e+06
0.409 3.9709e+07 7.2181e+06
0.41 3.4415e+07 7.2089e+06
0.411 3.6044e+07 7.1998e+06
0.412 3.3997e+07 7.1907e+06
0.413 1.9949e+07 7.1816e+06
0.414 2.414e+07 7.1725e+06
0.415 3.375e+07 7.1635e+06
0.416 2.5523e+07 7.1546e+06
0.417 2.2839e+07 7.1456e+06
0.418 3.2981e+07 7.1367e+06
0.419 2.2351e+07 7.1278e+06
0.42 2.6974e+07 7.119e+06
0.421 3.3062e+07 7.1102e+06
0.422 4.1734e+07 7.1014e+06
0.423 2.4442e+07 7.0926e+06
0.424 2.6056e+07 7.0839e+06
0.425 1.8572e+07 7.0752e+06
0.426 2.9854e+07 7.0666e+06
0.427 3.2802e+07 7.058e+06
0.428 3.2315e+07 7.0494e+06
0.429 3.1483e+07 7.0409e+06
0.43 3.3056e+07 7.0324e+06
0.431 5.0032e+07 7.0239e+06
0.432 2.7537e+07 7.0155e+06
0.433 2.4249e+07 7.0071e+06
0.434 3.0897e+07 6.9987e+06
0.435 2.4142e+07 6.9904e+06
0.436 3.1766e+07 6.9821e+06
0.437 3.4561e+07 6.9739e+06
0.438 2.5406e+07 6.9656e+06
0.439 1.5455e+07 6.9575e+06
0.44 3.3833e+07 6.9493e+06
0.441 2.8588e+07 6.9412e+06
0.442 1.9686e+07 6.9331e+06
0.443 3.6239e+07 6.9251e+06
0.444 3.3113e+07 6.9171e+06
0.445 1.9016e+07 6.9091e+06
0.446 3.3298e+07 6.9012e+06
0.447 3.6508e+07 6.8933e+06
0.448 3.6909e+07 6.8854e+06
0.449 2.2969e+07 6.8776e+06
0.45 2.9328e+07 6.8698e+06
0.451 3.0068e+07 6.8621e+06
0.452 2.9297e+07 6.8544e+06
0.453 2.1351e+07 6.8467e+06
0.454 3.4941e+07 6.839e+06
0.455 2.2222e+07 6.8314e+06
0.456 2.9525e+07 6.8238e+06
0.457 1.6382e+07 6.8163e+06
0.458 3.6097e+07 6.8088e+06
0.459 3.5131e+07 6.8013e+06
0.46 2.7028e+07 6.7938e+06
0.461 3.2345e+07 6.7864e+06
0.462 2.6085e+07 6.779e+06
0.463 2.0179e+07 6.7717e+06
0.464 3.3441e+07 6.7643e+06
0.465 2.95e+07 6.757e+06
0.466 3.0201e+07 6.7498e+06
0.467 3.8841e+07 6.7425e+06
0.468 1.8101e+07 6.7353e+06
0.469 3.2286e+07 6.7281e+06
0.47 1.8199e+07 6.721e+06
0.471 1.493e+07 6.7138e+06
0.472 1.9183e+07 6.7067e+06
0.473 3.8106e+07 6.6997e+06
0.474 3.2532e+07 6.6926e+06
0.475 2.8542e+07 6.6856e+06
0.476 1.7862e+07 6.6786e+06
0.477 2.6107e+07 6.6716e+06
0.478 1.3845e+07 6.6646e+06
0.479 2.1629e+07 6.6577e+06
0.48 2.623e+07 6.6508e+06
0.481 2.8645e+07 6.6439e+06
0.482 2.5559e+07 6.6371e+06
0.483 2.7809e+07 6.6302e+06
0.484 2.8447e+07 6.6234e+06
0.485 1.4717e+07 6.6166e+06
0.486 2.0909e+07 6.6098e+06
0.487 1.8291e+07 6.603e+06
0.488 2.0039e+07 6.5963e+06
0.489 1.8521e+07 6.5896e+06
0.49 2.7372e+07 6.5829e+06
0.491 3.0271e+07 6.5762e+06
0.492 2.1951e+07 6.5695e+06
0.493 2.91e+07 6.5629e+06
0.494 2.5136e+07 6.5562e+06
0.495 3.4912e+07 6.5496e+06
0.496 2.7132e+07 6.543e+06
0.497 2.4298e+07 6.5364e+06
0.498 2.7848e+07 6.5298e+06
0.499 3.7325e+07 6.5233e+06
0.5 1.7866e+07 6.5168e+06
