0.001 5.0691e+09 1.0138e+08
0.002 5.0921e+09 1.0184e+08
0.003 5.1156e+09 1.0231e+08
0.004 5.1363e+09 1.0273e+08
0.005 5.1685e+09 1.0337e+08
0.006 5.145e+09 1.029e+08
0.007 5.1321e+09 1.0264e+08
0.008 5.0968e+09 1.0194e+08
0.009 5.073e+09 1.0146e+08
0.01 5.0941e+09 1.0188e+08
0.011 5.09e+09 1.018e+08
0.012 5.0074e+09 1.0015e+08
0.013 5.0574e+09 1.0115e+08
0.014 5.0489e+09 1.0098e+08
0.015 5.0282e+09 1.0056e+08
0.016 5.0448e+09 1.009e+08
0.017 5.025e+09 1.005e+08
0.018 4.988e+09 9.976e+07
0.019 4.9878e+09 9.9757e+07
0.02 4.933e+09 9.866e+07
0.021 4.9351e+09 9.8703e+07
0.022 4.9088e+09 9.8176e+07
0.023 4.899e+09 9.798e+07
0.024 4.8694e+09 9.7389e+07
0.025 4.8517e+09 9.7033e+07
0.026 4.8045e+09 9.609e+07
0.027 4.7717e+09 9.5434e+07
0.028 4.7384e+09 9.4768e+07
0.029 4.7349e+09 9.4699e+07
0.03 4.7139e+09 9.4277e+07
0.031 4.6815e+09 9.363e+07
0.032 4.6367e+09 9.2734e+07
0.033 4.6288e+09 9.2575e+07
0.034 4.5725e+09 9.1449e+07
0.035 4.5415e+09 9.083e+07
0.036 4.5174e+09 9.0347e+07
0.037 4.5065e+09 9.013e+07
0.038 4.4441e+09 8.8882e+07
0.039 4.4226e+09 8.8452e+07
0.04 4.3753e+09 8.7505e+07
0.041 4.3699e+09 8.7398e+07
0.042 4.3199e+09 8.6397e+07
0.043 4.2814e+09 8.5628e+07
0.044 4.2592e+09 8.5183e+07
0.045 4.2176e+09 8.4352e+07
0.046 4.1747e+09 8.3493e+07
0.047 4.1448e+09 8.2896e+07
0.048 4.1235e+09 8.247e+07
0.049 4.0645e+09 8.129e+07
0.05 4.007e+09 8.0139e+07
0.051 3.9791e+09 7.9583e+07
0.052 3.9485e+09 7.8971e+07
0.053 3.8887e+09 7.7774e+07
0.054 3.8538e+09 7.7076e+07
0.055 3.828e+09 7.6561e+07
0.056 3.8087e+09 7.6174e+07
0.057 3.7327e+09 7.4654e+07
0.058 3.7084e+09 7.4168e+07
0.059 3.6624e+09 7.3248e+07
0.06 3.6086e+09 7.2172e+07
0.061 3.5782e+09 7.1563e+07
0.062 3.539e+09 7.0779e+07
0.063 3.4944e+09 6.9888e+07
0.064 3.4642e+09 6.9284e+07
0.065 3.3954e+09 6.7909e+07
0.066 3.3422e+09 6.6844e+07
0.067 3.291e+09 6.582e+07
0.068 3.265e+09 6.53e+07
0.069 3.2289e+09 6.4579e+07
0.07 3.1972e+09 6.3944e+07
0.071 3.1598e+09 6.3196e+07
0.072 3.1078e+09 6.2156e+07
0.073 3.0612e+09 6.1224e+07
0.074 3.0053e+09 6.0106e+07
0.075 2.9764e+09 5.9527e+07
0.076 2.9289e+09 5.8578e+07
0.077 2.8715e+09 5.743e+07
0.078 2.8475e+09 5.695e+07
0.079 2.8025e+09 5.605e+07
0.08 2.7395e+09 5.4791e+07
0.081 2.7023e+09 5.4045e+07
0.082 2.6752e+09 5.3503e+07
0.083 2.6328e+09 5.2657e+07
0.084 2.5823e+09 5.1647e+07
0.085 2.5361e+09 5.0722e+07
0.086 2.4973e+09 4.9946e+07
0.087 2.4418e+09 4.8835e+07
0.088 2.3917e+09 4.7835e+07
0.089 2.3726e+09 4.7453e+07
0.09 2.3369e+09 4.6738e+07
0.091 2.3066e+09 4.6132e+07
0.092 2.2482e+09 4.4963e+07
0.093 2.2057e+09 4.4114e+07
0.094 2.1722e+09 4.3445e+07
0.095 2.1262e+09 4.2523e+07
0.096 2.096e+09 4.1919e+07
0.097 2.0526e+09 4.1052e+07
0.098 2.0261e+09 4.0521e+07
0.099 1.9865e+09 3.9731e+07
0.1 1.9461e+09 3.8921e+07
0.101 1.8965e+09 3.793e+07
0.102 1.8781e+09 3.7563e+07
0.103 1.8348e+09 3.6697e+07
0.104 1.8018e+09 3.6037e+07
0.105 1.762e+09 3.524e+07
0.106 1.7217e+09 3.4433e+07
0.107 1.6945e+09 3.3891e+07
0.108 1.6407e+09 3.2814e+07
0.109 1.6207e+09 3.2414e+07
0.11 1.5719e+09 3.1437e+07
0.111 1.5483e+09 3.0967e+07
0.112 1.5279e+09 3.0559e+07
0.113 1.4933e+09 2.9867e+07
0.114 1.4588e+09 2.9176e+07
0.115 1.435e+09 2.8699e+07
0.116 1.4012e+09 2.8024e+07
0.117 1.3716e+09 2.7432e+07
0.118 1.336e+09 2.672e+07
0.119 1.3155e+09 2.6311e+07
0.12 1.2784e+09 2.5568e+07
0.121 1.2533e+09 2.5066e+07
0.122 1.2259e+09 2.4517e+07
0.123 1.1919e+09 2.3839e+07
0.124 1.1728e+09 2.3456e+07
0.125 1.1328e+09 2.2655e+07
0.126 1.1077e+09 2.2154e+07
0.127 1.096e+09 2.1919e+07
0.128 1.0657e+09 2.1315e+07
0.129 1.0473e+09 2.0947e+07
0.13 1.0165e+09 2.033e+07
0.131 1.0033e+09 2.0066e+07
0.132 9.666e+08 1.9332e+07
0.133 9.474e+08 1.8948e+07
0.134 9.2896e+08 1.8579e+07
0.135 9.0268e+08 1.8054e+07
0.136 8.8812e+08 1.7762e+07
0.137 8.6237e+08 1.7247e+07
0.138 8.3416e+08 1.6683e+07
0.139 8.2346e+08 1.6469e+07
0.14 8.039e+08 1.6078e+07
0.141 7.8333e+08 1.5667e+07
0.142 7.6028e+08 1.5206e+07
0.143 7.4383e+08 1.4877e+07
0.144 7.2606e+08 1.4521e+07
0.145 7.0868e+08 1.4174e+07
0.146 6.9213e+08 1.3843e+07
0.147 6.7364e+08 1.3473e+07
0.148 6.5976e+08 1.3195e+07
0.149 6.4481e+08 1.2896e+07
0.15 6.209e+08 1.2418e+07
0.151 6.0555e+08 1.2111e+07
0.152 5.9941e+08 1.1988e+07
0.153 5.7374e+08 1.1475e+07
0.154 5.6026e+08 1.1205e+07
0.155 5.493e+08 1.0986e+07
0.156 5.387e+08 1.0774e+07
0.157 5.2543e+08 1.0509e+07
0.158 5.1092e+08 1.0218e+07
0.159 4.964e+08 9.928e+06
0.16 4.7843e+08 9.5687e+06
0.161 4.7592e+08 9.5183e+06
0.162 4.5589e+08 9.1178e+06
0.163 4.5516e+08 9.1032e+06
0.164 4.2684e+08 8.5369e+06
0.165 4.2259e+08 8.4518e+06
0.166 4.161e+08 8.322e+06
0.167 4.1468e+08 8.2936e+06
0.168 3.9537e+08 7.9073e+06
0.169 3.9306e+08 7.8612e+06
0.17 3.7604e+08 7.5207e+06
0.171 3.6294e+08 7.2588e+06
0.172 3.5437e+08 7.0875e+06
0.173 3.4728e+08 6.9456e+06
0.174 3.3905e+08 6.7811e+06
0.175 3.3441e+08 6.6882e+06
0.176 3.2428e+08 6.4855e+06
0.177 3.165e+08 6.33e+06
0.178 3.1482e+08 6.2964e+06
0.179 3.0752e+08 6.1504e+06
0.18 2.8652e+08 5.7304e+06
0.181 2.9032e+08 5.8064e+06
0.182 2.7536e+08 5.5072e+06
0.183 2.7248e+08 5.4496e+06
0.184 2.637e+08 5.274e+06
0.185 2.6051e+08 5.2101e+06
0.186 2.5559e+08 5.1119e+06
0.187 2.4913e+08 4.9826e+06
0.188 2.4223e+08 4.8445e+06
0.189 2.3225e+08 4.645e+06
0.19 2.3456e+08 4.6911e+06
0.191 2.2496e+08 4.4993e+06
0.192 2.2559e+08 4.5119e+06
0.193 2.1094e+08 4.2189e+06
0.194 2.1118e+08 4.2237e+06
0.195 2.006e+08 4.012e+06
0.196 1.9629e+08 3.9257e+06
0.197 1.9399e+08 3.8798e+06
0.198 1.8965e+08 3.7929e+06
0.199 1.9276e+08 3.8552e+06
0.2 1.839e+08 3.678e+06
0.201 1.8041e+08 3.6082e+06
0.202 1.783e+08 3.5661e+06
0.203 1.7012e+08 3.4025e+06
0.204 1.7368e+08 3.4736e+06
0.205 1.6372e+08 3.2743e+06
0.206 1.5903e+08 3.1805e+06
0.207 1.6237e+08 3.2474e+06
0.208 1.5008e+08 3.0016e+06
0.209 1.5229e+08 3.0457e+06
0.21 1.4949e+08 2.9898e+06
0.211 1.4609e+08 2.9218e+06
0.212 1.3912e+08 2.7824e+06
0.213 1.3851e+08 2.7702e+06
0.214 1.3802e+08 2.7604e+06
0.215 1.321e+08 2.642e+06
0.216 1.2657e+08 2.5314e+06
0.217 1.2664e+08 2.5327e+06
0.218 1.2198e+08 2.4396e+06
0.219 1.2759e+08 2.5517e+06
0.22 1.2013e+08 2.4026e+06
0.221 1.1726e+08 2.3452e+06
0.222 1.1736e+08 2.3473e+06
0.223 1.1202e+08 2.2403e+06
0.224 1.16e+08 2.3201e+06
0.225 1.0943e+08 2.1887e+06
0.226 1.0746e+08 2.1493e+06
0.227 1.0837e+08 2.1674e+06
0.228 1.0793e+08 2.1585e+06
0.229 9.7749e+07 1.955e+06
0.23 9.8802e+07 1.976e+06
0.231 9.4287e+07 1.8857e+06
0.232 9.3777e+07 1.8755e+06
0.233 9.5952e+07 1.919e+06
0.234 9.2443e+07 1.8489e+06
0.235 9.3794e+07 1.8759e+06
0.236 8.8995e+07 1.7799e+06
0.237 8.8886e+07 1.7777e+06
0.238 8.2869e+07 1.6574e+06
0.239 8.5037e+07 1.7007e+06
0.24 8.6316e+07 1.7263e+06
0.241 7.4258e+07 1.4852e+06
0.242 8.1956e+07 1.6391e+06
0.243 7.8249e+07 1.565e+06
0.244 7.0112e+07 1.4022e+06
0.245 7.1764e+07 1.4353e+06
0.246 7.2406e+07 1.4481e+06
0.247 7.2274e+07 1.4455e+06
0.248 6.7717e+07 1.3543e+06
0.249 6.9132e+07 1.3826e+06
0.25 7.0122e+07 1.4024e+06
0.251 6.1665e+07 1.2333e+06
0.252 6.6417e+07 1.3283e+06
0.253 6.4655e+07 1.2931e+06
0.254 6.1915e+07 1.2383e+06
0.255 6.1802e+07 1.236e+06
0.256 6.4138e+07 1.2828e+06
0.257 6.0965e+07 1.2193e+06
0.258 6.3734e+07 1.2747e+06
0.259 5.8323e+07 1.1665e+06
0.26 5.4064e+07 1.0813e+06
0.261 5.8871e+07 1.1774e+06
0.262 5.3428e+07 1.0686e+06
0.263 5.0465e+07 1.0093e+06
0.264 5.3681e+07 1.0736e+06
0.265 5.4828e+07 1.0966e+06
0.266 5.7383e+07 1.1477e+06
0.267 5.5378e+07 1.1076e+06
0.268 4.572e+07 9.1439e+05
0.269 5.1095e+07 1.0219e+06
0.27 4.8401e+07 9.6802e+05
0.271 4.6573e+07 9.3146e+05
0.272 5.2309e+07 1.0462e+06
0.273 4.8344e+07 9.6688e+05
0.274 4.4465e+07 8.893e+05
0.275 5.4573e+07 1.0915e+06
0.276 4.7866e+07 9.5732e+05
0.277 4.2717e+07 8.5434e+05
0.278 4.3465e+07 8.693e+05
0.279 5.001e+07 1.0002e+06
0.28 4.144e+07 8.2879e+05
0.281 4.4388e+07 8.8776e+05
0.282 4.326e+07 8.652e+05
0.283 4.6326e+07 9.2652e+05
0.284 4.4392e+07 8.8784e+05
0.285 4.4451e+07 8.8902e+05
0.286 3.9643e+07 7.9285e+05
0.287 4.2213e+07 8.4427e+05
0.288 4.263e+07 8.526e+05
0.289 4.4792e+07 8.9585e+05
0.29 4.0886e+07 8.1771e+05
0.291 4.1468e+07 8.2937e+05
0.292 3.7601e+07 7.5202e+05
0.293 3.7467e+07 7.4935e+05
0.294 4.0369e+07 8.0737e+05
0.295 3.7609e+07 7.5218e+05
0.296 4.1448e+07 8.2896e+05
0.297 3.5533e+07 7.1066e+05
0.298 3.457e+07 6.914e+05
0.299 4.1812e+07 8.3625e+05
0.3 3.9469e+07 7.8939e+05
0.301 3.8651e+07 7.7302e+05
0.302 4.071e+07 8.1421e+05
0.303 3.1861e+07 6.3721e+05
0.304 3.6346e+07 7.2692e+05
0.305 4.1097e+07 8.2194e+05
0.306 3.8563e+07 7.7126e+05
0.307 3.9716e+07 7.9431e+05
0.308 3.7364e+07 7.4729e+05
0.309 3.4909e+07 6.9817e+05
0.31 3.7141e+07 7.4282e+05
0.311 3.6968e+07 7.3937e+05
0.312 3.6012e+07 7.2025e+05
0.313 3.5725e+07 7.145e+05
0.314 3.6791e+07 7.3582e+05
0.315 3.2848e+07 6.5697e+05
0.316 3.6801e+07 7.3601e+05
0.317 4.0166e+07 8.0332e+05
0.318 3.5559e+07 7.1119e+05
0.319 4.025e+07 8.05e+05
0.32 3.9286e+07 7.8571e+05
0.321 3.9952e+07 7.9903e+05
0.322 3.9127e+07 7.8253e+05
0.323 3.4281e+07 6.8563e+05
0.324 3.1099e+07 6.2198e+05
0.325 3.6026e+07 7.2052e+05
0.326 3.7491e+07 7.4983e+05
0.327 3.3813e+07 6.7626e+05
0.328 3.7196e+07 7.4392e+05
0.329 4.1774e+07 8.3549e+05
0.33 3.7748e+07 7.5496e+05
0.331 3.5477e+07 7.0954e+05
0.332 3.4268e+07 6.8535e+05
0.333 3.3327e+07 6.6654e+05
0.334 3.8992e+07 7.7984e+05
0.335 3.5379e+07 7.0758e+05
0.336 3.329e+07 6.6579e+05
0.337 3.9426e+07 7.8851e+05
0.338 3.8519e+07 7.7037e+05
0.339 3.4562e+07 6.9124e+05
0.34 3.4061e+07 6.8121e+05
0.341 3.8303e+07 7.6607e+05
0.342 3.7412e+07 7.4824e+05
0.343 3.6259e+07 7.2519e+05
0.344 3.9792e+07 7.9584e+05
0.345 3.7501e+07 7.5003e+05
0.346 3.407e+07 6.814e+05
0.347 3.912e+07 7.824e+05
0.348 3.7004e+07 7.4007e+05
0.349 3.6569e+07 7.3138e+05
0.35 4.1525e+07 8.3049e+05
0.351 3.9577e+07 7.9153e+05
0.352 3.8866e+07 7.7732e+05
0.353 3.9497e+07 7.8994e+05
0.354 4.0782e+07 8.1565e+05
0.355 3.9494e+07 7.8989e+05
0.356 3.9822e+07 7.9644e+05
0.357 3.7087e+07 7.4173e+05
0.358 3.8782e+07 7.7563e+05
0.359 4.1764e+07 8.3528e+05
0.36 4.053e+07 8.106e+05
0.361 4.0025e+07 8.005e+05
0.362 4.0107e+07 8.0214e+05
0.363 3.9043e+07 7.8086e+05
0.364 4.1561e+07 8.3122e+05
0.365 4.0236e+07 8.0471e+05
0.366 3.9458e+07 7.8915e+05
0.367 4.4347e+07 8.8695e+05
0.368 4.198e+07 8.3961e+05
0.369 3.5665e+07 7.133e+05
0.37 4.1399e+07 8.2799e+05
0.371 3.8135e+07 7.6269e+05
0.372 4.1266e+07 8.2532e+05
0.373 4.521e+07 9.042e+05
0.374 4.6171e+07 9.2341e+05
0.375 3.8187e+07 7.6373e+05
0.376 3.8452e+07 7.6903e+05
0.377 3.6694e+07 7.3388e+05
0.378 3.9057e+07 7.8114e+05
0.379 4.0823e+07 8.1645e+05
0.38 3.8107e+07 7.6214e+05
0.381 4.2743e+07 8.5486e+05
0.382 4.1228e+07 8.2456e+05
0.383 4.4963e+07 8.9927e+05
0.384 4.5516e+07 9.1033e+05
0.385 4.4775e+07 8.9551e+05
0.386 4.0323e+07 8.0647e+05
0.387 4.416e+07 8.832e+05
0.388 4.4896e+07 8.9792e+05
0.389 4.1637e+07 8.3274e+05
0.39 4.4981e+07 8.9961e+05
0.391 4.3598e+07 8.7196e+05
0.392 4.4081e+07 8.8162e+05
0.393 4.2643e+07 8.5286e+05
0.394 4.4741e+07 8.9481e+05
0.395 4.2707e+07 8.5414e+05
0.396 4.7339e+07 9.4679e+05
0.397 4.4912e+07 8.9825e+05
0.398 4.5969e+07 9.1938e+05
0.399 4.4999e+07 8.9997e+05
0.4 4.0502e+07 8.1003e+05
0.401 4.2497e+07 8.4994e+05
0.402 4.3094e+07 8.6188e+05
0.403 4.3035e+07 8.607e+05
0.404 4.3504e+07 8.7008e+05
0.405 4.2089e+07 8.4179e+05
0.406 4.6988e+07 9.3976e+05
0.407 5.0737e+07 1.0147e+06
0.408 4.4042e+07 8.8084e+05
0.409 4.5345e+07 9.069e+05
0.41 4.469e+07 8.938e+05
0.411 5.273e+07 1.0546e+06
0.412 4.7074e+07 9.4148e+05
0.413 4.4725e+07 8.945e+05
0.414 4.5646e+07 9.1291e+05
0.415 4.0412e+07 8.0823e+05
0.416 4.4742e+07 8.9484e+05
0.417 4.8371e+07 9.6743e+05
0.418 4.4641e+07 8.9281e+05
0.419 4.047e+07 8.094e+05
0.42 4.8202e+07 9.6404e+05
0.421 4.9339e+07 9.8677e+05
0.422 4.5565e+07 9.113e+05
0.423 4.3663e+07 8.7326e+05
0.424 4.4164e+07 8.8328e+05
0.425 4.4961e+07 8.9921e+05
0.426 4.5869e+07 9.1738e+05
0.427 4.987e+07 9.9741e+05
0.428 4.7029e+07 9.4058e+05
0.429 4.9117e+07 9.8234e+05
0.43 4.2946e+07 8.5892e+05
0.431 4.65e+07 9.2999e+05
0.432 4.6547e+07 9.3095e+05
0.433 4.7953e+07 9.5906e+05
0.434 4.4171e+07 8.8342e+05
0.435 5.0889e+07 1.0178e+06
0.436 4.6218e+07 9.2437e+05
0.437 4.3812e+07 8.7624e+05
0.438 4.5897e+07 9.1794e+05
0.439 4.6541e+07 9.3081e+05
0.44 4.1852e+07 8.3704e+05
0.441 4.7955e+07 9.591e+05
0.442 4.7762e+07 9.5525e+05
0.443 4.9715e+07 9.9429e+05
0.444 4.5316e+07 9.0632e+05
0.445 4.3905e+07 8.781e+05
0.446 4.7564e+07 9.5128e+05
0.447 4.5966e+07 9.1931e+05
0.448 4.8176e+07 9.6352e+05
0.449 4.4352e+07 8.8703e+05
0.45 4.8923e+07 9.7847e+05
0.451 4.32e+07 8.64e+05
0.452 4.6726e+07 9.3453e+05
0.453 4.4226e+07 8.8452e+05
0.454 4.6579e+07 9.3159e+05
0.455 4.3635e+07 8.727e+05
0.456 4.7763e+07 9.5526e+05
0.457 5.0554e+07 1.0111e+06
0.458 4.7133e+07 9.4266e+05
0.459 4.8052e+07 9.6104e+05
0.46 4.594e+07 9.188e+05
0.461 4.5096e+07 9.0193e+05
0.462 4.2707e+07 8.5414e+05
0.463 4.504e+07 9.008e+05
0.464 4.4932e+07 8.9864e+05
0.465 4.3163e+07 8.6325e+05
0.466 4.3327e+07 8.6655e+05
0.467 4.8732e+07 9.7465e+05
0.468 4.5485e+07 9.097e+05
0.469 4.7077e+07 9.4154e+05
0.47 4.3291e+07 8.6582e+05
0.471 4.8055e+07 9.6111e+05
0.472 4.188e+07 8.376e+05
0.473 4.316e+07 8.632e+05
0.474 4.5457e+07 9.0913e+05
0.475 4.3099e+07 8.6198e+05
0.476 4.1689e+07 8.3378e+05
0.477 4.2744e+07 8.5488e+05
0.478 4.7695e+07 9.539e+05
0.479 4.5017e+07 9.0034e+05
0.48 4.2686e+07 8.5373e+05
0.481 4.5774e+07 9.1548e+05
0.482 4.0351e+07 8.0702e+05
0.483 4.6106e+07 9.2212e+05
0.484 4.7432e+07 9.4864e+05
0.485 4.103e+07 8.206e+05
0.486 4.2379e+07 8.4758e+05
0.487 4.4308e+07 8.8616e+05
0.488 3.8908e+07 7.7816e+05
0.489 4.6075e+07 9.215e+05
0.49 4.4008e+07 8.8016e+05
0.491 4.5653e+07 9.1307e+05
0.492 4.3457e+07 8.6914e+05
0.493 4.4344e+07 8.8688e+05
0.494 4.2923e+07 8.5846e+05
0.495 4.5656e+07 9.1312e+05
0.496 4.6578e+07 9.3155e+05
0.497 4.0944e+07 8.1888e+05
0.498 4.612e+07 9.224e+05
0.499 4.4334e+07 8.8669e+05
0.5 4.169e+07 8.338e+05
