0.001 2.1511e+09 4.3022e+07
0.002 2.1382e+09 4.2765e+07
0.003 2.1091e+09 4.2182e+07
0.004 2.1098e+09 4.2195e+07
0.005 2.129e+09 4.2581e+07
0.006 2.1004e+09 4.2009e+07
0.007 2.1022e+09 4.2044e+07
0.008 2.0789e+09 4.1579e+07
0.009 2.104e+09 4.208e+07
0.01 2.0758e+09 4.1517e+07
0.011 2.0997e+09 4.1993e+07
0.012 2.0738e+09 4.1476e+07
0.013 2.0657e+09 4.1314e+07
0.014 2.0701e+09 4.1402e+07
0.015 2.0635e+09 4.1271e+07
0.016 2.0437e+09 4.0873e+07
0.017 2.0515e+09 4.103e+07
0.018 2.0447e+09 4.0895e+07
0.019 2.0348e+09 4.0696e+07
0.02 2.0232e+09 4.0464e+07
0.021 2.0418e+09 4.0837e+07
0.022 2.0199e+09 4.0398e+07
0.023 1.9985e+09 3.997e+07
0.024 1.9981e+09 3.9962e+07
0.025 1.9869e+09 3.9738e+07
0.026 1.9768e+09 3.9536e+07
0.027 1.9761e+09 3.9523e+07
0.028 1.9615e+09 3.9231e+07
0.029 1.9522e+09 3.9043e+07
0.03 1.9371e+09 3.8742e+07
0.031 1.9376e+09 3.8752e+07
0.032 1.9127e+09 3.8255e+07
0.033 1.9155e+09 3.831e+07
0.034 1.8957e+09 3.7913e+07
0.035 1.8793e+09 3.7586e+07
0.036 1.863e+09 3.7259e+07
0.037 1.8578e+09 3.7156e+07
0.038 1.841e+09 3.682e+07
0.039 1.8217e+09 3.6435e+07
0.04 1.8187e+09 3.6375e+07
0.041 1.8035e+09 3.6069e+07
0.042 1.785e+09 3.57e+07
0.043 1.766e+09 3.5321e+07
0.044 1.7599e+09 3.5198e+07
0.045 1.744e+09 3.4881e+07
0.046 1.734e+09 3.4681e+07
0.047 1.714e+09 3.428e+07
0.048 1.6916e+09 3.3832e+07
0.049 1.6815e+09 3.3631e+07
0.05 1.6697e+09 3.3393e+07
0.051 1.6585e+09 3.3169e+07
0.052 1.6343e+09 3.2686e+07
0.053 1.6176e+09 3.2352e+07
0.054 1.5971e+09 3.1943e+07
0.055 1.5898e+09 3.1795e+07
0.056 1.5753e+09 3.1505e+07
0.057 1.5491e+09 3.0983e+07
0.058 1.5382e+09 3.0764e+07
0.059 1.5193e+09 3.0386e+07
0.06 1.5089e+09 3.0179e+07
0.061 1.4792e+09 2.9584e+07
0.062 1.4749e+09 2.9499e+07
0.063 1.4499e+09 2.8998e+07
0.064 1.4356e+09 2.8711e+07
0.065 1.4161e+09 2.8322e+07
0.066 1.394e+09 2.7881e+07
0.067 1.3822e+09 2.7644e+07
0.068 1.3679e+09 2.7359e+07
0.069 1.3537e+09 2.7075e+07
0.07 1.3311e+09 2.6622e+07
0.071 1.3159e+09 2.6317e+07
0.072 1.304e+09 2.608e+07
0.073 1.2842e+09 2.5684e+07
0.074 1.2656e+09 2.5312e+07
0.075 1.2482e+09 2.4963e+07
0.076 1.2302e+09 2.4604e+07
0.077 1.2136e+09 2.4272e+07
0.078 1.1993e+09 2.3986e+07
0.079 1.1762e+09 2.3525e+07
0.08 1.1616e+09 2.3231e+07
0.081 1.1466e+09 2.2933e+07
0.082 1.1245e+09 2.2489e+07
0.083 1.1117e+09 2.2234e+07
0.084 1.0925e+09 2.1849e+07
0.085 1.0733e+09 2.1465e+07
0.086 1.0597e+09 2.1195e+07
0.087 1.0469e+09 2.0938e+07
0.088 1.0222e+09 2.0444e+07
0.089 1.0097e+09 2.0194e+07
0.09 9.9353e+08 1.9871e+07
0.091 9.7837e+08 1.9567e+07
0.092 9.6407e+08 1.9281e+07
0.093 9.4382e+08 1.8876e+07
0.094 9.3027e+08 1.8605e+07
0.095 9.135e+08 1.827e+07
0.096 9.0266e+08 1.8053e+07
0.097 8.8156e+08 1.7631e+07
0.098 8.6805e+08 1.7361e+07
0.099 8.5405e+08 1.7081e+07
0.1 8.3467e+08 1.6693e+07
0.101 8.2368e+08 1.6474e+07
0.102 8.101e+08 1.6202e+07
0.103 7.9885e+08 1.5977e+07
0.104 7.7745e+08 1.5549e+07
0.105 7.5908e+08 1.5182e+07
0.106 7.5239e+08 1.5048e+07
0.107 7.3371e+08 1.4674e+07
0.108 7.2453e+08 1.4491e+07
0.109 7.0427e+08 1.4085e+07
0.11 6.9541e+08 1.3908e+07
0.111 6.8599e+08 1.372e+07
0.112 6.6956e+08 1.3391e+07
0.113 6.5606e+08 1.3121e+07
0.114 6.4364e+08 1.2873e+07
0.115 6.3164e+08 1.2633e+07
0.116 6.1711e+08 1.2342e+07
0.117 6.0998e+08 1.22e+07
0.118 5.9715e+08 1.1943e+07
0.119 5.8438e+08 1.1688e+07
0.12 5.7144e+08 1.1429e+07
0.121 5.5762e+08 1.1152e+07
0.122 5.4399e+08 1.088e+07
0.123 5.3802e+08 1.076e+07
0.124 5.2734e+08 1.0547e+07
0.125 5.1453e+08 1.0291e+07
0.126 5.0636e+08 1.0127e+07
0.127 4.9421e+08 9.8842e+06
0.128 4.849e+08 9.6981e+06
0.129 4.718e+08 9.436e+06
0.13 4.642e+08 9.2839e+06
0.131 4.5624e+08 9.1249e+06
0.132 4.4592e+08 8.9185e+06
0.133 4.3237e+08 8.6474e+06
0.134 4.2579e+08 8.5157e+06
0.135 4.145e+08 8.29e+06
0.136 4.0811e+08 8.1623e+06
0.137 3.9879e+08 7.9759e+06
0.138 3.8816e+08 7.7632e+06
0.139 3.8029e+08 7.6059e+06
0.14 3.7097e+08 7.4193e+06
0.141 3.6583e+08 7.3167e+06
0.142 3.5954e+08 7.1907e+06
0.143 3.4833e+08 6.9666e+06
0.144 3.3903e+08 6.7807e+06
0.145 3.3387e+08 6.6774e+06
0.146 3.2374e+08 6.4748e+06
0.147 3.2442e+08 6.4884e+06
0.148 3.1192e+08 6.2384e+06
0.149 3.0185e+08 6.037e+06
0.15 2.985e+08 5.97e+06
0.151 2.8985e+08 5.7971e+06
0.152 2.8422e+08 5.6843e+06
0.153 2.8337e+08 5.6674e+06
0.154 2.713e+08 5.426e+06
0.155 2.6348e+08 5.2695e+06
0.156 2.579e+08 5.1581e+06
0.157 2.5329e+08 5.0658e+06
0.158 2.4992e+08 4.9985e+06
0.159 2.4257e+08 4.8514e+06
0.16 2.3624e+08 4.7248e+06
0.161 2.3185e+08 4.637e+06
0.162 2.2488e+08 4.4976e+06
0.163 2.233e+08 4.4659e+06
0.164 2.1527e+08 4.3054e+06
0.165 2.1036e+08 4.2072e+06
0.166 2.1025e+08 4.2049e+06
0.167 2.0231e+08 4.0462e+06
0.168 1.9748e+08 3.9496e+06
0.169 1.9594e+08 3.9189e+06
0.17 1.8995e+08 3.799e+06
0.171 1.8536e+08 3.7073e+06
0.172 1.7707e+08 3.5414e+06
0.173 1.7648e+08 3.5296e+06
0.174 1.7437e+08 3.4873e+06
0.175 1.6913e+08 3.3825e+06
0.176 1.6378e+08 3.2757e+06
0.177 1.6111e+08 3.2222e+06
0.178 1.5747e+08 3.1493e+06
0.179 1.5051e+08 3.0102e+06
0.18 1.4958e+08 2.9917e+06
0.181 1.45e+08 2.8999e+06
0.182 1.4257e+08 2.8514e+06
0.183 1.4388e+08 2.8776e+06
0.184 1.381e+08 2.7619e+06
0.185 1.3065e+08 2.613e+06
0.186 1.3216e+08 2.6432e+06
0.187 1.2573e+08 2.5146e+06
0.188 1.268e+08 2.536e+06
0.189 1.2144e+08 2.4288e+06
0.19 1.203e+08 2.4059e+06
0.191 1.1623e+08 2.3245e+06
0.192 1.1755e+08 2.351e+06
0.193 1.1273e+08 2.2546e+06
0.194 1.1073e+08 2.2147e+06
0.195 1.0415e+08 2.083e+06
0.196 1.0501e+08 2.1002e+06
0.197 1.0185e+08 2.037e+06
0.198 9.8918e+07 1.9784e+06
0.199 9.9207e+07 1.9841e+06
0.2 9.4409e+07 1.8882e+06
0.201 9.081e+07 1.8162e+06
0.202 8.9667e+07 1.7933e+06
0.203 9.0928e+07 1.8186e+06
0.204 8.5375e+07 1.7075e+06
0.205 8.4546e+07 1.6909e+06
0.206 8.2713e+07 1.6543e+06
0.207 8.0597e+07 1.6119e+06
0.208 7.9184e+07 1.5837e+06
0.209 7.6381e+07 1.5276e+06
0.21 7.8181e+07 1.5636e+06
0.211 7.4842e+07 1.4968e+06
0.212 7.0304e+07 1.4061e+06
0.213 7.2882e+07 1.4576e+06
0.214 6.8658e+07 1.3732e+06
0.215 6.6895e+07 1.3379e+06
0.216 6.4444e+07 1.2889e+06
0.217 6.3322e+07 1.2664e+06
0.218 6.3183e+07 1.2637e+06
0.219 6.3761e+07 1.2752e+06
0.22 6.1627e+07 1.2325e+06
0.221 6.3506e+07 1.2701e+06
0.222 5.4599e+07 1.092e+06
0.223 5.5062e+07 1.1012e+06
0.224 5.6043e+07 1.1209e+06
0.225 4.7981e+07 9.5962e+05
0.226 5.2157e+07 1.0431e+06
0.227 5.0936e+07 1.0187e+06
0.228 5.0493e+07 1.0099e+06
0.229 4.6881e+07 9.3763e+05
0.23 4.5709e+07 9.1418e+05
0.231 4.505e+07 9.0099e+05
0.232 4.6522e+07 9.3044e+05
0.233 4.6515e+07 9.303e+05
0.234 4.191e+07 8.382e+05
0.235 4.2013e+07 8.4025e+05
0.236 3.9747e+07 7.9493e+05
0.237 3.9368e+07 7.8736e+05
0.238 3.8016e+07 7.6032e+05
0.239 3.6608e+07 7.3217e+05
0.24 3.5445e+07 7.0889e+05
0.241 3.6116e+07 7.2231e+05
0.242 3.6726e+07 7.3453e+05
0.243 3.5086e+07 7.0171e+05
0.244 3.1872e+07 6.3743e+05
0.245 3.3007e+07 6.6015e+05
0.246 3.4035e+07 6.8071e+05
0.247 3.1527e+07 6.3054e+05
0.248 3.1301e+07 6.2602e+05
0.249 3.3e+07 6.6e+05
0.25 3.1113e+07 6.2226e+05
0.251 2.686e+07 5.372e+05
0.252 2.6055e+07 5.211e+05
0.253 2.7263e+07 5.4526e+05
0.254 2.6925e+07 5.385e+05
0.255 2.7296e+07 5.4593e+05
0.256 2.709e+07 5.4181e+05
0.257 2.5771e+07 5.1542e+05
0.258 2.5301e+07 5.0601e+05
0.259 2.4571e+07 4.9142e+05
0.26 2.1474e+07 4.2949e+05
0.261 2.2581e+07 4.5162e+05
0.262 2.4063e+07 4.8126e+05
0.263 2.2778e+07 4.5555e+05
0.264 2.3017e+07 4.6034e+05
0.265 2.1388e+07 4.2777e+05
0.266 2.1168e+07 4.2336e+05
0.267 2.0675e+07 4.135e+05
0.268 2.0028e+07 4.0056e+05
0.269 1.9927e+07 3.9854e+05
0.27 1.9652e+07 3.9303e+05
0.271 2.2741e+07 4.5482e+05
0.272 1.933e+07 3.8661e+05
0.273 2.269e+07 4.5379e+05
0.274 1.8762e+07 3.7523e+05
0.275 2.0156e+07 4.0313e+05
0.276 2.2532e+07 4.5063e+05
0.277 2.2616e+07 4.5232e+05
0.278 1.726e+07 3.452e+05
0.279 1.5943e+07 3.1886e+05
0.28 1.7039e+07 3.4078e+05
0.281 1.8657e+07 3.7314e+05
0.282 1.8559e+07 3.7119e+05
0.283 1.6377e+07 3.2754e+05
0.284 1.7714e+07 3.5427e+05
0.285 1.8101e+07 3.6202e+05
0.286 1.7401e+07 3.4803e+05
0.287 1.4599e+07 2.9198e+05
0.288 1.6524e+07 3.3049e+05
0.289 1.858e+07 3.7161e+05
0.29 1.6974e+07 3.3948e+05
0.291 1.7125e+07 3.4251e+05
0.292 1.5151e+07 3.0303e+05
0.293 1.646e+07 3.292e+05
0.294 1.832e+07 3.6639e+05
0.295 1.7924e+07 3.5848e+05
0.296 1.5132e+07 3.0264e+05
0.297 1.591e+07 3.1819e+05
0.298 1.5839e+07 3.1678e+05
0.299 1.6107e+07 3.2214e+05
0.3 1.4216e+07 2.8432e+05
0.301 1.4511e+07 2.9022e+05
0.302 1.6519e+07 3.3038e+05
0.303 1.5479e+07 3.0958e+05
0.304 1.4112e+07 2.8223e+05
0.305 1.6631e+07 3.3263e+05
0.306 1.5113e+07 3.0227e+05
0.307 1.5241e+07 3.0482e+05
0.308 1.4787e+07 2.9575e+05
0.309 1.8252e+07 3.6505e+05
0.31 1.5587e+07 3.1174e+05
0.311 1.762e+07 3.5239e+05
0.312 1.7368e+07 3.4735e+05
0.313 1.6063e+07 3.2126e+05
0.314 1.5915e+07 3.183e+05
0.315 1.6095e+07 3.219e+05
0.316 1.6783e+07 3.3566e+05
0.317 1.7745e+07 3.5491e+05
0.318 1.6756e+07 3.3511e+05
0.319 1.6383e+07 3.2766e+05
0.32 1.7075e+07 3.415e+05
0.321 1.6901e+07 3.3802e+05
0.322 1.8486e+07 3.6973e+05
0.323 1.7436e+07 3.4872e+05
0.324 2.1335e+07 4.267e+05
0.325 2.0732e+07 4.1464e+05
0.326 1.8271e+07 3.6543e+05
0.327 1.8112e+07 3.6223e+05
0.328 1.6477e+07 3.2954e+05
0.329 1.6677e+07 3.3353e+05
0.33 1.7393e+07 3.4786e+05
0.331 1.7845e+07 3.569e+05
0.332 1.737e+07 3.4739e+05
0.333 1.8538e+07 3.7077e+05
0.334 1.678e+07 3.356e+05
0.335 1.9269e+07 3.8538e+05
0.336 1.795e+07 3.5899e+05
0.337 1.8746e+07 3.7493e+05
0.338 1.8895e+07 3.7789e+05
0.339 1.8207e+07 3.6414e+05
0.34 2.0206e+07 4.0412e+05
0.341 1.7838e+07 3.5675e+05
0.342 1.9067e+07 3.8134e+05
0.343 2.0482e+07 4.0964e+05
0.344 1.8858e+07 3.7716e+05
0.345 2.0247e+07 4.0494e+05
0.346 1.823e+07 3.646e+05
0.347 2.1088e+07 4.2176e+05
0.348 1.7155e+07 3.431e+05
0.349 1.9468e+07 3.8935e+05
0.35 1.9124e+07 3.8247e+05
0.351 2.0892e+07 4.1784e+05
0.352 1.8808e+07 3.7616e+05
0.353 1.9635e+07 3.9269e+05
0.354 2.0653e+07 4.1306e+05
0.355 2.2087e+07 4.4173e+05
0.356 2.0905e+07 4.1809e+05
0.357 2.251e+07 4.502e+05
0.358 2.0134e+07 4.0268e+05
0.359 1.815e+07 3.6301e+05
0.36 2.1995e+07 4.3991e+05
0.361 2.0322e+07 4.0645e+05
0.362 2.0343e+07 4.0686e+05
0.363 2.1507e+07 4.3013e+05
0.364 2.0939e+07 4.1877e+05
0.365 1.9547e+07 3.9094e+05
0.366 2.0941e+07 4.1882e+05
0.367 2.0056e+07 4.0113e+05
0.368 1.9721e+07 3.9442e+05
0.369 1.9599e+07 3.9197e+05
0.37 2.2325e+07 4.4651e+05
0.371 2.3235e+07 4.6469e+05
0.372 1.8771e+07 3.7542e+05
0.373 2.1192e+07 4.2384e+05
0.374 2.0161e+07 4.0322e+05
0.375 2.0446e+07 4.0893e+05
0.376 2.2832e+07 4.5663e+05
0.377 2.0003e+07 4.0006e+05
0.378 2.1675e+07 4.3351e+05
0.379 2.3759e+07 4.7519e+05
0.38 2.1112e+07 4.2223e+05
0.381 2.1916e+07 4.3832e+05
0.382 2.2356e+07 4.4711e+05
0.383 2.3685e+07 4.737e+05
0.384 2.22e+07 4.4401e+05
0.385 2.3692e+07 4.7384e+05
0.386 2.2277e+07 4.4555e+05
0.387 2.3012e+07 4.6023e+05
0.388 2.3417e+07 4.6834e+05
0.389 2.2808e+07 4.5615e+05
0.39 1.9972e+07 3.9943e+05
0.391 2.4229e+07 4.8457e+05
0.392 2.3044e+07 4.6087e+05
0.393 2.2423e+07 4.4846e+05
0.394 2.3934e+07 4.7869e+05
0.395 2.1034e+07 4.2069e+05
0.396 2.3426e+07 4.6852e+05
0.397 2.1483e+07 4.2966e+05
0.398 2.3958e+07 4.7915e+05
0.399 2.4504e+07 4.9008e+05
0.4 2.2555e+07 4.5111e+05
0.401 2.3698e+07 4.7395e+05
0.402 2.3018e+07 4.6036e+05
0.403 2.4493e+07 4.8985e+05
0.404 2.1042e+07 4.2084e+05
0.405 2.5037e+07 5.0073e+05
0.406 2.2499e+07 4.4999e+05
0.407 2.1726e+07 4.3452e+05
0.408 2.3723e+07 4.7447e+05
0.409 2.2483e+07 4.4966e+05
0.41 2.4398e+07 4.8797e+05
0.411 2.3748e+07 4.7496e+05
0.412 2.4094e+07 4.8187e+05
0.413 2.434e+07 4.8681e+05
0.414 2.366e+07 4.7319e+05
0.415 2.1469e+07 4.2939e+05
0.416 2.3563e+07 4.7126e+05
0.417 2.4893e+07 4.9786e+05
0.418 2.3404e+07 4.6808e+05
0.419 2.2447e+07 4.4894e+05
0.42 2.2222e+07 4.4444e+05
0.421 2.3578e+07 4.7156e+05
0.422 2.5253e+07 5.0505e+05
0.423 2.3988e+07 4.7977e+05
0.424 2.4819e+07 4.9639e+05
0.425 2.4378e+07 4.8756e+05
0.426 2.4285e+07 4.8569e+05
0.427 2.2164e+07 4.4328e+05
0.428 2.382e+07 4.7641e+05
0.429 2.3528e+07 4.7056e+05
0.43 2.4977e+07 4.9955e+05
0.431 2.4566e+07 4.9132e+05
0.432 2.2991e+07 4.5983e+05
0.433 2.2234e+07 4.4469e+05
0.434 2.3653e+07 4.7307e+05
0.435 2.4125e+07 4.8251e+05
0.436 2.4769e+07 4.9538e+05
0.437 2.309e+07 4.6179e+05
0.438 2.1622e+07 4.3244e+05
0.439 2.526e+07 5.0519e+05
0.44 2.4627e+07 4.9254e+05
0.441 2.3888e+07 4.7776e+05
0.442 2.2264e+07 4.4529e+05
0.443 2.3009e+07 4.6018e+05
0.444 2.3503e+07 4.7006e+05
0.445 2.2616e+07 4.5233e+05
0.446 2.3997e+07 4.7994e+05
0.447 2.3241e+07 4.6481e+05
0.448 2.3035e+07 4.607e+05
0.449 2.1773e+07 4.3546e+05
0.45 2.5501e+07 5.1002e+05
0.451 2.1688e+07 4.3376e+05
0.452 2.3598e+07 4.7196e+05
0.453 2.2799e+07 4.5598e+05
0.454 2.246e+07 4.4921e+05
0.455 2.3377e+07 4.6754e+05
0.456 2.4603e+07 4.9206e+05
0.457 2.2551e+07 4.5101e+05
0.458 2.2341e+07 4.4683e+05
0.459 2.1911e+07 4.3821e+05
0.46 2.2558e+07 4.5116e+05
0.461 2.229e+07 4.458e+05
0.462 2.1113e+07 4.2227e+05
0.463 2.321e+07 4.642e+05
0.464 2.1409e+07 4.2819e+05
0.465 2.2457e+07 4.4914e+05
0.466 2.4814e+07 4.9629e+05
0.467 2.34e+07 4.68e+05
0.468 2.2564e+07 4.5128e+05
0.469 2.2635e+07 4.527e+05
0.47 2.0268e+07 4.0536e+05
0.471 2.2041e+07 4.4083e+05
0.472 2.2291e+07 4.4582e+05
0.473 2.2747e+07 4.5494e+05
0.474 2.0154e+07 4.0308e+05
0.475 2.3643e+07 4.7286e+05
0.476 2.2126e+07 4.4253e+05
0.477 2.1202e+07 4.2403e+05
0.478 2.2669e+07 4.5338e+05
0.479 2.224e+07 4.4481e+05
0.48 2.1859e+07 4.3717e+05
0.481 2.1349e+07 4.2699e+05
0.482 2.2107e+07 4.4214e+05
0.483 2.0913e+07 4.1825e+05
0.484 1.9547e+07 3.9094e+05
0.485 2.2023e+07 4.4047e+05
0.486 2.0551e+07 4.1102e+05
0.487 2.1539e+07 4.3078e+05
0.488 2.0483e+07 4.0967e+05
0.489 2.079e+07 4.1579e+05
0.49 1.8451e+07 3.6902e+05
0.491 2.0081e+07 4.0163e+05
0.492 2.1474e+07 4.2948e+05
0.493 2.0799e+07 4.1598e+05
0.494 1.9495e+07 3.8989e+05
0.495 1.9399e+07 3.8797e+05
0.496 2.2274e+07 4.4548e+05
0.497 2.1493e+07 4.2986e+05
0.498 2.1635e+07 4.3271e+05
0.499 2.1011e+07 4.2021e+05
0.5 1.8896e+07 3.7791e+05
