0.001 3.2816e+10 6.5632e+08
0.002 3.4932e+10 6.9865e+08
0.003 3.5086e+10 7.0173e+08
0.004 3.5863e+10 7.1726e+08
0.005 3.3522e+10 6.7044e+08
0.006 3.3681e+10 6.7362e+08
0.007 3.4267e+10 6.8534e+08
0.008 3.4318e+10 6.8635e+08
0.009 3.4113e+10 6.8225e+08
0.01 3.4264e+10 6.8527e+08
0.011 3.3081e+10 6.6162e+08
0.012 3.4034e+10 6.8068e+08
0.013 3.3956e+10 6.7911e+08
0.014 3.4079e+10 6.8159e+08
0.015 3.3542e+10 6.7084e+08
0.016 3.311e+10 6.622e+08
0.017 3.2936e+10 6.5872e+08
0.018 3.3008e+10 6.6015e+08
0.019 3.2093e+10 6.4187e+08
0.02 3.1165e+10 6.233e+08
0.021 3.1399e+10 6.2798e+08
0.022 3.1193e+10 6.2387e+08
0.023 3.0818e+10 6.1636e+08
0.024 3.0855e+10 6.171e+08
0.025 3.0112e+10 6.0224e+08
0.026 3.0656e+10 6.1313e+08
0.027 2.9863e+10 5.9726e+08
0.028 2.9041e+10 5.8082e+08
0.029 2.8729e+10 5.7458e+08
0.03 2.957e+10 5.9141e+08
0.031 2.8734e+10 5.7468e+08
0.032 2.7979e+10 5.5957e+08
0.033 2.8141e+10 5.6281e+08
0.034 2.7463e+10 5.4926e+08
0.035 2.768e+10 5.536e+08
0.036 2.6492e+10 5.2984e+08
0.037 2.6259e+10 5.2518e+08
0.038 2.5952e+10 5.1905e+08
0.039 2.5591e+10 5.1182e+08
0.04 2.5196e+10 5.0393e+08
0.041 2.5316e+10 5.0632e+08
0.042 2.4467e+10 4.8933e+08
0.043 2.4217e+10 4.8435e+08
0.044 2.3606e+10 4.7212e+08
0.045 2.3074e+10 4.6148e+08
0.046 2.2487e+10 4.4974e+08
0.047 2.1763e+10 4.3525e+08
0.048 2.1763e+10 4.3526e+08
0.049 2.1499e+10 4.2999e+08
0.05 2.1234e+10 4.2467e+08
0.051 2.1026e+10 4.2052e+08
0.052 2.0578e+10 4.1155e+08
0.053 1.9985e+10 3.997e+08
0.054 1.9397e+10 3.8795e+08
0.055 1.9455e+10 3.891e+08
0.056 1.8688e+10 3.7376e+08
0.057 1.8419e+10 3.6837e+08
0.058 1.7999e+10 3.5999e+08
0.059 1.7127e+10 3.4254e+08
0.06 1.7066e+10 3.4133e+08
0.061 1.6343e+10 3.2686e+08
0.062 1.6295e+10 3.259e+08
0.063 1.5668e+10 3.1337e+08
0.064 1.5448e+10 3.0895e+08
0.065 1.5335e+10 3.067e+08
0.066 1.455e+10 2.9099e+08
0.067 1.4387e+10 2.8773e+08
0.068 1.4215e+10 2.843e+08
0.069 1.3736e+10 2.7472e+08
0.07 1.3417e+10 2.6834e+08
0.071 1.2958e+10 2.5916e+08
0.072 1.2769e+10 2.5538e+08
0.073 1.2273e+10 2.4547e+08
0.074 1.1902e+10 2.3803e+08
0.075 1.1438e+10 2.2875e+08
0.076 1.1373e+10 2.2747e+08
0.077 1.0992e+10 2.1985e+08
0.078 1.052e+10 2.104e+08
0.079 1.0465e+10 2.093e+08
0.08 1.0003e+10 2.0006e+08
0.081 9.5757e+09 1.9151e+08
0.082 9.3835e+09 1.8767e+08
0.083 8.9724e+09 1.7945e+08
0.084 8.7326e+09 1.7465e+08
0.085 8.6324e+09 1.7265e+08
0.086 8.3644e+09 1.6729e+08
0.087 7.9799e+09 1.596e+08
0.088 7.9358e+09 1.5872e+08
0.089 7.5518e+09 1.5104e+08
0.09 7.3229e+09 1.4646e+08
0.091 7.3442e+09 1.4688e+08
0.092 6.9072e+09 1.3814e+08
0.093 6.4387e+09 1.2877e+08
0.094 6.5758e+09 1.3152e+08
0.095 6.1654e+09 1.2331e+08
0.096 6.0876e+09 1.2175e+08
0.097 5.9648e+09 1.193e+08
0.098 5.651e+09 1.1302e+08
0.099 5.4469e+09 1.0894e+08
0.1 5.3715e+09 1.0743e+08
0.101 5.1322e+09 1.0264e+08
0.102 4.9572e+09 9.9143e+07
0.103 4.7741e+09 9.5481e+07
0.104 4.4874e+09 8.9748e+07
0.105 4.3483e+09 8.6965e+07
0.106 4.2962e+09 8.5925e+07
0.107 4.1843e+09 8.3687e+07
0.108 3.9155e+09 7.831e+07
0.109 3.8487e+09 7.6974e+07
0.11 3.7012e+09 7.4023e+07
0.111 3.6481e+09 7.2962e+07
0.112 3.5474e+09 7.0948e+07
0.113 3.3096e+09 6.6191e+07
0.114 3.0419e+09 6.0838e+07
0.115 3.2969e+09 6.5937e+07
0.116 2.9692e+09 5.9383e+07
0.117 2.9722e+09 5.9443e+07
0.118 2.7329e+09 5.4659e+07
0.119 2.7156e+09 5.4311e+07
0.12 2.6087e+09 5.2173e+07
0.121 2.6108e+09 5.2217e+07
0.122 2.3693e+09 4.7387e+07
0.123 2.4586e+09 4.9172e+07
0.124 2.2563e+09 4.5125e+07
0.125 2.2218e+09 4.4436e+07
0.126 2.1811e+09 4.3622e+07
0.127 2.1254e+09 4.2507e+07
0.128 2.001e+09 4.0021e+07
0.129 1.9326e+09 3.8651e+07
0.13 1.8237e+09 3.6475e+07
0.131 1.7883e+09 3.5767e+07
0.132 1.7693e+09 3.5386e+07
0.133 1.7391e+09 3.4781e+07
0.134 1.5632e+09 3.1264e+07
0.135 1.5179e+09 3.0359e+07
0.136 1.4779e+09 2.9559e+07
0.137 1.5073e+09 3.0146e+07
0.138 1.3867e+09 2.7734e+07
0.139 1.4498e+09 2.8995e+07
0.14 1.3594e+09 2.7189e+07
0.141 1.2894e+09 2.5788e+07
0.142 1.3472e+09 2.6945e+07
0.143 1.2824e+09 2.5649e+07
0.144 1.2678e+09 2.5356e+07
0.145 1.2139e+09 2.4278e+07
0.146 1.3016e+09 2.6032e+07
0.147 1.1724e+09 2.3447e+07
0.148 1.0724e+09 2.1447e+07
0.149 1.078e+09 2.156e+07
0.15 1.0197e+09 2.0393e+07
0.151 9.6136e+08 1.9227e+07
0.152 9.6448e+08 1.929e+07
0.153 9.4238e+08 1.8848e+07
0.154 9.4378e+08 1.8876e+07
0.155 9.4823e+08 1.8965e+07
0.156 7.7245e+08 1.5449e+07
0.157 8.1028e+08 1.6206e+07
0.158 7.8038e+08 1.5608e+07
0.159 8.5834e+08 1.7167e+07
0.16 7.9804e+08 1.5961e+07
0.161 7.907e+08 1.5814e+07
0.162 7.8119e+08 1.5624e+07
0.163 7.0939e+08 1.4188e+07
0.164 7.3865e+08 1.4773e+07
0.165 7.0459e+08 1.4092e+07
0.166 6.2448e+08 1.249e+07
0.167 6.6503e+08 1.3301e+07
0.168 6.3792e+08 1.2758e+07
0.169 6.7343e+08 1.3469e+07
0.17 6.4852e+08 1.297e+07
0.171 6.3318e+08 1.2664e+07
0.172 5.8935e+08 1.1787e+07
0.173 5.5612e+08 1.1122e+07
0.174 5.3474e+08 1.0695e+07
0.175 5.2967e+08 1.0593e+07
0.176 5.3744e+08 1.0749e+07
0.177 5.1047e+08 1.0209e+07
0.178 5.0758e+08 1.0152e+07
0.179 4.6948e+08 9.3896e+06
0.18 4.9484e+08 9.8968e+06
0.181 4.3411e+08 8.6822e+06
0.182 5.1265e+08 1.0253e+07
0.183 4.185e+08 8.3701e+06
0.184 4.495e+08 8.9899e+06
0.185 4.9061e+08 9.8123e+06
0.186 3.9154e+08 7.8307e+06
0.187 3.9655e+08 7.931e+06
0.188 4.3518e+08 8.7036e+06
0.189 3.0326e+08 6.0651e+06
0.19 4.517e+08 9.034e+06
0.191 3.731e+08 7.4621e+06
0.192 4.1609e+08 8.3218e+06
0.193 3.1504e+08 6.3008e+06
0.194 3.6791e+08 7.3582e+06
0.195 2.9887e+08 5.9775e+06
0.196 2.837e+08 5.674e+06
0.197 3.9705e+08 7.9411e+06
0.198 2.7436e+08 5.4871e+06
0.199 3.0338e+08 6.0676e+06
0.2 2.5349e+08 5.0698e+06
0.201 2.8501e+08 5.7001e+06
0.202 2.9357e+08 5.8715e+06
0.203 3.113e+08 6.226e+06
0.204 2.246e+08 4.4921e+06
0.205 2.9239e+08 5.8478e+06
0.206 2.5657e+08 5.1314e+06
0.207 2.9551e+08 5.9101e+06
0.208 2.9064e+08 5.8128e+06
0.209 2.182e+08 4.364e+06
0.21 2.1767e+08 4.3534e+06
0.211 1.7563e+08 3.5126e+06
0.212 2.6052e+08 5.2103e+06
0.213 2.3069e+08 4.6138e+06
0.214 2.225e+08 4.45e+06
0.215 2.163e+08 4.326e+06
0.216 1.6765e+08 3.3531e+06
0.217 1.234e+08 2.468e+06
0.218 2.0497e+08 4.0994e+06
0.219 1.7999e+08 3.5998e+06
0.22 1.7169e+08 3.4338e+06
0.221 1.4464e+08 2.8929e+06
0.222 1.4032e+08 2.8063e+06
0.223 2.0107e+08 4.0214e+06
0.224 1.9599e+08 3.9198e+06
0.225 1.1987e+08 2.3975e+06
0.226 1.8117e+08 3.6235e+06
0.227 1.0606e+08 2.1213e+06
0.228 1.7044e+08 3.4087e+06
0.229 1.1541e+08 2.3081e+06
0.23 1.4793e+08 2.9586e+06
0.231 1.5311e+08 3.0621e+06
0.232 1.8428e+08 3.6857e+06
0.233 1.6233e+08 3.2465e+06
0.234 1.2528e+08 2.5056e+06
0.235 1.5914e+08 3.1829e+06
0.236 1.6949e+08 3.3898e+06
0.237 1.1301e+08 2.2601e+06
0.238 9.8017e+07 1.9603e+06
0.239 7.6261e+07 1.5252e+06
0.24 1.0013e+08 2.0025e+06
0.241 1.1194e+08 2.2387e+06
0.242 1.2193e+08 2.4386e+06
0.243 8.0542e+07 1.6108e+06
0.244 6.4583e+07 1.2917e+06
0.245 1.3736e+08 2.7471e+06
0.246 1.1379e+08 2.2757e+06
0.247 1.3854e+08 2.7709e+06
0.248 6.6082e+07 1.3216e+06
0.249 1.0722e+08 2.1444e+06
0.25 9.4706e+07 1.8941e+06
0.251 7.0829e+07 1.4166e+06
0.252 8.0773e+07 1.6155e+06
0.253 1.8005e+08 3.601e+06
0.254 9.8813e+07 1.9763e+06
0.255 1.0004e+08 2.0008e+06
0.256 9.7447e+07 1.9489e+06
0.257 1.6112e+08 3.2224e+06
0.258 7.0856e+07 1.4171e+06
0.259 9.8883e+07 1.9777e+06
0.26 6.6772e+07 1.3354e+06
0.261 8.4564e+07 1.6913e+06
0.262 9.8843e+07 1.9769e+06
0.263 1.2224e+08 2.4447e+06
0.264 7.7453e+07 1.5491e+06
0.265 1.2331e+08 2.4663e+06
0.266 1.0675e+08 2.135e+06
0.267 9.6298e+07 1.926e+06
0.268 1.6099e+08 3.2198e+06
0.269 1.0702e+08 2.1403e+06
0.27 1.4737e+08 2.9475e+06
0.271 1.8031e+08 3.6062e+06
0.272 1.4038e+08 2.8076e+06
0.273 1.1429e+08 2.2858e+06
0.274 9.4722e+07 1.8944e+06
0.275 4.1681e+07 8.3362e+05
0.276 7.6074e+07 1.5215e+06
0.277 1.2489e+08 2.4979e+06
0.278 1.3133e+08 2.6266e+06
0.279 1.4073e+08 2.8145e+06
0.28 1.4251e+08 2.8502e+06
0.281 6.3007e+07 1.2601e+06
0.282 1.1915e+08 2.383e+06
0.283 8.2285e+07 1.6457e+06
0.284 7.4513e+07 1.4903e+06
0.285 7.4146e+07 1.4829e+06
0.286 1.0169e+08 2.0338e+06
0.287 8.44e+07 1.688e+06
0.288 1.0824e+08 2.1647e+06
0.289 8.3688e+07 1.6738e+06
0.29 7.5735e+07 1.5147e+06
0.291 7.6403e+07 1.5281e+06
0.292 1.38e+08 2.76e+06
0.293 1.2217e+08 2.4434e+06
0.294 1.292e+08 2.5839e+06
0.295 5.1254e+07 1.0251e+06
0.296 1.1588e+08 2.3175e+06
0.297 1.2173e+08 2.4345e+06
0.298 7.3188e+07 1.4638e+06
0.299 7.8209e+07 1.5642e+06
0.3 6.6663e+07 1.3333e+06
0.301 1.0115e+08 2.0231e+06
0.302 1.1993e+08 2.3985e+06
0.303 6.9556e+07 1.3911e+06
0.304 1.1571e+08 2.3141e+06
0.305 1.129e+08 2.2581e+06
0.306 8.4052e+07 1.681e+06
0.307 1.4455e+08 2.8911e+06
0.308 8.7141e+07 1.7428e+06
0.309 1.2163e+08 2.4326e+06
0.31 1.1526e+08 2.3051e+06
0.311 4.3056e+07 8.6112e+05
0.312 1.331e+08 2.662e+06
0.313 1.1287e+08 2.2574e+06
0.314 1.1627e+08 2.3254e+06
0.315 1.254e+08 2.5081e+06
0.316 7.9707e+07 1.5941e+06
0.317 9.9404e+07 1.9881e+06
0.318 5.3874e+07 1.0775e+06
0.319 1.1826e+08 2.3653e+06
0.32 8.3933e+07 1.6787e+06
0.321 1.316e+08 2.6321e+06
0.322 6.3505e+07 1.2701e+06
0.323 1.1173e+08 2.2345e+06
0.324 1.0252e+08 2.0504e+06
0.325 8.0413e+07 1.6083e+06
0.326 7.4049e+07 1.481e+06
0.327 1.1349e+08 2.2697e+06
0.328 9.5754e+07 1.9151e+06
0.329 9.1457e+07 1.8291e+06
0.33 1.3094e+08 2.6189e+06
0.331 7.235e+07 1.447e+06
0.332 8.8949e+07 1.779e+06
0.333 2.3652e+07 4.7304e+05
0.334 8.0376e+07 1.6075e+06
0.335 6.3376e+07 1.2675e+06
0.336 1.0523e+08 2.1046e+06
0.337 6.9057e+07 1.3811e+06
0.338 1.2936e+08 2.5873e+06
0.339 6.2077e+07 1.2415e+06
0.34 7.2777e+07 1.4555e+06
0.341 1.0108e+08 2.0216e+06
0.342 1.2582e+08 2.5164e+06
0.343 1.3328e+08 2.6656e+06
0.344 9.5e+07 1.9e+06
0.345 4.3245e+07 8.6491e+05
0.346 1.2796e+08 2.5592e+06
0.347 1.245e+08 2.4899e+06
0.348 1.3807e+08 2.7615e+06
0.349 5.6863e+07 1.1373e+06
0.35 7.3773e+07 1.4755e+06
0.351 8.9461e+07 1.7892e+06
0.352 4.4789e+07 8.9577e+05
0.353 3.299e+07 6.598e+05
0.354 6.0906e+07 1.2181e+06
0.355 7.0203e+07 1.4041e+06
0.356 6.3157e+07 1.2631e+06
0.357 1.1243e+08 2.2485e+06
0.358 6.7387e+07 1.3477e+06
0.359 7.9033e+07 1.5807e+06
0.36 5.9799e+07 1.196e+06
0.361 5.6736e+07 1.1347e+06
0.362 1.0622e+08 2.1244e+06
0.363 9.4457e+07 1.8891e+06
0.364 7.6384e+07 1.5277e+06
0.365 8.4422e+07 1.6884e+06
0.366 9.0608e+07 1.8122e+06
0.367 9.9038e+07 1.9808e+06
0.368 1.1506e+08 2.3012e+06
0.369 7.6081e+07 1.5216e+06
0.37 4.5967e+07 9.1933e+05
0.371 7.4456e+07 1.4891e+06
0.372 9.9033e+07 1.9807e+06
0.373 1.0924e+08 2.1849e+06
0.374 7.2374e+07 1.4475e+06
0.375 1.2674e+08 2.5349e+06
0.376 6.0089e+07 1.2018e+06
0.377 1.2128e+08 2.4256e+06
0.378 8.1016e+07 1.6203e+06
0.379 3.9479e+07 7.8957e+05
0.38 9.15e+07 1.83e+06
0.381 6.9342e+07 1.3868e+06
0.382 2.4864e+07 4.9727e+05
0.383 1.1262e+08 2.2524e+06
0.384 8.536e+07 1.7072e+06
0.385 5.6791e+07 1.1358e+06
0.386 5.9226e+07 1.1845e+06
0.387 5.0621e+07 1.0124e+06
0.388 7.6194e+07 1.5239e+06
0.389 9.1465e+07 1.8293e+06
0.39 1.2479e+08 2.4958e+06
0.391 9.8767e+07 1.9753e+06
0.392 6.6161e+07 1.3232e+06
0.393 6.0225e+07 1.2045e+06
0.394 1.0722e+08 2.1444e+06
0.395 1.1686e+08 2.3372e+06
0.396 8.6558e+07 1.7312e+06
0.397 8.6735e+07 1.7347e+06
0.398 4.3983e+07 8.7967e+05
0.399 9.3992e+07 1.8798e+06
0.4 9.66e+07 1.932e+06
0.401 2.508e+07 5.016e+05
0.402 5.6757e+07 1.1351e+06
0.403 6.6203e+07 1.3241e+06
0.404 6.8684e+07 1.3737e+06
0.405 5.7217e+07 1.1443e+06
0.406 6.083e+07 1.2166e+06
0.407 1.1227e+08 2.2455e+06
0.408 9.7183e+07 1.9437e+06
0.409 3.3246e+07 6.6492e+05
0.41 7.4851e+07 1.497e+06
0.411 1.0927e+08 2.1854e+06
0.412 6.4505e+07 1.2901e+06
0.413 7.1146e+07 1.4229e+06
0.414 8.5801e+07 1.716e+06
0.415 9.2992e+07 1.8598e+06
0.416 7.9149e+07 1.583e+06
0.417 1.1634e+08 2.3268e+06
0.418 8.1997e+07 1.6399e+06
0.419 4.0539e+07 8.1079e+05
0.42 1.0793e+08 2.1587e+06
0.421 6.67e+07 1.334e+06
0.422 1.0215e+08 2.0429e+06
0.423 5.0081e+07 1.0016e+06
0.424 7.86e+07 1.572e+06
0.425 7.7968e+07 1.5594e+06
0.426 2.9274e+07 5.8548e+05
0.427 8.7559e+07 1.7512e+06
0.428 1.0321e+08 2.0642e+06
0.429 1.164e+08 2.328e+06
0.43 1.0805e+08 2.161e+06
0.431 5.1284e+07 1.0257e+06
0.432 1.1019e+08 2.2037e+06
0.433 5.6293e+07 1.1259e+06
0.434 1.0633e+08 2.1265e+06
0.435 4.4247e+07 8.8494e+05
0.436 9.9995e+07 1.9999e+06
0.437 7.2133e+07 1.4427e+06
0.438 1.1688e+08 2.3376e+06
0.439 7.5238e+07 1.5048e+06
0.44 6.4442e+07 1.2888e+06
0.441 9.4449e+07 1.889e+06
0.442 3.1699e+07 6.3399e+05
0.443 3.4671e+07 6.9342e+05
0.444 5.2501e+07 1.05e+06
0.445 6.6795e+07 1.3359e+06
0.446 7.0074e+07 1.4015e+06
0.447 9.6075e+07 1.9215e+06
0.448 8.2777e+07 1.6555e+06
0.449 9.5859e+07 1.9172e+06
0.45 4.8204e+07 9.6408e+05
0.451 8.8072e+07 1.7614e+06
0.452 9.8331e+07 1.9666e+06
0.453 8.5427e+07 1.7085e+06
0.454 7.1893e+07 1.4379e+06
0.455 1.0363e+08 2.0726e+06
0.456 9.2362e+07 1.8472e+06
0.457 3.3017e+07 6.6033e+05
0.458 6.4503e+07 1.2901e+06
0.459 3.7038e+07 7.4075e+05
0.46 5.0215e+07 1.0043e+06
0.461 8.0323e+07 1.6065e+06
0.462 6.8422e+07 1.3684e+06
0.463 4.9575e+07 9.9151e+05
0.464 8.7739e+07 1.7548e+06
0.465 4.9156e+07 9.8313e+05
0.466 8.5538e+07 1.7108e+06
0.467 5.2233e+07 1.0447e+06
0.468 6.9503e+07 1.3901e+06
0.469 6.5615e+07 1.3123e+06
0.47 5.5598e+07 1.112e+06
0.471 8.1193e+07 1.6239e+06
0.472 8.4616e+07 1.6923e+06
0.473 1.1344e+08 2.2687e+06
0.474 8.5034e+07 1.7007e+06
0.475 8.1874e+07 1.6375e+06
0.476 4.8118e+07 9.6236e+05
0.477 8.3518e+07 1.6704e+06
0.478 6.5505e+07 1.3101e+06
0.479 6.5692e+07 1.3138e+06
0.48 7.5886e+07 1.5177e+06
0.481 1.0164e+08 2.0328e+06
0.482 9.089e+07 1.8178e+06
0.483 6.0457e+07 1.2091e+06
0.484 9.2495e+07 1.8499e+06
0.485 7.603e+07 1.5206e+06
0.486 8.9114e+07 1.7823e+06
0.487 1.157e+08 2.314e+06
0.488 9.4847e+07 1.8969e+06
0.489 1.129e+08 2.2579e+06
0.49 7.7794e+07 1.5559e+06
0.491 8.1235e+07 1.6247e+06
0.492 4.0979e+07 8.1958e+05
0.493 1.0092e+08 2.0184e+06
0.494 4.25e+07 8.5e+05
0.495 8.1016e+07 1.6203e+06
0.496 1.051e+08 2.1019e+06
0.497 5.3464e+07 1.0693e+06
0.498 6.5096e+07 1.3019e+06
0.499 9.3755e+07 1.8751e+06
0.5 6.3556e+07 1.2711e+06
