0.001 3.0295e+10 6.059e+08
0.002 2.9301e+10 5.8603e+08
0.003 3.1508e+10 6.3016e+08
0.004 3.0497e+10 6.0994e+08
0.005 2.9921e+10 5.9843e+08
0.006 3.0606e+10 6.1211e+08
0.007 2.9487e+10 5.8973e+08
0.008 2.9821e+10 5.9642e+08
0.009 2.9969e+10 5.9938e+08
0.01 2.9234e+10 5.8468e+08
0.011 3.0126e+10 6.0251e+08
0.012 2.9438e+10 5.8876e+08
0.013 2.8774e+10 5.7547e+08
0.014 2.8587e+10 5.7174e+08
0.015 2.8712e+10 5.7424e+08
0.016 2.8821e+10 5.7642e+08
0.017 2.8372e+10 5.6743e+08
0.018 2.8434e+10 5.6868e+08
0.019 2.7827e+10 5.5654e+08
0.02 2.7684e+10 5.5369e+08
0.021 2.7267e+10 5.4534e+08
0.022 2.7361e+10 5.4723e+08
0.023 2.7136e+10 5.4271e+08
0.024 2.6464e+10 5.2929e+08
0.025 2.6593e+10 5.3186e+08
0.026 2.6262e+10 5.2525e+08
0.027 2.5693e+10 5.1386e+08
0.028 2.5868e+10 5.1737e+08
0.029 2.5324e+10 5.0648e+08
0.03 2.4876e+10 4.9751e+08
0.031 2.493e+10 4.9861e+08
0.032 2.5018e+10 5.0036e+08
0.033 2.4144e+10 4.8287e+08
0.034 2.4054e+10 4.8109e+08
0.035 2.3613e+10 4.7226e+08
0.036 2.2966e+10 4.5931e+08
0.037 2.3088e+10 4.6177e+08
0.038 2.2613e+10 4.5226e+08
0.039 2.212e+10 4.424e+08
0.04 2.2378e+10 4.4756e+08
0.041 2.1655e+10 4.331e+08
0.042 2.1417e+10 4.2834e+08
0.043 2.0512e+10 4.1024e+08
0.044 2.0401e+10 4.0801e+08
0.045 2.0213e+10 4.0425e+08
0.046 1.9559e+10 3.9118e+08
0.047 1.9114e+10 3.8229e+08
0.048 1.9247e+10 3.8495e+08
0.049 1.8662e+10 3.7323e+08
0.05 1.8041e+10 3.6082e+08
0.051 1.8079e+10 3.6159e+08
0.052 1.7765e+10 3.5531e+08
0.053 1.7165e+10 3.4329e+08
0.054 1.7048e+10 3.4096e+08
0.055 1.6653e+10 3.3306e+08
0.056 1.6008e+10 3.2015e+08
0.057 1.5626e+10 3.1252e+08
0.058 1.5415e+10 3.083e+08
0.059 1.4898e+10 2.9795e+08
0.06 1.453e+10 2.9059e+08
0.061 1.4279e+10 2.8558e+08
0.062 1.3944e+10 2.7888e+08
0.063 1.3706e+10 2.7413e+08
0.064 1.3391e+10 2.6782e+08
0.065 1.3136e+10 2.6273e+08
0.066 1.2703e+10 2.5406e+08
0.067 1.2373e+10 2.4746e+08
0.068 1.1867e+10 2.3734e+08
0.069 1.1852e+10 2.3703e+08
0.07 1.1346e+10 2.2692e+08
0.071 1.1114e+10 2.2228e+08
0.072 1.0709e+10 2.1417e+08
0.073 1.0618e+10 2.1236e+08
0.074 1.019e+10 2.038e+08
0.075 1.0024e+10 2.0047e+08
0.076 9.5727e+09 1.9145e+08
0.077 9.3124e+09 1.8625e+08
0.078 9.1022e+09 1.8204e+08
0.079 8.7419e+09 1.7484e+08
0.08 8.653e+09 1.7306e+08
0.081 8.2986e+09 1.6597e+08
0.082 7.9927e+09 1.5985e+08
0.083 7.7242e+09 1.5448e+08
0.084 7.5286e+09 1.5057e+08
0.085 7.3828e+09 1.4766e+08
0.086 7.1624e+09 1.4325e+08
0.087 7.1145e+09 1.4229e+08
0.088 6.7324e+09 1.3465e+08
0.089 6.362e+09 1.2724e+08
0.09 6.2293e+09 1.2459e+08
0.091 6.1284e+09 1.2257e+08
0.092 5.655e+09 1.131e+08
0.093 5.7054e+09 1.1411e+08
0.094 5.5195e+09 1.1039e+08
0.095 5.2568e+09 1.0514e+08
0.096 5.1647e+09 1.0329e+08
0.097 4.9018e+09 9.8035e+07
0.098 4.8171e+09 9.6341e+07
0.099 4.5125e+09 9.025e+07
0.1 4.3586e+09 8.7172e+07
0.101 4.2958e+09 8.5917e+07
0.102 4.169e+09 8.338e+07
0.103 3.9102e+09 7.8203e+07
0.104 3.8625e+09 7.7249e+07
0.105 3.8225e+09 7.6451e+07
0.106 3.5563e+09 7.1125e+07
0.107 3.3819e+09 6.7638e+07
0.108 3.3175e+09 6.6349e+07
0.109 3.2666e+09 6.5332e+07
0.11 3.181e+09 6.3619e+07
0.111 3.0778e+09 6.1555e+07
0.112 2.9081e+09 5.8161e+07
0.113 2.7634e+09 5.5268e+07
0.114 2.7804e+09 5.5607e+07
0.115 2.51e+09 5.02e+07
0.116 2.5182e+09 5.0364e+07
0.117 2.4448e+09 4.8895e+07
0.118 2.3205e+09 4.641e+07
0.119 2.3164e+09 4.6329e+07
0.12 2.2134e+09 4.4269e+07
0.121 2.2015e+09 4.403e+07
0.122 2.0362e+09 4.0724e+07
0.123 2.0118e+09 4.0236e+07
0.124 1.9425e+09 3.885e+07
0.125 1.866e+09 3.7319e+07
0.126 1.7803e+09 3.5606e+07
0.127 1.7456e+09 3.4912e+07
0.128 1.7045e+09 3.4089e+07
0.129 1.6255e+09 3.2509e+07
0.13 1.5369e+09 3.0738e+07
0.131 1.4859e+09 2.9718e+07
0.132 1.4705e+09 2.941e+07
0.133 1.4322e+09 2.8643e+07
0.134 1.4062e+09 2.8124e+07
0.135 1.3923e+09 2.7846e+07
0.136 1.3186e+09 2.6372e+07
0.137 1.2581e+09 2.5163e+07
0.138 1.1359e+09 2.2719e+07
0.139 1.2003e+09 2.4006e+07
0.14 1.1718e+09 2.3435e+07
0.141 1.0615e+09 2.1231e+07
0.142 1.0123e+09 2.0247e+07
0.143 1.0759e+09 2.1518e+07
0.144 9.9588e+08 1.9918e+07
0.145 9.7229e+08 1.9446e+07
0.146 9.2325e+08 1.8465e+07
0.147 9.0974e+08 1.8195e+07
0.148 8.3454e+08 1.6691e+07
0.149 8.4818e+08 1.6964e+07
0.15 8.8911e+08 1.7782e+07
0.151 7.7891e+08 1.5578e+07
0.152 8.0281e+08 1.6056e+07
0.153 7.874e+08 1.5748e+07
0.154 7.1261e+08 1.4252e+07
0.155 6.9971e+08 1.3994e+07
0.156 7.2503e+08 1.4501e+07
0.157 6.5743e+08 1.3149e+07
0.158 7.1101e+08 1.422e+07
0.159 6.915e+08 1.383e+07
0.16 6.6012e+08 1.3202e+07
0.161 6.1781e+08 1.2356e+07
0.162 5.6057e+08 1.1211e+07
0.163 7.0673e+08 1.4135e+07
0.164 5.1835e+08 1.0367e+07
0.165 4.9185e+08 9.837e+06
0.166 5.5777e+08 1.1155e+07
0.167 5.5399e+08 1.108e+07
0.168 5.3402e+08 1.068e+07
0.169 5.9957e+08 1.1991e+07
0.17 4.842e+08 9.684e+06
0.171 5.2304e+08 1.0461e+07
0.172 4.9304e+08 9.8608e+06
0.173 4.3423e+08 8.6847e+06
0.174 4.5182e+08 9.0365e+06
0.175 4.6003e+08 9.2007e+06
0.176 5.0968e+08 1.0194e+07
0.177 4.0346e+08 8.0692e+06
0.178 4.6519e+08 9.3038e+06
0.179 4.0077e+08 8.0155e+06
0.18 3.9935e+08 7.9869e+06
0.181 4.0377e+08 8.0754e+06
0.182 3.7453e+08 7.4906e+06
0.183 3.5457e+08 7.0915e+06
0.184 3.9323e+08 7.8645e+06
0.185 3.4633e+08 6.9266e+06
0.186 3.4735e+08 6.9469e+06
0.187 3.3876e+08 6.7752e+06
0.188 2.9769e+08 5.9539e+06
0.189 3.467e+08 6.934e+06
0.19 2.6648e+08 5.3295e+06
0.191 3.1367e+08 6.2734e+06
0.192 2.8142e+08 5.6284e+06
0.193 3.5879e+08 7.1757e+06
0.194 3.71e+08 7.4199e+06
0.195 2.9157e+08 5.8315e+06
0.196 3.0932e+08 6.1863e+06
0.197 2.8979e+08 5.7958e+06
0.198 2.5228e+08 5.0456e+06
0.199 2.4142e+08 4.8284e+06
0.2 2.5862e+08 5.1724e+06
0.201 2.625e+08 5.2501e+06
0.202 2.8912e+08 5.7824e+06
0.203 2.0452e+08 4.0904e+06
0.204 2.5581e+08 5.1162e+06
0.205 2.4115e+08 4.8229e+06
0.206 2.5521e+08 5.1043e+06
0.207 1.9529e+08 3.9059e+06
0.208 2.2748e+08 4.5496e+06
0.209 2.0795e+08 4.159e+06
0.21 1.5506e+08 3.1013e+06
0.211 1.5786e+08 3.1572e+06
0.212 2.0482e+08 4.0964e+06
0.213 2.004e+08 4.008e+06
0.214 2.1848e+08 4.3696e+06
0.215 1.6546e+08 3.3092e+06
0.216 1.8723e+08 3.7446e+06
0.217 1.646e+08 3.2919e+06
0.218 1.0651e+08 2.1302e+06
0.219 1.7389e+08 3.4778e+06
0.22 1.7683e+08 3.5366e+06
0.221 1.136e+08 2.2719e+06
0.222 1.9481e+08 3.8962e+06
0.223 1.059e+08 2.1181e+06
0.224 1.649e+08 3.298e+06
0.225 1.1376e+08 2.2752e+06
0.226 1.2347e+08 2.4693e+06
0.227 8.1379e+07 1.6276e+06
0.228 1.4641e+08 2.9281e+06
0.229 1.4886e+08 2.9771e+06
0.23 6.872e+07 1.3744e+06
0.231 1.1464e+08 2.2929e+06
0.232 1.3603e+08 2.7205e+06
0.233 6.4303e+07 1.2861e+06
0.234 1.2631e+08 2.5262e+06
0.235 1.4511e+08 2.9023e+06
0.236 4.0774e+07 8.1549e+05
0.237 1.0942e+08 2.1883e+06
0.238 1.0365e+08 2.0729e+06
0.239 9.9758e+07 1.9952e+06
0.24 1.0718e+08 2.1436e+06
0.241 5.9342e+07 1.1868e+06
0.242 1.2409e+08 2.4818e+06
0.243 1.2064e+08 2.4127e+06
0.244 1.1186e+08 2.2372e+06
0.245 1.3791e+08 2.7582e+06
0.246 1.5476e+08 3.0953e+06
0.247 1.2132e+08 2.4263e+06
0.248 9.7264e+07 1.9453e+06
0.249 6.991e+07 1.3982e+06
0.25 9.8392e+07 1.9678e+06
0.251 1.3093e+08 2.6187e+06
0.252 9.4519e+07 1.8904e+06
0.253 9.9516e+07 1.9903e+06
0.254 6.7745e+07 1.3549e+06
0.255 8.6311e+07 1.7262e+06
0.256 1.2519e+08 2.5039e+06
0.257 4.867e+07 9.7339e+05
0.258 9.5457e+07 1.9091e+06
0.259 3.6228e+07 7.2456e+05
0.26 1.0157e+08 2.0314e+06
0.261 6.4287e+07 1.2857e+06
0.262 6.4974e+07 1.2995e+06
0.263 9.9959e+07 1.9992e+06
0.264 7.1393e+07 1.4279e+06
0.265 6.5513e+07 1.3103e+06
0.266 1.3682e+08 2.7364e+06
0.267 9.2179e+07 1.8436e+06
0.268 7.1451e+07 1.429e+06
0.269 5.481e+07 1.0962e+06
0.27 1.1868e+08 2.3736e+06
0.271 6.4995e+07 1.2999e+06
0.272 8.2537e+07 1.6507e+06
0.273 1.1255e+08 2.2511e+06
0.274 1.285e+08 2.5701e+06
0.275 5.3679e+07 1.0736e+06
0.276 9.638e+07 1.9276e+06
0.277 7.4811e+07 1.4962e+06
0.278 1.0789e+08 2.1578e+06
0.279 7.7805e+07 1.5561e+06
0.28 1.1252e+08 2.2504e+06
0.281 7.0131e+07 1.4026e+06
0.282 3.8164e+07 7.6327e+05
0.283 1.0737e+08 2.1474e+06
0.284 9.451e+07 1.8902e+06
0.285 3.4106e+07 6.8211e+05
0.286 6.9553e+07 1.3911e+06
0.287 7.1947e+07 1.4389e+06
0.288 1.1586e+08 2.3172e+06
0.289 1.0925e+08 2.185e+06
0.29 5.6323e+07 1.1265e+06
0.291 8.8722e+07 1.7744e+06
0.292 5.5314e+07 1.1063e+06
0.293 9.6671e+07 1.9334e+06
0.294 7.7415e+07 1.5483e+06
0.295 1.113e+08 2.226e+06
0.296 1.0679e+08 2.1359e+06
0.297 7.4461e+07 1.4892e+06
0.298 6.5459e+07 1.3092e+06
0.299 5.1211e+07 1.0242e+06
0.3 8.7731e+07 1.7546e+06
0.301 1.0221e+08 2.0441e+06
0.302 8.5522e+07 1.7104e+06
0.303 8.6925e+07 1.7385e+06
0.304 9.5209e+07 1.9042e+06
0.305 4.7816e+07 9.5631e+05
0.306 1.0815e+08 2.163e+06
0.307 7.6124e+07 1.5225e+06
0.308 9.6137e+07 1.9227e+06
0.309 8.5854e+07 1.7171e+06
0.31 1.3752e+08 2.7505e+06
0.311 1.0053e+08 2.0106e+06
0.312 4.2839e+07 8.5678e+05
0.313 6.0261e+07 1.2052e+06
0.314 1.0639e+08 2.1278e+06
0.315 9.0375e+07 1.8075e+06
0.316 9.223e+07 1.8446e+06
0.317 5.4198e+07 1.084e+06
0.318 7.7168e+07 1.5434e+06
0.319 9.0172e+07 1.8034e+06
0.32 1.3018e+08 2.6035e+06
0.321 4.371e+07 8.742e+05
0.322 1.1712e+08 2.3424e+06
0.323 7.1468e+07 1.4294e+06
0.324 8.894e+07 1.7788e+06
0.325 6.5661e+07 1.3132e+06
0.326 5.8461e+07 1.1692e+06
0.327 5.0511e+07 1.0102e+06
0.328 7.9231e+07 1.5846e+06
0.329 5.6724e+07 1.1345e+06
0.33 5.7065e+07 1.1413e+06
0.331 7.9006e+07 1.5801e+06
0.332 7.8882e+07 1.5776e+06
0.333 7.9001e+07 1.58e+06
0.334 4.5861e+07 9.1722e+05
0.335 9.5089e+07 1.9018e+06
0.336 7.4117e+07 1.4823e+06
0.337 1.0371e+08 2.0743e+06
0.338 1.2285e+08 2.457e+06
0.339 7.5496e+07 1.5099e+06
0.34 9.0758e+07 1.8152e+06
0.341 4.9271e+07 9.8542e+05
0.342 6.0587e+07 1.2117e+06
0.343 8.3853e+07 1.6771e+06
0.344 8.7965e+07 1.7593e+06
0.345 9.3838e+07 1.8768e+06
0.346 9.3855e+07 1.8771e+06
0.347 9.0895e+07 1.8179e+06
0.348 6.3511e+07 1.2702e+06
0.349 8.8401e+07 1.768e+06
0.35 8.3965e+07 1.6793e+06
0.351 8.0647e+07 1.6129e+06
0.352 1.1914e+08 2.3828e+06
0.353 9.09e+07 1.818e+06
0.354 5.9883e+07 1.1977e+06
0.355 7.122e+07 1.4244e+06
0.356 5.3427e+07 1.0685e+06
0.357 5.7976e+07 1.1595e+06
0.358 4.3745e+07 8.749e+05
0.359 1.0488e+08 2.0975e+06
0.36 7.2865e+07 1.4573e+06
0.361 7.6457e+07 1.5291e+06
0.362 1.0881e+08 2.1761e+06
0.363 5.0726e+07 1.0145e+06
0.364 6.4038e+07 1.2808e+06
0.365 6.3263e+07 1.2653e+06
0.366 7.1924e+07 1.4385e+06
0.367 5.6362e+07 1.1272e+06
0.368 8.894e+07 1.7788e+06
0.369 1.0707e+08 2.1415e+06
0.37 5.3295e+07 1.0659e+06
0.371 8.4829e+07 1.6966e+06
0.372 8.6744e+07 1.7349e+06
0.373 6.4461e+07 1.2892e+06
0.374 5.3093e+07 1.0619e+06
0.375 7.6553e+07 1.5311e+06
0.376 9.2651e+07 1.853e+06
0.377 7.2469e+07 1.4494e+06
0.378 5.7068e+07 1.1414e+06
0.379 1.103e+08 2.206e+06
0.38 6.394e+07 1.2788e+06
0.381 4.8897e+07 9.7795e+05
0.382 4.9656e+07 9.9312e+05
0.383 7.0326e+07 1.4065e+06
0.384 9.0096e+07 1.8019e+06
0.385 5.4251e+07 1.085e+06
0.386 5.6471e+07 1.1294e+06
0.387 4.0737e+07 8.1474e+05
0.388 7.4409e+07 1.4882e+06
0.389 3.9399e+07 7.8799e+05
0.39 1.1052e+08 2.2104e+06
0.391 6.1136e+07 1.2227e+06
0.392 5.3722e+07 1.0744e+06
0.393 4.2404e+07 8.4808e+05
0.394 1.1209e+08 2.2418e+06
0.395 7.7423e+07 1.5485e+06
0.396 7.1669e+07 1.4334e+06
0.397 8.4117e+07 1.6823e+06
0.398 9.83e+07 1.966e+06
0.399 9.6007e+07 1.9201e+06
0.4 6.1806e+07 1.2361e+06
0.401 5.6123e+07 1.1225e+06
0.402 1.9224e+07 3.8448e+05
0.403 6.1098e+07 1.222e+06
0.404 6.463e+07 1.2926e+06
0.405 6.4436e+07 1.2887e+06
0.406 2.9351e+07 5.8701e+05
0.407 8.289e+07 1.6578e+06
0.408 1.5633e+07 3.1266e+05
0.409 5.6897e+07 1.1379e+06
0.41 5.8757e+07 1.1751e+06
0.411 5.3286e+07 1.0657e+06
0.412 7.8554e+07 1.5711e+06
0.413 6.0401e+07 1.208e+06
0.414 5.3324e+07 1.0665e+06
0.415 4.9463e+07 9.8925e+05
0.416 2.7278e+07 5.4556e+05
0.417 6.9184e+07 1.3837e+06
0.418 4.6893e+07 9.3787e+05
0.419 9.1166e+07 1.8233e+06
0.42 4.2231e+07 8.4462e+05
0.421 5.347e+07 1.0694e+06
0.422 3.8602e+07 7.7204e+05
0.423 6.3968e+07 1.2794e+06
0.424 7.4049e+07 1.481e+06
0.425 3.3596e+07 6.7192e+05
0.426 4.65e+07 9.2999e+05
0.427 4.754e+07 9.5081e+05
0.428 8.8629e+07 1.7726e+06
0.429 2.526e+07 5.0521e+05
0.43 4.0186e+07 8.0372e+05
0.431 9.0647e+07 1.8129e+06
0.432 4.4067e+07 8.8134e+05
0.433 4.2967e+07 8.5934e+05
0.434 4.8392e+07 9.6785e+05
0.435 6.8509e+07 1.3702e+06
0.436 8.281e+07 1.6562e+06
0.437 4.9554e+07 9.9108e+05
0.438 1.2489e+08 2.4977e+06
0.439 8.2716e+07 1.6543e+06
0.44 7.5491e+07 1.5098e+06
0.441 7.4239e+07 1.4848e+06
0.442 8.6282e+07 1.7256e+06
0.443 4.9439e+07 9.8878e+05
0.444 8.3463e+07 1.6693e+06
0.445 5.3089e+07 1.0618e+06
0.446 7.3527e+07 1.4705e+06
0.447 7.7897e+07 1.5579e+06
0.448 7.1915e+07 1.4383e+06
0.449 2.2059e+07 4.4118e+05
0.45 6.7358e+07 1.3472e+06
0.451 6.4743e+07 1.2949e+06
0.452 6.7135e+07 1.3427e+06
0.453 5e+07 1e+06
0.454 6.5925e+07 1.3185e+06
0.455 2.3087e+07 4.6174e+05
0.456 1.1608e+08 2.3216e+06
0.457 4.9418e+07 9.8837e+05
0.458 3.4332e+07 6.8665e+05
0.459 5.6383e+07 1.1277e+06
0.46 7.2527e+07 1.4505e+06
0.461 6.5784e+07 1.3157e+06
0.462 3.1374e+07 6.2748e+05
0.463 8.1891e+07 1.6378e+06
0.464 7.8245e+07 1.5649e+06
0.465 6.8882e+07 1.3776e+06
0.466 7.6924e+07 1.5385e+06
0.467 4.3859e+07 8.7719e+05
0.468 7.972e+07 1.5944e+06
0.469 5.0277e+07 1.0055e+06
0.47 4.0338e+07 8.0676e+05
0.471 3.3427e+07 6.6854e+05
0.472 5.4007e+07 1.0801e+06
0.473 7.966e+07 1.5932e+06
0.474 7.1805e+07 1.4361e+06
0.475 7.3947e+07 1.4789e+06
0.476 8.0495e+07 1.6099e+06
0.477 4.3875e+07 8.775e+05
0.478 5.5439e+07 1.1088e+06
0.479 6.4453e+07 1.2891e+06
0.48 1.0023e+08 2.0047e+06
0.481 4.5763e+07 9.1526e+05
0.482 1.9516e+07 3.9032e+05
0.483 7.0101e+07 1.402e+06
0.484 1.0612e+08 2.1224e+06
0.485 5.1146e+07 1.0229e+06
0.486 7.9096e+07 1.5819e+06
0.487 7.0026e+07 1.4005e+06
0.488 8.5619e+07 1.7124e+06
0.489 5.0464e+07 1.0093e+06
0.49 5.5041e+07 1.1008e+06
0.491 6.2306e+07 1.2461e+06
0.492 6.0332e+07 1.2066e+06
0.493 6.8366e+07 1.3673e+06
0.494 1.0242e+08 2.0484e+06
0.495 7.3853e+07 1.4771e+06
0.496 8.8562e+07 1.7712e+06
0.497 5.9918e+07 1.1984e+06
0.498 4.2279e+07 8.4558e+05
0.499 8.541e+07 1.7082e+06
0.5 9.989e+07 1.9978e+06
