0.001 7.8674e+09 1.6336e+08
0.002 8.0137e+09 1.155e+08
0.003 8.1772e+09 9.4299e+07
0.004 8.1605e+09 8.1652e+07
0.005 8.1923e+09 7.3017e+07
0.006 8.0514e+09 6.6639e+07
0.007 8.0207e+09 6.1677e+07
0.008 8.1493e+09 5.7674e+07
0.009 8.0793e+09 5.4355e+07
0.01 8.085e+09 5.1544e+07
0.011 8.0076e+09 4.9122e+07
0.012 8.0549e+09 4.7006e+07
0.013 8.0099e+09 4.5137e+07
0.014 8.1187e+09 4.3469e+07
0.015 8.0412e+09 4.1967e+07
0.016 7.991e+09 4.0607e+07
0.017 7.914e+09 3.9365e+07
0.018 7.9794e+09 3.8226e+07
0.019 7.9622e+09 3.7176e+07
0.02 7.9716e+09 3.6203e+07
0.021 7.9316e+09 3.5299e+07
0.022 7.7892e+09 3.4455e+07
0.023 7.7929e+09 3.3664e+07
0.024 7.8258e+09 3.2921e+07
0.025 7.7537e+09 3.2221e+07
0.026 7.7748e+09 3.156e+07
0.027 7.6694e+09 3.0934e+07
0.028 7.6471e+09 3.034e+07
0.029 7.6357e+09 2.9776e+07
0.03 7.5954e+09 2.9238e+07
0.031 7.557e+09 2.8725e+07
0.032 7.4909e+09 2.8234e+07
0.033 7.4287e+09 2.7764e+07
0.034 7.4182e+09 2.7313e+07
0.035 7.43e+09 2.6881e+07
0.036 7.359e+09 2.6465e+07
0.037 7.3152e+09 2.6064e+07
0.038 7.2358e+09 2.5678e+07
0.039 7.2192e+09 2.5306e+07
0.04 7.1541e+09 2.4946e+07
0.041 7.0938e+09 2.4599e+07
0.042 7.0991e+09 2.4262e+07
0.043 7.0624e+09 2.3936e+07
0.044 6.9505e+09 2.362e+07
0.045 6.9392e+09 2.3314e+07
0.046 6.8409e+09 2.3016e+07
0.047 6.8488e+09 2.2727e+07
0.048 6.7825e+09 2.2445e+07
0.049 6.7319e+09 2.2172e+07
0.05 6.6845e+09 2.1905e+07
0.051 6.6334e+09 2.1646e+07
0.052 6.588e+09 2.1393e+07
0.053 6.5232e+09 2.1146e+07
0.054 6.4136e+09 2.0906e+07
0.055 6.3925e+09 2.0671e+07
0.056 6.3347e+09 2.0441e+07
0.057 6.2947e+09 2.0217e+07
0.058 6.2646e+09 1.9998e+07
0.059 6.1825e+09 1.9783e+07
0.06 6.133e+09 1.9574e+07
0.061 6.0304e+09 1.9368e+07
0.062 6.0225e+09 1.9167e+07
0.063 5.9269e+09 1.8971e+07
0.064 5.9032e+09 1.8778e+07
0.065 5.8498e+09 1.8589e+07
0.066 5.7712e+09 1.8403e+07
0.067 5.7523e+09 1.8222e+07
0.068 5.6553e+09 1.8043e+07
0.069 5.5807e+09 1.7868e+07
0.07 5.5246e+09 1.7697e+07
0.071 5.4478e+09 1.7528e+07
0.072 5.4077e+09 1.7363e+07
0.073 5.3754e+09 1.72e+07
0.074 5.277e+09 1.7041e+07
0.075 5.2446e+09 1.6884e+07
0.076 5.1511e+09 1.673e+07
0.077 5.1088e+09 1.6578e+07
0.078 5.0481e+09 1.6429e+07
0.079 5.0022e+09 1.6283e+07
0.08 4.9388e+09 1.6139e+07
0.081 4.878e+09 1.5998e+07
0.082 4.7845e+09 1.5858e+07
0.083 4.7827e+09 1.5721e+07
0.084 4.6775e+09 1.5587e+07
0.085 4.6503e+09 1.5454e+07
0.086 4.6101e+09 1.5323e+07
0.087 4.5087e+09 1.5195e+07
0.088 4.4749e+09 1.5068e+07
0.089 4.42e+09 1.4944e+07
0.09 4.3645e+09 1.4821e+07
0.091 4.2999e+09 1.4701e+07
0.092 4.2465e+09 1.4582e+07
0.093 4.1962e+09 1.4465e+07
0.094 4.1159e+09 1.435e+07
0.095 4.0369e+09 1.4236e+07
0.096 4.0003e+09 1.4124e+07
0.097 3.9527e+09 1.4014e+07
0.098 3.9156e+09 1.3906e+07
0.099 3.8427e+09 1.3799e+07
0.1 3.8122e+09 1.3694e+07
0.101 3.7109e+09 1.359e+07
0.102 3.6864e+09 1.3488e+07
0.103 3.641e+09 1.3387e+07
0.104 3.5982e+09 1.3288e+07
0.105 3.4995e+09 1.319e+07
0.106 3.459e+09 1.3093e+07
0.107 3.4018e+09 1.2998e+07
0.108 3.3832e+09 1.2905e+07
0.109 3.3063e+09 1.2812e+07
0.11 3.2791e+09 1.2721e+07
0.111 3.198e+09 1.2632e+07
0.112 3.1705e+09 1.2543e+07
0.113 3.1004e+09 1.2456e+07
0.114 3.0709e+09 1.237e+07
0.115 3.0108e+09 1.2286e+07
0.116 2.9447e+09 1.2202e+07
0.117 2.9216e+09 1.212e+07
0.118 2.869e+09 1.2039e+07
0.119 2.8334e+09 1.1959e+07
0.12 2.7767e+09 1.188e+07
0.121 2.7463e+09 1.1802e+07
0.122 2.6898e+09 1.1726e+07
0.123 2.6359e+09 1.165e+07
0.124 2.6245e+09 1.1576e+07
0.125 2.5316e+09 1.1502e+07
0.126 2.5243e+09 1.143e+07
0.127 2.4601e+09 1.1358e+07
0.128 2.4302e+09 1.1288e+07
0.129 2.4047e+09 1.1218e+07
0.13 2.3632e+09 1.115e+07
0.131 2.3229e+09 1.1082e+07
0.132 2.2798e+09 1.1015e+07
0.133 2.257e+09 1.095e+07
0.134 2.2048e+09 1.0885e+07
0.135 2.1638e+09 1.0821e+07
0.136 2.1233e+09 1.0758e+07
0.137 2.0906e+09 1.0696e+07
0.138 2.0523e+09 1.0634e+07
0.139 2.0181e+09 1.0574e+07
0.14 1.9956e+09 1.0514e+07
0.141 1.9548e+09 1.0455e+07
0.142 1.8746e+09 1.0397e+07
0.143 1.8813e+09 1.034e+07
0.144 1.8308e+09 1.0283e+07
0.145 1.8137e+09 1.0228e+07
0.146 1.7825e+09 1.0173e+07
0.147 1.7559e+09 1.0118e+07
0.148 1.7156e+09 1.0065e+07
0.149 1.6705e+09 1.0012e+07
0.15 1.6579e+09 9.9598e+06
0.151 1.6319e+09 9.9083e+06
0.152 1.6046e+09 9.8575e+06
0.153 1.56e+09 9.8074e+06
0.154 1.5328e+09 9.7579e+06
0.155 1.5081e+09 9.7091e+06
0.156 1.4848e+09 9.661e+06
0.157 1.4582e+09 9.6134e+06
0.158 1.4321e+09 9.5665e+06
0.159 1.3818e+09 9.5201e+06
0.16 1.3764e+09 9.4744e+06
0.161 1.3436e+09 9.4293e+06
0.162 1.3205e+09 9.3847e+06
0.163 1.2656e+09 9.3407e+06
0.164 1.2692e+09 9.2973e+06
0.165 1.2415e+09 9.2544e+06
0.166 1.2128e+09 9.212e+06
0.167 1.1861e+09 9.1702e+06
0.168 1.1658e+09 9.1289e+06
0.169 1.1467e+09 9.0881e+06
0.17 1.1133e+09 9.0479e+06
0.171 1.0864e+09 9.0081e+06
0.172 1.0885e+09 8.9688e+06
0.173 1.0475e+09 8.93e+06
0.174 1.0269e+09 8.8917e+06
0.175 1.0011e+09 8.8539e+06
0.176 9.9081e+08 8.8165e+06
0.177 9.678e+08 8.7796e+06
0.178 9.6356e+08 8.7431e+06
0.179 9.2649e+08 8.707e+06
0.18 9.0403e+08 8.6714e+06
0.181 8.748e+08 8.6363e+06
0.182 8.709e+08 8.6015e+06
0.183 8.5897e+08 8.5672e+06
0.184 8.4064e+08 8.5332e+06
0.185 8.1626e+08 8.4997e+06
0.186 7.9549e+08 8.4666e+06
0.187 7.8386e+08 8.4338e+06
0.188 7.6642e+08 8.4015e+06
0.189 7.3946e+08 8.3695e+06
0.19 7.2553e+08 8.3379e+06
0.191 7.169e+08 8.3066e+06
0.192 6.9284e+08 8.2757e+06
0.193 6.7865e+08 8.2452e+06
0.194 6.6392e+08 8.2151e+06
0.195 6.5242e+08 8.1852e+06
0.196 6.4044e+08 8.1558e+06
0.197 6.2257e+08 8.1266e+06
0.198 6.1816e+08 8.0978e+06
0.199 6.0134e+08 8.0694e+06
0.2 5.8983e+08 8.0412e+06
0.201 5.5941e+08 8.0134e+06
0.202 5.6314e+08 7.9859e+06
0.203 5.4723e+08 7.9587e+06
0.204 5.1612e+08 7.9318e+06
0.205 5.0384e+08 7.9052e+06
0.206 4.9825e+08 7.8789e+06
0.207 4.7614e+08 7.8529e+06
0.208 4.8104e+08 7.8272e+06
0.209 4.5647e+08 7.8018e+06
0.21 4.3682e+08 7.7766e+06
0.211 4.3615e+08 7.7518e+06
0.212 4.2765e+08 7.7272e+06
0.213 4.0249e+08 7.7029e+06
0.214 4.0611e+08 7.6789e+06
0.215 3.9755e+08 7.6551e+06
0.216 3.755e+08 7.6316e+06
0.217 3.7281e+08 7.6083e+06
0.218 3.6364e+08 7.5854e+06
0.219 3.5606e+08 7.5626e+06
0.22 3.5654e+08 7.5401e+06
0.221 3.3986e+08 7.5179e+06
0.222 3.2502e+08 7.4959e+06
0.223 3.083e+08 7.4742e+06
0.224 3.0253e+08 7.4527e+06
0.225 3.0178e+08 7.4314e+06
0.226 2.9561e+08 7.4104e+06
0.227 2.9132e+08 7.3895e+06
0.228 2.7123e+08 7.369e+06
0.229 2.6759e+08 7.3486e+06
0.23 2.6548e+08 7.3285e+06
0.231 2.587e+08 7.3086e+06
0.232 2.4938e+08 7.2889e+06
0.233 2.4387e+08 7.2694e+06
0.234 2.2755e+08 7.2501e+06
0.235 2.2758e+08 7.231e+06
0.236 2.1789e+08 7.2122e+06
0.237 2.0392e+08 7.1935e+06
0.238 2.0132e+08 7.175e+06
0.239 2.0415e+08 7.1568e+06
0.24 1.8023e+08 7.1387e+06
0.241 1.82e+08 7.1208e+06
0.242 1.8116e+08 7.1032e+06
0.243 1.6806e+08 7.0857e+06
0.244 1.6666e+08 7.0684e+06
0.245 1.642e+08 7.0512e+06
0.246 1.5394e+08 7.0343e+06
0.247 1.6007e+08 7.0175e+06
0.248 1.5219e+08 7.0009e+06
0.249 1.3336e+08 6.9845e+06
0.25 1.4934e+08 6.9683e+06
0.251 1.4771e+08 6.9522e+06
0.252 1.3987e+08 6.9363e+06
0.253 1.3095e+08 6.9206e+06
0.254 1.4779e+08 6.905e+06
0.255 1.1796e+08 6.8896e+06
0.256 1.2227e+08 6.8743e+06
0.257 1.1805e+08 6.8592e+06
0.258 1.1801e+08 6.8442e+06
0.259 1.139e+08 6.8294e+06
0.26 1.093e+08 6.8148e+06
0.261 9.7631e+07 6.8003e+06
0.262 1.0191e+08 6.7859e+06
0.263 9.3224e+07 6.7717e+06
0.264 1.0138e+08 6.7576e+06
0.265 8.4052e+07 6.7437e+06
0.266 8.7215e+07 6.7299e+06
0.267 8.3727e+07 6.7162e+06
0.268 8.3585e+07 6.7027e+06
0.269 8.2792e+07 6.6893e+06
0.27 8.1791e+07 6.676e+06
0.271 7.9798e+07 6.6628e+06
0.272 8.9389e+07 6.6498e+06
0.273 8.0413e+07 6.6369e+06
0.274 8.4625e+07 6.6241e+06
0.275 7.1958e+07 6.6114e+06
0.276 7.5967e+07 6.5988e+06
0.277 7.2154e+07 6.5864e+06
0.278 7.8173e+07 6.574e+06
0.279 7.6153e+07 6.5618e+06
0.28 7.461e+07 6.5497e+06
0.281 6.5527e+07 6.5377e+06
0.282 5.7727e+07 6.5257e+06
0.283 6.4259e+07 6.5139e+06
0.284 7.4492e+07 6.5022e+06
0.285 8.0674e+07 6.4906e+06
0.286 6.0901e+07 6.4791e+06
0.287 7.1446e+07 6.4677e+06
0.288 7.9788e+07 6.4563e+06
0.289 5.2104e+07 6.4451e+06
0.29 6.9375e+07 6.434e+06
0.291 6.7793e+07 6.4229e+06
0.292 5.7454e+07 6.4119e+06
0.293 7.1994e+07 6.401e+06
0.294 6.9467e+07 6.3902e+06
0.295 6.6319e+07 6.3795e+06
0.296 6.5906e+07 6.3688e+06
0.297 6.2632e+07 6.3583e+06
0.298 6.4929e+07 6.3478e+06
0.299 7.4697e+07 6.3374e+06
0.3 6.9131e+07 6.327e+06
0.301 6.7903e+07 6.3168e+06
0.302 6.5992e+07 6.3066e+06
0.303 7.2603e+07 6.2964e+06
0.304 8.1153e+07 6.2864e+06
0.305 6.9014e+07 6.2764e+06
0.306 6.6316e+07 6.2664e+06
0.307 7.5259e+07 6.2566e+06
0.308 7.504e+07 6.2468e+06
0.309 7.2056e+07 6.237e+06
0.31 6.5846e+07 6.2273e+06
0.311 7.5681e+07 6.2177e+06
0.312 7.933e+07 6.2082e+06
0.313 7.0165e+07 6.1987e+06
0.314 8.0168e+07 6.1892e+06
0.315 8.8819e+07 6.1798e+06
0.316 8.4466e+07 6.1705e+06
0.317 8.7142e+07 6.1612e+06
0.318 8.9619e+07 6.1519e+06
0.319 9.005e+07 6.1427e+06
0.32 9.1188e+07 6.1336e+06
0.321 7.9049e+07 6.1245e+06
0.322 9.2597e+07 6.1155e+06
0.323 1.0119e+08 6.1065e+06
0.324 9.5953e+07 6.0975e+06
0.325 8.7509e+07 6.0886e+06
0.326 9.7462e+07 6.0798e+06
0.327 8.7082e+07 6.071e+06
0.328 1.0364e+08 6.0622e+06
0.329 8.3653e+07 6.0535e+06
0.33 9.7989e+07 6.0448e+06
0.331 9.1829e+07 6.0361e+06
0.332 1.0149e+08 6.0275e+06
0.333 9.8276e+07 6.0189e+06
0.334 9.8638e+07 6.0104e+06
0.335 9.279e+07 6.0019e+06
0.336 1.0102e+08 5.9935e+06
0.337 1.1122e+08 5.985e+06
0.338 1.0917e+08 5.9767e+06
0.339 1.0418e+08 5.9683e+06
0.34 1.0544e+08 5.96e+06
0.341 1.1152e+08 5.9517e+06
0.342 1.1375e+08 5.9435e+06
0.343 1.1526e+08 5.9352e+06
0.344 1.0898e+08 5.9271e+06
0.345 1.0133e+08 5.9189e+06
0.346 1.2056e+08 5.9108e+06
0.347 1.1354e+08 5.9027e+06
0.348 1.2065e+08 5.8947e+06
0.349 1.2289e+08 5.8866e+06
0.35 1.2058e+08 5.8786e+06
0.351 1.1381e+08 5.8707e+06
0.352 1.1469e+08 5.8627e+06
0.353 1.2336e+08 5.8548e+06
0.354 1.2376e+08 5.8469e+06
0.355 1.152e+08 5.8391e+06
0.356 1.1541e+08 5.8313e+06
0.357 1.1487e+08 5.8235e+06
0.358 1.0897e+08 5.8157e+06
0.359 1.2071e+08 5.8079e+06
0.36 1.1401e+08 5.8002e+06
0.361 1.3039e+08 5.7925e+06
0.362 1.2474e+08 5.7849e+06
0.363 1.2659e+08 5.7772e+06
0.364 1.1887e+08 5.7696e+06
0.365 1.3563e+08 5.762e+06
0.366 1.3812e+08 5.7545e+06
0.367 1.3909e+08 5.7469e+06
0.368 1.2544e+08 5.7394e+06
0.369 1.2804e+08 5.7319e+06
0.37 1.3748e+08 5.7244e+06
0.371 1.3207e+08 5.717e+06
0.372 1.3866e+08 5.7096e+06
0.373 1.3805e+08 5.7022e+06
0.374 1.2933e+08 5.6948e+06
0.375 1.4162e+08 5.6874e+06
0.376 1.3721e+08 5.6801e+06
0.377 1.3278e+08 5.6728e+06
0.378 1.4154e+08 5.6655e+06
0.379 1.3214e+08 5.6583e+06
0.38 1.3939e+08 5.651e+06
0.381 1.3492e+08 5.6438e+06
0.382 1.4413e+08 5.6366e+06
0.383 1.4209e+08 5.6294e+06
0.384 1.3328e+08 5.6223e+06
0.385 1.3405e+08 5.6151e+06
0.386 1.4536e+08 5.608e+06
0.387 1.5667e+08 5.6009e+06
0.388 1.4291e+08 5.5938e+06
0.389 1.4781e+08 5.5868e+06
0.39 1.5434e+08 5.5797e+06
0.391 1.4031e+08 5.5727e+06
0.392 1.4309e+08 5.5657e+06
0.393 1.4227e+08 5.5588e+06
0.394 1.4759e+08 5.5518e+06
0.395 1.552e+08 5.5449e+06
0.396 1.4749e+08 5.538e+06
0.397 1.4171e+08 5.5311e+06
0.398 1.4308e+08 5.5242e+06
0.399 1.4911e+08 5.5174e+06
0.4 1.4994e+08 5.5105e+06
0.401 1.4297e+08 5.5037e+06
0.402 1.4231e+08 5.4969e+06
0.403 1.4206e+08 5.4901e+06
0.404 1.4622e+08 5.4834e+06
0.405 1.4807e+08 5.4766e+06
0.406 1.5444e+08 5.4699e+06
0.407 1.4467e+08 5.4632e+06
0.408 1.4454e+08 5.4565e+06
0.409 1.5552e+08 5.4498e+06
0.41 1.3881e+08 5.4432e+06
0.411 1.4497e+08 5.4366e+06
0.412 1.3779e+08 5.43e+06
0.413 1.4219e+08 5.4234e+06
0.414 1.3817e+08 5.4168e+06
0.415 1.4967e+08 5.4102e+06
0.416 1.3723e+08 5.4037e+06
0.417 1.4325e+08 5.3972e+06
0.418 1.4002e+08 5.3907e+06
0.419 1.3902e+08 5.3842e+06
0.42 1.5464e+08 5.3777e+06
0.421 1.3819e+08 5.3713e+06
0.422 1.4317e+08 5.3649e+06
0.423 1.4167e+08 5.3584e+06
0.424 1.4691e+08 5.352e+06
0.425 1.3795e+08 5.3457e+06
0.426 1.4232e+08 5.3393e+06
0.427 1.5177e+08 5.333e+06
0.428 1.3943e+08 5.3266e+06
0.429 1.4841e+08 5.3203e+06
0.43 1.412e+08 5.314e+06
0.431 1.4439e+08 5.3078e+06
0.432 1.4467e+08 5.3015e+06
0.433 1.3151e+08 5.2953e+06
0.434 1.427e+08 5.2891e+06
0.435 1.4054e+08 5.2829e+06
0.436 1.3407e+08 5.2767e+06
0.437 1.4259e+08 5.2705e+06
0.438 1.461e+08 5.2644e+06
0.439 1.3479e+08 5.2582e+06
0.44 1.4529e+08 5.2521e+06
0.441 1.3573e+08 5.246e+06
0.442 1.325e+08 5.2399e+06
0.443 1.4257e+08 5.2339e+06
0.444 1.4131e+08 5.2278e+06
0.445 1.4337e+08 5.2218e+06
0.446 1.368e+08 5.2158e+06
0.447 1.3527e+08 5.2098e+06
0.448 1.4216e+08 5.2038e+06
0.449 1.3032e+08 5.1978e+06
0.45 1.3117e+08 5.1919e+06
0.451 1.3465e+08 5.186e+06
0.452 1.331e+08 5.1801e+06
0.453 1.3423e+08 5.1742e+06
0.454 1.2818e+08 5.1683e+06
0.455 1.3358e+08 5.1624e+06
0.456 1.394e+08 5.1566e+06
0.457 1.2807e+08 5.1508e+06
0.458 1.2427e+08 5.145e+06
0.459 1.2841e+08 5.1392e+06
0.46 1.3163e+08 5.1334e+06
0.461 1.313e+08 5.1276e+06
0.462 1.3539e+08 5.1219e+06
0.463 1.3156e+08 5.1162e+06
0.464 1.3155e+08 5.1105e+06
0.465 1.3383e+08 5.1048e+06
0.466 1.2814e+08 5.0991e+06
0.467 1.2333e+08 5.0935e+06
0.468 1.2358e+08 5.0878e+06
0.469 1.2734e+08 5.0822e+06
0.47 1.2757e+08 5.0766e+06
0.471 1.2851e+08 5.071e+06
0.472 1.2198e+08 5.0654e+06
0.473 1.2068e+08 5.0599e+06
0.474 1.2141e+08 5.0543e+06
0.475 1.2539e+08 5.0488e+06
0.476 1.243e+08 5.0433e+06
0.477 1.2695e+08 5.0378e+06
0.478 1.1898e+08 5.0324e+06
0.479 1.1458e+08 5.0269e+06
0.48 1.2181e+08 5.0215e+06
0.481 1.1536e+08 5.0161e+06
0.482 1.222e+08 5.0107e+06
0.483 1.2202e+08 5.0053e+06
0.484 1.1466e+08 4.9999e+06
0.485 1.1797e+08 4.9945e+06
0.486 1.1793e+08 4.9892e+06
0.487 1.1494e+08 4.9839e+06
0.488 1.1804e+08 4.9786e+06
0.489 1.1622e+08 4.9733e+06
0.49 1.1473e+08 4.968e+06
0.491 1.1911e+08 4.9628e+06
0.492 1.1202e+08 4.9575e+06
0.493 1.1802e+08 4.9523e+06
0.494 1.1282e+08 4.9471e+06
0.495 1.1348e+08 4.9419e+06
0.496 1.1285e+08 4.9367e+06
0.497 1.1362e+08 4.9316e+06
0.498 1.2071e+08 4.9264e+06
0.499 1.0872e+08 4.9213e+06
0.5 1.1923e+08 4.9162e+06
