0.001 6.4621e+09 1.1825e+08
0.002 6.1112e+09 8.361e+07
0.003 6.1654e+09 6.8258e+07
0.004 6.1258e+09 5.9102e+07
0.005 6.078e+09 5.285e+07
0.006 6.0668e+09 4.8231e+07
0.007 6.0541e+09 4.4638e+07
0.008 6.1331e+09 4.1738e+07
0.009 6.0596e+09 3.9333e+07
0.01 6.0351e+09 3.7296e+07
0.011 6.0536e+09 3.554e+07
0.012 6.0243e+09 3.4006e+07
0.013 6.03e+09 3.2651e+07
0.014 5.9604e+09 3.144e+07
0.015 5.9672e+09 3.0351e+07
0.016 5.9887e+09 2.9363e+07
0.017 5.9472e+09 2.8461e+07
0.018 5.9327e+09 2.7634e+07
0.019 5.9805e+09 2.6871e+07
0.02 5.9438e+09 2.6163e+07
0.021 5.8829e+09 2.5505e+07
0.022 5.836e+09 2.4891e+07
0.023 5.8195e+09 2.4315e+07
0.024 5.8706e+09 2.3774e+07
0.025 5.7895e+09 2.3264e+07
0.026 5.7723e+09 2.2782e+07
0.027 5.7397e+09 2.2325e+07
0.028 5.7357e+09 2.1892e+07
0.029 5.6654e+09 2.148e+07
0.03 5.6366e+09 2.1087e+07
0.031 5.5845e+09 2.0711e+07
0.032 5.559e+09 2.0352e+07
0.033 5.5633e+09 2.0008e+07
0.034 5.5231e+09 1.9678e+07
0.035 5.506e+09 1.9361e+07
0.036 5.4468e+09 1.9056e+07
0.037 5.4299e+09 1.8762e+07
0.038 5.3992e+09 1.8479e+07
0.039 5.3839e+09 1.8206e+07
0.04 5.3099e+09 1.7941e+07
0.041 5.2703e+09 1.7686e+07
0.042 5.2365e+09 1.7438e+07
0.043 5.1971e+09 1.7198e+07
0.044 5.1532e+09 1.6965e+07
0.045 5.1471e+09 1.6739e+07
0.046 5.0953e+09 1.652e+07
0.047 5.025e+09 1.6306e+07
0.048 5.0049e+09 1.6099e+07
0.049 4.969e+09 1.5897e+07
0.05 4.8917e+09 1.57e+07
0.051 4.8465e+09 1.5508e+07
0.052 4.8141e+09 1.5321e+07
0.053 4.7788e+09 1.5138e+07
0.054 4.7326e+09 1.496e+07
0.055 4.6845e+09 1.4786e+07
0.056 4.6437e+09 1.4616e+07
0.057 4.5816e+09 1.4449e+07
0.058 4.5371e+09 1.4287e+07
0.059 4.5085e+09 1.4128e+07
0.06 4.4545e+09 1.3972e+07
0.061 4.405e+09 1.3819e+07
0.062 4.3406e+09 1.367e+07
0.063 4.32e+09 1.3524e+07
0.064 4.2751e+09 1.338e+07
0.065 4.2044e+09 1.324e+07
0.066 4.1728e+09 1.3102e+07
0.067 4.1276e+09 1.2966e+07
0.068 4.0908e+09 1.2834e+07
0.069 4.0234e+09 1.2703e+07
0.07 3.977e+09 1.2576e+07
0.071 3.9272e+09 1.245e+07
0.072 3.8677e+09 1.2327e+07
0.073 3.8427e+09 1.2206e+07
0.074 3.798e+09 1.2087e+07
0.075 3.7369e+09 1.197e+07
0.076 3.6876e+09 1.1855e+07
0.077 3.6376e+09 1.1742e+07
0.078 3.6017e+09 1.1631e+07
0.079 3.569e+09 1.1522e+07
0.08 3.4772e+09 1.1414e+07
0.081 3.4368e+09 1.1309e+07
0.082 3.4272e+09 1.1205e+07
0.083 3.3608e+09 1.1103e+07
0.084 3.3215e+09 1.1002e+07
0.085 3.2887e+09 1.0903e+07
0.086 3.2462e+09 1.0806e+07
0.087 3.1842e+09 1.071e+07
0.088 3.1452e+09 1.0616e+07
0.089 3.0948e+09 1.0523e+07
0.09 3.0526e+09 1.0432e+07
0.091 2.9989e+09 1.0342e+07
0.092 2.9427e+09 1.0253e+07
0.093 2.9197e+09 1.0166e+07
0.094 2.8762e+09 1.0081e+07
0.095 2.8222e+09 9.9962e+06
0.096 2.7773e+09 9.913e+06
0.097 2.7257e+09 9.8312e+06
0.098 2.6921e+09 9.7506e+06
0.099 2.6493e+09 9.6712e+06
0.1 2.6096e+09 9.593e+06
0.101 2.5873e+09 9.5161e+06
0.102 2.5338e+09 9.4403e+06
0.103 2.4859e+09 9.3656e+06
0.104 2.4521e+09 9.2921e+06
0.105 2.4121e+09 9.2197e+06
0.106 2.3805e+09 9.1484e+06
0.107 2.3386e+09 9.0781e+06
0.108 2.3009e+09 9.009e+06
0.109 2.2551e+09 8.9408e+06
0.11 2.219e+09 8.8737e+06
0.111 2.1877e+09 8.8076e+06
0.112 2.1421e+09 8.7425e+06
0.113 2.0912e+09 8.6784e+06
0.114 2.07e+09 8.6152e+06
0.115 2.0248e+09 8.553e+06
0.116 1.997e+09 8.4918e+06
0.117 1.9587e+09 8.4314e+06
0.118 1.9226e+09 8.372e+06
0.119 1.9039e+09 8.3134e+06
0.12 1.8579e+09 8.2557e+06
0.121 1.828e+09 8.1989e+06
0.122 1.796e+09 8.143e+06
0.123 1.7517e+09 8.0878e+06
0.124 1.741e+09 8.0335e+06
0.125 1.6992e+09 7.9801e+06
0.126 1.676e+09 7.9274e+06
0.127 1.6414e+09 7.8755e+06
0.128 1.6182e+09 7.8244e+06
0.129 1.5741e+09 7.774e+06
0.13 1.5376e+09 7.7244e+06
0.131 1.5183e+09 7.6755e+06
0.132 1.4893e+09 7.6274e+06
0.133 1.4572e+09 7.58e+06
0.134 1.4477e+09 7.5333e+06
0.135 1.4193e+09 7.4873e+06
0.136 1.3919e+09 7.4419e+06
0.137 1.3464e+09 7.3973e+06
0.138 1.3214e+09 7.3532e+06
0.139 1.3204e+09 7.3099e+06
0.14 1.2848e+09 7.2672e+06
0.141 1.2636e+09 7.2251e+06
0.142 1.2334e+09 7.1836e+06
0.143 1.2e+09 7.1427e+06
0.144 1.1886e+09 7.1025e+06
0.145 1.1643e+09 7.0628e+06
0.146 1.1626e+09 7.0237e+06
0.147 1.1137e+09 6.9852e+06
0.148 1.0974e+09 6.9472e+06
0.149 1.072e+09 6.9098e+06
0.15 1.0714e+09 6.8729e+06
0.151 1.042e+09 6.8365e+06
0.152 1.0087e+09 6.8007e+06
0.153 9.9921e+08 6.7653e+06
0.154 9.6881e+08 6.7305e+06
0.155 9.5613e+08 6.6962e+06
0.156 9.5962e+08 6.6623e+06
0.157 9.2307e+08 6.6289e+06
0.158 8.9548e+08 6.596e+06
0.159 8.8621e+08 6.5636e+06
0.16 8.6266e+08 6.5316e+06
0.161 8.4312e+08 6.5e+06
0.162 8.2675e+08 6.4689e+06
0.163 8.1681e+08 6.4382e+06
0.164 8.0462e+08 6.4079e+06
0.165 7.8307e+08 6.3781e+06
0.166 7.5948e+08 6.3486e+06
0.167 7.4732e+08 6.3195e+06
0.168 7.4799e+08 6.2909e+06
0.169 7.1771e+08 6.2626e+06
0.17 7.0422e+08 6.2346e+06
0.171 7.0035e+08 6.2071e+06
0.172 6.7009e+08 6.1799e+06
0.173 6.6864e+08 6.1531e+06
0.174 6.4787e+08 6.1266e+06
0.175 6.3261e+08 6.1005e+06
0.176 6.296e+08 6.0746e+06
0.177 6.1155e+08 6.0492e+06
0.178 5.9986e+08 6.024e+06
0.179 5.873e+08 5.9992e+06
0.18 5.7419e+08 5.9747e+06
0.181 5.5565e+08 5.9505e+06
0.182 5.4192e+08 5.9266e+06
0.183 5.4013e+08 5.903e+06
0.184 5.223e+08 5.8796e+06
0.185 5.2397e+08 5.8566e+06
0.186 5.0129e+08 5.8339e+06
0.187 4.9428e+08 5.8114e+06
0.188 4.9218e+08 5.7892e+06
0.189 4.7047e+08 5.7673e+06
0.19 4.624e+08 5.7456e+06
0.191 4.4905e+08 5.7242e+06
0.192 4.4885e+08 5.703e+06
0.193 4.3172e+08 5.6821e+06
0.194 4.2717e+08 5.6614e+06
0.195 4.0905e+08 5.641e+06
0.196 3.9266e+08 5.6209e+06
0.197 3.9237e+08 5.6009e+06
0.198 3.9023e+08 5.5812e+06
0.199 3.7886e+08 5.5617e+06
0.2 3.6471e+08 5.5424e+06
0.201 3.5739e+08 5.5234e+06
0.202 3.4389e+08 5.5046e+06
0.203 3.4463e+08 5.486e+06
0.204 3.2823e+08 5.4676e+06
0.205 3.2653e+08 5.4494e+06
0.206 3.1076e+08 5.4314e+06
0.207 3.0973e+08 5.4136e+06
0.208 3.1025e+08 5.396e+06
0.209 2.95e+08 5.3786e+06
0.21 2.8929e+08 5.3614e+06
0.211 2.7854e+08 5.3444e+06
0.212 2.663e+08 5.3276e+06
0.213 2.7302e+08 5.3109e+06
0.214 2.6736e+08 5.2945e+06
0.215 2.5472e+08 5.2782e+06
0.216 2.4845e+08 5.2621e+06
0.217 2.4182e+08 5.2462e+06
0.218 2.2662e+08 5.2305e+06
0.219 2.2852e+08 5.2149e+06
0.22 2.2566e+08 5.1995e+06
0.221 2.0966e+08 5.1842e+06
0.222 2.1602e+08 5.1692e+06
0.223 2.0027e+08 5.1543e+06
0.224 1.9876e+08 5.1395e+06
0.225 1.8949e+08 5.1249e+06
0.226 1.8702e+08 5.1105e+06
0.227 1.8848e+08 5.0962e+06
0.228 1.7397e+08 5.0821e+06
0.229 1.7584e+08 5.0681e+06
0.23 1.6789e+08 5.0543e+06
0.231 1.6531e+08 5.0406e+06
0.232 1.5756e+08 5.0271e+06
0.233 1.6131e+08 5.0137e+06
0.234 1.5849e+08 5.0004e+06
0.235 1.4695e+08 4.9873e+06
0.236 1.3291e+08 4.9743e+06
0.237 1.3879e+08 4.9615e+06
0.238 1.4137e+08 4.9488e+06
0.239 1.3153e+08 4.9362e+06
0.24 1.2525e+08 4.9238e+06
0.241 1.2293e+08 4.9115e+06
0.242 1.0521e+08 4.8993e+06
0.243 1.1542e+08 4.8873e+06
0.244 1.1092e+08 4.8754e+06
0.245 1.0807e+08 4.8636e+06
0.246 1.0654e+08 4.8519e+06
0.247 9.7108e+07 4.8403e+06
0.248 9.3226e+07 4.8289e+06
0.249 1.009e+08 4.8176e+06
0.25 9.1957e+07 4.8064e+06
0.251 9.0295e+07 4.7953e+06
0.252 9.3457e+07 4.7843e+06
0.253 8.6065e+07 4.7735e+06
0.254 8.8532e+07 4.7627e+06
0.255 8.4006e+07 4.7521e+06
0.256 7.9212e+07 4.7415e+06
0.257 7.7986e+07 4.7311e+06
0.258 7.1801e+07 4.7208e+06
0.259 7.7421e+07 4.7105e+06
0.26 7.7384e+07 4.7004e+06
0.261 7.405e+07 4.6904e+06
0.262 7.0804e+07 4.6805e+06
0.263 6.4122e+07 4.6706e+06
0.264 5.8094e+07 4.6609e+06
0.265 6.1911e+07 4.6513e+06
0.266 6.8629e+07 4.6417e+06
0.267 6.4359e+07 4.6323e+06
0.268 5.8193e+07 4.6229e+06
0.269 5.4492e+07 4.6136e+06
0.27 5.2975e+07 4.6045e+06
0.271 5.2552e+07 4.5954e+06
0.272 5.4515e+07 4.5863e+06
0.273 5.2928e+07 4.5774e+06
0.274 5.0102e+07 4.5686e+06
0.275 4.7928e+07 4.5598e+06
0.276 5.1862e+07 4.5511e+06
0.277 5.2415e+07 4.5425e+06
0.278 4.997e+07 4.5339e+06
0.279 4.1822e+07 4.5255e+06
0.28 4.2167e+07 4.5171e+06
0.281 5.0956e+07 4.5088e+06
0.282 4.6996e+07 4.5005e+06
0.283 4.32e+07 4.4923e+06
0.284 5.863e+07 4.4842e+06
0.285 5.2479e+07 4.4762e+06
0.286 5.0106e+07 4.4682e+06
0.287 4.7005e+07 4.4603e+06
0.288 4.6268e+07 4.4525e+06
0.289 5.6095e+07 4.4447e+06
0.29 4.2551e+07 4.437e+06
0.291 5.0306e+07 4.4293e+06
0.292 4.8917e+07 4.4217e+06
0.293 4.9306e+07 4.4142e+06
0.294 4.6289e+07 4.4067e+06
0.295 5.4694e+07 4.3992e+06
0.296 5.1682e+07 4.3919e+06
0.297 4.0343e+07 4.3846e+06
0.298 4.8605e+07 4.3773e+06
0.299 4.997e+07 4.3701e+06
0.3 4.6914e+07 4.3629e+06
0.301 4.8763e+07 4.3558e+06
0.302 5.3905e+07 4.3487e+06
0.303 4.9526e+07 4.3417e+06
0.304 5.6266e+07 4.3347e+06
0.305 4.5342e+07 4.3278e+06
0.306 4.7652e+07 4.3209e+06
0.307 4.8912e+07 4.3141e+06
0.308 5.2511e+07 4.3073e+06
0.309 5.2694e+07 4.3006e+06
0.31 5.5408e+07 4.2939e+06
0.311 5.4441e+07 4.2872e+06
0.312 5.3729e+07 4.2806e+06
0.313 5.5842e+07 4.274e+06
0.314 5.9092e+07 4.2674e+06
0.315 5.7364e+07 4.2609e+06
0.316 4.7498e+07 4.2544e+06
0.317 5.1276e+07 4.248e+06
0.318 4.7387e+07 4.2416e+06
0.319 6.4122e+07 4.2352e+06
0.32 5.5294e+07 4.2289e+06
0.321 5.6953e+07 4.2226e+06
0.322 5.0416e+07 4.2164e+06
0.323 5.5246e+07 4.2101e+06
0.324 6.3092e+07 4.2039e+06
0.325 5.52e+07 4.1978e+06
0.326 6.7666e+07 4.1916e+06
0.327 5.4733e+07 4.1855e+06
0.328 5.6391e+07 4.1794e+06
0.329 6.3992e+07 4.1734e+06
0.33 5.6483e+07 4.1674e+06
0.331 5.3161e+07 4.1614e+06
0.332 6.6151e+07 4.1554e+06
0.333 5.9725e+07 4.1495e+06
0.334 6.3237e+07 4.1436e+06
0.335 6.3942e+07 4.1377e+06
0.336 7.1692e+07 4.1318e+06
0.337 6.7824e+07 4.126e+06
0.338 6.8044e+07 4.1202e+06
0.339 6.9179e+07 4.1144e+06
0.34 6.0602e+07 4.1087e+06
0.341 6.7131e+07 4.1029e+06
0.342 7.0516e+07 4.0972e+06
0.343 6.9301e+07 4.0915e+06
0.344 6.8576e+07 4.0859e+06
0.345 7.2503e+07 4.0802e+06
0.346 6.233e+07 4.0746e+06
0.347 6.4663e+07 4.069e+06
0.348 7.2825e+07 4.0634e+06
0.349 6.7129e+07 4.0579e+06
0.35 7.2404e+07 4.0524e+06
0.351 7.343e+07 4.0468e+06
0.352 7.4613e+07 4.0414e+06
0.353 7.7674e+07 4.0359e+06
0.354 7.7361e+07 4.0304e+06
0.355 8.0833e+07 4.025e+06
0.356 7.7472e+07 4.0196e+06
0.357 8.2991e+07 4.0142e+06
0.358 8.2411e+07 4.0088e+06
0.359 8.0493e+07 4.0035e+06
0.36 8.786e+07 3.9981e+06
0.361 8.0196e+07 3.9928e+06
0.362 8.3031e+07 3.9875e+06
0.363 8.1982e+07 3.9822e+06
0.364 8.7216e+07 3.977e+06
0.365 7.726e+07 3.9717e+06
0.366 7.9283e+07 3.9665e+06
0.367 8.2038e+07 3.9613e+06
0.368 8.317e+07 3.9561e+06
0.369 8.3367e+07 3.9509e+06
0.37 8.2555e+07 3.9458e+06
0.371 8.1523e+07 3.9406e+06
0.372 7.9257e+07 3.9355e+06
0.373 7.9262e+07 3.9304e+06
0.374 8.9062e+07 3.9253e+06
0.375 7.8147e+07 3.9203e+06
0.376 8.7896e+07 3.9152e+06
0.377 8.7293e+07 3.9101e+06
0.378 8.9156e+07 3.9051e+06
0.379 8.3481e+07 3.9001e+06
0.38 8.8905e+07 3.8951e+06
0.381 8.8293e+07 3.8901e+06
0.382 9.1748e+07 3.8852e+06
0.383 8.6477e+07 3.8802e+06
0.384 9.6302e+07 3.8753e+06
0.385 9.3489e+07 3.8704e+06
0.386 9.0318e+07 3.8655e+06
0.387 8.9941e+07 3.8606e+06
0.388 8.6409e+07 3.8557e+06
0.389 9.2618e+07 3.8508e+06
0.39 9.2585e+07 3.846e+06
0.391 9.3957e+07 3.8412e+06
0.392 9.0806e+07 3.8364e+06
0.393 9.4531e+07 3.8315e+06
0.394 8.8898e+07 3.8268e+06
0.395 8.5416e+07 3.822e+06
0.396 8.7647e+07 3.8172e+06
0.397 9.7319e+07 3.8125e+06
0.398 9.4272e+07 3.8077e+06
0.399 8.7188e+07 3.803e+06
0.4 9.1113e+07 3.7983e+06
0.401 9.3434e+07 3.7936e+06
0.402 9.1232e+07 3.7889e+06
0.403 9.8291e+07 3.7843e+06
0.404 9.2223e+07 3.7796e+06
0.405 9.1275e+07 3.775e+06
0.406 9.0433e+07 3.7704e+06
0.407 9.0934e+07 3.7658e+06
0.408 9.2193e+07 3.7612e+06
0.409 8.4981e+07 3.7566e+06
0.41 9.5931e+07 3.752e+06
0.411 9.2069e+07 3.7474e+06
0.412 9.8855e+07 3.7429e+06
0.413 9.6935e+07 3.7383e+06
0.414 8.8342e+07 3.7338e+06
0.415 9.4761e+07 3.7293e+06
0.416 8.8644e+07 3.7248e+06
0.417 8.8735e+07 3.7203e+06
0.418 9.1215e+07 3.7159e+06
0.419 8.7056e+07 3.7114e+06
0.42 8.8207e+07 3.7069e+06
0.421 9.2914e+07 3.7025e+06
0.422 8.7491e+07 3.6981e+06
0.423 8.6338e+07 3.6937e+06
0.424 9.7335e+07 3.6893e+06
0.425 9.5833e+07 3.6849e+06
0.426 9.6068e+07 3.6805e+06
0.427 9.3717e+07 3.6762e+06
0.428 9.1392e+07 3.6718e+06
0.429 9.6365e+07 3.6675e+06
0.43 9.7501e+07 3.6631e+06
0.431 8.9344e+07 3.6588e+06
0.432 9.8504e+07 3.6545e+06
0.433 8.4843e+07 3.6502e+06
0.434 8.4943e+07 3.6459e+06
0.435 8.8454e+07 3.6417e+06
0.436 8.8507e+07 3.6374e+06
0.437 9.2074e+07 3.6332e+06
0.438 9.2626e+07 3.6289e+06
0.439 8.7256e+07 3.6247e+06
0.44 9.307e+07 3.6205e+06
0.441 9.1941e+07 3.6163e+06
0.442 8.3951e+07 3.6121e+06
0.443 9.1094e+07 3.608e+06
0.444 9.2638e+07 3.6038e+06
0.445 8.4858e+07 3.5997e+06
0.446 8.6297e+07 3.5955e+06
0.447 9.1633e+07 3.5914e+06
0.448 9.5676e+07 3.5873e+06
0.449 8.6306e+07 3.5832e+06
0.45 8.6135e+07 3.5791e+06
0.451 8.8927e+07 3.575e+06
0.452 8.5851e+07 3.5709e+06
0.453 8.3434e+07 3.5669e+06
0.454 8.1781e+07 3.5628e+06
0.455 8.0052e+07 3.5588e+06
0.456 9.2342e+07 3.5548e+06
0.457 8.686e+07 3.5508e+06
0.458 8.6226e+07 3.5468e+06
0.459 8.6015e+07 3.5428e+06
0.46 8.1713e+07 3.5388e+06
0.461 8.6122e+07 3.5348e+06
0.462 8.8145e+07 3.5309e+06
0.463 7.7893e+07 3.527e+06
0.464 8.4612e+07 3.523e+06
0.465 8.3611e+07 3.5191e+06
0.466 8.3782e+07 3.5152e+06
0.467 8.2376e+07 3.5113e+06
0.468 8.3495e+07 3.5074e+06
0.469 7.7921e+07 3.5036e+06
0.47 8.3225e+07 3.4997e+06
0.471 8.1842e+07 3.4958e+06
0.472 7.96e+07 3.492e+06
0.473 8.2233e+07 3.4882e+06
0.474 7.836e+07 3.4844e+06
0.475 7.8241e+07 3.4806e+06
0.476 8.1147e+07 3.4768e+06
0.477 7.7739e+07 3.473e+06
0.478 7.3549e+07 3.4692e+06
0.479 7.3049e+07 3.4655e+06
0.48 7.556e+07 3.4617e+06
0.481 8.4423e+07 3.458e+06
0.482 8.5575e+07 3.4543e+06
0.483 7.7086e+07 3.4506e+06
0.484 7.1634e+07 3.4469e+06
0.485 7.669e+07 3.4432e+06
0.486 7.8726e+07 3.4395e+06
0.487 8.4873e+07 3.4359e+06
0.488 8.1632e+07 3.4322e+06
0.489 7.4015e+07 3.4286e+06
0.49 7.0967e+07 3.4249e+06
0.491 7.3064e+07 3.4213e+06
0.492 7.0562e+07 3.4177e+06
0.493 7.8655e+07 3.4141e+06
0.494 7.2355e+07 3.4105e+06
0.495 7.2877e+07 3.407e+06
0.496 7.0194e+07 3.4034e+06
0.497 7.51e+07 3.3998e+06
0.498 6.9412e+07 3.3963e+06
0.499 7.47e+07 3.3928e+06
0.5 6.8546e+07 3.3892e+06
