0.001 4.6352e+09 8.7456e+07
0.002 4.6724e+09 6.1835e+07
0.003 4.7385e+09 5.048e+07
0.004 4.6591e+09 4.3708e+07
0.005 4.7417e+09 3.9083e+07
0.006 4.6273e+09 3.5665e+07
0.007 4.7327e+09 3.3006e+07
0.008 4.6687e+09 3.086e+07
0.009 4.5926e+09 2.908e+07
0.01 4.6667e+09 2.7572e+07
0.011 4.5793e+09 2.6272e+07
0.012 4.6361e+09 2.5136e+07
0.013 4.6708e+09 2.4131e+07
0.014 4.6006e+09 2.3234e+07
0.015 4.6026e+09 2.2427e+07
0.016 4.5926e+09 2.1694e+07
0.017 4.5556e+09 2.1025e+07
0.018 4.5649e+09 2.0411e+07
0.019 4.5246e+09 1.9844e+07
0.02 4.5321e+09 1.9319e+07
0.021 4.4786e+09 1.883e+07
0.022 4.4802e+09 1.8373e+07
0.023 4.4544e+09 1.7945e+07
0.024 4.4259e+09 1.7542e+07
0.025 4.4202e+09 1.7163e+07
0.026 4.3724e+09 1.6804e+07
0.027 4.3479e+09 1.6464e+07
0.028 4.3284e+09 1.614e+07
0.029 4.3155e+09 1.5833e+07
0.03 4.3169e+09 1.5539e+07
0.031 4.2795e+09 1.5259e+07
0.032 4.2717e+09 1.4991e+07
0.033 4.2412e+09 1.4734e+07
0.034 4.1927e+09 1.4487e+07
0.035 4.1527e+09 1.425e+07
0.036 4.1443e+09 1.4021e+07
0.037 4.1103e+09 1.3801e+07
0.038 4.1024e+09 1.3589e+07
0.039 4.046e+09 1.3384e+07
0.04 4.0462e+09 1.3185e+07
0.041 3.9977e+09 1.2993e+07
0.042 3.9689e+09 1.2807e+07
0.043 3.922e+09 1.2627e+07
0.044 3.886e+09 1.2451e+07
0.045 3.8636e+09 1.2281e+07
0.046 3.8327e+09 1.2116e+07
0.047 3.7813e+09 1.1955e+07
0.048 3.766e+09 1.1799e+07
0.049 3.7212e+09 1.1646e+07
0.05 3.7002e+09 1.1498e+07
0.051 3.6712e+09 1.1353e+07
0.052 3.6034e+09 1.1211e+07
0.053 3.5808e+09 1.1073e+07
0.054 3.5497e+09 1.0938e+07
0.055 3.492e+09 1.0807e+07
0.056 3.452e+09 1.0678e+07
0.057 3.4249e+09 1.0552e+07
0.058 3.415e+09 1.0429e+07
0.059 3.3851e+09 1.0308e+07
0.06 3.3244e+09 1.019e+07
0.061 3.2887e+09 1.0074e+07
0.062 3.2572e+09 9.9606e+06
0.063 3.2256e+09 9.8494e+06
0.064 3.1881e+09 9.7404e+06
0.065 3.1655e+09 9.6335e+06
0.066 3.1076e+09 9.5286e+06
0.067 3.0538e+09 9.4257e+06
0.068 3.0481e+09 9.3246e+06
0.069 2.9789e+09 9.2254e+06
0.07 2.9433e+09 9.1281e+06
0.071 2.9196e+09 9.0324e+06
0.072 2.8746e+09 8.9384e+06
0.073 2.8353e+09 8.8461e+06
0.074 2.7964e+09 8.7554e+06
0.075 2.7466e+09 8.6662e+06
0.076 2.709e+09 8.5785e+06
0.077 2.6677e+09 8.4924e+06
0.078 2.6503e+09 8.4076e+06
0.079 2.5987e+09 8.3243e+06
0.08 2.5541e+09 8.2424e+06
0.081 2.5348e+09 8.1618e+06
0.082 2.4914e+09 8.0825e+06
0.083 2.4458e+09 8.0045e+06
0.084 2.4215e+09 7.9277e+06
0.085 2.3857e+09 7.8522e+06
0.086 2.3495e+09 7.7779e+06
0.087 2.3045e+09 7.7048e+06
0.088 2.2703e+09 7.6328e+06
0.089 2.2337e+09 7.562e+06
0.09 2.2025e+09 7.4923e+06
0.091 2.1696e+09 7.4237e+06
0.092 2.1427e+09 7.3562e+06
0.093 2.0912e+09 7.2897e+06
0.094 2.0564e+09 7.2243e+06
0.095 2.0254e+09 7.1599e+06
0.096 2.0008e+09 7.0965e+06
0.097 1.956e+09 7.034e+06
0.098 1.9319e+09 6.9726e+06
0.099 1.8872e+09 6.9121e+06
0.1 1.8536e+09 6.8526e+06
0.101 1.8394e+09 6.794e+06
0.102 1.8007e+09 6.7363e+06
0.103 1.767e+09 6.6795e+06
0.104 1.7318e+09 6.6236e+06
0.105 1.6968e+09 6.5685e+06
0.106 1.6777e+09 6.5143e+06
0.107 1.647e+09 6.461e+06
0.108 1.5985e+09 6.4085e+06
0.109 1.5729e+09 6.3568e+06
0.11 1.5487e+09 6.3059e+06
0.111 1.5314e+09 6.2559e+06
0.112 1.4961e+09 6.2066e+06
0.113 1.4737e+09 6.1581e+06
0.114 1.4344e+09 6.1103e+06
0.115 1.4135e+09 6.0633e+06
0.116 1.38e+09 6.0171e+06
0.117 1.346e+09 5.9715e+06
0.118 1.3329e+09 5.9267e+06
0.119 1.3056e+09 5.8826e+06
0.12 1.2755e+09 5.8392e+06
0.121 1.2518e+09 5.7965e+06
0.122 1.2259e+09 5.7545e+06
0.123 1.2092e+09 5.7131e+06
0.124 1.1765e+09 5.6724e+06
0.125 1.1623e+09 5.6324e+06
0.126 1.1343e+09 5.593e+06
0.127 1.112e+09 5.5542e+06
0.128 1.0862e+09 5.516e+06
0.129 1.0645e+09 5.4785e+06
0.13 1.0439e+09 5.4415e+06
0.131 1.0215e+09 5.4052e+06
0.132 1.0019e+09 5.3694e+06
0.133 9.8183e+08 5.3342e+06
0.134 9.5716e+08 5.2996e+06
0.135 9.3633e+08 5.2655e+06
0.136 9.0982e+08 5.2319e+06
0.137 9.1005e+08 5.1989e+06
0.138 8.8355e+08 5.1665e+06
0.139 8.7144e+08 5.1345e+06
0.14 8.5036e+08 5.1031e+06
0.141 8.3903e+08 5.0721e+06
0.142 8.1943e+08 5.0417e+06
0.143 8.08e+08 5.0117e+06
0.144 7.8516e+08 4.9822e+06
0.145 7.7036e+08 4.9532e+06
0.146 7.4986e+08 4.9247e+06
0.147 7.3159e+08 4.8966e+06
0.148 7.1233e+08 4.8689e+06
0.149 6.9904e+08 4.8417e+06
0.15 6.9942e+08 4.8149e+06
0.151 6.7027e+08 4.7885e+06
0.152 6.6477e+08 4.7626e+06
0.153 6.4878e+08 4.737e+06
0.154 6.381e+08 4.7118e+06
0.155 6.2048e+08 4.6871e+06
0.156 6.072e+08 4.6627e+06
0.157 5.9862e+08 4.6386e+06
0.158 5.817e+08 4.615e+06
0.159 5.72e+08 4.5917e+06
0.16 5.6534e+08 4.5688e+06
0.161 5.4991e+08 4.5462e+06
0.162 5.3287e+08 4.5239e+06
0.163 5.2302e+08 4.502e+06
0.164 5.1954e+08 4.4804e+06
0.165 4.9439e+08 4.4591e+06
0.166 4.9314e+08 4.4382e+06
0.167 4.8816e+08 4.4175e+06
0.168 4.7118e+08 4.3972e+06
0.169 4.6202e+08 4.3771e+06
0.17 4.5558e+08 4.3573e+06
0.171 4.518e+08 4.3379e+06
0.172 4.3653e+08 4.3187e+06
0.173 4.2077e+08 4.2997e+06
0.174 4.1422e+08 4.281e+06
0.175 4.0245e+08 4.2626e+06
0.176 3.9677e+08 4.2445e+06
0.177 3.7794e+08 4.2266e+06
0.178 3.7571e+08 4.2089e+06
0.179 3.7415e+08 4.1915e+06
0.18 3.6582e+08 4.1743e+06
0.181 3.5048e+08 4.1573e+06
0.182 3.5047e+08 4.1406e+06
0.183 3.4167e+08 4.1241e+06
0.184 3.3777e+08 4.1078e+06
0.185 3.2708e+08 4.0917e+06
0.186 3.1534e+08 4.0758e+06
0.187 3.086e+08 4.0601e+06
0.188 3.0043e+08 4.0447e+06
0.189 2.9973e+08 4.0294e+06
0.19 2.9562e+08 4.0143e+06
0.191 2.8411e+08 3.9994e+06
0.192 2.7823e+08 3.9847e+06
0.193 2.7118e+08 3.9702e+06
0.194 2.586e+08 3.9558e+06
0.195 2.5639e+08 3.9416e+06
0.196 2.5391e+08 3.9276e+06
0.197 2.5111e+08 3.9138e+06
0.198 2.4093e+08 3.9001e+06
0.199 2.3401e+08 3.8866e+06
0.2 2.2905e+08 3.8732e+06
0.201 2.3113e+08 3.86e+06
0.202 2.2393e+08 3.847e+06
0.203 2.1832e+08 3.8341e+06
0.204 2.1576e+08 3.8213e+06
0.205 2.1114e+08 3.8087e+06
0.206 2.0069e+08 3.7963e+06
0.207 1.9183e+08 3.784e+06
0.208 1.8823e+08 3.7718e+06
0.209 1.9258e+08 3.7597e+06
0.21 1.8651e+08 3.7478e+06
0.211 1.7517e+08 3.7361e+06
0.212 1.7456e+08 3.7244e+06
0.213 1.7166e+08 3.7129e+06
0.214 1.6822e+08 3.7015e+06
0.215 1.6353e+08 3.6902e+06
0.216 1.5674e+08 3.6791e+06
0.217 1.5997e+08 3.6681e+06
0.218 1.5029e+08 3.6572e+06
0.219 1.4494e+08 3.6464e+06
0.22 1.3762e+08 3.6357e+06
0.221 1.3655e+08 3.6251e+06
0.222 1.4764e+08 3.6147e+06
0.223 1.3209e+08 3.6044e+06
0.224 1.3622e+08 3.5941e+06
0.225 1.2574e+08 3.584e+06
0.226 1.2804e+08 3.574e+06
0.227 1.1912e+08 3.5641e+06
0.228 1.1564e+08 3.5543e+06
0.229 1.1641e+08 3.5446e+06
0.23 1.1277e+08 3.535e+06
0.231 1.1178e+08 3.5255e+06
0.232 1.0475e+08 3.5161e+06
0.233 1.0574e+08 3.5068e+06
0.234 9.8649e+07 3.4976e+06
0.235 1.0135e+08 3.4885e+06
0.236 9.8231e+07 3.4794e+06
0.237 9.4462e+07 3.4705e+06
0.238 8.7342e+07 3.4617e+06
0.239 8.2935e+07 3.4529e+06
0.24 8.4256e+07 3.4443e+06
0.241 8.4504e+07 3.4357e+06
0.242 7.6622e+07 3.4272e+06
0.243 8.1515e+07 3.4188e+06
0.244 8.3189e+07 3.4105e+06
0.245 7.4075e+07 3.4023e+06
0.246 7.3227e+07 3.3941e+06
0.247 6.8337e+07 3.3861e+06
0.248 6.978e+07 3.3781e+06
0.249 6.5217e+07 3.3702e+06
0.25 6.9932e+07 3.3624e+06
0.251 6.736e+07 3.3546e+06
0.252 6.3933e+07 3.347e+06
0.253 6.0638e+07 3.3394e+06
0.254 6.5493e+07 3.3319e+06
0.255 5.1417e+07 3.3244e+06
0.256 5.8342e+07 3.3171e+06
0.257 5.8029e+07 3.3098e+06
0.258 5.4639e+07 3.3025e+06
0.259 5.7578e+07 3.2954e+06
0.26 4.9425e+07 3.2883e+06
0.261 5.1025e+07 3.2813e+06
0.262 5.417e+07 3.2743e+06
0.263 4.5694e+07 3.2674e+06
0.264 5.1694e+07 3.2606e+06
0.265 4.0846e+07 3.2538e+06
0.266 4.4906e+07 3.2472e+06
0.267 4.9375e+07 3.2405e+06
0.268 4.5669e+07 3.234e+06
0.269 4.3052e+07 3.2274e+06
0.27 4.3123e+07 3.221e+06
0.271 3.8641e+07 3.2146e+06
0.272 3.6058e+07 3.2083e+06
0.273 3.3518e+07 3.202e+06
0.274 4.1512e+07 3.1958e+06
0.275 3.2867e+07 3.1896e+06
0.276 3.9702e+07 3.1835e+06
0.277 3.2181e+07 3.1775e+06
0.278 3.9051e+07 3.1715e+06
0.279 3.7885e+07 3.1655e+06
0.28 3.7128e+07 3.1596e+06
0.281 3.5022e+07 3.1538e+06
0.282 3.9834e+07 3.148e+06
0.283 3.8216e+07 3.1422e+06
0.284 3.1401e+07 3.1365e+06
0.285 3.339e+07 3.1308e+06
0.286 3.609e+07 3.1252e+06
0.287 3.3409e+07 3.1197e+06
0.288 3.7764e+07 3.1141e+06
0.289 3.0355e+07 3.1087e+06
0.29 3.5773e+07 3.1032e+06
0.291 3.6292e+07 3.0978e+06
0.292 3.504e+07 3.0925e+06
0.293 3.4684e+07 3.0872e+06
0.294 2.9709e+07 3.0819e+06
0.295 3.9001e+07 3.0767e+06
0.296 3.3463e+07 3.0715e+06
0.297 3.0041e+07 3.0663e+06
0.298 3.0945e+07 3.0612e+06
0.299 2.9625e+07 3.0561e+06
0.3 3.1277e+07 3.0511e+06
0.301 3.6095e+07 3.0461e+06
0.302 3.3347e+07 3.0411e+06
0.303 3.5066e+07 3.0361e+06
0.304 3.7088e+07 3.0312e+06
0.305 3.2782e+07 3.0263e+06
0.306 3.7266e+07 3.0215e+06
0.307 3.4608e+07 3.0167e+06
0.308 3.4478e+07 3.0119e+06
0.309 3.6578e+07 3.0071e+06
0.31 3.5288e+07 3.0024e+06
0.311 3.431e+07 2.9977e+06
0.312 4.1379e+07 2.993e+06
0.313 3.669e+07 2.9884e+06
0.314 3.6874e+07 2.9838e+06
0.315 3.5876e+07 2.9792e+06
0.316 3.2988e+07 2.9746e+06
0.317 4.1363e+07 2.9701e+06
0.318 3.5082e+07 2.9656e+06
0.319 3.8573e+07 2.9611e+06
0.32 3.8708e+07 2.9566e+06
0.321 4.2239e+07 2.9522e+06
0.322 3.842e+07 2.9478e+06
0.323 3.7075e+07 2.9434e+06
0.324 3.8144e+07 2.939e+06
0.325 4.0535e+07 2.9346e+06
0.326 3.9902e+07 2.9303e+06
0.327 3.6486e+07 2.926e+06
0.328 4.4148e+07 2.9217e+06
0.329 4.0065e+07 2.9175e+06
0.33 4.9148e+07 2.9132e+06
0.331 4.2095e+07 2.909e+06
0.332 4.174e+07 2.9048e+06
0.333 4.3068e+07 2.9006e+06
0.334 4.3801e+07 2.8965e+06
0.335 4.5085e+07 2.8923e+06
0.336 5.1428e+07 2.8882e+06
0.337 3.8577e+07 2.8841e+06
0.338 4.1606e+07 2.88e+06
0.339 4.2892e+07 2.8759e+06
0.34 4.608e+07 2.8719e+06
0.341 4.4454e+07 2.8679e+06
0.342 4.7477e+07 2.8638e+06
0.343 4.2222e+07 2.8598e+06
0.344 4.9828e+07 2.8559e+06
0.345 4.7613e+07 2.8519e+06
0.346 4.8124e+07 2.8479e+06
0.347 4.4009e+07 2.844e+06
0.348 4.6137e+07 2.8401e+06
0.349 4.8612e+07 2.8362e+06
0.35 4.6293e+07 2.8323e+06
0.351 5.1081e+07 2.8284e+06
0.352 4.7287e+07 2.8246e+06
0.353 4.7163e+07 2.8207e+06
0.354 5.1005e+07 2.8169e+06
0.355 4.7469e+07 2.8131e+06
0.356 5.3007e+07 2.8093e+06
0.357 4.6326e+07 2.8055e+06
0.358 4.8808e+07 2.8017e+06
0.359 5.6836e+07 2.7979e+06
0.36 4.905e+07 2.7942e+06
0.361 5.0396e+07 2.7905e+06
0.362 5.2744e+07 2.7868e+06
0.363 5.3228e+07 2.7831e+06
0.364 6.0638e+07 2.7794e+06
0.365 5.6641e+07 2.7757e+06
0.366 5.1604e+07 2.772e+06
0.367 5.5098e+07 2.7684e+06
0.368 5.7434e+07 2.7647e+06
0.369 5.361e+07 2.7611e+06
0.37 4.7284e+07 2.7575e+06
0.371 5.3364e+07 2.7539e+06
0.372 5.0864e+07 2.7503e+06
0.373 5.6264e+07 2.7467e+06
0.374 5.4577e+07 2.7432e+06
0.375 5.7961e+07 2.7396e+06
0.376 5.2518e+07 2.7361e+06
0.377 5.8648e+07 2.7325e+06
0.378 5.2522e+07 2.729e+06
0.379 6.001e+07 2.7255e+06
0.38 5.6563e+07 2.722e+06
0.381 5.95e+07 2.7185e+06
0.382 5.2558e+07 2.7151e+06
0.383 5.8947e+07 2.7116e+06
0.384 5.5164e+07 2.7082e+06
0.385 5.2774e+07 2.7047e+06
0.386 6.0502e+07 2.7013e+06
0.387 5.8353e+07 2.6979e+06
0.388 5.6965e+07 2.6945e+06
0.389 5.8147e+07 2.6911e+06
0.39 5.6369e+07 2.6877e+06
0.391 5.4146e+07 2.6843e+06
0.392 5.2266e+07 2.681e+06
0.393 5.3452e+07 2.6776e+06
0.394 5.691e+07 2.6743e+06
0.395 6.0071e+07 2.6709e+06
0.396 5.81e+07 2.6676e+06
0.397 5.8838e+07 2.6643e+06
0.398 5.7366e+07 2.661e+06
0.399 5.9496e+07 2.6577e+06
0.4 6.0911e+07 2.6544e+06
0.401 5.6852e+07 2.6511e+06
0.402 5.5546e+07 2.6479e+06
0.403 6.0408e+07 2.6446e+06
0.404 5.7332e+07 2.6414e+06
0.405 5.325e+07 2.6381e+06
0.406 5.9794e+07 2.6349e+06
0.407 6.0766e+07 2.6317e+06
0.408 6.1082e+07 2.6285e+06
0.409 6.0243e+07 2.6253e+06
0.41 5.9095e+07 2.6221e+06
0.411 5.9652e+07 2.6189e+06
0.412 6.4412e+07 2.6158e+06
0.413 5.9487e+07 2.6126e+06
0.414 5.846e+07 2.6094e+06
0.415 6.3011e+07 2.6063e+06
0.416 6.2395e+07 2.6032e+06
0.417 6.382e+07 2.6e+06
0.418 6.1877e+07 2.5969e+06
0.419 6.0803e+07 2.5938e+06
0.42 6.2936e+07 2.5907e+06
0.421 5.8881e+07 2.5876e+06
0.422 5.853e+07 2.5846e+06
0.423 5.7167e+07 2.5815e+06
0.424 6.3678e+07 2.5784e+06
0.425 6.5211e+07 2.5754e+06
0.426 6.173e+07 2.5723e+06
0.427 5.7545e+07 2.5693e+06
0.428 5.5914e+07 2.5662e+06
0.429 5.6628e+07 2.5632e+06
0.43 5.9019e+07 2.5602e+06
0.431 5.551e+07 2.5572e+06
0.432 5.4762e+07 2.5542e+06
0.433 5.4796e+07 2.5512e+06
0.434 5.9703e+07 2.5482e+06
0.435 5.3275e+07 2.5453e+06
0.436 5.9626e+07 2.5423e+06
0.437 5.9351e+07 2.5393e+06
0.438 5.5496e+07 2.5364e+06
0.439 5.5672e+07 2.5334e+06
0.44 5.6495e+07 2.5305e+06
0.441 5.6234e+07 2.5276e+06
0.442 5.9868e+07 2.5247e+06
0.443 5.7247e+07 2.5218e+06
0.444 5.534e+07 2.5189e+06
0.445 5.8625e+07 2.516e+06
0.446 5.9688e+07 2.5131e+06
0.447 5.2759e+07 2.5102e+06
0.448 5.9972e+07 2.5074e+06
0.449 5.4233e+07 2.5045e+06
0.45 5.1804e+07 2.5016e+06
0.451 5.6709e+07 2.4988e+06
0.452 5.9195e+07 2.496e+06
0.453 5.9272e+07 2.4931e+06
0.454 5.5086e+07 2.4903e+06
0.455 5.7624e+07 2.4875e+06
0.456 5.544e+07 2.4847e+06
0.457 5.511e+07 2.4819e+06
0.458 5.8274e+07 2.4791e+06
0.459 5.5846e+07 2.4763e+06
0.46 5.7466e+07 2.4736e+06
0.461 5.6125e+07 2.4708e+06
0.462 5.3152e+07 2.4681e+06
0.463 5.5927e+07 2.4653e+06
0.464 5.4013e+07 2.4626e+06
0.465 5.1202e+07 2.4598e+06
0.466 5.454e+07 2.4571e+06
0.467 5.3838e+07 2.4544e+06
0.468 5.239e+07 2.4517e+06
0.469 5.3782e+07 2.449e+06
0.47 5.1235e+07 2.4463e+06
0.471 5.7773e+07 2.4436e+06
0.472 4.9044e+07 2.441e+06
0.473 4.8996e+07 2.4383e+06
0.474 5.5125e+07 2.4356e+06
0.475 5.0509e+07 2.433e+06
0.476 5.0635e+07 2.4303e+06
0.477 5.045e+07 2.4277e+06
0.478 5.3986e+07 2.4251e+06
0.479 5.1908e+07 2.4225e+06
0.48 5.2633e+07 2.4199e+06
0.481 4.6746e+07 2.4173e+06
0.482 4.6748e+07 2.4147e+06
0.483 5.1388e+07 2.4121e+06
0.484 4.614e+07 2.4095e+06
0.485 5.5055e+07 2.4069e+06
0.486 5.1062e+07 2.4044e+06
0.487 5.3241e+07 2.4018e+06
0.488 4.5661e+07 2.3993e+06
0.489 5.1e+07 2.3967e+06
0.49 5.071e+07 2.3942e+06
0.491 5.2087e+07 2.3917e+06
0.492 4.833e+07 2.3892e+06
0.493 4.571e+07 2.3866e+06
0.494 4.7077e+07 2.3841e+06
0.495 4.735e+07 2.3817e+06
0.496 4.7648e+07 2.3792e+06
0.497 4.7728e+07 2.3767e+06
0.498 4.8655e+07 2.3742e+06
0.499 5.2856e+07 2.3718e+06
0.5 4.5707e+07 2.3693e+06
