0.001 1.7224e+10 8.5122e+08
0.002 1.6542e+10 6.0178e+08
0.003 1.573e+10 4.9118e+08
0.004 1.5919e+10 4.2517e+08
0.005 1.6677e+10 3.8005e+08
0.006 1.6514e+10 3.4668e+08
0.007 1.593e+10 3.2068e+08
0.008 1.618e+10 2.9966e+08
0.009 1.5827e+10 2.822e+08
0.01 1.5562e+10 2.6737e+08
0.011 1.6631e+10 2.5457e+08
0.012 1.6109e+10 2.4335e+08
0.013 1.5446e+10 2.3341e+08
0.014 1.5804e+10 2.2451e+08
0.015 1.555e+10 2.1647e+08
0.016 1.5795e+10 2.0916e+08
0.017 1.5516e+10 2.0246e+08
0.018 1.5694e+10 1.9629e+08
0.019 1.5522e+10 1.9058e+08
0.02 1.5181e+10 1.8527e+08
0.021 1.4951e+10 1.8031e+08
0.022 1.486e+10 1.7566e+08
0.023 1.4927e+10 1.7128e+08
0.024 1.4561e+10 1.6715e+08
0.025 1.4358e+10 1.6324e+08
0.026 1.4822e+10 1.5953e+08
0.027 1.4031e+10 1.56e+08
0.028 1.4157e+10 1.5263e+08
0.029 1.3963e+10 1.4941e+08
0.03 1.4259e+10 1.4633e+08
0.031 1.3695e+10 1.4337e+08
0.032 1.3643e+10 1.4054e+08
0.033 1.3529e+10 1.378e+08
0.034 1.3121e+10 1.3517e+08
0.035 1.3462e+10 1.3263e+08
0.036 1.3153e+10 1.3017e+08
0.037 1.2979e+10 1.278e+08
0.038 1.28e+10 1.255e+08
0.039 1.2532e+10 1.2327e+08
0.04 1.2398e+10 1.2111e+08
0.041 1.2165e+10 1.1901e+08
0.042 1.194e+10 1.1697e+08
0.043 1.1785e+10 1.1498e+08
0.044 1.169e+10 1.1305e+08
0.045 1.157e+10 1.1116e+08
0.046 1.1429e+10 1.0933e+08
0.047 1.1336e+10 1.0753e+08
0.048 1.1101e+10 1.0579e+08
0.049 1.0956e+10 1.0408e+08
0.05 1.0584e+10 1.0241e+08
0.051 1.064e+10 1.0078e+08
0.052 1.0184e+10 9.9192e+07
0.053 1.013e+10 9.7634e+07
0.054 9.9318e+09 9.611e+07
0.055 9.7691e+09 9.4619e+07
0.056 9.7764e+09 9.3159e+07
0.057 9.6132e+09 9.173e+07
0.058 9.1833e+09 9.033e+07
0.059 9.1046e+09 8.8959e+07
0.06 9.0295e+09 8.7615e+07
0.061 8.7717e+09 8.6298e+07
0.062 8.5077e+09 8.5008e+07
0.063 8.3558e+09 8.3743e+07
0.064 8.2113e+09 8.2502e+07
0.065 8.1178e+09 8.1287e+07
0.066 7.9431e+09 8.0095e+07
0.067 7.734e+09 7.8926e+07
0.068 7.5119e+09 7.7779e+07
0.069 7.1794e+09 7.6655e+07
0.07 7.1864e+09 7.5553e+07
0.071 7.0033e+09 7.4472e+07
0.072 7.0111e+09 7.3412e+07
0.073 6.6666e+09 7.2373e+07
0.074 6.6085e+09 7.1354e+07
0.075 6.4064e+09 7.0354e+07
0.076 6.1973e+09 6.9375e+07
0.077 6.1971e+09 6.8414e+07
0.078 5.8996e+09 6.7472e+07
0.079 5.8524e+09 6.6549e+07
0.08 5.668e+09 6.5645e+07
0.081 5.6865e+09 6.4758e+07
0.082 5.4594e+09 6.389e+07
0.083 5.2438e+09 6.3038e+07
0.084 5.2246e+09 6.2204e+07
0.085 5.0941e+09 6.1388e+07
0.086 4.9955e+09 6.0588e+07
0.087 4.8308e+09 5.9804e+07
0.088 4.6833e+09 5.9037e+07
0.089 4.4211e+09 5.8286e+07
0.09 4.3909e+09 5.7551e+07
0.091 4.3549e+09 5.6832e+07
0.092 4.2221e+09 5.6128e+07
0.093 4.0677e+09 5.5439e+07
0.094 4.0959e+09 5.4765e+07
0.095 3.9279e+09 5.4106e+07
0.096 3.6636e+09 5.3462e+07
0.097 3.6631e+09 5.2832e+07
0.098 3.5098e+09 5.2215e+07
0.099 3.4346e+09 5.1613e+07
0.1 3.2824e+09 5.1025e+07
0.101 3.2292e+09 5.045e+07
0.102 3.1859e+09 4.9888e+07
0.103 3.1375e+09 4.9339e+07
0.104 3.0566e+09 4.8803e+07
0.105 2.8847e+09 4.8279e+07
0.106 2.8695e+09 4.7768e+07
0.107 2.791e+09 4.7269e+07
0.108 2.7688e+09 4.6781e+07
0.109 2.5416e+09 4.6305e+07
0.11 2.4566e+09 4.5841e+07
0.111 2.5311e+09 4.5388e+07
0.112 2.4527e+09 4.4945e+07
0.113 2.3332e+09 4.4513e+07
0.114 2.2992e+09 4.4092e+07
0.115 2.2938e+09 4.3681e+07
0.116 2.2419e+09 4.328e+07
0.117 2.0627e+09 4.2888e+07
0.118 2.0536e+09 4.2506e+07
0.119 1.9318e+09 4.2133e+07
0.12 2.0316e+09 4.177e+07
0.121 1.8661e+09 4.1415e+07
0.122 1.9156e+09 4.1068e+07
0.123 1.8481e+09 4.073e+07
0.124 1.7095e+09 4.04e+07
0.125 1.7289e+09 4.0078e+07
0.126 1.7193e+09 3.9764e+07
0.127 1.6243e+09 3.9457e+07
0.128 1.5151e+09 3.9158e+07
0.129 1.4935e+09 3.8865e+07
0.13 1.4208e+09 3.8579e+07
0.131 1.4001e+09 3.83e+07
0.132 1.4773e+09 3.8027e+07
0.133 1.3829e+09 3.7761e+07
0.134 1.3286e+09 3.75e+07
0.135 1.3214e+09 3.7245e+07
0.136 1.3168e+09 3.6996e+07
0.137 1.2947e+09 3.6753e+07
0.138 1.2242e+09 3.6514e+07
0.139 1.212e+09 3.6281e+07
0.14 1.1902e+09 3.6053e+07
0.141 1.1992e+09 3.583e+07
0.142 1.1761e+09 3.5611e+07
0.143 1.1074e+09 3.5397e+07
0.144 1.1195e+09 3.5187e+07
0.145 1.0704e+09 3.4981e+07
0.146 1.0417e+09 3.4779e+07
0.147 1.0313e+09 3.4581e+07
0.148 9.7165e+08 3.4387e+07
0.149 9.8481e+08 3.4196e+07
0.15 9.5473e+08 3.401e+07
0.151 8.9462e+08 3.3826e+07
0.152 9.1206e+08 3.3646e+07
0.153 9.103e+08 3.3469e+07
0.154 8.3912e+08 3.3295e+07
0.155 8.6154e+08 3.3124e+07
0.156 8.4895e+08 3.2956e+07
0.157 8.2567e+08 3.2791e+07
0.158 7.7394e+08 3.2628e+07
0.159 7.9967e+08 3.2468e+07
0.16 7.6914e+08 3.2311e+07
0.161 7.6031e+08 3.2156e+07
0.162 7.6162e+08 3.2003e+07
0.163 7.0382e+08 3.1853e+07
0.164 6.8414e+08 3.1705e+07
0.165 7.2224e+08 3.156e+07
0.166 6.792e+08 3.1416e+07
0.167 6.6062e+08 3.1275e+07
0.168 6.3502e+08 3.1135e+07
0.169 6.7641e+08 3.0998e+07
0.17 6.0196e+08 3.0863e+07
0.171 5.8094e+08 3.0729e+07
0.172 6.4397e+08 3.0597e+07
0.173 6.3112e+08 3.0468e+07
0.174 5.5732e+08 3.0339e+07
0.175 5.8753e+08 3.0213e+07
0.176 5.6494e+08 3.0088e+07
0.177 5.8049e+08 2.9965e+07
0.178 5.4706e+08 2.9844e+07
0.179 5.2406e+08 2.9724e+07
0.18 4.9819e+08 2.9606e+07
0.181 5.244e+08 2.949e+07
0.182 4.6371e+08 2.9374e+07
0.183 4.8352e+08 2.9261e+07
0.184 4.3807e+08 2.9149e+07
0.185 4.4352e+08 2.9038e+07
0.186 4.5145e+08 2.8929e+07
0.187 4.5509e+08 2.8821e+07
0.188 4.0178e+08 2.8714e+07
0.189 3.945e+08 2.8609e+07
0.19 4.5737e+08 2.8506e+07
0.191 4.1239e+08 2.8403e+07
0.192 3.9791e+08 2.8302e+07
0.193 4.1802e+08 2.8202e+07
0.194 3.5194e+08 2.8103e+07
0.195 3.9327e+08 2.8006e+07
0.196 3.1817e+08 2.791e+07
0.197 3.6485e+08 2.7815e+07
0.198 3.739e+08 2.7721e+07
0.199 4.1247e+08 2.7628e+07
0.2 4.0166e+08 2.7537e+07
0.201 3.3027e+08 2.7447e+07
0.202 3.6176e+08 2.7357e+07
0.203 3.0004e+08 2.7269e+07
0.204 3.5948e+08 2.7182e+07
0.205 2.8155e+08 2.7096e+07
0.206 2.7125e+08 2.7011e+07
0.207 3.0456e+08 2.6927e+07
0.208 2.9991e+08 2.6845e+07
0.209 2.9626e+08 2.6763e+07
0.21 3.137e+08 2.6682e+07
0.211 3.1007e+08 2.6602e+07
0.212 2.4193e+08 2.6523e+07
0.213 2.7317e+08 2.6444e+07
0.214 2.4783e+08 2.6367e+07
0.215 2.6948e+08 2.6291e+07
0.216 2.4501e+08 2.6215e+07
0.217 2.395e+08 2.6141e+07
0.218 2.911e+08 2.6067e+07
0.219 2.5025e+08 2.5994e+07
0.22 2.6566e+08 2.5922e+07
0.221 1.9465e+08 2.585e+07
0.222 2.3019e+08 2.5779e+07
0.223 2.181e+08 2.5709e+07
0.224 2.4361e+08 2.564e+07
0.225 2.0394e+08 2.5572e+07
0.226 2.0948e+08 2.5504e+07
0.227 1.7629e+08 2.5437e+07
0.228 1.7204e+08 2.537e+07
0.229 2.0158e+08 2.5305e+07
0.23 2.0008e+08 2.5239e+07
0.231 2.3458e+08 2.5175e+07
0.232 2.0842e+08 2.5111e+07
0.233 1.7527e+08 2.5047e+07
0.234 1.7329e+08 2.4985e+07
0.235 1.8118e+08 2.4922e+07
0.236 1.6565e+08 2.4861e+07
0.237 1.9903e+08 2.48e+07
0.238 1.8086e+08 2.4739e+07
0.239 1.4795e+08 2.4679e+07
0.24 1.3944e+08 2.4619e+07
0.241 1.3359e+08 2.456e+07
0.242 1.6367e+08 2.4502e+07
0.243 1.0984e+08 2.4444e+07
0.244 1.5842e+08 2.4386e+07
0.245 1.6849e+08 2.4329e+07
0.246 1.2916e+08 2.4272e+07
0.247 1.0703e+08 2.4216e+07
0.248 1.3198e+08 2.416e+07
0.249 1.1796e+08 2.4104e+07
0.25 1.2271e+08 2.4049e+07
0.251 1.6064e+08 2.3994e+07
0.252 1.5007e+08 2.394e+07
0.253 1.7809e+08 2.3886e+07
0.254 1.1886e+08 2.3833e+07
0.255 1.303e+08 2.378e+07
0.256 1.2997e+08 2.3727e+07
0.257 1.2358e+08 2.3674e+07
0.258 1.3987e+08 2.3622e+07
0.259 1.4303e+08 2.3571e+07
0.26 9.7173e+07 2.352e+07
0.261 1.4101e+08 2.3469e+07
0.262 1.0107e+08 2.3418e+07
0.263 1.419e+08 2.3368e+07
0.264 1.1267e+08 2.3318e+07
0.265 1.1972e+08 2.3268e+07
0.266 8.0413e+07 2.3219e+07
0.267 1.2145e+08 2.317e+07
0.268 1.2579e+08 2.3122e+07
0.269 1.3636e+08 2.3074e+07
0.27 1.3295e+08 2.3026e+07
0.271 8.0816e+07 2.2978e+07
0.272 6.6637e+07 2.2931e+07
0.273 9.69e+07 2.2884e+07
0.274 9.8895e+07 2.2838e+07
0.275 1.0463e+08 2.2791e+07
0.276 1.0548e+08 2.2745e+07
0.277 1.008e+08 2.27e+07
0.278 6.5626e+07 2.2655e+07
0.279 9.8702e+07 2.261e+07
0.28 7.0536e+07 2.2565e+07
0.281 1.0284e+08 2.2521e+07
0.282 1.2773e+08 2.2477e+07
0.283 1.1753e+08 2.2433e+07
0.284 9.1376e+07 2.239e+07
0.285 5.1918e+07 2.2347e+07
0.286 7.8028e+07 2.2304e+07
0.287 4.1874e+07 2.2261e+07
0.288 1.1402e+08 2.2219e+07
0.289 1.2765e+08 2.2177e+07
0.29 8.3425e+07 2.2136e+07
0.291 1.0414e+08 2.2095e+07
0.292 8.1431e+07 2.2054e+07
0.293 1.4249e+08 2.2013e+07
0.294 1.3033e+08 2.1973e+07
0.295 8.0154e+07 2.1933e+07
0.296 9.3565e+07 2.1893e+07
0.297 3.5941e+07 2.1854e+07
0.298 6.0242e+07 2.1814e+07
0.299 6.1368e+07 2.1775e+07
0.3 6.4098e+07 2.1737e+07
0.301 3.7019e+07 2.1699e+07
0.302 6.0433e+07 2.166e+07
0.303 5.4096e+07 2.1623e+07
0.304 7.1444e+07 2.1585e+07
0.305 6.713e+07 2.1548e+07
0.306 3.6991e+07 2.1511e+07
0.307 5.6455e+07 2.1474e+07
0.308 8.5579e+07 2.1438e+07
0.309 9.2291e+07 2.1402e+07
0.31 8.4466e+07 2.1366e+07
0.311 7.2901e+07 2.133e+07
0.312 8.3247e+07 2.1294e+07
0.313 6.9701e+07 2.1259e+07
0.314 4.7868e+07 2.1224e+07
0.315 4.9716e+07 2.1189e+07
0.316 1.1008e+08 2.1155e+07
0.317 4.5418e+07 2.112e+07
0.318 8.0531e+07 2.1086e+07
0.319 6.0454e+07 2.1052e+07
0.32 6.0502e+07 2.1019e+07
0.321 5.5445e+07 2.0985e+07
0.322 5.2491e+07 2.0952e+07
0.323 5.3163e+07 2.0919e+07
0.324 5.8156e+07 2.0886e+07
0.325 6.0768e+07 2.0853e+07
0.326 7.1044e+07 2.0821e+07
0.327 8.1538e+07 2.0788e+07
0.328 7.666e+07 2.0756e+07
0.329 1.8205e+07 2.0724e+07
0.33 7.7703e+07 2.0692e+07
0.331 3.7916e+07 2.0661e+07
0.332 4.6392e+07 2.0629e+07
0.333 4.5294e+07 2.0598e+07
0.334 6.3854e+07 2.0567e+07
0.335 7.4797e+07 2.0536e+07
0.336 6.9698e+07 2.0505e+07
0.337 6.1685e+07 2.0474e+07
0.338 5.8016e+07 2.0444e+07
0.339 6.5444e+07 2.0413e+07
0.34 1.2984e+07 2.0383e+07
0.341 5.9582e+07 2.0353e+07
0.342 6.7118e+07 2.0323e+07
0.343 5.6437e+07 2.0293e+07
0.344 2.2231e+07 2.0263e+07
0.345 2.3278e+07 2.0234e+07
0.346 3.5653e+07 2.0204e+07
0.347 7.4539e+07 2.0175e+07
0.348 5.6851e+07 2.0146e+07
0.349 5.0386e+07 2.0117e+07
0.35 2.9266e+07 2.0088e+07
0.351 1.6664e+07 2.0059e+07
0.352 6.7874e+07 2.003e+07
0.353 5.1944e+07 2.0002e+07
0.354 3.851e+07 1.9973e+07
0.355 2.7508e+07 1.9945e+07
0.356 3.5007e+07 1.9917e+07
0.357 5.5701e+07 1.9889e+07
0.358 6.5194e+07 1.9861e+07
0.359 3.2569e+07 1.9833e+07
0.36 5.2112e+07 1.9805e+07
0.361 2.9108e+07 1.9777e+07
0.362 9.6811e+07 1.975e+07
0.363 3.3689e+07 1.9722e+07
0.364 5.0672e+07 1.9695e+07
0.365 6.2779e+07 1.9668e+07
0.366 3e+07 1.9641e+07
0.367 4.1354e+07 1.9614e+07
0.368 6.7743e+07 1.9587e+07
0.369 5.9224e+07 1.956e+07
0.37 4.4891e+07 1.9533e+07
0.371 4.5864e+07 1.9507e+07
0.372 7.1723e+07 1.948e+07
0.373 7.677e+07 1.9454e+07
0.374 7.26e+07 1.9428e+07
0.375 4.4379e+07 1.9402e+07
0.376 4.031e+07 1.9376e+07
0.377 8.1078e+07 1.935e+07
0.378 3.624e+07 1.9324e+07
0.379 6.4596e+07 1.9298e+07
0.38 4.2749e+07 1.9273e+07
0.381 3.5657e+07 1.9247e+07
0.382 6.006e+07 1.9222e+07
0.383 5.5875e+07 1.9196e+07
0.384 5.267e+07 1.9171e+07
0.385 3.2682e+07 1.9146e+07
0.386 5.9702e+07 1.9121e+07
0.387 4.5985e+07 1.9097e+07
0.388 4.9236e+07 1.9072e+07
0.389 3.8935e+07 1.9047e+07
0.39 5.3594e+07 1.9023e+07
0.391 8.5739e+07 1.8998e+07
0.392 4.0664e+07 1.8974e+07
0.393 7.6711e+07 1.895e+07
0.394 6.1392e+07 1.8926e+07
0.395 4.7421e+07 1.8902e+07
0.396 4.6494e+07 1.8878e+07
0.397 6.3222e+07 1.8854e+07
0.398 6.3196e+07 1.8831e+07
0.399 4.6359e+07 1.8807e+07
0.4 1.6832e+07 1.8784e+07
0.401 5.2435e+07 1.876e+07
0.402 1.1406e+07 1.8737e+07
0.403 6.5128e+07 1.8714e+07
0.404 2.5297e+07 1.8691e+07
0.405 5.7479e+07 1.8668e+07
0.406 4.5074e+07 1.8645e+07
0.407 6.0032e+07 1.8622e+07
0.408 8.0665e+07 1.86e+07
0.409 6.3294e+07 1.8577e+07
0.41 2.2747e+07 1.8554e+07
0.411 3.2332e+07 1.8532e+07
0.412 1.9567e+07 1.851e+07
0.413 6.1687e+07 1.8488e+07
0.414 5.0271e+07 1.8465e+07
0.415 4.6558e+07 1.8443e+07
0.416 5.7866e+07 1.8421e+07
0.417 7.4649e+07 1.84e+07
0.418 4.1806e+07 1.8378e+07
0.419 7.3993e+07 1.8356e+07
0.42 2.7923e+07 1.8334e+07
0.421 5.0385e+07 1.8313e+07
0.422 5.3334e+07 1.8291e+07
0.423 6.5247e+07 1.827e+07
0.424 7.902e+07 1.8249e+07
0.425 8.7584e+07 1.8227e+07
0.426 6.6569e+07 1.8206e+07
0.427 -2.6789e+06 1.8185e+07
0.428 6.542e+07 1.8164e+07
0.429 4.2604e+07 1.8143e+07
0.43 7.2842e+07 1.8122e+07
0.431 5.4964e+07 1.8101e+07
0.432 3.6796e+07 1.808e+07
0.433 3.5607e+07 1.806e+07
0.434 7.7045e+07 1.8039e+07
0.435 5.1444e+07 1.8018e+07
0.436 6.9527e+07 1.7998e+07
0.437 5.9527e+07 1.7977e+07
0.438 4.0449e+07 1.7957e+07
0.439 4.6829e+07 1.7937e+07
0.44 3.9913e+07 1.7916e+07
0.441 4.2082e+07 1.7896e+07
0.442 2.4976e+07 1.7876e+07
0.443 6.3775e+07 1.7856e+07
0.444 3.5676e+07 1.7836e+07
0.445 3.9997e+07 1.7816e+07
0.446 2.0514e+07 1.7796e+07
0.447 6.0678e+07 1.7776e+07
0.448 4.482e+07 1.7756e+07
0.449 2.3601e+07 1.7736e+07
0.45 4.6834e+07 1.7716e+07
0.451 8.5964e+07 1.7697e+07
0.452 4.7465e+07 1.7677e+07
0.453 4.2249e+07 1.7657e+07
0.454 4.4663e+07 1.7638e+07
0.455 4.8321e+06 1.7618e+07
0.456 6.6669e+07 1.7599e+07
0.457 6.6478e+07 1.758e+07
0.458 5.9011e+07 1.756e+07
0.459 5.4295e+07 1.7541e+07
0.46 4.2332e+07 1.7522e+07
0.461 7.0519e+07 1.7502e+07
0.462 5.8781e+07 1.7483e+07
0.463 8.3074e+07 1.7464e+07
0.464 5.4812e+07 1.7445e+07
0.465 6.8091e+07 1.7426e+07
0.466 6.7269e+07 1.7407e+07
0.467 8.232e+06 1.7388e+07
0.468 5.3998e+07 1.7369e+07
0.469 3.93e+07 1.7351e+07
0.47 6.8816e+07 1.7332e+07
0.471 6.2574e+07 1.7313e+07
0.472 9.7444e+06 1.7294e+07
0.473 1.53e+07 1.7276e+07
0.474 4.4664e+07 1.7257e+07
0.475 3.7166e+07 1.7239e+07
0.476 2.8919e+07 1.722e+07
0.477 5.2947e+07 1.7202e+07
0.478 3.1991e+07 1.7184e+07
0.479 5.0063e+07 1.7166e+07
0.48 5.3075e+07 1.7147e+07
0.481 4.2143e+07 1.7129e+07
0.482 6.8622e+07 1.7111e+07
0.483 5.2294e+07 1.7093e+07
0.484 6.1562e+07 1.7075e+07
0.485 5.7348e+07 1.7057e+07
0.486 6.7731e+07 1.7039e+07
0.487 5.9016e+07 1.7022e+07
0.488 4.4052e+07 1.7004e+07
0.489 5.461e+07 1.6986e+07
0.49 4.9733e+07 1.6969e+07
0.491 3.8267e+07 1.6951e+07
0.492 7.3714e+07 1.6934e+07
0.493 4.1517e+07 1.6916e+07
0.494 6.2444e+07 1.6899e+07
0.495 2.867e+07 1.6881e+07
0.496 5.2939e+07 1.6864e+07
0.497 3.9195e+07 1.6847e+07
0.498 4.0183e+07 1.683e+07
0.499 3.4219e+07 1.6813e+07
0.5 3.4447e+07 1.6796e+07
