500 0 0
465.04 15.037 34.963
398.08 51.205 101.92
338.86 95.108 161.14
287.93 147.31 212.07
245.25 207.75 254.75
210.17 275.8 289.83
181.68 350.43 318.32
158.61 430.48 341.39
139.88 514.88 360.12
124.58 602.7 375.42
111.96 693.21 388.04
101.44 785.81 398.56
92.585 880.09 407.41
85.057 975.68 414.94
78.595 1072.3 421.4
72.999 1169.9 427
68.115 1268.1 431.89
63.819 1366.9 436.18
60.014 1466.3 439.99
56.625 1566 443.37
53.588 1666.1 446.41
50.852 1766.5 449.15
48.376 1867.1 451.62
46.125 1968 453.87
44.071 2069.1 455.93
42.189 2170.3 457.81
40.458 2271.7 459.54
38.862 2373.2 461.14
37.385 2474.9 462.62
36.015 2576.6 463.99
34.74 2678.5 465.26
33.552 2780.4 466.45
32.442 2882.4 467.56
31.402 2984.5 468.6
30.426 3086.7 469.57
29.508 3188.9 470.49
28.644 3291.1 471.36
27.828 3393.5 472.17
27.058 3495.8 472.94
26.328 3598.2 473.67
25.637 3700.6 474.36
24.981 3803.1 475.02
24.357 3905.6 475.64
23.763 4008.1 476.24
23.198 4110.7 476.8
22.659 4213.3 477.34
22.144 4315.9 477.86
21.652 4418.5 478.35
21.181 4521.2 478.82
