0.001 6.5774e+09 3.3016e+08
0.002 6.5264e+09 2.3342e+08
0.003 6.4807e+09 1.9053e+08
0.004 6.3075e+09 1.6494e+08
0.005 6.5427e+09 1.4745e+08
0.006 6.3274e+09 1.3452e+08
0.007 6.5509e+09 1.2445e+08
0.008 6.5174e+09 1.1632e+08
0.009 6.4556e+09 1.0956e+08
0.01 6.5803e+09 1.0383e+08
0.011 6.5742e+09 9.8878e+07
0.012 6.4215e+09 9.4546e+07
0.013 6.5456e+09 9.071e+07
0.014 6.3661e+09 8.7278e+07
0.015 6.4969e+09 8.4181e+07
0.016 6.4093e+09 8.1366e+07
0.017 6.4406e+09 7.8791e+07
0.018 6.2631e+09 7.642e+07
0.019 6.2295e+09 7.4228e+07
0.02 6.234e+09 7.2191e+07
0.021 6.1287e+09 7.0289e+07
0.022 6.2021e+09 6.8508e+07
0.023 6.1623e+09 6.6834e+07
0.024 6.1395e+09 6.5255e+07
0.025 6.0822e+09 6.3761e+07
0.026 5.9791e+09 6.2345e+07
0.027 6.019e+09 6.0999e+07
0.028 5.9842e+09 5.9716e+07
0.029 5.8801e+09 5.8491e+07
0.03 5.8141e+09 5.7319e+07
0.031 5.8325e+09 5.6196e+07
0.032 5.6632e+09 5.5117e+07
0.033 5.6668e+09 5.408e+07
0.034 5.6759e+09 5.3081e+07
0.035 5.5633e+09 5.2117e+07
0.036 5.5453e+09 5.1186e+07
0.037 5.5386e+09 5.0286e+07
0.038 5.4839e+09 4.9414e+07
0.039 5.3553e+09 4.8569e+07
0.04 5.3316e+09 4.7749e+07
0.041 5.2474e+09 4.6953e+07
0.042 5.2441e+09 4.6179e+07
0.043 5.1965e+09 4.5426e+07
0.044 5.1045e+09 4.4692e+07
0.045 5.0534e+09 4.3977e+07
0.046 4.9429e+09 4.328e+07
0.047 4.8851e+09 4.2599e+07
0.048 4.885e+09 4.1935e+07
0.049 4.825e+09 4.1285e+07
0.05 4.7477e+09 4.065e+07
0.051 4.6878e+09 4.0029e+07
0.052 4.6036e+09 3.9421e+07
0.053 4.6085e+09 3.8825e+07
0.054 4.5151e+09 3.8242e+07
0.055 4.4038e+09 3.767e+07
0.056 4.3251e+09 3.7109e+07
0.057 4.2649e+09 3.6559e+07
0.058 4.2395e+09 3.6019e+07
0.059 4.1989e+09 3.5489e+07
0.06 4.0885e+09 3.4968e+07
0.061 4.1537e+09 3.4457e+07
0.062 3.9316e+09 3.3955e+07
0.063 3.8855e+09 3.3461e+07
0.064 3.8788e+09 3.2976e+07
0.065 3.8171e+09 3.2499e+07
0.066 3.6973e+09 3.203e+07
0.067 3.6546e+09 3.1569e+07
0.068 3.6226e+09 3.1115e+07
0.069 3.5087e+09 3.0668e+07
0.07 3.4414e+09 3.0228e+07
0.071 3.3905e+09 2.9796e+07
0.072 3.3517e+09 2.937e+07
0.073 3.2456e+09 2.895e+07
0.074 3.1779e+09 2.8538e+07
0.075 3.1292e+09 2.8131e+07
0.076 3.0466e+09 2.7731e+07
0.077 3.0077e+09 2.7337e+07
0.078 2.9661e+09 2.6949e+07
0.079 2.8715e+09 2.6567e+07
0.08 2.7997e+09 2.6191e+07
0.081 2.737e+09 2.582e+07
0.082 2.7487e+09 2.5455e+07
0.083 2.7267e+09 2.5095e+07
0.084 2.6055e+09 2.4741e+07
0.085 2.5339e+09 2.4393e+07
0.086 2.4799e+09 2.4049e+07
0.087 2.4241e+09 2.3711e+07
0.088 2.3463e+09 2.3378e+07
0.089 2.2903e+09 2.3051e+07
0.09 2.2354e+09 2.2728e+07
0.091 2.2201e+09 2.241e+07
0.092 2.1508e+09 2.2097e+07
0.093 2.1196e+09 2.1789e+07
0.094 2.0586e+09 2.1486e+07
0.095 2.0183e+09 2.1188e+07
0.096 1.9316e+09 2.0894e+07
0.097 1.9303e+09 2.0606e+07
0.098 1.8618e+09 2.0322e+07
0.099 1.8209e+09 2.0042e+07
0.1 1.7604e+09 1.9767e+07
0.101 1.7105e+09 1.9497e+07
0.102 1.6958e+09 1.9231e+07
0.103 1.6032e+09 1.8969e+07
0.104 1.5867e+09 1.8713e+07
0.105 1.5416e+09 1.846e+07
0.106 1.4619e+09 1.8212e+07
0.107 1.4233e+09 1.7968e+07
0.108 1.4265e+09 1.7729e+07
0.109 1.3902e+09 1.7493e+07
0.11 1.3198e+09 1.7262e+07
0.111 1.2618e+09 1.7036e+07
0.112 1.2672e+09 1.6813e+07
0.113 1.2139e+09 1.6594e+07
0.114 1.1589e+09 1.638e+07
0.115 1.1222e+09 1.617e+07
0.116 1.0857e+09 1.5964e+07
0.117 1.091e+09 1.5761e+07
0.118 1.0154e+09 1.5563e+07
0.119 1.0144e+09 1.5369e+07
0.12 9.9051e+08 1.5178e+07
0.121 9.4589e+08 1.4992e+07
0.122 9.2147e+08 1.4809e+07
0.123 8.8482e+08 1.463e+07
0.124 8.5956e+08 1.4455e+07
0.125 8.5226e+08 1.4284e+07
0.126 7.8225e+08 1.4116e+07
0.127 7.6173e+08 1.3952e+07
0.128 7.584e+08 1.3791e+07
0.129 7.0124e+08 1.3635e+07
0.13 6.9972e+08 1.3481e+07
0.131 6.9269e+08 1.3331e+07
0.132 6.8152e+08 1.3185e+07
0.133 6.0756e+08 1.3042e+07
0.134 6.001e+08 1.2902e+07
0.135 5.8991e+08 1.2766e+07
0.136 5.6837e+08 1.2632e+07
0.137 5.4603e+08 1.2502e+07
0.138 5.0477e+08 1.2376e+07
0.139 5.13e+08 1.2252e+07
0.14 4.9725e+08 1.2131e+07
0.141 4.68e+08 1.2014e+07
0.142 4.7149e+08 1.1899e+07
0.143 4.552e+08 1.1787e+07
0.144 4.2831e+08 1.1678e+07
0.145 4.105e+08 1.1572e+07
0.146 4.03e+08 1.1469e+07
0.147 3.5995e+08 1.1368e+07
0.148 3.7261e+08 1.127e+07
0.149 3.4503e+08 1.1175e+07
0.15 3.2192e+08 1.1082e+07
0.151 3.4e+08 1.0991e+07
0.152 3.176e+08 1.0903e+07
0.153 3.106e+08 1.0818e+07
0.154 2.9138e+08 1.0735e+07
0.155 2.7671e+08 1.0653e+07
0.156 2.8164e+08 1.0575e+07
0.157 2.6861e+08 1.0498e+07
0.158 2.2411e+08 1.0423e+07
0.159 2.4078e+08 1.0351e+07
0.16 2.4179e+08 1.028e+07
0.161 2.2835e+08 1.0212e+07
0.162 2.3768e+08 1.0145e+07
0.163 2.0411e+08 1.008e+07
0.164 2.1238e+08 1.0017e+07
0.165 2.0102e+08 9.9553e+06
0.166 1.9972e+08 9.8955e+06
0.167 2.0669e+08 9.8373e+06
0.168 1.9755e+08 9.7807e+06
0.169 1.8805e+08 9.7257e+06
0.17 1.7784e+08 9.6721e+06
0.171 1.6533e+08 9.6199e+06
0.172 1.6626e+08 9.5691e+06
0.173 1.5121e+08 9.5196e+06
0.174 1.5504e+08 9.4714e+06
0.175 1.559e+08 9.4245e+06
0.176 1.3296e+08 9.3787e+06
0.177 1.36e+08 9.3341e+06
0.178 1.308e+08 9.2906e+06
0.179 1.2429e+08 9.2482e+06
0.18 1.2807e+08 9.2068e+06
0.181 1.3174e+08 9.1665e+06
0.182 1.1464e+08 9.1271e+06
0.183 1.2144e+08 9.0886e+06
0.184 1.1084e+08 9.051e+06
0.185 1.2556e+08 9.0142e+06
0.186 1.1414e+08 8.9783e+06
0.187 1.0175e+08 8.9432e+06
0.188 9.039e+07 8.9088e+06
0.189 1.0449e+08 8.8751e+06
0.19 7.8881e+07 8.8422e+06
0.191 9.1123e+07 8.8099e+06
0.192 1.0314e+08 8.7783e+06
0.193 9.7404e+07 8.7473e+06
0.194 1.0378e+08 8.7169e+06
0.195 1.2118e+08 8.687e+06
0.196 9.398e+07 8.6578e+06
0.197 7.1783e+07 8.629e+06
0.198 9.1603e+07 8.6007e+06
0.199 8.9225e+07 8.573e+06
0.2 8.4801e+07 8.5457e+06
0.201 6.4759e+07 8.5188e+06
0.202 7.0685e+07 8.4924e+06
0.203 6.1242e+07 8.4664e+06
0.204 6.8648e+07 8.4407e+06
0.205 7.5683e+07 8.4155e+06
0.206 7.5227e+07 8.3906e+06
0.207 6.3203e+07 8.3661e+06
0.208 7.1642e+07 8.3419e+06
0.209 6.9091e+07 8.318e+06
0.21 7.5373e+07 8.2945e+06
0.211 6.2606e+07 8.2712e+06
0.212 6.4015e+07 8.2482e+06
0.213 5.7363e+07 8.2256e+06
0.214 7.9573e+07 8.2031e+06
0.215 6.6493e+07 8.181e+06
0.216 6.522e+07 8.1591e+06
0.217 6.7529e+07 8.1374e+06
0.218 5.5805e+07 8.116e+06
0.219 6.3999e+07 8.0947e+06
0.22 7.4063e+07 8.0737e+06
0.221 6.4197e+07 8.053e+06
0.222 6.057e+07 8.0324e+06
0.223 6.5096e+07 8.012e+06
0.224 5.0615e+07 7.9918e+06
0.225 5.7798e+07 7.9718e+06
0.226 5.6809e+07 7.952e+06
0.227 6.3468e+07 7.9323e+06
0.228 5.8414e+07 7.9129e+06
0.229 6.3672e+07 7.8936e+06
0.23 5.097e+07 7.8744e+06
0.231 4.6411e+07 7.8554e+06
0.232 6.3177e+07 7.8366e+06
0.233 4.8055e+07 7.8179e+06
0.234 5.1334e+07 7.7994e+06
0.235 5.265e+07 7.781e+06
0.236 4.583e+07 7.7628e+06
0.237 5.8438e+07 7.7447e+06
0.238 4.8148e+07 7.7267e+06
0.239 5.9407e+07 7.7089e+06
0.24 4.0052e+07 7.6912e+06
0.241 4.9238e+07 7.6736e+06
0.242 7.0325e+07 7.6562e+06
0.243 5.0577e+07 7.6389e+06
0.244 5.4172e+07 7.6217e+06
0.245 4.5719e+07 7.6046e+06
0.246 5.2136e+07 7.5877e+06
0.247 5.2271e+07 7.5709e+06
0.248 4.5468e+07 7.5542e+06
0.249 4.2948e+07 7.5376e+06
0.25 5.1731e+07 7.5211e+06
0.251 4.8478e+07 7.5047e+06
0.252 4.6671e+07 7.4885e+06
0.253 5.9019e+07 7.4723e+06
0.254 4.5717e+07 7.4563e+06
0.255 4.2994e+07 7.4403e+06
0.256 4.953e+07 7.4245e+06
0.257 5.5272e+07 7.4088e+06
0.258 4.3706e+07 7.3932e+06
0.259 4.2475e+07 7.3777e+06
0.26 4.8898e+07 7.3622e+06
0.261 4.4685e+07 7.3469e+06
0.262 5.6261e+07 7.3317e+06
0.263 4.7813e+07 7.3166e+06
0.264 4.0783e+07 7.3016e+06
0.265 4.5362e+07 7.2866e+06
0.266 4.6606e+07 7.2718e+06
0.267 3.1607e+07 7.2571e+06
0.268 3.9169e+07 7.2424e+06
0.269 3.5031e+07 7.2279e+06
0.27 4.7847e+07 7.2134e+06
0.271 4.5713e+07 7.199e+06
0.272 4.3491e+07 7.1848e+06
0.273 3.4908e+07 7.1706e+06
0.274 4.3711e+07 7.1564e+06
0.275 4.6478e+07 7.1424e+06
0.276 3.9287e+07 7.1285e+06
0.277 4.0563e+07 7.1147e+06
0.278 4.0698e+07 7.1009e+06
0.279 4.4926e+07 7.0872e+06
0.28 4.19e+07 7.0736e+06
0.281 2.6521e+07 7.0601e+06
0.282 3.7459e+07 7.0467e+06
0.283 4.5522e+07 7.0333e+06
0.284 4.9748e+07 7.02e+06
0.285 3.6908e+07 7.0068e+06
0.286 3.9225e+07 6.9937e+06
0.287 4.495e+07 6.9807e+06
0.288 4.5502e+07 6.9677e+06
0.289 4.0606e+07 6.9548e+06
0.29 3.8466e+07 6.942e+06
0.291 3.9531e+07 6.9292e+06
0.292 2.0609e+07 6.9166e+06
0.293 3.0019e+07 6.904e+06
0.294 2.9165e+07 6.8914e+06
0.295 3.3629e+07 6.879e+06
0.296 4.2488e+07 6.8666e+06
0.297 2.9076e+07 6.8543e+06
0.298 4.0781e+07 6.8421e+06
0.299 3.378e+07 6.8299e+06
0.3 4.3164e+07 6.8178e+06
0.301 2.8173e+07 6.8057e+06
0.302 3.6672e+07 6.7938e+06
0.303 3.1627e+07 6.7819e+06
0.304 4.7711e+07 6.77e+06
0.305 3.4465e+07 6.7583e+06
0.306 2.9731e+07 6.7466e+06
0.307 3.4181e+07 6.7349e+06
0.308 3.0628e+07 6.7233e+06
0.309 4.3149e+07 6.7118e+06
0.31 3.3847e+07 6.7004e+06
0.311 3.1751e+07 6.689e+06
0.312 4.207e+07 6.6776e+06
0.313 2.4995e+07 6.6664e+06
0.314 3.0804e+07 6.6552e+06
0.315 4.2252e+07 6.644e+06
0.316 3.3013e+07 6.6329e+06
0.317 4.0642e+07 6.6219e+06
0.318 3.4577e+07 6.6109e+06
0.319 3.0136e+07 6.6e+06
0.32 3.5475e+07 6.5892e+06
0.321 3.2248e+07 6.5784e+06
0.322 4.8192e+07 6.5677e+06
0.323 2.8366e+07 6.557e+06
0.324 3.878e+07 6.5464e+06
0.325 4.2883e+07 6.5358e+06
0.326 3.2798e+07 6.5253e+06
0.327 3.5971e+07 6.5148e+06
0.328 3.1874e+07 6.5044e+06
0.329 2.2339e+07 6.4941e+06
0.33 1.9849e+07 6.4838e+06
0.331 2.5016e+07 6.4736e+06
0.332 3.3553e+07 6.4634e+06
0.333 2.2794e+07 6.4533e+06
0.334 1.8951e+07 6.4432e+06
0.335 3.0653e+07 6.4332e+06
0.336 2.4294e+07 6.4232e+06
0.337 3.7607e+07 6.4133e+06
0.338 1.9834e+07 6.4034e+06
0.339 2.346e+07 6.3936e+06
0.34 2.8478e+07 6.3839e+06
0.341 2.4071e+07 6.3742e+06
0.342 3.0574e+07 6.3645e+06
0.343 2.5377e+07 6.3549e+06
0.344 2.344e+07 6.3453e+06
0.345 2.8652e+07 6.3358e+06
0.346 2.5297e+07 6.3264e+06
0.347 2.475e+07 6.317e+06
0.348 1.6256e+07 6.3076e+06
0.349 3.4703e+07 6.2983e+06
0.35 3.1236e+07 6.289e+06
0.351 3.3271e+07 6.2798e+06
0.352 2.9414e+07 6.2706e+06
0.353 3.6417e+07 6.2615e+06
0.354 2.4209e+07 6.2524e+06
0.355 3.0629e+07 6.2434e+06
0.356 1.9766e+07 6.2344e+06
0.357 2.3989e+07 6.2255e+06
0.358 2.3876e+07 6.2166e+06
0.359 3.071e+07 6.2078e+06
0.36 1.5686e+07 6.199e+06
0.361 3.4175e+07 6.1902e+06
0.362 1.7118e+07 6.1815e+06
0.363 2.3247e+07 6.1728e+06
0.364 3.5244e+07 6.1642e+06
0.365 3.4107e+07 6.1556e+06
0.366 2.1058e+07 6.1471e+06
0.367 2.4646e+07 6.1386e+06
0.368 1.6152e+07 6.1301e+06
0.369 2.4322e+07 6.1217e+06
0.37 2.9536e+07 6.1133e+06
0.371 2.5891e+07 6.105e+06
0.372 3.0023e+07 6.0967e+06
0.373 2.9737e+07 6.0884e+06
0.374 2.8493e+07 6.0802e+06
0.375 2.6528e+07 6.0721e+06
0.376 3.0177e+07 6.0639e+06
0.377 3.4044e+07 6.0558e+06
0.378 2.5558e+07 6.0478e+06
0.379 2.5824e+07 6.0398e+06
0.38 4.6802e+07 6.0318e+06
0.381 2.7452e+07 6.0238e+06
0.382 1.937e+07 6.0159e+06
0.383 2.5635e+07 6.0081e+06
0.384 3.02e+07 6.0002e+06
0.385 2.2665e+07 5.9924e+06
0.386 2.4183e+07 5.9847e+06
0.387 2.955e+07 5.9769e+06
0.388 2.8607e+07 5.9692e+06
0.389 1.8681e+07 5.9616e+06
0.39 1.4274e+07 5.9539e+06
0.391 3.1779e+07 5.9463e+06
0.392 1.9013e+07 5.9388e+06
0.393 2.338e+07 5.9312e+06
0.394 2.3187e+07 5.9238e+06
0.395 2.1743e+07 5.9163e+06
0.396 3.1511e+07 5.9088e+06
0.397 2.9584e+07 5.9014e+06
0.398 3.18e+07 5.8941e+06
0.399 2.5959e+07 5.8867e+06
0.4 2.3064e+07 5.8794e+06
0.401 3.528e+07 5.8721e+06
0.402 2.548e+07 5.8649e+06
0.403 2.222e+07 5.8576e+06
0.404 3.2811e+07 5.8504e+06
0.405 2.9351e+07 5.8433e+06
0.406 2.0214e+07 5.8361e+06
0.407 2.0826e+07 5.829e+06
0.408 3.2197e+07 5.8219e+06
0.409 2.249e+07 5.8148e+06
0.41 3.1922e+07 5.8078e+06
0.411 2.6186e+07 5.8008e+06
0.412 2.6489e+07 5.7938e+06
0.413 2.157e+07 5.7868e+06
0.414 3.0054e+07 5.7799e+06
0.415 3.1543e+07 5.773e+06
0.416 2.4254e+07 5.7661e+06
0.417 2.9806e+07 5.7592e+06
0.418 2.906e+07 5.7524e+06
0.419 2.7383e+07 5.7455e+06
0.42 1.8703e+07 5.7388e+06
0.421 2.5354e+07 5.732e+06
0.422 4.1247e+07 5.7252e+06
0.423 3.5304e+07 5.7185e+06
0.424 2.2447e+07 5.7118e+06
0.425 2.9426e+07 5.7051e+06
0.426 2.7345e+07 5.6985e+06
0.427 2.5122e+07 5.6918e+06
0.428 3.1008e+07 5.6852e+06
0.429 2.728e+07 5.6786e+06
0.43 4.0075e+07 5.672e+06
0.431 2.5823e+07 5.6655e+06
0.432 3.1581e+07 5.6589e+06
0.433 3.5755e+07 5.6524e+06
0.434 3.2384e+07 5.6459e+06
0.435 2.101e+07 5.6395e+06
0.436 3.0351e+07 5.633e+06
0.437 3.6592e+07 5.6266e+06
0.438 2.7153e+07 5.6202e+06
0.439 3.7721e+07 5.6138e+06
0.44 2.1677e+07 5.6074e+06
0.441 3.4309e+07 5.6011e+06
0.442 1.6393e+07 5.5947e+06
0.443 2.085e+07 5.5884e+06
0.444 3.5261e+07 5.5821e+06
0.445 3.4887e+07 5.5759e+06
0.446 2.4876e+07 5.5696e+06
0.447 2.0093e+07 5.5634e+06
0.448 3.5571e+07 5.5572e+06
0.449 3.3566e+07 5.551e+06
0.45 2.4167e+07 5.5448e+06
0.451 3.2152e+07 5.5386e+06
0.452 3.2137e+07 5.5325e+06
0.453 2.8951e+07 5.5264e+06
0.454 2.0229e+07 5.5203e+06
0.455 2.7129e+07 5.5142e+06
0.456 3.0086e+07 5.5082e+06
0.457 3.0822e+07 5.5022e+06
0.458 3.5132e+07 5.4961e+06
0.459 2.0301e+07 5.4901e+06
0.46 3.5041e+07 5.4842e+06
0.461 2.4633e+07 5.4782e+06
0.462 3.4721e+07 5.4723e+06
0.463 3.4146e+07 5.4664e+06
0.464 2.3906e+07 5.4605e+06
0.465 2.2012e+07 5.4546e+06
0.466 2.8106e+07 5.4488e+06
0.467 2.921e+07 5.4429e+06
0.468 2.1191e+07 5.4371e+06
0.469 1.5946e+07 5.4313e+06
0.47 2.7572e+07 5.4256e+06
0.471 2.7865e+07 5.4198e+06
0.472 1.7993e+07 5.4141e+06
0.473 2.9133e+07 5.4084e+06
0.474 3.5754e+07 5.4027e+06
0.475 2.4421e+07 5.397e+06
0.476 2.6495e+07 5.3913e+06
0.477 2.8503e+07 5.3857e+06
0.478 2.701e+07 5.3801e+06
0.479 3.7027e+07 5.3745e+06
0.48 2.6719e+07 5.3689e+06
0.481 2.7595e+07 5.3634e+06
0.482 2.8799e+07 5.3579e+06
0.483 2.5175e+07 5.3524e+06
0.484 3.5418e+07 5.3469e+06
0.485 2.5814e+07 5.3414e+06
0.486 3.0697e+07 5.3359e+06
0.487 3.0399e+07 5.3305e+06
0.488 1.9403e+07 5.3251e+06
0.489 2.9088e+07 5.3197e+06
0.49 2.8426e+07 5.3143e+06
0.491 3.1559e+07 5.309e+06
0.492 2.7792e+07 5.3036e+06
0.493 2.9278e+07 5.2983e+06
0.494 1.8947e+07 5.293e+06
0.495 3.5353e+07 5.2877e+06
0.496 3.4294e+07 5.2825e+06
0.497 2.2637e+07 5.2772e+06
0.498 2.511e+07 5.272e+06
0.499 2.3272e+07 5.2668e+06
0.5 2.743e+07 5.2616e+06
