0.001 1.341e+09 2.682e+07
0.002 1.2149e+09 2.4297e+07
0.003 1.1191e+09 2.2382e+07
0.004 1.1965e+09 2.393e+07
0.005 1.2081e+09 2.4162e+07
0.006 1.173e+09 2.3461e+07
0.007 1.1873e+09 2.3746e+07
0.008 1.1903e+09 2.3807e+07
0.009 1.1589e+09 2.3178e+07
0.01 1.1601e+09 2.3202e+07
0.011 1.1798e+09 2.3596e+07
0.012 1.1896e+09 2.3792e+07
0.013 1.1454e+09 2.2909e+07
0.014 1.151e+09 2.3021e+07
0.015 1.1542e+09 2.3085e+07
0.016 1.1584e+09 2.3167e+07
0.017 1.1664e+09 2.3327e+07
0.018 1.1825e+09 2.3651e+07
0.019 1.1641e+09 2.3283e+07
0.02 1.1365e+09 2.2731e+07
0.021 1.1729e+09 2.3458e+07
0.022 1.1407e+09 2.2815e+07
0.023 1.1323e+09 2.2645e+07
0.024 1.1458e+09 2.2915e+07
0.025 1.1513e+09 2.3026e+07
0.026 1.104e+09 2.2081e+07
0.027 1.0923e+09 2.1846e+07
0.028 1.1201e+09 2.2403e+07
0.029 1.1191e+09 2.2382e+07
0.03 1.0834e+09 2.1668e+07
0.031 1.0866e+09 2.1731e+07
0.032 1.1054e+09 2.2109e+07
0.033 1.0889e+09 2.1777e+07
0.034 1.0885e+09 2.177e+07
0.035 1.0928e+09 2.1856e+07
0.036 1.064e+09 2.128e+07
0.037 1.052e+09 2.104e+07
0.038 1.0724e+09 2.1448e+07
0.039 1.0472e+09 2.0943e+07
0.04 1.0483e+09 2.0967e+07
0.041 1.0502e+09 2.1005e+07
0.042 1.0407e+09 2.0814e+07
0.043 1.0336e+09 2.0673e+07
0.044 1.0185e+09 2.0369e+07
0.045 1.0195e+09 2.0389e+07
0.046 1.0122e+09 2.0244e+07
0.047 1.0085e+09 2.017e+07
0.048 9.9161e+08 1.9832e+07
0.049 1.0028e+09 2.0056e+07
0.05 9.8971e+08 1.9794e+07
0.051 9.8567e+08 1.9713e+07
0.052 9.6779e+08 1.9356e+07
0.053 9.7944e+08 1.9589e+07
0.054 9.6279e+08 1.9256e+07
0.055 9.4438e+08 1.8888e+07
0.056 9.3149e+08 1.863e+07
0.057 9.3147e+08 1.8629e+07
0.058 9.2405e+08 1.8481e+07
0.059 9.0423e+08 1.8085e+07
0.06 9.0144e+08 1.8029e+07
0.061 8.8818e+08 1.7764e+07
0.062 8.8418e+08 1.7684e+07
0.063 8.7578e+08 1.7516e+07
0.064 8.5922e+08 1.7184e+07
0.065 8.7149e+08 1.743e+07
0.066 8.5993e+08 1.7199e+07
0.067 8.4789e+08 1.6958e+07
0.068 8.5348e+08 1.707e+07
0.069 8.3609e+08 1.6722e+07
0.07 8.1743e+08 1.6349e+07
0.071 8.1018e+08 1.6204e+07
0.072 8.1906e+08 1.6381e+07
0.073 7.9744e+08 1.5949e+07
0.074 7.9101e+08 1.582e+07
0.075 7.8777e+08 1.5755e+07
0.076 7.7835e+08 1.5567e+07
0.077 7.5952e+08 1.519e+07
0.078 7.521e+08 1.5042e+07
0.079 7.4513e+08 1.4903e+07
0.08 7.388e+08 1.4776e+07
0.081 7.233e+08 1.4466e+07
0.082 7.2897e+08 1.4579e+07
0.083 6.993e+08 1.3986e+07
0.084 6.8383e+08 1.3677e+07
0.085 6.9028e+08 1.3806e+07
0.086 6.8781e+08 1.3756e+07
0.087 6.7546e+08 1.3509e+07
0.088 6.6931e+08 1.3386e+07
0.089 6.596e+08 1.3192e+07
0.09 6.4649e+08 1.293e+07
0.091 6.5011e+08 1.3002e+07
0.092 6.3457e+08 1.2691e+07
0.093 6.1444e+08 1.2289e+07
0.094 6.092e+08 1.2184e+07
0.095 6.0626e+08 1.2125e+07
0.096 6.0931e+08 1.2186e+07
0.097 5.855e+08 1.171e+07
0.098 5.9048e+08 1.181e+07
0.099 5.815e+08 1.163e+07
0.1 5.6107e+08 1.1221e+07
0.101 5.5564e+08 1.1113e+07
0.102 5.4694e+08 1.0939e+07
0.103 5.2852e+08 1.057e+07
0.104 5.3153e+08 1.0631e+07
0.105 5.2178e+08 1.0436e+07
0.106 5.1393e+08 1.0279e+07
0.107 5.128e+08 1.0256e+07
0.108 5.1288e+08 1.0258e+07
0.109 4.953e+08 9.9059e+06
0.11 4.8923e+08 9.7847e+06
0.111 4.7664e+08 9.5328e+06
0.112 4.7263e+08 9.4527e+06
0.113 4.6623e+08 9.3246e+06
0.114 4.4647e+08 8.9294e+06
0.115 4.5437e+08 9.0874e+06
0.116 4.4473e+08 8.8945e+06
0.117 4.2832e+08 8.5664e+06
0.118 4.1929e+08 8.3857e+06
0.119 4.2346e+08 8.4691e+06
0.12 4.2018e+08 8.4036e+06
0.121 4.0848e+08 8.1696e+06
0.122 4.0382e+08 8.0764e+06
0.123 3.9122e+08 7.8245e+06
0.124 3.8073e+08 7.6146e+06
0.125 3.7612e+08 7.5223e+06
0.126 3.6922e+08 7.3845e+06
0.127 3.5522e+08 7.1044e+06
0.128 3.5076e+08 7.0152e+06
0.129 3.5081e+08 7.0162e+06
0.13 3.3659e+08 6.7319e+06
0.131 3.3938e+08 6.7876e+06
0.132 3.4087e+08 6.8173e+06
0.133 3.299e+08 6.5979e+06
0.134 3.1787e+08 6.3574e+06
0.135 3.142e+08 6.2841e+06
0.136 3.0112e+08 6.0225e+06
0.137 2.9195e+08 5.839e+06
0.138 2.9684e+08 5.9369e+06
0.139 2.8724e+08 5.7449e+06
0.14 2.8456e+08 5.6911e+06
0.141 2.8106e+08 5.6213e+06
0.142 2.8107e+08 5.6214e+06
0.143 2.6261e+08 5.2523e+06
0.144 2.6759e+08 5.3519e+06
0.145 2.5655e+08 5.1311e+06
0.146 2.4565e+08 4.9131e+06
0.147 2.4458e+08 4.8917e+06
0.148 2.3947e+08 4.7894e+06
0.149 2.3845e+08 4.7689e+06
0.15 2.2865e+08 4.5729e+06
0.151 2.323e+08 4.6461e+06
0.152 2.2729e+08 4.5458e+06
0.153 2.1099e+08 4.2197e+06
0.154 2.2416e+08 4.4832e+06
0.155 2.1826e+08 4.3653e+06
0.156 2.0539e+08 4.1078e+06
0.157 2.0184e+08 4.0369e+06
0.158 1.8744e+08 3.7487e+06
0.159 1.854e+08 3.708e+06
0.16 1.8532e+08 3.7064e+06
0.161 1.882e+08 3.7639e+06
0.162 1.8469e+08 3.6939e+06
0.163 1.6943e+08 3.3886e+06
0.164 1.7811e+08 3.5622e+06
0.165 1.706e+08 3.4119e+06
0.166 1.643e+08 3.2859e+06
0.167 1.7386e+08 3.4771e+06
0.168 1.5754e+08 3.1509e+06
0.169 1.5341e+08 3.0682e+06
0.17 1.5326e+08 3.0652e+06
0.171 1.4686e+08 2.9371e+06
0.172 1.4672e+08 2.9344e+06
0.173 1.5081e+08 3.0163e+06
0.174 1.3604e+08 2.7208e+06
0.175 1.3563e+08 2.7127e+06
0.176 1.2933e+08 2.5866e+06
0.177 1.2987e+08 2.5975e+06
0.178 1.2763e+08 2.5526e+06
0.179 1.2557e+08 2.5114e+06
0.18 1.1583e+08 2.3166e+06
0.181 1.1556e+08 2.3111e+06
0.182 1.1329e+08 2.2658e+06
0.183 1.1758e+08 2.3516e+06
0.184 1.1094e+08 2.2189e+06
0.185 1.033e+08 2.066e+06
0.186 1.0783e+08 2.1565e+06
0.187 1.0482e+08 2.0963e+06
0.188 1.0089e+08 2.0178e+06
0.189 9.7046e+07 1.9409e+06
0.19 9.8543e+07 1.9709e+06
0.191 9.6223e+07 1.9245e+06
0.192 8.6603e+07 1.7321e+06
0.193 8.784e+07 1.7568e+06
0.194 8.5309e+07 1.7062e+06
0.195 9.0166e+07 1.8033e+06
0.196 7.7735e+07 1.5547e+06
0.197 8.1468e+07 1.6294e+06
0.198 7.9661e+07 1.5932e+06
0.199 7.8379e+07 1.5676e+06
0.2 7.7625e+07 1.5525e+06
0.201 7.3749e+07 1.475e+06
0.202 7.5185e+07 1.5037e+06
0.203 7.4568e+07 1.4914e+06
0.204 7.2253e+07 1.4451e+06
0.205 7.4072e+07 1.4814e+06
0.206 6.4056e+07 1.2811e+06
0.207 7.3098e+07 1.462e+06
0.208 6.7875e+07 1.3575e+06
0.209 6.4538e+07 1.2908e+06
0.21 5.9701e+07 1.194e+06
0.211 6.0275e+07 1.2055e+06
0.212 5.5689e+07 1.1138e+06
0.213 5.4863e+07 1.0973e+06
0.214 5.0388e+07 1.0078e+06
0.215 5.2683e+07 1.0537e+06
0.216 5.6279e+07 1.1256e+06
0.217 5.6473e+07 1.1295e+06
0.218 5.2356e+07 1.0471e+06
0.219 5.3337e+07 1.0667e+06
0.22 5.0932e+07 1.0186e+06
0.221 4.1491e+07 8.2981e+05
0.222 4.9162e+07 9.8324e+05
0.223 4.9776e+07 9.9552e+05
0.224 5.32e+07 1.064e+06
0.225 4.4179e+07 8.8357e+05
0.226 3.779e+07 7.558e+05
0.227 3.8291e+07 7.6582e+05
0.228 3.659e+07 7.3181e+05
0.229 3.5453e+07 7.0906e+05
0.23 4.4133e+07 8.8266e+05
0.231 3.8798e+07 7.7597e+05
0.232 3.8062e+07 7.6124e+05
0.233 3.3383e+07 6.6766e+05
0.234 4.1064e+07 8.2127e+05
0.235 4.0218e+07 8.0436e+05
0.236 3.3358e+07 6.6716e+05
0.237 3.6237e+07 7.2475e+05
0.238 3.4411e+07 6.8822e+05
0.239 3.5806e+07 7.1611e+05
0.24 3.4853e+07 6.9705e+05
0.241 3.4097e+07 6.8194e+05
0.242 3.3284e+07 6.6568e+05
0.243 2.5533e+07 5.1067e+05
0.244 3.2019e+07 6.4038e+05
0.245 3.1716e+07 6.3433e+05
0.246 2.9116e+07 5.8232e+05
0.247 2.6721e+07 5.3441e+05
0.248 2.5164e+07 5.0327e+05
0.249 3.2245e+07 6.449e+05
0.25 2.3865e+07 4.7729e+05
0.251 3e+07 6e+05
0.252 2.5958e+07 5.1916e+05
0.253 2.7982e+07 5.5963e+05
0.254 2.6841e+07 5.3682e+05
0.255 2.7831e+07 5.5662e+05
0.256 2.6643e+07 5.3285e+05
0.257 2.2376e+07 4.4751e+05
0.258 2.3167e+07 4.6333e+05
0.259 2.3378e+07 4.6757e+05
0.26 2.479e+07 4.9581e+05
0.261 2.1483e+07 4.2965e+05
0.262 2.0444e+07 4.0888e+05
0.263 2.5469e+07 5.0939e+05
0.264 2.3082e+07 4.6165e+05
0.265 1.9315e+07 3.8631e+05
0.266 2.8507e+07 5.7015e+05
0.267 2.4272e+07 4.8545e+05
0.268 2.2802e+07 4.5603e+05
0.269 1.7646e+07 3.5292e+05
0.27 1.8164e+07 3.6328e+05
0.271 1.7726e+07 3.5451e+05
0.272 2.2016e+07 4.4032e+05
0.273 1.8531e+07 3.7062e+05
0.274 1.986e+07 3.972e+05
0.275 1.8378e+07 3.6755e+05
0.276 1.4462e+07 2.8924e+05
0.277 2.0719e+07 4.1438e+05
0.278 2.1099e+07 4.2198e+05
0.279 1.5812e+07 3.1623e+05
0.28 1.8257e+07 3.6513e+05
0.281 1.5772e+07 3.1545e+05
0.282 1.345e+07 2.69e+05
0.283 2.0277e+07 4.0553e+05
0.284 1.2692e+07 2.5385e+05
0.285 1.7553e+07 3.5106e+05
0.286 1.3617e+07 2.7234e+05
0.287 1.2491e+07 2.4981e+05
0.288 1.226e+07 2.452e+05
0.289 1.4266e+07 2.8531e+05
0.29 1.4491e+07 2.8982e+05
0.291 1.9263e+07 3.8526e+05
0.292 1.6194e+07 3.2387e+05
0.293 1.6406e+07 3.2812e+05
0.294 1.5707e+07 3.1413e+05
0.295 1.7509e+07 3.5017e+05
0.296 1.5417e+07 3.0834e+05
0.297 1.9512e+07 3.9024e+05
0.298 1.1049e+07 2.2097e+05
0.299 1.0509e+07 2.1019e+05
0.3 1.5407e+07 3.0814e+05
0.301 1.1677e+07 2.3355e+05
0.302 1.4718e+07 2.9436e+05
0.303 1.4804e+07 2.9609e+05
0.304 1.5863e+07 3.1726e+05
0.305 1.192e+07 2.384e+05
0.306 1.6448e+07 3.2896e+05
0.307 1.5382e+07 3.0765e+05
0.308 1.4432e+07 2.8864e+05
0.309 1.3631e+07 2.7262e+05
0.31 1.3691e+07 2.7383e+05
0.311 1.7012e+07 3.4025e+05
0.312 1.4521e+07 2.9042e+05
0.313 1.6498e+07 3.2997e+05
0.314 1.5554e+07 3.1109e+05
0.315 1.299e+07 2.5981e+05
0.316 1.3942e+07 2.7884e+05
0.317 1.851e+07 3.7019e+05
0.318 1.2451e+07 2.4901e+05
0.319 4.4059e+06 88119
0.32 1.4715e+07 2.9431e+05
0.321 1.3679e+07 2.7359e+05
0.322 1.6485e+07 3.297e+05
0.323 9.5335e+06 1.9067e+05
0.324 1.2256e+07 2.4512e+05
0.325 1.4239e+07 2.8478e+05
0.326 1.1873e+07 2.3746e+05
0.327 1.3227e+07 2.6455e+05
0.328 1.2725e+07 2.545e+05
0.329 1.2023e+07 2.4047e+05
0.33 1.3751e+07 2.7502e+05
0.331 1.5585e+07 3.1169e+05
0.332 1.2354e+07 2.4708e+05
0.333 1.1207e+07 2.2414e+05
0.334 1.8492e+07 3.6984e+05
0.335 9.5458e+06 1.9092e+05
0.336 1.2925e+07 2.5849e+05
0.337 8.3372e+06 1.6674e+05
0.338 1.2109e+07 2.4219e+05
0.339 1.5103e+07 3.0206e+05
0.34 1.5968e+07 3.1936e+05
0.341 1.4189e+07 2.8378e+05
0.342 9.8982e+06 1.9796e+05
0.343 1.0652e+07 2.1305e+05
0.344 1.6409e+07 3.2818e+05
0.345 1.71e+07 3.4201e+05
0.346 1.4734e+07 2.9468e+05
0.347 1.1354e+07 2.2708e+05
0.348 1.216e+07 2.4321e+05
0.349 9.8943e+06 1.9789e+05
0.35 1.3805e+07 2.761e+05
0.351 1.4621e+07 2.9242e+05
0.352 1.5006e+07 3.0012e+05
0.353 1.5489e+07 3.0978e+05
0.354 1.4062e+07 2.8123e+05
0.355 1.6733e+07 3.3466e+05
0.356 1.9411e+07 3.8822e+05
0.357 1.6389e+07 3.2779e+05
0.358 1.369e+07 2.738e+05
0.359 1.4655e+07 2.9309e+05
0.36 1.6198e+07 3.2396e+05
0.361 1.7407e+07 3.4814e+05
0.362 1.3153e+07 2.6307e+05
0.363 1.7186e+07 3.4371e+05
0.364 9.8124e+06 1.9625e+05
0.365 1.3639e+07 2.7279e+05
0.366 1.9857e+07 3.9714e+05
0.367 1.7829e+07 3.5659e+05
0.368 1.4815e+07 2.9631e+05
0.369 1.8455e+07 3.691e+05
0.37 1.818e+07 3.636e+05
0.371 1.9059e+07 3.8118e+05
0.372 1.634e+07 3.2679e+05
0.373 1.9024e+07 3.8048e+05
0.374 1.8795e+07 3.759e+05
0.375 1.5428e+07 3.0856e+05
0.376 1.7196e+07 3.4392e+05
0.377 1.9211e+07 3.8422e+05
0.378 1.7104e+07 3.4207e+05
0.379 1.7361e+07 3.4722e+05
0.38 1.9076e+07 3.8151e+05
0.381 1.3877e+07 2.7755e+05
0.382 2.0832e+07 4.1663e+05
0.383 1.9213e+07 3.8427e+05
0.384 1.3002e+07 2.6003e+05
0.385 1.4611e+07 2.9221e+05
0.386 1.6557e+07 3.3114e+05
0.387 1.4093e+07 2.8186e+05
0.388 1.8812e+07 3.7624e+05
0.389 1.9888e+07 3.9775e+05
0.39 1.882e+07 3.7639e+05
0.391 1.5239e+07 3.0478e+05
0.392 1.6251e+07 3.2503e+05
0.393 1.7525e+07 3.505e+05
0.394 1.6092e+07 3.2183e+05
0.395 1.7703e+07 3.5406e+05
0.396 2.3329e+07 4.6658e+05
0.397 1.5532e+07 3.1065e+05
0.398 1.644e+07 3.288e+05
0.399 1.6841e+07 3.3682e+05
0.4 1.8461e+07 3.6922e+05
0.401 1.857e+07 3.714e+05
0.402 2.2646e+07 4.5292e+05
0.403 1.7562e+07 3.5124e+05
0.404 2.2094e+07 4.4188e+05
0.405 1.9131e+07 3.8261e+05
0.406 1.7979e+07 3.5958e+05
0.407 1.9916e+07 3.9831e+05
0.408 1.6405e+07 3.281e+05
0.409 1.9104e+07 3.8209e+05
0.41 1.7004e+07 3.4007e+05
0.411 1.837e+07 3.6741e+05
0.412 2.0821e+07 4.1641e+05
0.413 1.9505e+07 3.901e+05
0.414 1.6155e+07 3.231e+05
0.415 1.9611e+07 3.9222e+05
0.416 1.9607e+07 3.9214e+05
0.417 1.9631e+07 3.9261e+05
0.418 1.7297e+07 3.4594e+05
0.419 1.9899e+07 3.9798e+05
0.42 2.2192e+07 4.4383e+05
0.421 2.0491e+07 4.0982e+05
0.422 1.7227e+07 3.4454e+05
0.423 1.9595e+07 3.9191e+05
0.424 1.9434e+07 3.8867e+05
0.425 2.1962e+07 4.3923e+05
0.426 1.9674e+07 3.9348e+05
0.427 1.3419e+07 2.6839e+05
0.428 2.0502e+07 4.1005e+05
0.429 1.759e+07 3.518e+05
0.43 1.8352e+07 3.6704e+05
0.431 2.4071e+07 4.8141e+05
0.432 1.6528e+07 3.3056e+05
0.433 1.877e+07 3.754e+05
0.434 1.9874e+07 3.9749e+05
0.435 1.9637e+07 3.9274e+05
0.436 1.6446e+07 3.2893e+05
0.437 2.3314e+07 4.6627e+05
0.438 2.5847e+07 5.1694e+05
0.439 2.2512e+07 4.5024e+05
0.44 2.0288e+07 4.0576e+05
0.441 2.0611e+07 4.1222e+05
0.442 1.7395e+07 3.479e+05
0.443 1.7687e+07 3.5374e+05
0.444 1.9307e+07 3.8614e+05
0.445 1.592e+07 3.1841e+05
0.446 2.1322e+07 4.2644e+05
0.447 2.6225e+07 5.2451e+05
0.448 2.0288e+07 4.0576e+05
0.449 1.8693e+07 3.7385e+05
0.45 2.0639e+07 4.1278e+05
0.451 2.1337e+07 4.2674e+05
0.452 1.6558e+07 3.3117e+05
0.453 2.2069e+07 4.4138e+05
0.454 1.9247e+07 3.8493e+05
0.455 2.0403e+07 4.0806e+05
0.456 2.4166e+07 4.8332e+05
0.457 1.8678e+07 3.7355e+05
0.458 1.743e+07 3.4859e+05
0.459 2.3109e+07 4.6219e+05
0.46 2.1917e+07 4.3833e+05
0.461 2.0104e+07 4.0208e+05
0.462 2.2438e+07 4.4876e+05
0.463 1.571e+07 3.142e+05
0.464 2.2653e+07 4.5306e+05
0.465 2.1388e+07 4.2776e+05
0.466 1.7559e+07 3.5117e+05
0.467 2.0768e+07 4.1537e+05
0.468 2.3796e+07 4.7591e+05
0.469 2.3022e+07 4.6045e+05
0.47 1.8499e+07 3.6998e+05
0.471 1.9097e+07 3.8194e+05
0.472 2.0799e+07 4.1598e+05
0.473 1.9666e+07 3.9332e+05
0.474 1.9665e+07 3.9331e+05
0.475 1.653e+07 3.306e+05
0.476 1.6278e+07 3.2555e+05
0.477 1.9346e+07 3.8693e+05
0.478 1.8359e+07 3.6719e+05
0.479 2.3439e+07 4.6879e+05
0.48 1.6019e+07 3.2038e+05
0.481 2.0728e+07 4.1456e+05
0.482 2.0608e+07 4.1216e+05
0.483 1.8663e+07 3.7326e+05
0.484 1.9294e+07 3.8589e+05
0.485 1.7551e+07 3.5101e+05
0.486 1.7079e+07 3.4157e+05
0.487 1.8578e+07 3.7157e+05
0.488 1.9202e+07 3.8404e+05
0.489 1.9662e+07 3.9324e+05
0.49 1.8593e+07 3.7186e+05
0.491 1.5736e+07 3.1472e+05
0.492 2.0847e+07 4.1695e+05
0.493 1.7877e+07 3.5755e+05
0.494 1.6969e+07 3.3937e+05
0.495 1.7304e+07 3.4608e+05
0.496 1.7152e+07 3.4304e+05
0.497 2.0131e+07 4.0261e+05
0.498 2.0146e+07 4.0292e+05
0.499 1.8158e+07 3.6316e+05
0.5 2.2573e+07 4.5146e+05
