0.001 9.334e+09 4.9445e+08
0.002 9.8103e+09 3.4955e+08
0.003 9.5752e+09 2.8531e+08
0.004 9.2812e+09 2.4696e+08
0.005 9.5121e+09 2.2075e+08
0.006 9.4017e+09 2.0135e+08
0.007 9.3053e+09 1.8625e+08
0.008 9.2134e+09 1.7403e+08
0.009 9.2614e+09 1.6388e+08
0.01 9.3615e+09 1.5526e+08
0.011 9.0876e+09 1.4782e+08
0.012 9.2706e+09 1.413e+08
0.013 9.2318e+09 1.3551e+08
0.014 9.1906e+09 1.3034e+08
0.015 9.1724e+09 1.2566e+08
0.016 9.0821e+09 1.2141e+08
0.017 8.7353e+09 1.1751e+08
0.018 9.0039e+09 1.1392e+08
0.019 8.9807e+09 1.106e+08
0.02 9.0293e+09 1.0751e+08
0.021 8.6046e+09 1.0462e+08
0.022 8.8448e+09 1.0191e+08
0.023 8.5713e+09 9.9361e+07
0.024 8.5611e+09 9.6955e+07
0.025 8.3701e+09 9.4679e+07
0.026 8.3463e+09 9.2518e+07
0.027 8.3657e+09 9.0462e+07
0.028 8.1949e+09 8.8502e+07
0.029 8.031e+09 8.6629e+07
0.03 8.1741e+09 8.4837e+07
0.031 7.973e+09 8.3118e+07
0.032 7.9909e+09 8.1466e+07
0.033 7.7445e+09 7.9878e+07
0.034 7.7627e+09 7.8348e+07
0.035 7.7307e+09 7.6872e+07
0.036 7.4794e+09 7.5446e+07
0.037 7.5046e+09 7.4068e+07
0.038 7.3617e+09 7.2734e+07
0.039 7.2059e+09 7.1442e+07
0.04 7.2625e+09 7.0189e+07
0.041 7.2974e+09 6.8973e+07
0.042 6.9609e+09 6.7791e+07
0.043 6.9871e+09 6.6643e+07
0.044 6.8038e+09 6.5527e+07
0.045 6.7251e+09 6.444e+07
0.046 6.6411e+09 6.3381e+07
0.047 6.5092e+09 6.235e+07
0.048 6.3428e+09 6.1345e+07
0.049 6.3566e+09 6.0365e+07
0.05 6.2485e+09 5.9408e+07
0.051 6.1296e+09 5.8475e+07
0.052 6.0493e+09 5.7563e+07
0.053 5.8872e+09 5.6673e+07
0.054 5.8506e+09 5.5803e+07
0.055 5.8232e+09 5.4953e+07
0.056 5.7206e+09 5.4122e+07
0.057 5.5127e+09 5.331e+07
0.058 5.4504e+09 5.2515e+07
0.059 5.3293e+09 5.1739e+07
0.06 5.2603e+09 5.0978e+07
0.061 5.1904e+09 5.0235e+07
0.062 5.061e+09 4.9507e+07
0.063 4.9504e+09 4.8795e+07
0.064 4.9496e+09 4.8098e+07
0.065 4.7088e+09 4.7416e+07
0.066 4.644e+09 4.6749e+07
0.067 4.6104e+09 4.6095e+07
0.068 4.5576e+09 4.5456e+07
0.069 4.4084e+09 4.483e+07
0.07 4.3384e+09 4.4217e+07
0.071 4.2148e+09 4.3617e+07
0.072 4.1381e+09 4.3029e+07
0.073 4.1047e+09 4.2454e+07
0.074 4.0335e+09 4.1891e+07
0.075 3.9164e+09 4.134e+07
0.076 3.8477e+09 4.0801e+07
0.077 3.7972e+09 4.0273e+07
0.078 3.7277e+09 3.9756e+07
0.079 3.6218e+09 3.925e+07
0.08 3.5605e+09 3.8755e+07
0.081 3.4192e+09 3.827e+07
0.082 3.3519e+09 3.7796e+07
0.083 3.3295e+09 3.7331e+07
0.084 3.2944e+09 3.6877e+07
0.085 3.2691e+09 3.6432e+07
0.086 3.1055e+09 3.5997e+07
0.087 3.0814e+09 3.5571e+07
0.088 3.0032e+09 3.5154e+07
0.089 2.9748e+09 3.4746e+07
0.09 2.8849e+09 3.4347e+07
0.091 2.8884e+09 3.3956e+07
0.092 2.7957e+09 3.3574e+07
0.093 2.6944e+09 3.3199e+07
0.094 2.642e+09 3.2833e+07
0.095 2.5761e+09 3.2475e+07
0.096 2.5405e+09 3.2124e+07
0.097 2.527e+09 3.178e+07
0.098 2.4089e+09 3.1444e+07
0.099 2.4196e+09 3.1115e+07
0.1 2.3633e+09 3.0793e+07
0.101 2.2678e+09 3.0478e+07
0.102 2.2706e+09 3.0169e+07
0.103 2.225e+09 2.9866e+07
0.104 2.2106e+09 2.957e+07
0.105 2.0952e+09 2.928e+07
0.106 2.025e+09 2.8996e+07
0.107 1.9957e+09 2.8717e+07
0.108 2.001e+09 2.8444e+07
0.109 1.976e+09 2.8177e+07
0.11 1.9558e+09 2.7915e+07
0.111 1.8334e+09 2.7658e+07
0.112 1.8608e+09 2.7406e+07
0.113 1.8179e+09 2.7159e+07
0.114 1.7441e+09 2.6917e+07
0.115 1.7202e+09 2.6679e+07
0.116 1.7517e+09 2.6446e+07
0.117 1.6349e+09 2.6217e+07
0.118 1.6359e+09 2.5992e+07
0.119 1.5768e+09 2.5771e+07
0.12 1.5415e+09 2.5554e+07
0.121 1.5711e+09 2.5341e+07
0.122 1.496e+09 2.5132e+07
0.123 1.4737e+09 2.4927e+07
0.124 1.4114e+09 2.4725e+07
0.125 1.4143e+09 2.4526e+07
0.126 1.3426e+09 2.4331e+07
0.127 1.3168e+09 2.4139e+07
0.128 1.3259e+09 2.395e+07
0.129 1.2807e+09 2.3764e+07
0.13 1.2895e+09 2.3581e+07
0.131 1.2232e+09 2.3401e+07
0.132 1.2392e+09 2.3224e+07
0.133 1.1858e+09 2.305e+07
0.134 1.1502e+09 2.2878e+07
0.135 1.132e+09 2.2709e+07
0.136 1.1545e+09 2.2542e+07
0.137 1.1084e+09 2.2378e+07
0.138 1.0934e+09 2.2217e+07
0.139 1.0774e+09 2.2057e+07
0.14 1.0682e+09 2.19e+07
0.141 1.0256e+09 2.1746e+07
0.142 9.8603e+08 2.1593e+07
0.143 9.4889e+08 2.1443e+07
0.144 9.6107e+08 2.1295e+07
0.145 8.8272e+08 2.1149e+07
0.146 9.1087e+08 2.1005e+07
0.147 8.9927e+08 2.0863e+07
0.148 8.5196e+08 2.0723e+07
0.149 8.2408e+08 2.0585e+07
0.15 7.8956e+08 2.0449e+07
0.151 7.8437e+08 2.0315e+07
0.152 7.4329e+08 2.0183e+07
0.153 7.5699e+08 2.0053e+07
0.154 7.2074e+08 1.9925e+07
0.155 7.3686e+08 1.9798e+07
0.156 6.8162e+08 1.9674e+07
0.157 6.7914e+08 1.9551e+07
0.158 6.8375e+08 1.943e+07
0.159 6.3773e+08 1.931e+07
0.16 6.2091e+08 1.9193e+07
0.161 6.4136e+08 1.9077e+07
0.162 6.0065e+08 1.8963e+07
0.163 6.4553e+08 1.885e+07
0.164 5.6731e+08 1.8739e+07
0.165 5.4588e+08 1.863e+07
0.166 5.4997e+08 1.8523e+07
0.167 5.3572e+08 1.8417e+07
0.168 5.1651e+08 1.8313e+07
0.169 4.9835e+08 1.8211e+07
0.17 4.8666e+08 1.811e+07
0.171 4.7577e+08 1.8011e+07
0.172 4.676e+08 1.7913e+07
0.173 4.5273e+08 1.7817e+07
0.174 4.5465e+08 1.7722e+07
0.175 4.1644e+08 1.7629e+07
0.176 3.9009e+08 1.7538e+07
0.177 3.8562e+08 1.7448e+07
0.178 3.7709e+08 1.7359e+07
0.179 3.4192e+08 1.7273e+07
0.18 3.5166e+08 1.7187e+07
0.181 3.6164e+08 1.7103e+07
0.182 3.253e+08 1.7021e+07
0.183 3.5247e+08 1.6939e+07
0.184 3.22e+08 1.686e+07
0.185 2.777e+08 1.6781e+07
0.186 3.068e+08 1.6704e+07
0.187 2.8576e+08 1.6629e+07
0.188 2.901e+08 1.6554e+07
0.189 2.5279e+08 1.6481e+07
0.19 2.7635e+08 1.641e+07
0.191 2.5533e+08 1.6339e+07
0.192 2.4591e+08 1.627e+07
0.193 2.3025e+08 1.6202e+07
0.194 2.481e+08 1.6135e+07
0.195 2.0861e+08 1.607e+07
0.196 2.064e+08 1.6005e+07
0.197 2.1097e+08 1.5942e+07
0.198 2.3417e+08 1.588e+07
0.199 1.8814e+08 1.5819e+07
0.2 1.7471e+08 1.5759e+07
0.201 1.7683e+08 1.57e+07
0.202 1.9238e+08 1.5642e+07
0.203 1.785e+08 1.5586e+07
0.204 1.5304e+08 1.553e+07
0.205 1.5201e+08 1.5475e+07
0.206 1.9174e+08 1.5421e+07
0.207 1.6596e+08 1.5368e+07
0.208 1.5457e+08 1.5316e+07
0.209 1.3976e+08 1.5264e+07
0.21 1.4584e+08 1.5214e+07
0.211 1.2925e+08 1.5164e+07
0.212 1.4552e+08 1.5116e+07
0.213 1.3049e+08 1.5068e+07
0.214 1.0699e+08 1.502e+07
0.215 9.0611e+07 1.4974e+07
0.216 1.3761e+08 1.4928e+07
0.217 1.163e+08 1.4883e+07
0.218 1.1273e+08 1.4839e+07
0.219 1.0213e+08 1.4795e+07
0.22 1.0598e+08 1.4752e+07
0.221 1.0356e+08 1.471e+07
0.222 8.8785e+07 1.4668e+07
0.223 1.0655e+08 1.4627e+07
0.224 1.2068e+08 1.4587e+07
0.225 8.0259e+07 1.4547e+07
0.226 9.0518e+07 1.4508e+07
0.227 9.5338e+07 1.4469e+07
0.228 7.0785e+07 1.443e+07
0.229 6.1893e+07 1.4393e+07
0.23 7.0531e+07 1.4355e+07
0.231 7.7118e+07 1.4319e+07
0.232 8.6221e+07 1.4282e+07
0.233 4.3874e+07 1.4246e+07
0.234 8.7887e+07 1.4211e+07
0.235 5.4192e+07 1.4176e+07
0.236 6.7407e+07 1.4142e+07
0.237 6.7708e+07 1.4108e+07
0.238 5.9739e+07 1.4074e+07
0.239 5.0074e+07 1.4041e+07
0.24 8.5494e+07 1.4008e+07
0.241 6.9141e+07 1.3975e+07
0.242 8.1094e+07 1.3943e+07
0.243 7.2382e+07 1.3911e+07
0.244 6.269e+07 1.388e+07
0.245 3.5102e+07 1.3849e+07
0.246 5.9527e+07 1.3818e+07
0.247 4.8208e+07 1.3787e+07
0.248 7.2911e+07 1.3757e+07
0.249 5.6846e+07 1.3727e+07
0.25 5.2966e+07 1.3698e+07
0.251 6.1246e+07 1.3669e+07
0.252 4.4152e+07 1.364e+07
0.253 4.6301e+07 1.3611e+07
0.254 4.8418e+07 1.3583e+07
0.255 5.125e+07 1.3555e+07
0.256 6.4158e+07 1.3527e+07
0.257 5.184e+07 1.3499e+07
0.258 6.0936e+07 1.3472e+07
0.259 4.6814e+07 1.3445e+07
0.26 7.415e+07 1.3418e+07
0.261 4.6962e+07 1.3392e+07
0.262 8.818e+07 1.3365e+07
0.263 4.7587e+07 1.3339e+07
0.264 5.3796e+07 1.3313e+07
0.265 5.952e+07 1.3288e+07
0.266 6.5302e+07 1.3262e+07
0.267 4.8826e+07 1.3237e+07
0.268 2.5208e+07 1.3212e+07
0.269 7.9153e+07 1.3187e+07
0.27 6.5641e+07 1.3163e+07
0.271 4.5636e+07 1.3138e+07
0.272 4.7921e+07 1.3114e+07
0.273 3.5737e+07 1.309e+07
0.274 5.5516e+07 1.3066e+07
0.275 5.2244e+07 1.3042e+07
0.276 5.7167e+07 1.3019e+07
0.277 4.4891e+07 1.2995e+07
0.278 3.1412e+07 1.2972e+07
0.279 6.2654e+07 1.2949e+07
0.28 4.9446e+07 1.2926e+07
0.281 5.7334e+07 1.2903e+07
0.282 5.3514e+07 1.2881e+07
0.283 5.8985e+07 1.2858e+07
0.284 6.4624e+07 1.2836e+07
0.285 4.0737e+07 1.2813e+07
0.286 7.5477e+07 1.2791e+07
0.287 5.4513e+07 1.2769e+07
0.288 3.5218e+07 1.2748e+07
0.289 7.3272e+07 1.2726e+07
0.29 6.6271e+07 1.2704e+07
0.291 5.9317e+07 1.2683e+07
0.292 5.3476e+07 1.2661e+07
0.293 5.7561e+07 1.264e+07
0.294 3.9293e+07 1.2619e+07
0.295 4.5676e+07 1.2598e+07
0.296 6.8573e+07 1.2577e+07
0.297 6.4022e+07 1.2556e+07
0.298 3.3097e+07 1.2535e+07
0.299 5.8546e+07 1.2514e+07
0.3 5.2772e+07 1.2494e+07
0.301 6.0372e+07 1.2473e+07
0.302 5.8701e+07 1.2453e+07
0.303 6.0738e+07 1.2433e+07
0.304 8.2795e+07 1.2412e+07
0.305 3.8697e+07 1.2392e+07
0.306 7.0323e+07 1.2372e+07
0.307 7.2733e+07 1.2352e+07
0.308 5.6234e+07 1.2332e+07
0.309 3.6372e+07 1.2312e+07
0.31 4.3656e+07 1.2292e+07
0.311 6.4798e+07 1.2273e+07
0.312 3.8987e+07 1.2253e+07
0.313 6.1122e+07 1.2233e+07
0.314 5.901e+07 1.2214e+07
0.315 6.0961e+07 1.2194e+07
0.316 7.8416e+07 1.2175e+07
0.317 5.5961e+07 1.2156e+07
0.318 6.6307e+07 1.2136e+07
0.319 5.8088e+07 1.2117e+07
0.32 9.628e+07 1.2098e+07
0.321 7.0431e+07 1.2079e+07
0.322 4.5468e+07 1.206e+07
0.323 4.3344e+07 1.2041e+07
0.324 6.9206e+07 1.2023e+07
0.325 7.9778e+07 1.2004e+07
0.326 6.3511e+07 1.1985e+07
0.327 5.7821e+07 1.1966e+07
0.328 3.9411e+07 1.1948e+07
0.329 6.4417e+07 1.1929e+07
0.33 5.1427e+07 1.1911e+07
0.331 5.6985e+07 1.1893e+07
0.332 6.5715e+07 1.1875e+07
0.333 3.3218e+07 1.1856e+07
0.334 5.6908e+07 1.1838e+07
0.335 3.5202e+07 1.182e+07
0.336 6.4002e+07 1.1802e+07
0.337 4.9808e+07 1.1784e+07
0.338 5.1944e+07 1.1767e+07
0.339 4.2968e+07 1.1749e+07
0.34 4.9979e+07 1.1731e+07
0.341 4.4584e+07 1.1714e+07
0.342 5.4473e+07 1.1696e+07
0.343 4.6989e+07 1.1679e+07
0.344 4.3845e+07 1.1661e+07
0.345 6.3832e+07 1.1644e+07
0.346 4.4573e+07 1.1627e+07
0.347 5.7037e+07 1.161e+07
0.348 5.2664e+07 1.1593e+07
0.349 3.3287e+07 1.1576e+07
0.35 5.4834e+07 1.1559e+07
0.351 6.0273e+07 1.1542e+07
0.352 5.9596e+07 1.1525e+07
0.353 4.4754e+07 1.1508e+07
0.354 5.2209e+07 1.1492e+07
0.355 5.4171e+07 1.1475e+07
0.356 4.9632e+07 1.1459e+07
0.357 5.8358e+07 1.1442e+07
0.358 6.6131e+07 1.1426e+07
0.359 6.4742e+07 1.141e+07
0.36 3.4887e+07 1.1394e+07
0.361 4.3844e+07 1.1378e+07
0.362 4.9357e+07 1.1362e+07
0.363 3.9274e+07 1.1346e+07
0.364 5.3825e+07 1.133e+07
0.365 6.5417e+07 1.1314e+07
0.366 4.5945e+07 1.1298e+07
0.367 5.4228e+07 1.1283e+07
0.368 4.3271e+07 1.1267e+07
0.369 6.0197e+07 1.1252e+07
0.37 3.7404e+07 1.1236e+07
0.371 5.005e+07 1.1221e+07
0.372 5.4834e+07 1.1205e+07
0.373 6.1506e+07 1.119e+07
0.374 4.7902e+07 1.1175e+07
0.375 3.9974e+07 1.116e+07
0.376 4.3367e+07 1.1145e+07
0.377 5.6763e+07 1.113e+07
0.378 7.2774e+07 1.1115e+07
0.379 4.2101e+07 1.11e+07
0.38 4.5995e+07 1.1085e+07
0.381 4.2592e+07 1.107e+07
0.382 4.7229e+07 1.1056e+07
0.383 4.5116e+07 1.1041e+07
0.384 5.2105e+07 1.1026e+07
0.385 6.8629e+07 1.1012e+07
0.386 4.8505e+07 1.0997e+07
0.387 5.839e+07 1.0983e+07
0.388 6.22e+07 1.0968e+07
0.389 5.9198e+07 1.0954e+07
0.39 6.6965e+07 1.094e+07
0.391 5.3074e+07 1.0926e+07
0.392 3.4614e+07 1.0911e+07
0.393 6.052e+07 1.0897e+07
0.394 3.6301e+07 1.0883e+07
0.395 4.5211e+07 1.0869e+07
0.396 4.5822e+07 1.0855e+07
0.397 6.3516e+07 1.0841e+07
0.398 4.0175e+07 1.0827e+07
0.399 5.33e+07 1.0813e+07
0.4 6.3281e+07 1.08e+07
0.401 4.1494e+07 1.0786e+07
0.402 4.103e+07 1.0772e+07
0.403 4.8914e+07 1.0758e+07
0.404 4.5046e+07 1.0745e+07
0.405 3.8822e+07 1.0731e+07
0.406 5.1814e+07 1.0718e+07
0.407 5.1619e+07 1.0704e+07
0.408 5.8546e+07 1.0691e+07
0.409 6.1741e+07 1.0677e+07
0.41 4.5053e+07 1.0664e+07
0.411 5.5113e+07 1.0651e+07
0.412 3.0257e+07 1.0638e+07
0.413 3.6717e+07 1.0624e+07
0.414 3.0457e+07 1.0611e+07
0.415 4.1165e+07 1.0598e+07
0.416 5.4844e+07 1.0585e+07
0.417 5.6398e+07 1.0572e+07
0.418 5.5696e+07 1.0559e+07
0.419 6.4633e+07 1.0546e+07
0.42 4.0728e+07 1.0533e+07
0.421 3.3398e+07 1.052e+07
0.422 1.8619e+07 1.0507e+07
0.423 4.7341e+07 1.0495e+07
0.424 4.8923e+07 1.0482e+07
0.425 4.6674e+07 1.0469e+07
0.426 3.9433e+07 1.0457e+07
0.427 5.9551e+07 1.0444e+07
0.428 3.3629e+07 1.0432e+07
0.429 7.1128e+07 1.0419e+07
0.43 4.5166e+07 1.0407e+07
0.431 4.1038e+07 1.0394e+07
0.432 5.4815e+07 1.0382e+07
0.433 4.38e+07 1.037e+07
0.434 5.6858e+07 1.0358e+07
0.435 6.0365e+07 1.0345e+07
0.436 2.993e+07 1.0333e+07
0.437 5.1227e+07 1.0321e+07
0.438 4.5755e+07 1.0309e+07
0.439 5.4391e+07 1.0297e+07
0.44 2.496e+07 1.0285e+07
0.441 5.4495e+07 1.0273e+07
0.442 4.6867e+07 1.0261e+07
0.443 5.993e+07 1.025e+07
0.444 2.1221e+07 1.0238e+07
0.445 4.2292e+07 1.0226e+07
0.446 4.1439e+07 1.0215e+07
0.447 4.4539e+07 1.0203e+07
0.448 6.812e+07 1.0191e+07
0.449 4.6277e+07 1.018e+07
0.45 5.8703e+07 1.0168e+07
0.451 3.3053e+07 1.0157e+07
0.452 2.86e+07 1.0146e+07
0.453 3.8032e+07 1.0134e+07
0.454 3.3149e+07 1.0123e+07
0.455 3.7493e+07 1.0112e+07
0.456 4.7203e+07 1.0101e+07
0.457 4.1455e+07 1.0089e+07
0.458 3.2058e+07 1.0078e+07
0.459 5.5693e+07 1.0067e+07
0.46 3.3322e+07 1.0056e+07
0.461 5.4126e+07 1.0045e+07
0.462 4.7641e+07 1.0034e+07
0.463 2.8135e+07 1.0023e+07
0.464 5.0627e+07 1.0012e+07
0.465 5.2766e+07 1.0002e+07
0.466 4.654e+07 9.9909e+06
0.467 3.9264e+07 9.9801e+06
0.468 4.6077e+07 9.9694e+06
0.469 5.7411e+07 9.9588e+06
0.47 4.8839e+07 9.9481e+06
0.471 4.4299e+07 9.9376e+06
0.472 3.1801e+07 9.927e+06
0.473 3.4313e+07 9.9165e+06
0.474 3.2843e+07 9.906e+06
0.475 4.0331e+07 9.8956e+06
0.476 4.3521e+07 9.8852e+06
0.477 4.6294e+07 9.8748e+06
0.478 4.9276e+07 9.8644e+06
0.479 4.394e+07 9.8541e+06
0.48 5.4161e+07 9.8438e+06
0.481 4.4418e+07 9.8336e+06
0.482 2.131e+07 9.8234e+06
0.483 2.5544e+07 9.8132e+06
0.484 4.9063e+07 9.803e+06
0.485 5.1388e+07 9.7929e+06
0.486 3.9444e+07 9.7828e+06
0.487 5.8191e+07 9.7728e+06
0.488 2.7572e+07 9.7627e+06
0.489 3.6171e+07 9.7527e+06
0.49 3.8183e+07 9.7427e+06
0.491 3.5308e+07 9.7328e+06
0.492 3.681e+07 9.7228e+06
0.493 3.3711e+07 9.7129e+06
0.494 4.9107e+07 9.703e+06
0.495 4.0893e+07 9.6932e+06
0.496 2.1215e+07 9.6834e+06
0.497 4.6551e+07 9.6736e+06
0.498 4.4839e+07 9.6638e+06
0.499 5.6417e+07 9.654e+06
0.5 4.3374e+07 9.6443e+06
