0.001 1.9902e+10 1.1059e+09
0.002 2.0529e+10 7.8185e+08
0.003 2.0954e+10 6.3823e+08
0.004 1.971e+10 5.5253e+08
0.005 1.9345e+10 4.9399e+08
0.006 2.0134e+10 4.5071e+08
0.007 2.0094e+10 4.1701e+08
0.008 1.983e+10 3.898e+08
0.009 1.9642e+10 3.6721e+08
0.01 1.965e+10 3.4805e+08
0.011 2.0032e+10 3.3152e+08
0.012 2.0021e+10 3.1706e+08
0.013 1.9802e+10 3.0425e+08
0.014 1.9477e+10 2.9281e+08
0.015 1.9782e+10 2.8249e+08
0.016 1.941e+10 2.7312e+08
0.017 1.9451e+10 2.6455e+08
0.018 1.9359e+10 2.5668e+08
0.019 1.9269e+10 2.4939e+08
0.02 1.8779e+10 2.4264e+08
0.021 1.8973e+10 2.3633e+08
0.022 1.91e+10 2.3044e+08
0.023 1.877e+10 2.249e+08
0.024 1.8666e+10 2.1969e+08
0.025 1.848e+10 2.1476e+08
0.026 1.8415e+10 2.101e+08
0.027 1.856e+10 2.0567e+08
0.028 1.8003e+10 2.0145e+08
0.029 1.8099e+10 1.9744e+08
0.03 1.753e+10 1.936e+08
0.031 1.8113e+10 1.8993e+08
0.032 1.7457e+10 1.8641e+08
0.033 1.7429e+10 1.8303e+08
0.034 1.7566e+10 1.7978e+08
0.035 1.7333e+10 1.7665e+08
0.036 1.7069e+10 1.7364e+08
0.037 1.6887e+10 1.7073e+08
0.038 1.6706e+10 1.6791e+08
0.039 1.6791e+10 1.6519e+08
0.04 1.6463e+10 1.6256e+08
0.041 1.6071e+10 1.6001e+08
0.042 1.6117e+10 1.5753e+08
0.043 1.5943e+10 1.5513e+08
0.044 1.5749e+10 1.528e+08
0.045 1.5551e+10 1.5053e+08
0.046 1.541e+10 1.4832e+08
0.047 1.5223e+10 1.4617e+08
0.048 1.5113e+10 1.4408e+08
0.049 1.4933e+10 1.4204e+08
0.05 1.4698e+10 1.4005e+08
0.051 1.4503e+10 1.3811e+08
0.052 1.4251e+10 1.3622e+08
0.053 1.4224e+10 1.3437e+08
0.054 1.3934e+10 1.3256e+08
0.055 1.3627e+10 1.3079e+08
0.056 1.3522e+10 1.2907e+08
0.057 1.3545e+10 1.2738e+08
0.058 1.3287e+10 1.2573e+08
0.059 1.3474e+10 1.2411e+08
0.06 1.2894e+10 1.2253e+08
0.061 1.2651e+10 1.2098e+08
0.062 1.2613e+10 1.1946e+08
0.063 1.238e+10 1.1798e+08
0.064 1.2277e+10 1.1652e+08
0.065 1.2184e+10 1.1509e+08
0.066 1.1944e+10 1.1369e+08
0.067 1.1617e+10 1.1232e+08
0.068 1.1394e+10 1.1098e+08
0.069 1.1285e+10 1.0966e+08
0.07 1.1021e+10 1.0836e+08
0.071 1.1066e+10 1.0709e+08
0.072 1.0915e+10 1.0585e+08
0.073 1.058e+10 1.0462e+08
0.074 1.0532e+10 1.0343e+08
0.075 1.0273e+10 1.0225e+08
0.076 1.022e+10 1.0109e+08
0.077 9.9355e+09 9.9957e+07
0.078 9.7233e+09 9.8843e+07
0.079 9.657e+09 9.7749e+07
0.08 9.5637e+09 9.6675e+07
0.081 9.4161e+09 9.562e+07
0.082 9.1309e+09 9.4584e+07
0.083 9.152e+09 9.3567e+07
0.084 8.8991e+09 9.2567e+07
0.085 8.6893e+09 9.1586e+07
0.086 8.652e+09 9.0621e+07
0.087 8.3786e+09 8.9674e+07
0.088 8.1107e+09 8.8743e+07
0.089 8.0128e+09 8.7829e+07
0.09 7.9937e+09 8.693e+07
0.091 7.8598e+09 8.6047e+07
0.092 7.8826e+09 8.518e+07
0.093 7.5334e+09 8.4327e+07
0.094 7.3781e+09 8.3489e+07
0.095 7.2302e+09 8.2666e+07
0.096 7.0888e+09 8.1856e+07
0.097 6.9846e+09 8.1061e+07
0.098 6.9495e+09 8.0279e+07
0.099 6.7534e+09 7.951e+07
0.1 6.5566e+09 7.8755e+07
0.101 6.5974e+09 7.8012e+07
0.102 6.5746e+09 7.7282e+07
0.103 6.3094e+09 7.6564e+07
0.104 6.1757e+09 7.5859e+07
0.105 6.1292e+09 7.5165e+07
0.106 5.8032e+09 7.4482e+07
0.107 5.7915e+09 7.3812e+07
0.108 5.6234e+09 7.3152e+07
0.109 5.5727e+09 7.2503e+07
0.11 5.5138e+09 7.1865e+07
0.111 5.2876e+09 7.1238e+07
0.112 5.2528e+09 7.0621e+07
0.113 5.1544e+09 7.0014e+07
0.114 4.9929e+09 6.9417e+07
0.115 4.8816e+09 6.883e+07
0.116 4.8605e+09 6.8252e+07
0.117 4.7364e+09 6.7684e+07
0.118 4.6606e+09 6.7125e+07
0.119 4.4896e+09 6.6575e+07
0.12 4.4833e+09 6.6034e+07
0.121 4.3997e+09 6.5502e+07
0.122 4.3851e+09 6.4978e+07
0.123 4.1577e+09 6.4463e+07
0.124 3.9861e+09 6.3956e+07
0.125 3.9211e+09 6.3457e+07
0.126 3.9889e+09 6.2966e+07
0.127 3.8729e+09 6.2483e+07
0.128 3.7907e+09 6.2008e+07
0.129 3.7228e+09 6.154e+07
0.13 3.6407e+09 6.108e+07
0.131 3.5937e+09 6.0627e+07
0.132 3.43e+09 6.0181e+07
0.133 3.3642e+09 5.9742e+07
0.134 3.244e+09 5.9311e+07
0.135 3.289e+09 5.8886e+07
0.136 3.2082e+09 5.8467e+07
0.137 3.211e+09 5.8056e+07
0.138 2.9835e+09 5.7651e+07
0.139 2.9865e+09 5.7252e+07
0.14 2.9299e+09 5.686e+07
0.141 2.849e+09 5.6473e+07
0.142 2.6914e+09 5.6093e+07
0.143 2.7055e+09 5.5719e+07
0.144 2.7177e+09 5.5351e+07
0.145 2.5464e+09 5.4989e+07
0.146 2.5368e+09 5.4632e+07
0.147 2.4595e+09 5.4281e+07
0.148 2.4675e+09 5.3936e+07
0.149 2.2966e+09 5.3596e+07
0.15 2.2576e+09 5.3261e+07
0.151 2.1119e+09 5.2932e+07
0.152 2.1924e+09 5.2608e+07
0.153 2.2151e+09 5.229e+07
0.154 2.1308e+09 5.1976e+07
0.155 2.028e+09 5.1668e+07
0.156 1.9735e+09 5.1364e+07
0.157 1.9003e+09 5.1065e+07
0.158 1.9075e+09 5.0771e+07
0.159 1.9064e+09 5.0482e+07
0.16 1.7948e+09 5.0198e+07
0.161 1.7398e+09 4.9918e+07
0.162 1.7176e+09 4.9642e+07
0.163 1.6299e+09 4.9371e+07
0.164 1.5757e+09 4.9105e+07
0.165 1.6599e+09 4.8843e+07
0.166 1.5993e+09 4.8585e+07
0.167 1.5886e+09 4.8331e+07
0.168 1.4875e+09 4.8082e+07
0.169 1.4634e+09 4.7836e+07
0.17 1.4454e+09 4.7595e+07
0.171 1.4203e+09 4.7358e+07
0.172 1.3138e+09 4.7124e+07
0.173 1.3629e+09 4.6894e+07
0.174 1.3137e+09 4.6668e+07
0.175 1.1934e+09 4.6446e+07
0.176 1.2232e+09 4.6228e+07
0.177 1.1445e+09 4.6013e+07
0.178 1.1617e+09 4.5801e+07
0.179 1.0055e+09 4.5593e+07
0.18 1.1246e+09 4.5389e+07
0.181 1.0135e+09 4.5187e+07
0.182 1.0025e+09 4.499e+07
0.183 9.0334e+08 4.4795e+07
0.184 1.0373e+09 4.4603e+07
0.185 8.7157e+08 4.4415e+07
0.186 9.5206e+08 4.4229e+07
0.187 8.3038e+08 4.4047e+07
0.188 8.5087e+08 4.3868e+07
0.189 8.1835e+08 4.3691e+07
0.19 8.1018e+08 4.3517e+07
0.191 7.631e+08 4.3346e+07
0.192 7.7879e+08 4.3178e+07
0.193 7.3465e+08 4.3012e+07
0.194 7.1913e+08 4.2849e+07
0.195 6.8195e+08 4.2689e+07
0.196 7.0405e+08 4.2531e+07
0.197 6.8723e+08 4.2375e+07
0.198 6.4893e+08 4.2222e+07
0.199 7.3104e+08 4.2071e+07
0.2 6.8569e+08 4.1922e+07
0.201 5.8764e+08 4.1776e+07
0.202 5.8663e+08 4.1632e+07
0.203 6.1696e+08 4.149e+07
0.204 5.58e+08 4.135e+07
0.205 4.8767e+08 4.1212e+07
0.206 5.0986e+08 4.1076e+07
0.207 5.7556e+08 4.0942e+07
0.208 5.3892e+08 4.081e+07
0.209 4.8677e+08 4.0679e+07
0.21 5.0671e+08 4.0551e+07
0.211 5.6231e+08 4.0424e+07
0.212 4.9746e+08 4.0299e+07
0.213 4.894e+08 4.0176e+07
0.214 4.5117e+08 4.0054e+07
0.215 4.8527e+08 3.9934e+07
0.216 3.7615e+08 3.9815e+07
0.217 3.9707e+08 3.9698e+07
0.218 5.2578e+08 3.9583e+07
0.219 4.7513e+08 3.9469e+07
0.22 3.6079e+08 3.9356e+07
0.221 4.4104e+08 3.9245e+07
0.222 3.5917e+08 3.9135e+07
0.223 3.5764e+08 3.9026e+07
0.224 3.5631e+08 3.8919e+07
0.225 3.8749e+08 3.8813e+07
0.226 3.6916e+08 3.8708e+07
0.227 3.717e+08 3.8605e+07
0.228 3.041e+08 3.8502e+07
0.229 3.5769e+08 3.8401e+07
0.23 2.7192e+08 3.8301e+07
0.231 3.5241e+08 3.8202e+07
0.232 3.4216e+08 3.8104e+07
0.233 2.9778e+08 3.8007e+07
0.234 3.0372e+08 3.7911e+07
0.235 3.5911e+08 3.7816e+07
0.236 3.3555e+08 3.7723e+07
0.237 3.4227e+08 3.763e+07
0.238 2.5258e+08 3.7538e+07
0.239 2.3996e+08 3.7447e+07
0.24 2.6779e+08 3.7357e+07
0.241 2.632e+08 3.7267e+07
0.242 2.6884e+08 3.7179e+07
0.243 2.2448e+08 3.7091e+07
0.244 2.15e+08 3.7005e+07
0.245 2.8319e+08 3.6919e+07
0.246 2.8093e+08 3.6834e+07
0.247 2.523e+08 3.675e+07
0.248 2.5483e+08 3.6666e+07
0.249 1.6364e+08 3.6584e+07
0.25 2.1432e+08 3.6502e+07
0.251 2.3519e+08 3.6421e+07
0.252 2.2692e+08 3.634e+07
0.253 2.4353e+08 3.6261e+07
0.254 2.4264e+08 3.6182e+07
0.255 2.0058e+08 3.6103e+07
0.256 2.3373e+08 3.6026e+07
0.257 1.7465e+08 3.5949e+07
0.258 2.5874e+08 3.5872e+07
0.259 1.8639e+08 3.5797e+07
0.26 2.4597e+08 3.5722e+07
0.261 1.3272e+08 3.5647e+07
0.262 2.0299e+08 3.5574e+07
0.263 1.9402e+08 3.55e+07
0.264 2.2092e+08 3.5428e+07
0.265 1.5772e+08 3.5356e+07
0.266 1.8768e+08 3.5284e+07
0.267 2.6425e+08 3.5214e+07
0.268 1.6802e+08 3.5143e+07
0.269 1.5798e+08 3.5074e+07
0.27 1.3993e+08 3.5005e+07
0.271 1.8348e+08 3.4936e+07
0.272 1.7418e+08 3.4868e+07
0.273 1.5353e+08 3.48e+07
0.274 1.5786e+08 3.4733e+07
0.275 1.817e+08 3.4667e+07
0.276 1.991e+08 3.4601e+07
0.277 1.5304e+08 3.4535e+07
0.278 1.6745e+08 3.447e+07
0.279 2.2574e+08 3.4406e+07
0.28 1.2264e+08 3.4341e+07
0.281 9.923e+07 3.4278e+07
0.282 1.8261e+08 3.4215e+07
0.283 1.0904e+08 3.4152e+07
0.284 1.7801e+08 3.4089e+07
0.285 1.3184e+08 3.4028e+07
0.286 1.5429e+08 3.3966e+07
0.287 1.5119e+08 3.3905e+07
0.288 1.7039e+08 3.3844e+07
0.289 1.5534e+08 3.3784e+07
0.29 1.9508e+08 3.3724e+07
0.291 1.1079e+08 3.3665e+07
0.292 1.5425e+08 3.3606e+07
0.293 1.5451e+08 3.3547e+07
0.294 1.5532e+08 3.3489e+07
0.295 1.108e+08 3.3431e+07
0.296 1.7452e+08 3.3373e+07
0.297 1.1776e+08 3.3316e+07
0.298 1.2577e+08 3.3259e+07
0.299 1.4255e+08 3.3202e+07
0.3 1.4751e+08 3.3146e+07
0.301 1.7291e+08 3.309e+07
0.302 1.6725e+08 3.3035e+07
0.303 1.919e+08 3.2979e+07
0.304 1.507e+08 3.2924e+07
0.305 1.5694e+08 3.287e+07
0.306 1.4459e+08 3.2816e+07
0.307 1.3136e+08 3.2762e+07
0.308 1.0904e+08 3.2708e+07
0.309 1.5794e+08 3.2654e+07
0.31 1.5264e+08 3.2601e+07
0.311 9.8073e+07 3.2548e+07
0.312 1.6226e+08 3.2496e+07
0.313 1.2209e+08 3.2444e+07
0.314 1.3038e+08 3.2392e+07
0.315 1.3011e+08 3.234e+07
0.316 1.6306e+08 3.2288e+07
0.317 1.4093e+08 3.2237e+07
0.318 1.1407e+08 3.2186e+07
0.319 1.111e+08 3.2136e+07
0.32 1.4912e+08 3.2085e+07
0.321 1.134e+08 3.2035e+07
0.322 1.1707e+08 3.1985e+07
0.323 1.2344e+08 3.1935e+07
0.324 1.1258e+08 3.1886e+07
0.325 1.4469e+08 3.1837e+07
0.326 1.7755e+08 3.1788e+07
0.327 1.0929e+08 3.1739e+07
0.328 1.4981e+08 3.1691e+07
0.329 1.031e+08 3.1642e+07
0.33 1.2129e+08 3.1594e+07
0.331 2.2817e+08 3.1547e+07
0.332 1.3689e+08 3.1499e+07
0.333 2.5502e+08 3.1452e+07
0.334 1.7107e+08 3.1405e+07
0.335 1.407e+08 3.1358e+07
0.336 1.8407e+08 3.1311e+07
0.337 1.0624e+08 3.1265e+07
0.338 1.6435e+08 3.1218e+07
0.339 1.2806e+08 3.1172e+07
0.34 1.7943e+08 3.1127e+07
0.341 1.3172e+08 3.1081e+07
0.342 1.646e+08 3.1036e+07
0.343 1.3075e+08 3.099e+07
0.344 1.2308e+08 3.0945e+07
0.345 1.0143e+08 3.0901e+07
0.346 2.6389e+08 3.0856e+07
0.347 1.5529e+08 3.0812e+07
0.348 1.7534e+08 3.0767e+07
0.349 1.2674e+08 3.0723e+07
0.35 1.1614e+08 3.068e+07
0.351 1.2174e+08 3.0636e+07
0.352 1.4736e+08 3.0593e+07
0.353 2.3093e+08 3.0549e+07
0.354 1.3399e+08 3.0506e+07
0.355 9.2377e+07 3.0464e+07
0.356 1.2525e+08 3.0421e+07
0.357 1.1876e+08 3.0378e+07
0.358 1.4848e+08 3.0336e+07
0.359 1.5952e+08 3.0294e+07
0.36 2.3775e+08 3.0252e+07
0.361 1.2773e+08 3.021e+07
0.362 1.6013e+08 3.0169e+07
0.363 9.9843e+07 3.0127e+07
0.364 1.1397e+08 3.0086e+07
0.365 1.5894e+08 3.0045e+07
0.366 1.2613e+08 3.0004e+07
0.367 1.5673e+08 2.9963e+07
0.368 1.3849e+08 2.9923e+07
0.369 1.5768e+08 2.9882e+07
0.37 1.4027e+08 2.9842e+07
0.371 1.1776e+08 2.9802e+07
0.372 1.5245e+08 2.9762e+07
0.373 1.3755e+08 2.9722e+07
0.374 1.7628e+08 2.9683e+07
0.375 1.0264e+08 2.9643e+07
0.376 1.7627e+08 2.9604e+07
0.377 1.3861e+08 2.9565e+07
0.378 1.9046e+08 2.9526e+07
0.379 1.559e+08 2.9487e+07
0.38 1.3005e+08 2.9448e+07
0.381 1.2987e+08 2.941e+07
0.382 1.2523e+08 2.9372e+07
0.383 1.6343e+08 2.9333e+07
0.384 1.2039e+08 2.9295e+07
0.385 1.7414e+08 2.9257e+07
0.386 1.1894e+08 2.9219e+07
0.387 1.2106e+08 2.9182e+07
0.388 1.3932e+08 2.9144e+07
0.389 1.2098e+08 2.9107e+07
0.39 1.2538e+08 2.9069e+07
0.391 1.2998e+08 2.9032e+07
0.392 1.3261e+08 2.8995e+07
0.393 1.2289e+08 2.8958e+07
0.394 1.8001e+08 2.8922e+07
0.395 1.2438e+08 2.8885e+07
0.396 1.1802e+08 2.8849e+07
0.397 1.1772e+08 2.8812e+07
0.398 9.6487e+07 2.8776e+07
0.399 1.8189e+08 2.874e+07
0.4 1.0124e+08 2.8704e+07
0.401 1.5951e+08 2.8668e+07
0.402 1.2147e+08 2.8632e+07
0.403 2.019e+08 2.8597e+07
0.404 1.2904e+08 2.8561e+07
0.405 1.2001e+08 2.8526e+07
0.406 1.5389e+08 2.8491e+07
0.407 1.1674e+08 2.8456e+07
0.408 1.5396e+08 2.8421e+07
0.409 1.2185e+08 2.8386e+07
0.41 1.4241e+08 2.8351e+07
0.411 1.512e+08 2.8316e+07
0.412 1.3022e+08 2.8282e+07
0.413 1.4984e+08 2.8247e+07
0.414 1.0909e+08 2.8213e+07
0.415 1.4282e+08 2.8179e+07
0.416 1.4227e+08 2.8145e+07
0.417 1.2554e+08 2.8111e+07
0.418 1.5388e+08 2.8077e+07
0.419 1.5864e+08 2.8044e+07
0.42 1.4176e+08 2.801e+07
0.421 1.8156e+08 2.7976e+07
0.422 1.7044e+08 2.7943e+07
0.423 1.3424e+08 2.791e+07
0.424 1.6416e+08 2.7877e+07
0.425 1.1863e+08 2.7844e+07
0.426 1.7293e+08 2.7811e+07
0.427 1.5616e+08 2.7778e+07
0.428 1.3725e+08 2.7745e+07
0.429 1.4553e+08 2.7713e+07
0.43 1.4385e+08 2.768e+07
0.431 1.4345e+08 2.7648e+07
0.432 9.7955e+07 2.7616e+07
0.433 1.2137e+08 2.7584e+07
0.434 1.2132e+08 2.7552e+07
0.435 1.45e+08 2.752e+07
0.436 1.617e+08 2.7488e+07
0.437 1.396e+08 2.7456e+07
0.438 1.6706e+08 2.7425e+07
0.439 1.1533e+08 2.7393e+07
0.44 1.2374e+08 2.7362e+07
0.441 7.812e+07 2.7331e+07
0.442 1.6384e+08 2.7299e+07
0.443 1.002e+08 2.7268e+07
0.444 1.6746e+08 2.7237e+07
0.445 9.3014e+07 2.7207e+07
0.446 1.7534e+08 2.7176e+07
0.447 1.4269e+08 2.7145e+07
0.448 1.395e+08 2.7115e+07
0.449 1.357e+08 2.7084e+07
0.45 1.3144e+08 2.7054e+07
0.451 1.2499e+08 2.7024e+07
0.452 1.9237e+08 2.6994e+07
0.453 1.8994e+08 2.6964e+07
0.454 6.4994e+07 2.6934e+07
0.455 1.3298e+08 2.6904e+07
0.456 1.457e+08 2.6874e+07
0.457 1.3389e+08 2.6844e+07
0.458 1.0962e+08 2.6815e+07
0.459 1.2644e+08 2.6786e+07
0.46 1.5714e+08 2.6756e+07
0.461 1.2551e+08 2.6727e+07
0.462 1.1735e+08 2.6698e+07
0.463 1.2589e+08 2.6669e+07
0.464 1.7012e+08 2.664e+07
0.465 1.1887e+08 2.6611e+07
0.466 1.2677e+08 2.6582e+07
0.467 1.4572e+08 2.6553e+07
0.468 1.6773e+08 2.6525e+07
0.469 1.6936e+08 2.6496e+07
0.47 9.72e+07 2.6468e+07
0.471 1.678e+08 2.6439e+07
0.472 1.6817e+08 2.6411e+07
0.473 1.5092e+08 2.6383e+07
0.474 1.3674e+08 2.6355e+07
0.475 1.4813e+08 2.6327e+07
0.476 1.8209e+08 2.6299e+07
0.477 1.355e+08 2.6271e+07
0.478 1.3583e+08 2.6243e+07
0.479 9.9147e+07 2.6215e+07
0.48 1.6309e+08 2.6188e+07
0.481 1.3781e+08 2.616e+07
0.482 1.6124e+08 2.6133e+07
0.483 1.7854e+08 2.6105e+07
0.484 1.0027e+08 2.6078e+07
0.485 1.3806e+08 2.6051e+07
0.486 1.5137e+08 2.6024e+07
0.487 1.5526e+08 2.5997e+07
0.488 1.473e+08 2.597e+07
0.489 1.303e+08 2.5943e+07
0.49 9.5786e+07 2.5916e+07
0.491 1.3225e+08 2.5889e+07
0.492 1.1825e+08 2.5862e+07
0.493 1.3012e+08 2.5836e+07
0.494 1.5631e+08 2.5809e+07
0.495 1.2176e+08 2.5783e+07
0.496 1.3436e+08 2.5756e+07
0.497 1.6355e+08 2.573e+07
0.498 1.6131e+08 2.5704e+07
0.499 1.5328e+08 2.5677e+07
0.5 1.5515e+08 2.5651e+07
