0.001 2.2274e+10 1.2731e+09
0.002 2.2503e+10 9.0013e+08
0.003 2.2113e+10 7.3478e+08
0.004 2.4025e+10 6.3614e+08
0.005 2.2957e+10 5.6874e+08
0.006 2.3167e+10 5.1893e+08
0.007 2.285e+10 4.8015e+08
0.008 2.188e+10 4.4883e+08
0.009 2.2855e+10 4.2283e+08
0.01 2.1911e+10 4.0079e+08
0.011 2.2514e+10 3.8177e+08
0.012 2.2477e+10 3.6514e+08
0.013 2.233e+10 3.5042e+08
0.014 2.2456e+10 3.3726e+08
0.015 2.2565e+10 3.254e+08
0.016 2.2091e+10 3.1462e+08
0.017 2.2077e+10 3.0478e+08
0.018 2.2268e+10 2.9573e+08
0.019 2.2095e+10 2.8736e+08
0.02 2.2219e+10 2.796e+08
0.021 2.1767e+10 2.7237e+08
0.022 2.1307e+10 2.656e+08
0.023 2.1407e+10 2.5924e+08
0.024 2.1174e+10 2.5326e+08
0.025 2.1445e+10 2.4761e+08
0.026 2.1279e+10 2.4226e+08
0.027 2.1041e+10 2.3718e+08
0.028 2.0766e+10 2.3235e+08
0.029 2.0864e+10 2.2774e+08
0.03 2.0365e+10 2.2335e+08
0.031 2.0322e+10 2.1914e+08
0.032 2.0443e+10 2.1511e+08
0.033 2.0517e+10 2.1124e+08
0.034 1.9909e+10 2.0752e+08
0.035 1.9828e+10 2.0394e+08
0.036 1.9417e+10 2.0049e+08
0.037 1.8971e+10 1.9715e+08
0.038 1.9366e+10 1.9394e+08
0.039 1.8949e+10 1.9083e+08
0.04 1.903e+10 1.8781e+08
0.041 1.8888e+10 1.849e+08
0.042 1.8363e+10 1.8207e+08
0.043 1.832e+10 1.7932e+08
0.044 1.8161e+10 1.7665e+08
0.045 1.7952e+10 1.7406e+08
0.046 1.7663e+10 1.7153e+08
0.047 1.7568e+10 1.6908e+08
0.048 1.7533e+10 1.6668e+08
0.049 1.7061e+10 1.6435e+08
0.05 1.6761e+10 1.6208e+08
0.051 1.6908e+10 1.5986e+08
0.052 1.6727e+10 1.577e+08
0.053 1.6566e+10 1.5558e+08
0.054 1.6375e+10 1.5352e+08
0.055 1.6209e+10 1.515e+08
0.056 1.5994e+10 1.4953e+08
0.057 1.5452e+10 1.476e+08
0.058 1.5424e+10 1.4571e+08
0.059 1.5243e+10 1.4386e+08
0.06 1.4972e+10 1.4205e+08
0.061 1.4771e+10 1.4028e+08
0.062 1.4663e+10 1.3855e+08
0.063 1.4558e+10 1.3685e+08
0.064 1.4083e+10 1.3518e+08
0.065 1.4117e+10 1.3355e+08
0.066 1.3929e+10 1.3195e+08
0.067 1.3634e+10 1.3038e+08
0.068 1.3575e+10 1.2884e+08
0.069 1.3229e+10 1.2733e+08
0.07 1.3069e+10 1.2585e+08
0.071 1.2728e+10 1.2439e+08
0.072 1.2512e+10 1.2296e+08
0.073 1.2583e+10 1.2156e+08
0.074 1.2343e+10 1.2019e+08
0.075 1.2151e+10 1.1884e+08
0.076 1.2098e+10 1.1751e+08
0.077 1.1765e+10 1.1621e+08
0.078 1.1433e+10 1.1493e+08
0.079 1.1198e+10 1.1367e+08
0.08 1.0964e+10 1.1244e+08
0.081 1.0896e+10 1.1123e+08
0.082 1.0574e+10 1.1004e+08
0.083 1.0651e+10 1.0887e+08
0.084 1.039e+10 1.0772e+08
0.085 1.0244e+10 1.0659e+08
0.086 1.0281e+10 1.0548e+08
0.087 9.8756e+09 1.0439e+08
0.088 9.6475e+09 1.0332e+08
0.089 9.477e+09 1.0226e+08
0.09 9.4773e+09 1.0123e+08
0.091 9.3908e+09 1.0021e+08
0.092 8.9305e+09 9.9207e+07
0.093 8.9727e+09 9.8223e+07
0.094 8.6968e+09 9.7255e+07
0.095 8.6489e+09 9.6304e+07
0.096 8.341e+09 9.5369e+07
0.097 8.3286e+09 9.445e+07
0.098 8.2348e+09 9.3545e+07
0.099 8.0545e+09 9.2656e+07
0.1 7.8513e+09 9.1782e+07
0.101 7.7085e+09 9.0922e+07
0.102 7.5242e+09 9.0077e+07
0.103 7.4917e+09 8.9245e+07
0.104 7.3823e+09 8.8428e+07
0.105 7.1499e+09 8.7623e+07
0.106 6.9484e+09 8.6832e+07
0.107 6.8797e+09 8.6054e+07
0.108 6.8338e+09 8.5289e+07
0.109 6.5794e+09 8.4536e+07
0.11 6.3785e+09 8.3795e+07
0.111 6.3581e+09 8.3066e+07
0.112 6.2988e+09 8.235e+07
0.113 6.0993e+09 8.1645e+07
0.114 6.0175e+09 8.0951e+07
0.115 5.816e+09 8.0268e+07
0.116 5.6935e+09 7.9597e+07
0.117 5.5052e+09 7.8936e+07
0.118 5.4416e+09 7.8286e+07
0.119 5.2763e+09 7.7647e+07
0.12 5.3032e+09 7.7017e+07
0.121 5.1121e+09 7.6398e+07
0.122 4.9626e+09 7.5789e+07
0.123 5.1426e+09 7.5189e+07
0.124 4.8075e+09 7.4599e+07
0.125 4.8293e+09 7.4019e+07
0.126 4.6313e+09 7.3447e+07
0.127 4.6086e+09 7.2885e+07
0.128 4.3421e+09 7.2332e+07
0.129 4.3445e+09 7.1787e+07
0.13 4.3507e+09 7.1252e+07
0.131 4.1623e+09 7.0724e+07
0.132 4.0804e+09 7.0205e+07
0.133 3.9121e+09 6.9695e+07
0.134 4.0673e+09 6.9192e+07
0.135 3.781e+09 6.8697e+07
0.136 3.6997e+09 6.8211e+07
0.137 3.7741e+09 6.7732e+07
0.138 3.6555e+09 6.726e+07
0.139 3.4818e+09 6.6796e+07
0.14 3.4133e+09 6.634e+07
0.141 3.3887e+09 6.589e+07
0.142 3.3518e+09 6.5448e+07
0.143 3.2028e+09 6.5013e+07
0.144 3.1541e+09 6.4585e+07
0.145 3.1104e+09 6.4163e+07
0.146 2.9288e+09 6.3749e+07
0.147 3.0319e+09 6.3341e+07
0.148 2.9245e+09 6.2939e+07
0.149 2.767e+09 6.2544e+07
0.15 2.6159e+09 6.2156e+07
0.151 2.66e+09 6.1773e+07
0.152 2.5509e+09 6.1397e+07
0.153 2.5577e+09 6.1027e+07
0.154 2.4464e+09 6.0662e+07
0.155 2.3863e+09 6.0304e+07
0.156 2.2225e+09 5.9952e+07
0.157 2.2101e+09 5.9605e+07
0.158 2.1106e+09 5.9264e+07
0.159 2.1453e+09 5.8928e+07
0.16 2.1458e+09 5.8598e+07
0.161 1.9711e+09 5.8273e+07
0.162 1.9706e+09 5.7953e+07
0.163 1.9945e+09 5.7639e+07
0.164 1.995e+09 5.733e+07
0.165 1.8937e+09 5.7026e+07
0.166 1.8432e+09 5.6727e+07
0.167 1.8827e+09 5.6433e+07
0.168 1.7769e+09 5.6143e+07
0.169 1.6329e+09 5.5859e+07
0.17 1.7035e+09 5.5579e+07
0.171 1.5871e+09 5.5304e+07
0.172 1.6223e+09 5.5033e+07
0.173 1.6027e+09 5.4767e+07
0.174 1.4685e+09 5.4505e+07
0.175 1.415e+09 5.4247e+07
0.176 1.329e+09 5.3994e+07
0.177 1.3385e+09 5.3744e+07
0.178 1.3384e+09 5.3499e+07
0.179 1.218e+09 5.3258e+07
0.18 1.3227e+09 5.3021e+07
0.181 1.1997e+09 5.2787e+07
0.182 1.1857e+09 5.2558e+07
0.183 1.1448e+09 5.2332e+07
0.184 1.1224e+09 5.211e+07
0.185 1.1386e+09 5.1891e+07
0.186 1.0556e+09 5.1676e+07
0.187 1.0377e+09 5.1464e+07
0.188 1.0292e+09 5.1256e+07
0.189 9.9195e+08 5.1051e+07
0.19 1.0581e+09 5.085e+07
0.191 9.7077e+08 5.0651e+07
0.192 9.7444e+08 5.0456e+07
0.193 8.8322e+08 5.0263e+07
0.194 9.6967e+08 5.0074e+07
0.195 8.2388e+08 4.9887e+07
0.196 7.5876e+08 4.9704e+07
0.197 8.2774e+08 4.9523e+07
0.198 8.1301e+08 4.9345e+07
0.199 7.9318e+08 4.9169e+07
0.2 7.864e+08 4.8997e+07
0.201 7.0588e+08 4.8826e+07
0.202 6.8213e+08 4.8659e+07
0.203 6.6695e+08 4.8493e+07
0.204 6.81e+08 4.833e+07
0.205 7.3571e+08 4.817e+07
0.206 6.8505e+08 4.8012e+07
0.207 6.1356e+08 4.7855e+07
0.208 6.4033e+08 4.7702e+07
0.209 5.7796e+08 4.755e+07
0.21 5.5273e+08 4.74e+07
0.211 5.643e+08 4.7252e+07
0.212 5.6099e+08 4.7107e+07
0.213 5.8788e+08 4.6963e+07
0.214 5.4523e+08 4.6821e+07
0.215 5.3667e+08 4.6681e+07
0.216 5.2472e+08 4.6543e+07
0.217 4.6512e+08 4.6406e+07
0.218 5.2015e+08 4.6271e+07
0.219 4.9573e+08 4.6138e+07
0.22 4.3437e+08 4.6007e+07
0.221 4.1625e+08 4.5877e+07
0.222 3.9876e+08 4.5748e+07
0.223 6.0372e+08 4.5621e+07
0.224 4.4268e+08 4.5496e+07
0.225 4.6052e+08 4.5372e+07
0.226 4.207e+08 4.525e+07
0.227 4.0209e+08 4.5129e+07
0.228 4.6003e+08 4.5009e+07
0.229 4.0927e+08 4.489e+07
0.23 3.4674e+08 4.4773e+07
0.231 3.9811e+08 4.4658e+07
0.232 4.4797e+08 4.4543e+07
0.233 4.8159e+08 4.443e+07
0.234 4.2794e+08 4.4317e+07
0.235 3.8053e+08 4.4206e+07
0.236 3.3305e+08 4.4096e+07
0.237 2.8004e+08 4.3988e+07
0.238 3.348e+08 4.388e+07
0.239 3.7825e+08 4.3773e+07
0.24 2.4159e+08 4.3668e+07
0.241 2.7637e+08 4.3563e+07
0.242 3.4144e+08 4.346e+07
0.243 3.1895e+08 4.3357e+07
0.244 2.8491e+08 4.3256e+07
0.245 3.0365e+08 4.3155e+07
0.246 2.7774e+08 4.3056e+07
0.247 3.7034e+08 4.2957e+07
0.248 2.1325e+08 4.2859e+07
0.249 1.9834e+08 4.2763e+07
0.25 2.8833e+08 4.2667e+07
0.251 2.8161e+08 4.2571e+07
0.252 2.5006e+08 4.2477e+07
0.253 3.5295e+08 4.2384e+07
0.254 3.241e+08 4.2291e+07
0.255 2.8053e+08 4.2199e+07
0.256 3.0571e+08 4.2108e+07
0.257 2.1133e+08 4.2018e+07
0.258 1.7234e+08 4.1928e+07
0.259 2.2214e+08 4.184e+07
0.26 2.2214e+08 4.1752e+07
0.261 2.1622e+08 4.1665e+07
0.262 2.6635e+08 4.1578e+07
0.263 2.2138e+08 4.1492e+07
0.264 2.543e+08 4.1407e+07
0.265 3.0937e+08 4.1323e+07
0.266 2.7373e+08 4.1239e+07
0.267 2.25e+08 4.1156e+07
0.268 2.6686e+08 4.1074e+07
0.269 2.4434e+08 4.0992e+07
0.27 1.9305e+08 4.0911e+07
0.271 1.3733e+08 4.083e+07
0.272 2.0554e+08 4.075e+07
0.273 1.8697e+08 4.0671e+07
0.274 2.1227e+08 4.0593e+07
0.275 2.2269e+08 4.0515e+07
0.276 1.9383e+08 4.0437e+07
0.277 2.8832e+08 4.036e+07
0.278 2.6396e+08 4.0284e+07
0.279 1.7064e+08 4.0208e+07
0.28 1.6324e+08 4.0133e+07
0.281 1.3516e+08 4.0058e+07
0.282 2.7124e+08 3.9984e+07
0.283 2.1705e+08 3.9911e+07
0.284 1.1334e+08 3.9837e+07
0.285 1.7488e+08 3.9765e+07
0.286 2.315e+08 3.9693e+07
0.287 1.6395e+08 3.9621e+07
0.288 2.1422e+08 3.955e+07
0.289 2.1476e+08 3.9479e+07
0.29 2.1566e+08 3.9409e+07
0.291 1.8122e+08 3.934e+07
0.292 1.6151e+08 3.927e+07
0.293 2.0684e+08 3.9202e+07
0.294 1.6584e+08 3.9133e+07
0.295 1.9423e+08 3.9065e+07
0.296 1.7353e+08 3.8998e+07
0.297 8.0922e+07 3.8931e+07
0.298 1.2297e+08 3.8864e+07
0.299 1.7003e+08 3.8798e+07
0.3 2.3366e+08 3.8732e+07
0.301 2.0794e+08 3.8667e+07
0.302 1.9182e+08 3.8602e+07
0.303 1.8574e+08 3.8537e+07
0.304 2.4311e+08 3.8473e+07
0.305 9.7846e+07 3.8409e+07
0.306 1.6032e+08 3.8345e+07
0.307 2.1996e+08 3.8282e+07
0.308 1.7279e+08 3.8219e+07
0.309 1.7774e+08 3.8157e+07
0.31 2.0489e+08 3.8095e+07
0.311 1.356e+08 3.8033e+07
0.312 1.4219e+08 3.7971e+07
0.313 1.9058e+08 3.791e+07
0.314 1.9045e+08 3.7849e+07
0.315 1.7078e+08 3.7789e+07
0.316 1.2924e+08 3.7729e+07
0.317 7.7329e+07 3.7669e+07
0.318 1.0379e+08 3.761e+07
0.319 1.4589e+08 3.755e+07
0.32 1.1252e+08 3.7491e+07
0.321 2.2069e+08 3.7433e+07
0.322 2.1679e+08 3.7375e+07
0.323 1.5799e+08 3.7317e+07
0.324 1.1405e+08 3.7259e+07
0.325 2.2695e+08 3.7201e+07
0.326 1.4922e+08 3.7144e+07
0.327 1.5636e+08 3.7087e+07
0.328 1.7433e+08 3.7031e+07
0.329 1.7504e+08 3.6974e+07
0.33 1.4196e+08 3.6918e+07
0.331 1.8197e+08 3.6863e+07
0.332 1.307e+08 3.6807e+07
0.333 1.8835e+08 3.6752e+07
0.334 1.6748e+08 3.6697e+07
0.335 1.4698e+08 3.6642e+07
0.336 1.7105e+08 3.6588e+07
0.337 1.4382e+08 3.6534e+07
0.338 1.3819e+08 3.648e+07
0.339 1.9945e+08 3.6426e+07
0.34 1.0708e+08 3.6373e+07
0.341 1.7991e+08 3.6319e+07
0.342 1.256e+08 3.6266e+07
0.343 2.4026e+08 3.6214e+07
0.344 1.2997e+08 3.6161e+07
0.345 2.0271e+08 3.6109e+07
0.346 1.8348e+08 3.6057e+07
0.347 8.2852e+07 3.6005e+07
0.348 2.071e+08 3.5954e+07
0.349 1.7484e+08 3.5902e+07
0.35 1.4656e+08 3.5851e+07
0.351 1.1491e+08 3.58e+07
0.352 1.444e+08 3.575e+07
0.353 1.5511e+08 3.5699e+07
0.354 1.434e+08 3.5649e+07
0.355 2.0551e+08 3.5599e+07
0.356 1.032e+08 3.5549e+07
0.357 2.2457e+08 3.55e+07
0.358 1.8127e+08 3.545e+07
0.359 2.4614e+08 3.5401e+07
0.36 1.4162e+08 3.5352e+07
0.361 1.3565e+08 3.5304e+07
0.362 1.5554e+08 3.5255e+07
0.363 1.5326e+08 3.5207e+07
0.364 1.8709e+08 3.5159e+07
0.365 1.7717e+08 3.5111e+07
0.366 1.808e+08 3.5063e+07
0.367 1.6358e+08 3.5016e+07
0.368 1.7585e+08 3.4968e+07
0.369 1.6695e+08 3.4921e+07
0.37 2.0829e+08 3.4874e+07
0.371 1.6051e+08 3.4827e+07
0.372 1.7772e+08 3.4781e+07
0.373 2.1478e+08 3.4734e+07
0.374 2.5656e+08 3.4688e+07
0.375 1.8617e+08 3.4642e+07
0.376 1.1929e+08 3.4596e+07
0.377 1.2307e+08 3.4551e+07
0.378 2.2354e+08 3.4505e+07
0.379 1.5938e+08 3.446e+07
0.38 1.6774e+08 3.4415e+07
0.381 1.8736e+08 3.437e+07
0.382 1.6911e+08 3.4325e+07
0.383 1.7967e+08 3.428e+07
0.384 1.0817e+08 3.4236e+07
0.385 2.2117e+08 3.4191e+07
0.386 1.5249e+08 3.4147e+07
0.387 1.8028e+08 3.4103e+07
0.388 1.534e+08 3.4059e+07
0.389 1.7506e+08 3.4016e+07
0.39 1.1405e+08 3.3972e+07
0.391 2.4829e+08 3.3929e+07
0.392 1.8281e+08 3.3886e+07
0.393 1.9309e+08 3.3843e+07
0.394 1.4351e+08 3.38e+07
0.395 1.2507e+08 3.3757e+07
0.396 1.6635e+08 3.3714e+07
0.397 1.8654e+08 3.3672e+07
0.398 1.7247e+08 3.363e+07
0.399 1.9763e+08 3.3588e+07
0.4 1.5882e+08 3.3546e+07
0.401 2.1096e+08 3.3504e+07
0.402 1.3454e+08 3.3462e+07
0.403 1.5014e+08 3.3421e+07
0.404 1.1831e+08 3.3379e+07
0.405 2.0531e+08 3.3338e+07
0.406 2.0487e+08 3.3297e+07
0.407 1.7503e+08 3.3256e+07
0.408 1.8887e+08 3.3215e+07
0.409 2.4084e+08 3.3174e+07
0.41 2.0484e+08 3.3134e+07
0.411 1.5806e+08 3.3093e+07
0.412 1.0256e+08 3.3053e+07
0.413 1.8049e+08 3.3013e+07
0.414 1.7957e+08 3.2973e+07
0.415 1.8404e+08 3.2933e+07
0.416 1.358e+08 3.2893e+07
0.417 2.0325e+08 3.2854e+07
0.418 1.6853e+08 3.2814e+07
0.419 1.6643e+08 3.2775e+07
0.42 1.8525e+08 3.2736e+07
0.421 1.8405e+08 3.2697e+07
0.422 1.4132e+08 3.2658e+07
0.423 1.4769e+08 3.2619e+07
0.424 8.3442e+07 3.258e+07
0.425 2.0788e+08 3.2542e+07
0.426 1.693e+08 3.2503e+07
0.427 2.322e+08 3.2465e+07
0.428 1.7807e+08 3.2427e+07
0.429 1.874e+08 3.2389e+07
0.43 1.7475e+08 3.2351e+07
0.431 1.3356e+08 3.2313e+07
0.432 1.5185e+08 3.2276e+07
0.433 2.3703e+08 3.2238e+07
0.434 1.9055e+08 3.2201e+07
0.435 1.4849e+08 3.2164e+07
0.436 1.3768e+08 3.2127e+07
0.437 1.9603e+08 3.209e+07
0.438 1.3846e+08 3.2053e+07
0.439 1.3705e+08 3.2016e+07
0.44 1.7491e+08 3.1979e+07
0.441 2.2935e+08 3.1943e+07
0.442 1.7962e+08 3.1906e+07
0.443 1.7344e+08 3.187e+07
0.444 1.6918e+08 3.1834e+07
0.445 1.5067e+08 3.1798e+07
0.446 1.7359e+08 3.1762e+07
0.447 1.2563e+08 3.1726e+07
0.448 1.9468e+08 3.1691e+07
0.449 1.3755e+08 3.1655e+07
0.45 2.1972e+08 3.162e+07
0.451 1.8709e+08 3.1584e+07
0.452 1.6718e+08 3.1549e+07
0.453 1.3795e+08 3.1514e+07
0.454 1.8905e+08 3.1479e+07
0.455 1.6644e+08 3.1444e+07
0.456 1.2719e+08 3.141e+07
0.457 1.8714e+08 3.1375e+07
0.458 1.5421e+08 3.134e+07
0.459 2.3395e+08 3.1306e+07
0.46 2.3897e+08 3.1272e+07
0.461 2.1077e+08 3.1237e+07
0.462 1.607e+08 3.1203e+07
0.463 2.0633e+08 3.1169e+07
0.464 1.4069e+08 3.1135e+07
0.465 1.4496e+08 3.1102e+07
0.466 1.6911e+08 3.1068e+07
0.467 1.6065e+08 3.1034e+07
0.468 2.3248e+08 3.1001e+07
0.469 1.1787e+08 3.0968e+07
0.47 1.7822e+08 3.0934e+07
0.471 1.1533e+08 3.0901e+07
0.472 1.3297e+08 3.0868e+07
0.473 2.2894e+08 3.0835e+07
0.474 1.913e+08 3.0802e+07
0.475 1.7119e+08 3.0769e+07
0.476 2.1397e+08 3.0737e+07
0.477 1.8396e+08 3.0704e+07
0.478 8.8427e+07 3.0672e+07
0.479 1.0608e+08 3.0639e+07
0.48 1.3761e+08 3.0607e+07
0.481 1.7424e+08 3.0575e+07
0.482 1.9913e+08 3.0543e+07
0.483 1.4733e+08 3.0511e+07
0.484 1.6236e+08 3.0479e+07
0.485 1.2948e+08 3.0447e+07
0.486 1.3404e+08 3.0415e+07
0.487 2.0487e+08 3.0383e+07
0.488 1.7221e+08 3.0352e+07
0.489 1.9396e+08 3.032e+07
0.49 2.4787e+08 3.0289e+07
0.491 1.6772e+08 3.0258e+07
0.492 2.1962e+08 3.0226e+07
0.493 1.5862e+08 3.0195e+07
0.494 1.908e+08 3.0164e+07
0.495 1.5145e+08 3.0133e+07
0.496 1.2687e+08 3.0102e+07
0.497 9.8095e+07 3.0072e+07
0.498 1.7843e+08 3.0041e+07
0.499 1.4007e+08 3.001e+07
0.5 1.2156e+08 2.998e+07
