0.001 1.2894e+10 2.5788e+08
0.002 1.2243e+10 2.4486e+08
0.003 1.2224e+10 2.4449e+08
0.004 1.186e+10 2.3721e+08
0.005 1.2215e+10 2.443e+08
0.006 1.2011e+10 2.4021e+08
0.007 1.2005e+10 2.4009e+08
0.008 1.1849e+10 2.3697e+08
0.009 1.2084e+10 2.4168e+08
0.01 1.2306e+10 2.4613e+08
0.011 1.192e+10 2.384e+08
0.012 1.1862e+10 2.3724e+08
0.013 1.1773e+10 2.3546e+08
0.014 1.1761e+10 2.3522e+08
0.015 1.1981e+10 2.3962e+08
0.016 1.185e+10 2.3699e+08
0.017 1.1697e+10 2.3394e+08
0.018 1.1843e+10 2.3687e+08
0.019 1.168e+10 2.336e+08
0.02 1.1651e+10 2.3302e+08
0.021 1.1421e+10 2.2841e+08
0.022 1.1297e+10 2.2595e+08
0.023 1.1287e+10 2.2573e+08
0.024 1.142e+10 2.284e+08
0.025 1.1231e+10 2.2462e+08
0.026 1.1019e+10 2.2038e+08
0.027 1.0986e+10 2.1972e+08
0.028 1.1059e+10 2.2117e+08
0.029 1.1116e+10 2.2232e+08
0.03 1.0863e+10 2.1726e+08
0.031 1.0814e+10 2.1628e+08
0.032 1.0713e+10 2.1426e+08
0.033 1.0675e+10 2.135e+08
0.034 1.0485e+10 2.0971e+08
0.035 1.0398e+10 2.0795e+08
0.036 1.037e+10 2.074e+08
0.037 1.01e+10 2.0201e+08
0.038 1.0074e+10 2.0148e+08
0.039 9.8445e+09 1.9689e+08
0.04 9.8143e+09 1.9629e+08
0.041 9.7484e+09 1.9497e+08
0.042 9.5858e+09 1.9172e+08
0.043 9.4884e+09 1.8977e+08
0.044 9.4792e+09 1.8958e+08
0.045 9.3901e+09 1.878e+08
0.046 9.2078e+09 1.8416e+08
0.047 9.0835e+09 1.8167e+08
0.048 9.0153e+09 1.8031e+08
0.049 8.8436e+09 1.7687e+08
0.05 8.7348e+09 1.747e+08
0.051 8.5621e+09 1.7124e+08
0.052 8.5579e+09 1.7116e+08
0.053 8.5553e+09 1.7111e+08
0.054 8.409e+09 1.6818e+08
0.055 8.2121e+09 1.6424e+08
0.056 7.9878e+09 1.5976e+08
0.057 8.0576e+09 1.6115e+08
0.058 7.8322e+09 1.5664e+08
0.059 7.7892e+09 1.5578e+08
0.06 7.563e+09 1.5126e+08
0.061 7.4919e+09 1.4984e+08
0.062 7.3668e+09 1.4734e+08
0.063 7.2621e+09 1.4524e+08
0.064 7.091e+09 1.4182e+08
0.065 7.1238e+09 1.4248e+08
0.066 6.984e+09 1.3968e+08
0.067 6.877e+09 1.3754e+08
0.068 6.6578e+09 1.3316e+08
0.069 6.5118e+09 1.3024e+08
0.07 6.5142e+09 1.3028e+08
0.071 6.3504e+09 1.2701e+08
0.072 6.1892e+09 1.2378e+08
0.073 6.0829e+09 1.2166e+08
0.074 5.9412e+09 1.1882e+08
0.075 5.7835e+09 1.1567e+08
0.076 5.6512e+09 1.1302e+08
0.077 5.6768e+09 1.1354e+08
0.078 5.482e+09 1.0964e+08
0.079 5.3786e+09 1.0757e+08
0.08 5.249e+09 1.0498e+08
0.081 5.1747e+09 1.0349e+08
0.082 5.0669e+09 1.0134e+08
0.083 4.9772e+09 9.9544e+07
0.084 4.7565e+09 9.513e+07
0.085 4.7534e+09 9.5067e+07
0.086 4.6342e+09 9.2684e+07
0.087 4.504e+09 9.0079e+07
0.088 4.4152e+09 8.8304e+07
0.089 4.282e+09 8.5641e+07
0.09 4.2607e+09 8.5215e+07
0.091 4.1392e+09 8.2783e+07
0.092 4.0021e+09 8.0042e+07
0.093 3.8923e+09 7.7846e+07
0.094 3.8099e+09 7.6198e+07
0.095 3.7729e+09 7.5457e+07
0.096 3.6836e+09 7.3672e+07
0.097 3.5935e+09 7.187e+07
0.098 3.4801e+09 6.9602e+07
0.099 3.4368e+09 6.8736e+07
0.1 3.2675e+09 6.535e+07
0.101 3.2395e+09 6.4789e+07
0.102 3.0901e+09 6.1802e+07
0.103 3.0416e+09 6.0831e+07
0.104 2.9396e+09 5.8791e+07
0.105 2.8667e+09 5.7333e+07
0.106 2.7559e+09 5.5119e+07
0.107 2.6806e+09 5.3611e+07
0.108 2.5875e+09 5.175e+07
0.109 2.567e+09 5.134e+07
0.11 2.4588e+09 4.9176e+07
0.111 2.3739e+09 4.7479e+07
0.112 2.3557e+09 4.7113e+07
0.113 2.2034e+09 4.4068e+07
0.114 2.1929e+09 4.3858e+07
0.115 2.1228e+09 4.2457e+07
0.116 2.0862e+09 4.1725e+07
0.117 1.9413e+09 3.8826e+07
0.118 1.9438e+09 3.8876e+07
0.119 1.8226e+09 3.6452e+07
0.12 1.806e+09 3.6121e+07
0.121 1.7612e+09 3.5223e+07
0.122 1.6879e+09 3.3759e+07
0.123 1.6425e+09 3.2849e+07
0.124 1.6299e+09 3.2598e+07
0.125 1.5166e+09 3.0332e+07
0.126 1.5147e+09 3.0293e+07
0.127 1.4404e+09 2.8808e+07
0.128 1.4233e+09 2.8466e+07
0.129 1.3825e+09 2.765e+07
0.13 1.3057e+09 2.6113e+07
0.131 1.3159e+09 2.6318e+07
0.132 1.2529e+09 2.5057e+07
0.133 1.1762e+09 2.3524e+07
0.134 1.1398e+09 2.2796e+07
0.135 1.0799e+09 2.1599e+07
0.136 1.068e+09 2.1361e+07
0.137 9.9948e+08 1.999e+07
0.138 1.0217e+09 2.0434e+07
0.139 9.5901e+08 1.918e+07
0.14 9.2246e+08 1.8449e+07
0.141 8.8909e+08 1.7782e+07
0.142 8.2103e+08 1.6421e+07
0.143 7.841e+08 1.5682e+07
0.144 8.394e+08 1.6788e+07
0.145 7.4647e+08 1.4929e+07
0.146 7.4418e+08 1.4884e+07
0.147 7.0413e+08 1.4083e+07
0.148 7.1778e+08 1.4356e+07
0.149 6.3043e+08 1.2609e+07
0.15 6.2683e+08 1.2537e+07
0.151 6.2557e+08 1.2511e+07
0.152 5.6646e+08 1.1329e+07
0.153 5.2534e+08 1.0507e+07
0.154 5.5804e+08 1.1161e+07
0.155 5.2385e+08 1.0477e+07
0.156 5.0689e+08 1.0138e+07
0.157 4.8845e+08 9.7689e+06
0.158 4.811e+08 9.6221e+06
0.159 4.5505e+08 9.101e+06
0.16 4.5282e+08 9.0564e+06
0.161 4.4115e+08 8.8231e+06
0.162 3.9936e+08 7.9873e+06
0.163 4.1317e+08 8.2635e+06
0.164 4.1106e+08 8.2212e+06
0.165 4.0635e+08 8.1269e+06
0.166 3.6835e+08 7.367e+06
0.167 3.7018e+08 7.4037e+06
0.168 3.4719e+08 6.9438e+06
0.169 3.1923e+08 6.3847e+06
0.17 3.1842e+08 6.3684e+06
0.171 2.8843e+08 5.7686e+06
0.172 3.104e+08 6.208e+06
0.173 3.1076e+08 6.2153e+06
0.174 2.6717e+08 5.3435e+06
0.175 2.8766e+08 5.7533e+06
0.176 2.6652e+08 5.3304e+06
0.177 2.5692e+08 5.1384e+06
0.178 2.6047e+08 5.2094e+06
0.179 2.1192e+08 4.2385e+06
0.18 2.4094e+08 4.8189e+06
0.181 2.1489e+08 4.2978e+06
0.182 2.0148e+08 4.0297e+06
0.183 1.7113e+08 3.4227e+06
0.184 2.218e+08 4.436e+06
0.185 2.1209e+08 4.2419e+06
0.186 1.8375e+08 3.6751e+06
0.187 2.0746e+08 4.1492e+06
0.188 1.8129e+08 3.6258e+06
0.189 1.5608e+08 3.1216e+06
0.19 1.9208e+08 3.8417e+06
0.191 1.5618e+08 3.1236e+06
0.192 1.7913e+08 3.5827e+06
0.193 1.6049e+08 3.2099e+06
0.194 1.6428e+08 3.2856e+06
0.195 1.715e+08 3.4301e+06
0.196 1.8177e+08 3.6354e+06
0.197 1.8694e+08 3.7388e+06
0.198 1.5054e+08 3.0109e+06
0.199 1.5348e+08 3.0695e+06
0.2 1.2527e+08 2.5054e+06
0.201 1.3359e+08 2.6719e+06
0.202 1.2236e+08 2.4472e+06
0.203 1.4435e+08 2.887e+06
0.204 1.1885e+08 2.3769e+06
0.205 1.3958e+08 2.7916e+06
0.206 1.2491e+08 2.4982e+06
0.207 1.1228e+08 2.2456e+06
0.208 1.4462e+08 2.8924e+06
0.209 1.0599e+08 2.1199e+06
0.21 1.2455e+08 2.4909e+06
0.211 9.6498e+07 1.93e+06
0.212 9.8182e+07 1.9636e+06
0.213 1.0779e+08 2.1559e+06
0.214 1.1946e+08 2.3892e+06
0.215 9.8252e+07 1.965e+06
0.216 1.1989e+08 2.3977e+06
0.217 8.6745e+07 1.7349e+06
0.218 1.1204e+08 2.2409e+06
0.219 1.1165e+08 2.233e+06
0.22 1.154e+08 2.3079e+06
0.221 1.0652e+08 2.1303e+06
0.222 8.8921e+07 1.7784e+06
0.223 9.0617e+07 1.8123e+06
0.224 9.1763e+07 1.8353e+06
0.225 8.8572e+07 1.7714e+06
0.226 8.715e+07 1.743e+06
0.227 1.0685e+08 2.1371e+06
0.228 1.0103e+08 2.0207e+06
0.229 9.5307e+07 1.9061e+06
0.23 9.4488e+07 1.8898e+06
0.231 9.8495e+07 1.9699e+06
0.232 1.0439e+08 2.0877e+06
0.233 9.7313e+07 1.9463e+06
0.234 1.0495e+08 2.099e+06
0.235 5.0269e+07 1.0054e+06
0.236 8.7895e+07 1.7579e+06
0.237 9.118e+07 1.8236e+06
0.238 7.5745e+07 1.5149e+06
0.239 9.5502e+07 1.91e+06
0.24 6.3316e+07 1.2663e+06
0.241 7.8776e+07 1.5755e+06
0.242 9.731e+07 1.9462e+06
0.243 7.1491e+07 1.4298e+06
0.244 9.2341e+07 1.8468e+06
0.245 7.7778e+07 1.5556e+06
0.246 8.4946e+07 1.6989e+06
0.247 6.7414e+07 1.3483e+06
0.248 8.1585e+07 1.6317e+06
0.249 1.0479e+08 2.0959e+06
0.25 5.6018e+07 1.1204e+06
0.251 7.4827e+07 1.4965e+06
0.252 8.1503e+07 1.6301e+06
0.253 7.5396e+07 1.5079e+06
0.254 7.4442e+07 1.4888e+06
0.255 8.783e+07 1.7566e+06
0.256 8.2538e+07 1.6508e+06
0.257 7.1553e+07 1.4311e+06
0.258 6.4291e+07 1.2858e+06
0.259 6.5223e+07 1.3045e+06
0.26 7.7979e+07 1.5596e+06
0.261 6.668e+07 1.3336e+06
0.262 8.8764e+07 1.7753e+06
0.263 7.9301e+07 1.586e+06
0.264 7.0443e+07 1.4089e+06
0.265 1.0588e+08 2.1177e+06
0.266 5.4675e+07 1.0935e+06
0.267 6.187e+07 1.2374e+06
0.268 6.4373e+07 1.2875e+06
0.269 6.8599e+07 1.372e+06
0.27 7.2636e+07 1.4527e+06
0.271 6.6242e+07 1.3248e+06
0.272 6.7247e+07 1.3449e+06
0.273 7.9828e+07 1.5966e+06
0.274 5.3406e+07 1.0681e+06
0.275 5.6078e+07 1.1216e+06
0.276 8.1739e+07 1.6348e+06
0.277 7.3072e+07 1.4614e+06
0.278 7.0653e+07 1.4131e+06
0.279 7.4391e+07 1.4878e+06
0.28 4.477e+07 8.954e+05
0.281 4.0776e+07 8.1552e+05
0.282 2.9265e+07 5.8529e+05
0.283 6.6806e+07 1.3361e+06
0.284 5.8931e+07 1.1786e+06
0.285 7.3336e+07 1.4667e+06
0.286 5.9455e+07 1.1891e+06
0.287 8.2463e+07 1.6493e+06
0.288 6.5724e+07 1.3145e+06
0.289 7.3177e+07 1.4635e+06
0.29 6.3551e+07 1.271e+06
0.291 7.2193e+07 1.4439e+06
0.292 5.511e+07 1.1022e+06
0.293 4.0972e+07 8.1945e+05
0.294 6.069e+07 1.2138e+06
0.295 5.4369e+07 1.0874e+06
0.296 5.4738e+07 1.0948e+06
0.297 5.8954e+07 1.1791e+06
0.298 4.8316e+07 9.6633e+05
0.299 5.3441e+07 1.0688e+06
0.3 5.9725e+07 1.1945e+06
0.301 4.0225e+07 8.0449e+05
0.302 4.9281e+07 9.8561e+05
0.303 6.6966e+07 1.3393e+06
0.304 5.1628e+07 1.0326e+06
0.305 4.196e+07 8.3921e+05
0.306 6.3583e+07 1.2717e+06
0.307 4.8679e+07 9.7358e+05
0.308 5.7183e+07 1.1437e+06
0.309 7.4357e+07 1.4871e+06
0.31 7.085e+07 1.417e+06
0.311 6.844e+07 1.3688e+06
0.312 4.1597e+07 8.3194e+05
0.313 5.9667e+07 1.1933e+06
0.314 5.9777e+07 1.1955e+06
0.315 5.9231e+07 1.1846e+06
0.316 6.0525e+07 1.2105e+06
0.317 5.8855e+07 1.1771e+06
0.318 5.719e+07 1.1438e+06
0.319 6.1673e+07 1.2335e+06
0.32 5.4841e+07 1.0968e+06
0.321 4.652e+07 9.3039e+05
0.322 7.615e+07 1.523e+06
0.323 5.6884e+07 1.1377e+06
0.324 7.5843e+07 1.5169e+06
0.325 5.8481e+07 1.1696e+06
0.326 5.4874e+07 1.0975e+06
0.327 6.518e+07 1.3036e+06
0.328 4.6879e+07 9.3758e+05
0.329 4.1248e+07 8.2496e+05
0.33 4.8801e+07 9.7603e+05
0.331 4.5113e+07 9.0226e+05
0.332 4.2385e+07 8.477e+05
0.333 4.6189e+07 9.2379e+05
0.334 4.742e+07 9.484e+05
0.335 5.5246e+07 1.1049e+06
0.336 5.48e+07 1.096e+06
0.337 4.3639e+07 8.7278e+05
0.338 5.4449e+07 1.089e+06
0.339 8.5863e+07 1.7173e+06
0.34 4.7139e+07 9.4278e+05
0.341 6.7459e+07 1.3492e+06
0.342 3.7144e+07 7.4288e+05
0.343 5.8942e+07 1.1788e+06
0.344 5.2298e+07 1.046e+06
0.345 8.9558e+07 1.7912e+06
0.346 3.0107e+07 6.0215e+05
0.347 5.3185e+07 1.0637e+06
0.348 4.4949e+07 8.9897e+05
0.349 3.5854e+07 7.1707e+05
0.35 5.1159e+07 1.0232e+06
0.351 6.1824e+07 1.2365e+06
0.352 3.0133e+07 6.0266e+05
0.353 4.8375e+07 9.6751e+05
0.354 4.6964e+07 9.3928e+05
0.355 4.9082e+07 9.8165e+05
0.356 2.8913e+07 5.7825e+05
0.357 5.6177e+07 1.1235e+06
0.358 4.7608e+07 9.5215e+05
0.359 5.0984e+07 1.0197e+06
0.36 5.6492e+07 1.1298e+06
0.361 4.4639e+07 8.9279e+05
0.362 4.677e+07 9.3539e+05
0.363 5.0163e+07 1.0033e+06
0.364 4.7942e+07 9.5884e+05
0.365 3.5009e+07 7.0018e+05
0.366 3.5119e+07 7.0237e+05
0.367 6.1416e+07 1.2283e+06
0.368 4.3629e+07 8.7258e+05
0.369 3.4675e+07 6.935e+05
0.37 4.3007e+07 8.6014e+05
0.371 3.8242e+07 7.6485e+05
0.372 4.5454e+07 9.0907e+05
0.373 3.4688e+07 6.9377e+05
0.374 5.1613e+07 1.0323e+06
0.375 7.0101e+07 1.402e+06
0.376 2.5298e+07 5.0597e+05
0.377 4.7908e+07 9.5817e+05
0.378 4.2428e+07 8.4856e+05
0.379 2.6998e+07 5.3997e+05
0.38 4.5562e+07 9.1123e+05
0.381 4.3765e+07 8.753e+05
0.382 6.7492e+07 1.3498e+06
0.383 5.7187e+07 1.1437e+06
0.384 4.0303e+07 8.0605e+05
0.385 4.7568e+07 9.5135e+05
0.386 5.3394e+07 1.0679e+06
0.387 5.9492e+07 1.1898e+06
0.388 5.0834e+07 1.0167e+06
0.389 5.3573e+07 1.0715e+06
0.39 5.5086e+07 1.1017e+06
0.391 4.7991e+07 9.5982e+05
0.392 3.2611e+07 6.5222e+05
0.393 5.548e+07 1.1096e+06
0.394 6.0767e+07 1.2153e+06
0.395 3.2306e+07 6.4612e+05
0.396 3.9263e+07 7.8526e+05
0.397 6.2383e+07 1.2477e+06
0.398 3.9873e+07 7.9747e+05
0.399 5.8297e+07 1.1659e+06
0.4 3.4818e+07 6.9637e+05
0.401 6.0654e+07 1.2131e+06
0.402 4.6715e+07 9.343e+05
0.403 3.0865e+07 6.1731e+05
0.404 5.1871e+07 1.0374e+06
0.405 5.8517e+07 1.1703e+06
0.406 5.1954e+07 1.0391e+06
0.407 5.6214e+07 1.1243e+06
0.408 5.8823e+07 1.1765e+06
0.409 4.5414e+07 9.0828e+05
0.41 4.3364e+07 8.6728e+05
0.411 6.1921e+07 1.2384e+06
0.412 5.4703e+07 1.0941e+06
0.413 5.6285e+07 1.1257e+06
0.414 5.5938e+07 1.1188e+06
0.415 6.2188e+07 1.2438e+06
0.416 4.9028e+07 9.8056e+05
0.417 5.3441e+07 1.0688e+06
0.418 5.2523e+07 1.0505e+06
0.419 3.6344e+07 7.2688e+05
0.42 5.1358e+07 1.0272e+06
0.421 4.5438e+07 9.0876e+05
0.422 3.347e+07 6.6939e+05
0.423 5.6673e+07 1.1335e+06
0.424 7.1274e+07 1.4255e+06
0.425 4.0984e+07 8.1969e+05
0.426 4.4752e+07 8.9504e+05
0.427 4.2593e+07 8.5187e+05
0.428 4.9982e+07 9.9964e+05
0.429 7.0493e+07 1.4099e+06
0.43 3.7736e+07 7.5471e+05
0.431 3.1726e+07 6.3451e+05
0.432 5.1319e+07 1.0264e+06
0.433 4.4522e+07 8.9044e+05
0.434 3.2274e+07 6.4548e+05
0.435 5.4941e+07 1.0988e+06
0.436 6.3036e+07 1.2607e+06
0.437 5.6622e+07 1.1324e+06
0.438 6.4503e+07 1.2901e+06
0.439 3.5714e+07 7.1428e+05
0.44 5.3845e+07 1.0769e+06
0.441 3.9567e+07 7.9135e+05
0.442 7.0352e+07 1.407e+06
0.443 4.8558e+07 9.7115e+05
0.444 6.6058e+07 1.3212e+06
0.445 3.0621e+07 6.1243e+05
0.446 4.8711e+07 9.7423e+05
0.447 4.0126e+07 8.0252e+05
0.448 5.6258e+07 1.1252e+06
0.449 3.9935e+07 7.9869e+05
0.45 4.7319e+07 9.4638e+05
0.451 5.8265e+07 1.1653e+06
0.452 5.1847e+07 1.0369e+06
0.453 3.5784e+07 7.1568e+05
0.454 4.2804e+07 8.5609e+05
0.455 4.5692e+07 9.1384e+05
0.456 4.4323e+07 8.8646e+05
0.457 5.6397e+07 1.1279e+06
0.458 5.4296e+07 1.0859e+06
0.459 4.9846e+07 9.9693e+05
0.46 5.1374e+07 1.0275e+06
0.461 6.1797e+07 1.2359e+06
0.462 5.9115e+07 1.1823e+06
0.463 5.8041e+07 1.1608e+06
0.464 5.786e+07 1.1572e+06
0.465 4.9529e+07 9.9059e+05
0.466 4.3964e+07 8.7928e+05
0.467 4.6687e+07 9.3373e+05
0.468 4.6602e+07 9.3204e+05
0.469 6.1785e+07 1.2357e+06
0.47 5.4878e+07 1.0976e+06
0.471 7.2627e+07 1.4525e+06
0.472 5.9329e+07 1.1866e+06
0.473 2.9879e+07 5.9758e+05
0.474 4.8278e+07 9.6556e+05
0.475 4.9509e+07 9.9018e+05
0.476 4.2622e+07 8.5244e+05
0.477 6.3156e+07 1.2631e+06
0.478 4.0067e+07 8.0134e+05
0.479 5.0588e+07 1.0118e+06
0.48 5.2891e+07 1.0578e+06
0.481 4.9332e+07 9.8665e+05
0.482 4.9677e+07 9.9355e+05
0.483 5.5625e+07 1.1125e+06
0.484 5.488e+07 1.0976e+06
0.485 5.5952e+07 1.119e+06
0.486 5.7983e+07 1.1597e+06
0.487 4.5148e+07 9.0295e+05
0.488 5.754e+07 1.1508e+06
0.489 6.1834e+07 1.2367e+06
0.49 5.9587e+07 1.1917e+06
0.491 4.9999e+07 9.9997e+05
0.492 6.1295e+07 1.2259e+06
0.493 4.7117e+07 9.4233e+05
0.494 4.1931e+07 8.3861e+05
0.495 5.6218e+07 1.1244e+06
0.496 6.6626e+07 1.3325e+06
0.497 4.9484e+07 9.8968e+05
0.498 4.5588e+07 9.1176e+05
0.499 4.3296e+07 8.6592e+05
0.5 4.223e+07 8.4459e+05
