0.001 7.4922e+09 1.4984e+08
0.002 7.3449e+09 1.469e+08
0.003 7.3309e+09 1.4662e+08
0.004 7.4689e+09 1.4938e+08
0.005 7.4811e+09 1.4962e+08
0.006 7.2809e+09 1.4562e+08
0.007 7.2689e+09 1.4538e+08
0.008 7.3446e+09 1.4689e+08
0.009 7.3287e+09 1.4657e+08
0.01 7.2e+09 1.44e+08
0.011 7.1488e+09 1.4298e+08
0.012 7.2471e+09 1.4494e+08
0.013 7.1758e+09 1.4352e+08
0.014 7.0904e+09 1.4181e+08
0.015 7.0465e+09 1.4093e+08
0.016 6.8625e+09 1.3725e+08
0.017 6.9929e+09 1.3986e+08
0.018 6.9033e+09 1.3807e+08
0.019 6.9688e+09 1.3938e+08
0.02 7.126e+09 1.4252e+08
0.021 6.8741e+09 1.3748e+08
0.022 6.8409e+09 1.3682e+08
0.023 6.987e+09 1.3974e+08
0.024 6.6892e+09 1.3378e+08
0.025 6.6277e+09 1.3255e+08
0.026 6.6467e+09 1.3293e+08
0.027 6.5341e+09 1.3068e+08
0.028 6.4987e+09 1.2997e+08
0.029 6.5565e+09 1.3113e+08
0.03 6.4997e+09 1.2999e+08
0.031 6.4811e+09 1.2962e+08
0.032 6.5079e+09 1.3016e+08
0.033 6.2479e+09 1.2496e+08
0.034 6.2732e+09 1.2546e+08
0.035 6.2363e+09 1.2473e+08
0.036 6.236e+09 1.2472e+08
0.037 6.0915e+09 1.2183e+08
0.038 6.1112e+09 1.2222e+08
0.039 5.9135e+09 1.1827e+08
0.04 6.0421e+09 1.2084e+08
0.041 5.8658e+09 1.1732e+08
0.042 5.913e+09 1.1826e+08
0.043 5.7195e+09 1.1439e+08
0.044 5.6594e+09 1.1319e+08
0.045 5.6074e+09 1.1215e+08
0.046 5.5581e+09 1.1116e+08
0.047 5.4429e+09 1.0886e+08
0.048 5.3246e+09 1.0649e+08
0.049 5.2633e+09 1.0527e+08
0.05 5.2897e+09 1.0579e+08
0.051 5.2867e+09 1.0573e+08
0.052 5.0832e+09 1.0166e+08
0.053 4.9646e+09 9.9291e+07
0.054 4.9449e+09 9.8898e+07
0.055 4.9941e+09 9.9882e+07
0.056 4.9031e+09 9.8062e+07
0.057 4.8258e+09 9.6516e+07
0.058 4.6292e+09 9.2583e+07
0.059 4.6215e+09 9.2429e+07
0.06 4.6171e+09 9.2343e+07
0.061 4.5423e+09 9.0845e+07
0.062 4.401e+09 8.802e+07
0.063 4.3954e+09 8.7908e+07
0.064 4.3154e+09 8.6308e+07
0.065 4.1377e+09 8.2755e+07
0.066 4.1615e+09 8.3231e+07
0.067 4.1185e+09 8.237e+07
0.068 4.0377e+09 8.0755e+07
0.069 3.9046e+09 7.8093e+07
0.07 3.8326e+09 7.6651e+07
0.071 3.7852e+09 7.5705e+07
0.072 3.7183e+09 7.4367e+07
0.073 3.6568e+09 7.3137e+07
0.074 3.5969e+09 7.1938e+07
0.075 3.52e+09 7.04e+07
0.076 3.362e+09 6.7239e+07
0.077 3.3569e+09 6.7138e+07
0.078 3.2856e+09 6.5713e+07
0.079 3.2289e+09 6.4578e+07
0.08 3.1487e+09 6.2974e+07
0.081 3.0926e+09 6.1852e+07
0.082 2.9847e+09 5.9694e+07
0.083 2.9362e+09 5.8723e+07
0.084 2.9053e+09 5.8105e+07
0.085 2.8381e+09 5.6762e+07
0.086 2.822e+09 5.644e+07
0.087 2.6292e+09 5.2584e+07
0.088 2.6718e+09 5.3436e+07
0.089 2.5753e+09 5.1506e+07
0.09 2.516e+09 5.0321e+07
0.091 2.4439e+09 4.8879e+07
0.092 2.4208e+09 4.8415e+07
0.093 2.3326e+09 4.6651e+07
0.094 2.252e+09 4.5041e+07
0.095 2.2071e+09 4.4143e+07
0.096 2.198e+09 4.3961e+07
0.097 2.0638e+09 4.1277e+07
0.098 2.0169e+09 4.0339e+07
0.099 2.0255e+09 4.0509e+07
0.1 1.9153e+09 3.8306e+07
0.101 1.8893e+09 3.7787e+07
0.102 1.854e+09 3.7081e+07
0.103 1.8346e+09 3.6693e+07
0.104 1.7836e+09 3.5672e+07
0.105 1.6846e+09 3.3692e+07
0.106 1.6801e+09 3.3603e+07
0.107 1.6349e+09 3.2698e+07
0.108 1.5722e+09 3.1443e+07
0.109 1.5143e+09 3.0285e+07
0.11 1.4812e+09 2.9625e+07
0.111 1.4238e+09 2.8476e+07
0.112 1.3883e+09 2.7765e+07
0.113 1.349e+09 2.6979e+07
0.114 1.2949e+09 2.5899e+07
0.115 1.2716e+09 2.5432e+07
0.116 1.2366e+09 2.4732e+07
0.117 1.1821e+09 2.3643e+07
0.118 1.1356e+09 2.2711e+07
0.119 1.1349e+09 2.2699e+07
0.12 1.0693e+09 2.1385e+07
0.121 1.0708e+09 2.1416e+07
0.122 1.0373e+09 2.0746e+07
0.123 1.0223e+09 2.0445e+07
0.124 9.395e+08 1.879e+07
0.125 9.0798e+08 1.816e+07
0.126 8.7751e+08 1.755e+07
0.127 8.4515e+08 1.6903e+07
0.128 8.2737e+08 1.6547e+07
0.129 7.7764e+08 1.5553e+07
0.13 7.5084e+08 1.5017e+07
0.131 7.3964e+08 1.4793e+07
0.132 7.2376e+08 1.4475e+07
0.133 6.9566e+08 1.3913e+07
0.134 6.5194e+08 1.3039e+07
0.135 6.7348e+08 1.347e+07
0.136 6.3378e+08 1.2676e+07
0.137 6.1184e+08 1.2237e+07
0.138 6.109e+08 1.2218e+07
0.139 5.6442e+08 1.1288e+07
0.14 5.6591e+08 1.1318e+07
0.141 5.3929e+08 1.0786e+07
0.142 5.2746e+08 1.0549e+07
0.143 5.1449e+08 1.029e+07
0.144 4.9083e+08 9.8167e+06
0.145 4.4877e+08 8.9755e+06
0.146 4.2363e+08 8.4726e+06
0.147 4.1411e+08 8.2821e+06
0.148 4.0829e+08 8.1658e+06
0.149 4.0773e+08 8.1546e+06
0.15 3.7738e+08 7.5476e+06
0.151 3.6846e+08 7.3692e+06
0.152 3.402e+08 6.804e+06
0.153 3.474e+08 6.948e+06
0.154 3.3374e+08 6.6747e+06
0.155 3.4235e+08 6.847e+06
0.156 3.169e+08 6.338e+06
0.157 3.1209e+08 6.2419e+06
0.158 2.749e+08 5.498e+06
0.159 2.6753e+08 5.3506e+06
0.16 2.6333e+08 5.2666e+06
0.161 2.5167e+08 5.0334e+06
0.162 2.5249e+08 5.0498e+06
0.163 2.412e+08 4.8239e+06
0.164 2.3674e+08 4.7347e+06
0.165 2.1386e+08 4.2771e+06
0.166 2.2102e+08 4.4204e+06
0.167 2.1914e+08 4.3829e+06
0.168 2.0963e+08 4.1927e+06
0.169 1.9618e+08 3.9236e+06
0.17 1.968e+08 3.936e+06
0.171 1.8081e+08 3.6163e+06
0.172 1.7726e+08 3.5452e+06
0.173 1.7089e+08 3.4177e+06
0.174 1.6531e+08 3.3062e+06
0.175 1.6331e+08 3.2662e+06
0.176 1.4064e+08 2.8128e+06
0.177 1.563e+08 3.126e+06
0.178 1.2349e+08 2.4698e+06
0.179 1.3819e+08 2.7637e+06
0.18 1.443e+08 2.886e+06
0.181 1.2275e+08 2.455e+06
0.182 1.2518e+08 2.5035e+06
0.183 1.2794e+08 2.5588e+06
0.184 1.4096e+08 2.8192e+06
0.185 1.3308e+08 2.6615e+06
0.186 1.2626e+08 2.5252e+06
0.187 1.1861e+08 2.3721e+06
0.188 1.2207e+08 2.4413e+06
0.189 1.0744e+08 2.1487e+06
0.19 1.1633e+08 2.3266e+06
0.191 1.0256e+08 2.0512e+06
0.192 1.0323e+08 2.0645e+06
0.193 1.0105e+08 2.021e+06
0.194 9.6065e+07 1.9213e+06
0.195 1.0019e+08 2.0038e+06
0.196 9.296e+07 1.8592e+06
0.197 1.1164e+08 2.2327e+06
0.198 1.0643e+08 2.1285e+06
0.199 7.7259e+07 1.5452e+06
0.2 8.3764e+07 1.6753e+06
0.201 8.8145e+07 1.7629e+06
0.202 6.9368e+07 1.3874e+06
0.203 7.9158e+07 1.5832e+06
0.204 7.3711e+07 1.4742e+06
0.205 7.3726e+07 1.4745e+06
0.206 7.098e+07 1.4196e+06
0.207 7.962e+07 1.5924e+06
0.208 7.2663e+07 1.4533e+06
0.209 6.429e+07 1.2858e+06
0.21 8.6867e+07 1.7373e+06
0.211 7.7183e+07 1.5437e+06
0.212 6.6996e+07 1.3399e+06
0.213 9.6223e+07 1.9245e+06
0.214 8.5634e+07 1.7127e+06
0.215 7.9817e+07 1.5963e+06
0.216 7.7171e+07 1.5434e+06
0.217 6.5157e+07 1.3031e+06
0.218 6.9885e+07 1.3977e+06
0.219 6.5436e+07 1.3087e+06
0.22 6.5152e+07 1.303e+06
0.221 6.4014e+07 1.2803e+06
0.222 3.932e+07 7.864e+05
0.223 6.0446e+07 1.2089e+06
0.224 6.6637e+07 1.3327e+06
0.225 5.3669e+07 1.0734e+06
0.226 5.5952e+07 1.119e+06
0.227 7.8547e+07 1.5709e+06
0.228 6.1018e+07 1.2204e+06
0.229 7.9878e+07 1.5976e+06
0.23 6.0659e+07 1.2132e+06
0.231 4.8367e+07 9.6733e+05
0.232 5.141e+07 1.0282e+06
0.233 6.6167e+07 1.3233e+06
0.234 5.4597e+07 1.0919e+06
0.235 6.6819e+07 1.3364e+06
0.236 5.4372e+07 1.0874e+06
0.237 7.372e+07 1.4744e+06
0.238 5.976e+07 1.1952e+06
0.239 5.4456e+07 1.0891e+06
0.24 7.0689e+07 1.4138e+06
0.241 6.231e+07 1.2462e+06
0.242 4.4032e+07 8.8063e+05
0.243 5.9406e+07 1.1881e+06
0.244 4.7087e+07 9.4173e+05
0.245 5.1491e+07 1.0298e+06
0.246 5.6156e+07 1.1231e+06
0.247 6.558e+07 1.3116e+06
0.248 4.1534e+07 8.3069e+05
0.249 6.3286e+07 1.2657e+06
0.25 5.2275e+07 1.0455e+06
0.251 6.3052e+07 1.261e+06
0.252 5.0421e+07 1.0084e+06
0.253 4.9738e+07 9.9476e+05
0.254 4.7743e+07 9.5486e+05
0.255 5.3458e+07 1.0692e+06
0.256 4.9672e+07 9.9343e+05
0.257 6.2697e+07 1.2539e+06
0.258 4.6902e+07 9.3805e+05
0.259 4.2025e+07 8.4051e+05
0.26 5.1645e+07 1.0329e+06
0.261 4.1738e+07 8.3476e+05
0.262 5.6373e+07 1.1275e+06
0.263 4.5505e+07 9.1009e+05
0.264 3.7018e+07 7.4035e+05
0.265 3.6104e+07 7.2209e+05
0.266 4.8997e+07 9.7993e+05
0.267 5.3913e+07 1.0783e+06
0.268 4.5122e+07 9.0244e+05
0.269 5.4219e+07 1.0844e+06
0.27 5.3201e+07 1.064e+06
0.271 3.1772e+07 6.3544e+05
0.272 4.5346e+07 9.0691e+05
0.273 4.709e+07 9.418e+05
0.274 3.8037e+07 7.6075e+05
0.275 4.951e+07 9.902e+05
0.276 4.8673e+07 9.7347e+05
0.277 6.7291e+07 1.3458e+06
0.278 4.6403e+07 9.2806e+05
0.279 4.7743e+07 9.5487e+05
0.28 5.051e+07 1.0102e+06
0.281 5.5178e+07 1.1036e+06
0.282 4.0251e+07 8.0503e+05
0.283 4.129e+07 8.2581e+05
0.284 3.5366e+07 7.0732e+05
0.285 4.4787e+07 8.9574e+05
0.286 5.4205e+07 1.0841e+06
0.287 4.5497e+07 9.0994e+05
0.288 2.8065e+07 5.6129e+05
0.289 3.8069e+07 7.6138e+05
0.29 3.7249e+07 7.4497e+05
0.291 3.9469e+07 7.8937e+05
0.292 2.8283e+07 5.6566e+05
0.293 2.6812e+07 5.3623e+05
0.294 4.8838e+07 9.7677e+05
0.295 4.3238e+07 8.6476e+05
0.296 4.035e+07 8.07e+05
0.297 4.5285e+07 9.057e+05
0.298 3.3404e+07 6.6809e+05
0.299 4.7067e+07 9.4133e+05
0.3 2.9581e+07 5.9162e+05
0.301 4.8333e+07 9.6665e+05
0.302 4.5292e+07 9.0584e+05
0.303 3.3701e+07 6.7402e+05
0.304 4.6661e+07 9.3322e+05
0.305 3.8415e+07 7.6831e+05
0.306 5.5349e+07 1.107e+06
0.307 4.0801e+07 8.1602e+05
0.308 4.5343e+07 9.0687e+05
0.309 4.2259e+07 8.4519e+05
0.31 3.6517e+07 7.3035e+05
0.311 3.9681e+07 7.9362e+05
0.312 3.1323e+07 6.2646e+05
0.313 4.2612e+07 8.5225e+05
0.314 4.8506e+07 9.7012e+05
0.315 4.3582e+07 8.7163e+05
0.316 5.4713e+07 1.0943e+06
0.317 2.65e+07 5.3e+05
0.318 3.6925e+07 7.3851e+05
0.319 3.1326e+07 6.2651e+05
0.32 3.5722e+07 7.1445e+05
0.321 4.2378e+07 8.4756e+05
0.322 1.8788e+07 3.7577e+05
0.323 3.1737e+07 6.3473e+05
0.324 3.0503e+07 6.1005e+05
0.325 4.5855e+07 9.1709e+05
0.326 3.7413e+07 7.4826e+05
0.327 2.5348e+07 5.0697e+05
0.328 3.4149e+07 6.8298e+05
0.329 2.7376e+07 5.4752e+05
0.33 2.6491e+07 5.2982e+05
0.331 3.0144e+07 6.0289e+05
0.332 3.3744e+07 6.7489e+05
0.333 3.6523e+07 7.3045e+05
0.334 3.4462e+07 6.8925e+05
0.335 5.1514e+07 1.0303e+06
0.336 2.6539e+07 5.3079e+05
0.337 2.6452e+07 5.2904e+05
0.338 4.5008e+07 9.0017e+05
0.339 4.3273e+07 8.6546e+05
0.34 3.2543e+07 6.5085e+05
0.341 3.1941e+07 6.3883e+05
0.342 3.9155e+07 7.8311e+05
0.343 2.3677e+07 4.7354e+05
0.344 4.4114e+07 8.8229e+05
0.345 2.7679e+07 5.5357e+05
0.346 3.8017e+07 7.6034e+05
0.347 2.7104e+07 5.4209e+05
0.348 3.2377e+07 6.4753e+05
0.349 1.164e+07 2.3279e+05
0.35 2.0478e+07 4.0955e+05
0.351 2.3728e+07 4.7456e+05
0.352 3.4648e+07 6.9297e+05
0.353 3.5043e+07 7.0086e+05
0.354 3.5521e+07 7.1043e+05
0.355 4.2292e+07 8.4583e+05
0.356 2.1672e+07 4.3343e+05
0.357 2.0974e+07 4.1948e+05
0.358 2.2585e+07 4.517e+05
0.359 3.2467e+07 6.4933e+05
0.36 3.455e+07 6.91e+05
0.361 3.8821e+07 7.7642e+05
0.362 2.8725e+07 5.7449e+05
0.363 2.4081e+07 4.8162e+05
0.364 3.3674e+07 6.7348e+05
0.365 3.8312e+07 7.6624e+05
0.366 2.9953e+07 5.9906e+05
0.367 2.8116e+07 5.6232e+05
0.368 2.0795e+07 4.159e+05
0.369 2.6572e+07 5.3144e+05
0.37 3.2807e+07 6.5613e+05
0.371 2.8734e+07 5.7468e+05
0.372 2.3866e+07 4.7731e+05
0.373 3.2336e+07 6.4672e+05
0.374 2.5157e+07 5.0314e+05
0.375 4.415e+07 8.8299e+05
0.376 2.8809e+07 5.7618e+05
0.377 3.4729e+07 6.9459e+05
0.378 2.0721e+07 4.1443e+05
0.379 4.1378e+07 8.2757e+05
0.38 2.2001e+07 4.4002e+05
0.381 3.2049e+07 6.4099e+05
0.382 4.4565e+07 8.913e+05
0.383 3.3768e+07 6.7536e+05
0.384 3.1744e+07 6.3488e+05
0.385 3.2395e+07 6.4791e+05
0.386 3.3911e+07 6.7821e+05
0.387 3.0302e+07 6.0604e+05
0.388 3.4263e+07 6.8526e+05
0.389 4.7701e+07 9.5401e+05
0.39 3.6805e+07 7.361e+05
0.391 4.3043e+07 8.6085e+05
0.392 1.1641e+07 2.3283e+05
0.393 3.4679e+07 6.9358e+05
0.394 3.4951e+07 6.9902e+05
0.395 1.919e+07 3.8381e+05
0.396 2.6024e+07 5.2048e+05
0.397 3.3817e+07 6.7635e+05
0.398 2.9668e+07 5.9336e+05
0.399 3.3338e+07 6.6677e+05
0.4 2.7147e+07 5.4293e+05
0.401 2.6519e+07 5.3038e+05
0.402 3.4409e+07 6.8819e+05
0.403 2.8456e+07 5.6912e+05
0.404 3.5442e+07 7.0884e+05
0.405 3.3076e+07 6.6152e+05
0.406 2.3613e+07 4.7226e+05
0.407 2.2291e+07 4.4582e+05
0.408 2.7202e+07 5.4403e+05
0.409 3.2652e+07 6.5304e+05
0.41 4.3061e+07 8.6121e+05
0.411 4.4116e+07 8.8233e+05
0.412 2.851e+07 5.702e+05
0.413 3.223e+07 6.4459e+05
0.414 3.2589e+07 6.5178e+05
0.415 4.3483e+07 8.6966e+05
0.416 1.6699e+07 3.3398e+05
0.417 2.3148e+07 4.6295e+05
0.418 4.704e+07 9.408e+05
0.419 1.6939e+07 3.3879e+05
0.42 3.0919e+07 6.1838e+05
0.421 3.0367e+07 6.0734e+05
0.422 3.448e+07 6.896e+05
0.423 3.4328e+07 6.8657e+05
0.424 2.57e+07 5.1401e+05
0.425 1.7661e+07 3.5323e+05
0.426 3.4123e+07 6.8247e+05
0.427 2.9854e+07 5.9707e+05
0.428 3.2e+07 6.4e+05
0.429 2.7527e+07 5.5054e+05
0.43 3.1904e+07 6.3809e+05
0.431 2.0934e+07 4.1867e+05
0.432 3.2598e+07 6.5195e+05
0.433 4.2142e+07 8.4285e+05
0.434 3.0664e+07 6.1327e+05
0.435 4.0374e+07 8.0748e+05
0.436 2.4276e+07 4.8552e+05
0.437 1.9397e+07 3.8794e+05
0.438 2.762e+07 5.524e+05
0.439 4.2792e+07 8.5583e+05
0.44 3.3126e+07 6.6252e+05
0.441 3.334e+07 6.668e+05
0.442 3.2853e+07 6.5707e+05
0.443 2.5997e+07 5.1994e+05
0.444 3.9595e+07 7.919e+05
0.445 3.3843e+07 6.7685e+05
0.446 1.8298e+07 3.6597e+05
0.447 2.7935e+07 5.587e+05
0.448 2.6115e+07 5.2229e+05
0.449 3.4734e+07 6.9469e+05
0.45 3.2084e+07 6.4169e+05
0.451 3.4556e+07 6.9111e+05
0.452 2.9768e+07 5.9535e+05
0.453 2.2984e+07 4.5967e+05
0.454 3.402e+07 6.804e+05
0.455 2.9892e+07 5.9784e+05
0.456 2.9361e+07 5.8723e+05
0.457 2.8236e+07 5.6473e+05
0.458 3.0747e+07 6.1494e+05
0.459 2.4011e+07 4.8023e+05
0.46 2.608e+07 5.216e+05
0.461 3.2971e+07 6.5942e+05
0.462 2.654e+07 5.308e+05
0.463 2.7184e+07 5.4368e+05
0.464 3.1898e+07 6.3797e+05
0.465 4.5163e+07 9.0325e+05
0.466 4.4103e+07 8.8207e+05
0.467 3.7303e+07 7.4605e+05
0.468 2.6501e+07 5.3001e+05
0.469 2.8729e+07 5.7458e+05
0.47 2.9419e+07 5.8838e+05
0.471 3.3477e+07 6.6954e+05
0.472 2.9235e+07 5.8469e+05
0.473 2.8118e+07 5.6235e+05
0.474 3.2837e+07 6.5674e+05
0.475 2.7e+07 5.4e+05
0.476 2.8782e+07 5.7564e+05
0.477 4.1458e+07 8.2916e+05
0.478 3.7909e+07 7.5819e+05
0.479 3.4281e+07 6.8562e+05
0.48 3.5202e+07 7.0403e+05
0.481 2.5749e+07 5.1498e+05
0.482 1.853e+07 3.706e+05
0.483 2.9726e+07 5.9451e+05
0.484 2.7505e+07 5.501e+05
0.485 3.0467e+07 6.0935e+05
0.486 1.6261e+07 3.2523e+05
0.487 2.6711e+07 5.3422e+05
0.488 2.8543e+07 5.7085e+05
0.489 3.0056e+07 6.0113e+05
0.49 2.7846e+07 5.5692e+05
0.491 3.2571e+07 6.5141e+05
0.492 3.2514e+07 6.5029e+05
0.493 2.7277e+07 5.4553e+05
0.494 2.9972e+07 5.9945e+05
0.495 3.8065e+07 7.6129e+05
0.496 2.9442e+07 5.8885e+05
0.497 2.8694e+07 5.7389e+05
0.498 2.8249e+07 5.6499e+05
0.499 2.9846e+07 5.9692e+05
0.5 2.6324e+07 5.2648e+05
