0.001 9.9315e+09 1.9863e+08
0.002 9.3733e+09 1.8747e+08
0.003 9.5904e+09 1.9181e+08
0.004 9.7816e+09 1.9563e+08
0.005 9.9268e+09 1.9854e+08
0.006 9.7669e+09 1.9534e+08
0.007 1.0009e+10 2.0017e+08
0.008 9.8993e+09 1.9799e+08
0.009 9.6303e+09 1.9261e+08
0.01 9.4717e+09 1.8943e+08
0.011 9.697e+09 1.9394e+08
0.012 9.6822e+09 1.9364e+08
0.013 9.3664e+09 1.8733e+08
0.014 9.3445e+09 1.8689e+08
0.015 9.2743e+09 1.8549e+08
0.016 9.3226e+09 1.8645e+08
0.017 9.4079e+09 1.8816e+08
0.018 9.2012e+09 1.8402e+08
0.019 9.4131e+09 1.8826e+08
0.02 9.3347e+09 1.8669e+08
0.021 9.3464e+09 1.8693e+08
0.022 8.9773e+09 1.7955e+08
0.023 9.1501e+09 1.83e+08
0.024 9.181e+09 1.8362e+08
0.025 8.8212e+09 1.7642e+08
0.026 8.8346e+09 1.7669e+08
0.027 8.9824e+09 1.7965e+08
0.028 8.9181e+09 1.7836e+08
0.029 8.7354e+09 1.7471e+08
0.03 8.705e+09 1.741e+08
0.031 8.5139e+09 1.7028e+08
0.032 8.7448e+09 1.749e+08
0.033 8.4622e+09 1.6924e+08
0.034 8.4063e+09 1.6813e+08
0.035 8.3423e+09 1.6685e+08
0.036 8.1821e+09 1.6364e+08
0.037 8.0777e+09 1.6155e+08
0.038 8.0518e+09 1.6104e+08
0.039 7.9002e+09 1.58e+08
0.04 7.8273e+09 1.5655e+08
0.041 7.9186e+09 1.5837e+08
0.042 7.7532e+09 1.5506e+08
0.043 7.6254e+09 1.5251e+08
0.044 7.6276e+09 1.5255e+08
0.045 7.462e+09 1.4924e+08
0.046 7.3977e+09 1.4795e+08
0.047 7.3174e+09 1.4635e+08
0.048 7.1082e+09 1.4216e+08
0.049 7.2172e+09 1.4434e+08
0.05 7.0578e+09 1.4116e+08
0.051 6.976e+09 1.3952e+08
0.052 6.8979e+09 1.3796e+08
0.053 6.7411e+09 1.3482e+08
0.054 6.5768e+09 1.3154e+08
0.055 6.5963e+09 1.3193e+08
0.056 6.502e+09 1.3004e+08
0.057 6.3961e+09 1.2792e+08
0.058 6.3958e+09 1.2792e+08
0.059 6.2091e+09 1.2418e+08
0.06 6.0497e+09 1.2099e+08
0.061 5.9419e+09 1.1884e+08
0.062 5.9439e+09 1.1888e+08
0.063 5.7695e+09 1.1539e+08
0.064 5.7685e+09 1.1537e+08
0.065 5.611e+09 1.1222e+08
0.066 5.5627e+09 1.1125e+08
0.067 5.4414e+09 1.0883e+08
0.068 5.4411e+09 1.0882e+08
0.069 5.1818e+09 1.0364e+08
0.07 5.1627e+09 1.0325e+08
0.071 4.9852e+09 9.9705e+07
0.072 4.985e+09 9.97e+07
0.073 4.8737e+09 9.7474e+07
0.074 4.881e+09 9.762e+07
0.075 4.6973e+09 9.3946e+07
0.076 4.6159e+09 9.2319e+07
0.077 4.5188e+09 9.0377e+07
0.078 4.3448e+09 8.6896e+07
0.079 4.3576e+09 8.7151e+07
0.08 4.2092e+09 8.4185e+07
0.081 4.1393e+09 8.2785e+07
0.082 4.0165e+09 8.033e+07
0.083 3.9558e+09 7.9116e+07
0.084 3.8417e+09 7.6834e+07
0.085 3.8134e+09 7.6268e+07
0.086 3.7233e+09 7.4465e+07
0.087 3.6198e+09 7.2397e+07
0.088 3.4811e+09 6.9622e+07
0.089 3.4412e+09 6.8824e+07
0.09 3.3448e+09 6.6896e+07
0.091 3.2715e+09 6.5429e+07
0.092 3.2492e+09 6.4984e+07
0.093 3.1621e+09 6.3243e+07
0.094 3.0272e+09 6.0544e+07
0.095 2.9814e+09 5.9628e+07
0.096 2.8695e+09 5.7389e+07
0.097 2.8361e+09 5.6722e+07
0.098 2.755e+09 5.51e+07
0.099 2.6618e+09 5.3235e+07
0.1 2.624e+09 5.2479e+07
0.101 2.5349e+09 5.0698e+07
0.102 2.4521e+09 4.9042e+07
0.103 2.3869e+09 4.7737e+07
0.104 2.3377e+09 4.6754e+07
0.105 2.3169e+09 4.6338e+07
0.106 2.1615e+09 4.323e+07
0.107 2.1763e+09 4.3525e+07
0.108 2.0701e+09 4.1401e+07
0.109 2.0666e+09 4.1333e+07
0.11 1.9814e+09 3.9628e+07
0.111 1.9018e+09 3.8036e+07
0.112 1.8944e+09 3.7887e+07
0.113 1.7855e+09 3.571e+07
0.114 1.7428e+09 3.4855e+07
0.115 1.6769e+09 3.3538e+07
0.116 1.6805e+09 3.3609e+07
0.117 1.5768e+09 3.1537e+07
0.118 1.5451e+09 3.0903e+07
0.119 1.4509e+09 2.9017e+07
0.12 1.4554e+09 2.9108e+07
0.121 1.3825e+09 2.7649e+07
0.122 1.3405e+09 2.6811e+07
0.123 1.3072e+09 2.6144e+07
0.124 1.2727e+09 2.5454e+07
0.125 1.2631e+09 2.5261e+07
0.126 1.1837e+09 2.3673e+07
0.127 1.1452e+09 2.2903e+07
0.128 1.1145e+09 2.229e+07
0.129 1.067e+09 2.134e+07
0.13 1.0324e+09 2.0649e+07
0.131 9.8583e+08 1.9717e+07
0.132 1.0051e+09 2.0102e+07
0.133 9.5754e+08 1.9151e+07
0.134 8.8122e+08 1.7624e+07
0.135 8.502e+08 1.7004e+07
0.136 8.3093e+08 1.6619e+07
0.137 8.1202e+08 1.624e+07
0.138 7.6228e+08 1.5246e+07
0.139 7.7769e+08 1.5554e+07
0.14 7.7754e+08 1.5551e+07
0.141 7.0695e+08 1.4139e+07
0.142 6.8312e+08 1.3662e+07
0.143 6.7501e+08 1.35e+07
0.144 6.2579e+08 1.2516e+07
0.145 6.0511e+08 1.2102e+07
0.146 6.3778e+08 1.2756e+07
0.147 5.5418e+08 1.1084e+07
0.148 5.5291e+08 1.1058e+07
0.149 5.2688e+08 1.0538e+07
0.15 5.1238e+08 1.0248e+07
0.151 4.9507e+08 9.9013e+06
0.152 4.5672e+08 9.1345e+06
0.153 4.5375e+08 9.075e+06
0.154 4.2576e+08 8.5152e+06
0.155 4.1386e+08 8.2772e+06
0.156 3.6663e+08 7.3325e+06
0.157 4.0147e+08 8.0293e+06
0.158 3.8023e+08 7.6047e+06
0.159 3.6916e+08 7.3832e+06
0.16 3.4731e+08 6.9462e+06
0.161 3.3461e+08 6.6922e+06
0.162 3.3866e+08 6.7733e+06
0.163 3.5209e+08 7.0417e+06
0.164 3.0529e+08 6.1059e+06
0.165 2.809e+08 5.618e+06
0.166 2.6939e+08 5.3879e+06
0.167 2.9018e+08 5.8036e+06
0.168 2.6547e+08 5.3094e+06
0.169 2.3583e+08 4.7166e+06
0.17 2.6505e+08 5.3009e+06
0.171 2.4838e+08 4.9677e+06
0.172 2.3542e+08 4.7085e+06
0.173 2.3542e+08 4.7084e+06
0.174 2.0548e+08 4.1096e+06
0.175 2.1322e+08 4.2644e+06
0.176 2.0243e+08 4.0486e+06
0.177 1.8884e+08 3.7769e+06
0.178 1.9081e+08 3.8162e+06
0.179 1.7153e+08 3.4305e+06
0.18 1.8449e+08 3.6897e+06
0.181 1.7231e+08 3.4461e+06
0.182 1.5711e+08 3.1422e+06
0.183 1.5909e+08 3.1819e+06
0.184 1.8049e+08 3.6098e+06
0.185 1.5858e+08 3.1716e+06
0.186 1.6446e+08 3.2891e+06
0.187 1.5536e+08 3.1072e+06
0.188 1.5206e+08 3.0411e+06
0.189 1.5976e+08 3.1952e+06
0.19 1.021e+08 2.0419e+06
0.191 1.4737e+08 2.9474e+06
0.192 1.4101e+08 2.8202e+06
0.193 1.4313e+08 2.8627e+06
0.194 1.1108e+08 2.2216e+06
0.195 1.07e+08 2.1399e+06
0.196 1.3995e+08 2.799e+06
0.197 1.296e+08 2.5921e+06
0.198 1.3362e+08 2.6724e+06
0.199 1.0184e+08 2.0367e+06
0.2 1.0865e+08 2.1731e+06
0.201 1.0248e+08 2.0496e+06
0.202 1.1713e+08 2.3426e+06
0.203 9.3635e+07 1.8727e+06
0.204 1.0629e+08 2.1257e+06
0.205 1.0168e+08 2.0337e+06
0.206 1.1045e+08 2.2089e+06
0.207 1.1636e+08 2.3272e+06
0.208 9.5113e+07 1.9023e+06
0.209 9.2797e+07 1.8559e+06
0.21 1.2178e+08 2.4357e+06
0.211 8.5993e+07 1.7199e+06
0.212 9.4022e+07 1.8804e+06
0.213 9.4983e+07 1.8997e+06
0.214 9.8668e+07 1.9734e+06
0.215 8.2207e+07 1.6441e+06
0.216 1.0323e+08 2.0645e+06
0.217 9.5941e+07 1.9188e+06
0.218 8.4422e+07 1.6884e+06
0.219 7.0981e+07 1.4196e+06
0.22 6.927e+07 1.3854e+06
0.221 8.984e+07 1.7968e+06
0.222 8.8084e+07 1.7617e+06
0.223 9.6623e+07 1.9325e+06
0.224 9.534e+07 1.9068e+06
0.225 1.034e+08 2.068e+06
0.226 9.2814e+07 1.8563e+06
0.227 8.199e+07 1.6398e+06
0.228 6.295e+07 1.259e+06
0.229 9.0446e+07 1.8089e+06
0.23 7.7025e+07 1.5405e+06
0.231 5.1562e+07 1.0312e+06
0.232 6.873e+07 1.3746e+06
0.233 7.4972e+07 1.4994e+06
0.234 8.3983e+07 1.6797e+06
0.235 8.1456e+07 1.6291e+06
0.236 9.5146e+07 1.9029e+06
0.237 7.816e+07 1.5632e+06
0.238 8.6517e+07 1.7303e+06
0.239 7.0187e+07 1.4037e+06
0.24 6.7319e+07 1.3464e+06
0.241 6.1739e+07 1.2348e+06
0.242 7.5532e+07 1.5106e+06
0.243 4.484e+07 8.9679e+05
0.244 7.408e+07 1.4816e+06
0.245 7.248e+07 1.4496e+06
0.246 8.6079e+07 1.7216e+06
0.247 7.6053e+07 1.5211e+06
0.248 6.8367e+07 1.3673e+06
0.249 6.9482e+07 1.3896e+06
0.25 6.398e+07 1.2796e+06
0.251 6.879e+07 1.3758e+06
0.252 7.3763e+07 1.4753e+06
0.253 6.8492e+07 1.3698e+06
0.254 6.3319e+07 1.2664e+06
0.255 7.6671e+07 1.5334e+06
0.256 5.7536e+07 1.1507e+06
0.257 5.3446e+07 1.0689e+06
0.258 7.3543e+07 1.4709e+06
0.259 3.5054e+07 7.0108e+05
0.26 6.8739e+07 1.3748e+06
0.261 6.0011e+07 1.2002e+06
0.262 6.8192e+07 1.3638e+06
0.263 6.8722e+07 1.3744e+06
0.264 6.6513e+07 1.3303e+06
0.265 5.9485e+07 1.1897e+06
0.266 6.6026e+07 1.3205e+06
0.267 4.9801e+07 9.9602e+05
0.268 7.8006e+07 1.5601e+06
0.269 8.6036e+07 1.7207e+06
0.27 5.1195e+07 1.0239e+06
0.271 4.3175e+07 8.635e+05
0.272 6.0294e+07 1.2059e+06
0.273 5.179e+07 1.0358e+06
0.274 5.4351e+07 1.087e+06
0.275 4.9412e+07 9.8824e+05
0.276 6.7468e+07 1.3494e+06
0.277 3.6014e+07 7.2028e+05
0.278 3.2683e+07 6.5366e+05
0.279 5.4368e+07 1.0874e+06
0.28 6.8035e+07 1.3607e+06
0.281 3.8221e+07 7.6443e+05
0.282 4.3064e+07 8.6127e+05
0.283 5.4262e+07 1.0852e+06
0.284 5.1989e+07 1.0398e+06
0.285 4.3073e+07 8.6146e+05
0.286 6.1554e+07 1.2311e+06
0.287 6.7966e+07 1.3593e+06
0.288 5.639e+07 1.1278e+06
0.289 6.5271e+07 1.3054e+06
0.29 4.0386e+07 8.0772e+05
0.291 4.6565e+07 9.3131e+05
0.292 6.2418e+07 1.2484e+06
0.293 5.3855e+07 1.0771e+06
0.294 7.2219e+07 1.4444e+06
0.295 4.9057e+07 9.8115e+05
0.296 4.4956e+07 8.9913e+05
0.297 3.769e+07 7.538e+05
0.298 4.2924e+07 8.5848e+05
0.299 5.0652e+07 1.013e+06
0.3 6.8175e+07 1.3635e+06
0.301 5.1096e+07 1.0219e+06
0.302 5.6106e+07 1.1221e+06
0.303 4.7611e+07 9.5222e+05
0.304 4.0907e+07 8.1815e+05
0.305 6.942e+07 1.3884e+06
0.306 4.0771e+07 8.1541e+05
0.307 5.4984e+07 1.0997e+06
0.308 5.2304e+07 1.0461e+06
0.309 4.8426e+07 9.6851e+05
0.31 5.0161e+07 1.0032e+06
0.311 2.7692e+07 5.5384e+05
0.312 5.0033e+07 1.0007e+06
0.313 5.0307e+07 1.0061e+06
0.314 4.9777e+07 9.9555e+05
0.315 4.4644e+07 8.9287e+05
0.316 6.3005e+07 1.2601e+06
0.317 3.8631e+07 7.7262e+05
0.318 6.6127e+07 1.3225e+06
0.319 3.9644e+07 7.9288e+05
0.32 3.1868e+07 6.3737e+05
0.321 3.3704e+07 6.7407e+05
0.322 5.0838e+07 1.0168e+06
0.323 4.0005e+07 8.001e+05
0.324 5.3168e+07 1.0634e+06
0.325 3.225e+07 6.4499e+05
0.326 2.3863e+07 4.7726e+05
0.327 4.7602e+07 9.5204e+05
0.328 4.278e+07 8.556e+05
0.329 4.4675e+07 8.9351e+05
0.33 2.1754e+07 4.3509e+05
0.331 5.7217e+07 1.1443e+06
0.332 2.4495e+07 4.8991e+05
0.333 3.9995e+07 7.9991e+05
0.334 3.7128e+07 7.4256e+05
0.335 4.3166e+07 8.6332e+05
0.336 3.1357e+07 6.2713e+05
0.337 5.7925e+07 1.1585e+06
0.338 3.5102e+07 7.0203e+05
0.339 3.3586e+07 6.7172e+05
0.34 3.0257e+07 6.0514e+05
0.341 4.0151e+07 8.0302e+05
0.342 2.5368e+07 5.0736e+05
0.343 4.5107e+07 9.0214e+05
0.344 3.4393e+07 6.8786e+05
0.345 3.8835e+07 7.7671e+05
0.346 1.8758e+07 3.7516e+05
0.347 5.5118e+07 1.1024e+06
0.348 5.7376e+07 1.1475e+06
0.349 3.3954e+07 6.7908e+05
0.35 3.8542e+07 7.7084e+05
0.351 3.6077e+07 7.2153e+05
0.352 4.0347e+07 8.0693e+05
0.353 3.2405e+07 6.4811e+05
0.354 3.3378e+07 6.6756e+05
0.355 3.172e+07 6.3439e+05
0.356 5.2931e+07 1.0586e+06
0.357 3.9031e+07 7.8061e+05
0.358 4.5104e+07 9.0208e+05
0.359 3.8303e+07 7.6607e+05
0.36 5.2049e+07 1.041e+06
0.361 2.8001e+07 5.6003e+05
0.362 2.6311e+07 5.2623e+05
0.363 3.7357e+07 7.4715e+05
0.364 1.9956e+07 3.9912e+05
0.365 3.2425e+07 6.4849e+05
0.366 3.2278e+07 6.4556e+05
0.367 4.1863e+07 8.3726e+05
0.368 3.5481e+07 7.0963e+05
0.369 5.5204e+07 1.1041e+06
0.37 4.16e+07 8.3201e+05
0.371 3.5362e+07 7.0724e+05
0.372 4.3698e+07 8.7396e+05
0.373 2.5708e+07 5.1417e+05
0.374 3.2679e+07 6.5358e+05
0.375 5.1408e+07 1.0282e+06
0.376 3.0998e+07 6.1997e+05
0.377 4.7278e+07 9.4556e+05
0.378 5.3743e+07 1.0749e+06
0.379 4.6982e+07 9.3964e+05
0.38 5.1363e+07 1.0273e+06
0.381 3.3314e+07 6.6628e+05
0.382 2.2208e+07 4.4417e+05
0.383 2.8505e+07 5.7009e+05
0.384 2.5643e+07 5.1286e+05
0.385 2.6202e+07 5.2404e+05
0.386 4.3559e+07 8.7119e+05
0.387 4.3514e+07 8.7028e+05
0.388 3.188e+07 6.376e+05
0.389 3.5633e+07 7.1267e+05
0.39 4.2164e+07 8.4328e+05
0.391 5.0677e+07 1.0135e+06
0.392 3.8441e+07 7.6882e+05
0.393 2.9733e+07 5.9467e+05
0.394 3.8385e+07 7.677e+05
0.395 4.4114e+07 8.8227e+05
0.396 5.3888e+07 1.0778e+06
0.397 3.1239e+07 6.2477e+05
0.398 4.4847e+07 8.9694e+05
0.399 4.0223e+07 8.0446e+05
0.4 4.6278e+07 9.2555e+05
0.401 4.6688e+07 9.3375e+05
0.402 4.6155e+07 9.2309e+05
0.403 4.2055e+07 8.411e+05
0.404 3.0862e+07 6.1724e+05
0.405 4.4825e+07 8.965e+05
0.406 3.2307e+07 6.4613e+05
0.407 4.2679e+07 8.5359e+05
0.408 3.2238e+07 6.4476e+05
0.409 4.2052e+07 8.4104e+05
0.41 3.7623e+07 7.5246e+05
0.411 3.5952e+07 7.1904e+05
0.412 3.7211e+07 7.4423e+05
0.413 3.3049e+07 6.6099e+05
0.414 4.3257e+07 8.6513e+05
0.415 3.1945e+07 6.3891e+05
0.416 2.1148e+07 4.2295e+05
0.417 4.0407e+07 8.0814e+05
0.418 3.6206e+07 7.2412e+05
0.419 3.7212e+07 7.4424e+05
0.42 3.0039e+07 6.0078e+05
0.421 4.9015e+07 9.803e+05
0.422 3.2879e+07 6.5758e+05
0.423 4.0247e+07 8.0495e+05
0.424 4.1976e+07 8.3953e+05
0.425 4.0342e+07 8.0683e+05
0.426 3.4959e+07 6.9919e+05
0.427 3.2441e+07 6.4882e+05
0.428 4.3767e+07 8.7534e+05
0.429 4.3692e+07 8.7384e+05
0.43 4.1394e+07 8.2788e+05
0.431 4.8682e+07 9.7365e+05
0.432 3.2508e+07 6.5016e+05
0.433 2.8937e+07 5.7874e+05
0.434 3.8297e+07 7.6595e+05
0.435 2.8274e+07 5.6548e+05
0.436 3.6212e+07 7.2423e+05
0.437 3.4384e+07 6.8769e+05
0.438 2.3518e+07 4.7037e+05
0.439 4.4928e+07 8.9856e+05
0.44 5.0986e+07 1.0197e+06
0.441 4.5827e+07 9.1655e+05
0.442 3.8975e+07 7.795e+05
0.443 4.4236e+07 8.8471e+05
0.444 3.7986e+07 7.5973e+05
0.445 2.635e+07 5.27e+05
0.446 4.3687e+07 8.7374e+05
0.447 4.7708e+07 9.5417e+05
0.448 4.8181e+07 9.6362e+05
0.449 3.7035e+07 7.407e+05
0.45 3.4227e+07 6.8455e+05
0.451 5.0637e+07 1.0127e+06
0.452 3.3014e+07 6.6028e+05
0.453 2.9609e+07 5.9217e+05
0.454 5.3277e+07 1.0655e+06
0.455 3.3663e+07 6.7325e+05
0.456 4.2874e+07 8.5747e+05
0.457 3.591e+07 7.1819e+05
0.458 4.7926e+07 9.5853e+05
0.459 4.3134e+07 8.6269e+05
0.46 2.7952e+07 5.5905e+05
0.461 3.5648e+07 7.1297e+05
0.462 3.0981e+07 6.1962e+05
0.463 4.5124e+07 9.0247e+05
0.464 5.4241e+07 1.0848e+06
0.465 4.4731e+07 8.9462e+05
0.466 4.7986e+07 9.5973e+05
0.467 3.5445e+07 7.089e+05
0.468 4.3467e+07 8.6933e+05
0.469 4.5507e+07 9.1014e+05
0.47 4.413e+07 8.826e+05
0.471 2.7795e+07 5.559e+05
0.472 3.8078e+07 7.6156e+05
0.473 4.5425e+07 9.0851e+05
0.474 5.0855e+07 1.0171e+06
0.475 4.2248e+07 8.4497e+05
0.476 3.9814e+07 7.9628e+05
0.477 2.665e+07 5.3299e+05
0.478 4.518e+07 9.036e+05
0.479 3.9655e+07 7.9311e+05
0.48 3.1164e+07 6.2329e+05
0.481 3.9791e+07 7.9581e+05
0.482 4.8579e+07 9.7157e+05
0.483 2.9975e+07 5.9949e+05
0.484 5.3203e+07 1.0641e+06
0.485 5.168e+07 1.0336e+06
0.486 4.8923e+07 9.7847e+05
0.487 3.252e+07 6.504e+05
0.488 3.1821e+07 6.3643e+05
0.489 5.0407e+07 1.0081e+06
0.49 3.4105e+07 6.821e+05
0.491 5.0242e+07 1.0048e+06
0.492 3.4451e+07 6.8902e+05
0.493 3.7673e+07 7.5347e+05
0.494 4.1128e+07 8.2256e+05
0.495 3.2487e+07 6.4975e+05
0.496 4.6628e+07 9.3255e+05
0.497 5.0382e+07 1.0076e+06
0.498 3.9822e+07 7.9644e+05
0.499 6.0485e+07 1.2097e+06
0.5 4.0854e+07 8.1709e+05
