0.001 8.7362e+09 1.7472e+08
0.002 8.8608e+09 1.7722e+08
0.003 8.9676e+09 1.7935e+08
0.004 8.9062e+09 1.7812e+08
0.005 8.8071e+09 1.7614e+08
0.006 9.075e+09 1.815e+08
0.007 8.9206e+09 1.7841e+08
0.008 8.9313e+09 1.7863e+08
0.009 9.1565e+09 1.8313e+08
0.01 8.9234e+09 1.7847e+08
0.011 8.8301e+09 1.766e+08
0.012 8.6468e+09 1.7294e+08
0.013 8.6667e+09 1.7333e+08
0.014 8.487e+09 1.6974e+08
0.015 8.6626e+09 1.7325e+08
0.016 8.8331e+09 1.7666e+08
0.017 8.556e+09 1.7112e+08
0.018 8.5806e+09 1.7161e+08
0.019 8.4644e+09 1.6929e+08
0.02 8.4277e+09 1.6855e+08
0.021 8.6835e+09 1.7367e+08
0.022 8.4517e+09 1.6903e+08
0.023 8.508e+09 1.7016e+08
0.024 8.3871e+09 1.6774e+08
0.025 8.3656e+09 1.6731e+08
0.026 8.2898e+09 1.658e+08
0.027 8.1169e+09 1.6234e+08
0.028 8.2362e+09 1.6472e+08
0.029 8.0797e+09 1.6159e+08
0.03 7.9984e+09 1.5997e+08
0.031 8.1398e+09 1.628e+08
0.032 7.8496e+09 1.5699e+08
0.033 7.7276e+09 1.5455e+08
0.034 7.7199e+09 1.544e+08
0.035 7.6841e+09 1.5368e+08
0.036 7.566e+09 1.5132e+08
0.037 7.4851e+09 1.497e+08
0.038 7.4045e+09 1.4809e+08
0.039 7.3221e+09 1.4644e+08
0.04 7.2746e+09 1.4549e+08
0.041 7.2126e+09 1.4425e+08
0.042 7.1431e+09 1.4286e+08
0.043 7.0305e+09 1.4061e+08
0.044 7.1204e+09 1.4241e+08
0.045 6.9857e+09 1.3971e+08
0.046 6.8535e+09 1.3707e+08
0.047 6.7757e+09 1.3551e+08
0.048 6.5537e+09 1.3107e+08
0.049 6.5985e+09 1.3197e+08
0.05 6.6038e+09 1.3208e+08
0.051 6.3752e+09 1.275e+08
0.052 6.3662e+09 1.2732e+08
0.053 6.2657e+09 1.2531e+08
0.054 6.1746e+09 1.2349e+08
0.055 6.0487e+09 1.2097e+08
0.056 6.0301e+09 1.206e+08
0.057 5.9249e+09 1.185e+08
0.058 5.8166e+09 1.1633e+08
0.059 5.7486e+09 1.1497e+08
0.06 5.6577e+09 1.1315e+08
0.061 5.5306e+09 1.1061e+08
0.062 5.5303e+09 1.1061e+08
0.063 5.3575e+09 1.0715e+08
0.064 5.2104e+09 1.0421e+08
0.065 5.1651e+09 1.033e+08
0.066 5.134e+09 1.0268e+08
0.067 5.0065e+09 1.0013e+08
0.068 4.9517e+09 9.9033e+07
0.069 4.8474e+09 9.6948e+07
0.07 4.7991e+09 9.5982e+07
0.071 4.6686e+09 9.3371e+07
0.072 4.5716e+09 9.1431e+07
0.073 4.5438e+09 9.0876e+07
0.074 4.3347e+09 8.6695e+07
0.075 4.3018e+09 8.6035e+07
0.076 4.2451e+09 8.4902e+07
0.077 4.0708e+09 8.1415e+07
0.078 4.0914e+09 8.1827e+07
0.079 3.9592e+09 7.9184e+07
0.08 3.9044e+09 7.8088e+07
0.081 3.7848e+09 7.5697e+07
0.082 3.7174e+09 7.4347e+07
0.083 3.6267e+09 7.2535e+07
0.084 3.6022e+09 7.2045e+07
0.085 3.5151e+09 7.0301e+07
0.086 3.436e+09 6.8719e+07
0.087 3.3352e+09 6.6705e+07
0.088 3.3324e+09 6.6648e+07
0.089 3.1395e+09 6.2791e+07
0.09 3.1259e+09 6.2518e+07
0.091 3.0815e+09 6.1629e+07
0.092 2.9774e+09 5.9548e+07
0.093 2.9329e+09 5.8659e+07
0.094 2.8245e+09 5.6489e+07
0.095 2.7418e+09 5.4835e+07
0.096 2.6473e+09 5.2946e+07
0.097 2.6405e+09 5.2811e+07
0.098 2.5311e+09 5.0621e+07
0.099 2.5226e+09 5.0452e+07
0.1 2.415e+09 4.8301e+07
0.101 2.3333e+09 4.6667e+07
0.102 2.2864e+09 4.5729e+07
0.103 2.2357e+09 4.4714e+07
0.104 2.0863e+09 4.1726e+07
0.105 2.1421e+09 4.2843e+07
0.106 2.0674e+09 4.1348e+07
0.107 2.0174e+09 4.0349e+07
0.108 1.9539e+09 3.9079e+07
0.109 1.8709e+09 3.7418e+07
0.11 1.8259e+09 3.6518e+07
0.111 1.738e+09 3.476e+07
0.112 1.7058e+09 3.4117e+07
0.113 1.6698e+09 3.3395e+07
0.114 1.6051e+09 3.2103e+07
0.115 1.543e+09 3.0861e+07
0.116 1.5205e+09 3.0411e+07
0.117 1.4366e+09 2.8732e+07
0.118 1.4193e+09 2.8387e+07
0.119 1.3762e+09 2.7524e+07
0.12 1.3235e+09 2.647e+07
0.121 1.3199e+09 2.6399e+07
0.122 1.2543e+09 2.5086e+07
0.123 1.2289e+09 2.4578e+07
0.124 1.1561e+09 2.3121e+07
0.125 1.111e+09 2.222e+07
0.126 1.1314e+09 2.2627e+07
0.127 1.0785e+09 2.1571e+07
0.128 1.0124e+09 2.0248e+07
0.129 9.9797e+08 1.9959e+07
0.13 9.5108e+08 1.9022e+07
0.131 9.1917e+08 1.8383e+07
0.132 8.6562e+08 1.7312e+07
0.133 8.5735e+08 1.7147e+07
0.134 8.278e+08 1.6556e+07
0.135 8.2096e+08 1.6419e+07
0.136 7.933e+08 1.5866e+07
0.137 7.4248e+08 1.485e+07
0.138 7.2319e+08 1.4464e+07
0.139 7.0967e+08 1.4193e+07
0.14 6.5019e+08 1.3004e+07
0.141 6.6915e+08 1.3383e+07
0.142 6.0323e+08 1.2065e+07
0.143 5.8978e+08 1.1796e+07
0.144 5.7634e+08 1.1527e+07
0.145 5.6873e+08 1.1375e+07
0.146 5.5765e+08 1.1153e+07
0.147 5.1247e+08 1.0249e+07
0.148 5.002e+08 1.0004e+07
0.149 4.9723e+08 9.9445e+06
0.15 4.8868e+08 9.7736e+06
0.151 4.3976e+08 8.7952e+06
0.152 4.1435e+08 8.287e+06
0.153 4.3042e+08 8.6085e+06
0.154 4.0971e+08 8.1941e+06
0.155 3.8231e+08 7.6463e+06
0.156 4.0495e+08 8.0989e+06
0.157 3.6726e+08 7.3452e+06
0.158 3.4544e+08 6.9089e+06
0.159 3.429e+08 6.8579e+06
0.16 3.0868e+08 6.1735e+06
0.161 3.1741e+08 6.3482e+06
0.162 3.1388e+08 6.2776e+06
0.163 2.8106e+08 5.6213e+06
0.164 2.8397e+08 5.6793e+06
0.165 2.6129e+08 5.2257e+06
0.166 2.8398e+08 5.6796e+06
0.167 2.4484e+08 4.8968e+06
0.168 2.502e+08 5.0041e+06
0.169 2.4618e+08 4.9237e+06
0.17 2.1291e+08 4.2583e+06
0.171 2.2054e+08 4.4107e+06
0.172 2.2648e+08 4.5297e+06
0.173 1.8485e+08 3.6969e+06
0.174 2.0024e+08 4.0049e+06
0.175 1.9374e+08 3.8748e+06
0.176 1.9669e+08 3.9339e+06
0.177 1.9619e+08 3.9237e+06
0.178 1.9741e+08 3.9482e+06
0.179 1.7325e+08 3.4651e+06
0.18 1.9185e+08 3.8371e+06
0.181 1.5911e+08 3.1823e+06
0.182 1.6082e+08 3.2164e+06
0.183 1.412e+08 2.8239e+06
0.184 1.4179e+08 2.8358e+06
0.185 1.4812e+08 2.9624e+06
0.186 1.6055e+08 3.211e+06
0.187 1.3875e+08 2.7749e+06
0.188 1.1292e+08 2.2583e+06
0.189 1.3295e+08 2.6591e+06
0.19 1.0837e+08 2.1675e+06
0.191 1.1956e+08 2.3912e+06
0.192 1.1175e+08 2.235e+06
0.193 1.2879e+08 2.5758e+06
0.194 1.2749e+08 2.5499e+06
0.195 1.1498e+08 2.2996e+06
0.196 1.0729e+08 2.1458e+06
0.197 1.0656e+08 2.1311e+06
0.198 1.0036e+08 2.0072e+06
0.199 1.1026e+08 2.2051e+06
0.2 1.1278e+08 2.2555e+06
0.201 9.7386e+07 1.9477e+06
0.202 1.1157e+08 2.2314e+06
0.203 9.4969e+07 1.8994e+06
0.204 9.6534e+07 1.9307e+06
0.205 9.7655e+07 1.9531e+06
0.206 1.0595e+08 2.1191e+06
0.207 8.1474e+07 1.6295e+06
0.208 8.6158e+07 1.7232e+06
0.209 9.647e+07 1.9294e+06
0.21 9.9222e+07 1.9844e+06
0.211 8.3876e+07 1.6775e+06
0.212 9.9269e+07 1.9854e+06
0.213 9.8605e+07 1.9721e+06
0.214 9.0165e+07 1.8033e+06
0.215 7.1432e+07 1.4286e+06
0.216 9.2102e+07 1.842e+06
0.217 9.2111e+07 1.8422e+06
0.218 7.8746e+07 1.5749e+06
0.219 7.105e+07 1.421e+06
0.22 7.4178e+07 1.4836e+06
0.221 7.778e+07 1.5556e+06
0.222 7.9195e+07 1.5839e+06
0.223 7.5632e+07 1.5126e+06
0.224 7.7986e+07 1.5597e+06
0.225 7.1609e+07 1.4322e+06
0.226 6.967e+07 1.3934e+06
0.227 7.7112e+07 1.5422e+06
0.228 9.4535e+07 1.8907e+06
0.229 5.3841e+07 1.0768e+06
0.23 9.4234e+07 1.8847e+06
0.231 8.4625e+07 1.6925e+06
0.232 6.999e+07 1.3998e+06
0.233 8.9565e+07 1.7913e+06
0.234 7.4255e+07 1.4851e+06
0.235 5.5235e+07 1.1047e+06
0.236 7.7426e+07 1.5485e+06
0.237 5.8742e+07 1.1748e+06
0.238 5.6562e+07 1.1312e+06
0.239 5.5244e+07 1.1049e+06
0.24 5.5866e+07 1.1173e+06
0.241 7.2167e+07 1.4433e+06
0.242 9.3805e+07 1.8761e+06
0.243 8.0192e+07 1.6038e+06
0.244 6.584e+07 1.3168e+06
0.245 6.9497e+07 1.3899e+06
0.246 8.2386e+07 1.6477e+06
0.247 5.5371e+07 1.1074e+06
0.248 6.6426e+07 1.3285e+06
0.249 7.8057e+07 1.5611e+06
0.25 5.0533e+07 1.0107e+06
0.251 6.551e+07 1.3102e+06
0.252 6.3973e+07 1.2795e+06
0.253 7.2888e+07 1.4578e+06
0.254 6.4647e+07 1.2929e+06
0.255 6.9961e+07 1.3992e+06
0.256 4.9828e+07 9.9657e+05
0.257 6.3633e+07 1.2727e+06
0.258 6.0866e+07 1.2173e+06
0.259 6.4348e+07 1.287e+06
0.26 3.6968e+07 7.3935e+05
0.261 6.5081e+07 1.3016e+06
0.262 6.7432e+07 1.3486e+06
0.263 6.6444e+07 1.3289e+06
0.264 6.2365e+07 1.2473e+06
0.265 3.8888e+07 7.7776e+05
0.266 5.7399e+07 1.148e+06
0.267 4.8005e+07 9.601e+05
0.268 4.853e+07 9.706e+05
0.269 3.3784e+07 6.7568e+05
0.27 5.2853e+07 1.0571e+06
0.271 4.7117e+07 9.4234e+05
0.272 5.4827e+07 1.0965e+06
0.273 5.1057e+07 1.0211e+06
0.274 6.313e+07 1.2626e+06
0.275 5.6596e+07 1.1319e+06
0.276 6.8932e+07 1.3786e+06
0.277 5.0531e+07 1.0106e+06
0.278 5.9814e+07 1.1963e+06
0.279 7.79e+07 1.558e+06
0.28 4.4468e+07 8.8936e+05
0.281 3.9014e+07 7.8029e+05
0.282 3.7129e+07 7.4258e+05
0.283 4.0382e+07 8.0763e+05
0.284 5.2366e+07 1.0473e+06
0.285 3.4868e+07 6.9736e+05
0.286 4.4293e+07 8.8585e+05
0.287 3.8521e+07 7.7043e+05
0.288 3.6107e+07 7.2214e+05
0.289 4.8684e+07 9.7369e+05
0.29 4.096e+07 8.192e+05
0.291 5.4864e+07 1.0973e+06
0.292 4.1162e+07 8.2323e+05
0.293 6.2297e+07 1.2459e+06
0.294 4.2088e+07 8.4175e+05
0.295 3.4648e+07 6.9296e+05
0.296 4.9229e+07 9.8458e+05
0.297 4.6081e+07 9.2163e+05
0.298 5.9786e+07 1.1957e+06
0.299 6.248e+07 1.2496e+06
0.3 5.0769e+07 1.0154e+06
0.301 4.7149e+07 9.4297e+05
0.302 4.5778e+07 9.1555e+05
0.303 4.6638e+07 9.3275e+05
0.304 5.2123e+07 1.0425e+06
0.305 4.5292e+07 9.0585e+05
0.306 3.8551e+07 7.7103e+05
0.307 3.8601e+07 7.7203e+05
0.308 3.2797e+07 6.5594e+05
0.309 4.9268e+07 9.8537e+05
0.31 3.9381e+07 7.8763e+05
0.311 3.9426e+07 7.8853e+05
0.312 4.54e+07 9.0801e+05
0.313 4.5651e+07 9.1303e+05
0.314 5.2709e+07 1.0542e+06
0.315 2.6303e+07 5.2606e+05
0.316 3.2036e+07 6.4073e+05
0.317 3.9591e+07 7.9182e+05
0.318 5.4914e+07 1.0983e+06
0.319 3.2716e+07 6.5432e+05
0.32 3.6755e+07 7.351e+05
0.321 5.1115e+07 1.0223e+06
0.322 4.417e+07 8.8339e+05
0.323 5.7369e+07 1.1474e+06
0.324 3.1815e+07 6.3631e+05
0.325 3.6668e+07 7.3336e+05
0.326 3.7681e+07 7.5363e+05
0.327 4.2093e+07 8.4187e+05
0.328 5.4772e+07 1.0954e+06
0.329 3.5369e+07 7.0738e+05
0.33 3.1284e+07 6.2567e+05
0.331 4.1583e+07 8.3165e+05
0.332 2.8052e+07 5.6103e+05
0.333 5.5994e+07 1.1199e+06
0.334 3.9328e+07 7.8656e+05
0.335 1.5293e+07 3.0585e+05
0.336 5.6256e+07 1.1251e+06
0.337 3.4403e+07 6.8807e+05
0.338 5.0258e+07 1.0052e+06
0.339 2.5122e+07 5.0244e+05
0.34 3.0964e+07 6.1927e+05
0.341 2.5093e+07 5.0186e+05
0.342 3.4797e+07 6.9594e+05
0.343 3.2625e+07 6.525e+05
0.344 4.2471e+07 8.4942e+05
0.345 4.0937e+07 8.1874e+05
0.346 2.5897e+07 5.1794e+05
0.347 3.3894e+07 6.7788e+05
0.348 3.535e+07 7.07e+05
0.349 4.2373e+07 8.4746e+05
0.35 3.4291e+07 6.8582e+05
0.351 3.8204e+07 7.6407e+05
0.352 3.3822e+07 6.7644e+05
0.353 3.4776e+07 6.9553e+05
0.354 4.2591e+07 8.5181e+05
0.355 4.5378e+07 9.0756e+05
0.356 3.1043e+07 6.2085e+05
0.357 3.7239e+07 7.4479e+05
0.358 2.6094e+07 5.2188e+05
0.359 3.4372e+07 6.8744e+05
0.36 3.7402e+07 7.4804e+05
0.361 2.4904e+07 4.9808e+05
0.362 4.4635e+07 8.927e+05
0.363 2.4406e+07 4.8811e+05
0.364 3.9272e+07 7.8545e+05
0.365 2.5935e+07 5.187e+05
0.366 4.7802e+07 9.5604e+05
0.367 3.3668e+07 6.7335e+05
0.368 4.047e+07 8.0939e+05
0.369 3.3581e+07 6.7161e+05
0.37 3.4688e+07 6.9375e+05
0.371 4.135e+07 8.27e+05
0.372 2.9473e+07 5.8947e+05
0.373 4.311e+07 8.622e+05
0.374 3.3233e+07 6.6465e+05
0.375 3.1856e+07 6.3713e+05
0.376 4.8964e+07 9.7927e+05
0.377 3.9908e+07 7.9816e+05
0.378 2.6735e+07 5.3471e+05
0.379 4.0016e+07 8.0032e+05
0.38 4.841e+07 9.682e+05
0.381 2.0729e+07 4.1457e+05
0.382 3.2904e+07 6.5807e+05
0.383 3.7809e+07 7.5618e+05
0.384 3.6107e+07 7.2214e+05
0.385 4.8207e+07 9.6413e+05
0.386 2.3987e+07 4.7975e+05
0.387 2.784e+07 5.568e+05
0.388 3.9092e+07 7.8183e+05
0.389 2.8492e+07 5.6984e+05
0.39 2.1528e+07 4.3057e+05
0.391 3.1507e+07 6.3013e+05
0.392 4.7269e+07 9.4538e+05
0.393 3.0913e+07 6.1825e+05
0.394 3.5325e+07 7.065e+05
0.395 2.6519e+07 5.3038e+05
0.396 3.3594e+07 6.7187e+05
0.397 2.9214e+07 5.8429e+05
0.398 3.1574e+07 6.3148e+05
0.399 3.8606e+07 7.7213e+05
0.4 2.7786e+07 5.5572e+05
0.401 3.4879e+07 6.9758e+05
0.402 3.4938e+07 6.9877e+05
0.403 4.3763e+07 8.7526e+05
0.404 3.6982e+07 7.3964e+05
0.405 4.7416e+07 9.4832e+05
0.406 3.2874e+07 6.5748e+05
0.407 3.1296e+07 6.2592e+05
0.408 2.9219e+07 5.8437e+05
0.409 3.8061e+07 7.6123e+05
0.41 3.4715e+07 6.943e+05
0.411 3.0087e+07 6.0175e+05
0.412 5.0445e+07 1.0089e+06
0.413 3.8014e+07 7.6027e+05
0.414 5.6961e+07 1.1392e+06
0.415 3.6013e+07 7.2027e+05
0.416 3.6293e+07 7.2586e+05
0.417 3.4774e+07 6.9549e+05
0.418 3.7576e+07 7.5152e+05
0.419 4.8426e+07 9.6851e+05
0.42 5.3334e+07 1.0667e+06
0.421 4.7288e+07 9.4577e+05
0.422 3.7194e+07 7.4388e+05
0.423 4.0569e+07 8.1139e+05
0.424 3.1405e+07 6.2809e+05
0.425 4.0519e+07 8.1037e+05
0.426 4.1243e+07 8.2485e+05
0.427 3.926e+07 7.852e+05
0.428 4.1994e+07 8.3989e+05
0.429 1.6458e+07 3.2916e+05
0.43 3.3506e+07 6.7013e+05
0.431 3.7874e+07 7.5748e+05
0.432 3.9598e+07 7.9197e+05
0.433 2.8348e+07 5.6697e+05
0.434 4.0336e+07 8.0672e+05
0.435 3.8363e+07 7.6725e+05
0.436 3.9779e+07 7.9559e+05
0.437 4.2657e+07 8.5315e+05
0.438 3.2915e+07 6.5829e+05
0.439 3.7785e+07 7.5569e+05
0.44 3.7859e+07 7.5717e+05
0.441 5.1872e+07 1.0374e+06
0.442 3.7349e+07 7.4699e+05
0.443 4.3587e+07 8.7174e+05
0.444 3.2958e+07 6.5916e+05
0.445 3.0227e+07 6.0455e+05
0.446 4.5599e+07 9.1197e+05
0.447 3.6486e+07 7.2973e+05
0.448 3.7773e+07 7.5546e+05
0.449 4.4084e+07 8.8168e+05
0.45 4.5015e+07 9.0031e+05
0.451 3.2614e+07 6.5227e+05
0.452 2.832e+07 5.664e+05
0.453 5.2079e+07 1.0416e+06
0.454 3.5093e+07 7.0185e+05
0.455 3.6711e+07 7.3422e+05
0.456 3.5715e+07 7.143e+05
0.457 4.0633e+07 8.1267e+05
0.458 4.561e+07 9.1219e+05
0.459 3.7938e+07 7.5875e+05
0.46 4.3323e+07 8.6646e+05
0.461 4.3368e+07 8.6736e+05
0.462 2.8665e+07 5.7329e+05
0.463 3.9306e+07 7.8612e+05
0.464 3.904e+07 7.8079e+05
0.465 4.2871e+07 8.5743e+05
0.466 2.8702e+07 5.7404e+05
0.467 3.7481e+07 7.4963e+05
0.468 5.0001e+07 1e+06
0.469 4.5841e+07 9.1682e+05
0.47 4.7718e+07 9.5436e+05
0.471 5.3781e+07 1.0756e+06
0.472 3.5857e+07 7.1714e+05
0.473 4.3151e+07 8.6303e+05
0.474 3.4321e+07 6.8643e+05
0.475 3.3591e+07 6.7182e+05
0.476 4.3045e+07 8.609e+05
0.477 2.2511e+07 4.5022e+05
0.478 3.5718e+07 7.1436e+05
0.479 2.8227e+07 5.6453e+05
0.48 3.5489e+07 7.0977e+05
0.481 3.3992e+07 6.7984e+05
0.482 4.294e+07 8.5881e+05
0.483 2.7115e+07 5.4231e+05
0.484 3.8278e+07 7.6556e+05
0.485 4.4649e+07 8.9298e+05
0.486 3.3893e+07 6.7785e+05
0.487 4.1235e+07 8.2469e+05
0.488 3.5592e+07 7.1184e+05
0.489 5.2722e+07 1.0544e+06
0.49 2.8183e+07 5.6367e+05
0.491 4.8591e+07 9.7183e+05
0.492 3.9949e+07 7.9898e+05
0.493 3.9537e+07 7.9074e+05
0.494 4.5456e+07 9.0913e+05
0.495 2.5074e+07 5.0148e+05
0.496 3.0836e+07 6.1672e+05
0.497 3.8975e+07 7.795e+05
0.498 5.2263e+07 1.0453e+06
0.499 3.762e+07 7.5241e+05
0.5 3.7608e+07 7.5217e+05
