0.001 4.1326e+09 8.2653e+07
0.002 3.6183e+09 7.2367e+07
0.003 3.6619e+09 7.3238e+07
0.004 3.9377e+09 7.8754e+07
0.005 3.6825e+09 7.365e+07
0.006 3.8481e+09 7.6961e+07
0.007 3.8503e+09 7.7006e+07
0.008 3.7471e+09 7.4941e+07
0.009 3.7162e+09 7.4324e+07
0.01 3.7577e+09 7.5154e+07
0.011 3.6821e+09 7.3643e+07
0.012 3.6497e+09 7.2993e+07
0.013 3.7239e+09 7.4478e+07
0.014 3.628e+09 7.2561e+07
0.015 3.6323e+09 7.2647e+07
0.016 3.6206e+09 7.2413e+07
0.017 3.5943e+09 7.1886e+07
0.018 3.6898e+09 7.3796e+07
0.019 3.6979e+09 7.3957e+07
0.02 3.5986e+09 7.1972e+07
0.021 3.5743e+09 7.1486e+07
0.022 3.5144e+09 7.0288e+07
0.023 3.5243e+09 7.0486e+07
0.024 3.5434e+09 7.0867e+07
0.025 3.4808e+09 6.9615e+07
0.026 3.4962e+09 6.9923e+07
0.027 3.444e+09 6.8879e+07
0.028 3.4472e+09 6.8945e+07
0.029 3.4081e+09 6.8162e+07
0.03 3.321e+09 6.6419e+07
0.031 3.3165e+09 6.633e+07
0.032 3.3295e+09 6.6589e+07
0.033 3.2915e+09 6.583e+07
0.034 3.2845e+09 6.5689e+07
0.035 3.2365e+09 6.4731e+07
0.036 3.1791e+09 6.3582e+07
0.037 3.1999e+09 6.3998e+07
0.038 3.1253e+09 6.2506e+07
0.039 3.1388e+09 6.2776e+07
0.04 3.0978e+09 6.1957e+07
0.041 3.0462e+09 6.0924e+07
0.042 3.0655e+09 6.131e+07
0.043 2.9816e+09 5.9632e+07
0.044 2.9296e+09 5.8593e+07
0.045 2.9546e+09 5.9092e+07
0.046 2.8782e+09 5.7564e+07
0.047 2.8404e+09 5.6809e+07
0.048 2.7588e+09 5.5176e+07
0.049 2.7921e+09 5.5842e+07
0.05 2.7515e+09 5.5031e+07
0.051 2.6999e+09 5.3998e+07
0.052 2.706e+09 5.412e+07
0.053 2.6176e+09 5.2351e+07
0.054 2.5966e+09 5.1932e+07
0.055 2.5526e+09 5.1052e+07
0.056 2.5206e+09 5.0411e+07
0.057 2.5218e+09 5.0437e+07
0.058 2.4591e+09 4.9181e+07
0.059 2.3798e+09 4.7596e+07
0.06 2.3676e+09 4.7351e+07
0.061 2.3179e+09 4.6358e+07
0.062 2.2949e+09 4.5899e+07
0.063 2.271e+09 4.542e+07
0.064 2.2299e+09 4.4598e+07
0.065 2.2229e+09 4.4458e+07
0.066 2.1436e+09 4.2872e+07
0.067 2.1319e+09 4.2638e+07
0.068 2.0409e+09 4.0818e+07
0.069 2.0329e+09 4.0657e+07
0.07 1.984e+09 3.9681e+07
0.071 1.9887e+09 3.9774e+07
0.072 1.9558e+09 3.9116e+07
0.073 1.8804e+09 3.7607e+07
0.074 1.8643e+09 3.7287e+07
0.075 1.8561e+09 3.7123e+07
0.076 1.7862e+09 3.5724e+07
0.077 1.741e+09 3.4821e+07
0.078 1.722e+09 3.444e+07
0.079 1.6783e+09 3.3566e+07
0.08 1.6618e+09 3.3236e+07
0.081 1.6378e+09 3.2756e+07
0.082 1.5703e+09 3.1405e+07
0.083 1.5388e+09 3.0776e+07
0.084 1.5e+09 2.9999e+07
0.085 1.4571e+09 2.9142e+07
0.086 1.4481e+09 2.8961e+07
0.087 1.4057e+09 2.8113e+07
0.088 1.368e+09 2.736e+07
0.089 1.3397e+09 2.6794e+07
0.09 1.332e+09 2.664e+07
0.091 1.2862e+09 2.5725e+07
0.092 1.2415e+09 2.483e+07
0.093 1.2124e+09 2.4248e+07
0.094 1.1835e+09 2.3669e+07
0.095 1.1768e+09 2.3536e+07
0.096 1.1307e+09 2.2615e+07
0.097 1.1137e+09 2.2275e+07
0.098 1.0788e+09 2.1576e+07
0.099 1.0368e+09 2.0737e+07
0.1 1.0118e+09 2.0236e+07
0.101 9.815e+08 1.963e+07
0.102 9.4266e+08 1.8853e+07
0.103 9.4428e+08 1.8886e+07
0.104 9.3766e+08 1.8753e+07
0.105 9.0859e+08 1.8172e+07
0.106 8.6853e+08 1.7371e+07
0.107 8.5634e+08 1.7127e+07
0.108 8.2035e+08 1.6407e+07
0.109 8.0148e+08 1.603e+07
0.11 7.7443e+08 1.5489e+07
0.111 7.5738e+08 1.5148e+07
0.112 7.3045e+08 1.4609e+07
0.113 7.2663e+08 1.4533e+07
0.114 6.9603e+08 1.3921e+07
0.115 6.5058e+08 1.3012e+07
0.116 6.5016e+08 1.3003e+07
0.117 6.1579e+08 1.2316e+07
0.118 6.1665e+08 1.2333e+07
0.119 6.0626e+08 1.2125e+07
0.12 5.6973e+08 1.1395e+07
0.121 5.5384e+08 1.1077e+07
0.122 5.3946e+08 1.0789e+07
0.123 5.2786e+08 1.0557e+07
0.124 5.0758e+08 1.0152e+07
0.125 4.8329e+08 9.6658e+06
0.126 4.7348e+08 9.4697e+06
0.127 4.5179e+08 9.0357e+06
0.128 4.4576e+08 8.9153e+06
0.129 4.3587e+08 8.7174e+06
0.13 4.0938e+08 8.1876e+06
0.131 4.0806e+08 8.1611e+06
0.132 3.9232e+08 7.8463e+06
0.133 3.6792e+08 7.3584e+06
0.134 3.6173e+08 7.2345e+06
0.135 3.5623e+08 7.1247e+06
0.136 3.2497e+08 6.4994e+06
0.137 3.3385e+08 6.677e+06
0.138 3.3264e+08 6.6529e+06
0.139 3.1071e+08 6.2143e+06
0.14 2.9744e+08 5.9487e+06
0.141 2.7559e+08 5.5117e+06
0.142 2.6533e+08 5.3065e+06
0.143 2.6652e+08 5.3305e+06
0.144 2.3951e+08 4.7902e+06
0.145 2.5673e+08 5.1346e+06
0.146 2.4158e+08 4.8316e+06
0.147 2.2569e+08 4.5138e+06
0.148 2.2331e+08 4.4663e+06
0.149 2.1706e+08 4.3412e+06
0.15 2.0842e+08 4.1683e+06
0.151 1.9989e+08 3.9978e+06
0.152 1.9608e+08 3.9215e+06
0.153 1.7866e+08 3.5731e+06
0.154 1.7544e+08 3.5089e+06
0.155 1.7343e+08 3.4685e+06
0.156 1.7627e+08 3.5254e+06
0.157 1.6458e+08 3.2916e+06
0.158 1.5186e+08 3.0373e+06
0.159 1.5647e+08 3.1294e+06
0.16 1.4227e+08 2.8453e+06
0.161 1.4679e+08 2.9358e+06
0.162 1.4026e+08 2.8052e+06
0.163 1.3537e+08 2.7074e+06
0.164 1.2338e+08 2.4676e+06
0.165 1.1564e+08 2.3127e+06
0.166 1.2662e+08 2.5324e+06
0.167 1.1695e+08 2.339e+06
0.168 1.0181e+08 2.0362e+06
0.169 1.1168e+08 2.2335e+06
0.17 9.7359e+07 1.9472e+06
0.171 1.0654e+08 2.1308e+06
0.172 9.2569e+07 1.8514e+06
0.173 1.0907e+08 2.1814e+06
0.174 9.0448e+07 1.809e+06
0.175 9.4395e+07 1.8879e+06
0.176 8.7024e+07 1.7405e+06
0.177 9.483e+07 1.8966e+06
0.178 8.1503e+07 1.6301e+06
0.179 8.4173e+07 1.6835e+06
0.18 7.5966e+07 1.5193e+06
0.181 8.7906e+07 1.7581e+06
0.182 8.2788e+07 1.6558e+06
0.183 7.7712e+07 1.5542e+06
0.184 7.4272e+07 1.4854e+06
0.185 7.27e+07 1.454e+06
0.186 8.3258e+07 1.6652e+06
0.187 6.9603e+07 1.3921e+06
0.188 6.0305e+07 1.2061e+06
0.189 5.8655e+07 1.1731e+06
0.19 6.3041e+07 1.2608e+06
0.191 6.4051e+07 1.281e+06
0.192 7.229e+07 1.4458e+06
0.193 6.2016e+07 1.2403e+06
0.194 6.6585e+07 1.3317e+06
0.195 6.5015e+07 1.3003e+06
0.196 6.083e+07 1.2166e+06
0.197 5.5716e+07 1.1143e+06
0.198 6.6175e+07 1.3235e+06
0.199 4.6206e+07 9.2412e+05
0.2 4.7908e+07 9.5815e+05
0.201 5.4478e+07 1.0896e+06
0.202 4.6061e+07 9.2122e+05
0.203 4.7825e+07 9.565e+05
0.204 4.7635e+07 9.5271e+05
0.205 4.6919e+07 9.3838e+05
0.206 4.8707e+07 9.7415e+05
0.207 4.9048e+07 9.8096e+05
0.208 4.6501e+07 9.3002e+05
0.209 4.4257e+07 8.8514e+05
0.21 5.1645e+07 1.0329e+06
0.211 4.0815e+07 8.163e+05
0.212 4.521e+07 9.042e+05
0.213 4.9595e+07 9.9191e+05
0.214 5.062e+07 1.0124e+06
0.215 4.3646e+07 8.7292e+05
0.216 4.8392e+07 9.6785e+05
0.217 4.407e+07 8.8139e+05
0.218 4.8802e+07 9.7604e+05
0.219 3.672e+07 7.344e+05
0.22 4.9662e+07 9.9323e+05
0.221 3.7216e+07 7.4431e+05
0.222 4.5303e+07 9.0606e+05
0.223 4.4192e+07 8.8384e+05
0.224 4.4871e+07 8.9741e+05
0.225 4.3542e+07 8.7084e+05
0.226 4.5312e+07 9.0624e+05
0.227 5.0182e+07 1.0036e+06
0.228 4.2996e+07 8.5992e+05
0.229 3.3619e+07 6.7238e+05
0.23 4.5104e+07 9.0208e+05
0.231 3.8146e+07 7.6292e+05
0.232 4.2856e+07 8.5712e+05
0.233 4.5984e+07 9.1967e+05
0.234 3.4514e+07 6.9028e+05
0.235 3.8704e+07 7.7409e+05
0.236 4.0079e+07 8.0158e+05
0.237 3.5709e+07 7.1419e+05
0.238 3.6997e+07 7.3993e+05
0.239 3.2166e+07 6.4331e+05
0.24 3.7377e+07 7.4754e+05
0.241 3.4672e+07 6.9343e+05
0.242 2.9408e+07 5.8817e+05
0.243 3.1078e+07 6.2156e+05
0.244 4.7213e+07 9.4426e+05
0.245 3.7606e+07 7.5211e+05
0.246 4.1761e+07 8.3523e+05
0.247 4.0399e+07 8.0797e+05
0.248 5.0752e+07 1.015e+06
0.249 3.7007e+07 7.4013e+05
0.25 3.4897e+07 6.9795e+05
0.251 4.1903e+07 8.3807e+05
0.252 4.2898e+07 8.5796e+05
0.253 3.6215e+07 7.243e+05
0.254 4.0092e+07 8.0185e+05
0.255 3.3682e+07 6.7365e+05
0.256 2.254e+07 4.5081e+05
0.257 3.3546e+07 6.7091e+05
0.258 2.8738e+07 5.7477e+05
0.259 3.1298e+07 6.2597e+05
0.26 3.9548e+07 7.9095e+05
0.261 2.6052e+07 5.2103e+05
0.262 3.1172e+07 6.2344e+05
0.263 2.9312e+07 5.8625e+05
0.264 3.3899e+07 6.7798e+05
0.265 3.4747e+07 6.9493e+05
0.266 2.8636e+07 5.7273e+05
0.267 3.2164e+07 6.4327e+05
0.268 2.3885e+07 4.777e+05
0.269 3.5232e+07 7.0465e+05
0.27 2.433e+07 4.8659e+05
0.271 3.454e+07 6.9079e+05
0.272 2.6329e+07 5.2658e+05
0.273 3.4078e+07 6.8156e+05
0.274 2.9088e+07 5.8175e+05
0.275 3.5286e+07 7.0571e+05
0.276 3.238e+07 6.4761e+05
0.277 2.3232e+07 4.6463e+05
0.278 3.3987e+07 6.7974e+05
0.279 2.2054e+07 4.4108e+05
0.28 3.0292e+07 6.0584e+05
0.281 1.9129e+07 3.8258e+05
0.282 2.744e+07 5.4881e+05
0.283 2.971e+07 5.942e+05
0.284 2.4476e+07 4.8951e+05
0.285 2.3874e+07 4.7747e+05
0.286 2.2646e+07 4.5293e+05
0.287 2.3691e+07 4.7382e+05
0.288 2.8726e+07 5.7453e+05
0.289 3.3855e+07 6.771e+05
0.29 2.0664e+07 4.1328e+05
0.291 2.7579e+07 5.5158e+05
0.292 2.3371e+07 4.6741e+05
0.293 2.7815e+07 5.5629e+05
0.294 2.9347e+07 5.8693e+05
0.295 2.7243e+07 5.4485e+05
0.296 2.3558e+07 4.7117e+05
0.297 3.5992e+07 7.1983e+05
0.298 2.122e+07 4.244e+05
0.299 2.5479e+07 5.0958e+05
0.3 2.6208e+07 5.2416e+05
0.301 3.3285e+07 6.6569e+05
0.302 2.2156e+07 4.4312e+05
0.303 2.2223e+07 4.4446e+05
0.304 2.8982e+07 5.7963e+05
0.305 3.0363e+07 6.0726e+05
0.306 1.7867e+07 3.5733e+05
0.307 3.3219e+07 6.6438e+05
0.308 2.6465e+07 5.293e+05
0.309 2.6045e+07 5.2091e+05
0.31 1.7024e+07 3.4047e+05
0.311 2.3619e+07 4.7238e+05
0.312 2.7223e+07 5.4446e+05
0.313 2.0857e+07 4.1715e+05
0.314 2.5879e+07 5.1759e+05
0.315 2.3579e+07 4.7159e+05
0.316 2.6202e+07 5.2403e+05
0.317 2.1607e+07 4.3213e+05
0.318 1.7283e+07 3.4567e+05
0.319 2.3745e+07 4.749e+05
0.32 2.3671e+07 4.7342e+05
0.321 1.9759e+07 3.9517e+05
0.322 2.9025e+07 5.805e+05
0.323 2.2118e+07 4.4235e+05
0.324 1.7693e+07 3.5387e+05
0.325 1.8814e+07 3.7628e+05
0.326 2.302e+07 4.6039e+05
0.327 1.9796e+07 3.9592e+05
0.328 1.7363e+07 3.4727e+05
0.329 2.3927e+07 4.7853e+05
0.33 2.2977e+07 4.5953e+05
0.331 2.3166e+07 4.6333e+05
0.332 1.8607e+07 3.7214e+05
0.333 1.3646e+07 2.7292e+05
0.334 1.8675e+07 3.735e+05
0.335 1.7807e+07 3.5614e+05
0.336 1.785e+07 3.5699e+05
0.337 2.1337e+07 4.2675e+05
0.338 2.4039e+07 4.8077e+05
0.339 2.1828e+07 4.3655e+05
0.34 1.9992e+07 3.9985e+05
0.341 2.106e+07 4.2121e+05
0.342 1.3874e+07 2.7748e+05
0.343 1.6897e+07 3.3794e+05
0.344 2.1063e+07 4.2125e+05
0.345 2.8225e+07 5.645e+05
0.346 1.9336e+07 3.8673e+05
0.347 2.0701e+07 4.1402e+05
0.348 2.3253e+07 4.6507e+05
0.349 1.9231e+07 3.8462e+05
0.35 2.4402e+07 4.8804e+05
0.351 2.2594e+07 4.5188e+05
0.352 1.296e+07 2.592e+05
0.353 1.8621e+07 3.7242e+05
0.354 1.8763e+07 3.7527e+05
0.355 1.6025e+07 3.205e+05
0.356 1.4232e+07 2.8464e+05
0.357 2.3354e+07 4.6708e+05
0.358 2.2674e+07 4.5349e+05
0.359 1.955e+07 3.9101e+05
0.36 2.3633e+07 4.7265e+05
0.361 2.4153e+07 4.8307e+05
0.362 2.2481e+07 4.4962e+05
0.363 2.2032e+07 4.4064e+05
0.364 1.6299e+07 3.2597e+05
0.365 1.2489e+07 2.4979e+05
0.366 2.2531e+07 4.5062e+05
0.367 2.329e+07 4.658e+05
0.368 1.9535e+07 3.9069e+05
0.369 2.1216e+07 4.2431e+05
0.37 2.5114e+07 5.0227e+05
0.371 1.8355e+07 3.671e+05
0.372 1.7975e+07 3.595e+05
0.373 2.2999e+07 4.5998e+05
0.374 2.0989e+07 4.1978e+05
0.375 2.0972e+07 4.1944e+05
0.376 1.5936e+07 3.1872e+05
0.377 2.0399e+07 4.0798e+05
0.378 7.8674e+06 1.5735e+05
0.379 1.8324e+07 3.6648e+05
0.38 1.5188e+07 3.0375e+05
0.381 2.2868e+07 4.5736e+05
0.382 2.0278e+07 4.0555e+05
0.383 1.9686e+07 3.9372e+05
0.384 1.5809e+07 3.1617e+05
0.385 1.5105e+07 3.021e+05
0.386 1.5297e+07 3.0594e+05
0.387 2.0432e+07 4.0864e+05
0.388 2.0165e+07 4.033e+05
0.389 1.6037e+07 3.2073e+05
0.39 1.0512e+07 2.1024e+05
0.391 2.5915e+07 5.1829e+05
0.392 1.8919e+07 3.7839e+05
0.393 2.1981e+07 4.3961e+05
0.394 1.674e+07 3.3479e+05
0.395 2.2953e+07 4.5906e+05
0.396 1.9827e+07 3.9653e+05
0.397 1.5011e+07 3.0022e+05
0.398 1.9057e+07 3.8114e+05
0.399 1.2624e+07 2.5247e+05
0.4 2.2732e+07 4.5465e+05
0.401 1.9668e+07 3.9336e+05
0.402 2.4388e+07 4.8776e+05
0.403 1.6469e+07 3.2937e+05
0.404 1.8112e+07 3.6225e+05
0.405 2.0616e+07 4.1233e+05
0.406 1.6679e+07 3.3358e+05
0.407 1.7462e+07 3.4923e+05
0.408 1.1177e+07 2.2354e+05
0.409 2.4258e+07 4.8517e+05
0.41 1.8556e+07 3.7112e+05
0.411 1.5317e+07 3.0634e+05
0.412 1.8884e+07 3.7769e+05
0.413 2.1766e+07 4.3532e+05
0.414 1.8232e+07 3.6464e+05
0.415 2.3369e+07 4.6737e+05
0.416 1.6085e+07 3.2169e+05
0.417 1.4036e+07 2.8072e+05
0.418 1.9167e+07 3.8334e+05
0.419 2.496e+07 4.9919e+05
0.42 1.8449e+07 3.6898e+05
0.421 1.7051e+07 3.4101e+05
0.422 1.8309e+07 3.6619e+05
0.423 1.6762e+07 3.3524e+05
0.424 1.7187e+07 3.4373e+05
0.425 1.7662e+07 3.5324e+05
0.426 2.2271e+07 4.4543e+05
0.427 1.5166e+07 3.0331e+05
0.428 1.5665e+07 3.1331e+05
0.429 2.0365e+07 4.073e+05
0.43 2.2426e+07 4.4852e+05
0.431 1.3053e+07 2.6106e+05
0.432 1.8161e+07 3.6322e+05
0.433 2.1508e+07 4.3017e+05
0.434 2.0177e+07 4.0355e+05
0.435 1.972e+07 3.9441e+05
0.436 1.7201e+07 3.4403e+05
0.437 1.725e+07 3.4501e+05
0.438 1.2825e+07 2.565e+05
0.439 1.5328e+07 3.0655e+05
0.44 2.2522e+07 4.5044e+05
0.441 1.71e+07 3.42e+05
0.442 1.4671e+07 2.9342e+05
0.443 1.9101e+07 3.8201e+05
0.444 2.0654e+07 4.1308e+05
0.445 2.0872e+07 4.1744e+05
0.446 1.6791e+07 3.3582e+05
0.447 2.0261e+07 4.0522e+05
0.448 1.8417e+07 3.6833e+05
0.449 2.2076e+07 4.4152e+05
0.45 1.9454e+07 3.8908e+05
0.451 1.4619e+07 2.9239e+05
0.452 1.9604e+07 3.9208e+05
0.453 1.8108e+07 3.6215e+05
0.454 2.2153e+07 4.4306e+05
0.455 1.6462e+07 3.2923e+05
0.456 1.629e+07 3.2581e+05
0.457 2.2812e+07 4.5625e+05
0.458 2.7701e+07 5.5402e+05
0.459 1.5027e+07 3.0053e+05
0.46 2.1312e+07 4.2625e+05
0.461 1.6191e+07 3.2383e+05
0.462 9.7296e+06 1.9459e+05
0.463 1.6166e+07 3.2333e+05
0.464 1.2331e+07 2.4661e+05
0.465 1.4607e+07 2.9214e+05
0.466 1.3541e+07 2.7082e+05
0.467 1.6729e+07 3.3458e+05
0.468 2.1034e+07 4.2069e+05
0.469 2.1026e+07 4.2052e+05
0.47 1.8845e+07 3.7691e+05
0.471 1.8017e+07 3.6034e+05
0.472 1.5133e+07 3.0266e+05
0.473 2.5972e+07 5.1944e+05
0.474 1.7727e+07 3.5455e+05
0.475 2.152e+07 4.3039e+05
0.476 1.4552e+07 2.9104e+05
0.477 1.7145e+07 3.429e+05
0.478 1.6256e+07 3.2512e+05
0.479 1.7692e+07 3.5383e+05
0.48 1.9371e+07 3.8743e+05
0.481 1.77e+07 3.54e+05
0.482 1.569e+07 3.1379e+05
0.483 1.8872e+07 3.7744e+05
0.484 2.146e+07 4.292e+05
0.485 1.5246e+07 3.0493e+05
0.486 1.9599e+07 3.9198e+05
0.487 9.1423e+06 1.8285e+05
0.488 1.3721e+07 2.7442e+05
0.489 1.5545e+07 3.1089e+05
0.49 1.3512e+07 2.7025e+05
0.491 1.8813e+07 3.7625e+05
0.492 2.0644e+07 4.1288e+05
0.493 1.5024e+07 3.0048e+05
0.494 1.5158e+07 3.0316e+05
0.495 1.7434e+07 3.4867e+05
0.496 1.5523e+07 3.1045e+05
0.497 1.7649e+07 3.5299e+05
0.498 2.0785e+07 4.1571e+05
0.499 2.1443e+07 4.2886e+05
0.5 1.897e+07 3.794e+05
