0.001 5.4187e+09 1.0837e+08
0.002 5.1213e+09 1.0243e+08
0.003 4.7597e+09 9.5195e+07
0.004 5.2221e+09 1.0444e+08
0.005 5.0297e+09 1.0059e+08
0.006 5.2383e+09 1.0477e+08
0.007 5.0928e+09 1.0186e+08
0.008 5.0957e+09 1.0191e+08
0.009 5.107e+09 1.0214e+08
0.01 4.9662e+09 9.9324e+07
0.011 4.988e+09 9.976e+07
0.012 5.0449e+09 1.009e+08
0.013 5.0695e+09 1.0139e+08
0.014 4.9892e+09 9.9785e+07
0.015 4.961e+09 9.922e+07
0.016 5.0186e+09 1.0037e+08
0.017 4.9369e+09 9.8737e+07
0.018 4.7824e+09 9.5648e+07
0.019 4.8746e+09 9.7492e+07
0.02 4.9195e+09 9.8391e+07
0.021 4.8125e+09 9.625e+07
0.022 4.9032e+09 9.8064e+07
0.023 4.8064e+09 9.6129e+07
0.024 4.8295e+09 9.659e+07
0.025 4.7265e+09 9.4529e+07
0.026 4.7473e+09 9.4946e+07
0.027 4.7051e+09 9.4102e+07
0.028 4.7433e+09 9.4865e+07
0.029 4.6672e+09 9.3343e+07
0.03 4.681e+09 9.3619e+07
0.031 4.6189e+09 9.2379e+07
0.032 4.5704e+09 9.1409e+07
0.033 4.6896e+09 9.3792e+07
0.034 4.458e+09 8.916e+07
0.035 4.5337e+09 9.0675e+07
0.036 4.459e+09 8.918e+07
0.037 4.4198e+09 8.8396e+07
0.038 4.4289e+09 8.8578e+07
0.039 4.3618e+09 8.7235e+07
0.04 4.3097e+09 8.6195e+07
0.041 4.3831e+09 8.7661e+07
0.042 4.3101e+09 8.6201e+07
0.043 4.2263e+09 8.4526e+07
0.044 4.2103e+09 8.4206e+07
0.045 4.2522e+09 8.5044e+07
0.046 4.2054e+09 8.4108e+07
0.047 4.0847e+09 8.1694e+07
0.048 4.0083e+09 8.0165e+07
0.049 4.1205e+09 8.241e+07
0.05 3.9723e+09 7.9446e+07
0.051 3.9626e+09 7.9253e+07
0.052 3.9334e+09 7.8668e+07
0.053 3.9346e+09 7.8693e+07
0.054 3.9073e+09 7.8147e+07
0.055 3.8031e+09 7.6062e+07
0.056 3.7506e+09 7.5012e+07
0.057 3.7318e+09 7.4636e+07
0.058 3.6804e+09 7.3608e+07
0.059 3.6401e+09 7.2803e+07
0.06 3.6112e+09 7.2224e+07
0.061 3.6175e+09 7.235e+07
0.062 3.5712e+09 7.1423e+07
0.063 3.4642e+09 6.9285e+07
0.064 3.4418e+09 6.8836e+07
0.065 3.3449e+09 6.6898e+07
0.066 3.3768e+09 6.7535e+07
0.067 3.3487e+09 6.6974e+07
0.068 3.2353e+09 6.4706e+07
0.069 3.2812e+09 6.5624e+07
0.07 3.2261e+09 6.4522e+07
0.071 3.1402e+09 6.2805e+07
0.072 3.1299e+09 6.2598e+07
0.073 3.1131e+09 6.2262e+07
0.074 2.9913e+09 5.9825e+07
0.075 2.9677e+09 5.9355e+07
0.076 2.8799e+09 5.7598e+07
0.077 2.8937e+09 5.7874e+07
0.078 2.919e+09 5.838e+07
0.079 2.8234e+09 5.6469e+07
0.08 2.7963e+09 5.5925e+07
0.081 2.7168e+09 5.4336e+07
0.082 2.7657e+09 5.5314e+07
0.083 2.7088e+09 5.4176e+07
0.084 2.682e+09 5.364e+07
0.085 2.6257e+09 5.2514e+07
0.086 2.5617e+09 5.1234e+07
0.087 2.5337e+09 5.0673e+07
0.088 2.4854e+09 4.9708e+07
0.089 2.4497e+09 4.8993e+07
0.09 2.3707e+09 4.7415e+07
0.091 2.3371e+09 4.6741e+07
0.092 2.3325e+09 4.665e+07
0.093 2.2866e+09 4.5732e+07
0.094 2.2601e+09 4.5202e+07
0.095 2.2453e+09 4.4906e+07
0.096 2.1851e+09 4.3702e+07
0.097 2.101e+09 4.202e+07
0.098 2.1253e+09 4.2506e+07
0.099 2.0727e+09 4.1455e+07
0.1 2.0311e+09 4.0621e+07
0.101 2.0025e+09 4.0051e+07
0.102 1.9902e+09 3.9804e+07
0.103 1.9749e+09 3.9498e+07
0.104 1.9443e+09 3.8886e+07
0.105 1.8925e+09 3.785e+07
0.106 1.8677e+09 3.7353e+07
0.107 1.854e+09 3.7079e+07
0.108 1.8012e+09 3.6024e+07
0.109 1.7824e+09 3.5649e+07
0.11 1.7111e+09 3.4223e+07
0.111 1.6908e+09 3.3817e+07
0.112 1.6674e+09 3.3348e+07
0.113 1.6298e+09 3.2597e+07
0.114 1.5834e+09 3.1668e+07
0.115 1.5724e+09 3.1447e+07
0.116 1.602e+09 3.2041e+07
0.117 1.5459e+09 3.0918e+07
0.118 1.4751e+09 2.9502e+07
0.119 1.4301e+09 2.8602e+07
0.12 1.4072e+09 2.8143e+07
0.121 1.4139e+09 2.8279e+07
0.122 1.3491e+09 2.6983e+07
0.123 1.3935e+09 2.7871e+07
0.124 1.3349e+09 2.6699e+07
0.125 1.2808e+09 2.5615e+07
0.126 1.2876e+09 2.5753e+07
0.127 1.292e+09 2.584e+07
0.128 1.2225e+09 2.445e+07
0.129 1.2083e+09 2.4165e+07
0.13 1.2005e+09 2.401e+07
0.131 1.1857e+09 2.3715e+07
0.132 1.1284e+09 2.2568e+07
0.133 1.1178e+09 2.2356e+07
0.134 1.101e+09 2.2019e+07
0.135 1.1195e+09 2.2389e+07
0.136 1.085e+09 2.17e+07
0.137 1.0269e+09 2.0539e+07
0.138 1.032e+09 2.0641e+07
0.139 9.448e+08 1.8896e+07
0.14 9.4662e+08 1.8932e+07
0.141 9.522e+08 1.9044e+07
0.142 9.1057e+08 1.8211e+07
0.143 9.1259e+08 1.8252e+07
0.144 9.2856e+08 1.8571e+07
0.145 9.0257e+08 1.8051e+07
0.146 8.6016e+08 1.7203e+07
0.147 8.7462e+08 1.7492e+07
0.148 8.4753e+08 1.6951e+07
0.149 8.2019e+08 1.6404e+07
0.15 8.0396e+08 1.6079e+07
0.151 8.068e+08 1.6136e+07
0.152 7.3715e+08 1.4743e+07
0.153 7.2818e+08 1.4564e+07
0.154 7.5231e+08 1.5046e+07
0.155 7.1622e+08 1.4324e+07
0.156 6.9494e+08 1.3899e+07
0.157 6.7691e+08 1.3538e+07
0.158 6.9793e+08 1.3959e+07
0.159 6.6762e+08 1.3352e+07
0.16 6.574e+08 1.3148e+07
0.161 6.0005e+08 1.2001e+07
0.162 6.0331e+08 1.2066e+07
0.163 6.2185e+08 1.2437e+07
0.164 6.1015e+08 1.2203e+07
0.165 5.6692e+08 1.1338e+07
0.166 5.7709e+08 1.1542e+07
0.167 5.6812e+08 1.1362e+07
0.168 5.5969e+08 1.1194e+07
0.169 5.4093e+08 1.0819e+07
0.17 5.227e+08 1.0454e+07
0.171 5.2739e+08 1.0548e+07
0.172 5.0042e+08 1.0008e+07
0.173 5.1952e+08 1.039e+07
0.174 4.9467e+08 9.8934e+06
0.175 4.5003e+08 9.0005e+06
0.176 4.6298e+08 9.2596e+06
0.177 4.5351e+08 9.0701e+06
0.178 4.405e+08 8.8101e+06
0.179 4.1062e+08 8.2124e+06
0.18 4.352e+08 8.704e+06
0.181 4.1014e+08 8.2028e+06
0.182 3.9837e+08 7.9674e+06
0.183 4.1213e+08 8.2426e+06
0.184 4.0926e+08 8.1851e+06
0.185 4.0652e+08 8.1305e+06
0.186 3.9448e+08 7.8896e+06
0.187 3.9403e+08 7.8807e+06
0.188 3.6047e+08 7.2095e+06
0.189 3.2328e+08 6.4656e+06
0.19 3.3324e+08 6.6648e+06
0.191 3.4179e+08 6.8359e+06
0.192 3.2446e+08 6.4891e+06
0.193 3.2758e+08 6.5515e+06
0.194 3.086e+08 6.1721e+06
0.195 3.0663e+08 6.1325e+06
0.196 2.9399e+08 5.8798e+06
0.197 2.9808e+08 5.9615e+06
0.198 3.1387e+08 6.2773e+06
0.199 2.7109e+08 5.4218e+06
0.2 2.8613e+08 5.7227e+06
0.201 2.6625e+08 5.325e+06
0.202 2.4733e+08 4.9467e+06
0.203 2.8463e+08 5.6926e+06
0.204 2.4592e+08 4.9184e+06
0.205 2.4088e+08 4.8176e+06
0.206 2.4362e+08 4.8724e+06
0.207 2.2687e+08 4.5375e+06
0.208 2.4411e+08 4.8823e+06
0.209 2.2243e+08 4.4486e+06
0.21 2.0639e+08 4.1277e+06
0.211 2.0848e+08 4.1697e+06
0.212 2.2651e+08 4.5302e+06
0.213 1.9682e+08 3.9363e+06
0.214 1.8444e+08 3.6888e+06
0.215 1.8506e+08 3.7012e+06
0.216 1.7189e+08 3.4379e+06
0.217 1.7889e+08 3.5779e+06
0.218 1.4756e+08 2.9512e+06
0.219 1.7205e+08 3.441e+06
0.22 1.6601e+08 3.3203e+06
0.221 1.5605e+08 3.121e+06
0.222 1.4142e+08 2.8284e+06
0.223 1.5933e+08 3.1866e+06
0.224 1.5784e+08 3.1568e+06
0.225 1.5289e+08 3.0578e+06
0.226 1.4453e+08 2.8905e+06
0.227 1.4721e+08 2.9442e+06
0.228 1.5293e+08 3.0585e+06
0.229 1.0271e+08 2.0542e+06
0.23 1.4384e+08 2.8768e+06
0.231 1.0107e+08 2.0213e+06
0.232 1.2064e+08 2.4128e+06
0.233 1.1934e+08 2.3867e+06
0.234 1.3068e+08 2.6135e+06
0.235 1.0249e+08 2.0499e+06
0.236 1.0022e+08 2.0044e+06
0.237 1.0191e+08 2.0381e+06
0.238 8.4579e+07 1.6916e+06
0.239 1.1189e+08 2.2378e+06
0.24 1.2035e+08 2.407e+06
0.241 9.0615e+07 1.8123e+06
0.242 7.8654e+07 1.5731e+06
0.243 8.299e+07 1.6598e+06
0.244 7.4755e+07 1.4951e+06
0.245 7.5424e+07 1.5085e+06
0.246 7.1562e+07 1.4312e+06
0.247 7.2455e+07 1.4491e+06
0.248 8.5973e+07 1.7195e+06
0.249 6.8954e+07 1.3791e+06
0.25 8.8569e+07 1.7714e+06
0.251 7.114e+07 1.4228e+06
0.252 4.3109e+07 8.6218e+05
0.253 6.9393e+07 1.3879e+06
0.254 5.343e+07 1.0686e+06
0.255 9.3379e+07 1.8676e+06
0.256 5.7685e+07 1.1537e+06
0.257 5.9346e+07 1.1869e+06
0.258 5.2623e+07 1.0525e+06
0.259 4.8148e+07 9.6296e+05
0.26 6.0263e+07 1.2053e+06
0.261 5.408e+07 1.0816e+06
0.262 4.6261e+07 9.2521e+05
0.263 5.8307e+07 1.1661e+06
0.264 4.7687e+07 9.5374e+05
0.265 6.3029e+07 1.2606e+06
0.266 3.5574e+07 7.1148e+05
0.267 5.1367e+07 1.0273e+06
0.268 4.3505e+07 8.701e+05
0.269 4.5703e+07 9.1406e+05
0.27 4.6287e+07 9.2574e+05
0.271 4.2885e+07 8.5769e+05
0.272 3.4175e+07 6.8351e+05
0.273 4.6528e+07 9.3056e+05
0.274 5.2545e+07 1.0509e+06
0.275 5.1441e+07 1.0288e+06
0.276 5.6069e+07 1.1214e+06
0.277 3.6374e+07 7.2747e+05
0.278 4.4365e+07 8.873e+05
0.279 4.6691e+07 9.3381e+05
0.28 3.9171e+07 7.8343e+05
0.281 4.9622e+07 9.9245e+05
0.282 4.4701e+07 8.9402e+05
0.283 4.7144e+07 9.4287e+05
0.284 4.4845e+07 8.9689e+05
0.285 4.6848e+07 9.3696e+05
0.286 5.124e+07 1.0248e+06
0.287 4.777e+07 9.5541e+05
0.288 4.299e+07 8.5981e+05
0.289 3.2852e+07 6.5703e+05
0.29 5.1463e+07 1.0293e+06
0.291 4.1909e+07 8.3818e+05
0.292 3.3032e+07 6.6064e+05
0.293 5.1738e+07 1.0348e+06
0.294 4.0984e+07 8.1968e+05
0.295 3.0446e+07 6.0892e+05
0.296 3.7252e+07 7.4505e+05
0.297 3.9167e+07 7.8334e+05
0.298 5.635e+07 1.127e+06
0.299 4.8087e+07 9.6173e+05
0.3 3.9485e+07 7.897e+05
0.301 3.9148e+07 7.8296e+05
0.302 6.3864e+07 1.2773e+06
0.303 5.8878e+07 1.1776e+06
0.304 3.0443e+07 6.0885e+05
0.305 2.4584e+07 4.9168e+05
0.306 4.3121e+07 8.6243e+05
0.307 3.8572e+07 7.7143e+05
0.308 3.5738e+07 7.1475e+05
0.309 3.0222e+07 6.0444e+05
0.31 3.7344e+07 7.4687e+05
0.311 3.8548e+07 7.7095e+05
0.312 5.5659e+07 1.1132e+06
0.313 4.6619e+07 9.3239e+05
0.314 3.6555e+07 7.311e+05
0.315 4.6105e+07 9.221e+05
0.316 5.3677e+07 1.0735e+06
0.317 2.0389e+07 4.0779e+05
0.318 5.7082e+07 1.1416e+06
0.319 5.5292e+07 1.1058e+06
0.32 6.3389e+07 1.2678e+06
0.321 5.3025e+07 1.0605e+06
0.322 6.0875e+07 1.2175e+06
0.323 6.7372e+07 1.3474e+06
0.324 5.292e+07 1.0584e+06
0.325 4.7353e+07 9.4705e+05
0.326 4.6212e+07 9.2423e+05
0.327 4.7564e+07 9.5129e+05
0.328 6.4346e+07 1.2869e+06
0.329 7.4748e+07 1.495e+06
0.33 5.7826e+07 1.1565e+06
0.331 4.3197e+07 8.6394e+05
0.332 4.1418e+07 8.2835e+05
0.333 5.0328e+07 1.0066e+06
0.334 7.8386e+07 1.5677e+06
0.335 7.0257e+07 1.4051e+06
0.336 7.1919e+07 1.4384e+06
0.337 6.809e+07 1.3618e+06
0.338 6.414e+07 1.2828e+06
0.339 4.5569e+07 9.1139e+05
0.34 6.1949e+07 1.239e+06
0.341 6.7425e+07 1.3485e+06
0.342 6.8768e+07 1.3754e+06
0.343 6.6745e+07 1.3349e+06
0.344 6.2522e+07 1.2504e+06
0.345 6.2138e+07 1.2428e+06
0.346 6.4963e+07 1.2993e+06
0.347 5.8067e+07 1.1613e+06
0.348 6.6432e+07 1.3286e+06
0.349 5.9497e+07 1.1899e+06
0.35 7.0274e+07 1.4055e+06
0.351 6.7629e+07 1.3526e+06
0.352 7.2429e+07 1.4486e+06
0.353 6.1029e+07 1.2206e+06
0.354 5.5148e+07 1.103e+06
0.355 6.8925e+07 1.3785e+06
0.356 5.1405e+07 1.0281e+06
0.357 6.1754e+07 1.2351e+06
0.358 4.2654e+07 8.5308e+05
0.359 7.0303e+07 1.4061e+06
0.36 6.8959e+07 1.3792e+06
0.361 7.2314e+07 1.4463e+06
0.362 5.6596e+07 1.1319e+06
0.363 7.7743e+07 1.5549e+06
0.364 6.1749e+07 1.235e+06
0.365 7.2962e+07 1.4592e+06
0.366 6.9273e+07 1.3855e+06
0.367 6.1938e+07 1.2388e+06
0.368 5.8832e+07 1.1766e+06
0.369 7.0406e+07 1.4081e+06
0.37 8.9455e+07 1.7891e+06
0.371 6.5318e+07 1.3064e+06
0.372 5.2685e+07 1.0537e+06
0.373 6.0736e+07 1.2147e+06
0.374 7.2843e+07 1.4569e+06
0.375 6.2606e+07 1.2521e+06
0.376 6.4246e+07 1.2849e+06
0.377 5.1714e+07 1.0343e+06
0.378 6.2264e+07 1.2453e+06
0.379 4.0337e+07 8.0674e+05
0.38 7.7118e+07 1.5424e+06
0.381 7.8961e+07 1.5792e+06
0.382 7.7237e+07 1.5447e+06
0.383 8.8477e+07 1.7695e+06
0.384 4.1071e+07 8.2142e+05
0.385 6.4677e+07 1.2935e+06
0.386 7.1129e+07 1.4226e+06
0.387 7.2693e+07 1.4539e+06
0.388 8.204e+07 1.6408e+06
0.389 5.8505e+07 1.1701e+06
0.39 5.4091e+07 1.0818e+06
0.391 7.73e+07 1.546e+06
0.392 6.9297e+07 1.3859e+06
0.393 6.5493e+07 1.3099e+06
0.394 6.0051e+07 1.201e+06
0.395 6.7927e+07 1.3585e+06
0.396 6.5487e+07 1.3097e+06
0.397 7.4859e+07 1.4972e+06
0.398 6.9062e+07 1.3812e+06
0.399 6.825e+07 1.365e+06
0.4 6.7171e+07 1.3434e+06
0.401 6.2711e+07 1.2542e+06
0.402 5.0964e+07 1.0193e+06
0.403 6.6202e+07 1.324e+06
0.404 7.5773e+07 1.5155e+06
0.405 7.4166e+07 1.4833e+06
0.406 6.5638e+07 1.3128e+06
0.407 7.9921e+07 1.5984e+06
0.408 4.7367e+07 9.4735e+05
0.409 5.8536e+07 1.1707e+06
0.41 6.8388e+07 1.3678e+06
0.411 6.6823e+07 1.3365e+06
0.412 6.7607e+07 1.3521e+06
0.413 6.665e+07 1.333e+06
0.414 4.7925e+07 9.585e+05
0.415 6.9471e+07 1.3894e+06
0.416 6.7014e+07 1.3403e+06
0.417 6.4487e+07 1.2897e+06
0.418 5.5018e+07 1.1004e+06
0.419 6.4775e+07 1.2955e+06
0.42 7.0561e+07 1.4112e+06
0.421 6.9054e+07 1.3811e+06
0.422 6.3656e+07 1.2731e+06
0.423 6.8158e+07 1.3632e+06
0.424 7.4216e+07 1.4843e+06
0.425 6.5813e+07 1.3163e+06
0.426 6.4102e+07 1.282e+06
0.427 7.5702e+07 1.514e+06
0.428 7.9021e+07 1.5804e+06
0.429 6.124e+07 1.2248e+06
0.43 7.3397e+07 1.4679e+06
0.431 6.7193e+07 1.3439e+06
0.432 7.2433e+07 1.4487e+06
0.433 5.7268e+07 1.1454e+06
0.434 5.6744e+07 1.1349e+06
0.435 7.2006e+07 1.4401e+06
0.436 5.1537e+07 1.0307e+06
0.437 7.8351e+07 1.567e+06
0.438 6.8426e+07 1.3685e+06
0.439 6.0331e+07 1.2066e+06
0.44 5.2001e+07 1.04e+06
0.441 7.0969e+07 1.4194e+06
0.442 5.4865e+07 1.0973e+06
0.443 6.1908e+07 1.2382e+06
0.444 5.6953e+07 1.1391e+06
0.445 5.9029e+07 1.1806e+06
0.446 6.6781e+07 1.3356e+06
0.447 7.4862e+07 1.4972e+06
0.448 5.6824e+07 1.1365e+06
0.449 7.2572e+07 1.4514e+06
0.45 5.0743e+07 1.0149e+06
0.451 5.8302e+07 1.166e+06
0.452 6.0416e+07 1.2083e+06
0.453 5.7343e+07 1.1469e+06
0.454 5.6796e+07 1.1359e+06
0.455 5.5665e+07 1.1133e+06
0.456 6.7703e+07 1.3541e+06
0.457 4.2715e+07 8.5431e+05
0.458 7.056e+07 1.4112e+06
0.459 5.4115e+07 1.0823e+06
0.46 4.926e+07 9.8521e+05
0.461 7.8531e+07 1.5706e+06
0.462 5.681e+07 1.1362e+06
0.463 6.9973e+07 1.3995e+06
0.464 6.828e+07 1.3656e+06
0.465 5.4051e+07 1.081e+06
0.466 5.6333e+07 1.1267e+06
0.467 6.4087e+07 1.2817e+06
0.468 5.572e+07 1.1144e+06
0.469 5.6984e+07 1.1397e+06
0.47 6.0425e+07 1.2085e+06
0.471 6.7434e+07 1.3487e+06
0.472 6.6644e+07 1.3329e+06
0.473 6.6509e+07 1.3302e+06
0.474 6.7374e+07 1.3475e+06
0.475 5.3202e+07 1.064e+06
0.476 5.5852e+07 1.117e+06
0.477 6.85e+07 1.37e+06
0.478 4.781e+07 9.562e+05
0.479 4.3338e+07 8.6677e+05
0.48 5.7475e+07 1.1495e+06
0.481 6.2988e+07 1.2598e+06
0.482 4.9663e+07 9.9327e+05
0.483 5.0711e+07 1.0142e+06
0.484 5.8352e+07 1.167e+06
0.485 6.4223e+07 1.2845e+06
0.486 4.7795e+07 9.559e+05
0.487 5.8091e+07 1.1618e+06
0.488 6.9317e+07 1.3863e+06
0.489 5.9231e+07 1.1846e+06
0.49 3.7379e+07 7.4758e+05
0.491 4.1273e+07 8.2546e+05
0.492 5.9476e+07 1.1895e+06
0.493 5.6703e+07 1.1341e+06
0.494 5.1486e+07 1.0297e+06
0.495 4.4495e+07 8.899e+05
0.496 5.3006e+07 1.0601e+06
0.497 5.3498e+07 1.07e+06
0.498 5.3537e+07 1.0707e+06
0.499 5.5073e+07 1.1015e+06
0.5 4.1418e+07 8.2835e+05
