0.001 6.455e+09 1.291e+08
0.002 6.0821e+09 1.2164e+08
0.003 6.6348e+09 1.327e+08
0.004 6.3773e+09 1.2755e+08
0.005 6.2378e+09 1.2476e+08
0.006 6.2978e+09 1.2596e+08
0.007 6.2982e+09 1.2596e+08
0.008 6.3379e+09 1.2676e+08
0.009 6.0648e+09 1.213e+08
0.01 6.247e+09 1.2494e+08
0.011 6.0409e+09 1.2082e+08
0.012 6.2037e+09 1.2407e+08
0.013 6.3234e+09 1.2647e+08
0.014 6.1181e+09 1.2236e+08
0.015 6.2062e+09 1.2412e+08
0.016 6.1299e+09 1.226e+08
0.017 6.1129e+09 1.2226e+08
0.018 6.0317e+09 1.2063e+08
0.019 6.0024e+09 1.2005e+08
0.02 5.8123e+09 1.1625e+08
0.021 5.8383e+09 1.1677e+08
0.022 5.8668e+09 1.1734e+08
0.023 5.6859e+09 1.1372e+08
0.024 5.8523e+09 1.1705e+08
0.025 5.6863e+09 1.1373e+08
0.026 5.5219e+09 1.1044e+08
0.027 5.6242e+09 1.1248e+08
0.028 5.5068e+09 1.1014e+08
0.029 5.5219e+09 1.1044e+08
0.03 5.4225e+09 1.0845e+08
0.031 5.4179e+09 1.0836e+08
0.032 5.4265e+09 1.0853e+08
0.033 5.2783e+09 1.0557e+08
0.034 5.2224e+09 1.0445e+08
0.035 5.2481e+09 1.0496e+08
0.036 5.1832e+09 1.0366e+08
0.037 5.1177e+09 1.0235e+08
0.038 4.9933e+09 9.9866e+07
0.039 5.0008e+09 1.0002e+08
0.04 4.8869e+09 9.7738e+07
0.041 4.8329e+09 9.6657e+07
0.042 4.8397e+09 9.6794e+07
0.043 4.6821e+09 9.3643e+07
0.044 4.7019e+09 9.4038e+07
0.045 4.6115e+09 9.223e+07
0.046 4.5873e+09 9.1747e+07
0.047 4.4311e+09 8.8622e+07
0.048 4.4139e+09 8.8278e+07
0.049 4.3553e+09 8.7106e+07
0.05 4.3227e+09 8.6454e+07
0.051 4.3421e+09 8.6842e+07
0.052 4.1678e+09 8.3356e+07
0.053 4.1369e+09 8.2738e+07
0.054 4.0514e+09 8.1028e+07
0.055 4.0163e+09 8.0327e+07
0.056 3.9512e+09 7.9024e+07
0.057 3.8176e+09 7.6352e+07
0.058 3.8329e+09 7.6659e+07
0.059 3.7331e+09 7.4663e+07
0.06 3.6562e+09 7.3125e+07
0.061 3.7373e+09 7.4747e+07
0.062 3.5757e+09 7.1514e+07
0.063 3.4532e+09 6.9065e+07
0.064 3.3996e+09 6.7992e+07
0.065 3.3539e+09 6.7078e+07
0.066 3.2689e+09 6.5377e+07
0.067 3.2939e+09 6.5878e+07
0.068 3.1831e+09 6.3662e+07
0.069 3.0851e+09 6.1703e+07
0.07 3.09e+09 6.18e+07
0.071 2.9978e+09 5.9956e+07
0.072 2.9742e+09 5.9483e+07
0.073 2.8997e+09 5.7994e+07
0.074 2.8723e+09 5.7446e+07
0.075 2.799e+09 5.598e+07
0.076 2.7652e+09 5.5304e+07
0.077 2.744e+09 5.4879e+07
0.078 2.608e+09 5.216e+07
0.079 2.5898e+09 5.1796e+07
0.08 2.5384e+09 5.0769e+07
0.081 2.4937e+09 4.9874e+07
0.082 2.444e+09 4.888e+07
0.083 2.3653e+09 4.7306e+07
0.084 2.2829e+09 4.5657e+07
0.085 2.2558e+09 4.5115e+07
0.086 2.257e+09 4.5139e+07
0.087 2.1738e+09 4.3475e+07
0.088 2.1123e+09 4.2246e+07
0.089 2.1343e+09 4.2686e+07
0.09 2.0679e+09 4.1358e+07
0.091 2.0162e+09 4.0324e+07
0.092 1.9695e+09 3.939e+07
0.093 1.9652e+09 3.9304e+07
0.094 1.9099e+09 3.8198e+07
0.095 1.9027e+09 3.8053e+07
0.096 1.836e+09 3.672e+07
0.097 1.8022e+09 3.6044e+07
0.098 1.695e+09 3.3901e+07
0.099 1.7063e+09 3.4125e+07
0.1 1.6691e+09 3.3382e+07
0.101 1.6181e+09 3.2362e+07
0.102 1.6213e+09 3.2425e+07
0.103 1.5457e+09 3.0913e+07
0.104 1.5393e+09 3.0786e+07
0.105 1.4694e+09 2.9388e+07
0.106 1.4595e+09 2.9191e+07
0.107 1.4129e+09 2.8257e+07
0.108 1.3982e+09 2.7963e+07
0.109 1.3543e+09 2.7087e+07
0.11 1.3053e+09 2.6105e+07
0.111 1.3321e+09 2.6642e+07
0.112 1.2657e+09 2.5314e+07
0.113 1.268e+09 2.536e+07
0.114 1.2014e+09 2.4028e+07
0.115 1.1805e+09 2.361e+07
0.116 1.1597e+09 2.3193e+07
0.117 1.1034e+09 2.2068e+07
0.118 1.124e+09 2.248e+07
0.119 1.0679e+09 2.1357e+07
0.12 1.0671e+09 2.1342e+07
0.121 1.0412e+09 2.0824e+07
0.122 1.0061e+09 2.0122e+07
0.123 1.0058e+09 2.0115e+07
0.124 9.4843e+08 1.8969e+07
0.125 9.3231e+08 1.8646e+07
0.126 9.1627e+08 1.8325e+07
0.127 8.6098e+08 1.722e+07
0.128 8.7394e+08 1.7479e+07
0.129 8.6569e+08 1.7314e+07
0.13 8.1646e+08 1.6329e+07
0.131 8.0365e+08 1.6073e+07
0.132 8.1679e+08 1.6336e+07
0.133 7.7708e+08 1.5542e+07
0.134 7.5773e+08 1.5155e+07
0.135 7.3385e+08 1.4677e+07
0.136 7.098e+08 1.4196e+07
0.137 7.2653e+08 1.4531e+07
0.138 6.7798e+08 1.356e+07
0.139 6.6946e+08 1.3389e+07
0.14 6.4015e+08 1.2803e+07
0.141 6.5598e+08 1.312e+07
0.142 5.9375e+08 1.1875e+07
0.143 5.8597e+08 1.1719e+07
0.144 5.4807e+08 1.0961e+07
0.145 5.6557e+08 1.1311e+07
0.146 5.5956e+08 1.1191e+07
0.147 5.6043e+08 1.1209e+07
0.148 5.1722e+08 1.0344e+07
0.149 5.1227e+08 1.0245e+07
0.15 4.9575e+08 9.915e+06
0.151 4.5987e+08 9.1975e+06
0.152 4.9571e+08 9.9142e+06
0.153 4.5842e+08 9.1685e+06
0.154 4.4134e+08 8.8267e+06
0.155 4.4875e+08 8.9749e+06
0.156 4.2607e+08 8.5213e+06
0.157 4.1191e+08 8.2382e+06
0.158 4.1319e+08 8.2638e+06
0.159 4.2712e+08 8.5425e+06
0.16 3.7779e+08 7.5558e+06
0.161 3.5913e+08 7.1826e+06
0.162 3.5276e+08 7.0551e+06
0.163 3.5097e+08 7.0194e+06
0.164 3.4298e+08 6.8596e+06
0.165 3.3017e+08 6.6034e+06
0.166 3.2907e+08 6.5813e+06
0.167 3.1857e+08 6.3715e+06
0.168 3.2409e+08 6.4817e+06
0.169 2.94e+08 5.8799e+06
0.17 2.9246e+08 5.8492e+06
0.171 2.7007e+08 5.4015e+06
0.172 2.6674e+08 5.3348e+06
0.173 2.7319e+08 5.4637e+06
0.174 2.5021e+08 5.0041e+06
0.175 2.4909e+08 4.9818e+06
0.176 2.4298e+08 4.8596e+06
0.177 2.253e+08 4.506e+06
0.178 2.4001e+08 4.8002e+06
0.179 2.4158e+08 4.8317e+06
0.18 2.1105e+08 4.2211e+06
0.181 2.2263e+08 4.4525e+06
0.182 2.1757e+08 4.3514e+06
0.183 1.8684e+08 3.7368e+06
0.184 2.068e+08 4.136e+06
0.185 1.9106e+08 3.8213e+06
0.186 2.0633e+08 4.1265e+06
0.187 2.007e+08 4.014e+06
0.188 1.8144e+08 3.6289e+06
0.189 1.8988e+08 3.7975e+06
0.19 1.7072e+08 3.4144e+06
0.191 1.8919e+08 3.7839e+06
0.192 1.2763e+08 2.5525e+06
0.193 1.6505e+08 3.3011e+06
0.194 1.5687e+08 3.1374e+06
0.195 1.7012e+08 3.4024e+06
0.196 1.3828e+08 2.7656e+06
0.197 1.3857e+08 2.7714e+06
0.198 1.3641e+08 2.7283e+06
0.199 1.3804e+08 2.7608e+06
0.2 1.4833e+08 2.9667e+06
0.201 1.4733e+08 2.9465e+06
0.202 1.4938e+08 2.9875e+06
0.203 1.4414e+08 2.8829e+06
0.204 1.2436e+08 2.4872e+06
0.205 1.0205e+08 2.041e+06
0.206 1.2039e+08 2.4078e+06
0.207 1.2588e+08 2.5176e+06
0.208 1.4191e+08 2.8381e+06
0.209 1.246e+08 2.492e+06
0.21 1.1688e+08 2.3376e+06
0.211 1.2591e+08 2.5181e+06
0.212 1.1161e+08 2.2322e+06
0.213 1.052e+08 2.104e+06
0.214 1.2468e+08 2.4936e+06
0.215 1.1749e+08 2.3498e+06
0.216 1.0165e+08 2.0331e+06
0.217 7.1985e+07 1.4397e+06
0.218 1.1147e+08 2.2295e+06
0.219 9.853e+07 1.9706e+06
0.22 9.9855e+07 1.9971e+06
0.221 9.8792e+07 1.9758e+06
0.222 9.6923e+07 1.9385e+06
0.223 1.0195e+08 2.039e+06
0.224 9.2877e+07 1.8575e+06
0.225 9.2825e+07 1.8565e+06
0.226 9.7974e+07 1.9595e+06
0.227 9.8562e+07 1.9712e+06
0.228 7.1144e+07 1.4229e+06
0.229 9.2717e+07 1.8543e+06
0.23 9.4208e+07 1.8842e+06
0.231 8.9341e+07 1.7868e+06
0.232 7.3921e+07 1.4784e+06
0.233 7.8303e+07 1.5661e+06
0.234 8.3479e+07 1.6696e+06
0.235 6.6431e+07 1.3286e+06
0.236 8.018e+07 1.6036e+06
0.237 7.2763e+07 1.4553e+06
0.238 8.327e+07 1.6654e+06
0.239 8.1116e+07 1.6223e+06
0.24 7.7854e+07 1.5571e+06
0.241 9.083e+07 1.8166e+06
0.242 7.9435e+07 1.5887e+06
0.243 7.8265e+07 1.5653e+06
0.244 4.9439e+07 9.8878e+05
0.245 8.9071e+07 1.7814e+06
0.246 7.6058e+07 1.5212e+06
0.247 7.4185e+07 1.4837e+06
0.248 6.9592e+07 1.3918e+06
0.249 7.4754e+07 1.4951e+06
0.25 6.0148e+07 1.203e+06
0.251 9.4011e+07 1.8802e+06
0.252 9.7507e+07 1.9501e+06
0.253 9.0367e+07 1.8073e+06
0.254 7.7644e+07 1.5529e+06
0.255 7.4883e+07 1.4977e+06
0.256 7.4899e+07 1.498e+06
0.257 7.146e+07 1.4292e+06
0.258 7.3059e+07 1.4612e+06
0.259 7.948e+07 1.5896e+06
0.26 7.611e+07 1.5222e+06
0.261 5.4168e+07 1.0834e+06
0.262 8.7246e+07 1.7449e+06
0.263 7.5876e+07 1.5175e+06
0.264 9.6471e+07 1.9294e+06
0.265 6.3361e+07 1.2672e+06
0.266 6.9083e+07 1.3817e+06
0.267 6.4116e+07 1.2823e+06
0.268 7.4213e+07 1.4843e+06
0.269 9.0019e+07 1.8004e+06
0.27 7.7273e+07 1.5455e+06
0.271 6.4995e+07 1.2999e+06
0.272 6.287e+07 1.2574e+06
0.273 7.499e+07 1.4998e+06
0.274 7.0727e+07 1.4145e+06
0.275 5.6333e+07 1.1267e+06
0.276 6.7003e+07 1.3401e+06
0.277 7.231e+07 1.4462e+06
0.278 7.7247e+07 1.5449e+06
0.279 7.3147e+07 1.4629e+06
0.28 6.0112e+07 1.2022e+06
0.281 6.4556e+07 1.2911e+06
0.282 6.2316e+07 1.2463e+06
0.283 6.972e+07 1.3944e+06
0.284 6.4531e+07 1.2906e+06
0.285 5.6614e+07 1.1323e+06
0.286 7.3163e+07 1.4633e+06
0.287 7.8748e+07 1.575e+06
0.288 7.3379e+07 1.4676e+06
0.289 7.3038e+07 1.4608e+06
0.29 6.3062e+07 1.2612e+06
0.291 7.0142e+07 1.4028e+06
0.292 5.8516e+07 1.1703e+06
0.293 7.953e+07 1.5906e+06
0.294 7.2485e+07 1.4497e+06
0.295 5.7628e+07 1.1526e+06
0.296 5.3929e+07 1.0786e+06
0.297 5.5302e+07 1.106e+06
0.298 5.7679e+07 1.1536e+06
0.299 6.3924e+07 1.2785e+06
0.3 6.0756e+07 1.2151e+06
0.301 5.3607e+07 1.0721e+06
0.302 6.4816e+07 1.2963e+06
0.303 7.7315e+07 1.5463e+06
0.304 6.1753e+07 1.2351e+06
0.305 6.3434e+07 1.2687e+06
0.306 6.111e+07 1.2222e+06
0.307 6.5505e+07 1.3101e+06
0.308 5.5011e+07 1.1002e+06
0.309 5.5256e+07 1.1051e+06
0.31 6.0677e+07 1.2135e+06
0.311 6.0307e+07 1.2061e+06
0.312 4.5335e+07 9.0669e+05
0.313 5.9668e+07 1.1934e+06
0.314 7.335e+07 1.467e+06
0.315 6.3398e+07 1.268e+06
0.316 5.7447e+07 1.1489e+06
0.317 6.3722e+07 1.2744e+06
0.318 6.7599e+07 1.352e+06
0.319 4.5308e+07 9.0616e+05
0.32 3.9371e+07 7.8741e+05
0.321 6.1742e+07 1.2348e+06
0.322 5.0203e+07 1.0041e+06
0.323 4.5646e+07 9.1292e+05
0.324 5.7903e+07 1.1581e+06
0.325 5.4256e+07 1.0851e+06
0.326 3.8541e+07 7.7083e+05
0.327 4.7978e+07 9.5956e+05
0.328 5.1983e+07 1.0397e+06
0.329 5.0218e+07 1.0044e+06
0.33 4.9709e+07 9.9419e+05
0.331 5.1444e+07 1.0289e+06
0.332 4.5106e+07 9.0212e+05
0.333 5.3495e+07 1.0699e+06
0.334 4.2815e+07 8.5631e+05
0.335 4.4371e+07 8.8742e+05
0.336 4.9884e+07 9.9767e+05
0.337 4.6761e+07 9.3522e+05
0.338 4.1924e+07 8.3849e+05
0.339 4.9597e+07 9.9193e+05
0.34 3.5278e+07 7.0555e+05
0.341 5.1302e+07 1.026e+06
0.342 4.4463e+07 8.8927e+05
0.343 3.5693e+07 7.1386e+05
0.344 4.6404e+07 9.2809e+05
0.345 4.8671e+07 9.7343e+05
0.346 4.5746e+07 9.1493e+05
0.347 4.2397e+07 8.4793e+05
0.348 4.2003e+07 8.4007e+05
0.349 3.7992e+07 7.5984e+05
0.35 4.6201e+07 9.2401e+05
0.351 5.3045e+07 1.0609e+06
0.352 4.1077e+07 8.2153e+05
0.353 5.5644e+07 1.1129e+06
0.354 3.6074e+07 7.2148e+05
0.355 4.0686e+07 8.1372e+05
0.356 3.3795e+07 6.759e+05
0.357 2.7212e+07 5.4424e+05
0.358 3.0302e+07 6.0604e+05
0.359 4.7958e+07 9.5916e+05
0.36 3.4754e+07 6.9508e+05
0.361 3.9513e+07 7.9026e+05
0.362 2.6213e+07 5.2425e+05
0.363 3.888e+07 7.776e+05
0.364 5.1425e+07 1.0285e+06
0.365 4.7755e+07 9.5511e+05
0.366 3.4336e+07 6.8672e+05
0.367 4.4461e+07 8.8922e+05
0.368 3.7795e+07 7.5589e+05
0.369 4.6346e+07 9.2693e+05
0.37 3.7965e+07 7.5929e+05
0.371 4.0249e+07 8.0498e+05
0.372 3.1313e+07 6.2626e+05
0.373 3.178e+07 6.356e+05
0.374 3.5717e+07 7.1434e+05
0.375 3.0895e+07 6.1791e+05
0.376 4.199e+07 8.398e+05
0.377 3.5826e+07 7.1652e+05
0.378 4.4947e+07 8.9893e+05
0.379 4.9525e+07 9.905e+05
0.38 2.6387e+07 5.2774e+05
0.381 4.5801e+07 9.1602e+05
0.382 3.8306e+07 7.6612e+05
0.383 2.372e+07 4.744e+05
0.384 3.3286e+07 6.6572e+05
0.385 4.2469e+07 8.4938e+05
0.386 3.746e+07 7.4921e+05
0.387 4.4351e+07 8.8703e+05
0.388 3.2461e+07 6.4922e+05
0.389 3.393e+07 6.786e+05
0.39 4.706e+07 9.412e+05
0.391 3.1031e+07 6.2062e+05
0.392 2.8062e+07 5.6124e+05
0.393 4.2367e+07 8.4733e+05
0.394 3.9353e+07 7.8707e+05
0.395 4.583e+07 9.1659e+05
0.396 1.9476e+07 3.8953e+05
0.397 3.6844e+07 7.3688e+05
0.398 3.4784e+07 6.9568e+05
0.399 3.9047e+07 7.8095e+05
0.4 2.9595e+07 5.9189e+05
0.401 2.9489e+07 5.8978e+05
0.402 3.0506e+07 6.1011e+05
0.403 2.4981e+07 4.9962e+05
0.404 2.9399e+07 5.8798e+05
0.405 3.5647e+07 7.1295e+05
0.406 3.608e+07 7.2161e+05
0.407 3.9378e+07 7.8756e+05
0.408 2.3842e+07 4.7684e+05
0.409 4.7942e+07 9.5883e+05
0.41 2.3959e+07 4.7918e+05
0.411 3.1003e+07 6.2005e+05
0.412 3.0056e+07 6.0113e+05
0.413 3.0535e+07 6.1071e+05
0.414 3.3232e+07 6.6464e+05
0.415 3.6047e+07 7.2093e+05
0.416 4.2168e+07 8.4336e+05
0.417 2.7237e+07 5.4473e+05
0.418 1.7914e+07 3.5829e+05
0.419 3.8193e+07 7.6386e+05
0.42 3.3121e+07 6.6242e+05
0.421 3.5541e+07 7.1082e+05
0.422 2.5716e+07 5.1432e+05
0.423 4.1501e+07 8.3003e+05
0.424 3.5467e+07 7.0935e+05
0.425 3.8167e+07 7.6334e+05
0.426 4.4728e+07 8.9455e+05
0.427 3.0297e+07 6.0594e+05
0.428 2.3255e+07 4.6509e+05
0.429 3.4559e+07 6.9117e+05
0.43 2.4491e+07 4.8982e+05
0.431 2.4684e+07 4.9368e+05
0.432 2.1945e+07 4.389e+05
0.433 2.729e+07 5.4579e+05
0.434 2.2862e+07 4.5724e+05
0.435 4.8869e+07 9.7738e+05
0.436 2.5821e+07 5.1642e+05
0.437 3.4897e+07 6.9794e+05
0.438 2.3329e+07 4.6658e+05
0.439 2.6327e+07 5.2653e+05
0.44 1.8007e+07 3.6014e+05
0.441 3.2954e+07 6.5908e+05
0.442 3.2326e+07 6.4651e+05
0.443 3.351e+07 6.7021e+05
0.444 2.4019e+07 4.8037e+05
0.445 2.811e+07 5.622e+05
0.446 3.2702e+07 6.5404e+05
0.447 4.1674e+07 8.3348e+05
0.448 2.8751e+07 5.7501e+05
0.449 2.5553e+07 5.1106e+05
0.45 3.3125e+07 6.6251e+05
0.451 2.5947e+07 5.1895e+05
0.452 3.6582e+07 7.3164e+05
0.453 3.3104e+07 6.6209e+05
0.454 3.4967e+07 6.9934e+05
0.455 2.1322e+07 4.2644e+05
0.456 3.3338e+07 6.6676e+05
0.457 2.9729e+07 5.9457e+05
0.458 3.4105e+07 6.821e+05
0.459 4.0794e+07 8.1587e+05
0.46 2.0809e+07 4.1617e+05
0.461 1.9104e+07 3.8209e+05
0.462 3.7745e+07 7.5489e+05
0.463 3.6021e+07 7.2042e+05
0.464 3.433e+07 6.866e+05
0.465 2.7377e+07 5.4754e+05
0.466 1.9059e+07 3.8117e+05
0.467 3.4237e+07 6.8474e+05
0.468 1.6362e+07 3.2723e+05
0.469 3.1016e+07 6.2032e+05
0.47 3.7935e+07 7.5869e+05
0.471 4.1992e+07 8.3984e+05
0.472 3.2843e+07 6.5685e+05
0.473 3.682e+07 7.364e+05
0.474 2.7585e+07 5.5169e+05
0.475 4.5228e+07 9.0456e+05
0.476 4.0712e+07 8.1423e+05
0.477 2.3579e+07 4.7159e+05
0.478 3.083e+07 6.1661e+05
0.479 3.5254e+07 7.0507e+05
0.48 2.5362e+07 5.0725e+05
0.481 3.0361e+07 6.0722e+05
0.482 3.5795e+07 7.159e+05
0.483 2.8332e+07 5.6665e+05
0.484 4.389e+07 8.7779e+05
0.485 2.5116e+07 5.0232e+05
0.486 4.8109e+07 9.6218e+05
0.487 3.9495e+07 7.8989e+05
0.488 3.4537e+07 6.9073e+05
0.489 4.115e+07 8.23e+05
0.49 4.5564e+07 9.1129e+05
0.491 3.8049e+07 7.6098e+05
0.492 4.4293e+07 8.8586e+05
0.493 1.9839e+07 3.9678e+05
0.494 3.5541e+07 7.1082e+05
0.495 2.9047e+07 5.8093e+05
0.496 3.2721e+07 6.5442e+05
0.497 2.4827e+07 4.9654e+05
0.498 3.289e+07 6.5779e+05
0.499 4.4433e+07 8.8865e+05
0.5 3.3371e+07 6.6741e+05
