0.001 1.8751e+10 3.7501e+08
0.002 1.7047e+10 3.4093e+08
0.003 1.7679e+10 3.5358e+08
0.004 1.7715e+10 3.5429e+08
0.005 1.7239e+10 3.4479e+08
0.006 1.7493e+10 3.4986e+08
0.007 1.7492e+10 3.4985e+08
0.008 1.7188e+10 3.4376e+08
0.009 1.7684e+10 3.5368e+08
0.01 1.6888e+10 3.3776e+08
0.011 1.6886e+10 3.3771e+08
0.012 1.7411e+10 3.4821e+08
0.013 1.7328e+10 3.4656e+08
0.014 1.703e+10 3.4059e+08
0.015 1.7072e+10 3.4143e+08
0.016 1.679e+10 3.358e+08
0.017 1.697e+10 3.394e+08
0.018 1.6709e+10 3.3417e+08
0.019 1.6414e+10 3.2829e+08
0.02 1.6478e+10 3.2956e+08
0.021 1.6469e+10 3.2937e+08
0.022 1.6368e+10 3.2737e+08
0.023 1.6548e+10 3.3095e+08
0.024 1.6086e+10 3.2171e+08
0.025 1.6261e+10 3.2521e+08
0.026 1.6035e+10 3.207e+08
0.027 1.5773e+10 3.1547e+08
0.028 1.5795e+10 3.1591e+08
0.029 1.5841e+10 3.1682e+08
0.03 1.5335e+10 3.0671e+08
0.031 1.533e+10 3.066e+08
0.032 1.5269e+10 3.0538e+08
0.033 1.5108e+10 3.0216e+08
0.034 1.501e+10 3.002e+08
0.035 1.4836e+10 2.9672e+08
0.036 1.4737e+10 2.9474e+08
0.037 1.4708e+10 2.9417e+08
0.038 1.4531e+10 2.9062e+08
0.039 1.4118e+10 2.8236e+08
0.04 1.4197e+10 2.8395e+08
0.041 1.4039e+10 2.8079e+08
0.042 1.4058e+10 2.8115e+08
0.043 1.3742e+10 2.7483e+08
0.044 1.3683e+10 2.7366e+08
0.045 1.3445e+10 2.689e+08
0.046 1.3306e+10 2.6611e+08
0.047 1.3116e+10 2.6233e+08
0.048 1.2885e+10 2.5769e+08
0.049 1.3017e+10 2.6033e+08
0.05 1.2796e+10 2.5591e+08
0.051 1.2321e+10 2.4642e+08
0.052 1.2357e+10 2.4714e+08
0.053 1.2205e+10 2.4409e+08
0.054 1.1933e+10 2.3867e+08
0.055 1.1939e+10 2.3877e+08
0.056 1.1752e+10 2.3505e+08
0.057 1.1518e+10 2.3035e+08
0.058 1.1197e+10 2.2395e+08
0.059 1.1354e+10 2.2708e+08
0.06 1.1033e+10 2.2065e+08
0.061 1.0968e+10 2.1935e+08
0.062 1.0906e+10 2.1812e+08
0.063 1.0605e+10 2.1211e+08
0.064 1.0452e+10 2.0905e+08
0.065 1.0249e+10 2.0498e+08
0.066 1.0188e+10 2.0376e+08
0.067 1.0112e+10 2.0224e+08
0.068 9.85e+09 1.97e+08
0.069 9.7202e+09 1.944e+08
0.07 9.4956e+09 1.8991e+08
0.071 9.4861e+09 1.8972e+08
0.072 9.2138e+09 1.8428e+08
0.073 9.0151e+09 1.803e+08
0.074 8.8489e+09 1.7698e+08
0.075 8.6898e+09 1.738e+08
0.076 8.6462e+09 1.7292e+08
0.077 8.3916e+09 1.6783e+08
0.078 8.4432e+09 1.6886e+08
0.079 8.2714e+09 1.6543e+08
0.08 8.0097e+09 1.6019e+08
0.081 7.9257e+09 1.5851e+08
0.082 7.6497e+09 1.5299e+08
0.083 7.5858e+09 1.5172e+08
0.084 7.5343e+09 1.5069e+08
0.085 7.3477e+09 1.4695e+08
0.086 7.2301e+09 1.446e+08
0.087 7.0148e+09 1.403e+08
0.088 6.9544e+09 1.3909e+08
0.089 6.9033e+09 1.3807e+08
0.09 6.6011e+09 1.3202e+08
0.091 6.4475e+09 1.2895e+08
0.092 6.457e+09 1.2914e+08
0.093 6.3217e+09 1.2643e+08
0.094 6.1782e+09 1.2356e+08
0.095 6.1555e+09 1.2311e+08
0.096 5.879e+09 1.1758e+08
0.097 5.8182e+09 1.1636e+08
0.098 5.619e+09 1.1238e+08
0.099 5.6811e+09 1.1362e+08
0.1 5.4635e+09 1.0927e+08
0.101 5.3743e+09 1.0749e+08
0.102 5.3166e+09 1.0633e+08
0.103 5.1145e+09 1.0229e+08
0.104 5.0091e+09 1.0018e+08
0.105 4.8189e+09 9.6377e+07
0.106 4.8141e+09 9.6282e+07
0.107 4.6691e+09 9.3383e+07
0.108 4.5578e+09 9.1156e+07
0.109 4.4395e+09 8.8789e+07
0.11 4.4669e+09 8.9338e+07
0.111 4.3152e+09 8.6305e+07
0.112 4.1704e+09 8.3407e+07
0.113 4.0585e+09 8.117e+07
0.114 4.0202e+09 8.0404e+07
0.115 3.8932e+09 7.7864e+07
0.116 3.8049e+09 7.6097e+07
0.117 3.6459e+09 7.2918e+07
0.118 3.6393e+09 7.2787e+07
0.119 3.6109e+09 7.2217e+07
0.12 3.44e+09 6.8799e+07
0.121 3.504e+09 7.008e+07
0.122 3.2933e+09 6.5866e+07
0.123 3.1555e+09 6.311e+07
0.124 3.2254e+09 6.4508e+07
0.125 3.0529e+09 6.1059e+07
0.126 3.0151e+09 6.0301e+07
0.127 2.8454e+09 5.6907e+07
0.128 2.884e+09 5.7679e+07
0.129 2.7203e+09 5.4406e+07
0.13 2.7437e+09 5.4874e+07
0.131 2.7084e+09 5.4168e+07
0.132 2.5572e+09 5.1144e+07
0.133 2.4592e+09 4.9185e+07
0.134 2.4407e+09 4.8813e+07
0.135 2.3441e+09 4.6882e+07
0.136 2.2778e+09 4.5556e+07
0.137 2.2626e+09 4.5251e+07
0.138 2.2039e+09 4.4078e+07
0.139 2.1611e+09 4.3222e+07
0.14 2.0382e+09 4.0763e+07
0.141 2.0257e+09 4.0513e+07
0.142 1.9514e+09 3.9028e+07
0.143 1.9557e+09 3.9114e+07
0.144 1.8239e+09 3.6478e+07
0.145 1.8624e+09 3.7248e+07
0.146 1.7563e+09 3.5127e+07
0.147 1.6475e+09 3.2949e+07
0.148 1.6511e+09 3.3022e+07
0.149 1.5999e+09 3.1998e+07
0.15 1.5228e+09 3.0456e+07
0.151 1.5822e+09 3.1644e+07
0.152 1.4525e+09 2.905e+07
0.153 1.3584e+09 2.7168e+07
0.154 1.3431e+09 2.6862e+07
0.155 1.3302e+09 2.6604e+07
0.156 1.2676e+09 2.5351e+07
0.157 1.2689e+09 2.5378e+07
0.158 1.1784e+09 2.3568e+07
0.159 1.1781e+09 2.3562e+07
0.16 1.1232e+09 2.2464e+07
0.161 1.0243e+09 2.0486e+07
0.162 1.0566e+09 2.1133e+07
0.163 9.9427e+08 1.9885e+07
0.164 9.6561e+08 1.9312e+07
0.165 1.0147e+09 2.0294e+07
0.166 9.3847e+08 1.8769e+07
0.167 9.2529e+08 1.8506e+07
0.168 8.4616e+08 1.6923e+07
0.169 8.6006e+08 1.7201e+07
0.17 8.6493e+08 1.7299e+07
0.171 7.5969e+08 1.5194e+07
0.172 7.7502e+08 1.55e+07
0.173 7.591e+08 1.5182e+07
0.174 7.0361e+08 1.4072e+07
0.175 6.6939e+08 1.3388e+07
0.176 6.9446e+08 1.3889e+07
0.177 6.6208e+08 1.3242e+07
0.178 6.5361e+08 1.3072e+07
0.179 5.8573e+08 1.1715e+07
0.18 5.516e+08 1.1032e+07
0.181 5.604e+08 1.1208e+07
0.182 5.3885e+08 1.0777e+07
0.183 5.0379e+08 1.0076e+07
0.184 4.8382e+08 9.6765e+06
0.185 4.8976e+08 9.7953e+06
0.186 5.1712e+08 1.0342e+07
0.187 4.2793e+08 8.5586e+06
0.188 4.3702e+08 8.7404e+06
0.189 4.2464e+08 8.4928e+06
0.19 3.793e+08 7.5861e+06
0.191 3.7208e+08 7.4415e+06
0.192 3.8025e+08 7.6051e+06
0.193 4.0503e+08 8.1005e+06
0.194 3.8976e+08 7.7952e+06
0.195 3.5013e+08 7.0026e+06
0.196 3.6007e+08 7.2014e+06
0.197 3.4921e+08 6.9843e+06
0.198 2.7727e+08 5.5455e+06
0.199 2.8591e+08 5.7182e+06
0.2 3.1205e+08 6.241e+06
0.201 3.2995e+08 6.599e+06
0.202 3.1024e+08 6.2047e+06
0.203 3.285e+08 6.57e+06
0.204 2.2593e+08 4.5186e+06
0.205 2.6819e+08 5.3638e+06
0.206 2.2798e+08 4.5595e+06
0.207 2.3325e+08 4.665e+06
0.208 2.9071e+08 5.8143e+06
0.209 2.3091e+08 4.6182e+06
0.21 2.0653e+08 4.1306e+06
0.211 2.2335e+08 4.4671e+06
0.212 1.9946e+08 3.9893e+06
0.213 1.9867e+08 3.9735e+06
0.214 2.1173e+08 4.2347e+06
0.215 2.0308e+08 4.0616e+06
0.216 1.6382e+08 3.2764e+06
0.217 2.4299e+08 4.8599e+06
0.218 2.3232e+08 4.6463e+06
0.219 1.839e+08 3.678e+06
0.22 1.8319e+08 3.6638e+06
0.221 1.4574e+08 2.9147e+06
0.222 1.5616e+08 3.1233e+06
0.223 1.6857e+08 3.3714e+06
0.224 1.8728e+08 3.7456e+06
0.225 1.8771e+08 3.7541e+06
0.226 1.3178e+08 2.6355e+06
0.227 1.1663e+08 2.3325e+06
0.228 1.7514e+08 3.5029e+06
0.229 1.8898e+08 3.7796e+06
0.23 1.4184e+08 2.8368e+06
0.231 1.6733e+08 3.3467e+06
0.232 1.9152e+08 3.8303e+06
0.233 1.3426e+08 2.6853e+06
0.234 1.723e+08 3.446e+06
0.235 1.583e+08 3.166e+06
0.236 1.31e+08 2.6199e+06
0.237 1.5939e+08 3.1878e+06
0.238 1.6376e+08 3.2753e+06
0.239 1.3514e+08 2.7029e+06
0.24 1.7537e+08 3.5073e+06
0.241 1.4772e+08 2.9544e+06
0.242 1.2918e+08 2.5837e+06
0.243 1.3524e+08 2.7048e+06
0.244 1.8734e+08 3.7468e+06
0.245 1.6084e+08 3.2168e+06
0.246 1.448e+08 2.896e+06
0.247 1.9015e+08 3.8029e+06
0.248 1.3206e+08 2.6411e+06
0.249 1.4436e+08 2.8872e+06
0.25 1.1691e+08 2.3382e+06
0.251 1.2889e+08 2.5778e+06
0.252 1.3201e+08 2.6401e+06
0.253 9.8119e+07 1.9624e+06
0.254 1.5945e+08 3.1889e+06
0.255 1.4547e+08 2.9095e+06
0.256 1.614e+08 3.2281e+06
0.257 1.2366e+08 2.4732e+06
0.258 1.069e+08 2.138e+06
0.259 1.3962e+08 2.7923e+06
0.26 1.7952e+08 3.5904e+06
0.261 1.4375e+08 2.875e+06
0.262 1.7987e+08 3.5975e+06
0.263 1.9581e+08 3.9161e+06
0.264 1.5905e+08 3.181e+06
0.265 1.8602e+08 3.7204e+06
0.266 1.6122e+08 3.2243e+06
0.267 1.5645e+08 3.1291e+06
0.268 1.8417e+08 3.6834e+06
0.269 1.6228e+08 3.2455e+06
0.27 1.4672e+08 2.9344e+06
0.271 1.3509e+08 2.7018e+06
0.272 1.9962e+08 3.9924e+06
0.273 1.9354e+08 3.8708e+06
0.274 1.3347e+08 2.6694e+06
0.275 1.5746e+08 3.1492e+06
0.276 1.6645e+08 3.329e+06
0.277 1.5494e+08 3.0988e+06
0.278 1.0603e+08 2.1206e+06
0.279 1.4957e+08 2.9915e+06
0.28 1.3709e+08 2.7419e+06
0.281 1.8864e+08 3.7728e+06
0.282 1.7694e+08 3.5387e+06
0.283 1.2421e+08 2.4841e+06
0.284 1.8358e+08 3.6716e+06
0.285 1.5472e+08 3.0943e+06
0.286 1.9929e+08 3.9857e+06
0.287 1.1983e+08 2.3965e+06
0.288 1.8298e+08 3.6596e+06
0.289 1.7047e+08 3.4093e+06
0.29 1.3401e+08 2.6803e+06
0.291 1.9298e+08 3.8596e+06
0.292 1.5966e+08 3.1931e+06
0.293 1.557e+08 3.114e+06
0.294 1.7744e+08 3.5488e+06
0.295 1.5813e+08 3.1625e+06
0.296 1.7669e+08 3.5337e+06
0.297 1.3442e+08 2.6884e+06
0.298 1.4737e+08 2.9474e+06
0.299 1.9569e+08 3.9138e+06
0.3 1.3665e+08 2.733e+06
0.301 1.5083e+08 3.0166e+06
0.302 1.3816e+08 2.7631e+06
0.303 1.4405e+08 2.8811e+06
0.304 1.4434e+08 2.8868e+06
0.305 1.3265e+08 2.653e+06
0.306 1.1569e+08 2.3139e+06
0.307 1.353e+08 2.706e+06
0.308 1.8151e+08 3.6302e+06
0.309 1.7353e+08 3.4706e+06
0.31 1.6023e+08 3.2045e+06
0.311 1.9481e+08 3.8963e+06
0.312 1.5447e+08 3.0895e+06
0.313 1.4895e+08 2.979e+06
0.314 1.6647e+08 3.3293e+06
0.315 1.5225e+08 3.0449e+06
0.316 1.8266e+08 3.6532e+06
0.317 1.5939e+08 3.1877e+06
0.318 1.4438e+08 2.8875e+06
0.319 1.2636e+08 2.5271e+06
0.32 1.5703e+08 3.1406e+06
0.321 1.633e+08 3.2661e+06
0.322 1.4098e+08 2.8195e+06
0.323 1.3074e+08 2.6149e+06
0.324 1.6167e+08 3.2333e+06
0.325 1.3523e+08 2.7046e+06
0.326 1.3453e+08 2.6905e+06
0.327 1.5708e+08 3.1417e+06
0.328 1.4285e+08 2.8571e+06
0.329 1.491e+08 2.9821e+06
0.33 1.3604e+08 2.7207e+06
0.331 1.356e+08 2.7121e+06
0.332 9.5026e+07 1.9005e+06
0.333 1.0754e+08 2.1509e+06
0.334 1.6027e+08 3.2053e+06
0.335 1.4455e+08 2.8909e+06
0.336 1.4063e+08 2.8126e+06
0.337 1.5533e+08 3.1067e+06
0.338 1.2364e+08 2.4729e+06
0.339 1.3651e+08 2.7303e+06
0.34 1.2418e+08 2.4837e+06
0.341 1.0331e+08 2.0663e+06
0.342 7.0483e+07 1.4097e+06
0.343 1.279e+08 2.558e+06
0.344 1.2172e+08 2.4344e+06
0.345 1.3076e+08 2.6152e+06
0.346 8.0898e+07 1.618e+06
0.347 8.1388e+07 1.6278e+06
0.348 1.0816e+08 2.1632e+06
0.349 1.129e+08 2.258e+06
0.35 1.0191e+08 2.0381e+06
0.351 9.8118e+07 1.9624e+06
0.352 1.1045e+08 2.2091e+06
0.353 1.1927e+08 2.3854e+06
0.354 1.0933e+08 2.1865e+06
0.355 1.0538e+08 2.1076e+06
0.356 1.1395e+08 2.279e+06
0.357 1.3613e+08 2.7225e+06
0.358 1.0247e+08 2.0494e+06
0.359 1.1149e+08 2.2299e+06
0.36 1.3238e+08 2.6475e+06
0.361 9.497e+07 1.8994e+06
0.362 1.3297e+08 2.6594e+06
0.363 9.5617e+07 1.9123e+06
0.364 9.4218e+07 1.8844e+06
0.365 8.6691e+07 1.7338e+06
0.366 1.092e+08 2.1839e+06
0.367 1.1035e+08 2.2069e+06
0.368 1.1612e+08 2.3225e+06
0.369 7.6396e+07 1.5279e+06
0.37 9.0164e+07 1.8033e+06
0.371 1.2535e+08 2.5071e+06
0.372 7.5949e+07 1.519e+06
0.373 7.788e+07 1.5576e+06
0.374 1.0471e+08 2.0942e+06
0.375 7.0344e+07 1.4069e+06
0.376 1.0443e+08 2.0886e+06
0.377 1.2935e+08 2.5869e+06
0.378 1.0436e+08 2.0871e+06
0.379 7.4954e+07 1.4991e+06
0.38 7.4505e+07 1.4901e+06
0.381 1.3091e+08 2.6182e+06
0.382 1.002e+08 2.0039e+06
0.383 9.014e+07 1.8028e+06
0.384 7.6074e+07 1.5215e+06
0.385 9.424e+07 1.8848e+06
0.386 9.6551e+07 1.931e+06
0.387 1.02e+08 2.04e+06
0.388 8.7528e+07 1.7506e+06
0.389 8.4756e+07 1.6951e+06
0.39 1.186e+08 2.3719e+06
0.391 6.7175e+07 1.3435e+06
0.392 1.1043e+08 2.2086e+06
0.393 6.3384e+07 1.2677e+06
0.394 1.2602e+08 2.5205e+06
0.395 1.1003e+08 2.2007e+06
0.396 8.0224e+07 1.6045e+06
0.397 1.0288e+08 2.0576e+06
0.398 9.2473e+07 1.8495e+06
0.399 1.1236e+08 2.2472e+06
0.4 8.8909e+07 1.7782e+06
0.401 9.8241e+07 1.9648e+06
0.402 6.9662e+07 1.3932e+06
0.403 1.1087e+08 2.2174e+06
0.404 9.5166e+07 1.9033e+06
0.405 9.3856e+07 1.8771e+06
0.406 7.933e+07 1.5866e+06
0.407 7.9848e+07 1.597e+06
0.408 8.9826e+07 1.7965e+06
0.409 1.1191e+08 2.2383e+06
0.41 5.0871e+07 1.0174e+06
0.411 1.1864e+08 2.3727e+06
0.412 1.2623e+08 2.5246e+06
0.413 7.9699e+07 1.594e+06
0.414 7.7974e+07 1.5595e+06
0.415 9.429e+07 1.8858e+06
0.416 6.7458e+07 1.3492e+06
0.417 1.1108e+08 2.2217e+06
0.418 8.0048e+07 1.601e+06
0.419 7.6148e+07 1.523e+06
0.42 1.0683e+08 2.1366e+06
0.421 8.1637e+07 1.6327e+06
0.422 7.3094e+07 1.4619e+06
0.423 9.655e+07 1.931e+06
0.424 7.7917e+07 1.5583e+06
0.425 1.0399e+08 2.0799e+06
0.426 1.0293e+08 2.0585e+06
0.427 5.3597e+07 1.0719e+06
0.428 8.9803e+07 1.7961e+06
0.429 7.9181e+07 1.5836e+06
0.43 1.0541e+08 2.1082e+06
0.431 7.7074e+07 1.5415e+06
0.432 9.7325e+07 1.9465e+06
0.433 9.5557e+07 1.9111e+06
0.434 9.8703e+07 1.9741e+06
0.435 8.5326e+07 1.7065e+06
0.436 9.1564e+07 1.8313e+06
0.437 9.5224e+07 1.9045e+06
0.438 9.3433e+07 1.8687e+06
0.439 7.6931e+07 1.5386e+06
0.44 7.4507e+07 1.4901e+06
0.441 4.8819e+07 9.7639e+05
0.442 8.0632e+07 1.6126e+06
0.443 1.1121e+08 2.2243e+06
0.444 8.4685e+07 1.6937e+06
0.445 1.0135e+08 2.027e+06
0.446 1.0712e+08 2.1425e+06
0.447 1.1164e+08 2.2328e+06
0.448 8.6317e+07 1.7263e+06
0.449 9.1223e+07 1.8245e+06
0.45 7.7602e+07 1.552e+06
0.451 1.0289e+08 2.0578e+06
0.452 9.2172e+07 1.8434e+06
0.453 1.0176e+08 2.0352e+06
0.454 7.7906e+07 1.5581e+06
0.455 1.3607e+08 2.7214e+06
0.456 8.9555e+07 1.7911e+06
0.457 8.0652e+07 1.613e+06
0.458 8.74e+07 1.748e+06
0.459 1.1075e+08 2.215e+06
0.46 7.8135e+07 1.5627e+06
0.461 1.0126e+08 2.0252e+06
0.462 7.2191e+07 1.4438e+06
0.463 8.8601e+07 1.772e+06
0.464 4.6014e+07 9.2029e+05
0.465 5.9741e+07 1.1948e+06
0.466 7.8391e+07 1.5678e+06
0.467 6.9239e+07 1.3848e+06
0.468 1.1598e+08 2.3196e+06
0.469 7.6279e+07 1.5256e+06
0.47 8.4876e+07 1.6975e+06
0.471 7.6548e+07 1.531e+06
0.472 7.6771e+07 1.5354e+06
0.473 9.0351e+07 1.807e+06
0.474 9.3749e+07 1.875e+06
0.475 9.0571e+07 1.8114e+06
0.476 9.0748e+07 1.815e+06
0.477 9.2961e+07 1.8592e+06
0.478 7.386e+07 1.4772e+06
0.479 6.6008e+07 1.3202e+06
0.48 1.1469e+08 2.2939e+06
0.481 7.9338e+07 1.5868e+06
0.482 1.0258e+08 2.0515e+06
0.483 7.6505e+07 1.5301e+06
0.484 8.5551e+07 1.711e+06
0.485 6.3207e+07 1.2641e+06
0.486 1.1749e+08 2.3497e+06
0.487 7.9254e+07 1.5851e+06
0.488 7.9122e+07 1.5824e+06
0.489 9.382e+07 1.8764e+06
0.49 8.9132e+07 1.7826e+06
0.491 9.7339e+07 1.9468e+06
0.492 8.9416e+07 1.7883e+06
0.493 1.1705e+08 2.3409e+06
0.494 1.0191e+08 2.0381e+06
0.495 6.1757e+07 1.2351e+06
0.496 9.9271e+07 1.9854e+06
0.497 8.4728e+07 1.6946e+06
0.498 8.079e+07 1.6158e+06
0.499 6.8922e+07 1.3784e+06
0.5 9.9575e+07 1.9915e+06
