0.001 2.2866e+09 4.5732e+07
0.002 2.3306e+09 4.6611e+07
0.003 2.3655e+09 4.731e+07
0.004 2.3232e+09 4.6463e+07
0.005 2.3347e+09 4.6695e+07
0.006 2.3463e+09 4.6926e+07
0.007 2.3461e+09 4.6921e+07
0.008 2.3147e+09 4.6293e+07
0.009 2.3321e+09 4.6643e+07
0.01 2.3394e+09 4.6789e+07
0.011 2.3201e+09 4.6402e+07
0.012 2.3105e+09 4.621e+07
0.013 2.3088e+09 4.6176e+07
0.014 2.2968e+09 4.5937e+07
0.015 2.2892e+09 4.5784e+07
0.016 2.281e+09 4.562e+07
0.017 2.2641e+09 4.5282e+07
0.018 2.2485e+09 4.497e+07
0.019 2.2583e+09 4.5165e+07
0.02 2.2608e+09 4.5216e+07
0.021 2.2439e+09 4.4879e+07
0.022 2.228e+09 4.456e+07
0.023 2.2162e+09 4.4325e+07
0.024 2.2162e+09 4.4323e+07
0.025 2.2108e+09 4.4215e+07
0.026 2.1937e+09 4.3875e+07
0.027 2.1873e+09 4.3745e+07
0.028 2.1728e+09 4.3457e+07
0.029 2.1735e+09 4.3469e+07
0.03 2.1369e+09 4.2739e+07
0.031 2.1416e+09 4.2832e+07
0.032 2.1175e+09 4.235e+07
0.033 2.1165e+09 4.233e+07
0.034 2.0962e+09 4.1924e+07
0.035 2.0785e+09 4.157e+07
0.036 2.0717e+09 4.1434e+07
0.037 2.0589e+09 4.1177e+07
0.038 2.0335e+09 4.067e+07
0.039 2.0227e+09 4.0454e+07
0.04 2.0102e+09 4.0203e+07
0.041 1.9865e+09 3.973e+07
0.042 1.9644e+09 3.9288e+07
0.043 1.9639e+09 3.9277e+07
0.044 1.9563e+09 3.9126e+07
0.045 1.9296e+09 3.8593e+07
0.046 1.8999e+09 3.7998e+07
0.047 1.9007e+09 3.8015e+07
0.048 1.8807e+09 3.7613e+07
0.049 1.8636e+09 3.7273e+07
0.05 1.8429e+09 3.6859e+07
0.051 1.8219e+09 3.6438e+07
0.052 1.81e+09 3.6199e+07
0.053 1.8015e+09 3.6029e+07
0.054 1.7629e+09 3.5258e+07
0.055 1.7479e+09 3.4958e+07
0.056 1.7444e+09 3.4889e+07
0.057 1.7232e+09 3.4464e+07
0.058 1.6969e+09 3.3937e+07
0.059 1.6762e+09 3.3523e+07
0.06 1.662e+09 3.324e+07
0.061 1.6419e+09 3.2838e+07
0.062 1.6198e+09 3.2397e+07
0.063 1.5972e+09 3.1944e+07
0.064 1.5832e+09 3.1665e+07
0.065 1.5663e+09 3.1326e+07
0.066 1.5512e+09 3.1023e+07
0.067 1.5276e+09 3.0552e+07
0.068 1.5028e+09 3.0055e+07
0.069 1.4938e+09 2.9876e+07
0.07 1.4723e+09 2.9446e+07
0.071 1.4411e+09 2.8821e+07
0.072 1.4307e+09 2.8613e+07
0.073 1.412e+09 2.824e+07
0.074 1.398e+09 2.796e+07
0.075 1.3726e+09 2.7453e+07
0.076 1.3477e+09 2.6955e+07
0.077 1.3374e+09 2.6748e+07
0.078 1.3128e+09 2.6256e+07
0.079 1.2944e+09 2.5887e+07
0.08 1.2773e+09 2.5546e+07
0.081 1.2554e+09 2.5109e+07
0.082 1.2437e+09 2.4873e+07
0.083 1.2257e+09 2.4514e+07
0.084 1.2027e+09 2.4054e+07
0.085 1.1819e+09 2.3639e+07
0.086 1.1636e+09 2.3272e+07
0.087 1.1428e+09 2.2856e+07
0.088 1.1373e+09 2.2746e+07
0.089 1.1109e+09 2.2217e+07
0.09 1.0956e+09 2.1913e+07
0.091 1.0805e+09 2.1611e+07
0.092 1.0561e+09 2.1122e+07
0.093 1.0339e+09 2.0678e+07
0.094 1.0194e+09 2.0388e+07
0.095 9.9935e+08 1.9987e+07
0.096 9.8909e+08 1.9782e+07
0.097 9.7083e+08 1.9417e+07
0.098 9.5108e+08 1.9022e+07
0.099 9.3519e+08 1.8704e+07
0.1 9.19e+08 1.838e+07
0.101 9.0199e+08 1.804e+07
0.102 8.9232e+08 1.7846e+07
0.103 8.7327e+08 1.7465e+07
0.104 8.4583e+08 1.6917e+07
0.105 8.3845e+08 1.6769e+07
0.106 8.2247e+08 1.6449e+07
0.107 8.0335e+08 1.6067e+07
0.108 7.9331e+08 1.5866e+07
0.109 7.7448e+08 1.549e+07
0.11 7.6602e+08 1.532e+07
0.111 7.4796e+08 1.4959e+07
0.112 7.3691e+08 1.4738e+07
0.113 7.1395e+08 1.4279e+07
0.114 6.9802e+08 1.396e+07
0.115 6.8492e+08 1.3698e+07
0.116 6.7321e+08 1.3464e+07
0.117 6.6204e+08 1.3241e+07
0.118 6.4938e+08 1.2988e+07
0.119 6.3098e+08 1.262e+07
0.12 6.1813e+08 1.2363e+07
0.121 6.0746e+08 1.2149e+07
0.122 5.9502e+08 1.19e+07
0.123 5.8446e+08 1.1689e+07
0.124 5.6703e+08 1.1341e+07
0.125 5.6072e+08 1.1214e+07
0.126 5.4834e+08 1.0967e+07
0.127 5.3494e+08 1.0699e+07
0.128 5.2436e+08 1.0487e+07
0.129 5.1185e+08 1.0237e+07
0.13 5.035e+08 1.007e+07
0.131 4.9727e+08 9.9454e+06
0.132 4.8077e+08 9.6154e+06
0.133 4.6773e+08 9.3545e+06
0.134 4.567e+08 9.134e+06
0.135 4.5335e+08 9.0669e+06
0.136 4.4341e+08 8.8683e+06
0.137 4.2847e+08 8.5694e+06
0.138 4.2054e+08 8.4107e+06
0.139 4.1086e+08 8.2172e+06
0.14 4.0075e+08 8.015e+06
0.141 3.973e+08 7.9459e+06
0.142 3.8289e+08 7.6578e+06
0.143 3.7624e+08 7.5248e+06
0.144 3.6843e+08 7.3687e+06
0.145 3.5812e+08 7.1624e+06
0.146 3.5353e+08 7.0707e+06
0.147 3.4371e+08 6.8741e+06
0.148 3.3648e+08 6.7295e+06
0.149 3.2694e+08 6.5388e+06
0.15 3.2094e+08 6.4188e+06
0.151 3.1171e+08 6.2343e+06
0.152 3.079e+08 6.158e+06
0.153 2.9569e+08 5.9138e+06
0.154 2.8968e+08 5.7936e+06
0.155 2.8732e+08 5.7465e+06
0.156 2.7697e+08 5.5394e+06
0.157 2.7549e+08 5.5097e+06
0.158 2.6874e+08 5.3748e+06
0.159 2.6622e+08 5.3244e+06
0.16 2.526e+08 5.0521e+06
0.161 2.4913e+08 4.9825e+06
0.162 2.4548e+08 4.9096e+06
0.163 2.3457e+08 4.6914e+06
0.164 2.3003e+08 4.6006e+06
0.165 2.2947e+08 4.5894e+06
0.166 2.2301e+08 4.4603e+06
0.167 2.1555e+08 4.3111e+06
0.168 2.0966e+08 4.1933e+06
0.169 2.0554e+08 4.1108e+06
0.17 1.989e+08 3.9779e+06
0.171 1.9593e+08 3.9187e+06
0.172 1.9309e+08 3.8618e+06
0.173 1.874e+08 3.7479e+06
0.174 1.848e+08 3.6959e+06
0.175 1.7991e+08 3.5981e+06
0.176 1.7817e+08 3.5634e+06
0.177 1.7162e+08 3.4324e+06
0.178 1.6726e+08 3.3452e+06
0.179 1.6167e+08 3.2334e+06
0.18 1.5685e+08 3.137e+06
0.181 1.5978e+08 3.1956e+06
0.182 1.5281e+08 3.0562e+06
0.183 1.5291e+08 3.0582e+06
0.184 1.4599e+08 2.9198e+06
0.185 1.4552e+08 2.9104e+06
0.186 1.397e+08 2.794e+06
0.187 1.3751e+08 2.7501e+06
0.188 1.3258e+08 2.6515e+06
0.189 1.3178e+08 2.6356e+06
0.19 1.2469e+08 2.4939e+06
0.191 1.2256e+08 2.4511e+06
0.192 1.2231e+08 2.4462e+06
0.193 1.1787e+08 2.3574e+06
0.194 1.1434e+08 2.2867e+06
0.195 1.1467e+08 2.2935e+06
0.196 1.1143e+08 2.2286e+06
0.197 1.0702e+08 2.1403e+06
0.198 1.0759e+08 2.1518e+06
0.199 1.0416e+08 2.0831e+06
0.2 1.0145e+08 2.0289e+06
0.201 9.9897e+07 1.9979e+06
0.202 9.7835e+07 1.9567e+06
0.203 9.5649e+07 1.913e+06
0.204 9.3078e+07 1.8616e+06
0.205 8.8403e+07 1.7681e+06
0.206 9.0224e+07 1.8045e+06
0.207 8.4082e+07 1.6816e+06
0.208 8.6011e+07 1.7202e+06
0.209 8.1167e+07 1.6233e+06
0.21 7.9273e+07 1.5855e+06
0.211 7.8548e+07 1.571e+06
0.212 7.7399e+07 1.548e+06
0.213 7.4963e+07 1.4993e+06
0.214 7.2904e+07 1.4581e+06
0.215 6.9603e+07 1.3921e+06
0.216 7.045e+07 1.409e+06
0.217 6.8961e+07 1.3792e+06
0.218 6.8073e+07 1.3615e+06
0.219 6.5707e+07 1.3141e+06
0.22 6.3902e+07 1.278e+06
0.221 6.2406e+07 1.2481e+06
0.222 6.1087e+07 1.2217e+06
0.223 6.0329e+07 1.2066e+06
0.224 5.6981e+07 1.1396e+06
0.225 5.9355e+07 1.1871e+06
0.226 5.5879e+07 1.1176e+06
0.227 5.4208e+07 1.0842e+06
0.228 5.3097e+07 1.0619e+06
0.229 5.2633e+07 1.0527e+06
0.23 5.0819e+07 1.0164e+06
0.231 4.8285e+07 9.657e+05
0.232 4.9098e+07 9.8195e+05
0.233 4.4297e+07 8.8594e+05
0.234 4.6654e+07 9.3307e+05
0.235 4.6168e+07 9.2336e+05
0.236 4.4388e+07 8.8776e+05
0.237 4.2752e+07 8.5505e+05
0.238 4.2402e+07 8.4804e+05
0.239 4.2001e+07 8.4002e+05
0.24 4.1155e+07 8.231e+05
0.241 3.9277e+07 7.8554e+05
0.242 3.6559e+07 7.3118e+05
0.243 3.7494e+07 7.4989e+05
0.244 3.6061e+07 7.2123e+05
0.245 3.8344e+07 7.6688e+05
0.246 3.5232e+07 7.0463e+05
0.247 3.3907e+07 6.7813e+05
0.248 3.4444e+07 6.8888e+05
0.249 3.7972e+07 7.5943e+05
0.25 3.1283e+07 6.2566e+05
0.251 2.9921e+07 5.9841e+05
0.252 2.919e+07 5.8381e+05
0.253 3.4068e+07 6.8137e+05
0.254 2.8335e+07 5.6669e+05
0.255 2.978e+07 5.956e+05
0.256 2.6648e+07 5.3297e+05
0.257 2.8818e+07 5.7637e+05
0.258 2.6905e+07 5.381e+05
0.259 2.8491e+07 5.6982e+05
0.26 2.6852e+07 5.3703e+05
0.261 2.5639e+07 5.1278e+05
0.262 2.6185e+07 5.2369e+05
0.263 2.5999e+07 5.1997e+05
0.264 2.515e+07 5.0301e+05
0.265 2.4697e+07 4.9394e+05
0.266 2.4491e+07 4.8981e+05
0.267 2.3715e+07 4.7431e+05
0.268 2.2494e+07 4.4988e+05
0.269 2.2753e+07 4.5506e+05
0.27 2.1325e+07 4.265e+05
0.271 2.2067e+07 4.4134e+05
0.272 1.9117e+07 3.8234e+05
0.273 2.1327e+07 4.2655e+05
0.274 2.2632e+07 4.5263e+05
0.275 2.114e+07 4.228e+05
0.276 2.2796e+07 4.5592e+05
0.277 2.151e+07 4.3019e+05
0.278 1.9087e+07 3.8174e+05
0.279 2.03e+07 4.0599e+05
0.28 1.9946e+07 3.9892e+05
0.281 2.0321e+07 4.0643e+05
0.282 1.9001e+07 3.8003e+05
0.283 1.7623e+07 3.5247e+05
0.284 1.8179e+07 3.6359e+05
0.285 2.0255e+07 4.051e+05
0.286 1.9481e+07 3.8963e+05
0.287 2.0231e+07 4.0463e+05
0.288 1.8277e+07 3.6553e+05
0.289 1.8843e+07 3.7687e+05
0.29 1.538e+07 3.076e+05
0.291 2.0887e+07 4.1774e+05
0.292 1.8869e+07 3.7739e+05
0.293 1.8444e+07 3.6887e+05
0.294 1.8787e+07 3.7574e+05
0.295 1.8527e+07 3.7055e+05
0.296 1.6898e+07 3.3796e+05
0.297 1.5174e+07 3.0349e+05
0.298 1.8339e+07 3.6677e+05
0.299 1.8284e+07 3.6568e+05
0.3 1.8674e+07 3.7347e+05
0.301 1.4797e+07 2.9594e+05
0.302 1.5783e+07 3.1567e+05
0.303 1.9673e+07 3.9345e+05
0.304 1.9153e+07 3.8305e+05
0.305 1.4749e+07 2.9498e+05
0.306 1.8485e+07 3.6969e+05
0.307 1.8252e+07 3.6503e+05
0.308 1.8676e+07 3.7351e+05
0.309 1.591e+07 3.182e+05
0.31 1.8168e+07 3.6335e+05
0.311 1.4788e+07 2.9576e+05
0.312 2.0257e+07 4.0515e+05
0.313 1.7704e+07 3.5409e+05
0.314 1.4564e+07 2.9127e+05
0.315 1.8014e+07 3.6027e+05
0.316 1.5769e+07 3.1537e+05
0.317 1.9446e+07 3.8892e+05
0.318 1.8622e+07 3.7245e+05
0.319 1.9973e+07 3.9946e+05
0.32 2.0045e+07 4.009e+05
0.321 1.6562e+07 3.3124e+05
0.322 1.5316e+07 3.0633e+05
0.323 1.5719e+07 3.1439e+05
0.324 1.8632e+07 3.7263e+05
0.325 1.8875e+07 3.775e+05
0.326 1.8197e+07 3.6395e+05
0.327 1.7039e+07 3.4078e+05
0.328 1.7831e+07 3.5661e+05
0.329 1.9553e+07 3.9105e+05
0.33 1.8628e+07 3.7256e+05
0.331 1.8516e+07 3.7033e+05
0.332 1.8599e+07 3.7198e+05
0.333 1.7537e+07 3.5073e+05
0.334 1.9244e+07 3.8487e+05
0.335 1.7499e+07 3.4999e+05
0.336 1.834e+07 3.668e+05
0.337 1.7953e+07 3.5906e+05
0.338 2.0067e+07 4.0135e+05
0.339 1.594e+07 3.1881e+05
0.34 2.0454e+07 4.0908e+05
0.341 2.179e+07 4.358e+05
0.342 1.9433e+07 3.8865e+05
0.343 2.0786e+07 4.1571e+05
0.344 1.8727e+07 3.7454e+05
0.345 2.0872e+07 4.1744e+05
0.346 2.3655e+07 4.731e+05
0.347 2.0732e+07 4.1465e+05
0.348 2.0189e+07 4.0377e+05
0.349 2.2828e+07 4.5655e+05
0.35 2.0054e+07 4.0109e+05
0.351 2.085e+07 4.1701e+05
0.352 2.2874e+07 4.5749e+05
0.353 2.1868e+07 4.3736e+05
0.354 2.0079e+07 4.0157e+05
0.355 1.8653e+07 3.7307e+05
0.356 2.0431e+07 4.0863e+05
0.357 2.2123e+07 4.4246e+05
0.358 2.2203e+07 4.4406e+05
0.359 2.1815e+07 4.3631e+05
0.36 2.0479e+07 4.0958e+05
0.361 2.0851e+07 4.1701e+05
0.362 2.2616e+07 4.5232e+05
0.363 2.0792e+07 4.1584e+05
0.364 2.2584e+07 4.5168e+05
0.365 2.2805e+07 4.5611e+05
0.366 2.3051e+07 4.6102e+05
0.367 2.5623e+07 5.1245e+05
0.368 2.1956e+07 4.3912e+05
0.369 2.3308e+07 4.6616e+05
0.37 2.36e+07 4.72e+05
0.371 2.4274e+07 4.8548e+05
0.372 2.2751e+07 4.5502e+05
0.373 2.2962e+07 4.5924e+05
0.374 2.3526e+07 4.7052e+05
0.375 2.2952e+07 4.5905e+05
0.376 2.3262e+07 4.6524e+05
0.377 2.3337e+07 4.6674e+05
0.378 2.3116e+07 4.6231e+05
0.379 2.4589e+07 4.9178e+05
0.38 2.3467e+07 4.6935e+05
0.381 2.3549e+07 4.7097e+05
0.382 2.4072e+07 4.8144e+05
0.383 2.4246e+07 4.8493e+05
0.384 2.2128e+07 4.4257e+05
0.385 2.3423e+07 4.6847e+05
0.386 2.4611e+07 4.9221e+05
0.387 2.5309e+07 5.0618e+05
0.388 2.4662e+07 4.9324e+05
0.389 2.4061e+07 4.8121e+05
0.39 2.4871e+07 4.9743e+05
0.391 2.5425e+07 5.0849e+05
0.392 2.5115e+07 5.0229e+05
0.393 2.5003e+07 5.0007e+05
0.394 2.5408e+07 5.0816e+05
0.395 2.3644e+07 4.7287e+05
0.396 2.1808e+07 4.3616e+05
0.397 2.6063e+07 5.2127e+05
0.398 2.4632e+07 4.9264e+05
0.399 2.5008e+07 5.0016e+05
0.4 2.3968e+07 4.7936e+05
0.401 2.4525e+07 4.905e+05
0.402 2.4657e+07 4.9315e+05
0.403 2.5391e+07 5.0782e+05
0.404 2.5048e+07 5.0096e+05
0.405 2.6119e+07 5.2238e+05
0.406 2.3095e+07 4.619e+05
0.407 2.4245e+07 4.8491e+05
0.408 2.4424e+07 4.8847e+05
0.409 2.5783e+07 5.1567e+05
0.41 2.574e+07 5.1481e+05
0.411 2.5373e+07 5.0746e+05
0.412 2.5473e+07 5.0946e+05
0.413 2.2864e+07 4.5728e+05
0.414 2.6152e+07 5.2305e+05
0.415 2.4754e+07 4.9508e+05
0.416 2.4652e+07 4.9304e+05
0.417 2.7776e+07 5.5551e+05
0.418 2.3031e+07 4.6063e+05
0.419 2.5716e+07 5.1431e+05
0.42 2.609e+07 5.218e+05
0.421 2.3614e+07 4.7228e+05
0.422 2.4326e+07 4.8652e+05
0.423 2.5869e+07 5.1738e+05
0.424 2.7813e+07 5.5626e+05
0.425 2.668e+07 5.3359e+05
0.426 2.4883e+07 4.9766e+05
0.427 2.4653e+07 4.9305e+05
0.428 2.5516e+07 5.1031e+05
0.429 2.601e+07 5.202e+05
0.43 2.4997e+07 4.9993e+05
0.431 2.4422e+07 4.8844e+05
0.432 2.687e+07 5.3741e+05
0.433 2.5958e+07 5.1916e+05
0.434 2.6779e+07 5.3558e+05
0.435 2.4671e+07 4.9342e+05
0.436 2.5107e+07 5.0214e+05
0.437 2.4388e+07 4.8777e+05
0.438 2.6681e+07 5.3362e+05
0.439 2.3786e+07 4.7572e+05
0.44 2.476e+07 4.952e+05
0.441 2.529e+07 5.058e+05
0.442 2.3144e+07 4.6288e+05
0.443 2.499e+07 4.998e+05
0.444 2.4662e+07 4.9323e+05
0.445 2.6324e+07 5.2649e+05
0.446 2.5524e+07 5.1047e+05
0.447 2.6046e+07 5.2093e+05
0.448 2.4295e+07 4.8589e+05
0.449 2.5407e+07 5.0814e+05
0.45 2.3966e+07 4.7932e+05
0.451 2.4956e+07 4.9911e+05
0.452 2.6503e+07 5.3006e+05
0.453 2.6487e+07 5.2974e+05
0.454 2.6581e+07 5.3161e+05
0.455 2.5196e+07 5.0391e+05
0.456 2.5164e+07 5.0328e+05
0.457 2.5106e+07 5.0211e+05
0.458 2.3441e+07 4.6883e+05
0.459 2.148e+07 4.2961e+05
0.46 2.5286e+07 5.0573e+05
0.461 2.3002e+07 4.6004e+05
0.462 2.4244e+07 4.8487e+05
0.463 2.3825e+07 4.765e+05
0.464 2.5953e+07 5.1906e+05
0.465 2.4502e+07 4.9004e+05
0.466 2.4514e+07 4.9027e+05
0.467 2.5348e+07 5.0697e+05
0.468 2.5394e+07 5.0788e+05
0.469 2.25e+07 4.5e+05
0.47 2.2475e+07 4.495e+05
0.471 2.5618e+07 5.1237e+05
0.472 2.4569e+07 4.9138e+05
0.473 2.3358e+07 4.6716e+05
0.474 2.3363e+07 4.6726e+05
0.475 2.3714e+07 4.7428e+05
0.476 2.3645e+07 4.7289e+05
0.477 2.3616e+07 4.7233e+05
0.478 2.5117e+07 5.0234e+05
0.479 2.1644e+07 4.3288e+05
0.48 2.3654e+07 4.7308e+05
0.481 2.4446e+07 4.8893e+05
0.482 2.3272e+07 4.6543e+05
0.483 2.341e+07 4.6821e+05
0.484 2.324e+07 4.648e+05
0.485 2.2759e+07 4.5518e+05
0.486 2.2297e+07 4.4593e+05
0.487 2.3618e+07 4.7236e+05
0.488 2.3953e+07 4.7906e+05
0.489 2.3185e+07 4.6369e+05
0.49 2.0999e+07 4.1998e+05
0.491 2.371e+07 4.742e+05
0.492 2.4488e+07 4.8976e+05
0.493 2.5219e+07 5.0438e+05
0.494 2.2593e+07 4.5187e+05
0.495 2.1411e+07 4.2822e+05
0.496 2.111e+07 4.222e+05
0.497 2.2953e+07 4.5906e+05
0.498 2.4099e+07 4.8199e+05
0.499 2.1395e+07 4.279e+05
0.5 2.1858e+07 4.3715e+05
