0.001 2.9272e+10 1.3785e+09
0.002 2.5779e+10 9.746e+08
0.003 2.6968e+10 7.9553e+08
0.004 2.7406e+10 6.8868e+08
0.005 2.5685e+10 6.1567e+08
0.006 2.7399e+10 5.6168e+08
0.007 2.709e+10 5.1964e+08
0.008 2.6431e+10 4.8568e+08
0.009 2.6465e+10 4.5747e+08
0.01 2.708e+10 4.3354e+08
0.011 2.6518e+10 4.1288e+08
0.012 2.7363e+10 3.948e+08
0.013 2.5729e+10 3.7879e+08
0.014 2.6848e+10 3.6446e+08
0.015 2.6405e+10 3.5154e+08
0.016 2.6645e+10 3.3979e+08
0.017 2.5949e+10 3.2905e+08
0.018 2.6324e+10 3.1916e+08
0.019 2.6011e+10 3.1001e+08
0.02 2.58e+10 3.0151e+08
0.021 2.5627e+10 2.9358e+08
0.022 2.4674e+10 2.8615e+08
0.023 2.5443e+10 2.7917e+08
0.024 2.4774e+10 2.7259e+08
0.025 2.5012e+10 2.6636e+08
0.026 2.4837e+10 2.6046e+08
0.027 2.5213e+10 2.5485e+08
0.028 2.4832e+10 2.495e+08
0.029 2.4257e+10 2.444e+08
0.03 2.4102e+10 2.3952e+08
0.031 2.4403e+10 2.3484e+08
0.032 2.3686e+10 2.3035e+08
0.033 2.3717e+10 2.2603e+08
0.034 2.3894e+10 2.2187e+08
0.035 2.332e+10 2.1786e+08
0.036 2.2971e+10 2.1398e+08
0.037 2.2483e+10 2.1024e+08
0.038 2.2258e+10 2.0661e+08
0.039 2.2359e+10 2.031e+08
0.04 2.2165e+10 1.9969e+08
0.041 2.1803e+10 1.9638e+08
0.042 2.1366e+10 1.9316e+08
0.043 2.1287e+10 1.9003e+08
0.044 2.114e+10 1.8699e+08
0.045 2.0841e+10 1.8402e+08
0.046 2.0703e+10 1.8113e+08
0.047 2.0288e+10 1.783e+08
0.048 2.0216e+10 1.7555e+08
0.049 1.9837e+10 1.7285e+08
0.05 1.9528e+10 1.7022e+08
0.051 1.9364e+10 1.6765e+08
0.052 1.9202e+10 1.6513e+08
0.053 1.8904e+10 1.6266e+08
0.054 1.872e+10 1.6024e+08
0.055 1.8255e+10 1.5788e+08
0.056 1.7971e+10 1.5556e+08
0.057 1.8129e+10 1.5328e+08
0.058 1.7276e+10 1.5105e+08
0.059 1.7298e+10 1.4886e+08
0.06 1.6697e+10 1.4671e+08
0.061 1.6917e+10 1.446e+08
0.062 1.6262e+10 1.4253e+08
0.063 1.6251e+10 1.4049e+08
0.064 1.6009e+10 1.3849e+08
0.065 1.5646e+10 1.3653e+08
0.066 1.5362e+10 1.3459e+08
0.067 1.5008e+10 1.3269e+08
0.068 1.4785e+10 1.3082e+08
0.069 1.4651e+10 1.2899e+08
0.07 1.4452e+10 1.2718e+08
0.071 1.3988e+10 1.254e+08
0.072 1.3685e+10 1.2365e+08
0.073 1.3525e+10 1.2193e+08
0.074 1.3241e+10 1.2023e+08
0.075 1.3113e+10 1.1857e+08
0.076 1.2718e+10 1.1692e+08
0.077 1.2744e+10 1.1531e+08
0.078 1.2311e+10 1.1372e+08
0.079 1.2164e+10 1.1215e+08
0.08 1.169e+10 1.1061e+08
0.081 1.1508e+10 1.091e+08
0.082 1.1399e+10 1.076e+08
0.083 1.0966e+10 1.0613e+08
0.084 1.0876e+10 1.0469e+08
0.085 1.0553e+10 1.0326e+08
0.086 1.0506e+10 1.0186e+08
0.087 1.027e+10 1.0048e+08
0.088 9.929e+09 9.9125e+07
0.089 9.5242e+09 9.7788e+07
0.09 9.6684e+09 9.6473e+07
0.091 9.3998e+09 9.5178e+07
0.092 9.0381e+09 9.3905e+07
0.093 8.8636e+09 9.2651e+07
0.094 8.6854e+09 9.1418e+07
0.095 8.4157e+09 9.0205e+07
0.096 8.1071e+09 8.9012e+07
0.097 8.1763e+09 8.7838e+07
0.098 7.65e+09 8.6684e+07
0.099 7.5471e+09 8.5549e+07
0.1 7.5059e+09 8.4433e+07
0.101 7.3167e+09 8.3335e+07
0.102 6.9889e+09 8.2256e+07
0.103 6.7489e+09 8.1196e+07
0.104 6.7921e+09 8.0154e+07
0.105 6.3518e+09 7.913e+07
0.106 6.2122e+09 7.8124e+07
0.107 6.1269e+09 7.7136e+07
0.108 6.0102e+09 7.6166e+07
0.109 5.8296e+09 7.5213e+07
0.11 5.6813e+09 7.4277e+07
0.111 5.418e+09 7.3358e+07
0.112 5.4593e+09 7.2457e+07
0.113 5.2904e+09 7.1572e+07
0.114 4.9827e+09 7.0703e+07
0.115 4.8976e+09 6.9852e+07
0.116 4.7459e+09 6.9016e+07
0.117 4.5845e+09 6.8197e+07
0.118 4.4137e+09 6.7393e+07
0.119 4.4562e+09 6.6606e+07
0.12 4.3576e+09 6.5834e+07
0.121 3.9969e+09 6.5078e+07
0.122 3.9339e+09 6.4337e+07
0.123 3.899e+09 6.3611e+07
0.124 3.7152e+09 6.29e+07
0.125 3.7797e+09 6.2204e+07
0.126 3.533e+09 6.1522e+07
0.127 3.2875e+09 6.0855e+07
0.128 3.3796e+09 6.0202e+07
0.129 3.1554e+09 5.9563e+07
0.13 2.9711e+09 5.8939e+07
0.131 3.0181e+09 5.8327e+07
0.132 2.9151e+09 5.773e+07
0.133 2.8273e+09 5.7145e+07
0.134 2.6569e+09 5.6574e+07
0.135 2.6953e+09 5.6016e+07
0.136 2.563e+09 5.5471e+07
0.137 2.4344e+09 5.4938e+07
0.138 2.4356e+09 5.4417e+07
0.139 2.1845e+09 5.3909e+07
0.14 2.3285e+09 5.3412e+07
0.141 2.0777e+09 5.2928e+07
0.142 2.1804e+09 5.2454e+07
0.143 2.0694e+09 5.1993e+07
0.144 2.005e+09 5.1542e+07
0.145 1.849e+09 5.1102e+07
0.146 1.869e+09 5.0673e+07
0.147 1.7417e+09 5.0255e+07
0.148 1.7341e+09 4.9846e+07
0.149 1.5672e+09 4.9448e+07
0.15 1.556e+09 4.906e+07
0.151 1.5056e+09 4.8681e+07
0.152 1.4759e+09 4.8312e+07
0.153 1.3626e+09 4.7952e+07
0.154 1.4167e+09 4.7601e+07
0.155 1.2882e+09 4.7259e+07
0.156 1.307e+09 4.6926e+07
0.157 1.24e+09 4.6601e+07
0.158 1.2101e+09 4.6284e+07
0.159 1.1667e+09 4.5976e+07
0.16 1.1415e+09 4.5675e+07
0.161 1.0612e+09 4.5381e+07
0.162 8.88e+08 4.5095e+07
0.163 1.042e+09 4.4817e+07
0.164 9.812e+08 4.4545e+07
0.165 1.0176e+09 4.428e+07
0.166 9.5341e+08 4.4022e+07
0.167 8.6235e+08 4.377e+07
0.168 8.3795e+08 4.3525e+07
0.169 8.9111e+08 4.3286e+07
0.17 7.865e+08 4.3052e+07
0.171 8.0537e+08 4.2824e+07
0.172 7.6552e+08 4.2602e+07
0.173 7.0899e+08 4.2386e+07
0.174 7.0128e+08 4.2174e+07
0.175 7.2187e+08 4.1968e+07
0.176 6.3913e+08 4.1766e+07
0.177 7.0865e+08 4.1569e+07
0.178 5.7929e+08 4.1377e+07
0.179 6.4683e+08 4.1189e+07
0.18 6.8271e+08 4.1006e+07
0.181 6.1387e+08 4.0826e+07
0.182 5.3235e+08 4.0651e+07
0.183 5.2095e+08 4.0479e+07
0.184 5.5418e+08 4.0312e+07
0.185 5.1797e+08 4.0148e+07
0.186 5.8677e+08 3.9987e+07
0.187 5.1604e+08 3.983e+07
0.188 5.0663e+08 3.9676e+07
0.189 4.9171e+08 3.9525e+07
0.19 4.4282e+08 3.9377e+07
0.191 4.8026e+08 3.9232e+07
0.192 4.6916e+08 3.909e+07
0.193 4.7076e+08 3.895e+07
0.194 3.9042e+08 3.8814e+07
0.195 4.4494e+08 3.8679e+07
0.196 4.3745e+08 3.8547e+07
0.197 4.2693e+08 3.8418e+07
0.198 4.05e+08 3.829e+07
0.199 4.6177e+08 3.8165e+07
0.2 4.003e+08 3.8042e+07
0.201 3.3597e+08 3.7921e+07
0.202 3.7142e+08 3.7801e+07
0.203 4.0895e+08 3.7684e+07
0.204 3.4037e+08 3.7568e+07
0.205 3.8909e+08 3.7454e+07
0.206 3.8057e+08 3.7342e+07
0.207 3.2038e+08 3.7231e+07
0.208 3.4171e+08 3.7122e+07
0.209 3.2849e+08 3.7014e+07
0.21 3.3812e+08 3.6907e+07
0.211 4.0001e+08 3.6802e+07
0.212 3.3555e+08 3.6699e+07
0.213 2.8114e+08 3.6596e+07
0.214 3.1145e+08 3.6495e+07
0.215 3.5508e+08 3.6395e+07
0.216 2.8012e+08 3.6296e+07
0.217 2.9504e+08 3.6198e+07
0.218 2.5471e+08 3.6101e+07
0.219 2.7956e+08 3.6005e+07
0.22 3.0308e+08 3.591e+07
0.221 2.9271e+08 3.5816e+07
0.222 3.3032e+08 3.5723e+07
0.223 2.3755e+08 3.5631e+07
0.224 2.6462e+08 3.5539e+07
0.225 2.9202e+08 3.5449e+07
0.226 2.9835e+08 3.5359e+07
0.227 2.0303e+08 3.527e+07
0.228 2.7815e+08 3.5182e+07
0.229 2.5514e+08 3.5094e+07
0.23 2.5422e+08 3.5007e+07
0.231 2.1704e+08 3.4921e+07
0.232 2.7843e+08 3.4836e+07
0.233 2.5131e+08 3.4751e+07
0.234 2.4568e+08 3.4667e+07
0.235 2.2517e+08 3.4583e+07
0.236 2.4747e+08 3.45e+07
0.237 2.5944e+08 3.4418e+07
0.238 2.3182e+08 3.4336e+07
0.239 2.9736e+08 3.4255e+07
0.24 2.7113e+08 3.4174e+07
0.241 1.9125e+08 3.4094e+07
0.242 2.7895e+08 3.4015e+07
0.243 1.5793e+08 3.3936e+07
0.244 2.698e+08 3.3857e+07
0.245 2.0976e+08 3.3779e+07
0.246 2.1165e+08 3.3702e+07
0.247 1.7839e+08 3.3625e+07
0.248 2.4801e+08 3.3548e+07
0.249 1.8453e+08 3.3472e+07
0.25 2.0666e+08 3.3397e+07
0.251 2.3059e+08 3.3322e+07
0.252 2.4352e+08 3.3247e+07
0.253 1.7701e+08 3.3173e+07
0.254 1.6847e+08 3.31e+07
0.255 1.8781e+08 3.3026e+07
0.256 2.0068e+08 3.2954e+07
0.257 1.7999e+08 3.2882e+07
0.258 2.4707e+08 3.281e+07
0.259 2.1151e+08 3.2739e+07
0.26 2.0516e+08 3.2668e+07
0.261 1.3567e+08 3.2598e+07
0.262 1.9684e+08 3.2528e+07
0.263 2.3994e+08 3.2459e+07
0.264 1.671e+08 3.239e+07
0.265 1.3366e+08 3.2322e+07
0.266 1.8508e+08 3.2254e+07
0.267 1.3379e+08 3.2186e+07
0.268 1.4323e+08 3.2119e+07
0.269 1.7365e+08 3.2053e+07
0.27 1.9963e+08 3.1987e+07
0.271 2.1519e+08 3.1921e+07
0.272 1.7756e+08 3.1856e+07
0.273 1.2162e+08 3.1792e+07
0.274 1.5996e+08 3.1727e+07
0.275 1.7862e+08 3.1664e+07
0.276 1.5926e+08 3.16e+07
0.277 1.4959e+08 3.1538e+07
0.278 1.3889e+08 3.1475e+07
0.279 1.725e+08 3.1413e+07
0.28 1.6401e+08 3.1352e+07
0.281 2.1421e+08 3.1291e+07
0.282 1.5285e+08 3.123e+07
0.283 1.3557e+08 3.117e+07
0.284 1.2597e+08 3.1111e+07
0.285 1.0023e+08 3.1051e+07
0.286 1.7439e+08 3.0993e+07
0.287 1.6725e+08 3.0934e+07
0.288 1.6693e+08 3.0877e+07
0.289 1.5011e+08 3.0819e+07
0.29 1.6434e+08 3.0762e+07
0.291 1.9982e+08 3.0706e+07
0.292 1.1601e+08 3.0649e+07
0.293 9.2604e+07 3.0594e+07
0.294 1.5115e+08 3.0538e+07
0.295 1.4999e+08 3.0484e+07
0.296 1.3062e+08 3.0429e+07
0.297 1.366e+08 3.0375e+07
0.298 1.0686e+08 3.0322e+07
0.299 8.4273e+07 3.0268e+07
0.3 1.0121e+08 3.0215e+07
0.301 1.1654e+08 3.0163e+07
0.302 1.4681e+08 3.0111e+07
0.303 1.7531e+08 3.0059e+07
0.304 1.4999e+08 3.0008e+07
0.305 1.1866e+08 2.9957e+07
0.306 1.1705e+08 2.9906e+07
0.307 1.4641e+08 2.9856e+07
0.308 1.2486e+08 2.9806e+07
0.309 1.2166e+08 2.9757e+07
0.31 1.1253e+08 2.9708e+07
0.311 1.2849e+08 2.9659e+07
0.312 1.5136e+08 2.961e+07
0.313 1.0176e+08 2.9562e+07
0.314 1.3439e+08 2.9514e+07
0.315 1.5035e+08 2.9467e+07
0.316 1.0109e+08 2.942e+07
0.317 1.1972e+08 2.9373e+07
0.318 1.4945e+08 2.9326e+07
0.319 9.754e+07 2.928e+07
0.32 1.5334e+08 2.9233e+07
0.321 1.2634e+08 2.9188e+07
0.322 9.667e+07 2.9142e+07
0.323 1.848e+08 2.9097e+07
0.324 8.7297e+07 2.9052e+07
0.325 8.9802e+07 2.9007e+07
0.326 1.5161e+08 2.8962e+07
0.327 1.5213e+08 2.8918e+07
0.328 1.2783e+08 2.8874e+07
0.329 9.1638e+07 2.883e+07
0.33 9.6366e+07 2.8786e+07
0.331 1.4469e+08 2.8743e+07
0.332 1.1643e+08 2.87e+07
0.333 1.3979e+08 2.8657e+07
0.334 1.0745e+08 2.8614e+07
0.335 1.253e+08 2.8571e+07
0.336 1.8053e+08 2.8529e+07
0.337 1.3385e+08 2.8486e+07
0.338 1.2841e+08 2.8444e+07
0.339 1.5277e+08 2.8402e+07
0.34 1.7503e+08 2.836e+07
0.341 1.0146e+08 2.8319e+07
0.342 1.0801e+08 2.8277e+07
0.343 1.434e+08 2.8236e+07
0.344 1.723e+08 2.8195e+07
0.345 9.7397e+07 2.8154e+07
0.346 5.2688e+07 2.8113e+07
0.347 1.2618e+08 2.8072e+07
0.348 8.7941e+07 2.8031e+07
0.349 7.5974e+07 2.7991e+07
0.35 8.0635e+07 2.795e+07
0.351 1.3132e+08 2.791e+07
0.352 1.2037e+08 2.787e+07
0.353 8.3579e+07 2.783e+07
0.354 9.2308e+07 2.779e+07
0.355 1.3197e+08 2.775e+07
0.356 8.7093e+07 2.771e+07
0.357 1.2317e+08 2.7671e+07
0.358 8.6573e+07 2.7631e+07
0.359 1.2625e+08 2.7592e+07
0.36 1.2571e+08 2.7553e+07
0.361 9.1023e+07 2.7514e+07
0.362 1.7685e+08 2.7475e+07
0.363 1.2478e+08 2.7436e+07
0.364 1.2242e+08 2.7397e+07
0.365 1.6179e+08 2.7358e+07
0.366 1.3718e+08 2.7319e+07
0.367 6.6574e+07 2.7281e+07
0.368 1.1037e+08 2.7242e+07
0.369 1.0355e+08 2.7204e+07
0.37 1.0645e+08 2.7166e+07
0.371 1.3725e+08 2.7128e+07
0.372 6.0975e+07 2.709e+07
0.373 1.1272e+08 2.7052e+07
0.374 1.2374e+08 2.7014e+07
0.375 1.1236e+08 2.6976e+07
0.376 1.4439e+08 2.6939e+07
0.377 1.5175e+08 2.6901e+07
0.378 1.3098e+08 2.6864e+07
0.379 1.1957e+08 2.6826e+07
0.38 4.978e+07 2.6789e+07
0.381 1.1101e+08 2.6752e+07
0.382 1.1947e+08 2.6715e+07
0.383 1.2228e+08 2.6679e+07
0.384 1.0091e+08 2.6642e+07
0.385 9.4662e+07 2.6605e+07
0.386 1.38e+08 2.6569e+07
0.387 6.6259e+07 2.6533e+07
0.388 1.1805e+08 2.6496e+07
0.389 1.4482e+08 2.646e+07
0.39 9.181e+07 2.6424e+07
0.391 1.1195e+08 2.6389e+07
0.392 1.2609e+08 2.6353e+07
0.393 9.1104e+07 2.6317e+07
0.394 8.2988e+07 2.6282e+07
0.395 1.2811e+08 2.6247e+07
0.396 9.5499e+07 2.6212e+07
0.397 1.3298e+08 2.6177e+07
0.398 1.0697e+08 2.6142e+07
0.399 7.7725e+07 2.6107e+07
0.4 6.8071e+07 2.6073e+07
0.401 5.3761e+07 2.6038e+07
0.402 1.1528e+08 2.6004e+07
0.403 6.7015e+07 2.597e+07
0.404 1.419e+08 2.5936e+07
0.405 9.1061e+07 2.5902e+07
0.406 7.7187e+07 2.5869e+07
0.407 8.3747e+07 2.5835e+07
0.408 1.1625e+08 2.5802e+07
0.409 7.613e+07 2.5769e+07
0.41 4.4541e+07 2.5736e+07
0.411 4.888e+07 2.5703e+07
0.412 9.7824e+07 2.5671e+07
0.413 3.4314e+07 2.5638e+07
0.414 5.7311e+07 2.5606e+07
0.415 9.9591e+07 2.5574e+07
0.416 1.1981e+08 2.5542e+07
0.417 5.7686e+07 2.551e+07
0.418 4.5531e+07 2.5478e+07
0.419 9.6871e+07 2.5447e+07
0.42 9.544e+07 2.5416e+07
0.421 9.6301e+07 2.5384e+07
0.422 1.0596e+08 2.5353e+07
0.423 8.6451e+07 2.5323e+07
0.424 1.1803e+08 2.5292e+07
0.425 9.8717e+07 2.5261e+07
0.426 5.2615e+07 2.5231e+07
0.427 1.0779e+08 2.5201e+07
0.428 6.5078e+07 2.5171e+07
0.429 7.9875e+07 2.5141e+07
0.43 8.0284e+07 2.5111e+07
0.431 9.3731e+07 2.5082e+07
0.432 1.0029e+08 2.5052e+07
0.433 9.9817e+07 2.5023e+07
0.434 1.0331e+08 2.4994e+07
0.435 8.3137e+07 2.4965e+07
0.436 3.9524e+07 2.4936e+07
0.437 1.1208e+08 2.4908e+07
0.438 6.4657e+07 2.4879e+07
0.439 4.882e+07 2.4851e+07
0.44 4.1523e+07 2.4823e+07
0.441 7.4982e+07 2.4795e+07
0.442 9.1572e+07 2.4767e+07
0.443 7.0419e+07 2.4739e+07
0.444 9.816e+07 2.4711e+07
0.445 9.4966e+07 2.4684e+07
0.446 2.6857e+07 2.4657e+07
0.447 3.1899e+07 2.4629e+07
0.448 6.0575e+07 2.4602e+07
0.449 9.2924e+07 2.4575e+07
0.45 1.0441e+08 2.4548e+07
0.451 9.1719e+07 2.4522e+07
0.452 9.2695e+07 2.4495e+07
0.453 8.0558e+07 2.4469e+07
0.454 9.3392e+07 2.4442e+07
0.455 9.4039e+07 2.4416e+07
0.456 1.2123e+08 2.439e+07
0.457 1.5471e+08 2.4364e+07
0.458 9.7799e+07 2.4338e+07
0.459 1.023e+08 2.4312e+07
0.46 1.3436e+08 2.4286e+07
0.461 1.1196e+08 2.426e+07
0.462 4.5131e+07 2.4235e+07
0.463 1.1321e+08 2.4209e+07
0.464 7.2152e+07 2.4184e+07
0.465 5.1405e+07 2.4159e+07
0.466 5.126e+07 2.4134e+07
0.467 1.5139e+08 2.4109e+07
0.468 5.6121e+07 2.4084e+07
0.469 7.0584e+07 2.4059e+07
0.47 1.0927e+08 2.4034e+07
0.471 1.0135e+08 2.4009e+07
0.472 7.3515e+07 2.3984e+07
0.473 9.7576e+07 2.396e+07
0.474 4.9439e+07 2.3935e+07
0.475 9.6664e+07 2.3911e+07
0.476 1.4151e+08 2.3886e+07
0.477 1.1181e+08 2.3862e+07
0.478 1.1169e+08 2.3837e+07
0.479 9.9561e+07 2.3813e+07
0.48 1.4558e+08 2.3789e+07
0.481 9.8501e+07 2.3765e+07
0.482 1.325e+08 2.3741e+07
0.483 8.4531e+07 2.3717e+07
0.484 5.781e+07 2.3693e+07
0.485 1.2655e+08 2.3669e+07
0.486 1.1819e+08 2.3645e+07
0.487 5.8865e+07 2.3621e+07
0.488 4.6183e+07 2.3597e+07
0.489 1.0983e+08 2.3574e+07
0.49 1.5579e+08 2.355e+07
0.491 1.1126e+08 2.3526e+07
0.492 1.2075e+08 2.3503e+07
0.493 8.3818e+07 2.3479e+07
0.494 1.2893e+08 2.3456e+07
0.495 8.308e+07 2.3432e+07
0.496 8.6033e+07 2.3409e+07
0.497 9.922e+07 2.3386e+07
0.498 5.8741e+07 2.3362e+07
0.499 5.9653e+07 2.3339e+07
0.5 1.0216e+08 2.3316e+07
