0.001 3.0801e+10 1.5607e+09
0.002 2.8923e+10 1.1034e+09
0.003 2.9407e+10 9.0067e+08
0.004 2.9927e+10 7.797e+08
0.005 3.1329e+10 6.9705e+08
0.006 3.0481e+10 6.3593e+08
0.007 3.0242e+10 5.8834e+08
0.008 2.8841e+10 5.4989e+08
0.009 2.9807e+10 5.1796e+08
0.01 3.044e+10 4.9087e+08
0.011 3.0181e+10 4.6749e+08
0.012 3.0398e+10 4.4703e+08
0.013 3.013e+10 4.2891e+08
0.014 3.0385e+10 4.127e+08
0.015 3.0023e+10 3.9807e+08
0.016 3.0015e+10 3.8478e+08
0.017 2.978e+10 3.7262e+08
0.018 2.868e+10 3.6144e+08
0.019 2.9052e+10 3.5109e+08
0.02 2.9063e+10 3.4148e+08
0.021 2.8706e+10 3.3251e+08
0.022 2.8554e+10 3.2411e+08
0.023 2.918e+10 3.1621e+08
0.024 2.8467e+10 3.0876e+08
0.025 2.7682e+10 3.0172e+08
0.026 2.879e+10 2.9505e+08
0.027 2.8271e+10 2.8871e+08
0.028 2.7743e+10 2.8266e+08
0.029 2.7417e+10 2.769e+08
0.03 2.7296e+10 2.7138e+08
0.031 2.7052e+10 2.6609e+08
0.032 2.6719e+10 2.6101e+08
0.033 2.697e+10 2.5613e+08
0.034 2.655e+10 2.5143e+08
0.035 2.6344e+10 2.469e+08
0.036 2.6089e+10 2.4253e+08
0.037 2.5591e+10 2.3829e+08
0.038 2.5587e+10 2.342e+08
0.039 2.5195e+10 2.3023e+08
0.04 2.5108e+10 2.2638e+08
0.041 2.4876e+10 2.2264e+08
0.042 2.4451e+10 2.1901e+08
0.043 2.4148e+10 2.1548e+08
0.044 2.379e+10 2.1204e+08
0.045 2.3372e+10 2.0869e+08
0.046 2.3699e+10 2.0542e+08
0.047 2.3087e+10 2.0223e+08
0.048 2.2997e+10 1.9912e+08
0.049 2.3284e+10 1.9608e+08
0.05 2.248e+10 1.9311e+08
0.051 2.1935e+10 1.902e+08
0.052 2.1697e+10 1.8736e+08
0.053 2.1501e+10 1.8457e+08
0.054 2.101e+10 1.8184e+08
0.055 2.1229e+10 1.7917e+08
0.056 2.0378e+10 1.7655e+08
0.057 2.0162e+10 1.7398e+08
0.058 2.0075e+10 1.7146e+08
0.059 1.9413e+10 1.6899e+08
0.06 1.9306e+10 1.6656e+08
0.061 1.9225e+10 1.6418e+08
0.062 1.8665e+10 1.6184e+08
0.063 1.8612e+10 1.5954e+08
0.064 1.8076e+10 1.5728e+08
0.065 1.7847e+10 1.5506e+08
0.066 1.7716e+10 1.5288e+08
0.067 1.7238e+10 1.5073e+08
0.068 1.7169e+10 1.4862e+08
0.069 1.6685e+10 1.4654e+08
0.07 1.6382e+10 1.445e+08
0.071 1.623e+10 1.4249e+08
0.072 1.563e+10 1.4051e+08
0.073 1.5191e+10 1.3857e+08
0.074 1.5357e+10 1.3665e+08
0.075 1.5064e+10 1.3476e+08
0.076 1.4604e+10 1.3291e+08
0.077 1.4184e+10 1.3108e+08
0.078 1.4249e+10 1.2928e+08
0.079 1.4136e+10 1.2751e+08
0.08 1.3577e+10 1.2577e+08
0.081 1.3102e+10 1.2405e+08
0.082 1.2984e+10 1.2236e+08
0.083 1.2571e+10 1.207e+08
0.084 1.2405e+10 1.1906e+08
0.085 1.2151e+10 1.1745e+08
0.086 1.1826e+10 1.1586e+08
0.087 1.1725e+10 1.143e+08
0.088 1.1422e+10 1.1276e+08
0.089 1.0973e+10 1.1125e+08
0.09 1.091e+10 1.0976e+08
0.091 1.0697e+10 1.0829e+08
0.092 1.035e+10 1.0684e+08
0.093 1.0118e+10 1.0542e+08
0.094 9.7982e+09 1.0402e+08
0.095 9.6333e+09 1.0265e+08
0.096 9.5293e+09 1.0129e+08
0.097 9.1855e+09 9.996e+07
0.098 9.0791e+09 9.8649e+07
0.099 8.8174e+09 9.736e+07
0.1 8.4714e+09 9.6092e+07
0.101 8.2752e+09 9.4845e+07
0.102 8.2294e+09 9.3618e+07
0.103 7.81e+09 9.2413e+07
0.104 7.6506e+09 9.1227e+07
0.105 7.4295e+09 9.0063e+07
0.106 7.3009e+09 8.8918e+07
0.107 7.0609e+09 8.7793e+07
0.108 6.8766e+09 8.6688e+07
0.109 6.691e+09 8.5602e+07
0.11 6.5408e+09 8.4536e+07
0.111 6.311e+09 8.3489e+07
0.112 6.2112e+09 8.2462e+07
0.113 5.9518e+09 8.1453e+07
0.114 5.8594e+09 8.0462e+07
0.115 5.6727e+09 7.949e+07
0.116 5.2877e+09 7.8537e+07
0.117 5.2681e+09 7.7602e+07
0.118 5.2348e+09 7.6684e+07
0.119 5.0378e+09 7.5785e+07
0.12 4.8889e+09 7.4903e+07
0.121 4.8723e+09 7.4038e+07
0.122 4.6068e+09 7.3191e+07
0.123 4.4431e+09 7.2361e+07
0.124 4.3522e+09 7.1548e+07
0.125 4.0944e+09 7.0751e+07
0.126 4.0571e+09 6.9971e+07
0.127 3.9527e+09 6.9208e+07
0.128 3.8316e+09 6.846e+07
0.129 3.5668e+09 6.7728e+07
0.13 3.6326e+09 6.7013e+07
0.131 3.5193e+09 6.6312e+07
0.132 3.3144e+09 6.5627e+07
0.133 3.3094e+09 6.4958e+07
0.134 3.1267e+09 6.4303e+07
0.135 3.0878e+09 6.3663e+07
0.136 2.9749e+09 6.3037e+07
0.137 2.8266e+09 6.2426e+07
0.138 2.6751e+09 6.1828e+07
0.139 2.5975e+09 6.1245e+07
0.14 2.5909e+09 6.0675e+07
0.141 2.3186e+09 6.0119e+07
0.142 2.4147e+09 5.9576e+07
0.143 2.2938e+09 5.9046e+07
0.144 2.2983e+09 5.8528e+07
0.145 2.1587e+09 5.8023e+07
0.146 2.1297e+09 5.7531e+07
0.147 2.0448e+09 5.705e+07
0.148 1.9257e+09 5.6581e+07
0.149 1.9112e+09 5.6124e+07
0.15 1.7867e+09 5.5678e+07
0.151 1.7168e+09 5.5244e+07
0.152 1.6718e+09 5.482e+07
0.153 1.6e+09 5.4407e+07
0.154 1.5618e+09 5.4004e+07
0.155 1.524e+09 5.3611e+07
0.156 1.4261e+09 5.3229e+07
0.157 1.4129e+09 5.2856e+07
0.158 1.3258e+09 5.2492e+07
0.159 1.3356e+09 5.2138e+07
0.16 1.3463e+09 5.1793e+07
0.161 1.22e+09 5.1457e+07
0.162 1.1912e+09 5.1129e+07
0.163 1.177e+09 5.081e+07
0.164 1.1283e+09 5.0499e+07
0.165 1.1371e+09 5.0196e+07
0.166 1.0019e+09 4.99e+07
0.167 9.7539e+08 4.9612e+07
0.168 9.1104e+08 4.9331e+07
0.169 9.266e+08 4.9057e+07
0.17 9.6348e+08 4.879e+07
0.171 9.1113e+08 4.853e+07
0.172 9.0233e+08 4.8276e+07
0.173 8.2294e+08 4.8029e+07
0.174 7.7987e+08 4.7788e+07
0.175 8.5308e+08 4.7552e+07
0.176 8.4195e+08 4.7322e+07
0.177 6.9398e+08 4.7098e+07
0.178 7.5803e+08 4.6879e+07
0.179 7.1749e+08 4.6665e+07
0.18 6.6683e+08 4.6456e+07
0.181 6.8888e+08 4.6252e+07
0.182 6.8369e+08 4.6053e+07
0.183 7.2046e+08 4.5858e+07
0.184 6.332e+08 4.5667e+07
0.185 6.3875e+08 4.5481e+07
0.186 6.292e+08 4.5299e+07
0.187 5.4249e+08 4.512e+07
0.188 5.9502e+08 4.4946e+07
0.189 5.7056e+08 4.4775e+07
0.19 5.9232e+08 4.4607e+07
0.191 4.6019e+08 4.4443e+07
0.192 5.0394e+08 4.4282e+07
0.193 4.451e+08 4.4124e+07
0.194 4.4496e+08 4.3969e+07
0.195 5.3796e+08 4.3817e+07
0.196 4.3541e+08 4.3668e+07
0.197 4.8329e+08 4.3522e+07
0.198 5.5922e+08 4.3378e+07
0.199 4.1057e+08 4.3236e+07
0.2 4.6214e+08 4.3097e+07
0.201 4.2688e+08 4.296e+07
0.202 4.7479e+08 4.2826e+07
0.203 3.9793e+08 4.2693e+07
0.204 4.6116e+08 4.2563e+07
0.205 4.9148e+08 4.2434e+07
0.206 3.478e+08 4.2307e+07
0.207 3.9335e+08 4.2182e+07
0.208 3.8038e+08 4.2059e+07
0.209 3.9316e+08 4.1937e+07
0.21 3.315e+08 4.1817e+07
0.211 3.8774e+08 4.1699e+07
0.212 3.806e+08 4.1582e+07
0.213 3.362e+08 4.1466e+07
0.214 3.2816e+08 4.1352e+07
0.215 4.108e+08 4.1239e+07
0.216 3.0165e+08 4.1127e+07
0.217 4.1332e+08 4.1017e+07
0.218 3.32e+08 4.0907e+07
0.219 3.2733e+08 4.0799e+07
0.22 3.4884e+08 4.0692e+07
0.221 3.3723e+08 4.0586e+07
0.222 2.7982e+08 4.0481e+07
0.223 3.451e+08 4.0377e+07
0.224 3.9235e+08 4.0274e+07
0.225 2.439e+08 4.0171e+07
0.226 3.953e+08 4.007e+07
0.227 3.3966e+08 3.9969e+07
0.228 2.7435e+08 3.987e+07
0.229 2.9295e+08 3.9771e+07
0.23 3.4822e+08 3.9672e+07
0.231 3.3472e+08 3.9575e+07
0.232 3.5072e+08 3.9478e+07
0.233 2.892e+08 3.9382e+07
0.234 2.8239e+08 3.9287e+07
0.235 3.2107e+08 3.9193e+07
0.236 3.5747e+08 3.9099e+07
0.237 2.7326e+08 3.9005e+07
0.238 3.0456e+08 3.8913e+07
0.239 2.072e+08 3.8821e+07
0.24 3.3795e+08 3.8729e+07
0.241 2.5767e+08 3.8639e+07
0.242 2.8592e+08 3.8548e+07
0.243 2.4573e+08 3.8459e+07
0.244 2.7973e+08 3.837e+07
0.245 3.0885e+08 3.8281e+07
0.246 1.7003e+08 3.8193e+07
0.247 3.0754e+08 3.8106e+07
0.248 2.5073e+08 3.8019e+07
0.249 2.785e+08 3.7933e+07
0.25 2.2819e+08 3.7848e+07
0.251 1.8604e+08 3.7762e+07
0.252 2.7815e+08 3.7678e+07
0.253 2.2332e+08 3.7594e+07
0.254 2.4136e+08 3.751e+07
0.255 1.8934e+08 3.7427e+07
0.256 2.6101e+08 3.7345e+07
0.257 2.4877e+08 3.7263e+07
0.258 2.6229e+08 3.7182e+07
0.259 2.4604e+08 3.7101e+07
0.26 2.1077e+08 3.7021e+07
0.261 1.3641e+08 3.6941e+07
0.262 1.8067e+08 3.6862e+07
0.263 1.7762e+08 3.6783e+07
0.264 2.6036e+08 3.6705e+07
0.265 1.9541e+08 3.6627e+07
0.266 1.841e+08 3.655e+07
0.267 1.7643e+08 3.6473e+07
0.268 2.3428e+08 3.6397e+07
0.269 1.9386e+08 3.6322e+07
0.27 2.0309e+08 3.6247e+07
0.271 1.4132e+08 3.6172e+07
0.272 2.2176e+08 3.6098e+07
0.273 1.9095e+08 3.6025e+07
0.274 2.095e+08 3.5952e+07
0.275 1.929e+08 3.588e+07
0.276 2.0732e+08 3.5808e+07
0.277 1.6158e+08 3.5737e+07
0.278 2.6811e+08 3.5666e+07
0.279 1.8091e+08 3.5595e+07
0.28 1.7262e+08 3.5526e+07
0.281 1.3029e+08 3.5456e+07
0.282 1.4638e+08 3.5388e+07
0.283 1.5699e+08 3.532e+07
0.284 1.7788e+08 3.5252e+07
0.285 1.1023e+08 3.5185e+07
0.286 1.8696e+08 3.5118e+07
0.287 1.2989e+08 3.5052e+07
0.288 2.0931e+08 3.4986e+07
0.289 2.1899e+08 3.4921e+07
0.29 1.4434e+08 3.4857e+07
0.291 1.8571e+08 3.4793e+07
0.292 1.3093e+08 3.4729e+07
0.293 1.5872e+08 3.4666e+07
0.294 2.2868e+08 3.4603e+07
0.295 1.334e+08 3.4541e+07
0.296 1.6521e+08 3.4479e+07
0.297 9.4881e+07 3.4418e+07
0.298 1.4521e+08 3.4357e+07
0.299 1.3349e+08 3.4297e+07
0.3 1.1938e+08 3.4237e+07
0.301 1.1947e+08 3.4178e+07
0.302 1.1188e+08 3.4119e+07
0.303 1.6055e+08 3.406e+07
0.304 1.1956e+08 3.4002e+07
0.305 1.4224e+08 3.3944e+07
0.306 1.2447e+08 3.3887e+07
0.307 1.3052e+08 3.383e+07
0.308 1.4877e+08 3.3773e+07
0.309 1.0399e+08 3.3717e+07
0.31 1.7529e+08 3.3662e+07
0.311 1.3032e+08 3.3606e+07
0.312 1.1813e+08 3.3551e+07
0.313 1.3754e+08 3.3497e+07
0.314 1.4693e+08 3.3443e+07
0.315 1.7397e+08 3.3389e+07
0.316 1.2157e+08 3.3335e+07
0.317 1.5595e+08 3.3282e+07
0.318 1.455e+08 3.3229e+07
0.319 1.6946e+08 3.3177e+07
0.32 1.2928e+08 3.3125e+07
0.321 1.5996e+08 3.3073e+07
0.322 1.6803e+08 3.3021e+07
0.323 1.4113e+08 3.297e+07
0.324 1.4629e+08 3.2919e+07
0.325 1.4741e+08 3.2868e+07
0.326 1.4748e+08 3.2817e+07
0.327 1.4335e+08 3.2767e+07
0.328 1.4555e+08 3.2717e+07
0.329 1.1343e+08 3.2668e+07
0.33 1.4861e+08 3.2618e+07
0.331 1.5989e+08 3.2569e+07
0.332 1.4643e+08 3.252e+07
0.333 1.3915e+08 3.2471e+07
0.334 1.2739e+08 3.2423e+07
0.335 1.6988e+08 3.2374e+07
0.336 1.6894e+08 3.2326e+07
0.337 1.2611e+08 3.2278e+07
0.338 1.5559e+08 3.223e+07
0.339 1.0176e+08 3.2183e+07
0.34 1.0173e+08 3.2135e+07
0.341 1.5787e+08 3.2088e+07
0.342 1.1546e+08 3.2041e+07
0.343 1.3352e+08 3.1994e+07
0.344 1.6011e+08 3.1948e+07
0.345 1.3734e+08 3.1901e+07
0.346 1.6638e+08 3.1855e+07
0.347 1.0598e+08 3.1809e+07
0.348 1.9554e+08 3.1762e+07
0.349 1.4432e+08 3.1716e+07
0.35 1.6399e+08 3.1671e+07
0.351 1.279e+08 3.1625e+07
0.352 1.6603e+08 3.1579e+07
0.353 8.9558e+07 3.1534e+07
0.354 1.1578e+08 3.1489e+07
0.355 1.5076e+08 3.1444e+07
0.356 1.2419e+08 3.1399e+07
0.357 1.5793e+08 3.1354e+07
0.358 1.0774e+08 3.1309e+07
0.359 1.548e+08 3.1264e+07
0.36 2.0941e+08 3.122e+07
0.361 5.9413e+07 3.1175e+07
0.362 1.6239e+08 3.1131e+07
0.363 9.3678e+07 3.1087e+07
0.364 1.4888e+08 3.1043e+07
0.365 1.0881e+08 3.0999e+07
0.366 1.5568e+08 3.0955e+07
0.367 1.2006e+08 3.0911e+07
0.368 1.2594e+08 3.0868e+07
0.369 1.8905e+08 3.0824e+07
0.37 1.6889e+08 3.0781e+07
0.371 1.3935e+08 3.0737e+07
0.372 1.3487e+08 3.0694e+07
0.373 1.5133e+08 3.0651e+07
0.374 1.5314e+08 3.0608e+07
0.375 1.7076e+08 3.0566e+07
0.376 8.3282e+07 3.0523e+07
0.377 7.4934e+07 3.048e+07
0.378 1.3094e+08 3.0438e+07
0.379 1.0851e+08 3.0396e+07
0.38 1.7811e+08 3.0354e+07
0.381 1.7696e+08 3.0312e+07
0.382 1.8709e+08 3.027e+07
0.383 1.6903e+08 3.0228e+07
0.384 1.221e+08 3.0186e+07
0.385 1.3795e+08 3.0145e+07
0.386 8.4067e+07 3.0104e+07
0.387 1.5501e+08 3.0062e+07
0.388 1.0893e+08 3.0021e+07
0.389 1.644e+08 2.9981e+07
0.39 1.5649e+08 2.994e+07
0.391 9.1758e+07 2.9899e+07
0.392 1.0619e+08 2.9859e+07
0.393 1.4007e+08 2.9818e+07
0.394 8.6247e+07 2.9778e+07
0.395 9.322e+07 2.9738e+07
0.396 4.7564e+07 2.9699e+07
0.397 1.1285e+08 2.9659e+07
0.398 7.9539e+07 2.9619e+07
0.399 1.3317e+08 2.958e+07
0.4 9.9845e+07 2.9541e+07
0.401 1.4512e+08 2.9502e+07
0.402 1.1567e+08 2.9463e+07
0.403 1.3993e+08 2.9425e+07
0.404 1.6307e+08 2.9386e+07
0.405 1.0732e+08 2.9348e+07
0.406 8.698e+07 2.931e+07
0.407 1.1988e+08 2.9272e+07
0.408 1.1591e+08 2.9234e+07
0.409 1.3808e+08 2.9197e+07
0.41 1.1071e+08 2.9159e+07
0.411 1.2888e+08 2.9122e+07
0.412 9.533e+07 2.9085e+07
0.413 9.9854e+07 2.9048e+07
0.414 9.5895e+07 2.9012e+07
0.415 1.2921e+08 2.8975e+07
0.416 1.6887e+08 2.8939e+07
0.417 1.1974e+08 2.8903e+07
0.418 5.6529e+07 2.8867e+07
0.419 9.3139e+07 2.8832e+07
0.42 1.0863e+08 2.8796e+07
0.421 1.056e+08 2.8761e+07
0.422 9.4258e+07 2.8726e+07
0.423 1.2703e+08 2.8691e+07
0.424 7.3636e+07 2.8656e+07
0.425 6.123e+07 2.8621e+07
0.426 8.4397e+07 2.8587e+07
0.427 1.055e+08 2.8553e+07
0.428 1.2792e+08 2.8519e+07
0.429 1.3613e+08 2.8485e+07
0.43 7.906e+07 2.8451e+07
0.431 1.3903e+08 2.8418e+07
0.432 1.3309e+08 2.8385e+07
0.433 7.012e+07 2.8352e+07
0.434 1.271e+08 2.8319e+07
0.435 9.309e+07 2.8286e+07
0.436 9.44e+07 2.8253e+07
0.437 6.6344e+07 2.8221e+07
0.438 1.4074e+08 2.8189e+07
0.439 1.0069e+08 2.8157e+07
0.44 6.8888e+07 2.8125e+07
0.441 1.1209e+08 2.8093e+07
0.442 1.0717e+08 2.8061e+07
0.443 7.3783e+07 2.803e+07
0.444 1.3217e+08 2.7999e+07
0.445 1.0854e+08 2.7967e+07
0.446 1.0838e+08 2.7937e+07
0.447 1.2833e+08 2.7906e+07
0.448 1.0918e+08 2.7875e+07
0.449 1.1249e+08 2.7844e+07
0.45 5.6906e+07 2.7814e+07
0.451 1.1251e+08 2.7784e+07
0.452 5.9186e+07 2.7754e+07
0.453 1.3207e+08 2.7724e+07
0.454 1.2875e+08 2.7694e+07
0.455 9.7243e+07 2.7664e+07
0.456 1.4787e+08 2.7634e+07
0.457 1.0677e+08 2.7605e+07
0.458 1.4733e+08 2.7576e+07
0.459 1.0352e+08 2.7546e+07
0.46 5.1974e+07 2.7517e+07
0.461 8.2391e+07 2.7488e+07
0.462 9.344e+07 2.7459e+07
0.463 1.1696e+08 2.743e+07
0.464 1.063e+08 2.7402e+07
0.465 1.318e+08 2.7373e+07
0.466 1.0647e+08 2.7345e+07
0.467 1.3498e+08 2.7316e+07
0.468 1.2456e+08 2.7288e+07
0.469 9.3168e+07 2.726e+07
0.47 1.1371e+08 2.7232e+07
0.471 1.3538e+08 2.7203e+07
0.472 9.4581e+07 2.7175e+07
0.473 1.2956e+08 2.7148e+07
0.474 1.3102e+08 2.712e+07
0.475 1.089e+08 2.7092e+07
0.476 1.1312e+08 2.7064e+07
0.477 1.0884e+08 2.7037e+07
0.478 1.0631e+08 2.7009e+07
0.479 6.8404e+07 2.6982e+07
0.48 1.0249e+08 2.6954e+07
0.481 9.6382e+07 2.6927e+07
0.482 8.4258e+07 2.69e+07
0.483 1.0281e+08 2.6873e+07
0.484 1.521e+08 2.6846e+07
0.485 1.491e+08 2.6819e+07
0.486 1.4865e+08 2.6792e+07
0.487 1.0219e+08 2.6765e+07
0.488 1.2782e+08 2.6738e+07
0.489 1.2488e+08 2.6711e+07
0.49 1.3159e+08 2.6684e+07
0.491 1.4286e+08 2.6657e+07
0.492 1.0558e+08 2.6631e+07
0.493 1.2127e+08 2.6604e+07
0.494 1.2849e+08 2.6577e+07
0.495 1.1773e+08 2.6551e+07
0.496 9.1132e+07 2.6524e+07
0.497 7.5617e+07 2.6498e+07
0.498 1.3783e+08 2.6471e+07
0.499 1.3304e+08 2.6445e+07
0.5 1.1326e+08 2.6419e+07
