0.001 7.9953e+09 4.2365e+08
0.002 7.822e+09 2.9951e+08
0.003 8.1228e+09 2.4447e+08
0.004 8.2449e+09 2.1163e+08
0.005 8.2872e+09 1.8918e+08
0.006 8.2823e+09 1.7258e+08
0.007 8.2705e+09 1.5965e+08
0.008 7.9936e+09 1.492e+08
0.009 7.9808e+09 1.4052e+08
0.01 8.0877e+09 1.3316e+08
0.011 8.1369e+09 1.268e+08
0.012 7.8991e+09 1.2123e+08
0.013 8.0582e+09 1.1629e+08
0.014 8.0297e+09 1.1188e+08
0.015 8.013e+09 1.0789e+08
0.016 7.9052e+09 1.0427e+08
0.017 7.5992e+09 1.0095e+08
0.018 7.6623e+09 9.7896e+07
0.019 7.8201e+09 9.5069e+07
0.02 7.5938e+09 9.2442e+07
0.021 7.7924e+09 8.9988e+07
0.022 7.5838e+09 8.7689e+07
0.023 7.6243e+09 8.5527e+07
0.024 7.5073e+09 8.3487e+07
0.025 7.5651e+09 8.1557e+07
0.026 7.4508e+09 7.9726e+07
0.027 7.2542e+09 7.7985e+07
0.028 7.3111e+09 7.6325e+07
0.029 7.2043e+09 7.4739e+07
0.03 7.0475e+09 7.3222e+07
0.031 7.0055e+09 7.1767e+07
0.032 7.0496e+09 7.0369e+07
0.033 7.0034e+09 6.9024e+07
0.034 6.9198e+09 6.7729e+07
0.035 6.826e+09 6.6479e+07
0.036 6.6829e+09 6.5271e+07
0.037 6.6286e+09 6.4103e+07
0.038 6.6073e+09 6.2972e+07
0.039 6.5386e+09 6.1876e+07
0.04 6.4121e+09 6.0812e+07
0.041 6.4635e+09 5.9778e+07
0.042 6.3642e+09 5.8773e+07
0.043 6.1295e+09 5.7796e+07
0.044 6.2062e+09 5.6844e+07
0.045 6.1439e+09 5.5916e+07
0.046 6.0725e+09 5.5011e+07
0.047 5.9066e+09 5.4129e+07
0.048 5.9301e+09 5.3267e+07
0.049 5.7854e+09 5.2425e+07
0.05 5.7066e+09 5.1602e+07
0.051 5.6396e+09 5.0797e+07
0.052 5.4342e+09 5.001e+07
0.053 5.458e+09 4.9239e+07
0.054 5.3821e+09 4.8484e+07
0.055 5.2692e+09 4.7744e+07
0.056 5.2108e+09 4.702e+07
0.057 5.0791e+09 4.631e+07
0.058 4.9531e+09 4.5613e+07
0.059 4.9886e+09 4.493e+07
0.06 4.7231e+09 4.426e+07
0.061 4.6897e+09 4.3602e+07
0.062 4.6203e+09 4.2957e+07
0.063 4.5288e+09 4.2323e+07
0.064 4.4873e+09 4.1701e+07
0.065 4.4022e+09 4.109e+07
0.066 4.2214e+09 4.049e+07
0.067 4.2402e+09 3.99e+07
0.068 4.1544e+09 3.9321e+07
0.069 4.0263e+09 3.8752e+07
0.07 3.9413e+09 3.8193e+07
0.071 3.9508e+09 3.7643e+07
0.072 3.7969e+09 3.7103e+07
0.073 3.6179e+09 3.6573e+07
0.074 3.5254e+09 3.6051e+07
0.075 3.5539e+09 3.5539e+07
0.076 3.4899e+09 3.5035e+07
0.077 3.3324e+09 3.454e+07
0.078 3.2806e+09 3.4054e+07
0.079 3.3047e+09 3.3576e+07
0.08 3.1496e+09 3.3106e+07
0.081 3.1087e+09 3.2645e+07
0.082 3.0292e+09 3.2191e+07
0.083 2.9289e+09 3.1746e+07
0.084 2.9089e+09 3.1308e+07
0.085 2.8955e+09 3.0878e+07
0.086 2.7361e+09 3.0456e+07
0.087 2.7342e+09 3.0041e+07
0.088 2.6049e+09 2.9634e+07
0.089 2.4908e+09 2.9234e+07
0.09 2.4716e+09 2.8842e+07
0.091 2.3926e+09 2.8456e+07
0.092 2.3394e+09 2.8078e+07
0.093 2.2305e+09 2.7707e+07
0.094 2.2336e+09 2.7343e+07
0.095 2.1482e+09 2.6986e+07
0.096 2.0886e+09 2.6636e+07
0.097 2.0405e+09 2.6292e+07
0.098 2.006e+09 2.5955e+07
0.099 1.9288e+09 2.5625e+07
0.1 1.9216e+09 2.5302e+07
0.101 1.8241e+09 2.4985e+07
0.102 1.7794e+09 2.4674e+07
0.103 1.717e+09 2.437e+07
0.104 1.6396e+09 2.4072e+07
0.105 1.6521e+09 2.378e+07
0.106 1.563e+09 2.3494e+07
0.107 1.529e+09 2.3215e+07
0.108 1.4554e+09 2.2941e+07
0.109 1.4346e+09 2.2673e+07
0.11 1.418e+09 2.2412e+07
0.111 1.365e+09 2.2156e+07
0.112 1.29e+09 2.1905e+07
0.113 1.2821e+09 2.1661e+07
0.114 1.2391e+09 2.1422e+07
0.115 1.2151e+09 2.1188e+07
0.116 1.1663e+09 2.096e+07
0.117 1.162e+09 2.0737e+07
0.118 1.1158e+09 2.0519e+07
0.119 1.0489e+09 2.0306e+07
0.12 1.0099e+09 2.0099e+07
0.121 9.7716e+08 1.9897e+07
0.122 9.4154e+08 1.9699e+07
0.123 9.5455e+08 1.9506e+07
0.124 9.0421e+08 1.9318e+07
0.125 8.7468e+08 1.9135e+07
0.126 8.5949e+08 1.8956e+07
0.127 8.1599e+08 1.8781e+07
0.128 7.7565e+08 1.8611e+07
0.129 7.7811e+08 1.8445e+07
0.13 7.6873e+08 1.8284e+07
0.131 7.5899e+08 1.8126e+07
0.132 7.1889e+08 1.7973e+07
0.133 6.6459e+08 1.7823e+07
0.134 6.5337e+08 1.7677e+07
0.135 6.6513e+08 1.7535e+07
0.136 6.0387e+08 1.7397e+07
0.137 5.9039e+08 1.7262e+07
0.138 6.3605e+08 1.713e+07
0.139 5.5196e+08 1.7002e+07
0.14 5.7532e+08 1.6877e+07
0.141 5.2548e+08 1.6755e+07
0.142 5.0937e+08 1.6637e+07
0.143 4.9166e+08 1.6521e+07
0.144 4.9475e+08 1.6408e+07
0.145 4.8017e+08 1.6299e+07
0.146 4.9427e+08 1.6191e+07
0.147 4.619e+08 1.6087e+07
0.148 4.205e+08 1.5985e+07
0.149 4.305e+08 1.5886e+07
0.15 4.2945e+08 1.5789e+07
0.151 3.9092e+08 1.5694e+07
0.152 3.6604e+08 1.5601e+07
0.153 4.1728e+08 1.5511e+07
0.154 3.3335e+08 1.5423e+07
0.155 3.7703e+08 1.5337e+07
0.156 3.5467e+08 1.5253e+07
0.157 3.6964e+08 1.517e+07
0.158 3.3346e+08 1.509e+07
0.159 3.1957e+08 1.5011e+07
0.16 3.3887e+08 1.4934e+07
0.161 3.1751e+08 1.4859e+07
0.162 3.1387e+08 1.4785e+07
0.163 2.8808e+08 1.4713e+07
0.164 2.9954e+08 1.4642e+07
0.165 2.9205e+08 1.4572e+07
0.166 2.7556e+08 1.4504e+07
0.167 2.8234e+08 1.4438e+07
0.168 2.5141e+08 1.4372e+07
0.169 2.7017e+08 1.4308e+07
0.17 2.6826e+08 1.4245e+07
0.171 2.5738e+08 1.4182e+07
0.172 2.7229e+08 1.4121e+07
0.173 2.3903e+08 1.4061e+07
0.174 2.5432e+08 1.4002e+07
0.175 2.0846e+08 1.3944e+07
0.176 2.4838e+08 1.3887e+07
0.177 2.2117e+08 1.3831e+07
0.178 2.0868e+08 1.3776e+07
0.179 2.1327e+08 1.3721e+07
0.18 2.343e+08 1.3667e+07
0.181 2.2122e+08 1.3615e+07
0.182 2.1863e+08 1.3562e+07
0.183 2.2335e+08 1.3511e+07
0.184 1.7634e+08 1.346e+07
0.185 2.0245e+08 1.341e+07
0.186 1.6616e+08 1.336e+07
0.187 1.5836e+08 1.3311e+07
0.188 2.0089e+08 1.3263e+07
0.189 1.6591e+08 1.3215e+07
0.19 1.7003e+08 1.3168e+07
0.191 1.6814e+08 1.3122e+07
0.192 1.7254e+08 1.3076e+07
0.193 1.6823e+08 1.303e+07
0.194 1.629e+08 1.2985e+07
0.195 1.472e+08 1.2941e+07
0.196 1.7148e+08 1.2897e+07
0.197 1.4976e+08 1.2854e+07
0.198 1.3742e+08 1.2811e+07
0.199 1.4877e+08 1.2768e+07
0.2 1.4416e+08 1.2726e+07
0.201 1.6088e+08 1.2684e+07
0.202 1.3372e+08 1.2643e+07
0.203 1.3845e+08 1.2602e+07
0.204 1.4098e+08 1.2562e+07
0.205 1.2681e+08 1.2522e+07
0.206 1.2856e+08 1.2483e+07
0.207 1.1939e+08 1.2444e+07
0.208 1.2873e+08 1.2405e+07
0.209 8.644e+07 1.2367e+07
0.21 1.1026e+08 1.2329e+07
0.211 1.1431e+08 1.2291e+07
0.212 1.0146e+08 1.2254e+07
0.213 1.0975e+08 1.2217e+07
0.214 1.0938e+08 1.2181e+07
0.215 1.1931e+08 1.2145e+07
0.216 1.0706e+08 1.2109e+07
0.217 8.8591e+07 1.2074e+07
0.218 9.6116e+07 1.2039e+07
0.219 1.0059e+08 1.2005e+07
0.22 1.0609e+08 1.1971e+07
0.221 1.1486e+08 1.1937e+07
0.222 1.1109e+08 1.1903e+07
0.223 8.2913e+07 1.187e+07
0.224 7.4904e+07 1.1837e+07
0.225 1.0167e+08 1.1805e+07
0.226 7.5435e+07 1.1773e+07
0.227 9.7886e+07 1.1741e+07
0.228 7.382e+07 1.171e+07
0.229 7.4205e+07 1.1679e+07
0.23 6.3751e+07 1.1648e+07
0.231 9.626e+07 1.1617e+07
0.232 7.3462e+07 1.1587e+07
0.233 9.6489e+07 1.1558e+07
0.234 7.981e+07 1.1528e+07
0.235 6.3746e+07 1.1499e+07
0.236 5.7994e+07 1.147e+07
0.237 8.8706e+07 1.1441e+07
0.238 7.0579e+07 1.1413e+07
0.239 7.3714e+07 1.1385e+07
0.24 7.812e+07 1.1358e+07
0.241 4.8947e+07 1.133e+07
0.242 6.2653e+07 1.1303e+07
0.243 8.2621e+07 1.1276e+07
0.244 5.9613e+07 1.125e+07
0.245 4.474e+07 1.1223e+07
0.246 5.4816e+07 1.1197e+07
0.247 5.3045e+07 1.1172e+07
0.248 4.3941e+07 1.1146e+07
0.249 3.4184e+07 1.1121e+07
0.25 6.2274e+07 1.1096e+07
0.251 5.8537e+07 1.1071e+07
0.252 4.782e+07 1.1047e+07
0.253 3.9208e+07 1.1023e+07
0.254 5.8499e+07 1.0999e+07
0.255 5.1433e+07 1.0975e+07
0.256 4.7477e+07 1.0952e+07
0.257 4.4e+07 1.0928e+07
0.258 2.5041e+07 1.0905e+07
0.259 6.3179e+07 1.0882e+07
0.26 6.0923e+07 1.086e+07
0.261 4.1037e+07 1.0837e+07
0.262 4.3917e+07 1.0815e+07
0.263 5.2034e+07 1.0793e+07
0.264 6.7505e+07 1.0771e+07
0.265 6.3422e+07 1.075e+07
0.266 3.0521e+07 1.0728e+07
0.267 4.232e+07 1.0707e+07
0.268 6.2121e+07 1.0686e+07
0.269 3.2548e+07 1.0665e+07
0.27 3.1506e+07 1.0644e+07
0.271 4.1145e+07 1.0624e+07
0.272 3.6281e+07 1.0603e+07
0.273 3.7037e+07 1.0583e+07
0.274 4.9552e+07 1.0563e+07
0.275 4.7062e+07 1.0543e+07
0.276 4.1936e+07 1.0523e+07
0.277 2.8454e+07 1.0504e+07
0.278 6.758e+07 1.0484e+07
0.279 3.8853e+07 1.0465e+07
0.28 2.7428e+07 1.0446e+07
0.281 4.5363e+07 1.0427e+07
0.282 4.7853e+07 1.0408e+07
0.283 3.028e+07 1.0389e+07
0.284 2.8131e+07 1.037e+07
0.285 3.3009e+07 1.0352e+07
0.286 4.9698e+07 1.0333e+07
0.287 3.2205e+07 1.0315e+07
0.288 4.5183e+07 1.0296e+07
0.289 1.8262e+07 1.0278e+07
0.29 3.1488e+07 1.026e+07
0.291 5.9711e+07 1.0242e+07
0.292 4.5673e+07 1.0225e+07
0.293 4.2687e+07 1.0207e+07
0.294 3.9073e+07 1.0189e+07
0.295 5.4462e+07 1.0172e+07
0.296 3.1073e+07 1.0154e+07
0.297 3.9046e+07 1.0137e+07
0.298 4.9971e+07 1.012e+07
0.299 3.6581e+07 1.0103e+07
0.3 4.2529e+07 1.0086e+07
0.301 4.4622e+07 1.0069e+07
0.302 3.9991e+07 1.0052e+07
0.303 4.0095e+07 1.0035e+07
0.304 6.0731e+07 1.0018e+07
0.305 3.4584e+07 1.0002e+07
0.306 4.981e+07 9.9851e+06
0.307 3.5494e+07 9.9687e+06
0.308 4.5505e+07 9.9523e+06
0.309 4.195e+07 9.9359e+06
0.31 5.7206e+07 9.9197e+06
0.311 4.3941e+07 9.9035e+06
0.312 3.968e+07 9.8874e+06
0.313 3.2644e+07 9.8714e+06
0.314 4.2941e+07 9.8554e+06
0.315 3.4163e+07 9.8395e+06
0.316 1.9631e+07 9.8237e+06
0.317 2.6761e+07 9.808e+06
0.318 3.9214e+07 9.7923e+06
0.319 3.2398e+07 9.7767e+06
0.32 4.6699e+07 9.7612e+06
0.321 3.5576e+07 9.7457e+06
0.322 4.8968e+07 9.7303e+06
0.323 2.4115e+07 9.715e+06
0.324 4.2894e+07 9.6997e+06
0.325 5.8084e+07 9.6845e+06
0.326 3.1152e+07 9.6693e+06
0.327 2.7649e+07 9.6543e+06
0.328 2.064e+07 9.6393e+06
0.329 5.4506e+07 9.6243e+06
0.33 3.1797e+07 9.6094e+06
0.331 3.8327e+07 9.5946e+06
0.332 3.8777e+07 9.5799e+06
0.333 3.958e+07 9.5652e+06
0.334 4.9184e+07 9.5505e+06
0.335 3.5777e+07 9.536e+06
0.336 4.8709e+07 9.5215e+06
0.337 4.1498e+07 9.507e+06
0.338 4.631e+07 9.4927e+06
0.339 3.5659e+07 9.4783e+06
0.34 3.2082e+07 9.4641e+06
0.341 2.7628e+07 9.4499e+06
0.342 3.5811e+07 9.4358e+06
0.343 5.2193e+07 9.4217e+06
0.344 5.2642e+07 9.4077e+06
0.345 4.1089e+07 9.3938e+06
0.346 2.3748e+07 9.3799e+06
0.347 4.3666e+07 9.3661e+06
0.348 3.6136e+07 9.3523e+06
0.349 3.5393e+07 9.3386e+06
0.35 4.5591e+07 9.325e+06
0.351 2.6532e+07 9.3114e+06
0.352 2.8767e+07 9.2979e+06
0.353 3.6343e+07 9.2844e+06
0.354 2.0632e+07 9.271e+06
0.355 5.0327e+07 9.2577e+06
0.356 3.7478e+07 9.2444e+06
0.357 3.301e+07 9.2312e+06
0.358 2.2853e+07 9.218e+06
0.359 3.9472e+07 9.2049e+06
0.36 4.5679e+07 9.1919e+06
0.361 2.1859e+07 9.1789e+06
0.362 3.5049e+07 9.166e+06
0.363 3.8482e+07 9.1531e+06
0.364 2.4416e+07 9.1403e+06
0.365 3.7618e+07 9.1275e+06
0.366 5.2059e+07 9.1148e+06
0.367 3.4202e+07 9.1022e+06
0.368 2.464e+07 9.0896e+06
0.369 2.7748e+07 9.0771e+06
0.37 3.5379e+07 9.0646e+06
0.371 3.4375e+07 9.0522e+06
0.372 4.0954e+07 9.0398e+06
0.373 4.5218e+07 9.0275e+06
0.374 3.0742e+07 9.0152e+06
0.375 3.6582e+07 9.003e+06
0.376 3.7081e+07 8.9909e+06
0.377 3.1014e+07 8.9788e+06
0.378 3.6759e+07 8.9667e+06
0.379 2.4929e+07 8.9547e+06
0.38 4.2326e+07 8.9428e+06
0.381 2.5563e+07 8.9309e+06
0.382 4.3361e+07 8.9191e+06
0.383 4.4146e+07 8.9073e+06
0.384 3.9967e+07 8.8955e+06
0.385 4.1613e+07 8.8838e+06
0.386 1.6436e+07 8.8722e+06
0.387 2.3681e+07 8.8606e+06
0.388 2.3602e+07 8.849e+06
0.389 1.5339e+07 8.8375e+06
0.39 2.1635e+07 8.8261e+06
0.391 3.3403e+07 8.8147e+06
0.392 3.4341e+07 8.8033e+06
0.393 1.7058e+07 8.792e+06
0.394 2.5259e+07 8.7807e+06
0.395 2.8441e+07 8.7695e+06
0.396 3.4436e+07 8.7583e+06
0.397 2.3558e+07 8.7472e+06
0.398 3.39e+07 8.7361e+06
0.399 3.9504e+07 8.7251e+06
0.4 3.5662e+07 8.714e+06
0.401 2.9486e+07 8.7031e+06
0.402 3.3351e+07 8.6922e+06
0.403 4.7849e+07 8.6813e+06
0.404 2.9048e+07 8.6704e+06
0.405 2.9295e+07 8.6596e+06
0.406 4.9185e+07 8.6489e+06
0.407 2.5967e+07 8.6382e+06
0.408 3.6619e+07 8.6275e+06
0.409 2.7886e+07 8.6168e+06
0.41 3.6967e+07 8.6062e+06
0.411 2.6985e+07 8.5957e+06
0.412 2.974e+07 8.5851e+06
0.413 2.5069e+07 8.5747e+06
0.414 4.2392e+07 8.5642e+06
0.415 3.2496e+07 8.5538e+06
0.416 2.9052e+07 8.5434e+06
0.417 2.4843e+07 8.5331e+06
0.418 3.6981e+07 8.5228e+06
0.419 3.6801e+07 8.5125e+06
0.42 2.7551e+07 8.5023e+06
0.421 2.9081e+07 8.4921e+06
0.422 4.6499e+07 8.4819e+06
0.423 3.4544e+07 8.4718e+06
0.424 2.584e+07 8.4617e+06
0.425 3.3781e+07 8.4517e+06
0.426 4.2348e+07 8.4417e+06
0.427 2.3021e+07 8.4317e+06
0.428 4.2566e+07 8.4217e+06
0.429 2.8874e+07 8.4118e+06
0.43 3.3368e+07 8.4019e+06
0.431 1.9566e+07 8.3921e+06
0.432 3.6013e+07 8.3823e+06
0.433 2.8953e+07 8.3725e+06
0.434 3.9657e+07 8.3628e+06
0.435 3.6047e+07 8.353e+06
0.436 1.9386e+07 8.3434e+06
0.437 2.2321e+07 8.3337e+06
0.438 3.9552e+07 8.3241e+06
0.439 3.2066e+07 8.3145e+06
0.44 4.927e+07 8.305e+06
0.441 3.2461e+07 8.2955e+06
0.442 1.993e+07 8.286e+06
0.443 3.1074e+07 8.2765e+06
0.444 3.0829e+07 8.2671e+06
0.445 3.8862e+07 8.2577e+06
0.446 4.4514e+07 8.2484e+06
0.447 3.6028e+07 8.2391e+06
0.448 1.7423e+07 8.2298e+06
0.449 2.1034e+07 8.2205e+06
0.45 2.0001e+07 8.2113e+06
0.451 2.4519e+07 8.2021e+06
0.452 2.2862e+07 8.193e+06
0.453 2.1809e+07 8.1838e+06
0.454 3.281e+07 8.1747e+06
0.455 2.1817e+07 8.1657e+06
0.456 2.4535e+07 8.1567e+06
0.457 4.5819e+07 8.1477e+06
0.458 2.0791e+07 8.1387e+06
0.459 2.8122e+07 8.1298e+06
0.46 3.4253e+07 8.1208e+06
0.461 4.0221e+07 8.112e+06
0.462 4.2614e+07 8.1031e+06
0.463 2.3875e+07 8.0943e+06
0.464 3.3962e+07 8.0855e+06
0.465 2.1936e+07 8.0768e+06
0.466 2.0421e+07 8.0681e+06
0.467 4.7256e+07 8.0594e+06
0.468 3.8929e+07 8.0507e+06
0.469 1.5304e+07 8.0421e+06
0.47 3.8627e+07 8.0335e+06
0.471 3.2686e+07 8.025e+06
0.472 3.0202e+07 8.0164e+06
0.473 2.3684e+07 8.0079e+06
0.474 2.5757e+07 7.9994e+06
0.475 4.5775e+07 7.991e+06
0.476 3.0029e+07 7.9826e+06
0.477 1.7453e+07 7.9742e+06
0.478 3.7087e+07 7.9659e+06
0.479 4.0395e+07 7.9575e+06
0.48 3.904e+07 7.9492e+06
0.481 4.1045e+07 7.941e+06
0.482 3.3407e+07 7.9327e+06
0.483 3.4161e+07 7.9245e+06
0.484 1.3314e+07 7.9163e+06
0.485 3.9863e+07 7.9082e+06
0.486 3.9154e+07 7.9001e+06
0.487 2.5408e+07 7.892e+06
0.488 3.2508e+07 7.8839e+06
0.489 3.5406e+07 7.8759e+06
0.49 4.202e+07 7.8678e+06
0.491 2.9025e+07 7.8599e+06
0.492 2.8348e+07 7.8519e+06
0.493 2.5407e+07 7.844e+06
0.494 2.9929e+07 7.836e+06
0.495 4.0411e+07 7.8282e+06
0.496 3.2453e+07 7.8203e+06
0.497 3.275e+07 7.8125e+06
0.498 3.9275e+07 7.8047e+06
0.499 3.8196e+07 7.7969e+06
0.5 1.3277e+07 7.7891e+06
