0.001 9.4027e+09 5.6027e+08
0.002 1.0325e+10 3.9611e+08
0.003 1.0605e+10 3.2333e+08
0.004 9.7993e+09 2.7991e+08
0.005 1.0138e+10 2.5024e+08
0.006 1.012e+10 2.283e+08
0.007 1.0669e+10 2.1122e+08
0.008 1.0033e+10 1.9741e+08
0.009 1.0478e+10 1.8595e+08
0.01 1.0408e+10 1.7623e+08
0.011 1.0099e+10 1.6784e+08
0.012 1.0337e+10 1.605e+08
0.013 1.0002e+10 1.5399e+08
0.014 1.0103e+10 1.4818e+08
0.015 1.0242e+10 1.4293e+08
0.016 9.8516e+09 1.3816e+08
0.017 1.0052e+10 1.338e+08
0.018 9.946e+09 1.2979e+08
0.019 9.894e+09 1.2608e+08
0.02 9.8509e+09 1.2263e+08
0.021 9.822e+09 1.1942e+08
0.022 9.5499e+09 1.1641e+08
0.023 9.3556e+09 1.1358e+08
0.024 9.4758e+09 1.1091e+08
0.025 9.3469e+09 1.0839e+08
0.026 9.3018e+09 1.06e+08
0.027 9.146e+09 1.0373e+08
0.028 9.0628e+09 1.0157e+08
0.029 9.0964e+09 9.9504e+07
0.03 9.0696e+09 9.7532e+07
0.031 8.8215e+09 9.5642e+07
0.032 8.9537e+09 9.3829e+07
0.033 8.6525e+09 9.2087e+07
0.034 8.9518e+09 9.041e+07
0.035 8.7156e+09 8.8793e+07
0.036 8.6004e+09 8.7234e+07
0.037 8.4533e+09 8.5727e+07
0.038 8.381e+09 8.4269e+07
0.039 8.3089e+09 8.2858e+07
0.04 8.1994e+09 8.149e+07
0.041 8.2077e+09 8.0162e+07
0.042 8.0291e+09 7.8873e+07
0.043 7.9418e+09 7.7621e+07
0.044 7.9729e+09 7.6402e+07
0.045 7.8666e+09 7.5217e+07
0.046 7.6015e+09 7.4062e+07
0.047 7.4689e+09 7.2936e+07
0.048 7.5041e+09 7.1838e+07
0.049 7.3846e+09 7.0767e+07
0.05 7.2635e+09 6.9721e+07
0.051 7.0864e+09 6.87e+07
0.052 7.1998e+09 6.7702e+07
0.053 6.8216e+09 6.6726e+07
0.054 6.8969e+09 6.5771e+07
0.055 6.7795e+09 6.4837e+07
0.056 6.7054e+09 6.3923e+07
0.057 6.5436e+09 6.3029e+07
0.058 6.4063e+09 6.2152e+07
0.059 6.2872e+09 6.1294e+07
0.06 6.2204e+09 6.0452e+07
0.061 6.1421e+09 5.9628e+07
0.062 6.1211e+09 5.8819e+07
0.063 5.8163e+09 5.8027e+07
0.064 5.7578e+09 5.7249e+07
0.065 5.7665e+09 5.6487e+07
0.066 5.545e+09 5.5739e+07
0.067 5.5923e+09 5.5005e+07
0.068 5.3974e+09 5.4284e+07
0.069 5.2814e+09 5.3578e+07
0.07 5.1905e+09 5.2884e+07
0.071 5.0397e+09 5.2203e+07
0.072 5.0721e+09 5.1535e+07
0.073 4.9285e+09 5.0879e+07
0.074 4.7947e+09 5.0235e+07
0.075 4.7422e+09 4.9603e+07
0.076 4.6633e+09 4.8982e+07
0.077 4.511e+09 4.8373e+07
0.078 4.4015e+09 4.7774e+07
0.079 4.325e+09 4.7187e+07
0.08 4.2839e+09 4.6611e+07
0.081 4.1245e+09 4.6045e+07
0.082 4.0361e+09 4.5489e+07
0.083 3.9397e+09 4.4944e+07
0.084 3.8043e+09 4.4409e+07
0.085 3.8141e+09 4.3884e+07
0.086 3.7128e+09 4.3368e+07
0.087 3.6641e+09 4.2862e+07
0.088 3.583e+09 4.2366e+07
0.089 3.5075e+09 4.1879e+07
0.09 3.4339e+09 4.1401e+07
0.091 3.3724e+09 4.0933e+07
0.092 3.2401e+09 4.0473e+07
0.093 3.1089e+09 4.0022e+07
0.094 2.9974e+09 3.958e+07
0.095 3.0434e+09 3.9146e+07
0.096 2.9515e+09 3.8721e+07
0.097 2.8833e+09 3.8304e+07
0.098 2.8197e+09 3.7895e+07
0.099 2.733e+09 3.7495e+07
0.1 2.6744e+09 3.7103e+07
0.101 2.6123e+09 3.6718e+07
0.102 2.5181e+09 3.6341e+07
0.103 2.5036e+09 3.5972e+07
0.104 2.4037e+09 3.561e+07
0.105 2.4106e+09 3.5256e+07
0.106 2.3187e+09 3.4909e+07
0.107 2.2373e+09 3.4569e+07
0.108 2.1172e+09 3.4236e+07
0.109 2.0634e+09 3.391e+07
0.11 2.1122e+09 3.3591e+07
0.111 1.9979e+09 3.3279e+07
0.112 1.9554e+09 3.2974e+07
0.113 1.9357e+09 3.2674e+07
0.114 1.89e+09 3.2382e+07
0.115 1.8485e+09 3.2095e+07
0.116 1.7735e+09 3.1815e+07
0.117 1.7291e+09 3.1541e+07
0.118 1.6882e+09 3.1272e+07
0.119 1.6641e+09 3.101e+07
0.12 1.6254e+09 3.0753e+07
0.121 1.5246e+09 3.0501e+07
0.122 1.5421e+09 3.0256e+07
0.123 1.5092e+09 3.0015e+07
0.124 1.4529e+09 2.978e+07
0.125 1.4364e+09 2.955e+07
0.126 1.3593e+09 2.9325e+07
0.127 1.369e+09 2.9104e+07
0.128 1.3235e+09 2.8889e+07
0.129 1.272e+09 2.8678e+07
0.13 1.2579e+09 2.8472e+07
0.131 1.2203e+09 2.827e+07
0.132 1.1845e+09 2.8072e+07
0.133 1.1707e+09 2.7879e+07
0.134 1.1741e+09 2.769e+07
0.135 1.0865e+09 2.7505e+07
0.136 1.0972e+09 2.7323e+07
0.137 1.0393e+09 2.7146e+07
0.138 1.0297e+09 2.6972e+07
0.139 1.0345e+09 2.6802e+07
0.14 1.0232e+09 2.6635e+07
0.141 1.0025e+09 2.6472e+07
0.142 9.0745e+08 2.6312e+07
0.143 8.9764e+08 2.6155e+07
0.144 9.4158e+08 2.6002e+07
0.145 8.8409e+08 2.5851e+07
0.146 8.574e+08 2.5704e+07
0.147 8.4521e+08 2.5559e+07
0.148 8.5768e+08 2.5417e+07
0.149 8.0271e+08 2.5277e+07
0.15 8.018e+08 2.5141e+07
0.151 8.2318e+08 2.5006e+07
0.152 7.4811e+08 2.4875e+07
0.153 7.229e+08 2.4745e+07
0.154 7.8007e+08 2.4618e+07
0.155 6.8994e+08 2.4493e+07
0.156 7.6278e+08 2.4371e+07
0.157 6.7957e+08 2.425e+07
0.158 6.4871e+08 2.4131e+07
0.159 6.3399e+08 2.4015e+07
0.16 6.4997e+08 2.39e+07
0.161 6.3312e+08 2.3787e+07
0.162 6.0192e+08 2.3676e+07
0.163 6.3659e+08 2.3566e+07
0.164 5.644e+08 2.3459e+07
0.165 5.8518e+08 2.3353e+07
0.166 6.0354e+08 2.3248e+07
0.167 5.6379e+08 2.3145e+07
0.168 5.567e+08 2.3043e+07
0.169 5.5722e+08 2.2943e+07
0.17 5.3987e+08 2.2845e+07
0.171 5.2341e+08 2.2747e+07
0.172 5.2818e+08 2.2651e+07
0.173 4.9728e+08 2.2557e+07
0.174 5.1866e+08 2.2463e+07
0.175 4.8141e+08 2.2371e+07
0.176 4.7813e+08 2.228e+07
0.177 4.6256e+08 2.219e+07
0.178 4.5606e+08 2.2101e+07
0.179 4.2695e+08 2.2013e+07
0.18 4.5965e+08 2.1927e+07
0.181 4.459e+08 2.1841e+07
0.182 4.6424e+08 2.1756e+07
0.183 4.0238e+08 2.1673e+07
0.184 4.2046e+08 2.159e+07
0.185 4.0186e+08 2.1508e+07
0.186 3.8504e+08 2.1428e+07
0.187 3.8289e+08 2.1348e+07
0.188 3.4928e+08 2.1269e+07
0.189 3.4374e+08 2.1191e+07
0.19 4.2377e+08 2.1113e+07
0.191 3.2798e+08 2.1037e+07
0.192 3.7593e+08 2.0962e+07
0.193 3.6713e+08 2.0887e+07
0.194 3.6099e+08 2.0813e+07
0.195 3.4624e+08 2.074e+07
0.196 3.2283e+08 2.0668e+07
0.197 3.2865e+08 2.0596e+07
0.198 3.0251e+08 2.0525e+07
0.199 2.9447e+08 2.0455e+07
0.2 3.073e+08 2.0386e+07
0.201 2.7474e+08 2.0317e+07
0.202 2.388e+08 2.025e+07
0.203 2.7574e+08 2.0183e+07
0.204 2.8496e+08 2.0116e+07
0.205 2.4237e+08 2.005e+07
0.206 2.5872e+08 1.9986e+07
0.207 1.9585e+08 1.9921e+07
0.208 2.3402e+08 1.9858e+07
0.209 2.5166e+08 1.9795e+07
0.21 2.2183e+08 1.9732e+07
0.211 2.5146e+08 1.9671e+07
0.212 2.3322e+08 1.961e+07
0.213 2.557e+08 1.955e+07
0.214 2.0442e+08 1.949e+07
0.215 1.8552e+08 1.9431e+07
0.216 1.8952e+08 1.9373e+07
0.217 2.1713e+08 1.9315e+07
0.218 1.8704e+08 1.9258e+07
0.219 1.9477e+08 1.9201e+07
0.22 1.7949e+08 1.9146e+07
0.221 1.8254e+08 1.909e+07
0.222 1.4913e+08 1.9036e+07
0.223 1.9043e+08 1.8982e+07
0.224 1.5272e+08 1.8928e+07
0.225 1.3888e+08 1.8875e+07
0.226 1.621e+08 1.8823e+07
0.227 1.6146e+08 1.8771e+07
0.228 1.4649e+08 1.872e+07
0.229 1.2036e+08 1.8669e+07
0.23 1.5512e+08 1.8619e+07
0.231 1.1938e+08 1.857e+07
0.232 1.3211e+08 1.8521e+07
0.233 1.6029e+08 1.8472e+07
0.234 1.2019e+08 1.8424e+07
0.235 1.2694e+08 1.8377e+07
0.236 1.6583e+08 1.833e+07
0.237 1.1134e+08 1.8284e+07
0.238 1.2862e+08 1.8238e+07
0.239 1.294e+08 1.8192e+07
0.24 1.2434e+08 1.8147e+07
0.241 1.4947e+08 1.8103e+07
0.242 6.8443e+07 1.8059e+07
0.243 1.0225e+08 1.8016e+07
0.244 8.4631e+07 1.7973e+07
0.245 1.1157e+08 1.793e+07
0.246 1.0948e+08 1.7888e+07
0.247 9.0242e+07 1.7846e+07
0.248 5.9682e+07 1.7805e+07
0.249 8.4384e+07 1.7764e+07
0.25 8.9452e+07 1.7724e+07
0.251 1.0493e+08 1.7684e+07
0.252 1.2397e+08 1.7644e+07
0.253 5.9236e+07 1.7605e+07
0.254 8.0756e+07 1.7566e+07
0.255 6.0327e+07 1.7528e+07
0.256 6.388e+07 1.749e+07
0.257 9.7597e+07 1.7452e+07
0.258 9.4386e+07 1.7415e+07
0.259 9.6856e+07 1.7378e+07
0.26 1.1198e+08 1.7341e+07
0.261 9.6022e+07 1.7305e+07
0.262 5.4502e+07 1.7269e+07
0.263 8.922e+07 1.7233e+07
0.264 7.29e+07 1.7198e+07
0.265 7.5096e+07 1.7163e+07
0.266 5.8887e+07 1.7128e+07
0.267 4.9169e+07 1.7094e+07
0.268 7.1072e+07 1.706e+07
0.269 5.7935e+07 1.7026e+07
0.27 5.5083e+07 1.6993e+07
0.271 5.8594e+07 1.696e+07
0.272 3.3949e+07 1.6927e+07
0.273 5.5714e+07 1.6894e+07
0.274 6.957e+07 1.6862e+07
0.275 6.4736e+07 1.6829e+07
0.276 8.2486e+07 1.6798e+07
0.277 5.9092e+07 1.6766e+07
0.278 7.2861e+07 1.6735e+07
0.279 7.0768e+07 1.6703e+07
0.28 5.1466e+07 1.6673e+07
0.281 5.0383e+07 1.6642e+07
0.282 7.4285e+07 1.6611e+07
0.283 5.0013e+07 1.6581e+07
0.284 5.1012e+07 1.6551e+07
0.285 4.0693e+07 1.6521e+07
0.286 8.9977e+07 1.6492e+07
0.287 4.8798e+07 1.6462e+07
0.288 8.8964e+07 1.6433e+07
0.289 7.3198e+07 1.6404e+07
0.29 2.8756e+07 1.6375e+07
0.291 4.5607e+07 1.6347e+07
0.292 3.7068e+07 1.6318e+07
0.293 5.6661e+07 1.629e+07
0.294 7.3119e+07 1.6262e+07
0.295 5.1658e+07 1.6234e+07
0.296 3.8559e+07 1.6206e+07
0.297 3.9655e+07 1.6178e+07
0.298 6.888e+07 1.6151e+07
0.299 7.2774e+07 1.6124e+07
0.3 3.7364e+07 1.6097e+07
0.301 4.8146e+07 1.607e+07
0.302 5.4503e+07 1.6043e+07
0.303 6.0911e+07 1.6016e+07
0.304 3.7206e+07 1.599e+07
0.305 4.5702e+07 1.5963e+07
0.306 6.3661e+07 1.5937e+07
0.307 6.7866e+07 1.5911e+07
0.308 7.75e+07 1.5885e+07
0.309 6.0983e+07 1.5859e+07
0.31 5.8652e+07 1.5834e+07
0.311 6.1983e+07 1.5808e+07
0.312 6.7282e+07 1.5783e+07
0.313 5.6365e+07 1.5757e+07
0.314 3.3342e+07 1.5732e+07
0.315 4.3696e+07 1.5707e+07
0.316 5.2123e+07 1.5682e+07
0.317 2.9793e+07 1.5658e+07
0.318 4.8313e+07 1.5633e+07
0.319 7.9414e+07 1.5608e+07
0.32 6.1139e+07 1.5584e+07
0.321 7.5017e+07 1.556e+07
0.322 6.4605e+07 1.5536e+07
0.323 7.8574e+07 1.5512e+07
0.324 5.3463e+07 1.5488e+07
0.325 5.476e+07 1.5464e+07
0.326 7.7444e+07 1.544e+07
0.327 6.9359e+07 1.5417e+07
0.328 5.0995e+07 1.5393e+07
0.329 6.6019e+07 1.537e+07
0.33 3.8613e+07 1.5346e+07
0.331 5.1048e+07 1.5323e+07
0.332 5.5979e+07 1.53e+07
0.333 4.7031e+07 1.5277e+07
0.334 6.5627e+07 1.5254e+07
0.335 6.8157e+07 1.5232e+07
0.336 5.4028e+07 1.5209e+07
0.337 8.0603e+07 1.5186e+07
0.338 6.7286e+07 1.5164e+07
0.339 4.0196e+07 1.5142e+07
0.34 9.8881e+07 1.5119e+07
0.341 7.3857e+07 1.5097e+07
0.342 5.6434e+07 1.5075e+07
0.343 5.5905e+07 1.5053e+07
0.344 4.9406e+07 1.5032e+07
0.345 7.0517e+07 1.501e+07
0.346 6.8205e+07 1.4988e+07
0.347 7.7421e+07 1.4967e+07
0.348 7.0929e+07 1.4945e+07
0.349 6.1692e+07 1.4924e+07
0.35 6.748e+07 1.4902e+07
0.351 6.737e+07 1.4881e+07
0.352 6.6888e+07 1.486e+07
0.353 5.2494e+07 1.4839e+07
0.354 5.3927e+07 1.4818e+07
0.355 5.4069e+07 1.4797e+07
0.356 7.4373e+07 1.4777e+07
0.357 6.45e+07 1.4756e+07
0.358 5.9473e+07 1.4735e+07
0.359 7.2083e+07 1.4715e+07
0.36 5.0196e+07 1.4695e+07
0.361 7.7238e+07 1.4674e+07
0.362 6.8653e+07 1.4654e+07
0.363 6.066e+07 1.4634e+07
0.364 6.087e+07 1.4614e+07
0.365 5.879e+07 1.4594e+07
0.366 5.2456e+07 1.4574e+07
0.367 7.3029e+07 1.4554e+07
0.368 6.9255e+07 1.4534e+07
0.369 5.9093e+07 1.4515e+07
0.37 7.3054e+07 1.4495e+07
0.371 4.3211e+07 1.4476e+07
0.372 3.4721e+07 1.4456e+07
0.373 4.1858e+07 1.4437e+07
0.374 6.3347e+07 1.4418e+07
0.375 7.7604e+07 1.4398e+07
0.376 5.4878e+07 1.4379e+07
0.377 5.4785e+07 1.436e+07
0.378 5.2949e+07 1.4341e+07
0.379 7.0413e+07 1.4322e+07
0.38 7.4398e+07 1.4304e+07
0.381 5.3102e+07 1.4285e+07
0.382 6.7594e+07 1.4266e+07
0.383 4.8551e+07 1.4248e+07
0.384 7.3454e+07 1.4229e+07
0.385 4.4563e+07 1.4211e+07
0.386 7.0134e+07 1.4192e+07
0.387 5.4199e+07 1.4174e+07
0.388 6.5848e+07 1.4156e+07
0.389 5.5042e+07 1.4138e+07
0.39 7.2382e+07 1.4119e+07
0.391 4.8287e+07 1.4101e+07
0.392 5.8713e+07 1.4083e+07
0.393 6.1538e+07 1.4065e+07
0.394 4.7509e+07 1.4048e+07
0.395 6.1769e+07 1.403e+07
0.396 4.5517e+07 1.4012e+07
0.397 7.2736e+07 1.3994e+07
0.398 5.0166e+07 1.3977e+07
0.399 6.6758e+07 1.3959e+07
0.4 5.3761e+07 1.3942e+07
0.401 8.8713e+07 1.3925e+07
0.402 7.4791e+07 1.3907e+07
0.403 7.985e+07 1.389e+07
0.404 4.3776e+07 1.3873e+07
0.405 5.6404e+07 1.3856e+07
0.406 5.0993e+07 1.3838e+07
0.407 6.5262e+07 1.3821e+07
0.408 6.4856e+07 1.3804e+07
0.409 6.5875e+07 1.3788e+07
0.41 5.7646e+07 1.3771e+07
0.411 7.8293e+07 1.3754e+07
0.412 6.6282e+07 1.3737e+07
0.413 4.6281e+07 1.372e+07
0.414 4.6186e+07 1.3704e+07
0.415 4.547e+07 1.3687e+07
0.416 8.3164e+07 1.3671e+07
0.417 5.882e+07 1.3654e+07
0.418 4.0722e+07 1.3638e+07
0.419 3.6279e+07 1.3622e+07
0.42 4.8459e+07 1.3605e+07
0.421 5.6093e+07 1.3589e+07
0.422 5.4519e+07 1.3573e+07
0.423 5.2843e+07 1.3557e+07
0.424 4.1625e+07 1.3541e+07
0.425 7.872e+07 1.3525e+07
0.426 4.7615e+07 1.3509e+07
0.427 4.1279e+07 1.3493e+07
0.428 5.8729e+07 1.3477e+07
0.429 4.9399e+07 1.3461e+07
0.43 4.3389e+07 1.3446e+07
0.431 5.5144e+07 1.343e+07
0.432 5.7953e+07 1.3414e+07
0.433 5.9038e+07 1.3399e+07
0.434 5.7053e+07 1.3383e+07
0.435 8.7381e+07 1.3368e+07
0.436 7.7104e+07 1.3352e+07
0.437 6.7159e+07 1.3337e+07
0.438 4.7535e+07 1.3322e+07
0.439 5.9967e+07 1.3306e+07
0.44 3.4344e+07 1.3291e+07
0.441 3.0568e+07 1.3276e+07
0.442 6.2733e+07 1.3261e+07
0.443 6.2854e+07 1.3246e+07
0.444 6.5684e+07 1.3231e+07
0.445 7.9587e+07 1.3216e+07
0.446 4.6083e+07 1.3201e+07
0.447 7.3125e+07 1.3186e+07
0.448 7.3793e+07 1.3171e+07
0.449 2.3848e+07 1.3156e+07
0.45 5.9511e+07 1.3142e+07
0.451 6.5223e+07 1.3127e+07
0.452 3.7681e+07 1.3112e+07
0.453 4.9252e+07 1.3098e+07
0.454 5.2653e+07 1.3083e+07
0.455 8.3943e+07 1.3069e+07
0.456 7.6973e+07 1.3054e+07
0.457 4.8816e+07 1.304e+07
0.458 5.719e+07 1.3026e+07
0.459 5.811e+07 1.3012e+07
0.46 5.8795e+07 1.2997e+07
0.461 3.9151e+07 1.2983e+07
0.462 6.1565e+07 1.2969e+07
0.463 4.2448e+07 1.2955e+07
0.464 6.5937e+07 1.2941e+07
0.465 5.2993e+07 1.2927e+07
0.466 5.0659e+07 1.2913e+07
0.467 5.158e+07 1.2899e+07
0.468 4.4244e+07 1.2885e+07
0.469 4.6741e+07 1.2871e+07
0.47 8.4825e+07 1.2858e+07
0.471 6.3945e+07 1.2844e+07
0.472 8.1263e+07 1.283e+07
0.473 4.925e+07 1.2817e+07
0.474 3.5901e+07 1.2803e+07
0.475 5.5148e+07 1.279e+07
0.476 4.5165e+07 1.2776e+07
0.477 6.5885e+07 1.2763e+07
0.478 4.2675e+07 1.2749e+07
0.479 7.5966e+07 1.2736e+07
0.48 7.5078e+07 1.2723e+07
0.481 5.4797e+07 1.271e+07
0.482 5.216e+07 1.2696e+07
0.483 8.4629e+07 1.2683e+07
0.484 4.6313e+07 1.267e+07
0.485 3.8425e+07 1.2657e+07
0.486 4.7474e+07 1.2644e+07
0.487 6.2371e+07 1.2631e+07
0.488 6.2892e+07 1.2618e+07
0.489 5.162e+07 1.2605e+07
0.49 4.1249e+07 1.2592e+07
0.491 4.7012e+07 1.258e+07
0.492 5.1086e+07 1.2567e+07
0.493 4.3568e+07 1.2554e+07
0.494 8.6825e+07 1.2541e+07
0.495 5.8616e+07 1.2529e+07
0.496 7.8356e+07 1.2516e+07
0.497 6.3113e+07 1.2504e+07
0.498 5.6056e+07 1.2491e+07
0.499 4.2195e+07 1.2478e+07
0.5 6.2586e+07 1.2466e+07
