500 0 0
437.29 37.287 62.713
408.35 58.352 91.648
381.11 81.109 118.89
355.59 105.59 144.41
331.8 131.8 168.2
309.73 159.73 190.27
289.32 189.32 210.68
270.53 220.53 229.47
253.28 253.28 246.72
237.46 287.46 262.54
222.99 322.99 277.01
209.76 359.76 290.24
197.67 397.67 302.33
186.62 436.62 313.38
176.51 476.51 323.49
167.26 517.26 332.74
158.77 558.77 341.23
150.99 600.99 349.01
143.83 643.83 356.17
137.24 687.24 362.76
131.16 731.16 368.84
125.54 775.54 374.46
120.33 820.33 379.67
115.5 865.5 384.5
111.01 911.01 388.99
106.83 956.83 393.17
102.93 1002.9 397.07
99.29 1049.3 400.71
95.879 1095.9 404.12
92.68 1142.7 407.32
89.675 1189.7 410.32
86.849 1236.8 413.15
84.187 1284.2 415.81
81.675 1331.7 418.33
79.302 1379.3 420.7
77.057 1427.1 422.94
74.931 1474.9 425.07
72.914 1522.9 427.09
70.999 1571 429
69.179 1619.2 430.82
67.447 1667.4 432.55
65.796 1715.8 434.2
64.222 1764.2 435.78
62.72 1812.7 437.28
61.284 1861.3 438.72
59.91 1909.9 440.09
58.596 1958.6 441.4
57.336 2007.3 442.66
56.128 2056.1 443.87
