0.001 4.0672e+09 8.1345e+07
0.002 4.4297e+09 8.8594e+07
0.003 4.0028e+09 8.0056e+07
0.004 4.281e+09 8.562e+07
0.005 4.4475e+09 8.8951e+07
0.006 4.2275e+09 8.4551e+07
0.007 4.2738e+09 8.5477e+07
0.008 4.4131e+09 8.8262e+07
0.009 4.3083e+09 8.6166e+07
0.01 4.2358e+09 8.4715e+07
0.011 4.2049e+09 8.4099e+07
0.012 4.1625e+09 8.3249e+07
0.013 4.2234e+09 8.4467e+07
0.014 4.2554e+09 8.5108e+07
0.015 4.291e+09 8.5821e+07
0.016 4.2461e+09 8.4921e+07
0.017 4.2243e+09 8.4487e+07
0.018 4.1717e+09 8.3434e+07
0.019 4.1234e+09 8.2468e+07
0.02 4.1611e+09 8.3222e+07
0.021 4.0726e+09 8.1453e+07
0.022 4.1422e+09 8.2844e+07
0.023 4.0636e+09 8.1271e+07
0.024 4.0496e+09 8.0993e+07
0.025 4.0669e+09 8.1339e+07
0.026 3.9966e+09 7.9932e+07
0.027 3.9506e+09 7.9013e+07
0.028 3.9494e+09 7.8988e+07
0.029 3.9472e+09 7.8945e+07
0.03 3.9429e+09 7.8857e+07
0.031 3.9884e+09 7.9768e+07
0.032 3.8797e+09 7.7594e+07
0.033 3.8118e+09 7.6236e+07
0.034 3.8518e+09 7.7036e+07
0.035 3.7461e+09 7.4922e+07
0.036 3.7553e+09 7.5106e+07
0.037 3.7492e+09 7.4983e+07
0.038 3.7492e+09 7.4984e+07
0.039 3.6892e+09 7.3783e+07
0.04 3.653e+09 7.306e+07
0.041 3.6619e+09 7.3239e+07
0.042 3.6633e+09 7.3266e+07
0.043 3.5776e+09 7.1552e+07
0.044 3.5787e+09 7.1574e+07
0.045 3.5305e+09 7.0609e+07
0.046 3.4857e+09 6.9714e+07
0.047 3.4608e+09 6.9217e+07
0.048 3.4207e+09 6.8415e+07
0.049 3.3458e+09 6.6917e+07
0.05 3.355e+09 6.7101e+07
0.051 3.3327e+09 6.6654e+07
0.052 3.2691e+09 6.5382e+07
0.053 3.214e+09 6.428e+07
0.054 3.1873e+09 6.3746e+07
0.055 3.1482e+09 6.2964e+07
0.056 3.1498e+09 6.2997e+07
0.057 3.1071e+09 6.2141e+07
0.058 3.0925e+09 6.185e+07
0.059 3.029e+09 6.0581e+07
0.06 2.9506e+09 5.9012e+07
0.061 2.9412e+09 5.8825e+07
0.062 2.8902e+09 5.7804e+07
0.063 2.8731e+09 5.7461e+07
0.064 2.8372e+09 5.6744e+07
0.065 2.7948e+09 5.5896e+07
0.066 2.7761e+09 5.5521e+07
0.067 2.7315e+09 5.4629e+07
0.068 2.6911e+09 5.3821e+07
0.069 2.6644e+09 5.3287e+07
0.07 2.6112e+09 5.2224e+07
0.071 2.5718e+09 5.1436e+07
0.072 2.5366e+09 5.0733e+07
0.073 2.4719e+09 4.9439e+07
0.074 2.4624e+09 4.9248e+07
0.075 2.4025e+09 4.805e+07
0.076 2.4027e+09 4.8055e+07
0.077 2.3119e+09 4.6237e+07
0.078 2.2943e+09 4.5887e+07
0.079 2.2613e+09 4.5227e+07
0.08 2.2366e+09 4.4731e+07
0.081 2.1825e+09 4.3649e+07
0.082 2.1577e+09 4.3153e+07
0.083 2.1229e+09 4.2458e+07
0.084 2.1046e+09 4.2093e+07
0.085 2.0168e+09 4.0336e+07
0.086 2.0132e+09 4.0263e+07
0.087 1.9761e+09 3.9522e+07
0.088 1.8941e+09 3.7883e+07
0.089 1.8976e+09 3.7953e+07
0.09 1.8756e+09 3.7512e+07
0.091 1.8351e+09 3.6703e+07
0.092 1.8064e+09 3.6128e+07
0.093 1.7692e+09 3.5384e+07
0.094 1.7086e+09 3.4173e+07
0.095 1.7071e+09 3.4142e+07
0.096 1.6609e+09 3.3219e+07
0.097 1.6353e+09 3.2705e+07
0.098 1.6183e+09 3.2366e+07
0.099 1.5762e+09 3.1525e+07
0.1 1.5089e+09 3.0178e+07
0.101 1.4981e+09 2.9963e+07
0.102 1.4642e+09 2.9284e+07
0.103 1.4182e+09 2.8364e+07
0.104 1.3904e+09 2.7808e+07
0.105 1.3824e+09 2.7649e+07
0.106 1.3341e+09 2.6682e+07
0.107 1.3093e+09 2.6185e+07
0.108 1.2375e+09 2.4749e+07
0.109 1.2459e+09 2.4917e+07
0.11 1.215e+09 2.43e+07
0.111 1.1958e+09 2.3917e+07
0.112 1.1754e+09 2.3508e+07
0.113 1.1368e+09 2.2737e+07
0.114 1.1298e+09 2.2595e+07
0.115 1.073e+09 2.1461e+07
0.116 1.0597e+09 2.1194e+07
0.117 1.0266e+09 2.0531e+07
0.118 1.0108e+09 2.0215e+07
0.119 9.633e+08 1.9266e+07
0.12 9.4391e+08 1.8878e+07
0.121 9.2317e+08 1.8463e+07
0.122 8.7938e+08 1.7588e+07
0.123 8.8077e+08 1.7615e+07
0.124 8.394e+08 1.6788e+07
0.125 8.3454e+08 1.6691e+07
0.126 8.1115e+08 1.6223e+07
0.127 7.7788e+08 1.5558e+07
0.128 7.4637e+08 1.4927e+07
0.129 7.1677e+08 1.4335e+07
0.13 7.1534e+08 1.4307e+07
0.131 6.9956e+08 1.3991e+07
0.132 6.8626e+08 1.3725e+07
0.133 6.4214e+08 1.2843e+07
0.134 6.3448e+08 1.269e+07
0.135 6.2776e+08 1.2555e+07
0.136 5.9103e+08 1.1821e+07
0.137 5.8055e+08 1.1611e+07
0.138 5.7257e+08 1.1451e+07
0.139 5.4652e+08 1.093e+07
0.14 5.5964e+08 1.1193e+07
0.141 5.2018e+08 1.0404e+07
0.142 4.8109e+08 9.6218e+06
0.143 4.8028e+08 9.6056e+06
0.144 4.6894e+08 9.3787e+06
0.145 4.443e+08 8.8859e+06
0.146 4.2958e+08 8.5916e+06
0.147 4.2454e+08 8.4908e+06
0.148 4.0434e+08 8.0868e+06
0.149 3.9964e+08 7.9929e+06
0.15 3.6779e+08 7.3557e+06
0.151 3.708e+08 7.4159e+06
0.152 3.5155e+08 7.031e+06
0.153 3.457e+08 6.914e+06
0.154 3.3037e+08 6.6075e+06
0.155 3.305e+08 6.6099e+06
0.156 3.0477e+08 6.0953e+06
0.157 3.0709e+08 6.1419e+06
0.158 2.9252e+08 5.8504e+06
0.159 2.8005e+08 5.6011e+06
0.16 2.7153e+08 5.4305e+06
0.161 2.6925e+08 5.3851e+06
0.162 2.3553e+08 4.7105e+06
0.163 2.3037e+08 4.6073e+06
0.164 2.1946e+08 4.3892e+06
0.165 2.291e+08 4.5821e+06
0.166 2.2834e+08 4.5668e+06
0.167 2.0063e+08 4.0126e+06
0.168 1.9694e+08 3.9389e+06
0.169 2.023e+08 4.046e+06
0.17 1.8964e+08 3.7928e+06
0.171 1.904e+08 3.808e+06
0.172 1.7862e+08 3.5725e+06
0.173 1.6385e+08 3.277e+06
0.174 1.4691e+08 2.9382e+06
0.175 1.5941e+08 3.1882e+06
0.176 1.6007e+08 3.2014e+06
0.177 1.3595e+08 2.719e+06
0.178 1.4007e+08 2.8014e+06
0.179 1.3896e+08 2.7792e+06
0.18 1.338e+08 2.676e+06
0.181 1.2591e+08 2.5182e+06
0.182 9.9222e+07 1.9844e+06
0.183 1.1704e+08 2.3408e+06
0.184 1.2183e+08 2.4366e+06
0.185 1.1908e+08 2.3815e+06
0.186 9.6966e+07 1.9393e+06
0.187 9.5723e+07 1.9145e+06
0.188 9.8844e+07 1.9769e+06
0.189 8.9636e+07 1.7927e+06
0.19 9.4828e+07 1.8966e+06
0.191 1.0196e+08 2.0392e+06
0.192 8.6767e+07 1.7353e+06
0.193 7.6963e+07 1.5393e+06
0.194 8.5593e+07 1.7119e+06
0.195 8.8625e+07 1.7725e+06
0.196 7.4304e+07 1.4861e+06
0.197 7.8156e+07 1.5631e+06
0.198 7.7204e+07 1.5441e+06
0.199 8.358e+07 1.6716e+06
0.2 6.663e+07 1.3326e+06
0.201 7.0267e+07 1.4053e+06
0.202 6.1371e+07 1.2274e+06
0.203 6.6752e+07 1.335e+06
0.204 5.5987e+07 1.1197e+06
0.205 6.0639e+07 1.2128e+06
0.206 7.082e+07 1.4164e+06
0.207 6.6488e+07 1.3298e+06
0.208 5.2883e+07 1.0577e+06
0.209 6.0853e+07 1.2171e+06
0.21 5.7417e+07 1.1483e+06
0.211 6.1989e+07 1.2398e+06
0.212 5.5154e+07 1.1031e+06
0.213 5.928e+07 1.1856e+06
0.214 5.8744e+07 1.1749e+06
0.215 6.082e+07 1.2164e+06
0.216 5.0816e+07 1.0163e+06
0.217 5.3941e+07 1.0788e+06
0.218 5.0852e+07 1.017e+06
0.219 5.1587e+07 1.0317e+06
0.22 4.3234e+07 8.6467e+05
0.221 6.7686e+07 1.3537e+06
0.222 6.3654e+07 1.2731e+06
0.223 4.5051e+07 9.0102e+05
0.224 5.2876e+07 1.0575e+06
0.225 5.5921e+07 1.1184e+06
0.226 3.9164e+07 7.8327e+05
0.227 6.3778e+07 1.2756e+06
0.228 3.9602e+07 7.9204e+05
0.229 4.3008e+07 8.6016e+05
0.23 5.0978e+07 1.0196e+06
0.231 5.0169e+07 1.0034e+06
0.232 5.9315e+07 1.1863e+06
0.233 5.1603e+07 1.0321e+06
0.234 5.1603e+07 1.0321e+06
0.235 6.4577e+07 1.2915e+06
0.236 6.4382e+07 1.2876e+06
0.237 5.5565e+07 1.1113e+06
0.238 4.3885e+07 8.777e+05
0.239 5.4566e+07 1.0913e+06
0.24 5.2817e+07 1.0563e+06
0.241 5.7711e+07 1.1542e+06
0.242 4.4572e+07 8.9144e+05
0.243 5.742e+07 1.1484e+06
0.244 4.7465e+07 9.4931e+05
0.245 4.828e+07 9.6559e+05
0.246 5.3325e+07 1.0665e+06
0.247 4.7147e+07 9.4294e+05
0.248 5.4776e+07 1.0955e+06
0.249 5.2808e+07 1.0562e+06
0.25 5.0955e+07 1.0191e+06
0.251 5.2937e+07 1.0587e+06
0.252 4.9905e+07 9.981e+05
0.253 5.1282e+07 1.0256e+06
0.254 5.1495e+07 1.0299e+06
0.255 4.7957e+07 9.5914e+05
0.256 6.6298e+07 1.326e+06
0.257 5.6475e+07 1.1295e+06
0.258 5.8849e+07 1.177e+06
0.259 5.3564e+07 1.0713e+06
0.26 5.5023e+07 1.1005e+06
0.261 5.8807e+07 1.1761e+06
0.262 5.5436e+07 1.1087e+06
0.263 4.9809e+07 9.9619e+05
0.264 4.5019e+07 9.0039e+05
0.265 5.3594e+07 1.0719e+06
0.266 5.2585e+07 1.0517e+06
0.267 4.5395e+07 9.079e+05
0.268 5.8839e+07 1.1768e+06
0.269 5.6512e+07 1.1302e+06
0.27 5.8357e+07 1.1671e+06
0.271 5.3169e+07 1.0634e+06
0.272 4.8618e+07 9.7235e+05
0.273 5.6665e+07 1.1333e+06
0.274 5.0513e+07 1.0103e+06
0.275 4.4844e+07 8.9689e+05
0.276 5.5024e+07 1.1005e+06
0.277 5.3731e+07 1.0746e+06
0.278 5.4983e+07 1.0997e+06
0.279 5.3785e+07 1.0757e+06
0.28 5.8229e+07 1.1646e+06
0.281 5.5461e+07 1.1092e+06
0.282 5.5719e+07 1.1144e+06
0.283 5.2004e+07 1.0401e+06
0.284 5.2752e+07 1.055e+06
0.285 5.0178e+07 1.0036e+06
0.286 4.7844e+07 9.5687e+05
0.287 5.1079e+07 1.0216e+06
0.288 5.2649e+07 1.053e+06
0.289 5.6506e+07 1.1301e+06
0.29 4.7722e+07 9.5444e+05
0.291 5.2046e+07 1.0409e+06
0.292 5.1172e+07 1.0234e+06
0.293 3.7376e+07 7.4752e+05
0.294 4.5912e+07 9.1824e+05
0.295 4.64e+07 9.28e+05
0.296 4.1379e+07 8.2758e+05
0.297 5.2605e+07 1.0521e+06
0.298 5.5973e+07 1.1195e+06
0.299 4.1513e+07 8.3026e+05
0.3 4.6602e+07 9.3205e+05
0.301 4.7372e+07 9.4744e+05
0.302 5.1098e+07 1.022e+06
0.303 4.9646e+07 9.9291e+05
0.304 4.9225e+07 9.845e+05
0.305 3.8883e+07 7.7766e+05
0.306 3.5546e+07 7.1092e+05
0.307 5.4542e+07 1.0908e+06
0.308 4.7164e+07 9.4329e+05
0.309 4.516e+07 9.032e+05
0.31 3.9255e+07 7.851e+05
0.311 4.3604e+07 8.7209e+05
0.312 3.9606e+07 7.9211e+05
0.313 4.4567e+07 8.9134e+05
0.314 3.6783e+07 7.3566e+05
0.315 3.0898e+07 6.1797e+05
0.316 3.8391e+07 7.6782e+05
0.317 3.7442e+07 7.4884e+05
0.318 3.817e+07 7.6341e+05
0.319 4.0229e+07 8.0458e+05
0.32 2.8894e+07 5.7788e+05
0.321 2.9199e+07 5.8398e+05
0.322 3.6269e+07 7.2539e+05
0.323 3.3926e+07 6.7851e+05
0.324 3.943e+07 7.8859e+05
0.325 3.0379e+07 6.0758e+05
0.326 2.8173e+07 5.6345e+05
0.327 3.3867e+07 6.7733e+05
0.328 3.0023e+07 6.0046e+05
0.329 3.5565e+07 7.113e+05
0.33 3.5279e+07 7.0558e+05
0.331 3.2158e+07 6.4316e+05
0.332 4.1718e+07 8.3436e+05
0.333 3.3841e+07 6.7683e+05
0.334 3.4219e+07 6.8439e+05
0.335 3.1773e+07 6.3546e+05
0.336 2.3821e+07 4.7642e+05
0.337 3.3049e+07 6.6099e+05
0.338 2.6754e+07 5.3508e+05
0.339 3.1498e+07 6.2996e+05
0.34 2.4404e+07 4.8809e+05
0.341 3.4905e+07 6.981e+05
0.342 2.7508e+07 5.5016e+05
0.343 2.7736e+07 5.5472e+05
0.344 2.2248e+07 4.4495e+05
0.345 3.0339e+07 6.0678e+05
0.346 2.9288e+07 5.8577e+05
0.347 2.0774e+07 4.1547e+05
0.348 2.9314e+07 5.8627e+05
0.349 2.3016e+07 4.6032e+05
0.35 2.8289e+07 5.6578e+05
0.351 1.9646e+07 3.9293e+05
0.352 2.064e+07 4.1279e+05
0.353 2.1897e+07 4.3793e+05
0.354 3.3087e+07 6.6173e+05
0.355 2.2375e+07 4.475e+05
0.356 2.208e+07 4.416e+05
0.357 3.41e+07 6.82e+05
0.358 2.3885e+07 4.7769e+05
0.359 2.6141e+07 5.2283e+05
0.36 1.9055e+07 3.8111e+05
0.361 1.9678e+07 3.9355e+05
0.362 1.427e+07 2.8539e+05
0.363 2.401e+07 4.802e+05
0.364 2.3921e+07 4.7842e+05
0.365 2.6357e+07 5.2713e+05
0.366 2.3865e+07 4.773e+05
0.367 2.2626e+07 4.5252e+05
0.368 1.7446e+07 3.4892e+05
0.369 2.5117e+07 5.0234e+05
0.37 1.5517e+07 3.1035e+05
0.371 2.1331e+07 4.2662e+05
0.372 1.546e+07 3.0919e+05
0.373 1.6137e+07 3.2273e+05
0.374 2.5374e+07 5.0749e+05
0.375 2.2481e+07 4.4962e+05
0.376 2.364e+07 4.7279e+05
0.377 2.3754e+07 4.7509e+05
0.378 2.6036e+07 5.2071e+05
0.379 2.1304e+07 4.2609e+05
0.38 2.0735e+07 4.1471e+05
0.381 2.7671e+07 5.5342e+05
0.382 1.4176e+07 2.8352e+05
0.383 1.666e+07 3.332e+05
0.384 1.9732e+07 3.9465e+05
0.385 2.16e+07 4.32e+05
0.386 1.8493e+07 3.6985e+05
0.387 3.1455e+07 6.291e+05
0.388 2.2658e+07 4.5315e+05
0.389 2.9318e+07 5.8637e+05
0.39 2.4306e+07 4.8612e+05
0.391 2.4801e+07 4.9602e+05
0.392 2.0429e+07 4.0858e+05
0.393 2.2369e+07 4.4739e+05
0.394 1.8158e+07 3.6317e+05
0.395 2.4662e+07 4.9324e+05
0.396 2.1401e+07 4.2803e+05
0.397 1.8114e+07 3.6229e+05
0.398 2.5347e+07 5.0694e+05
0.399 2.0128e+07 4.0256e+05
0.4 1.9944e+07 3.9889e+05
0.401 2.2175e+07 4.435e+05
0.402 1.6062e+07 3.2124e+05
0.403 2.1014e+07 4.2028e+05
0.404 2.2408e+07 4.4815e+05
0.405 1.8468e+07 3.6937e+05
0.406 1.9496e+07 3.8993e+05
0.407 2.3765e+07 4.753e+05
0.408 1.9577e+07 3.9154e+05
0.409 2.0653e+07 4.1306e+05
0.41 1.718e+07 3.4361e+05
0.411 2.1498e+07 4.2997e+05
0.412 3.0414e+07 6.0828e+05
0.413 1.6565e+07 3.313e+05
0.414 1.7918e+07 3.5836e+05
0.415 3.1292e+07 6.2584e+05
0.416 2.2194e+07 4.4387e+05
0.417 2.1923e+07 4.3846e+05
0.418 2.9725e+07 5.9449e+05
0.419 2.7559e+07 5.5118e+05
0.42 1.8255e+07 3.651e+05
0.421 2.1689e+07 4.3378e+05
0.422 2.4756e+07 4.9511e+05
0.423 2.5164e+07 5.0327e+05
0.424 1.9681e+07 3.9361e+05
0.425 2.512e+07 5.0239e+05
0.426 2.2703e+07 4.5405e+05
0.427 3.1818e+07 6.3637e+05
0.428 1.3626e+07 2.7252e+05
0.429 2.2773e+07 4.5545e+05
0.43 3.0767e+07 6.1534e+05
0.431 2.4573e+07 4.9146e+05
0.432 1.6297e+07 3.2594e+05
0.433 2.5657e+07 5.1314e+05
0.434 1.8421e+07 3.6842e+05
0.435 2.5222e+07 5.0444e+05
0.436 2.5051e+07 5.0102e+05
0.437 2.0437e+07 4.0874e+05
0.438 2.1494e+07 4.2989e+05
0.439 2.6151e+07 5.2303e+05
0.44 2.1839e+07 4.3679e+05
0.441 2.4357e+07 4.8713e+05
0.442 1.5761e+07 3.1523e+05
0.443 2.0175e+07 4.035e+05
0.444 2.4258e+07 4.8515e+05
0.445 3.1325e+07 6.265e+05
0.446 2.0227e+07 4.0454e+05
0.447 1.7589e+07 3.5177e+05
0.448 1.5535e+07 3.107e+05
0.449 3.0402e+07 6.0804e+05
0.45 1.6968e+07 3.3937e+05
0.451 2.1744e+07 4.3488e+05
0.452 2.3307e+07 4.6614e+05
0.453 3.4156e+07 6.8312e+05
0.454 3.0125e+07 6.025e+05
0.455 1.4963e+07 2.9925e+05
0.456 2.684e+07 5.3681e+05
0.457 1.7809e+07 3.5618e+05
0.458 2.8159e+07 5.6318e+05
0.459 2.4084e+07 4.8168e+05
0.46 2.1852e+07 4.3704e+05
0.461 2.5331e+07 5.0661e+05
0.462 2.3508e+07 4.7017e+05
0.463 2.2657e+07 4.5314e+05
0.464 2.1361e+07 4.2723e+05
0.465 2.8495e+07 5.699e+05
0.466 1.5666e+07 3.1332e+05
0.467 2.0434e+07 4.0868e+05
0.468 2.2065e+07 4.413e+05
0.469 1.7713e+07 3.5426e+05
0.47 1.929e+07 3.8581e+05
0.471 2.5468e+07 5.0937e+05
0.472 2.8148e+07 5.6296e+05
0.473 2.4159e+07 4.8317e+05
0.474 2.106e+07 4.2121e+05
0.475 1.8911e+07 3.7821e+05
0.476 2.5796e+07 5.1592e+05
0.477 2.4535e+07 4.907e+05
0.478 1.1888e+07 2.3777e+05
0.479 2.0293e+07 4.0587e+05
0.48 1.3906e+07 2.7813e+05
0.481 1.9498e+07 3.8996e+05
0.482 2.3138e+07 4.6276e+05
0.483 1.4424e+07 2.8848e+05
0.484 2.3164e+07 4.6328e+05
0.485 1.7456e+07 3.4912e+05
0.486 2.0886e+07 4.1772e+05
0.487 1.7728e+07 3.5456e+05
0.488 7.1864e+06 1.4373e+05
0.489 1.934e+07 3.8681e+05
0.49 1.7252e+07 3.4505e+05
0.491 1.5187e+07 3.0374e+05
0.492 1.5709e+07 3.1419e+05
0.493 1.5703e+07 3.1406e+05
0.494 2.2422e+07 4.4843e+05
0.495 1.8726e+07 3.7451e+05
0.496 1.7058e+07 3.4116e+05
0.497 2.757e+07 5.514e+05
0.498 1.9753e+07 3.9506e+05
0.499 1.0806e+07 2.1611e+05
0.5 2.5506e+07 5.1012e+05
