0.001 2.5265e+09 5.053e+07
0.002 2.7198e+09 5.4396e+07
0.003 2.5467e+09 5.0933e+07
0.004 2.5084e+09 5.0167e+07
0.005 2.5468e+09 5.0936e+07
0.006 2.6249e+09 5.2499e+07
0.007 2.608e+09 5.2161e+07
0.008 2.4442e+09 4.8884e+07
0.009 2.5444e+09 5.0889e+07
0.01 2.6072e+09 5.2143e+07
0.011 2.6208e+09 5.2416e+07
0.012 2.5566e+09 5.1132e+07
0.013 2.4866e+09 4.9733e+07
0.014 2.5319e+09 5.0638e+07
0.015 2.479e+09 4.958e+07
0.016 2.4901e+09 4.9801e+07
0.017 2.5102e+09 5.0205e+07
0.018 2.5017e+09 5.0034e+07
0.019 2.4914e+09 4.9829e+07
0.02 2.4455e+09 4.891e+07
0.021 2.5064e+09 5.0128e+07
0.022 2.4564e+09 4.9129e+07
0.023 2.476e+09 4.9519e+07
0.024 2.3998e+09 4.7996e+07
0.025 2.4016e+09 4.8032e+07
0.026 2.419e+09 4.838e+07
0.027 2.3959e+09 4.7919e+07
0.028 2.3713e+09 4.7425e+07
0.029 2.3786e+09 4.7573e+07
0.03 2.3507e+09 4.7014e+07
0.031 2.362e+09 4.7241e+07
0.032 2.3382e+09 4.6763e+07
0.033 2.3409e+09 4.6819e+07
0.034 2.2648e+09 4.5296e+07
0.035 2.3045e+09 4.6089e+07
0.036 2.2647e+09 4.5295e+07
0.037 2.2278e+09 4.4556e+07
0.038 2.2638e+09 4.5277e+07
0.039 2.2026e+09 4.4052e+07
0.04 2.1741e+09 4.3482e+07
0.041 2.1774e+09 4.3549e+07
0.042 2.1622e+09 4.3244e+07
0.043 2.156e+09 4.3121e+07
0.044 2.1056e+09 4.2112e+07
0.045 2.1217e+09 4.2435e+07
0.046 2.0753e+09 4.1507e+07
0.047 2.0672e+09 4.1343e+07
0.048 2.066e+09 4.132e+07
0.049 2.0362e+09 4.0723e+07
0.05 1.9886e+09 3.9771e+07
0.051 1.994e+09 3.9879e+07
0.052 1.9728e+09 3.9456e+07
0.053 1.9376e+09 3.8752e+07
0.054 1.9502e+09 3.9003e+07
0.055 1.9004e+09 3.8008e+07
0.056 1.8935e+09 3.787e+07
0.057 1.8653e+09 3.7306e+07
0.058 1.8255e+09 3.6509e+07
0.059 1.8053e+09 3.6106e+07
0.06 1.8071e+09 3.6142e+07
0.061 1.7649e+09 3.5297e+07
0.062 1.742e+09 3.4839e+07
0.063 1.715e+09 3.4299e+07
0.064 1.6965e+09 3.393e+07
0.065 1.6577e+09 3.3155e+07
0.066 1.6484e+09 3.2968e+07
0.067 1.6323e+09 3.2646e+07
0.068 1.6283e+09 3.2565e+07
0.069 1.574e+09 3.148e+07
0.07 1.5526e+09 3.1051e+07
0.071 1.5487e+09 3.0975e+07
0.072 1.5433e+09 3.0865e+07
0.073 1.5078e+09 3.0155e+07
0.074 1.4839e+09 2.9678e+07
0.075 1.4606e+09 2.9213e+07
0.076 1.4273e+09 2.8547e+07
0.077 1.3771e+09 2.7541e+07
0.078 1.3938e+09 2.7875e+07
0.079 1.3487e+09 2.6973e+07
0.08 1.3501e+09 2.7001e+07
0.081 1.3132e+09 2.6263e+07
0.082 1.2938e+09 2.5875e+07
0.083 1.2543e+09 2.5086e+07
0.084 1.2446e+09 2.4893e+07
0.085 1.2401e+09 2.4802e+07
0.086 1.2123e+09 2.4246e+07
0.087 1.1874e+09 2.3748e+07
0.088 1.1583e+09 2.3166e+07
0.089 1.1481e+09 2.2962e+07
0.09 1.1208e+09 2.2416e+07
0.091 1.0908e+09 2.1816e+07
0.092 1.09e+09 2.1801e+07
0.093 1.0547e+09 2.1094e+07
0.094 1.026e+09 2.0519e+07
0.095 9.9999e+08 2e+07
0.096 1.0036e+09 2.0072e+07
0.097 9.8332e+08 1.9666e+07
0.098 9.5508e+08 1.9102e+07
0.099 9.2972e+08 1.8594e+07
0.1 9.245e+08 1.849e+07
0.101 8.9755e+08 1.7951e+07
0.102 8.7325e+08 1.7465e+07
0.103 8.5765e+08 1.7153e+07
0.104 8.518e+08 1.7036e+07
0.105 8.0597e+08 1.6119e+07
0.106 8.1359e+08 1.6272e+07
0.107 7.7767e+08 1.5553e+07
0.108 7.7259e+08 1.5452e+07
0.109 7.5355e+08 1.5071e+07
0.11 7.3626e+08 1.4725e+07
0.111 7.2195e+08 1.4439e+07
0.112 7.0964e+08 1.4193e+07
0.113 6.6169e+08 1.3234e+07
0.114 6.6955e+08 1.3391e+07
0.115 6.5343e+08 1.3069e+07
0.116 6.2881e+08 1.2576e+07
0.117 6.25e+08 1.25e+07
0.118 6.1283e+08 1.2257e+07
0.119 5.9689e+08 1.1938e+07
0.12 5.7308e+08 1.1462e+07
0.121 5.5741e+08 1.1148e+07
0.122 5.4653e+08 1.0931e+07
0.123 5.5699e+08 1.114e+07
0.124 5.122e+08 1.0244e+07
0.125 5.0661e+08 1.0132e+07
0.126 5.102e+08 1.0204e+07
0.127 4.8141e+08 9.6282e+06
0.128 4.6313e+08 9.2626e+06
0.129 4.463e+08 8.926e+06
0.13 4.3055e+08 8.6111e+06
0.131 4.3165e+08 8.633e+06
0.132 4.0716e+08 8.1431e+06
0.133 4.0278e+08 8.0556e+06
0.134 3.915e+08 7.8299e+06
0.135 3.8005e+08 7.601e+06
0.136 3.7693e+08 7.5387e+06
0.137 3.5963e+08 7.1926e+06
0.138 3.5039e+08 7.0079e+06
0.139 3.3634e+08 6.7268e+06
0.14 3.1644e+08 6.3289e+06
0.141 3.3178e+08 6.6355e+06
0.142 3.0591e+08 6.1181e+06
0.143 2.8907e+08 5.7815e+06
0.144 2.9713e+08 5.9426e+06
0.145 2.8559e+08 5.7118e+06
0.146 2.7133e+08 5.4266e+06
0.147 2.7611e+08 5.5221e+06
0.148 2.5207e+08 5.0414e+06
0.149 2.5051e+08 5.0101e+06
0.15 2.3798e+08 4.7596e+06
0.151 2.2752e+08 4.5505e+06
0.152 2.2099e+08 4.4199e+06
0.153 2.0102e+08 4.0203e+06
0.154 2.1749e+08 4.3499e+06
0.155 1.9779e+08 3.9557e+06
0.156 1.9392e+08 3.8784e+06
0.157 1.8528e+08 3.7056e+06
0.158 1.8786e+08 3.7572e+06
0.159 1.7444e+08 3.4888e+06
0.16 1.6767e+08 3.3533e+06
0.161 1.7869e+08 3.5738e+06
0.162 1.611e+08 3.2219e+06
0.163 1.6091e+08 3.2181e+06
0.164 1.5358e+08 3.0715e+06
0.165 1.5218e+08 3.0437e+06
0.166 1.5261e+08 3.0522e+06
0.167 1.4048e+08 2.8097e+06
0.168 1.3985e+08 2.797e+06
0.169 1.2497e+08 2.4994e+06
0.17 1.3404e+08 2.6808e+06
0.171 1.0491e+08 2.0983e+06
0.172 1.064e+08 2.1281e+06
0.173 1.2327e+08 2.4655e+06
0.174 1.1157e+08 2.2314e+06
0.175 1.0548e+08 2.1096e+06
0.176 1.0124e+08 2.0248e+06
0.177 1.004e+08 2.0081e+06
0.178 9.2071e+07 1.8414e+06
0.179 9.0491e+07 1.8098e+06
0.18 8.9456e+07 1.7891e+06
0.181 8.901e+07 1.7802e+06
0.182 8.3821e+07 1.6764e+06
0.183 9.3994e+07 1.8799e+06
0.184 8.8509e+07 1.7702e+06
0.185 8.4326e+07 1.6865e+06
0.186 9.1423e+07 1.8285e+06
0.187 7.8687e+07 1.5737e+06
0.188 6.9419e+07 1.3884e+06
0.189 6.7283e+07 1.3457e+06
0.19 6.7761e+07 1.3552e+06
0.191 7.4415e+07 1.4883e+06
0.192 6.568e+07 1.3136e+06
0.193 6.2138e+07 1.2428e+06
0.194 5.7449e+07 1.149e+06
0.195 6.1343e+07 1.2269e+06
0.196 5.6957e+07 1.1391e+06
0.197 6.1061e+07 1.2212e+06
0.198 5.7388e+07 1.1478e+06
0.199 6.0485e+07 1.2097e+06
0.2 5.229e+07 1.0458e+06
0.201 5.3616e+07 1.0723e+06
0.202 4.4536e+07 8.9072e+05
0.203 5.4477e+07 1.0895e+06
0.204 4.4079e+07 8.8158e+05
0.205 5.1822e+07 1.0364e+06
0.206 4.5215e+07 9.043e+05
0.207 5.0353e+07 1.0071e+06
0.208 4.985e+07 9.97e+05
0.209 4.0646e+07 8.1291e+05
0.21 4.9982e+07 9.9964e+05
0.211 4.4827e+07 8.9655e+05
0.212 4.9392e+07 9.8784e+05
0.213 4.728e+07 9.456e+05
0.214 4.0774e+07 8.1549e+05
0.215 4.1667e+07 8.3334e+05
0.216 4.6848e+07 9.3695e+05
0.217 4.3781e+07 8.7563e+05
0.218 4.9865e+07 9.9729e+05
0.219 4.4757e+07 8.9515e+05
0.22 4.1022e+07 8.2043e+05
0.221 4.2607e+07 8.5213e+05
0.222 4.901e+07 9.802e+05
0.223 3.9028e+07 7.8056e+05
0.224 3.8183e+07 7.6367e+05
0.225 4.3459e+07 8.6919e+05
0.226 4.4404e+07 8.8807e+05
0.227 3.5433e+07 7.0867e+05
0.228 3.5275e+07 7.0549e+05
0.229 4.2167e+07 8.4333e+05
0.23 4.2053e+07 8.4106e+05
0.231 4.4827e+07 8.9654e+05
0.232 3.5327e+07 7.0655e+05
0.233 4.3856e+07 8.7712e+05
0.234 4.4027e+07 8.8053e+05
0.235 3.7227e+07 7.4455e+05
0.236 4.4948e+07 8.9896e+05
0.237 3.8834e+07 7.7668e+05
0.238 4.4205e+07 8.8409e+05
0.239 3.8449e+07 7.6898e+05
0.24 4.2254e+07 8.4509e+05
0.241 4.2361e+07 8.4722e+05
0.242 4.1767e+07 8.3533e+05
0.243 3.9633e+07 7.9266e+05
0.244 4.3923e+07 8.7847e+05
0.245 4.5839e+07 9.1677e+05
0.246 3.2838e+07 6.5676e+05
0.247 3.7895e+07 7.5789e+05
0.248 4.3548e+07 8.7097e+05
0.249 4.0281e+07 8.0562e+05
0.25 3.841e+07 7.682e+05
0.251 4.1908e+07 8.3816e+05
0.252 4.2749e+07 8.5499e+05
0.253 3.9214e+07 7.8429e+05
0.254 3.2991e+07 6.5982e+05
0.255 4.1765e+07 8.3531e+05
0.256 4.1226e+07 8.2451e+05
0.257 3.5333e+07 7.0666e+05
0.258 3.8777e+07 7.7553e+05
0.259 4.2083e+07 8.4166e+05
0.26 4.3035e+07 8.607e+05
0.261 4.3544e+07 8.7089e+05
0.262 4.1255e+07 8.251e+05
0.263 4.0316e+07 8.0632e+05
0.264 4.3787e+07 8.7575e+05
0.265 3.6135e+07 7.227e+05
0.266 3.7133e+07 7.4265e+05
0.267 3.5799e+07 7.1597e+05
0.268 3.4869e+07 6.9738e+05
0.269 3.7672e+07 7.5344e+05
0.27 3.0571e+07 6.1141e+05
0.271 4.1383e+07 8.2767e+05
0.272 3.7628e+07 7.5256e+05
0.273 3.2694e+07 6.5388e+05
0.274 4.1802e+07 8.3604e+05
0.275 3.5381e+07 7.0763e+05
0.276 3.9287e+07 7.8575e+05
0.277 4.0752e+07 8.1503e+05
0.278 3.9952e+07 7.9904e+05
0.279 3.5201e+07 7.0402e+05
0.28 4.4036e+07 8.8072e+05
0.281 3.2032e+07 6.4064e+05
0.282 3.5962e+07 7.1925e+05
0.283 3.4829e+07 6.9658e+05
0.284 3.479e+07 6.958e+05
0.285 3.0093e+07 6.0186e+05
0.286 4.1037e+07 8.2075e+05
0.287 3.9285e+07 7.8569e+05
0.288 4.3937e+07 8.7875e+05
0.289 3.0674e+07 6.1349e+05
0.29 3.4236e+07 6.8473e+05
0.291 3.6636e+07 7.3271e+05
0.292 3.5444e+07 7.0889e+05
0.293 3.7904e+07 7.5807e+05
0.294 3.7073e+07 7.4145e+05
0.295 2.779e+07 5.5581e+05
0.296 2.9488e+07 5.8976e+05
0.297 3.4442e+07 6.8883e+05
0.298 3.2169e+07 6.4339e+05
0.299 3.2558e+07 6.5116e+05
0.3 3.3113e+07 6.6227e+05
0.301 2.9084e+07 5.8167e+05
0.302 2.6874e+07 5.3749e+05
0.303 2.9313e+07 5.8627e+05
0.304 3.0457e+07 6.0915e+05
0.305 3.5117e+07 7.0234e+05
0.306 3.3269e+07 6.6539e+05
0.307 2.3542e+07 4.7085e+05
0.308 2.9936e+07 5.9871e+05
0.309 3.3351e+07 6.6702e+05
0.31 2.875e+07 5.7499e+05
0.311 2.7217e+07 5.4433e+05
0.312 3.1739e+07 6.3478e+05
0.313 2.9448e+07 5.8897e+05
0.314 2.8744e+07 5.7487e+05
0.315 2.3004e+07 4.6008e+05
0.316 2.7524e+07 5.5049e+05
0.317 2.6006e+07 5.2012e+05
0.318 2.6869e+07 5.3739e+05
0.319 2.7814e+07 5.5627e+05
0.32 3.5341e+07 7.0681e+05
0.321 2.8628e+07 5.7255e+05
0.322 2.8372e+07 5.6744e+05
0.323 2.1727e+07 4.3454e+05
0.324 2.8835e+07 5.767e+05
0.325 2.7769e+07 5.5539e+05
0.326 2.8242e+07 5.6484e+05
0.327 2.6172e+07 5.2344e+05
0.328 2.247e+07 4.494e+05
0.329 2.1676e+07 4.3353e+05
0.33 2.4126e+07 4.8253e+05
0.331 2.1641e+07 4.3282e+05
0.332 2.3222e+07 4.6445e+05
0.333 1.9064e+07 3.8127e+05
0.334 2.5309e+07 5.0618e+05
0.335 2.4579e+07 4.9157e+05
0.336 1.9781e+07 3.9562e+05
0.337 1.6325e+07 3.2649e+05
0.338 2.0108e+07 4.0216e+05
0.339 2.4361e+07 4.8723e+05
0.34 1.8123e+07 3.6247e+05
0.341 1.6237e+07 3.2475e+05
0.342 2.0975e+07 4.195e+05
0.343 2.2016e+07 4.4031e+05
0.344 1.7171e+07 3.4341e+05
0.345 1.5723e+07 3.1446e+05
0.346 2.0791e+07 4.1582e+05
0.347 1.7283e+07 3.4566e+05
0.348 1.9565e+07 3.9129e+05
0.349 1.6904e+07 3.3808e+05
0.35 1.6996e+07 3.3992e+05
0.351 1.7843e+07 3.5686e+05
0.352 2.0751e+07 4.1503e+05
0.353 1.2119e+07 2.4237e+05
0.354 1.602e+07 3.204e+05
0.355 1.6169e+07 3.2338e+05
0.356 1.6651e+07 3.3301e+05
0.357 1.8378e+07 3.6756e+05
0.358 1.1993e+07 2.3986e+05
0.359 1.9345e+07 3.8689e+05
0.36 1.9241e+07 3.8482e+05
0.361 1.7115e+07 3.4231e+05
0.362 1.3307e+07 2.6613e+05
0.363 1.2983e+07 2.5966e+05
0.364 1.7392e+07 3.4784e+05
0.365 1.7834e+07 3.5668e+05
0.366 1.6767e+07 3.3535e+05
0.367 2.0155e+07 4.031e+05
0.368 1.7605e+07 3.5211e+05
0.369 1.5239e+07 3.0479e+05
0.37 1.6906e+07 3.3812e+05
0.371 1.939e+07 3.8781e+05
0.372 1.3069e+07 2.6137e+05
0.373 1.7799e+07 3.5597e+05
0.374 2.054e+07 4.108e+05
0.375 1.6318e+07 3.2635e+05
0.376 1.2415e+07 2.4829e+05
0.377 1.1831e+07 2.3662e+05
0.378 2.1628e+07 4.3256e+05
0.379 1.4988e+07 2.9975e+05
0.38 6.8722e+06 1.3744e+05
0.381 1.5926e+07 3.1852e+05
0.382 1.1899e+07 2.3798e+05
0.383 1.6342e+07 3.2684e+05
0.384 1.1687e+07 2.3375e+05
0.385 1.3575e+07 2.7149e+05
0.386 1.6525e+07 3.305e+05
0.387 1.1748e+07 2.3495e+05
0.388 1.5593e+07 3.1187e+05
0.389 1.4054e+07 2.8107e+05
0.39 1.6164e+07 3.2327e+05
0.391 1.5514e+07 3.1028e+05
0.392 1.8002e+07 3.6005e+05
0.393 1.344e+07 2.6881e+05
0.394 1.5605e+07 3.121e+05
0.395 1.7159e+07 3.4317e+05
0.396 1.6812e+07 3.3623e+05
0.397 2.2125e+07 4.425e+05
0.398 1.8471e+07 3.6941e+05
0.399 1.6768e+07 3.3536e+05
0.4 8.017e+06 1.6034e+05
0.401 1.6617e+07 3.3234e+05
0.402 1.2706e+07 2.5412e+05
0.403 1.7706e+07 3.5413e+05
0.404 1.6727e+07 3.3455e+05
0.405 1.2214e+07 2.4428e+05
0.406 1.0804e+07 2.1609e+05
0.407 9.8753e+06 1.9751e+05
0.408 2.1218e+07 4.2436e+05
0.409 1.5371e+07 3.0741e+05
0.41 1.807e+07 3.6139e+05
0.411 1.636e+07 3.272e+05
0.412 1.2209e+07 2.4417e+05
0.413 1.4756e+07 2.9512e+05
0.414 1.3812e+07 2.7624e+05
0.415 1.4686e+07 2.9372e+05
0.416 1.8689e+07 3.7377e+05
0.417 1.1636e+07 2.3271e+05
0.418 1.6487e+07 3.2975e+05
0.419 1.8901e+07 3.7802e+05
0.42 1.5556e+07 3.1113e+05
0.421 1.3849e+07 2.7699e+05
0.422 1.0943e+07 2.1886e+05
0.423 1.7865e+07 3.573e+05
0.424 1.2584e+07 2.5169e+05
0.425 1.6509e+07 3.3019e+05
0.426 1.5538e+07 3.1075e+05
0.427 1.4226e+07 2.8452e+05
0.428 1.757e+07 3.514e+05
0.429 1.7732e+07 3.5464e+05
0.43 1.5132e+07 3.0264e+05
0.431 1.5816e+07 3.1632e+05
0.432 7.6975e+06 1.5395e+05
0.433 1.1584e+07 2.3168e+05
0.434 9.944e+06 1.9888e+05
0.435 1.4566e+07 2.9133e+05
0.436 1.2273e+07 2.4545e+05
0.437 1.5478e+07 3.0956e+05
0.438 1.4977e+07 2.9955e+05
0.439 1.4168e+07 2.8336e+05
0.44 1.713e+07 3.426e+05
0.441 1.5777e+07 3.1555e+05
0.442 1.4815e+07 2.963e+05
0.443 1.6384e+07 3.2768e+05
0.444 1.3016e+07 2.6032e+05
0.445 1.5466e+07 3.0933e+05
0.446 1.8278e+07 3.6556e+05
0.447 1.2007e+07 2.4015e+05
0.448 2.0116e+07 4.0233e+05
0.449 1.6663e+07 3.3327e+05
0.45 1.4149e+07 2.8297e+05
0.451 1.19e+07 2.3799e+05
0.452 1.206e+07 2.4119e+05
0.453 1.3554e+07 2.7109e+05
0.454 1.5324e+07 3.0647e+05
0.455 1.2699e+07 2.5398e+05
0.456 1.9118e+07 3.8236e+05
0.457 1.3083e+07 2.6165e+05
0.458 2.0885e+07 4.177e+05
0.459 1.476e+07 2.9519e+05
0.46 1.2887e+07 2.5774e+05
0.461 1.8336e+07 3.6672e+05
0.462 1.4706e+07 2.9411e+05
0.463 1.4019e+07 2.8037e+05
0.464 5.9433e+06 1.1887e+05
0.465 1.236e+07 2.472e+05
0.466 1.7546e+07 3.5092e+05
0.467 1.2688e+07 2.5376e+05
0.468 1.422e+07 2.844e+05
0.469 1.9503e+07 3.9006e+05
0.47 1.1458e+07 2.2917e+05
0.471 1.3624e+07 2.7248e+05
0.472 1.7133e+07 3.4265e+05
0.473 9.8839e+06 1.9768e+05
0.474 1.1421e+07 2.2842e+05
0.475 1.7398e+07 3.4795e+05
0.476 1.3886e+07 2.7771e+05
0.477 8.9693e+06 1.7939e+05
0.478 1.6081e+07 3.2162e+05
0.479 1.8425e+07 3.6851e+05
0.48 9.477e+06 1.8954e+05
0.481 1.1573e+07 2.3146e+05
0.482 1.205e+07 2.41e+05
0.483 8.7296e+06 1.7459e+05
0.484 1.2962e+07 2.5925e+05
0.485 1.384e+07 2.7681e+05
0.486 1.7668e+07 3.5337e+05
0.487 1.6447e+07 3.2893e+05
0.488 1.6176e+07 3.2352e+05
0.489 1.2393e+07 2.4786e+05
0.49 1.2658e+07 2.5316e+05
0.491 1.2219e+07 2.4438e+05
0.492 1.6533e+07 3.3065e+05
0.493 1.2815e+07 2.5631e+05
0.494 1.2913e+07 2.5826e+05
0.495 1.4888e+07 2.9776e+05
0.496 1.3119e+07 2.6238e+05
0.497 1.3883e+07 2.7767e+05
0.498 1.3819e+07 2.7637e+05
0.499 1.5763e+07 3.1527e+05
0.5 1.6686e+07 3.3373e+05
