0.001 5.5748e+09 1.115e+08
0.002 5.4078e+09 1.0816e+08
0.003 5.3134e+09 1.0627e+08
0.004 5.3589e+09 1.0718e+08
0.005 5.1283e+09 1.0257e+08
0.006 5.0629e+09 1.0126e+08
0.007 5.0357e+09 1.0071e+08
0.008 5.1168e+09 1.0234e+08
0.009 5.1961e+09 1.0392e+08
0.01 5.1458e+09 1.0292e+08
0.011 5.0671e+09 1.0134e+08
0.012 5.1847e+09 1.0369e+08
0.013 5.063e+09 1.0126e+08
0.014 4.9706e+09 9.9412e+07
0.015 5.0876e+09 1.0175e+08
0.016 5.0336e+09 1.0067e+08
0.017 5.059e+09 1.0118e+08
0.018 5.0397e+09 1.0079e+08
0.019 4.9086e+09 9.8172e+07
0.02 4.9584e+09 9.9168e+07
0.021 4.9557e+09 9.9115e+07
0.022 5.003e+09 1.0006e+08
0.023 4.8958e+09 9.7915e+07
0.024 4.8475e+09 9.695e+07
0.025 4.7987e+09 9.5975e+07
0.026 4.8366e+09 9.6733e+07
0.027 4.7821e+09 9.5643e+07
0.028 4.7685e+09 9.537e+07
0.029 4.7385e+09 9.4771e+07
0.03 4.6706e+09 9.3412e+07
0.031 4.6709e+09 9.3418e+07
0.032 4.6529e+09 9.3059e+07
0.033 4.6479e+09 9.2958e+07
0.034 4.5832e+09 9.1664e+07
0.035 4.5159e+09 9.0319e+07
0.036 4.5769e+09 9.1537e+07
0.037 4.4185e+09 8.837e+07
0.038 4.4466e+09 8.8932e+07
0.039 4.423e+09 8.846e+07
0.04 4.2948e+09 8.5896e+07
0.041 4.3637e+09 8.7274e+07
0.042 4.3638e+09 8.7277e+07
0.043 4.3098e+09 8.6195e+07
0.044 4.2614e+09 8.5228e+07
0.045 4.2084e+09 8.4167e+07
0.046 4.1113e+09 8.2225e+07
0.047 4.1452e+09 8.2905e+07
0.048 4.0696e+09 8.1393e+07
0.049 4.0693e+09 8.1385e+07
0.05 4.0305e+09 8.0611e+07
0.051 3.9918e+09 7.9835e+07
0.052 3.9039e+09 7.8078e+07
0.053 3.8413e+09 7.6826e+07
0.054 3.8903e+09 7.7807e+07
0.055 3.7799e+09 7.5597e+07
0.056 3.7681e+09 7.5362e+07
0.057 3.7434e+09 7.4869e+07
0.058 3.6566e+09 7.3132e+07
0.059 3.671e+09 7.342e+07
0.06 3.5593e+09 7.1186e+07
0.061 3.5203e+09 7.0407e+07
0.062 3.4742e+09 6.9484e+07
0.063 3.4452e+09 6.8905e+07
0.064 3.4779e+09 6.9558e+07
0.065 3.4125e+09 6.825e+07
0.066 3.3032e+09 6.6064e+07
0.067 3.2909e+09 6.5819e+07
0.068 3.2367e+09 6.4733e+07
0.069 3.1961e+09 6.3923e+07
0.07 3.1325e+09 6.2651e+07
0.071 3.0744e+09 6.1488e+07
0.072 3.0513e+09 6.1025e+07
0.073 3.0224e+09 6.0448e+07
0.074 2.9588e+09 5.9176e+07
0.075 2.9172e+09 5.8345e+07
0.076 2.8426e+09 5.6853e+07
0.077 2.8168e+09 5.6335e+07
0.078 2.8129e+09 5.6258e+07
0.079 2.7327e+09 5.4654e+07
0.08 2.6905e+09 5.381e+07
0.081 2.6221e+09 5.2442e+07
0.082 2.5764e+09 5.1527e+07
0.083 2.5282e+09 5.0564e+07
0.084 2.5024e+09 5.0047e+07
0.085 2.4809e+09 4.9619e+07
0.086 2.4396e+09 4.8792e+07
0.087 2.3878e+09 4.7757e+07
0.088 2.3404e+09 4.6809e+07
0.089 2.2633e+09 4.5265e+07
0.09 2.2231e+09 4.4461e+07
0.091 2.1869e+09 4.3738e+07
0.092 2.1724e+09 4.3448e+07
0.093 2.1142e+09 4.2285e+07
0.094 2.0818e+09 4.1637e+07
0.095 2.0641e+09 4.1282e+07
0.096 1.9902e+09 3.9803e+07
0.097 1.9623e+09 3.9246e+07
0.098 1.8872e+09 3.7743e+07
0.099 1.879e+09 3.758e+07
0.1 1.8168e+09 3.6336e+07
0.101 1.7928e+09 3.5855e+07
0.102 1.7795e+09 3.559e+07
0.103 1.705e+09 3.41e+07
0.104 1.688e+09 3.376e+07
0.105 1.6673e+09 3.3347e+07
0.106 1.6294e+09 3.2588e+07
0.107 1.5927e+09 3.1853e+07
0.108 1.5467e+09 3.0933e+07
0.109 1.5014e+09 3.0029e+07
0.11 1.4624e+09 2.9248e+07
0.111 1.4313e+09 2.8627e+07
0.112 1.4231e+09 2.8463e+07
0.113 1.336e+09 2.672e+07
0.114 1.3444e+09 2.6887e+07
0.115 1.2859e+09 2.5717e+07
0.116 1.27e+09 2.54e+07
0.117 1.2394e+09 2.4789e+07
0.118 1.2076e+09 2.4152e+07
0.119 1.1873e+09 2.3746e+07
0.12 1.1276e+09 2.2551e+07
0.121 1.1142e+09 2.2285e+07
0.122 1.0725e+09 2.1451e+07
0.123 1.0599e+09 2.1199e+07
0.124 1.0023e+09 2.0047e+07
0.125 1.0043e+09 2.0086e+07
0.126 9.7548e+08 1.951e+07
0.127 9.4575e+08 1.8915e+07
0.128 9.4237e+08 1.8847e+07
0.129 8.6765e+08 1.7353e+07
0.13 8.6814e+08 1.7363e+07
0.131 8.544e+08 1.7088e+07
0.132 8.0479e+08 1.6096e+07
0.133 8.0578e+08 1.6116e+07
0.134 7.7889e+08 1.5578e+07
0.135 7.6243e+08 1.5249e+07
0.136 7.4084e+08 1.4817e+07
0.137 7.0784e+08 1.4157e+07
0.138 6.6078e+08 1.3216e+07
0.139 6.6005e+08 1.3201e+07
0.14 6.3795e+08 1.2759e+07
0.141 6.1139e+08 1.2228e+07
0.142 6.0404e+08 1.2081e+07
0.143 5.746e+08 1.1492e+07
0.144 5.7415e+08 1.1483e+07
0.145 5.2729e+08 1.0546e+07
0.146 5.1518e+08 1.0304e+07
0.147 5.2783e+08 1.0557e+07
0.148 5.007e+08 1.0014e+07
0.149 4.8483e+08 9.6966e+06
0.15 4.4402e+08 8.8805e+06
0.151 4.4266e+08 8.8532e+06
0.152 4.4163e+08 8.8325e+06
0.153 4.1384e+08 8.2768e+06
0.154 4.0911e+08 8.1822e+06
0.155 3.6513e+08 7.3027e+06
0.156 3.7969e+08 7.5939e+06
0.157 3.3956e+08 6.7913e+06
0.158 3.7075e+08 7.4151e+06
0.159 3.3996e+08 6.7991e+06
0.16 3.4061e+08 6.8123e+06
0.161 3.2499e+08 6.4997e+06
0.162 3.1172e+08 6.2344e+06
0.163 2.9501e+08 5.9002e+06
0.164 2.6713e+08 5.3426e+06
0.165 2.6534e+08 5.3067e+06
0.166 2.6412e+08 5.2824e+06
0.167 2.3662e+08 4.7324e+06
0.168 2.4007e+08 4.8014e+06
0.169 2.2711e+08 4.5423e+06
0.17 2.1655e+08 4.3309e+06
0.171 2.1454e+08 4.2908e+06
0.172 2.1944e+08 4.3888e+06
0.173 1.8727e+08 3.7455e+06
0.174 1.8878e+08 3.7756e+06
0.175 1.8689e+08 3.7378e+06
0.176 1.6873e+08 3.3747e+06
0.177 1.6148e+08 3.2296e+06
0.178 1.6897e+08 3.3794e+06
0.179 1.5497e+08 3.0994e+06
0.18 1.3798e+08 2.7595e+06
0.181 1.4586e+08 2.9171e+06
0.182 1.431e+08 2.862e+06
0.183 1.3361e+08 2.6722e+06
0.184 1.3415e+08 2.6831e+06
0.185 1.3416e+08 2.6831e+06
0.186 1.1799e+08 2.3599e+06
0.187 1.2342e+08 2.4685e+06
0.188 1.1601e+08 2.3203e+06
0.189 1.0594e+08 2.1187e+06
0.19 1.0781e+08 2.1562e+06
0.191 1.0916e+08 2.1832e+06
0.192 1.084e+08 2.1679e+06
0.193 1.0697e+08 2.1394e+06
0.194 6.7305e+07 1.3461e+06
0.195 1.0818e+08 2.1637e+06
0.196 8.2277e+07 1.6455e+06
0.197 7.6909e+07 1.5382e+06
0.198 8.9035e+07 1.7807e+06
0.199 8.3894e+07 1.6779e+06
0.2 8.3874e+07 1.6775e+06
0.201 6.9785e+07 1.3957e+06
0.202 8.2868e+07 1.6574e+06
0.203 6.7646e+07 1.3529e+06
0.204 7.4723e+07 1.4945e+06
0.205 5.5306e+07 1.1061e+06
0.206 6.8512e+07 1.3702e+06
0.207 7.7604e+07 1.5521e+06
0.208 7.45e+07 1.49e+06
0.209 7.9962e+07 1.5992e+06
0.21 6.0492e+07 1.2098e+06
0.211 6.1315e+07 1.2263e+06
0.212 7.2095e+07 1.4419e+06
0.213 6.5148e+07 1.303e+06
0.214 6.3865e+07 1.2773e+06
0.215 5.3516e+07 1.0703e+06
0.216 6.5826e+07 1.3165e+06
0.217 4.8456e+07 9.6913e+05
0.218 5.2544e+07 1.0509e+06
0.219 7.1496e+07 1.4299e+06
0.22 6.4766e+07 1.2953e+06
0.221 6.1876e+07 1.2375e+06
0.222 4.5815e+07 9.1629e+05
0.223 5.7236e+07 1.1447e+06
0.224 6.2148e+07 1.243e+06
0.225 5.3e+07 1.06e+06
0.226 5.1592e+07 1.0318e+06
0.227 6.7206e+07 1.3441e+06
0.228 6.475e+07 1.295e+06
0.229 5.8364e+07 1.1673e+06
0.23 5.5572e+07 1.1114e+06
0.231 4.9743e+07 9.9485e+05
0.232 5.9464e+07 1.1893e+06
0.233 6.2696e+07 1.2539e+06
0.234 6.2672e+07 1.2534e+06
0.235 6.7298e+07 1.346e+06
0.236 5.0811e+07 1.0162e+06
0.237 6.8736e+07 1.3747e+06
0.238 6.542e+07 1.3084e+06
0.239 7.214e+07 1.4428e+06
0.24 5.0222e+07 1.0044e+06
0.241 6.2683e+07 1.2537e+06
0.242 6.802e+07 1.3604e+06
0.243 6.0701e+07 1.214e+06
0.244 6.2036e+07 1.2407e+06
0.245 7.1541e+07 1.4308e+06
0.246 6.2658e+07 1.2532e+06
0.247 6.6765e+07 1.3353e+06
0.248 5.2316e+07 1.0463e+06
0.249 7.0556e+07 1.4111e+06
0.25 6.251e+07 1.2502e+06
0.251 5.4564e+07 1.0913e+06
0.252 6.1115e+07 1.2223e+06
0.253 6.4206e+07 1.2841e+06
0.254 6.3667e+07 1.2733e+06
0.255 6.1584e+07 1.2317e+06
0.256 6.0666e+07 1.2133e+06
0.257 6.5671e+07 1.3134e+06
0.258 7.2785e+07 1.4557e+06
0.259 6.1577e+07 1.2315e+06
0.26 6.1169e+07 1.2234e+06
0.261 6.0118e+07 1.2024e+06
0.262 7.5054e+07 1.5011e+06
0.263 7.0892e+07 1.4178e+06
0.264 6.9936e+07 1.3987e+06
0.265 5.9939e+07 1.1988e+06
0.266 6.0025e+07 1.2005e+06
0.267 7.8835e+07 1.5767e+06
0.268 6.3118e+07 1.2624e+06
0.269 5.1171e+07 1.0234e+06
0.27 4.8634e+07 9.7269e+05
0.271 5.692e+07 1.1384e+06
0.272 6.4289e+07 1.2858e+06
0.273 6.0703e+07 1.2141e+06
0.274 6.6376e+07 1.3275e+06
0.275 5.3826e+07 1.0765e+06
0.276 6.3188e+07 1.2638e+06
0.277 6.9143e+07 1.3829e+06
0.278 4.653e+07 9.3059e+05
0.279 5.6271e+07 1.1254e+06
0.28 5.5698e+07 1.114e+06
0.281 6.4754e+07 1.2951e+06
0.282 6.3998e+07 1.28e+06
0.283 5.6404e+07 1.1281e+06
0.284 6.5099e+07 1.302e+06
0.285 6.1122e+07 1.2224e+06
0.286 6.3997e+07 1.2799e+06
0.287 6.0097e+07 1.2019e+06
0.288 5.4705e+07 1.0941e+06
0.289 6.51e+07 1.302e+06
0.29 5.9383e+07 1.1877e+06
0.291 6.4131e+07 1.2826e+06
0.292 5.2651e+07 1.053e+06
0.293 5.6898e+07 1.138e+06
0.294 5.7139e+07 1.1428e+06
0.295 6.1851e+07 1.237e+06
0.296 5.4245e+07 1.0849e+06
0.297 6.0206e+07 1.2041e+06
0.298 6.3124e+07 1.2625e+06
0.299 5.6563e+07 1.1313e+06
0.3 5.3911e+07 1.0782e+06
0.301 4.7605e+07 9.521e+05
0.302 4.8515e+07 9.7029e+05
0.303 5.738e+07 1.1476e+06
0.304 4.1493e+07 8.2986e+05
0.305 5.1908e+07 1.0382e+06
0.306 5.3295e+07 1.0659e+06
0.307 4.3393e+07 8.6785e+05
0.308 4.419e+07 8.8381e+05
0.309 5.2445e+07 1.0489e+06
0.31 4.1395e+07 8.2789e+05
0.311 4.3331e+07 8.6662e+05
0.312 4.7779e+07 9.5558e+05
0.313 3.8503e+07 7.7005e+05
0.314 4.3725e+07 8.745e+05
0.315 3.7357e+07 7.4715e+05
0.316 4.0863e+07 8.1726e+05
0.317 4.1271e+07 8.2541e+05
0.318 5.2052e+07 1.041e+06
0.319 4.8666e+07 9.7333e+05
0.32 4.418e+07 8.836e+05
0.321 4.1211e+07 8.2423e+05
0.322 3.4648e+07 6.9296e+05
0.323 4.0169e+07 8.0339e+05
0.324 4.0116e+07 8.0232e+05
0.325 4.674e+07 9.348e+05
0.326 3.3569e+07 6.7139e+05
0.327 4.0926e+07 8.1851e+05
0.328 3.6706e+07 7.3411e+05
0.329 3.0171e+07 6.0343e+05
0.33 2.8762e+07 5.7523e+05
0.331 4.0581e+07 8.1162e+05
0.332 3.0652e+07 6.1304e+05
0.333 3.8256e+07 7.6512e+05
0.334 2.9761e+07 5.9522e+05
0.335 3.7338e+07 7.4677e+05
0.336 3.8274e+07 7.6548e+05
0.337 3.8704e+07 7.7408e+05
0.338 3.9689e+07 7.9377e+05
0.339 3.6588e+07 7.3175e+05
0.34 2.7787e+07 5.5575e+05
0.341 3.6437e+07 7.2873e+05
0.342 3.042e+07 6.0841e+05
0.343 3.3409e+07 6.6818e+05
0.344 3.9022e+07 7.8044e+05
0.345 2.5669e+07 5.1338e+05
0.346 3.1983e+07 6.3967e+05
0.347 3.1765e+07 6.3531e+05
0.348 3.5701e+07 7.1403e+05
0.349 3.614e+07 7.228e+05
0.35 2.8242e+07 5.6485e+05
0.351 2.3332e+07 4.6665e+05
0.352 2.5906e+07 5.1811e+05
0.353 2.8031e+07 5.6061e+05
0.354 2.2262e+07 4.4525e+05
0.355 3.7292e+07 7.4583e+05
0.356 3.5357e+07 7.0714e+05
0.357 2.5068e+07 5.0135e+05
0.358 1.773e+07 3.5461e+05
0.359 2.2442e+07 4.4884e+05
0.36 2.2087e+07 4.4174e+05
0.361 2.4938e+07 4.9877e+05
0.362 1.7158e+07 3.4316e+05
0.363 3.7834e+07 7.5669e+05
0.364 3.6499e+07 7.2999e+05
0.365 2.5274e+07 5.0548e+05
0.366 2.8106e+07 5.6212e+05
0.367 3.685e+07 7.37e+05
0.368 1.7942e+07 3.5884e+05
0.369 3.1128e+07 6.2257e+05
0.37 2.2175e+07 4.4351e+05
0.371 2.8415e+07 5.683e+05
0.372 2.9323e+07 5.8646e+05
0.373 2.5774e+07 5.1547e+05
0.374 2.8703e+07 5.7406e+05
0.375 2.8859e+07 5.7717e+05
0.376 2.8044e+07 5.6088e+05
0.377 3.0356e+07 6.0713e+05
0.378 2.8069e+07 5.6138e+05
0.379 2.4114e+07 4.8228e+05
0.38 2.6296e+07 5.2592e+05
0.381 2.3738e+07 4.7476e+05
0.382 3.1342e+07 6.2683e+05
0.383 1.5327e+07 3.0654e+05
0.384 2.9371e+07 5.8742e+05
0.385 2.6979e+07 5.3957e+05
0.386 1.924e+07 3.8479e+05
0.387 2.4329e+07 4.8658e+05
0.388 2.7038e+07 5.4077e+05
0.389 4.0072e+07 8.0144e+05
0.39 2.5885e+07 5.1769e+05
0.391 2.8252e+07 5.6504e+05
0.392 1.7442e+07 3.4883e+05
0.393 2.3804e+07 4.7607e+05
0.394 2.4629e+07 4.9257e+05
0.395 2.909e+07 5.8181e+05
0.396 2.7104e+07 5.4209e+05
0.397 3.275e+07 6.55e+05
0.398 3.2607e+07 6.5214e+05
0.399 3.065e+07 6.1301e+05
0.4 3.4448e+07 6.8896e+05
0.401 3.0773e+07 6.1547e+05
0.402 2.7356e+07 5.4711e+05
0.403 3.2442e+07 6.4884e+05
0.404 2.6183e+07 5.2366e+05
0.405 2.1891e+07 4.3782e+05
0.406 1.6876e+07 3.3751e+05
0.407 3.3918e+07 6.7837e+05
0.408 2.7779e+07 5.5557e+05
0.409 3.0076e+07 6.0152e+05
0.41 2.4426e+07 4.8852e+05
0.411 2.8002e+07 5.6004e+05
0.412 2.1886e+07 4.3773e+05
0.413 2.5525e+07 5.105e+05
0.414 2.5198e+07 5.0397e+05
0.415 2.1569e+07 4.3138e+05
0.416 1.7524e+07 3.5048e+05
0.417 2.9942e+07 5.9884e+05
0.418 2.2841e+07 4.5681e+05
0.419 3.135e+07 6.2699e+05
0.42 2.8985e+07 5.797e+05
0.421 2.5308e+07 5.0616e+05
0.422 2.3868e+07 4.7735e+05
0.423 2.934e+07 5.868e+05
0.424 2.3758e+07 4.7515e+05
0.425 1.5841e+07 3.1681e+05
0.426 2.9759e+07 5.9518e+05
0.427 3.8072e+07 7.6144e+05
0.428 2.7081e+07 5.4162e+05
0.429 2.4784e+07 4.9568e+05
0.43 3.2946e+07 6.5893e+05
0.431 2.7155e+07 5.4311e+05
0.432 3.9325e+07 7.8649e+05
0.433 2.1667e+07 4.3334e+05
0.434 3.1633e+07 6.3266e+05
0.435 3.2507e+07 6.5013e+05
0.436 1.8785e+07 3.7571e+05
0.437 3.0754e+07 6.1507e+05
0.438 3.9119e+07 7.8237e+05
0.439 3.2689e+07 6.5378e+05
0.44 3.4355e+07 6.8711e+05
0.441 2.6337e+07 5.2674e+05
0.442 3.4199e+07 6.8399e+05
0.443 3.8198e+07 7.6395e+05
0.444 2.6063e+07 5.2126e+05
0.445 2.4911e+07 4.9821e+05
0.446 2.2555e+07 4.5111e+05
0.447 2.1866e+07 4.3732e+05
0.448 2.4032e+07 4.8065e+05
0.449 2.5855e+07 5.1709e+05
0.45 3.0935e+07 6.1869e+05
0.451 2.9759e+07 5.9519e+05
0.452 2.244e+07 4.4881e+05
0.453 3.0376e+07 6.0753e+05
0.454 2.6861e+07 5.3722e+05
0.455 2.516e+07 5.0321e+05
0.456 3.0874e+07 6.1747e+05
0.457 2.7845e+07 5.569e+05
0.458 3.7267e+07 7.4534e+05
0.459 2.3473e+07 4.6947e+05
0.46 2.4801e+07 4.9601e+05
0.461 3.717e+07 7.4339e+05
0.462 1.7703e+07 3.5407e+05
0.463 2.222e+07 4.4441e+05
0.464 2.2259e+07 4.4519e+05
0.465 2.7106e+07 5.4211e+05
0.466 2.4394e+07 4.8788e+05
0.467 2.5044e+07 5.0089e+05
0.468 3.2772e+07 6.5545e+05
0.469 3.2447e+07 6.4893e+05
0.47 2.8166e+07 5.6332e+05
0.471 2.4392e+07 4.8785e+05
0.472 2.8136e+07 5.6273e+05
0.473 2.4353e+07 4.8707e+05
0.474 1.9082e+07 3.8164e+05
0.475 2.1824e+07 4.3649e+05
0.476 2.3605e+07 4.7209e+05
0.477 2.3826e+07 4.7652e+05
0.478 1.8156e+07 3.6312e+05
0.479 2.5754e+07 5.1508e+05
0.48 2.3554e+07 4.7107e+05
0.481 2.6673e+07 5.3346e+05
0.482 1.9444e+07 3.8887e+05
0.483 2.918e+07 5.836e+05
0.484 2.4917e+07 4.9835e+05
0.485 1.661e+07 3.3219e+05
0.486 2.8763e+07 5.7526e+05
0.487 2.1299e+07 4.2597e+05
0.488 1.9918e+07 3.9836e+05
0.489 2.1181e+07 4.2361e+05
0.49 2.4798e+07 4.9596e+05
0.491 3.272e+07 6.5439e+05
0.492 2.3596e+07 4.7191e+05
0.493 3.0671e+07 6.1342e+05
0.494 2.3633e+07 4.7266e+05
0.495 1.5257e+07 3.0514e+05
0.496 2.1367e+07 4.2735e+05
0.497 1.8444e+07 3.6887e+05
0.498 2.5327e+07 5.0653e+05
0.499 2.381e+07 4.7621e+05
0.5 3.3719e+07 6.7438e+05
