0.001 6.8436e+09 4.0526e+08
0.002 6.4654e+09 2.8653e+08
0.003 6.719e+09 2.339e+08
0.004 6.6343e+09 2.0251e+08
0.005 7.1367e+09 1.8107e+08
0.006 6.9108e+09 1.6522e+08
0.007 7.0464e+09 1.5288e+08
0.008 7.0212e+09 1.4292e+08
0.009 6.79e+09 1.3466e+08
0.01 6.6704e+09 1.2765e+08
0.011 6.8681e+09 1.2161e+08
0.012 6.7684e+09 1.1633e+08
0.013 6.6918e+09 1.1165e+08
0.014 6.6167e+09 1.0748e+08
0.015 6.9764e+09 1.0371e+08
0.016 6.7706e+09 1.003e+08
0.017 6.8261e+09 9.7176e+07
0.018 6.6001e+09 9.4309e+07
0.019 6.4476e+09 9.166e+07
0.02 6.5903e+09 8.9204e+07
0.021 6.5998e+09 8.6915e+07
0.022 6.5695e+09 8.4775e+07
0.023 6.4667e+09 8.2767e+07
0.024 6.5633e+09 8.0878e+07
0.025 6.4174e+09 7.9094e+07
0.026 6.4073e+09 7.7407e+07
0.027 6.2984e+09 7.5806e+07
0.028 6.2317e+09 7.4284e+07
0.029 6.2693e+09 7.2834e+07
0.03 6.3812e+09 7.145e+07
0.031 6.1906e+09 7.0127e+07
0.032 6.0349e+09 6.8859e+07
0.033 6.0072e+09 6.7643e+07
0.034 5.9654e+09 6.6475e+07
0.035 6.0436e+09 6.5351e+07
0.036 5.8225e+09 6.4269e+07
0.037 5.9626e+09 6.3224e+07
0.038 5.8375e+09 6.2216e+07
0.039 5.8044e+09 6.1242e+07
0.04 5.6903e+09 6.0299e+07
0.041 5.5842e+09 5.9386e+07
0.042 5.5956e+09 5.8501e+07
0.043 5.5336e+09 5.7642e+07
0.044 5.432e+09 5.6808e+07
0.045 5.5143e+09 5.5998e+07
0.046 5.4739e+09 5.521e+07
0.047 5.2588e+09 5.4444e+07
0.048 5.2743e+09 5.3698e+07
0.049 5.2456e+09 5.2971e+07
0.05 5.2249e+09 5.2262e+07
0.051 5.1622e+09 5.1571e+07
0.052 5.0338e+09 5.0897e+07
0.053 5.0678e+09 5.0239e+07
0.054 4.9226e+09 4.9596e+07
0.055 4.8041e+09 4.8968e+07
0.056 4.7589e+09 4.8355e+07
0.057 4.7274e+09 4.7755e+07
0.058 4.5678e+09 4.7168e+07
0.059 4.5693e+09 4.6594e+07
0.06 4.4633e+09 4.6032e+07
0.061 4.5171e+09 4.5481e+07
0.062 4.4369e+09 4.4943e+07
0.063 4.3954e+09 4.4415e+07
0.064 4.2465e+09 4.3898e+07
0.065 4.1557e+09 4.3392e+07
0.066 4.1158e+09 4.2895e+07
0.067 4.1573e+09 4.2408e+07
0.068 4.1343e+09 4.1931e+07
0.069 3.9516e+09 4.1463e+07
0.07 3.9433e+09 4.1004e+07
0.071 3.8618e+09 4.0554e+07
0.072 3.785e+09 4.0113e+07
0.073 3.7151e+09 3.9679e+07
0.074 3.6413e+09 3.9254e+07
0.075 3.5635e+09 3.8837e+07
0.076 3.5791e+09 3.8427e+07
0.077 3.4311e+09 3.8025e+07
0.078 3.4437e+09 3.7631e+07
0.079 3.3557e+09 3.7244e+07
0.08 3.3403e+09 3.6863e+07
0.081 3.2089e+09 3.649e+07
0.082 3.2703e+09 3.6123e+07
0.083 3.1403e+09 3.5764e+07
0.084 3.0911e+09 3.541e+07
0.085 3.0839e+09 3.5063e+07
0.086 2.9688e+09 3.4722e+07
0.087 2.9552e+09 3.4388e+07
0.088 2.8667e+09 3.4059e+07
0.089 2.8528e+09 3.3737e+07
0.09 2.8297e+09 3.342e+07
0.091 2.7635e+09 3.3109e+07
0.092 2.7015e+09 3.2803e+07
0.093 2.6672e+09 3.2503e+07
0.094 2.5898e+09 3.2208e+07
0.095 2.5634e+09 3.1919e+07
0.096 2.5547e+09 3.1634e+07
0.097 2.4396e+09 3.1355e+07
0.098 2.4769e+09 3.1081e+07
0.099 2.4217e+09 3.0811e+07
0.1 2.3226e+09 3.0547e+07
0.101 2.3147e+09 3.0287e+07
0.102 2.2319e+09 3.0032e+07
0.103 2.2339e+09 2.9781e+07
0.104 2.1468e+09 2.9535e+07
0.105 2.1546e+09 2.9294e+07
0.106 2.1246e+09 2.9056e+07
0.107 2.0734e+09 2.8823e+07
0.108 2.0627e+09 2.8594e+07
0.109 1.9519e+09 2.8369e+07
0.11 1.9514e+09 2.8148e+07
0.111 1.8717e+09 2.7931e+07
0.112 1.9065e+09 2.7718e+07
0.113 1.8258e+09 2.7508e+07
0.114 1.8302e+09 2.7302e+07
0.115 1.7695e+09 2.71e+07
0.116 1.7033e+09 2.6902e+07
0.117 1.6977e+09 2.6707e+07
0.118 1.7286e+09 2.6515e+07
0.119 1.6666e+09 2.6327e+07
0.12 1.6276e+09 2.6142e+07
0.121 1.5945e+09 2.596e+07
0.122 1.5586e+09 2.5781e+07
0.123 1.5235e+09 2.5605e+07
0.124 1.5122e+09 2.5433e+07
0.125 1.4909e+09 2.5263e+07
0.126 1.436e+09 2.5096e+07
0.127 1.4122e+09 2.4932e+07
0.128 1.421e+09 2.4771e+07
0.129 1.2953e+09 2.4613e+07
0.13 1.2882e+09 2.4457e+07
0.131 1.2862e+09 2.4303e+07
0.132 1.2571e+09 2.4153e+07
0.133 1.2516e+09 2.4004e+07
0.134 1.2255e+09 2.3858e+07
0.135 1.222e+09 2.3715e+07
0.136 1.2231e+09 2.3574e+07
0.137 1.1433e+09 2.3435e+07
0.138 1.1137e+09 2.3298e+07
0.139 1.147e+09 2.3163e+07
0.14 1.119e+09 2.3031e+07
0.141 1.1227e+09 2.2901e+07
0.142 1.0791e+09 2.2772e+07
0.143 1.0459e+09 2.2646e+07
0.144 1.0447e+09 2.2521e+07
0.145 1.0318e+09 2.2398e+07
0.146 9.9698e+08 2.2278e+07
0.147 9.4784e+08 2.2159e+07
0.148 9.3338e+08 2.2041e+07
0.149 9.3304e+08 2.1926e+07
0.15 9.2995e+08 2.1812e+07
0.151 9.2904e+08 2.1699e+07
0.152 9.0173e+08 2.1589e+07
0.153 8.5527e+08 2.148e+07
0.154 8.7124e+08 2.1372e+07
0.155 8.2685e+08 2.1266e+07
0.156 8.3077e+08 2.1161e+07
0.157 8.241e+08 2.1058e+07
0.158 7.7969e+08 2.0956e+07
0.159 7.1339e+08 2.0856e+07
0.16 7.7127e+08 2.0757e+07
0.161 7.3652e+08 2.0659e+07
0.162 7.603e+08 2.0562e+07
0.163 7.1326e+08 2.0467e+07
0.164 6.5796e+08 2.0373e+07
0.165 7.0266e+08 2.028e+07
0.166 6.9542e+08 2.0188e+07
0.167 6.4553e+08 2.0098e+07
0.168 6.3784e+08 2.0008e+07
0.169 6.5438e+08 1.992e+07
0.17 6.3166e+08 1.9833e+07
0.171 6.1122e+08 1.9747e+07
0.172 5.5984e+08 1.9662e+07
0.173 6.0721e+08 1.9577e+07
0.174 5.4797e+08 1.9494e+07
0.175 5.3953e+08 1.9412e+07
0.176 5.5538e+08 1.9331e+07
0.177 5.344e+08 1.9251e+07
0.178 5.1362e+08 1.9172e+07
0.179 5.1973e+08 1.9094e+07
0.18 5.4527e+08 1.9016e+07
0.181 4.9623e+08 1.894e+07
0.182 4.9867e+08 1.8864e+07
0.183 4.4169e+08 1.879e+07
0.184 4.4399e+08 1.8716e+07
0.185 4.4217e+08 1.8643e+07
0.186 4.2308e+08 1.8571e+07
0.187 4.2934e+08 1.8499e+07
0.188 4.3298e+08 1.8429e+07
0.189 4.2283e+08 1.8359e+07
0.19 3.9773e+08 1.829e+07
0.191 4.0646e+08 1.8222e+07
0.192 3.7378e+08 1.8154e+07
0.193 3.5877e+08 1.8088e+07
0.194 3.8768e+08 1.8022e+07
0.195 3.7532e+08 1.7957e+07
0.196 3.5907e+08 1.7892e+07
0.197 3.2206e+08 1.7829e+07
0.198 3.2698e+08 1.7766e+07
0.199 3.2655e+08 1.7703e+07
0.2 3.355e+08 1.7642e+07
0.201 3.3247e+08 1.7581e+07
0.202 2.9832e+08 1.7521e+07
0.203 3.1185e+08 1.7461e+07
0.204 2.9614e+08 1.7402e+07
0.205 2.7176e+08 1.7344e+07
0.206 2.5681e+08 1.7287e+07
0.207 2.6179e+08 1.723e+07
0.208 2.6399e+08 1.7173e+07
0.209 2.4437e+08 1.7118e+07
0.21 2.7296e+08 1.7063e+07
0.211 2.8194e+08 1.7008e+07
0.212 2.6853e+08 1.6954e+07
0.213 2.3781e+08 1.6901e+07
0.214 2.4733e+08 1.6849e+07
0.215 2.3353e+08 1.6797e+07
0.216 2.0054e+08 1.6745e+07
0.217 2.1923e+08 1.6694e+07
0.218 2.1732e+08 1.6644e+07
0.219 2.3307e+08 1.6594e+07
0.22 1.9057e+08 1.6545e+07
0.221 1.9151e+08 1.6496e+07
0.222 2.0131e+08 1.6448e+07
0.223 2.1334e+08 1.6401e+07
0.224 1.603e+08 1.6354e+07
0.225 1.5093e+08 1.6307e+07
0.226 1.848e+08 1.6261e+07
0.227 1.6309e+08 1.6216e+07
0.228 1.5806e+08 1.6171e+07
0.229 1.5118e+08 1.6126e+07
0.23 1.4585e+08 1.6082e+07
0.231 1.6121e+08 1.6039e+07
0.232 1.3845e+08 1.5996e+07
0.233 1.1889e+08 1.5953e+07
0.234 1.2821e+08 1.5911e+07
0.235 1.0545e+08 1.587e+07
0.236 9.3949e+07 1.5829e+07
0.237 1.2253e+08 1.5788e+07
0.238 1.0949e+08 1.5748e+07
0.239 1.3864e+08 1.5708e+07
0.24 1.1445e+08 1.5668e+07
0.241 9.8578e+07 1.5629e+07
0.242 1.1081e+08 1.5591e+07
0.243 7.9623e+07 1.5553e+07
0.244 1.0258e+08 1.5515e+07
0.245 1.0811e+08 1.5478e+07
0.246 8.9902e+07 1.5441e+07
0.247 9.3732e+07 1.5404e+07
0.248 1.0428e+08 1.5368e+07
0.249 5.3213e+07 1.5332e+07
0.25 8.454e+07 1.5297e+07
0.251 1.2585e+08 1.5262e+07
0.252 8.5725e+07 1.5227e+07
0.253 8.0016e+07 1.5192e+07
0.254 7.5981e+07 1.5158e+07
0.255 6.8381e+07 1.5125e+07
0.256 7.8299e+07 1.5091e+07
0.257 5.734e+07 1.5058e+07
0.258 5.9521e+07 1.5026e+07
0.259 5.9683e+07 1.4993e+07
0.26 8.6369e+07 1.4961e+07
0.261 4.9243e+07 1.493e+07
0.262 6.8934e+07 1.4898e+07
0.263 5.611e+07 1.4867e+07
0.264 7.4643e+07 1.4836e+07
0.265 7.2132e+07 1.4806e+07
0.266 4.052e+07 1.4775e+07
0.267 5.315e+07 1.4745e+07
0.268 5.7616e+07 1.4716e+07
0.269 5.9726e+07 1.4686e+07
0.27 6.5069e+07 1.4657e+07
0.271 5.7391e+07 1.4628e+07
0.272 4.9216e+07 1.46e+07
0.273 2.2895e+07 1.4571e+07
0.274 6.9875e+07 1.4543e+07
0.275 5.025e+07 1.4515e+07
0.276 5.6051e+07 1.4487e+07
0.277 4.4183e+07 1.446e+07
0.278 3.1809e+07 1.4433e+07
0.279 5.0892e+07 1.4406e+07
0.28 3.6104e+07 1.4379e+07
0.281 6.1771e+07 1.4352e+07
0.282 5.5195e+07 1.4326e+07
0.283 4.188e+07 1.43e+07
0.284 5.2178e+07 1.4274e+07
0.285 5.859e+07 1.4248e+07
0.286 3.9473e+07 1.4223e+07
0.287 3.8026e+07 1.4197e+07
0.288 3.4213e+07 1.4172e+07
0.289 2.3354e+07 1.4147e+07
0.29 2.0289e+07 1.4123e+07
0.291 2.474e+07 1.4098e+07
0.292 3.6806e+07 1.4074e+07
0.293 1.2306e+07 1.4049e+07
0.294 4.6195e+07 1.4025e+07
0.295 3.6341e+07 1.4002e+07
0.296 3.8664e+07 1.3978e+07
0.297 7.333e+07 1.3954e+07
0.298 4.3665e+07 1.3931e+07
0.299 4.2476e+07 1.3908e+07
0.3 3.9945e+07 1.3885e+07
0.301 1.8708e+07 1.3862e+07
0.302 5.2041e+07 1.3839e+07
0.303 7.2243e+07 1.3816e+07
0.304 4.6481e+07 1.3794e+07
0.305 1.5274e+07 1.3771e+07
0.306 4.8625e+07 1.3749e+07
0.307 1.8331e+07 1.3727e+07
0.308 3.1223e+07 1.3705e+07
0.309 5.6856e+07 1.3683e+07
0.31 2.8857e+07 1.3661e+07
0.311 5.1145e+07 1.364e+07
0.312 5.2655e+07 1.3618e+07
0.313 6.7954e+07 1.3597e+07
0.314 3.4946e+07 1.3576e+07
0.315 3.582e+07 1.3555e+07
0.316 5.1443e+07 1.3534e+07
0.317 4.7432e+07 1.3513e+07
0.318 3.1055e+07 1.3492e+07
0.319 4.6873e+07 1.3471e+07
0.32 2.9145e+07 1.3451e+07
0.321 4.1526e+07 1.343e+07
0.322 4.8977e+07 1.341e+07
0.323 4.0388e+07 1.339e+07
0.324 5.5414e+07 1.337e+07
0.325 5.1711e+07 1.335e+07
0.326 4.5863e+07 1.333e+07
0.327 4.8924e+07 1.331e+07
0.328 6.0801e+07 1.329e+07
0.329 4.655e+07 1.3271e+07
0.33 4.6245e+07 1.3251e+07
0.331 2.7178e+07 1.3231e+07
0.332 5.3182e+07 1.3212e+07
0.333 4.964e+07 1.3193e+07
0.334 7.0726e+07 1.3174e+07
0.335 4.3036e+07 1.3154e+07
0.336 6.1707e+07 1.3135e+07
0.337 5.6625e+07 1.3116e+07
0.338 7.0849e+07 1.3097e+07
0.339 4.1063e+07 1.3079e+07
0.34 5.8369e+07 1.306e+07
0.341 5.4636e+07 1.3041e+07
0.342 4.7593e+07 1.3023e+07
0.343 4.9005e+07 1.3004e+07
0.344 5.0008e+07 1.2986e+07
0.345 7.7259e+07 1.2967e+07
0.346 5.4436e+07 1.2949e+07
0.347 3.5172e+07 1.2931e+07
0.348 6.0456e+07 1.2913e+07
0.349 6.149e+07 1.2895e+07
0.35 6.0175e+07 1.2877e+07
0.351 4.1145e+07 1.2859e+07
0.352 5.0066e+07 1.2841e+07
0.353 5.493e+07 1.2823e+07
0.354 5.2827e+07 1.2805e+07
0.355 5.7104e+07 1.2788e+07
0.356 6.0595e+07 1.277e+07
0.357 3.6626e+07 1.2753e+07
0.358 4.7056e+07 1.2735e+07
0.359 3.8677e+07 1.2718e+07
0.36 7.2729e+07 1.27e+07
0.361 5.1173e+07 1.2683e+07
0.362 4.7678e+07 1.2666e+07
0.363 7.6925e+07 1.2649e+07
0.364 6.3993e+07 1.2632e+07
0.365 4.1688e+07 1.2615e+07
0.366 5.5587e+07 1.2598e+07
0.367 5.1224e+07 1.2581e+07
0.368 4.3682e+07 1.2564e+07
0.369 7.7435e+07 1.2547e+07
0.37 6.4098e+07 1.253e+07
0.371 6.3277e+07 1.2514e+07
0.372 4.1022e+07 1.2497e+07
0.373 4.7321e+07 1.2481e+07
0.374 4.7644e+07 1.2464e+07
0.375 5.2321e+07 1.2448e+07
0.376 7.4819e+07 1.2431e+07
0.377 6.0678e+07 1.2415e+07
0.378 7.3927e+07 1.2399e+07
0.379 5.172e+07 1.2383e+07
0.38 5.4979e+07 1.2366e+07
0.381 3.9733e+07 1.235e+07
0.382 6.9647e+07 1.2334e+07
0.383 7.3685e+07 1.2318e+07
0.384 5.0945e+07 1.2302e+07
0.385 5.9575e+07 1.2287e+07
0.386 5.8296e+07 1.2271e+07
0.387 6.8468e+07 1.2255e+07
0.388 6.2181e+07 1.2239e+07
0.389 7.8987e+07 1.2224e+07
0.39 7.3613e+07 1.2208e+07
0.391 5.636e+07 1.2193e+07
0.392 7.4928e+07 1.2177e+07
0.393 4.9436e+07 1.2162e+07
0.394 4.9569e+07 1.2146e+07
0.395 6.5973e+07 1.2131e+07
0.396 4.4714e+07 1.2116e+07
0.397 6.9303e+07 1.21e+07
0.398 5.7338e+07 1.2085e+07
0.399 8.1918e+07 1.207e+07
0.4 7.2389e+07 1.2055e+07
0.401 4.9948e+07 1.204e+07
0.402 6.4097e+07 1.2025e+07
0.403 6.4194e+07 1.201e+07
0.404 6.8484e+07 1.1995e+07
0.405 6.504e+07 1.1981e+07
0.406 6.0183e+07 1.1966e+07
0.407 4.0019e+07 1.1951e+07
0.408 6.8866e+07 1.1936e+07
0.409 4.6852e+07 1.1922e+07
0.41 6.6564e+07 1.1907e+07
0.411 8.4608e+07 1.1893e+07
0.412 5.1334e+07 1.1878e+07
0.413 6.4607e+07 1.1864e+07
0.414 6.0844e+07 1.185e+07
0.415 6.2798e+07 1.1835e+07
0.416 7.5832e+07 1.1821e+07
0.417 6.3623e+07 1.1807e+07
0.418 7.1897e+07 1.1793e+07
0.419 6.3107e+07 1.1778e+07
0.42 6.2691e+07 1.1764e+07
0.421 6.9513e+07 1.175e+07
0.422 6.7083e+07 1.1736e+07
0.423 6.4533e+07 1.1722e+07
0.424 6.6123e+07 1.1709e+07
0.425 5.5401e+07 1.1695e+07
0.426 4.8053e+07 1.1681e+07
0.427 6.1903e+07 1.1667e+07
0.428 5.8808e+07 1.1653e+07
0.429 4.9848e+07 1.164e+07
0.43 6.4398e+07 1.1626e+07
0.431 6.1654e+07 1.1613e+07
0.432 6.2839e+07 1.1599e+07
0.433 4.8222e+07 1.1585e+07
0.434 7.3011e+07 1.1572e+07
0.435 6.0621e+07 1.1559e+07
0.436 5.326e+07 1.1545e+07
0.437 5.2278e+07 1.1532e+07
0.438 6.4577e+07 1.1519e+07
0.439 6.0859e+07 1.1505e+07
0.44 5.4104e+07 1.1492e+07
0.441 5.5107e+07 1.1479e+07
0.442 3.457e+07 1.1466e+07
0.443 4.6611e+07 1.1453e+07
0.444 8.5982e+07 1.144e+07
0.445 5.8816e+07 1.1427e+07
0.446 6.6237e+07 1.1414e+07
0.447 6.6098e+07 1.1401e+07
0.448 6.0757e+07 1.1388e+07
0.449 6.8344e+07 1.1375e+07
0.45 4.3647e+07 1.1363e+07
0.451 6.9416e+07 1.135e+07
0.452 4.6349e+07 1.1337e+07
0.453 4.8682e+07 1.1324e+07
0.454 6.2442e+07 1.1312e+07
0.455 4.7998e+07 1.1299e+07
0.456 7.8395e+07 1.1287e+07
0.457 6.8905e+07 1.1274e+07
0.458 6.6311e+07 1.1262e+07
0.459 5.8934e+07 1.1249e+07
0.46 8.3779e+07 1.1237e+07
0.461 6.6094e+07 1.1224e+07
0.462 6.2007e+07 1.1212e+07
0.463 6.0177e+07 1.12e+07
0.464 7.1153e+07 1.1188e+07
0.465 6.1232e+07 1.1175e+07
0.466 5.0394e+07 1.1163e+07
0.467 6.5925e+07 1.1151e+07
0.468 5.0952e+07 1.1139e+07
0.469 5.1687e+07 1.1127e+07
0.47 5.5989e+07 1.1115e+07
0.471 5.3892e+07 1.1103e+07
0.472 5.0307e+07 1.1091e+07
0.473 5.3897e+07 1.1079e+07
0.474 3.6817e+07 1.1067e+07
0.475 5.128e+07 1.1055e+07
0.476 5.3539e+07 1.1043e+07
0.477 6.0047e+07 1.1032e+07
0.478 5.949e+07 1.102e+07
0.479 3.8151e+07 1.1008e+07
0.48 4.7248e+07 1.0997e+07
0.481 4.61e+07 1.0985e+07
0.482 5.2816e+07 1.0973e+07
0.483 4.7523e+07 1.0962e+07
0.484 3.2795e+07 1.095e+07
0.485 6.0258e+07 1.0939e+07
0.486 6.4689e+07 1.0927e+07
0.487 6.1436e+07 1.0916e+07
0.488 6.8157e+07 1.0905e+07
0.489 6.0573e+07 1.0893e+07
0.49 6.183e+07 1.0882e+07
0.491 5.7644e+07 1.0871e+07
0.492 5.3256e+07 1.0859e+07
0.493 7.4703e+07 1.0848e+07
0.494 6.7683e+07 1.0837e+07
0.495 5.1287e+07 1.0826e+07
0.496 5.4325e+07 1.0815e+07
0.497 4.0111e+07 1.0804e+07
0.498 4.2587e+07 1.0793e+07
0.499 5.7651e+07 1.0782e+07
0.5 3.4429e+07 1.0771e+07
