0.001 7.4689e+09 5.0924e+08
0.002 7.6359e+09 3.6005e+08
0.003 8.0782e+09 2.9393e+08
0.004 8.3271e+09 2.5449e+08
0.005 8.2455e+09 2.2756e+08
0.006 8.2944e+09 2.0766e+08
0.007 8.2627e+09 1.9217e+08
0.008 8.4147e+09 1.7967e+08
0.009 8.337e+09 1.693e+08
0.01 8.4971e+09 1.6051e+08
0.011 8.4387e+09 1.5293e+08
0.012 8.3229e+09 1.4631e+08
0.013 8.0402e+09 1.4046e+08
0.014 8.1049e+09 1.3523e+08
0.015 8.1996e+09 1.3052e+08
0.016 8.1129e+09 1.2624e+08
0.017 8.2132e+09 1.2234e+08
0.018 8.2345e+09 1.1876e+08
0.019 7.9051e+09 1.1545e+08
0.02 8.0129e+09 1.1239e+08
0.021 8.0449e+09 1.0953e+08
0.022 7.9113e+09 1.0687e+08
0.023 8.0022e+09 1.0437e+08
0.024 7.7854e+09 1.0202e+08
0.025 7.8734e+09 9.9798e+07
0.026 7.7058e+09 9.7701e+07
0.027 7.6955e+09 9.5714e+07
0.028 7.7561e+09 9.3826e+07
0.029 7.6958e+09 9.2028e+07
0.03 7.7064e+09 9.0314e+07
0.031 7.5776e+09 8.8676e+07
0.032 7.5772e+09 8.7109e+07
0.033 7.5146e+09 8.5606e+07
0.034 7.4781e+09 8.4164e+07
0.035 7.4582e+09 8.2778e+07
0.036 7.1773e+09 8.1443e+07
0.037 7.1586e+09 8.0157e+07
0.038 7.1083e+09 7.8916e+07
0.039 7.1096e+09 7.7718e+07
0.04 7.151e+09 7.656e+07
0.041 7.0699e+09 7.5439e+07
0.042 6.8644e+09 7.4352e+07
0.043 6.7302e+09 7.33e+07
0.044 6.8537e+09 7.2278e+07
0.045 6.9049e+09 7.1287e+07
0.046 6.7174e+09 7.0323e+07
0.047 6.5963e+09 6.9386e+07
0.048 6.5104e+09 6.8475e+07
0.049 6.4637e+09 6.7587e+07
0.05 6.5177e+09 6.6723e+07
0.051 6.5026e+09 6.588e+07
0.052 6.2844e+09 6.5059e+07
0.053 6.2436e+09 6.4257e+07
0.054 6.1672e+09 6.3475e+07
0.055 6.1842e+09 6.2711e+07
0.056 6.0097e+09 6.1965e+07
0.057 5.947e+09 6.1236e+07
0.058 5.9336e+09 6.0523e+07
0.059 5.9015e+09 5.9825e+07
0.06 5.7179e+09 5.9143e+07
0.061 5.5563e+09 5.8476e+07
0.062 5.539e+09 5.7822e+07
0.063 5.5218e+09 5.7182e+07
0.064 5.4717e+09 5.6555e+07
0.065 5.4027e+09 5.5941e+07
0.066 5.2658e+09 5.534e+07
0.067 5.3121e+09 5.475e+07
0.068 5.2401e+09 5.4172e+07
0.069 5.0719e+09 5.3605e+07
0.07 5.0032e+09 5.3049e+07
0.071 5.0976e+09 5.2504e+07
0.072 4.9098e+09 5.1969e+07
0.073 4.855e+09 5.1444e+07
0.074 4.763e+09 5.0929e+07
0.075 4.823e+09 5.0423e+07
0.076 4.6707e+09 4.9927e+07
0.077 4.608e+09 4.944e+07
0.078 4.5753e+09 4.8961e+07
0.079 4.4722e+09 4.8492e+07
0.08 4.3846e+09 4.803e+07
0.081 4.3779e+09 4.7577e+07
0.082 4.2902e+09 4.7132e+07
0.083 4.3066e+09 4.6695e+07
0.084 4.2345e+09 4.6266e+07
0.085 4.0637e+09 4.5844e+07
0.086 4.0089e+09 4.5429e+07
0.087 3.9508e+09 4.5022e+07
0.088 3.8842e+09 4.4622e+07
0.089 3.8941e+09 4.4228e+07
0.09 3.7341e+09 4.3842e+07
0.091 3.6347e+09 4.3462e+07
0.092 3.5898e+09 4.3089e+07
0.093 3.5576e+09 4.2722e+07
0.094 3.5892e+09 4.2361e+07
0.095 3.5178e+09 4.2006e+07
0.096 3.464e+09 4.1658e+07
0.097 3.4261e+09 4.1315e+07
0.098 3.3244e+09 4.0978e+07
0.099 3.2186e+09 4.0647e+07
0.1 3.2318e+09 4.0321e+07
0.101 3.2459e+09 4.0001e+07
0.102 3.196e+09 3.9686e+07
0.103 3.0309e+09 3.9376e+07
0.104 3.0265e+09 3.9072e+07
0.105 2.9014e+09 3.8773e+07
0.106 2.8271e+09 3.8478e+07
0.107 2.8091e+09 3.8188e+07
0.108 2.7779e+09 3.7904e+07
0.109 2.6716e+09 3.7623e+07
0.11 2.7028e+09 3.7348e+07
0.111 2.591e+09 3.7077e+07
0.112 2.6123e+09 3.681e+07
0.113 2.6143e+09 3.6548e+07
0.114 2.5735e+09 3.629e+07
0.115 2.447e+09 3.6036e+07
0.116 2.4735e+09 3.5786e+07
0.117 2.3841e+09 3.554e+07
0.118 2.341e+09 3.5298e+07
0.119 2.3597e+09 3.506e+07
0.12 2.281e+09 3.4825e+07
0.121 2.2871e+09 3.4595e+07
0.122 2.2248e+09 3.4368e+07
0.123 2.2584e+09 3.4144e+07
0.124 2.1391e+09 3.3924e+07
0.125 2.105e+09 3.3708e+07
0.126 2.1133e+09 3.3494e+07
0.127 2.0278e+09 3.3284e+07
0.128 1.997e+09 3.3078e+07
0.129 2.0256e+09 3.2874e+07
0.13 1.9527e+09 3.2673e+07
0.131 1.8552e+09 3.2476e+07
0.132 1.859e+09 3.2281e+07
0.133 1.7814e+09 3.209e+07
0.134 1.8383e+09 3.1901e+07
0.135 1.7965e+09 3.1715e+07
0.136 1.6929e+09 3.1531e+07
0.137 1.7104e+09 3.1351e+07
0.138 1.6741e+09 3.1172e+07
0.139 1.636e+09 3.0997e+07
0.14 1.6317e+09 3.0824e+07
0.141 1.6125e+09 3.0653e+07
0.142 1.5931e+09 3.0485e+07
0.143 1.5908e+09 3.0319e+07
0.144 1.5194e+09 3.0156e+07
0.145 1.4946e+09 2.9995e+07
0.146 1.4604e+09 2.9836e+07
0.147 1.45e+09 2.9679e+07
0.148 1.4242e+09 2.9524e+07
0.149 1.4044e+09 2.9371e+07
0.15 1.3856e+09 2.9221e+07
0.151 1.3395e+09 2.9072e+07
0.152 1.2531e+09 2.8926e+07
0.153 1.2807e+09 2.8781e+07
0.154 1.2421e+09 2.8638e+07
0.155 1.1845e+09 2.8497e+07
0.156 1.2083e+09 2.8358e+07
0.157 1.2012e+09 2.822e+07
0.158 1.1695e+09 2.8085e+07
0.159 1.1889e+09 2.7951e+07
0.16 1.1415e+09 2.7819e+07
0.161 1.0915e+09 2.7688e+07
0.162 1.066e+09 2.7559e+07
0.163 1.0623e+09 2.7432e+07
0.164 1.0763e+09 2.7306e+07
0.165 1.062e+09 2.7182e+07
0.166 1.0169e+09 2.7059e+07
0.167 9.8106e+08 2.6938e+07
0.168 9.6018e+08 2.6818e+07
0.169 9.8382e+08 2.67e+07
0.17 9.0148e+08 2.6583e+07
0.171 9.3617e+08 2.6467e+07
0.172 8.7805e+08 2.6353e+07
0.173 8.769e+08 2.624e+07
0.174 8.6629e+08 2.6129e+07
0.175 8.1151e+08 2.6018e+07
0.176 8.177e+08 2.591e+07
0.177 7.928e+08 2.5802e+07
0.178 8.2249e+08 2.5696e+07
0.179 8.3157e+08 2.559e+07
0.18 7.9054e+08 2.5486e+07
0.181 7.4282e+08 2.5384e+07
0.182 7.5897e+08 2.5282e+07
0.183 6.9852e+08 2.5182e+07
0.184 7.1867e+08 2.5083e+07
0.185 6.616e+08 2.4984e+07
0.186 6.8235e+08 2.4887e+07
0.187 6.68e+08 2.4792e+07
0.188 6.6943e+08 2.4697e+07
0.189 6.6199e+08 2.4603e+07
0.19 6.062e+08 2.451e+07
0.191 5.7654e+08 2.4419e+07
0.192 5.846e+08 2.4328e+07
0.193 5.9871e+08 2.4239e+07
0.194 5.3904e+08 2.415e+07
0.195 5.1614e+08 2.4063e+07
0.196 5.638e+08 2.3976e+07
0.197 5.3305e+08 2.3891e+07
0.198 5.3099e+08 2.3806e+07
0.199 4.9802e+08 2.3722e+07
0.2 4.8171e+08 2.364e+07
0.201 4.7322e+08 2.3558e+07
0.202 4.4639e+08 2.3477e+07
0.203 4.1007e+08 2.3397e+07
0.204 4.4063e+08 2.3318e+07
0.205 4.1176e+08 2.324e+07
0.206 4.477e+08 2.3163e+07
0.207 3.8527e+08 2.3086e+07
0.208 3.9012e+08 2.3011e+07
0.209 4.1676e+08 2.2936e+07
0.21 3.6903e+08 2.2862e+07
0.211 3.6134e+08 2.2789e+07
0.212 4.1347e+08 2.2717e+07
0.213 3.3092e+08 2.2646e+07
0.214 3.3117e+08 2.2575e+07
0.215 3.5488e+08 2.2505e+07
0.216 3.3388e+08 2.2436e+07
0.217 3.347e+08 2.2368e+07
0.218 3.0672e+08 2.2301e+07
0.219 3.0206e+08 2.2234e+07
0.22 2.9889e+08 2.2168e+07
0.221 2.8113e+08 2.2103e+07
0.222 3.0037e+08 2.2038e+07
0.223 2.8697e+08 2.1975e+07
0.224 2.7905e+08 2.1912e+07
0.225 2.6784e+08 2.1849e+07
0.226 2.2404e+08 2.1788e+07
0.227 2.4906e+08 2.1727e+07
0.228 2.1289e+08 2.1667e+07
0.229 2.2507e+08 2.1607e+07
0.23 1.9279e+08 2.1548e+07
0.231 2.1696e+08 2.149e+07
0.232 2.0417e+08 2.1432e+07
0.233 2.2368e+08 2.1375e+07
0.234 1.7985e+08 2.1319e+07
0.235 2.1553e+08 2.1263e+07
0.236 1.7392e+08 2.1208e+07
0.237 1.7137e+08 2.1153e+07
0.238 1.8301e+08 2.1099e+07
0.239 1.5106e+08 2.1046e+07
0.24 1.8224e+08 2.0993e+07
0.241 1.8262e+08 2.0941e+07
0.242 1.4461e+08 2.0889e+07
0.243 1.5142e+08 2.0838e+07
0.244 1.4367e+08 2.0787e+07
0.245 1.5035e+08 2.0737e+07
0.246 1.1649e+08 2.0688e+07
0.247 1.5149e+08 2.0639e+07
0.248 1.0286e+08 2.059e+07
0.249 1.0239e+08 2.0542e+07
0.25 1.2357e+08 2.0495e+07
0.251 1.1544e+08 2.0448e+07
0.252 1.1602e+08 2.0401e+07
0.253 1.2963e+08 2.0355e+07
0.254 1.1932e+08 2.0309e+07
0.255 1.2251e+08 2.0264e+07
0.256 1.1389e+08 2.022e+07
0.257 9.3575e+07 2.0175e+07
0.258 1.0812e+08 2.0132e+07
0.259 7.7916e+07 2.0088e+07
0.26 8.5566e+07 2.0045e+07
0.261 7.133e+07 2.0003e+07
0.262 1.0101e+08 1.996e+07
0.263 9.6204e+07 1.9919e+07
0.264 1.0455e+08 1.9877e+07
0.265 9.7355e+07 1.9836e+07
0.266 6.4041e+07 1.9796e+07
0.267 7.157e+07 1.9756e+07
0.268 8.5314e+07 1.9716e+07
0.269 4.9795e+07 1.9676e+07
0.27 1.0362e+08 1.9637e+07
0.271 9.5572e+07 1.9598e+07
0.272 9.8124e+07 1.956e+07
0.273 5.9064e+07 1.9522e+07
0.274 8.9918e+07 1.9484e+07
0.275 6.6987e+07 1.9447e+07
0.276 3.9057e+07 1.9409e+07
0.277 4.3696e+07 1.9373e+07
0.278 5.8443e+07 1.9336e+07
0.279 6.6248e+07 1.93e+07
0.28 8.1249e+07 1.9264e+07
0.281 2.7706e+07 1.9228e+07
0.282 4.5093e+07 1.9193e+07
0.283 8.5737e+07 1.9158e+07
0.284 9.1915e+07 1.9123e+07
0.285 4.8669e+07 1.9089e+07
0.286 7.4488e+07 1.9055e+07
0.287 4.2063e+07 1.9021e+07
0.288 5.0392e+07 1.8987e+07
0.289 5.5437e+07 1.8954e+07
0.29 2.834e+07 1.892e+07
0.291 4.0999e+07 1.8887e+07
0.292 6.3284e+07 1.8855e+07
0.293 7.4611e+07 1.8822e+07
0.294 6.4678e+07 1.879e+07
0.295 7.6418e+07 1.8758e+07
0.296 6.1933e+07 1.8726e+07
0.297 1.0058e+08 1.8694e+07
0.298 9.185e+07 1.8663e+07
0.299 3.9931e+07 1.8632e+07
0.3 3.698e+07 1.8601e+07
0.301 6.1452e+07 1.857e+07
0.302 3.9218e+07 1.854e+07
0.303 5.8678e+07 1.8509e+07
0.304 5.2675e+07 1.8479e+07
0.305 1.0163e+08 1.8449e+07
0.306 5.2835e+07 1.8419e+07
0.307 4.9195e+07 1.839e+07
0.308 6.9324e+07 1.836e+07
0.309 5.886e+07 1.8331e+07
0.31 6.7417e+07 1.8302e+07
0.311 8.3966e+07 1.8273e+07
0.312 5.3351e+07 1.8244e+07
0.313 4.1851e+07 1.8216e+07
0.314 5.5293e+07 1.8187e+07
0.315 5.7451e+07 1.8159e+07
0.316 3.668e+07 1.8131e+07
0.317 1.9365e+07 1.8103e+07
0.318 9.8199e+07 1.8075e+07
0.319 6.2211e+07 1.8048e+07
0.32 6.0226e+07 1.802e+07
0.321 5.3527e+07 1.7993e+07
0.322 5.7985e+07 1.7966e+07
0.323 8.6498e+07 1.7938e+07
0.324 7.6945e+07 1.7911e+07
0.325 4.2544e+07 1.7885e+07
0.326 7.2796e+07 1.7858e+07
0.327 8.9677e+07 1.7831e+07
0.328 7.3982e+07 1.7805e+07
0.329 4.28e+07 1.7779e+07
0.33 5.7811e+07 1.7752e+07
0.331 6.928e+07 1.7726e+07
0.332 6.6372e+07 1.77e+07
0.333 4.3412e+07 1.7675e+07
0.334 5.917e+07 1.7649e+07
0.335 7.9133e+07 1.7623e+07
0.336 9.5248e+07 1.7598e+07
0.337 4.0331e+07 1.7572e+07
0.338 8.0313e+07 1.7547e+07
0.339 8.3268e+07 1.7522e+07
0.34 7.1012e+07 1.7497e+07
0.341 6.5716e+07 1.7472e+07
0.342 1.087e+08 1.7447e+07
0.343 8.3699e+07 1.7423e+07
0.344 4.2432e+07 1.7398e+07
0.345 5.615e+07 1.7373e+07
0.346 8.5007e+07 1.7349e+07
0.347 7.6074e+07 1.7325e+07
0.348 8.9921e+07 1.73e+07
0.349 7.2154e+07 1.7276e+07
0.35 9.7157e+07 1.7252e+07
0.351 8.4033e+07 1.7228e+07
0.352 7.1027e+07 1.7204e+07
0.353 7.5473e+07 1.7181e+07
0.354 7.8669e+07 1.7157e+07
0.355 1.0327e+08 1.7133e+07
0.356 9.9671e+07 1.711e+07
0.357 7.8948e+07 1.7086e+07
0.358 7.0794e+07 1.7063e+07
0.359 1.083e+08 1.704e+07
0.36 5.8211e+07 1.7017e+07
0.361 5.5399e+07 1.6994e+07
0.362 9.4326e+07 1.6971e+07
0.363 9.177e+07 1.6948e+07
0.364 7.2384e+07 1.6925e+07
0.365 4.2871e+07 1.6902e+07
0.366 6.5308e+07 1.688e+07
0.367 8.8615e+07 1.6857e+07
0.368 9.3703e+07 1.6835e+07
0.369 3.4874e+07 1.6812e+07
0.37 8.3401e+07 1.679e+07
0.371 8.741e+07 1.6768e+07
0.372 8.0677e+07 1.6746e+07
0.373 6.6984e+07 1.6723e+07
0.374 8.7389e+07 1.6701e+07
0.375 9.3581e+07 1.668e+07
0.376 9.0073e+07 1.6658e+07
0.377 7.7199e+07 1.6636e+07
0.378 8.136e+07 1.6614e+07
0.379 6.9431e+07 1.6593e+07
0.38 7.4146e+07 1.6571e+07
0.381 7.9047e+07 1.655e+07
0.382 8.19e+07 1.6528e+07
0.383 7.0143e+07 1.6507e+07
0.384 8.0659e+07 1.6486e+07
0.385 9.831e+07 1.6464e+07
0.386 9.513e+07 1.6443e+07
0.387 8.4064e+07 1.6422e+07
0.388 5.3823e+07 1.6401e+07
0.389 6.6985e+07 1.638e+07
0.39 1.0252e+08 1.636e+07
0.391 1.2011e+08 1.6339e+07
0.392 9.3977e+07 1.6318e+07
0.393 9.1577e+07 1.6298e+07
0.394 9.4e+07 1.6277e+07
0.395 6.8053e+07 1.6257e+07
0.396 8.9361e+07 1.6236e+07
0.397 8.2603e+07 1.6216e+07
0.398 9.9103e+07 1.6196e+07
0.399 9.5335e+07 1.6175e+07
0.4 6.3642e+07 1.6155e+07
0.401 8.2477e+07 1.6135e+07
0.402 1.1677e+08 1.6115e+07
0.403 8.8456e+07 1.6095e+07
0.404 1.1073e+08 1.6075e+07
0.405 8.2985e+07 1.6056e+07
0.406 4.9302e+07 1.6036e+07
0.407 7.0138e+07 1.6016e+07
0.408 6.7431e+07 1.5997e+07
0.409 8.9314e+07 1.5977e+07
0.41 9.4202e+07 1.5958e+07
0.411 8.8179e+07 1.5938e+07
0.412 1.0029e+08 1.5919e+07
0.413 8.5555e+07 1.59e+07
0.414 1.1457e+08 1.588e+07
0.415 1.032e+08 1.5861e+07
0.416 1.2537e+08 1.5842e+07
0.417 6.1434e+07 1.5823e+07
0.418 1.0074e+08 1.5804e+07
0.419 1.051e+08 1.5785e+07
0.42 1.0371e+08 1.5766e+07
0.421 1.0547e+08 1.5748e+07
0.422 1.0208e+08 1.5729e+07
0.423 7.3901e+07 1.571e+07
0.424 9.6173e+07 1.5692e+07
0.425 1.0581e+08 1.5673e+07
0.426 8.5566e+07 1.5655e+07
0.427 9.1659e+07 1.5636e+07
0.428 9.4025e+07 1.5618e+07
0.429 8.8161e+07 1.56e+07
0.43 1.0076e+08 1.5581e+07
0.431 1.0191e+08 1.5563e+07
0.432 9.3728e+07 1.5545e+07
0.433 9.8494e+07 1.5527e+07
0.434 7.2386e+07 1.5509e+07
0.435 1.1531e+08 1.5491e+07
0.436 8.8345e+07 1.5473e+07
0.437 7.4143e+07 1.5455e+07
0.438 1.0264e+08 1.5438e+07
0.439 8.8989e+07 1.542e+07
0.44 9.5253e+07 1.5402e+07
0.441 6.9982e+07 1.5384e+07
0.442 1.0771e+08 1.5367e+07
0.443 9.3335e+07 1.5349e+07
0.444 9.4787e+07 1.5332e+07
0.445 8.1636e+07 1.5315e+07
0.446 9.4148e+07 1.5297e+07
0.447 7.74e+07 1.528e+07
0.448 1.054e+08 1.5263e+07
0.449 7.1637e+07 1.5245e+07
0.45 7.6494e+07 1.5228e+07
0.451 9.1965e+07 1.5211e+07
0.452 5.9817e+07 1.5194e+07
0.453 8.6184e+07 1.5177e+07
0.454 8.4608e+07 1.516e+07
0.455 9.457e+07 1.5143e+07
0.456 1.0278e+08 1.5127e+07
0.457 6.038e+07 1.511e+07
0.458 1.0913e+08 1.5093e+07
0.459 9.3359e+07 1.5076e+07
0.46 9.9871e+07 1.506e+07
0.461 6.6407e+07 1.5043e+07
0.462 7.9745e+07 1.5027e+07
0.463 9.1872e+07 1.501e+07
0.464 9.5866e+07 1.4994e+07
0.465 9.4879e+07 1.4977e+07
0.466 5.0561e+07 1.4961e+07
0.467 1.1214e+08 1.4945e+07
0.468 8.035e+07 1.4929e+07
0.469 7.3683e+07 1.4912e+07
0.47 7.1586e+07 1.4896e+07
0.471 8.9062e+07 1.488e+07
0.472 6.1436e+07 1.4864e+07
0.473 1.0023e+08 1.4848e+07
0.474 1.2066e+08 1.4832e+07
0.475 8.6024e+07 1.4816e+07
0.476 5.7842e+07 1.48e+07
0.477 7.2636e+07 1.4785e+07
0.478 9.8899e+07 1.4769e+07
0.479 7.2035e+07 1.4753e+07
0.48 9.3896e+07 1.4737e+07
0.481 1.0651e+08 1.4722e+07
0.482 9.6654e+07 1.4706e+07
0.483 8.7277e+07 1.4691e+07
0.484 8.3419e+07 1.4675e+07
0.485 7.7394e+07 1.466e+07
0.486 6.5154e+07 1.4644e+07
0.487 9.1073e+07 1.4629e+07
0.488 6.9229e+07 1.4614e+07
0.489 7.7159e+07 1.4599e+07
0.49 1.2315e+08 1.4583e+07
0.491 7.1895e+07 1.4568e+07
0.492 1.0265e+08 1.4553e+07
0.493 8.122e+07 1.4538e+07
0.494 7.9758e+07 1.4523e+07
0.495 5.6492e+07 1.4508e+07
0.496 9.8773e+07 1.4493e+07
0.497 1.129e+08 1.4478e+07
0.498 8.7973e+07 1.4463e+07
0.499 8.6408e+07 1.4449e+07
0.5 7.6668e+07 1.4434e+07
