0.001 5.9697e+09 3.4444e+08
0.002 6.2743e+09 2.4352e+08
0.003 5.8734e+09 1.9879e+08
0.004 6.3647e+09 1.721e+08
0.005 5.8681e+09 1.5387e+08
0.006 5.989e+09 1.4039e+08
0.007 5.9957e+09 1.299e+08
0.008 5.9355e+09 1.2143e+08
0.009 6.0405e+09 1.1439e+08
0.01 5.8718e+09 1.0843e+08
0.011 6.0996e+09 1.0328e+08
0.012 5.9086e+09 9.8783e+07
0.013 5.8961e+09 9.48e+07
0.014 5.9556e+09 9.1239e+07
0.015 6.0253e+09 8.803e+07
0.016 5.7308e+09 8.5115e+07
0.017 5.9537e+09 8.2451e+07
0.018 5.9374e+09 8.0002e+07
0.019 5.9861e+09 7.7738e+07
0.02 5.6691e+09 7.5638e+07
0.021 5.7407e+09 7.3679e+07
0.022 5.606e+09 7.1847e+07
0.023 5.6598e+09 7.0127e+07
0.024 5.6645e+09 6.8507e+07
0.025 5.6504e+09 6.6977e+07
0.026 5.5677e+09 6.5529e+07
0.027 5.6477e+09 6.4154e+07
0.028 5.5455e+09 6.2846e+07
0.029 5.4452e+09 6.1598e+07
0.03 5.449e+09 6.0407e+07
0.031 5.406e+09 5.9267e+07
0.032 5.2924e+09 5.8175e+07
0.033 5.335e+09 5.7126e+07
0.034 5.2795e+09 5.6118e+07
0.035 5.0476e+09 5.5147e+07
0.036 5.1077e+09 5.4211e+07
0.037 5.1757e+09 5.3308e+07
0.038 5.0202e+09 5.2435e+07
0.039 4.9311e+09 5.1591e+07
0.04 4.9116e+09 5.0774e+07
0.041 4.8195e+09 4.9982e+07
0.042 4.7948e+09 4.9213e+07
0.043 4.7881e+09 4.8467e+07
0.044 4.7469e+09 4.7742e+07
0.045 4.6769e+09 4.7038e+07
0.046 4.6102e+09 4.6352e+07
0.047 4.6241e+09 4.5685e+07
0.048 4.4945e+09 4.5034e+07
0.049 4.4526e+09 4.4401e+07
0.05 4.3533e+09 4.3782e+07
0.051 4.343e+09 4.3179e+07
0.052 4.3357e+09 4.259e+07
0.053 4.2071e+09 4.2015e+07
0.054 4.0992e+09 4.1453e+07
0.055 4.0735e+09 4.0904e+07
0.056 4.1288e+09 4.0366e+07
0.057 3.9862e+09 3.9841e+07
0.058 3.9069e+09 3.9327e+07
0.059 3.949e+09 3.8824e+07
0.06 3.8765e+09 3.8331e+07
0.061 3.8132e+09 3.7848e+07
0.062 3.7576e+09 3.7376e+07
0.063 3.6408e+09 3.6912e+07
0.064 3.5793e+09 3.6459e+07
0.065 3.5811e+09 3.6014e+07
0.066 3.5212e+09 3.5578e+07
0.067 3.4895e+09 3.515e+07
0.068 3.4122e+09 3.4731e+07
0.069 3.3663e+09 3.4319e+07
0.07 3.241e+09 3.3916e+07
0.071 3.1925e+09 3.352e+07
0.072 3.1809e+09 3.3132e+07
0.073 3.0785e+09 3.2751e+07
0.074 3.0303e+09 3.2377e+07
0.075 2.9491e+09 3.201e+07
0.076 2.9592e+09 3.165e+07
0.077 2.8548e+09 3.1297e+07
0.078 2.7882e+09 3.095e+07
0.079 2.7669e+09 3.0609e+07
0.08 2.7292e+09 3.0275e+07
0.081 2.6272e+09 2.9947e+07
0.082 2.6277e+09 2.9625e+07
0.083 2.5806e+09 2.9309e+07
0.084 2.5601e+09 2.8999e+07
0.085 2.4548e+09 2.8695e+07
0.086 2.4542e+09 2.8396e+07
0.087 2.4104e+09 2.8103e+07
0.088 2.3226e+09 2.7815e+07
0.089 2.3072e+09 2.7532e+07
0.09 2.1952e+09 2.7255e+07
0.091 2.2264e+09 2.6982e+07
0.092 2.1698e+09 2.6715e+07
0.093 2.124e+09 2.6453e+07
0.094 2.0407e+09 2.6196e+07
0.095 1.9948e+09 2.5943e+07
0.096 2.0191e+09 2.5695e+07
0.097 1.9548e+09 2.5452e+07
0.098 1.9282e+09 2.5213e+07
0.099 1.8708e+09 2.4979e+07
0.1 1.8406e+09 2.4749e+07
0.101 1.7858e+09 2.4524e+07
0.102 1.7425e+09 2.4303e+07
0.103 1.7984e+09 2.4086e+07
0.104 1.6961e+09 2.3873e+07
0.105 1.6373e+09 2.3664e+07
0.106 1.6007e+09 2.3459e+07
0.107 1.6039e+09 2.3258e+07
0.108 1.5544e+09 2.3061e+07
0.109 1.5589e+09 2.2867e+07
0.11 1.5034e+09 2.2678e+07
0.111 1.4586e+09 2.2491e+07
0.112 1.421e+09 2.2309e+07
0.113 1.4462e+09 2.213e+07
0.114 1.3806e+09 2.1954e+07
0.115 1.3537e+09 2.1782e+07
0.116 1.3264e+09 2.1612e+07
0.117 1.338e+09 2.1446e+07
0.118 1.2432e+09 2.1284e+07
0.119 1.2215e+09 2.1124e+07
0.12 1.2212e+09 2.0967e+07
0.121 1.1933e+09 2.0814e+07
0.122 1.1459e+09 2.0663e+07
0.123 1.1537e+09 2.0515e+07
0.124 1.1032e+09 2.037e+07
0.125 1.0853e+09 2.0227e+07
0.126 1.049e+09 2.0087e+07
0.127 1.0577e+09 1.995e+07
0.128 1.0423e+09 1.9815e+07
0.129 1.0219e+09 1.9683e+07
0.13 1.0216e+09 1.9553e+07
0.131 9.8385e+08 1.9426e+07
0.132 9.607e+08 1.93e+07
0.133 9.3885e+08 1.9177e+07
0.134 9.2396e+08 1.9057e+07
0.135 9.084e+08 1.8938e+07
0.136 8.8191e+08 1.8822e+07
0.137 8.7931e+08 1.8707e+07
0.138 8.1922e+08 1.8595e+07
0.139 8.3812e+08 1.8484e+07
0.14 8.0056e+08 1.8375e+07
0.141 8.0014e+08 1.8269e+07
0.142 7.6843e+08 1.8164e+07
0.143 7.7696e+08 1.806e+07
0.144 7.6245e+08 1.7959e+07
0.145 7.533e+08 1.7859e+07
0.146 7.2127e+08 1.7761e+07
0.147 7.4445e+08 1.7664e+07
0.148 6.5957e+08 1.7569e+07
0.149 6.8776e+08 1.7475e+07
0.15 6.9665e+08 1.7383e+07
0.151 6.3818e+08 1.7292e+07
0.152 6.7452e+08 1.7203e+07
0.153 6.196e+08 1.7115e+07
0.154 6.1215e+08 1.7028e+07
0.155 6.0263e+08 1.6943e+07
0.156 6.1394e+08 1.6859e+07
0.157 5.8626e+08 1.6776e+07
0.158 5.7611e+08 1.6694e+07
0.159 5.4792e+08 1.6613e+07
0.16 5.3879e+08 1.6534e+07
0.161 5.2847e+08 1.6456e+07
0.162 5.3654e+08 1.6378e+07
0.163 5.0112e+08 1.6302e+07
0.164 5.1365e+08 1.6227e+07
0.165 4.7733e+08 1.6153e+07
0.166 5.1785e+08 1.608e+07
0.167 4.7068e+08 1.6007e+07
0.168 4.625e+08 1.5936e+07
0.169 4.6779e+08 1.5866e+07
0.17 4.4348e+08 1.5796e+07
0.171 4.5569e+08 1.5728e+07
0.172 4.563e+08 1.566e+07
0.173 4.4796e+08 1.5593e+07
0.174 4.2101e+08 1.5527e+07
0.175 4.0444e+08 1.5462e+07
0.176 4.1532e+08 1.5397e+07
0.177 3.8049e+08 1.5334e+07
0.178 3.8445e+08 1.5271e+07
0.179 3.9381e+08 1.5208e+07
0.18 3.4898e+08 1.5147e+07
0.181 3.6153e+08 1.5086e+07
0.182 3.6153e+08 1.5026e+07
0.183 3.624e+08 1.4967e+07
0.184 3.6368e+08 1.4908e+07
0.185 3.557e+08 1.485e+07
0.186 3.0137e+08 1.4793e+07
0.187 3.1588e+08 1.4736e+07
0.188 3.024e+08 1.468e+07
0.189 3.0526e+08 1.4625e+07
0.19 2.8138e+08 1.457e+07
0.191 2.8072e+08 1.4516e+07
0.192 2.7739e+08 1.4463e+07
0.193 2.8644e+08 1.441e+07
0.194 2.8711e+08 1.4357e+07
0.195 2.7275e+08 1.4306e+07
0.196 2.5177e+08 1.4254e+07
0.197 2.4752e+08 1.4204e+07
0.198 2.5105e+08 1.4154e+07
0.199 2.4409e+08 1.4104e+07
0.2 2.4665e+08 1.4055e+07
0.201 2.11e+08 1.4007e+07
0.202 2.5363e+08 1.3959e+07
0.203 2.1435e+08 1.3912e+07
0.204 2.1723e+08 1.3865e+07
0.205 2.3427e+08 1.3819e+07
0.206 2.1087e+08 1.3773e+07
0.207 2.0965e+08 1.3728e+07
0.208 1.8637e+08 1.3683e+07
0.209 1.7794e+08 1.3639e+07
0.21 1.5794e+08 1.3595e+07
0.211 1.7465e+08 1.3552e+07
0.212 1.7287e+08 1.3509e+07
0.213 1.4084e+08 1.3466e+07
0.214 1.9689e+08 1.3425e+07
0.215 1.6937e+08 1.3383e+07
0.216 1.659e+08 1.3342e+07
0.217 1.4931e+08 1.3302e+07
0.218 1.2215e+08 1.3262e+07
0.219 1.5664e+08 1.3222e+07
0.22 1.2806e+08 1.3183e+07
0.221 1.35e+08 1.3144e+07
0.222 1.3056e+08 1.3106e+07
0.223 1.4651e+08 1.3068e+07
0.224 1.167e+08 1.3031e+07
0.225 9.783e+07 1.2994e+07
0.226 1.231e+08 1.2957e+07
0.227 1.1683e+08 1.2921e+07
0.228 1.1057e+08 1.2885e+07
0.229 1.3073e+08 1.2849e+07
0.23 9.8547e+07 1.2814e+07
0.231 8.57e+07 1.278e+07
0.232 8.5528e+07 1.2746e+07
0.233 9.3311e+07 1.2712e+07
0.234 1.0641e+08 1.2678e+07
0.235 9.6188e+07 1.2645e+07
0.236 9.2245e+07 1.2612e+07
0.237 8.2547e+07 1.258e+07
0.238 9.8985e+07 1.2548e+07
0.239 9.1588e+07 1.2516e+07
0.24 9.6007e+07 1.2485e+07
0.241 6.6197e+07 1.2454e+07
0.242 6.2279e+07 1.2423e+07
0.243 1.0163e+08 1.2392e+07
0.244 5.9666e+07 1.2362e+07
0.245 5.4764e+07 1.2333e+07
0.246 5.3973e+07 1.2303e+07
0.247 6.2388e+07 1.2274e+07
0.248 8.0754e+07 1.2245e+07
0.249 6.7406e+07 1.2217e+07
0.25 6.1963e+07 1.2189e+07
0.251 6.0858e+07 1.2161e+07
0.252 5.6643e+07 1.2133e+07
0.253 6.2797e+07 1.2106e+07
0.254 3.9529e+07 1.2079e+07
0.255 4.5639e+07 1.2052e+07
0.256 6.395e+07 1.2025e+07
0.257 3.7615e+07 1.1999e+07
0.258 3.5328e+07 1.1973e+07
0.259 5.6535e+07 1.1947e+07
0.26 4.7997e+07 1.1922e+07
0.261 4.9875e+07 1.1896e+07
0.262 7.0465e+07 1.1871e+07
0.263 6.6327e+07 1.1847e+07
0.264 3.9802e+07 1.1822e+07
0.265 2.6079e+07 1.1798e+07
0.266 4.6988e+07 1.1774e+07
0.267 3.5275e+07 1.175e+07
0.268 4.2781e+07 1.1726e+07
0.269 4.67e+07 1.1703e+07
0.27 5.2047e+07 1.168e+07
0.271 2.986e+07 1.1657e+07
0.272 3.2066e+07 1.1634e+07
0.273 3.0397e+07 1.1611e+07
0.274 4.5312e+07 1.1589e+07
0.275 2.7757e+07 1.1567e+07
0.276 2.3592e+07 1.1544e+07
0.277 3.5637e+07 1.1523e+07
0.278 4.1808e+07 1.1501e+07
0.279 2.6393e+07 1.148e+07
0.28 4.7511e+07 1.1458e+07
0.281 4.6502e+07 1.1437e+07
0.282 2.4676e+07 1.1416e+07
0.283 2.4661e+07 1.1395e+07
0.284 3.8362e+07 1.1375e+07
0.285 3.4936e+07 1.1354e+07
0.286 3.7102e+07 1.1334e+07
0.287 2.6278e+07 1.1314e+07
0.288 5.2995e+07 1.1294e+07
0.289 4.8431e+07 1.1274e+07
0.29 2.2949e+07 1.1254e+07
0.291 3.845e+07 1.1235e+07
0.292 2.5696e+07 1.1215e+07
0.293 4.6039e+07 1.1196e+07
0.294 4.7943e+07 1.1177e+07
0.295 1.1763e+07 1.1158e+07
0.296 3.0305e+07 1.1139e+07
0.297 1.4325e+07 1.112e+07
0.298 4.2434e+07 1.1101e+07
0.299 1.7759e+07 1.1083e+07
0.3 2.6745e+07 1.1065e+07
0.301 5.4777e+07 1.1046e+07
0.302 2.9851e+07 1.1028e+07
0.303 2.3855e+07 1.101e+07
0.304 2.2057e+07 1.0992e+07
0.305 2.5411e+07 1.0974e+07
0.306 3.3973e+07 1.0957e+07
0.307 3.6967e+07 1.0939e+07
0.308 3.3315e+07 1.0922e+07
0.309 3.5587e+07 1.0904e+07
0.31 2.5579e+07 1.0887e+07
0.311 2.4278e+07 1.087e+07
0.312 3.9289e+07 1.0853e+07
0.313 2.7589e+07 1.0836e+07
0.314 2.1846e+07 1.0819e+07
0.315 3.0214e+07 1.0802e+07
0.316 3.7928e+07 1.0785e+07
0.317 1.9369e+07 1.0768e+07
0.318 2.4395e+07 1.0752e+07
0.319 8.9519e+06 1.0735e+07
0.32 3.3504e+07 1.0719e+07
0.321 4.6404e+07 1.0703e+07
0.322 5.3605e+07 1.0687e+07
0.323 2.9451e+07 1.067e+07
0.324 3.1277e+07 1.0654e+07
0.325 2.2265e+07 1.0638e+07
0.326 3.8986e+07 1.0622e+07
0.327 5.0604e+07 1.0607e+07
0.328 3.1527e+07 1.0591e+07
0.329 1.2071e+07 1.0575e+07
0.33 3.9762e+07 1.0559e+07
0.331 3.924e+07 1.0544e+07
0.332 3.9653e+07 1.0528e+07
0.333 2.6865e+07 1.0513e+07
0.334 5.3324e+07 1.0498e+07
0.335 4.7157e+07 1.0482e+07
0.336 4.1419e+07 1.0467e+07
0.337 2.6406e+07 1.0452e+07
0.338 2.7355e+07 1.0437e+07
0.339 3.1831e+07 1.0422e+07
0.34 3.3386e+07 1.0407e+07
0.341 3.0431e+07 1.0392e+07
0.342 4.5979e+07 1.0377e+07
0.343 4.0559e+07 1.0362e+07
0.344 4.2274e+07 1.0348e+07
0.345 4.1823e+07 1.0333e+07
0.346 2.9159e+07 1.0318e+07
0.347 3.0715e+07 1.0304e+07
0.348 2.3562e+07 1.0289e+07
0.349 5.0811e+07 1.0275e+07
0.35 2.4023e+07 1.026e+07
0.351 3.6838e+07 1.0246e+07
0.352 5.2246e+07 1.0232e+07
0.353 3.4583e+07 1.0218e+07
0.354 4.4735e+07 1.0203e+07
0.355 3.2083e+07 1.0189e+07
0.356 3.4889e+07 1.0175e+07
0.357 4.8774e+07 1.0161e+07
0.358 4.3244e+07 1.0147e+07
0.359 1.9418e+07 1.0133e+07
0.36 6.4697e+07 1.0119e+07
0.361 3.8604e+07 1.0106e+07
0.362 4.7301e+07 1.0092e+07
0.363 6.3654e+07 1.0078e+07
0.364 4.9838e+07 1.0064e+07
0.365 5.1371e+07 1.0051e+07
0.366 4.6336e+07 1.0037e+07
0.367 3.7122e+07 1.0024e+07
0.368 4.1709e+07 1.001e+07
0.369 5.7271e+07 9.9967e+06
0.37 4.2725e+07 9.9834e+06
0.371 3.4438e+07 9.97e+06
0.372 3.6687e+07 9.9567e+06
0.373 4.5371e+07 9.9435e+06
0.374 4.101e+07 9.9303e+06
0.375 3.2349e+07 9.9172e+06
0.376 5.6435e+07 9.9041e+06
0.377 3.8001e+07 9.891e+06
0.378 3.5158e+07 9.878e+06
0.379 3.1054e+07 9.865e+06
0.38 3.948e+07 9.8521e+06
0.381 2.8359e+07 9.8392e+06
0.382 4.0882e+07 9.8264e+06
0.383 6.9282e+07 9.8136e+06
0.384 3.9242e+07 9.8009e+06
0.385 4.8678e+07 9.7882e+06
0.386 4.2689e+07 9.7756e+06
0.387 5.6579e+07 9.763e+06
0.388 5.8732e+07 9.7504e+06
0.389 5.8163e+07 9.7379e+06
0.39 4.4575e+07 9.7254e+06
0.391 4.7972e+07 9.713e+06
0.392 5.0858e+07 9.7006e+06
0.393 1.7179e+07 9.6883e+06
0.394 4.8047e+07 9.676e+06
0.395 4.1292e+07 9.6637e+06
0.396 4.8054e+07 9.6515e+06
0.397 5.295e+07 9.6394e+06
0.398 4.623e+07 9.6272e+06
0.399 4.9971e+07 9.6152e+06
0.4 2.9381e+07 9.6031e+06
0.401 3.8445e+07 9.5911e+06
0.402 4.8268e+07 9.5792e+06
0.403 4.4267e+07 9.5673e+06
0.404 6.2853e+07 9.5554e+06
0.405 3.3174e+07 9.5436e+06
0.406 4.3289e+07 9.5318e+06
0.407 4.3544e+07 9.52e+06
0.408 6.7637e+07 9.5083e+06
0.409 3.0586e+07 9.4966e+06
0.41 4.6231e+07 9.485e+06
0.411 5.5499e+07 9.4734e+06
0.412 6.3535e+07 9.4619e+06
0.413 5.2946e+07 9.4504e+06
0.414 3.5891e+07 9.4389e+06
0.415 5.5217e+07 9.4275e+06
0.416 3.364e+07 9.4161e+06
0.417 6.1181e+07 9.4047e+06
0.418 4.9696e+07 9.3934e+06
0.419 3.8249e+07 9.3822e+06
0.42 4.7864e+07 9.3709e+06
0.421 4.8604e+07 9.3597e+06
0.422 4.325e+07 9.3486e+06
0.423 3.7094e+07 9.3375e+06
0.424 4.2134e+07 9.3264e+06
0.425 4.8536e+07 9.3153e+06
0.426 4.4458e+07 9.3043e+06
0.427 4.4262e+07 9.2933e+06
0.428 4.2937e+07 9.2824e+06
0.429 3.5069e+07 9.2715e+06
0.43 3.9279e+07 9.2606e+06
0.431 4.0683e+07 9.2498e+06
0.432 2.2577e+07 9.239e+06
0.433 4.4731e+07 9.2283e+06
0.434 4.3705e+07 9.2175e+06
0.435 1.3937e+07 9.2068e+06
0.436 4.2884e+07 9.1962e+06
0.437 4.2951e+07 9.1856e+06
0.438 5.8526e+07 9.175e+06
0.439 3.5244e+07 9.1644e+06
0.44 1.7379e+07 9.1539e+06
0.441 2.8738e+07 9.1434e+06
0.442 3.6201e+07 9.133e+06
0.443 4.6586e+07 9.1226e+06
0.444 4.0061e+07 9.1122e+06
0.445 3.9767e+07 9.1019e+06
0.446 5.7215e+07 9.0915e+06
0.447 5.2854e+07 9.0813e+06
0.448 4.209e+07 9.071e+06
0.449 5.0137e+07 9.0608e+06
0.45 4.207e+07 9.0506e+06
0.451 2.4462e+07 9.0405e+06
0.452 3.1874e+07 9.0303e+06
0.453 3.7656e+07 9.0202e+06
0.454 5.0283e+07 9.0102e+06
0.455 3.6176e+07 9.0002e+06
0.456 3.9676e+07 8.9902e+06
0.457 5.7459e+07 8.9802e+06
0.458 4.8625e+07 8.9703e+06
0.459 3.9014e+07 8.9604e+06
0.46 5.5051e+07 8.9505e+06
0.461 4.0297e+07 8.9407e+06
0.462 4.1042e+07 8.9309e+06
0.463 5.5491e+07 8.9211e+06
0.464 3.7733e+07 8.9113e+06
0.465 4.0696e+07 8.9016e+06
0.466 5.0744e+07 8.8919e+06
0.467 2.6277e+07 8.8823e+06
0.468 4.5211e+07 8.8727e+06
0.469 4.0302e+07 8.8631e+06
0.47 3.955e+07 8.8535e+06
0.471 4.555e+07 8.844e+06
0.472 2.8332e+07 8.8344e+06
0.473 3.6676e+07 8.825e+06
0.474 4.7835e+07 8.8155e+06
0.475 3.6727e+07 8.8061e+06
0.476 4.0725e+07 8.7967e+06
0.477 3.5725e+07 8.7874e+06
0.478 2.46e+07 8.778e+06
0.479 4.1782e+07 8.7687e+06
0.48 3.5678e+07 8.7594e+06
0.481 4.3484e+07 8.7502e+06
0.482 3.8999e+07 8.741e+06
0.483 4.0819e+07 8.7318e+06
0.484 4.116e+07 8.7226e+06
0.485 3.0693e+07 8.7135e+06
0.486 4.649e+07 8.7044e+06
0.487 6.456e+07 8.6953e+06
0.488 1.3035e+07 8.6863e+06
0.489 4.9436e+07 8.6773e+06
0.49 2.5346e+07 8.6683e+06
0.491 2.1956e+07 8.6593e+06
0.492 2.803e+07 8.6504e+06
0.493 3.0584e+07 8.6414e+06
0.494 2.573e+07 8.6326e+06
0.495 4.8147e+07 8.6237e+06
0.496 4.7681e+07 8.6149e+06
0.497 4.4894e+07 8.6061e+06
0.498 3.3567e+07 8.5973e+06
0.499 4.5787e+07 8.5886e+06
0.5 4.3297e+07 8.5798e+06
