0.001 2.0076e+09 1.2399e+08
0.002 1.9901e+09 8.7668e+07
0.003 1.9988e+09 7.1571e+07
0.004 2.1279e+09 6.197e+07
0.005 2.022e+09 5.5414e+07
0.006 1.9825e+09 5.057e+07
0.007 1.984e+09 4.6802e+07
0.008 2.0574e+09 4.3761e+07
0.009 2.0524e+09 4.1239e+07
0.01 2.0695e+09 3.9102e+07
0.011 2.014e+09 3.7261e+07
0.012 2.0276e+09 3.5652e+07
0.013 1.9757e+09 3.4229e+07
0.014 2.0018e+09 3.296e+07
0.015 1.9735e+09 3.1817e+07
0.016 1.9871e+09 3.078e+07
0.017 1.9741e+09 2.9834e+07
0.018 1.9438e+09 2.8966e+07
0.019 1.9614e+09 2.8164e+07
0.02 1.9373e+09 2.7422e+07
0.021 1.9707e+09 2.6731e+07
0.022 1.951e+09 2.6086e+07
0.023 1.918e+09 2.5481e+07
0.024 1.9204e+09 2.4913e+07
0.025 1.9404e+09 2.4377e+07
0.026 1.9145e+09 2.3871e+07
0.027 1.8817e+09 2.3391e+07
0.028 1.9123e+09 2.2936e+07
0.029 1.8411e+09 2.2502e+07
0.03 1.8232e+09 2.2089e+07
0.031 1.8747e+09 2.1694e+07
0.032 1.8392e+09 2.1317e+07
0.033 1.8281e+09 2.0955e+07
0.034 1.8416e+09 2.0608e+07
0.035 1.7782e+09 2.0275e+07
0.036 1.7981e+09 1.9954e+07
0.037 1.7764e+09 1.9645e+07
0.038 1.7837e+09 1.9346e+07
0.039 1.7849e+09 1.9059e+07
0.04 1.7522e+09 1.878e+07
0.041 1.7139e+09 1.8511e+07
0.042 1.7028e+09 1.825e+07
0.043 1.7e+09 1.7997e+07
0.044 1.7085e+09 1.7752e+07
0.045 1.6851e+09 1.7514e+07
0.046 1.6608e+09 1.7283e+07
0.047 1.6344e+09 1.7058e+07
0.048 1.6387e+09 1.6839e+07
0.049 1.6296e+09 1.6626e+07
0.05 1.605e+09 1.6418e+07
0.051 1.5869e+09 1.6216e+07
0.052 1.5577e+09 1.6019e+07
0.053 1.5679e+09 1.5826e+07
0.054 1.5428e+09 1.5638e+07
0.055 1.524e+09 1.5454e+07
0.056 1.5432e+09 1.5275e+07
0.057 1.5299e+09 1.5099e+07
0.058 1.4994e+09 1.4928e+07
0.059 1.4482e+09 1.476e+07
0.06 1.4532e+09 1.4595e+07
0.061 1.4466e+09 1.4434e+07
0.062 1.4316e+09 1.4276e+07
0.063 1.4207e+09 1.4122e+07
0.064 1.3972e+09 1.397e+07
0.065 1.3765e+09 1.3822e+07
0.066 1.3556e+09 1.3676e+07
0.067 1.3176e+09 1.3533e+07
0.068 1.3145e+09 1.3393e+07
0.069 1.321e+09 1.3255e+07
0.07 1.3062e+09 1.312e+07
0.071 1.2671e+09 1.2987e+07
0.072 1.2452e+09 1.2857e+07
0.073 1.2464e+09 1.2729e+07
0.074 1.2301e+09 1.2603e+07
0.075 1.2177e+09 1.248e+07
0.076 1.2079e+09 1.2358e+07
0.077 1.1841e+09 1.2239e+07
0.078 1.1753e+09 1.2122e+07
0.079 1.145e+09 1.2006e+07
0.08 1.1407e+09 1.1893e+07
0.081 1.1128e+09 1.1781e+07
0.082 1.0962e+09 1.1672e+07
0.083 1.06e+09 1.1564e+07
0.084 1.0562e+09 1.1458e+07
0.085 1.0624e+09 1.1353e+07
0.086 1.0386e+09 1.125e+07
0.087 1.022e+09 1.1149e+07
0.088 1.0127e+09 1.105e+07
0.089 9.8225e+08 1.0952e+07
0.09 9.5784e+08 1.0856e+07
0.091 9.6905e+08 1.0761e+07
0.092 9.4688e+08 1.0667e+07
0.093 9.1291e+08 1.0576e+07
0.094 8.9643e+08 1.0485e+07
0.095 8.9716e+08 1.0396e+07
0.096 8.7283e+08 1.0309e+07
0.097 8.7544e+08 1.0222e+07
0.098 8.6067e+08 1.0138e+07
0.099 8.2913e+08 1.0054e+07
0.1 8.2399e+08 9.9717e+06
0.101 8.0459e+08 9.8907e+06
0.102 7.9394e+08 9.811e+06
0.103 7.8397e+08 9.7325e+06
0.104 7.6382e+08 9.6553e+06
0.105 7.8415e+08 9.5792e+06
0.106 7.5632e+08 9.5044e+06
0.107 7.5503e+08 9.4307e+06
0.108 7.0892e+08 9.3581e+06
0.109 7.0378e+08 9.2867e+06
0.11 6.9021e+08 9.2164e+06
0.111 6.7365e+08 9.1472e+06
0.112 6.4484e+08 9.079e+06
0.113 6.579e+08 9.012e+06
0.114 6.4429e+08 8.946e+06
0.115 6.3609e+08 8.881e+06
0.116 6.3067e+08 8.817e+06
0.117 6.118e+08 8.754e+06
0.118 6.1137e+08 8.692e+06
0.119 5.8243e+08 8.631e+06
0.12 5.8398e+08 8.571e+06
0.121 5.6859e+08 8.5119e+06
0.122 5.5219e+08 8.4537e+06
0.123 5.3614e+08 8.3964e+06
0.124 5.3498e+08 8.3401e+06
0.125 5.398e+08 8.2846e+06
0.126 5.1635e+08 8.23e+06
0.127 5.1388e+08 8.1763e+06
0.128 5.018e+08 8.1234e+06
0.129 4.8206e+08 8.0713e+06
0.13 4.6056e+08 8.0201e+06
0.131 4.7939e+08 7.9696e+06
0.132 4.4765e+08 7.92e+06
0.133 4.4061e+08 7.8712e+06
0.134 4.3538e+08 7.8231e+06
0.135 4.1386e+08 7.7758e+06
0.136 4.3731e+08 7.7292e+06
0.137 4.1325e+08 7.6833e+06
0.138 3.8855e+08 7.6382e+06
0.139 3.9633e+08 7.5938e+06
0.14 3.9149e+08 7.5501e+06
0.141 3.9093e+08 7.507e+06
0.142 3.5678e+08 7.4647e+06
0.143 3.7748e+08 7.423e+06
0.144 3.6935e+08 7.3819e+06
0.145 3.5875e+08 7.3415e+06
0.146 3.538e+08 7.3017e+06
0.147 3.526e+08 7.2625e+06
0.148 3.3852e+08 7.2239e+06
0.149 3.1686e+08 7.1859e+06
0.15 3.2561e+08 7.1485e+06
0.151 3.1367e+08 7.1117e+06
0.152 3.0921e+08 7.0754e+06
0.153 2.9925e+08 7.0397e+06
0.154 2.9525e+08 7.0045e+06
0.155 2.9114e+08 6.9699e+06
0.156 2.7436e+08 6.9358e+06
0.157 2.88e+08 6.9021e+06
0.158 2.6454e+08 6.869e+06
0.159 2.7344e+08 6.8364e+06
0.16 2.723e+08 6.8042e+06
0.161 2.6311e+08 6.7725e+06
0.162 2.4819e+08 6.7413e+06
0.163 2.5256e+08 6.7105e+06
0.164 2.4336e+08 6.6801e+06
0.165 2.3379e+08 6.6502e+06
0.166 2.1589e+08 6.6207e+06
0.167 2.2601e+08 6.5917e+06
0.168 2.3418e+08 6.563e+06
0.169 2.2013e+08 6.5347e+06
0.17 2.1984e+08 6.5069e+06
0.171 2.0868e+08 6.4794e+06
0.172 2.1028e+08 6.4522e+06
0.173 2.042e+08 6.4255e+06
0.174 2.0404e+08 6.3991e+06
0.175 1.9523e+08 6.373e+06
0.176 1.8238e+08 6.3473e+06
0.177 2.0033e+08 6.3219e+06
0.178 1.867e+08 6.2969e+06
0.179 1.9249e+08 6.2722e+06
0.18 1.895e+08 6.2478e+06
0.181 1.679e+08 6.2237e+06
0.182 1.7142e+08 6.1998e+06
0.183 1.6914e+08 6.1763e+06
0.184 1.6982e+08 6.1531e+06
0.185 1.6385e+08 6.1302e+06
0.186 1.6253e+08 6.1075e+06
0.187 1.6457e+08 6.0852e+06
0.188 1.5289e+08 6.063e+06
0.189 1.5331e+08 6.0412e+06
0.19 1.5201e+08 6.0196e+06
0.191 1.4071e+08 5.9982e+06
0.192 1.4239e+08 5.9771e+06
0.193 1.3241e+08 5.9562e+06
0.194 1.2441e+08 5.9356e+06
0.195 1.3659e+08 5.9152e+06
0.196 1.3582e+08 5.895e+06
0.197 1.3349e+08 5.8751e+06
0.198 1.3257e+08 5.8553e+06
0.199 1.2339e+08 5.8358e+06
0.2 1.2188e+08 5.8165e+06
0.201 1.1712e+08 5.7974e+06
0.202 1.1977e+08 5.7785e+06
0.203 1.2308e+08 5.7598e+06
0.204 1.1761e+08 5.7413e+06
0.205 1.119e+08 5.723e+06
0.206 1.2146e+08 5.7048e+06
0.207 1.1523e+08 5.6869e+06
0.208 9.6861e+07 5.6691e+06
0.209 1.0761e+08 5.6515e+06
0.21 9.8973e+07 5.6341e+06
0.211 9.9726e+07 5.6169e+06
0.212 9.5068e+07 5.5998e+06
0.213 9.0361e+07 5.5829e+06
0.214 8.5503e+07 5.5662e+06
0.215 7.7134e+07 5.5496e+06
0.216 9.1953e+07 5.5332e+06
0.217 7.746e+07 5.517e+06
0.218 8.8166e+07 5.5009e+06
0.219 8.1259e+07 5.4849e+06
0.22 8.0923e+07 5.4691e+06
0.221 7.6847e+07 5.4535e+06
0.222 8.3179e+07 5.438e+06
0.223 8.1738e+07 5.4226e+06
0.224 7.7787e+07 5.4074e+06
0.225 7.1779e+07 5.3924e+06
0.226 7.4938e+07 5.3775e+06
0.227 6.1874e+07 5.3627e+06
0.228 7.4292e+07 5.348e+06
0.229 6.1434e+07 5.3335e+06
0.23 6.7497e+07 5.3191e+06
0.231 5.7311e+07 5.3049e+06
0.232 5.9047e+07 5.2908e+06
0.233 5.7342e+07 5.2768e+06
0.234 5.3633e+07 5.263e+06
0.235 5.9855e+07 5.2492e+06
0.236 5.6579e+07 5.2356e+06
0.237 5.416e+07 5.2221e+06
0.238 5.1451e+07 5.2088e+06
0.239 5.1288e+07 5.1956e+06
0.24 5.5343e+07 5.1824e+06
0.241 4.8578e+07 5.1695e+06
0.242 5.38e+07 5.1566e+06
0.243 4.9598e+07 5.1438e+06
0.244 5.1702e+07 5.1312e+06
0.245 3.5989e+07 5.1186e+06
0.246 4.0789e+07 5.1062e+06
0.247 4.9289e+07 5.0939e+06
0.248 3.7312e+07 5.0817e+06
0.249 4.3488e+07 5.0697e+06
0.25 4.5984e+07 5.0577e+06
0.251 3.1149e+07 5.0458e+06
0.252 3.9936e+07 5.0341e+06
0.253 3.0815e+07 5.0224e+06
0.254 2.74e+07 5.0109e+06
0.255 3.7141e+07 4.9994e+06
0.256 3.0248e+07 4.9881e+06
0.257 2.6249e+07 4.9769e+06
0.258 2.8675e+07 4.9657e+06
0.259 3.8474e+07 4.9547e+06
0.26 2.5684e+07 4.9438e+06
0.261 3.4361e+07 4.9329e+06
0.262 3.438e+07 4.9222e+06
0.263 2.3219e+07 4.9115e+06
0.264 2.4127e+07 4.901e+06
0.265 1.4218e+07 4.8905e+06
0.266 2.3794e+07 4.8802e+06
0.267 2.9545e+07 4.8699e+06
0.268 2.5729e+07 4.8597e+06
0.269 2.1052e+07 4.8496e+06
0.27 2.0377e+07 4.8396e+06
0.271 2.8139e+07 4.8297e+06
0.272 1.5985e+07 4.8199e+06
0.273 1.9931e+07 4.8101e+06
0.274 1.8179e+07 4.8004e+06
0.275 1.6411e+07 4.7909e+06
0.276 1.5941e+07 4.7814e+06
0.277 1.6605e+07 4.772e+06
0.278 1.5025e+07 4.7626e+06
0.279 1.9051e+07 4.7534e+06
0.28 2.08e+07 4.7442e+06
0.281 2.1229e+07 4.7351e+06
0.282 1.2242e+07 4.7261e+06
0.283 1.5936e+07 4.7171e+06
0.284 1.7486e+07 4.7082e+06
0.285 1.1814e+07 4.6994e+06
0.286 1.719e+07 4.6907e+06
0.287 1.2299e+07 4.682e+06
0.288 1.3834e+07 4.6734e+06
0.289 1.3244e+07 4.6649e+06
0.29 1.2431e+07 4.6565e+06
0.291 1.5224e+07 4.6481e+06
0.292 1.5151e+07 4.6398e+06
0.293 1.3773e+07 4.6315e+06
0.294 1.3212e+07 4.6233e+06
0.295 7.3291e+06 4.6152e+06
0.296 1.7313e+07 4.6071e+06
0.297 1.4938e+07 4.5991e+06
0.298 1.5559e+07 4.5912e+06
0.299 1.04e+07 4.5833e+06
0.3 1.3621e+07 4.5754e+06
0.301 1.0239e+07 4.5677e+06
0.302 7.376e+06 4.5599e+06
0.303 1.6788e+07 4.5523e+06
0.304 1.1522e+07 4.5447e+06
0.305 1.3456e+07 4.5371e+06
0.306 1.1654e+07 4.5296e+06
0.307 1.1738e+07 4.5222e+06
0.308 1.175e+07 4.5148e+06
0.309 1.685e+07 4.5074e+06
0.31 1.3218e+07 4.5001e+06
0.311 1.4828e+07 4.4929e+06
0.312 1.5127e+07 4.4857e+06
0.313 1.5458e+07 4.4785e+06
0.314 1.8543e+07 4.4714e+06
0.315 5.991e+06 4.4643e+06
0.316 1.8599e+07 4.4573e+06
0.317 5.091e+06 4.4503e+06
0.318 9.5757e+06 4.4434e+06
0.319 1.9101e+07 4.4365e+06
0.32 1.0612e+07 4.4296e+06
0.321 1.1867e+07 4.4228e+06
0.322 1.0697e+07 4.4161e+06
0.323 1.8996e+07 4.4093e+06
0.324 9.2855e+06 4.4026e+06
0.325 6.1813e+06 4.396e+06
0.326 1.9516e+07 4.3894e+06
0.327 8.2794e+06 4.3828e+06
0.328 1.5092e+07 4.3762e+06
0.329 1.2423e+07 4.3697e+06
0.33 1.1278e+07 4.3633e+06
0.331 1.3388e+07 4.3568e+06
0.332 1.8024e+07 4.3504e+06
0.333 1.9728e+07 4.344e+06
0.334 2.1552e+07 4.3377e+06
0.335 1.8421e+07 4.3314e+06
0.336 1.9147e+07 4.3251e+06
0.337 2.3466e+07 4.3189e+06
0.338 1.1953e+07 4.3126e+06
0.339 1.811e+07 4.3065e+06
0.34 1.9426e+07 4.3003e+06
0.341 1.3356e+07 4.2942e+06
0.342 1.5832e+07 4.2881e+06
0.343 1.0783e+07 4.282e+06
0.344 1.9944e+07 4.276e+06
0.345 1.3977e+07 4.27e+06
0.346 5.4827e+06 4.264e+06
0.347 2.1173e+07 4.258e+06
0.348 2.0698e+07 4.2521e+06
0.349 1.4479e+07 4.2462e+06
0.35 1.5276e+07 4.2403e+06
0.351 9.2017e+06 4.2345e+06
0.352 2.2281e+07 4.2286e+06
0.353 1.9939e+07 4.2228e+06
0.354 1.5928e+07 4.2171e+06
0.355 1.0573e+07 4.2113e+06
0.356 1.2608e+07 4.2056e+06
0.357 2.3975e+07 4.1999e+06
0.358 1.7234e+07 4.1942e+06
0.359 2.1046e+07 4.1886e+06
0.36 2.1626e+07 4.1829e+06
0.361 1.5457e+07 4.1773e+06
0.362 1.6386e+07 4.1717e+06
0.363 1.9036e+07 4.1662e+06
0.364 2.0904e+07 4.1606e+06
0.365 8.779e+06 4.1551e+06
0.366 1.6044e+07 4.1496e+06
0.367 1.8935e+07 4.1441e+06
0.368 1.4947e+07 4.1387e+06
0.369 1.8539e+07 4.1332e+06
0.37 2.3417e+07 4.1278e+06
0.371 2.82e+07 4.1224e+06
0.372 2.1257e+07 4.1171e+06
0.373 1.9365e+07 4.1117e+06
0.374 2.3946e+07 4.1064e+06
0.375 1.277e+07 4.1011e+06
0.376 2.0846e+07 4.0958e+06
0.377 2.4561e+07 4.0905e+06
0.378 1.9224e+07 4.0853e+06
0.379 2.1941e+07 4.08e+06
0.38 1.5907e+07 4.0748e+06
0.381 1.8506e+07 4.0696e+06
0.382 2.2656e+07 4.0644e+06
0.383 1.6514e+07 4.0593e+06
0.384 1.5982e+07 4.0542e+06
0.385 1.7568e+07 4.049e+06
0.386 1.2929e+07 4.0439e+06
0.387 2.1166e+07 4.0389e+06
0.388 1.8316e+07 4.0338e+06
0.389 2.1723e+07 4.0287e+06
0.39 1.9455e+07 4.0237e+06
0.391 2.6879e+07 4.0187e+06
0.392 2.0433e+07 4.0137e+06
0.393 1.872e+07 4.0087e+06
0.394 2.3211e+07 4.0038e+06
0.395 2.009e+07 3.9988e+06
0.396 2.0448e+07 3.9939e+06
0.397 1.7264e+07 3.989e+06
0.398 1.4907e+07 3.9841e+06
0.399 2.0594e+07 3.9792e+06
0.4 2.5651e+07 3.9744e+06
0.401 2.0304e+07 3.9695e+06
0.402 2.0883e+07 3.9647e+06
0.403 1.9553e+07 3.9599e+06
0.404 1.9346e+07 3.9551e+06
0.405 1.854e+07 3.9503e+06
0.406 2.7805e+07 3.9456e+06
0.407 2.3604e+07 3.9408e+06
0.408 2.0275e+07 3.9361e+06
0.409 2.059e+07 3.9314e+06
0.41 1.5211e+07 3.9267e+06
0.411 2.8111e+07 3.922e+06
0.412 2.2591e+07 3.9173e+06
0.413 1.9649e+07 3.9127e+06
0.414 3.2184e+07 3.908e+06
0.415 2.6194e+07 3.9034e+06
0.416 2.7528e+07 3.8988e+06
0.417 2.1983e+07 3.8942e+06
0.418 2.2668e+07 3.8896e+06
0.419 2.0987e+07 3.8851e+06
0.42 2.329e+07 3.8805e+06
0.421 2.7602e+07 3.876e+06
0.422 3.0508e+07 3.8715e+06
0.423 2.6318e+07 3.8669e+06
0.424 2.2823e+07 3.8625e+06
0.425 1.9499e+07 3.858e+06
0.426 2.3638e+07 3.8535e+06
0.427 2.6436e+07 3.849e+06
0.428 1.7888e+07 3.8446e+06
0.429 1.7447e+07 3.8402e+06
0.43 1.9323e+07 3.8358e+06
0.431 2.8096e+07 3.8314e+06
0.432 2.0485e+07 3.827e+06
0.433 1.9987e+07 3.8226e+06
0.434 3.0418e+07 3.8182e+06
0.435 2.3693e+07 3.8139e+06
0.436 2.7533e+07 3.8096e+06
0.437 2.6704e+07 3.8052e+06
0.438 2.7275e+07 3.8009e+06
0.439 2.7971e+07 3.7966e+06
0.44 2.6057e+07 3.7923e+06
0.441 2.1801e+07 3.7881e+06
0.442 2.8253e+07 3.7838e+06
0.443 2.6045e+07 3.7796e+06
0.444 2.3158e+07 3.7753e+06
0.445 2.2765e+07 3.7711e+06
0.446 2.5747e+07 3.7669e+06
0.447 2.2022e+07 3.7627e+06
0.448 2.8199e+07 3.7585e+06
0.449 2.0764e+07 3.7543e+06
0.45 2.4836e+07 3.7502e+06
0.451 2.0719e+07 3.746e+06
0.452 1.9397e+07 3.7419e+06
0.453 2.3026e+07 3.7377e+06
0.454 3.144e+07 3.7336e+06
0.455 2.513e+07 3.7295e+06
0.456 2.686e+07 3.7254e+06
0.457 3.1105e+07 3.7214e+06
0.458 2.2065e+07 3.7173e+06
0.459 2.0765e+07 3.7132e+06
0.46 2.2919e+07 3.7092e+06
0.461 2.5284e+07 3.7052e+06
0.462 2.3899e+07 3.7011e+06
0.463 2.383e+07 3.6971e+06
0.464 2.6777e+07 3.6931e+06
0.465 3.2197e+07 3.6891e+06
0.466 2.2553e+07 3.6852e+06
0.467 2.2682e+07 3.6812e+06
0.468 2.7408e+07 3.6772e+06
0.469 2.1343e+07 3.6733e+06
0.47 2.8359e+07 3.6694e+06
0.471 2.6955e+07 3.6654e+06
0.472 2.0739e+07 3.6615e+06
0.473 2.4685e+07 3.6576e+06
0.474 2.2177e+07 3.6538e+06
0.475 2.539e+07 3.6499e+06
0.476 2.5882e+07 3.646e+06
0.477 1.9421e+07 3.6422e+06
0.478 2.9483e+07 3.6383e+06
0.479 3.1613e+07 3.6345e+06
0.48 1.7794e+07 3.6307e+06
0.481 2.2708e+07 3.6269e+06
0.482 2.318e+07 3.6231e+06
0.483 2.7642e+07 3.6193e+06
0.484 2.9856e+07 3.6155e+06
0.485 2.0728e+07 3.6117e+06
0.486 2.6831e+07 3.608e+06
0.487 1.9798e+07 3.6042e+06
0.488 2.38e+07 3.6005e+06
0.489 2.5542e+07 3.5968e+06
0.49 2.5383e+07 3.5931e+06
0.491 2.5773e+07 3.5894e+06
0.492 2.3877e+07 3.5857e+06
0.493 2.4274e+07 3.582e+06
0.494 2.6971e+07 3.5783e+06
0.495 2.6385e+07 3.5747e+06
0.496 2.69e+07 3.571e+06
0.497 1.9561e+07 3.5674e+06
0.498 1.7954e+07 3.5638e+06
0.499 2.5734e+07 3.5601e+06
0.5 2.4845e+07 3.5565e+06
