0.001 1.5899e+09 9.2255e+07
0.002 1.4127e+09 6.5229e+07
0.003 1.5044e+09 5.3253e+07
0.004 1.5121e+09 4.611e+07
0.005 1.4403e+09 4.1232e+07
0.006 1.4357e+09 3.7629e+07
0.007 1.4613e+09 3.4826e+07
0.008 1.4705e+09 3.2564e+07
0.009 1.4928e+09 3.0688e+07
0.01 1.4469e+09 2.9099e+07
0.011 1.4617e+09 2.773e+07
0.012 1.4332e+09 2.6534e+07
0.013 1.4696e+09 2.5476e+07
0.014 1.4857e+09 2.4533e+07
0.015 1.4558e+09 2.3683e+07
0.016 1.4964e+09 2.2913e+07
0.017 1.4253e+09 2.221e+07
0.018 1.4685e+09 2.1565e+07
0.019 1.3913e+09 2.097e+07
0.02 1.4105e+09 2.0419e+07
0.021 1.4019e+09 1.9906e+07
0.022 1.3912e+09 1.9427e+07
0.023 1.3854e+09 1.8978e+07
0.024 1.356e+09 1.8557e+07
0.025 1.4058e+09 1.8159e+07
0.026 1.4045e+09 1.7784e+07
0.027 1.4057e+09 1.7428e+07
0.028 1.3783e+09 1.7091e+07
0.029 1.3822e+09 1.677e+07
0.03 1.3758e+09 1.6464e+07
0.031 1.3604e+09 1.6171e+07
0.032 1.3186e+09 1.5892e+07
0.033 1.3527e+09 1.5624e+07
0.034 1.3424e+09 1.5367e+07
0.035 1.3086e+09 1.5121e+07
0.036 1.3234e+09 1.4883e+07
0.037 1.3231e+09 1.4655e+07
0.038 1.2749e+09 1.4434e+07
0.039 1.279e+09 1.4222e+07
0.04 1.2666e+09 1.4016e+07
0.041 1.2719e+09 1.3817e+07
0.042 1.2626e+09 1.3625e+07
0.043 1.2407e+09 1.3438e+07
0.044 1.2472e+09 1.3257e+07
0.045 1.2161e+09 1.3082e+07
0.046 1.2219e+09 1.2911e+07
0.047 1.1911e+09 1.2745e+07
0.048 1.2082e+09 1.2584e+07
0.049 1.1785e+09 1.2427e+07
0.05 1.1798e+09 1.2274e+07
0.051 1.1743e+09 1.2125e+07
0.052 1.1686e+09 1.198e+07
0.053 1.1663e+09 1.1838e+07
0.054 1.1369e+09 1.17e+07
0.055 1.1201e+09 1.1565e+07
0.056 1.1001e+09 1.1433e+07
0.057 1.0985e+09 1.1304e+07
0.058 1.0798e+09 1.1178e+07
0.059 1.0688e+09 1.1054e+07
0.06 1.0794e+09 1.0934e+07
0.061 1.0352e+09 1.0815e+07
0.062 1.0141e+09 1.0699e+07
0.063 1.0449e+09 1.0586e+07
0.064 1.015e+09 1.0475e+07
0.065 1.0154e+09 1.0366e+07
0.066 9.8382e+08 1.0259e+07
0.067 9.943e+08 1.0154e+07
0.068 9.9728e+08 1.0051e+07
0.069 9.5289e+08 9.9505e+06
0.07 9.5083e+08 9.8515e+06
0.071 9.4358e+08 9.7543e+06
0.072 9.1929e+08 9.6588e+06
0.073 9.2753e+08 9.5651e+06
0.074 9.0174e+08 9.473e+06
0.075 8.9578e+08 9.3826e+06
0.076 8.7212e+08 9.2937e+06
0.077 8.7837e+08 9.2063e+06
0.078 8.5645e+08 9.1204e+06
0.079 8.4784e+08 9.036e+06
0.08 8.2851e+08 8.953e+06
0.081 8.2762e+08 8.8714e+06
0.082 8.1713e+08 8.7912e+06
0.083 8.0752e+08 8.7122e+06
0.084 7.9466e+08 8.6346e+06
0.085 7.6997e+08 8.5582e+06
0.086 7.7186e+08 8.4831e+06
0.087 7.6542e+08 8.4092e+06
0.088 7.4717e+08 8.3364e+06
0.089 7.2987e+08 8.2648e+06
0.09 7.1368e+08 8.1944e+06
0.091 7.1706e+08 8.1251e+06
0.092 7.0297e+08 8.0569e+06
0.093 6.8326e+08 7.9897e+06
0.094 6.8291e+08 7.9236e+06
0.095 6.6312e+08 7.8586e+06
0.096 6.4573e+08 7.7945e+06
0.097 6.4347e+08 7.7315e+06
0.098 6.4387e+08 7.6694e+06
0.099 6.319e+08 7.6083e+06
0.1 6.1992e+08 7.5482e+06
0.101 5.9522e+08 7.489e+06
0.102 6.0411e+08 7.4307e+06
0.103 5.8475e+08 7.3733e+06
0.104 5.8237e+08 7.3168e+06
0.105 5.6387e+08 7.2612e+06
0.106 5.5589e+08 7.2064e+06
0.107 5.5418e+08 7.1524e+06
0.108 5.581e+08 7.0993e+06
0.109 5.3804e+08 7.0471e+06
0.11 5.2423e+08 6.9956e+06
0.111 5.1417e+08 6.9449e+06
0.112 5.0444e+08 6.895e+06
0.113 4.9559e+08 6.8459e+06
0.114 4.83e+08 6.7975e+06
0.115 4.6459e+08 6.7499e+06
0.116 4.8064e+08 6.703e+06
0.117 4.6751e+08 6.6568e+06
0.118 4.4665e+08 6.6113e+06
0.119 4.4044e+08 6.5666e+06
0.12 4.4083e+08 6.5225e+06
0.121 4.277e+08 6.4791e+06
0.122 4.2274e+08 6.4364e+06
0.123 4.1059e+08 6.3943e+06
0.124 4.1456e+08 6.3529e+06
0.125 4.1427e+08 6.3122e+06
0.126 4.0712e+08 6.272e+06
0.127 3.8085e+08 6.2325e+06
0.128 3.8433e+08 6.1936e+06
0.129 3.688e+08 6.1552e+06
0.13 3.6541e+08 6.1175e+06
0.131 3.6207e+08 6.0804e+06
0.132 3.5067e+08 6.0438e+06
0.133 3.3896e+08 6.0078e+06
0.134 3.4138e+08 5.9723e+06
0.135 3.3436e+08 5.9374e+06
0.136 3.2524e+08 5.903e+06
0.137 3.1641e+08 5.8691e+06
0.138 3.1765e+08 5.8358e+06
0.139 3.139e+08 5.8029e+06
0.14 3.0784e+08 5.7706e+06
0.141 3.0035e+08 5.7387e+06
0.142 2.9163e+08 5.7073e+06
0.143 3.0439e+08 5.6765e+06
0.144 2.8234e+08 5.646e+06
0.145 2.7666e+08 5.616e+06
0.146 2.6967e+08 5.5865e+06
0.147 2.648e+08 5.5574e+06
0.148 2.6504e+08 5.5288e+06
0.149 2.4715e+08 5.5006e+06
0.15 2.3783e+08 5.4727e+06
0.151 2.4816e+08 5.4453e+06
0.152 2.3882e+08 5.4183e+06
0.153 2.3819e+08 5.3917e+06
0.154 2.2929e+08 5.3655e+06
0.155 2.3332e+08 5.3397e+06
0.156 2.1918e+08 5.3142e+06
0.157 2.2022e+08 5.2891e+06
0.158 2.1374e+08 5.2644e+06
0.159 2.0901e+08 5.24e+06
0.16 2.1029e+08 5.2159e+06
0.161 2.0131e+08 5.1922e+06
0.162 1.901e+08 5.1689e+06
0.163 1.92e+08 5.1458e+06
0.164 1.9764e+08 5.1231e+06
0.165 1.8335e+08 5.1006e+06
0.166 1.8346e+08 5.0785e+06
0.167 1.8714e+08 5.0567e+06
0.168 1.744e+08 5.0352e+06
0.169 1.7245e+08 5.0139e+06
0.17 1.7913e+08 4.993e+06
0.171 1.7107e+08 4.9723e+06
0.172 1.6185e+08 4.9519e+06
0.173 1.5395e+08 4.9317e+06
0.174 1.5688e+08 4.9118e+06
0.175 1.6402e+08 4.8922e+06
0.176 1.5767e+08 4.8728e+06
0.177 1.5165e+08 4.8537e+06
0.178 1.4365e+08 4.8348e+06
0.179 1.3926e+08 4.8161e+06
0.18 1.427e+08 4.7977e+06
0.181 1.4151e+08 4.7795e+06
0.182 1.3127e+08 4.7615e+06
0.183 1.4168e+08 4.7437e+06
0.184 1.3807e+08 4.7261e+06
0.185 1.3965e+08 4.7087e+06
0.186 1.2995e+08 4.6916e+06
0.187 1.2428e+08 4.6746e+06
0.188 1.1897e+08 4.6579e+06
0.189 1.2136e+08 4.6413e+06
0.19 1.275e+08 4.6249e+06
0.191 1.1969e+08 4.6087e+06
0.192 1.214e+08 4.5927e+06
0.193 1.159e+08 4.5768e+06
0.194 1.1436e+08 4.5611e+06
0.195 1.0747e+08 4.5456e+06
0.196 1.0456e+08 4.5303e+06
0.197 1.0328e+08 4.5151e+06
0.198 1.0927e+08 4.5001e+06
0.199 1.0103e+08 4.4853e+06
0.2 9.4463e+07 4.4706e+06
0.201 9.572e+07 4.456e+06
0.202 9.3541e+07 4.4416e+06
0.203 9.2465e+07 4.4274e+06
0.204 9.2491e+07 4.4132e+06
0.205 8.9407e+07 4.3993e+06
0.206 8.9559e+07 4.3855e+06
0.207 7.9925e+07 4.3718e+06
0.208 7.8195e+07 4.3582e+06
0.209 8.4038e+07 4.3448e+06
0.21 7.8193e+07 4.3315e+06
0.211 7.8474e+07 4.3184e+06
0.212 7.6651e+07 4.3053e+06
0.213 7.6929e+07 4.2924e+06
0.214 7.1836e+07 4.2796e+06
0.215 7.9014e+07 4.267e+06
0.216 6.8688e+07 4.2544e+06
0.217 7.0602e+07 4.242e+06
0.218 6.2311e+07 4.2297e+06
0.219 6.6306e+07 4.2175e+06
0.22 6.389e+07 4.2054e+06
0.221 6.4803e+07 4.1935e+06
0.222 6.3571e+07 4.1816e+06
0.223 6.1884e+07 4.1699e+06
0.224 6.5503e+07 4.1582e+06
0.225 6.6753e+07 4.1467e+06
0.226 5.1221e+07 4.1353e+06
0.227 5.7906e+07 4.1239e+06
0.228 5.8906e+07 4.1127e+06
0.229 4.7196e+07 4.1016e+06
0.23 4.8854e+07 4.0906e+06
0.231 5.2685e+07 4.0797e+06
0.232 5.5276e+07 4.0688e+06
0.233 4.8264e+07 4.0581e+06
0.234 4.5374e+07 4.0475e+06
0.235 5.001e+07 4.037e+06
0.236 4.694e+07 4.0265e+06
0.237 4.1331e+07 4.0162e+06
0.238 4.8357e+07 4.0059e+06
0.239 4.0284e+07 3.9958e+06
0.24 4.0657e+07 3.9857e+06
0.241 4.7427e+07 3.9757e+06
0.242 4.4405e+07 3.9658e+06
0.243 3.7813e+07 3.956e+06
0.244 3.8144e+07 3.9463e+06
0.245 3.2542e+07 3.9367e+06
0.246 4.1354e+07 3.9271e+06
0.247 4.1436e+07 3.9177e+06
0.248 4.1569e+07 3.9083e+06
0.249 3.7315e+07 3.899e+06
0.25 3.5773e+07 3.8898e+06
0.251 3.1069e+07 3.8807e+06
0.252 2.4883e+07 3.8716e+06
0.253 2.7087e+07 3.8626e+06
0.254 3.0324e+07 3.8538e+06
0.255 2.98e+07 3.8449e+06
0.256 3.0096e+07 3.8362e+06
0.257 2.7172e+07 3.8275e+06
0.258 2.7979e+07 3.819e+06
0.259 2.7917e+07 3.8105e+06
0.26 3.3541e+07 3.802e+06
0.261 2.1881e+07 3.7937e+06
0.262 1.5391e+07 3.7854e+06
0.263 1.9809e+07 3.7772e+06
0.264 2.7195e+07 3.769e+06
0.265 2.8243e+07 3.7609e+06
0.266 1.9913e+07 3.7529e+06
0.267 2.4666e+07 3.745e+06
0.268 2.4186e+07 3.7371e+06
0.269 2.358e+07 3.7293e+06
0.27 1.6798e+07 3.7216e+06
0.271 2.0769e+07 3.714e+06
0.272 2.0261e+07 3.7064e+06
0.273 2.0659e+07 3.6988e+06
0.274 2.4502e+07 3.6913e+06
0.275 1.9533e+07 3.6839e+06
0.276 1.8159e+07 3.6766e+06
0.277 2.0679e+07 3.6693e+06
0.278 1.6453e+07 3.6621e+06
0.279 7.9629e+06 3.6549e+06
0.28 1.5321e+07 3.6478e+06
0.281 1.6411e+07 3.6408e+06
0.282 1.7019e+07 3.6338e+06
0.283 1.655e+07 3.6268e+06
0.284 1.2478e+07 3.6199e+06
0.285 1.1575e+07 3.6131e+06
0.286 1.6653e+07 3.6064e+06
0.287 9.249e+06 3.5996e+06
0.288 8.7442e+06 3.593e+06
0.289 1.4882e+07 3.5864e+06
0.29 1.3929e+07 3.5798e+06
0.291 1.1215e+07 3.5733e+06
0.292 1.1707e+07 3.5669e+06
0.293 1.2088e+07 3.5604e+06
0.294 1.4305e+07 3.5541e+06
0.295 1.559e+07 3.5478e+06
0.296 6.9349e+06 3.5415e+06
0.297 5.7918e+06 3.5353e+06
0.298 1.3042e+07 3.5291e+06
0.299 1.0316e+07 3.523e+06
0.3 1.0928e+07 3.5169e+06
0.301 1.1312e+07 3.5109e+06
0.302 1.4367e+07 3.5049e+06
0.303 2.7359e+06 3.4989e+06
0.304 1.0568e+07 3.493e+06
0.305 1.5157e+07 3.4872e+06
0.306 1.276e+07 3.4813e+06
0.307 1.756e+07 3.4755e+06
0.308 1.5662e+07 3.4698e+06
0.309 5.2943e+06 3.4641e+06
0.31 8.2509e+06 3.4584e+06
0.311 1.0336e+07 3.4528e+06
0.312 9.9656e+06 3.4472e+06
0.313 8.0883e+06 3.4416e+06
0.314 3.3865e+06 3.4361e+06
0.315 6.892e+06 3.4306e+06
0.316 1.3923e+07 3.4251e+06
0.317 1.2378e+07 3.4197e+06
0.318 7.3487e+06 3.4143e+06
0.319 8.5736e+06 3.409e+06
0.32 1.4014e+07 3.4036e+06
0.321 1.4335e+07 3.3983e+06
0.322 1.5596e+07 3.3931e+06
0.323 1.004e+07 3.3878e+06
0.324 6.2646e+06 3.3826e+06
0.325 1.5056e+07 3.3775e+06
0.326 9.2212e+06 3.3723e+06
0.327 7.583e+06 3.3672e+06
0.328 9.6249e+06 3.3621e+06
0.329 9.127e+06 3.3571e+06
0.33 8.7716e+06 3.352e+06
0.331 1.7401e+07 3.347e+06
0.332 6.3007e+06 3.3421e+06
0.333 7.1115e+06 3.3371e+06
0.334 9.7266e+06 3.3322e+06
0.335 3.0601e+06 3.3273e+06
0.336 9.6118e+06 3.3224e+06
0.337 9.4728e+06 3.3176e+06
0.338 7.6162e+06 3.3128e+06
0.339 1.4076e+07 3.308e+06
0.34 1.2445e+07 3.3032e+06
0.341 1.3525e+07 3.2984e+06
0.342 1.3726e+07 3.2937e+06
0.343 6.3077e+06 3.289e+06
0.344 1.4029e+07 3.2843e+06
0.345 7.6195e+06 3.2797e+06
0.346 1.291e+07 3.275e+06
0.347 2.2522e+07 3.2704e+06
0.348 1.5648e+07 3.2658e+06
0.349 1.0729e+07 3.2612e+06
0.35 1.0053e+07 3.2567e+06
0.351 1.1846e+07 3.2522e+06
0.352 1.5879e+07 3.2476e+06
0.353 1.1967e+07 3.2431e+06
0.354 2.025e+07 3.2387e+06
0.355 4.9429e+06 3.2342e+06
0.356 1.1135e+07 3.2298e+06
0.357 8.4957e+06 3.2254e+06
0.358 6.7241e+06 3.221e+06
0.359 8.9086e+06 3.2166e+06
0.36 1.0721e+07 3.2123e+06
0.361 1.2394e+07 3.2079e+06
0.362 1.6202e+07 3.2036e+06
0.363 1.5937e+07 3.1993e+06
0.364 1.1893e+07 3.195e+06
0.365 1.6846e+07 3.1908e+06
0.366 1.5207e+07 3.1865e+06
0.367 1.3849e+07 3.1823e+06
0.368 1.5405e+07 3.1781e+06
0.369 1.2378e+07 3.1739e+06
0.37 1.4607e+07 3.1697e+06
0.371 1.3004e+07 3.1655e+06
0.372 1.5866e+07 3.1614e+06
0.373 1.031e+07 3.1573e+06
0.374 1.6589e+07 3.1532e+06
0.375 1.2689e+07 3.1491e+06
0.376 1.7363e+07 3.145e+06
0.377 1.5853e+07 3.1409e+06
0.378 1.7653e+07 3.1369e+06
0.379 1.4933e+07 3.1328e+06
0.38 1.8571e+07 3.1288e+06
0.381 9.552e+06 3.1248e+06
0.382 1.1893e+07 3.1208e+06
0.383 1.5818e+07 3.1169e+06
0.384 1.2923e+07 3.1129e+06
0.385 1.3282e+07 3.109e+06
0.386 1.3967e+07 3.1051e+06
0.387 1.23e+07 3.1012e+06
0.388 1.1094e+07 3.0973e+06
0.389 1.3435e+07 3.0934e+06
0.39 1.5704e+07 3.0895e+06
0.391 1.5431e+07 3.0857e+06
0.392 1.7679e+07 3.0818e+06
0.393 1.1126e+07 3.078e+06
0.394 1.0656e+07 3.0742e+06
0.395 1.0569e+07 3.0704e+06
0.396 1.9378e+07 3.0666e+06
0.397 1.1437e+07 3.0629e+06
0.398 1.401e+07 3.0591e+06
0.399 1.6663e+07 3.0554e+06
0.4 1.4949e+07 3.0517e+06
0.401 2.1052e+07 3.0479e+06
0.402 1.3532e+07 3.0442e+06
0.403 1.7211e+07 3.0406e+06
0.404 1.4636e+07 3.0369e+06
0.405 2.0785e+07 3.0332e+06
0.406 1.3243e+07 3.0296e+06
0.407 1.6859e+07 3.0259e+06
0.408 1.822e+07 3.0223e+06
0.409 2.0405e+07 3.0187e+06
0.41 1.6361e+07 3.0151e+06
0.411 1.2955e+07 3.0115e+06
0.412 1.4592e+07 3.008e+06
0.413 1.6079e+07 3.0044e+06
0.414 1.8105e+07 3.0009e+06
0.415 1.764e+07 2.9973e+06
0.416 1.6928e+07 2.9938e+06
0.417 1.5227e+07 2.9903e+06
0.418 1.7352e+07 2.9868e+06
0.419 1.9038e+07 2.9833e+06
0.42 1.7769e+07 2.9798e+06
0.421 2.1281e+07 2.9763e+06
0.422 1.8346e+07 2.9729e+06
0.423 2.1419e+07 2.9694e+06
0.424 1.5599e+07 2.966e+06
0.425 2.116e+07 2.9626e+06
0.426 2.1238e+07 2.9592e+06
0.427 1.9903e+07 2.9558e+06
0.428 1.9034e+07 2.9524e+06
0.429 1.3104e+07 2.949e+06
0.43 1.8582e+07 2.9456e+06
0.431 1.7196e+07 2.9423e+06
0.432 2.0133e+07 2.9389e+06
0.433 1.6196e+07 2.9356e+06
0.434 2.1369e+07 2.9323e+06
0.435 1.4439e+07 2.9289e+06
0.436 1.9273e+07 2.9256e+06
0.437 1.8394e+07 2.9223e+06
0.438 1.8444e+07 2.919e+06
0.439 1.8471e+07 2.9158e+06
0.44 2.1456e+07 2.9125e+06
0.441 1.9069e+07 2.9092e+06
0.442 1.9766e+07 2.906e+06
0.443 1.2573e+07 2.9028e+06
0.444 1.8184e+07 2.8995e+06
0.445 2.2752e+07 2.8963e+06
0.446 1.5793e+07 2.8931e+06
0.447 2.1599e+07 2.8899e+06
0.448 1.7904e+07 2.8867e+06
0.449 1.4266e+07 2.8835e+06
0.45 1.5835e+07 2.8803e+06
0.451 1.8975e+07 2.8772e+06
0.452 1.8353e+07 2.874e+06
0.453 2.1623e+07 2.8709e+06
0.454 1.6014e+07 2.8677e+06
0.455 1.965e+07 2.8646e+06
0.456 1.9262e+07 2.8615e+06
0.457 1.9432e+07 2.8584e+06
0.458 2.3978e+07 2.8553e+06
0.459 1.7958e+07 2.8522e+06
0.46 1.7079e+07 2.8491e+06
0.461 1.9798e+07 2.846e+06
0.462 1.6903e+07 2.8429e+06
0.463 2.0236e+07 2.8399e+06
0.464 2.1717e+07 2.8368e+06
0.465 1.3816e+07 2.8338e+06
0.466 2.115e+07 2.8308e+06
0.467 2.2826e+07 2.8277e+06
0.468 1.8326e+07 2.8247e+06
0.469 2.3409e+07 2.8217e+06
0.47 1.6164e+07 2.8187e+06
0.471 1.2655e+07 2.8157e+06
0.472 1.9572e+07 2.8127e+06
0.473 1.9531e+07 2.8097e+06
0.474 1.368e+07 2.8068e+06
0.475 2.4816e+07 2.8038e+06
0.476 1.9635e+07 2.8009e+06
0.477 1.8531e+07 2.7979e+06
0.478 1.7454e+07 2.795e+06
0.479 1.7571e+07 2.7921e+06
0.48 1.9872e+07 2.7891e+06
0.481 2.0131e+07 2.7862e+06
0.482 2.5367e+07 2.7833e+06
0.483 1.8396e+07 2.7804e+06
0.484 1.8915e+07 2.7775e+06
0.485 1.5391e+07 2.7747e+06
0.486 2.452e+07 2.7718e+06
0.487 1.4732e+07 2.7689e+06
0.488 1.7728e+07 2.7661e+06
0.489 1.7676e+07 2.7632e+06
0.49 1.5935e+07 2.7604e+06
0.491 1.9471e+07 2.7576e+06
0.492 1.8568e+07 2.7547e+06
0.493 2.287e+07 2.7519e+06
0.494 1.6036e+07 2.7491e+06
0.495 1.5502e+07 2.7463e+06
0.496 2.3441e+07 2.7435e+06
0.497 2.0288e+07 2.7407e+06
0.498 1.9307e+07 2.738e+06
0.499 1.4798e+07 2.7352e+06
0.5 1.7458e+07 2.7324e+06
