0.001 1.327e+10 6.4284e+08
0.002 1.2897e+10 4.5446e+08
0.003 1.3111e+10 3.7093e+08
0.004 1.311e+10 3.2107e+08
0.005 1.2432e+10 2.8699e+08
0.006 1.2512e+10 2.6177e+08
0.007 1.2907e+10 2.4213e+08
0.008 1.2899e+10 2.2624e+08
0.009 1.2776e+10 2.1304e+08
0.01 1.2647e+10 2.0183e+08
0.011 1.2816e+10 1.9215e+08
0.012 1.2339e+10 1.8366e+08
0.013 1.2661e+10 1.7614e+08
0.014 1.2565e+10 1.694e+08
0.015 1.2438e+10 1.6331e+08
0.016 1.2564e+10 1.5777e+08
0.017 1.2702e+10 1.527e+08
0.018 1.2102e+10 1.4802e+08
0.019 1.2212e+10 1.4369e+08
0.02 1.1982e+10 1.3966e+08
0.021 1.1931e+10 1.3589e+08
0.022 1.1928e+10 1.3235e+08
0.023 1.1946e+10 1.2903e+08
0.024 1.1936e+10 1.2588e+08
0.025 1.1729e+10 1.2291e+08
0.026 1.1631e+10 1.2008e+08
0.027 1.1533e+10 1.1739e+08
0.028 1.1302e+10 1.1482e+08
0.029 1.1255e+10 1.1236e+08
0.03 1.1239e+10 1.1001e+08
0.031 1.0824e+10 1.0775e+08
0.032 1.0739e+10 1.0558e+08
0.033 1.0848e+10 1.0349e+08
0.034 1.0747e+10 1.0147e+08
0.035 1.0573e+10 9.9518e+07
0.036 1.0434e+10 9.7632e+07
0.037 1.0281e+10 9.5806e+07
0.038 1.0222e+10 9.4036e+07
0.039 1.0076e+10 9.2319e+07
0.04 9.9234e+09 9.0651e+07
0.041 9.9599e+09 8.9028e+07
0.042 9.7506e+09 8.745e+07
0.043 9.7251e+09 8.5912e+07
0.044 9.4987e+09 8.4414e+07
0.045 9.3831e+09 8.2952e+07
0.046 9.2118e+09 8.1525e+07
0.047 9.0655e+09 8.0132e+07
0.048 8.9674e+09 7.877e+07
0.049 8.6573e+09 7.7439e+07
0.05 8.5609e+09 7.6137e+07
0.051 8.5882e+09 7.4862e+07
0.052 8.3614e+09 7.3614e+07
0.053 8.191e+09 7.2392e+07
0.054 8.1493e+09 7.1194e+07
0.055 7.9324e+09 7.0019e+07
0.056 7.7637e+09 6.8868e+07
0.057 7.5555e+09 6.7738e+07
0.058 7.4425e+09 6.663e+07
0.059 7.4073e+09 6.5543e+07
0.06 7.1893e+09 6.4475e+07
0.061 7.1329e+09 6.3427e+07
0.062 6.9825e+09 6.2398e+07
0.063 6.8419e+09 6.1387e+07
0.064 6.6746e+09 6.0394e+07
0.065 6.4808e+09 5.9418e+07
0.066 6.3939e+09 5.846e+07
0.067 6.1852e+09 5.7518e+07
0.068 6.2371e+09 5.6592e+07
0.069 5.8265e+09 5.5683e+07
0.07 5.8601e+09 5.4789e+07
0.071 5.6993e+09 5.391e+07
0.072 5.5561e+09 5.3046e+07
0.073 5.501e+09 5.2197e+07
0.074 5.3288e+09 5.1362e+07
0.075 5.0988e+09 5.0542e+07
0.076 5.0265e+09 4.9736e+07
0.077 4.8771e+09 4.8943e+07
0.078 4.8735e+09 4.8165e+07
0.079 4.7613e+09 4.7399e+07
0.08 4.5748e+09 4.6647e+07
0.081 4.5619e+09 4.5908e+07
0.082 4.3555e+09 4.5182e+07
0.083 4.272e+09 4.4469e+07
0.084 4.1077e+09 4.3768e+07
0.085 4.0798e+09 4.308e+07
0.086 3.9349e+09 4.2404e+07
0.087 3.8002e+09 4.174e+07
0.088 3.7478e+09 4.1088e+07
0.089 3.5469e+09 4.0448e+07
0.09 3.5007e+09 3.982e+07
0.091 3.2783e+09 3.9204e+07
0.092 3.295e+09 3.86e+07
0.093 3.236e+09 3.8006e+07
0.094 3.1271e+09 3.7424e+07
0.095 2.9868e+09 3.6854e+07
0.096 2.9384e+09 3.6294e+07
0.097 2.8948e+09 3.5746e+07
0.098 2.7657e+09 3.5208e+07
0.099 2.6739e+09 3.4681e+07
0.1 2.5554e+09 3.4165e+07
0.101 2.5574e+09 3.366e+07
0.102 2.4456e+09 3.3165e+07
0.103 2.3649e+09 3.268e+07
0.104 2.3204e+09 3.2206e+07
0.105 2.193e+09 3.1742e+07
0.106 2.1432e+09 3.1288e+07
0.107 2.041e+09 3.0844e+07
0.108 1.9697e+09 3.0409e+07
0.109 1.9233e+09 2.9984e+07
0.11 1.908e+09 2.9569e+07
0.111 1.8124e+09 2.9164e+07
0.112 1.7584e+09 2.8767e+07
0.113 1.7635e+09 2.838e+07
0.114 1.651e+09 2.8003e+07
0.115 1.5769e+09 2.7634e+07
0.116 1.5202e+09 2.7274e+07
0.117 1.4317e+09 2.6922e+07
0.118 1.4138e+09 2.6579e+07
0.119 1.3732e+09 2.6245e+07
0.12 1.3006e+09 2.5919e+07
0.121 1.3121e+09 2.5601e+07
0.122 1.2571e+09 2.5292e+07
0.123 1.1451e+09 2.499e+07
0.124 1.177e+09 2.4696e+07
0.125 1.1556e+09 2.4409e+07
0.126 1.1152e+09 2.413e+07
0.127 1.0465e+09 2.3859e+07
0.128 1.0269e+09 2.3594e+07
0.129 9.7073e+08 2.3337e+07
0.13 9.5348e+08 2.3086e+07
0.131 8.9958e+08 2.2842e+07
0.132 9.079e+08 2.2605e+07
0.133 8.4052e+08 2.2374e+07
0.134 7.9741e+08 2.215e+07
0.135 7.8955e+08 2.1932e+07
0.136 7.4803e+08 2.1719e+07
0.137 7.1514e+08 2.1513e+07
0.138 7.0574e+08 2.1312e+07
0.139 6.9712e+08 2.1117e+07
0.14 6.7093e+08 2.0927e+07
0.141 6.5928e+08 2.0742e+07
0.142 6.1027e+08 2.0563e+07
0.143 6.256e+08 2.0388e+07
0.144 5.6483e+08 2.0219e+07
0.145 5.5369e+08 2.0054e+07
0.146 5.4142e+08 1.9893e+07
0.147 5.1308e+08 1.9737e+07
0.148 4.6094e+08 1.9585e+07
0.149 5.0074e+08 1.9438e+07
0.15 4.6122e+08 1.9294e+07
0.151 4.717e+08 1.9154e+07
0.152 4.5102e+08 1.9018e+07
0.153 4.3104e+08 1.8886e+07
0.154 3.917e+08 1.8757e+07
0.155 4.1588e+08 1.8632e+07
0.156 3.7224e+08 1.8509e+07
0.157 3.9989e+08 1.839e+07
0.158 3.3441e+08 1.8275e+07
0.159 3.6424e+08 1.8162e+07
0.16 3.5419e+08 1.8052e+07
0.161 3.3959e+08 1.7944e+07
0.162 3.0822e+08 1.784e+07
0.163 2.8664e+08 1.7737e+07
0.164 3.1735e+08 1.7638e+07
0.165 2.6317e+08 1.7541e+07
0.166 2.7603e+08 1.7446e+07
0.167 2.9619e+08 1.7353e+07
0.168 2.7967e+08 1.7263e+07
0.169 2.5236e+08 1.7174e+07
0.17 2.6257e+08 1.7088e+07
0.171 2.5673e+08 1.7003e+07
0.172 2.4734e+08 1.6921e+07
0.173 2.5021e+08 1.684e+07
0.174 2.2822e+08 1.6761e+07
0.175 1.971e+08 1.6683e+07
0.176 2.2977e+08 1.6608e+07
0.177 2.0218e+08 1.6533e+07
0.178 2.1821e+08 1.6461e+07
0.179 2.1026e+08 1.6389e+07
0.18 1.6934e+08 1.632e+07
0.181 1.626e+08 1.6251e+07
0.182 1.9327e+08 1.6184e+07
0.183 2.0238e+08 1.6118e+07
0.184 1.9949e+08 1.6054e+07
0.185 1.811e+08 1.599e+07
0.186 1.4874e+08 1.5928e+07
0.187 1.3962e+08 1.5867e+07
0.188 1.7473e+08 1.5807e+07
0.189 1.6288e+08 1.5748e+07
0.19 1.4893e+08 1.569e+07
0.191 1.4093e+08 1.5633e+07
0.192 1.4214e+08 1.5577e+07
0.193 1.5144e+08 1.5522e+07
0.194 1.5419e+08 1.5467e+07
0.195 1.5063e+08 1.5414e+07
0.196 1.2813e+08 1.5362e+07
0.197 9.0463e+07 1.531e+07
0.198 1.3123e+08 1.5259e+07
0.199 1.1863e+08 1.5209e+07
0.2 1.1979e+08 1.516e+07
0.201 1.2643e+08 1.5111e+07
0.202 1.0411e+08 1.5064e+07
0.203 1.109e+08 1.5016e+07
0.204 1.0504e+08 1.497e+07
0.205 1.2955e+08 1.4924e+07
0.206 1.1976e+08 1.4879e+07
0.207 1.3475e+08 1.4834e+07
0.208 1.3352e+08 1.4791e+07
0.209 9.9382e+07 1.4747e+07
0.21 8.1276e+07 1.4704e+07
0.211 9.08e+07 1.4662e+07
0.212 1.0181e+08 1.4621e+07
0.213 9.7169e+07 1.458e+07
0.214 1.3039e+08 1.4539e+07
0.215 8.9088e+07 1.4499e+07
0.216 1.2911e+08 1.4459e+07
0.217 1.0312e+08 1.442e+07
0.218 9.0456e+07 1.4381e+07
0.219 1.1237e+08 1.4343e+07
0.22 9.8789e+07 1.4305e+07
0.221 1.0092e+08 1.4268e+07
0.222 1.0635e+08 1.4231e+07
0.223 1.0302e+08 1.4194e+07
0.224 1.0736e+08 1.4158e+07
0.225 9.6076e+07 1.4122e+07
0.226 8.5521e+07 1.4087e+07
0.227 9.3546e+07 1.4052e+07
0.228 1.0199e+08 1.4017e+07
0.229 9.6456e+07 1.3982e+07
0.23 7.9714e+07 1.3948e+07
0.231 1.1066e+08 1.3914e+07
0.232 8.3599e+07 1.3881e+07
0.233 7.8873e+07 1.3848e+07
0.234 8.5782e+07 1.3815e+07
0.235 7.1534e+07 1.3782e+07
0.236 1.1425e+08 1.375e+07
0.237 7.7027e+07 1.3717e+07
0.238 8.7677e+07 1.3686e+07
0.239 8.9193e+07 1.3654e+07
0.24 8.766e+07 1.3623e+07
0.241 8.2361e+07 1.3591e+07
0.242 6.5488e+07 1.356e+07
0.243 8.0604e+07 1.353e+07
0.244 5.3307e+07 1.3499e+07
0.245 9.3504e+07 1.3469e+07
0.246 6.3738e+07 1.3439e+07
0.247 8.9937e+07 1.3409e+07
0.248 8.1147e+07 1.3379e+07
0.249 7.6347e+07 1.335e+07
0.25 7.2236e+07 1.332e+07
0.251 8.3865e+07 1.3291e+07
0.252 7.7912e+07 1.3262e+07
0.253 8.4309e+07 1.3233e+07
0.254 7.3408e+07 1.3205e+07
0.255 8.7458e+07 1.3176e+07
0.256 7.213e+07 1.3148e+07
0.257 6.4122e+07 1.312e+07
0.258 6.277e+07 1.3092e+07
0.259 7.3762e+07 1.3064e+07
0.26 4.6884e+07 1.3036e+07
0.261 7.7622e+07 1.3009e+07
0.262 4.2419e+07 1.2982e+07
0.263 6.1694e+07 1.2954e+07
0.264 7.7152e+07 1.2927e+07
0.265 6.8404e+07 1.29e+07
0.266 5.753e+07 1.2874e+07
0.267 5.8177e+07 1.2847e+07
0.268 4.9683e+07 1.282e+07
0.269 7.2724e+07 1.2794e+07
0.27 5.1157e+07 1.2768e+07
0.271 4.9987e+07 1.2742e+07
0.272 7.8528e+07 1.2716e+07
0.273 5.1506e+07 1.269e+07
0.274 5.8566e+07 1.2665e+07
0.275 5.6568e+07 1.2639e+07
0.276 8.1405e+07 1.2614e+07
0.277 5.6857e+07 1.2589e+07
0.278 6.8153e+07 1.2564e+07
0.279 7.6867e+07 1.2539e+07
0.28 6.6276e+07 1.2514e+07
0.281 6.3635e+07 1.2489e+07
0.282 5.4221e+07 1.2465e+07
0.283 5.6901e+07 1.2441e+07
0.284 5.6438e+07 1.2416e+07
0.285 6.8795e+07 1.2392e+07
0.286 3.9879e+07 1.2368e+07
0.287 5.3355e+07 1.2345e+07
0.288 3.8568e+07 1.2321e+07
0.289 5.5334e+07 1.2298e+07
0.29 5.4809e+07 1.2274e+07
0.291 2.9145e+07 1.2251e+07
0.292 6.1135e+07 1.2228e+07
0.293 3.2725e+07 1.2205e+07
0.294 3.5834e+07 1.2183e+07
0.295 5.8525e+07 1.216e+07
0.296 5.1468e+07 1.2138e+07
0.297 3.8285e+07 1.2116e+07
0.298 3.333e+07 1.2093e+07
0.299 4.5443e+07 1.2072e+07
0.3 6.7654e+07 1.205e+07
0.301 4.4749e+07 1.2028e+07
0.302 4.8801e+07 1.2007e+07
0.303 3.7227e+07 1.1985e+07
0.304 4.3822e+07 1.1964e+07
0.305 3.9955e+07 1.1943e+07
0.306 3.9137e+07 1.1922e+07
0.307 5.1124e+07 1.1901e+07
0.308 4.2251e+07 1.1881e+07
0.309 3.9339e+07 1.186e+07
0.31 4.8514e+07 1.184e+07
0.311 3.5938e+07 1.182e+07
0.312 3.4028e+07 1.1799e+07
0.313 3.1418e+07 1.178e+07
0.314 3.8056e+07 1.176e+07
0.315 5.3034e+07 1.174e+07
0.316 4.4591e+07 1.1721e+07
0.317 5.2489e+07 1.1701e+07
0.318 4.8481e+07 1.1682e+07
0.319 1.0695e+07 1.1663e+07
0.32 4.205e+07 1.1644e+07
0.321 6.9955e+06 1.1625e+07
0.322 5.6444e+07 1.1606e+07
0.323 2.8391e+07 1.1587e+07
0.324 4.3431e+07 1.1569e+07
0.325 2.4395e+07 1.155e+07
0.326 4.3318e+07 1.1532e+07
0.327 4.9058e+07 1.1514e+07
0.328 2.0798e+07 1.1496e+07
0.329 1.3714e+06 1.1478e+07
0.33 2.1398e+07 1.146e+07
0.331 4.0524e+07 1.1442e+07
0.332 2.5044e+07 1.1425e+07
0.333 2.8892e+07 1.1407e+07
0.334 4.0742e+07 1.139e+07
0.335 3.4775e+07 1.1373e+07
0.336 4.2415e+07 1.1355e+07
0.337 2.7624e+07 1.1338e+07
0.338 3.7225e+07 1.1321e+07
0.339 2.6508e+07 1.1304e+07
0.34 4.5546e+07 1.1287e+07
0.341 4.9548e+07 1.127e+07
0.342 4.3079e+07 1.1254e+07
0.343 2.5093e+07 1.1237e+07
0.344 4.2552e+07 1.1221e+07
0.345 4.0046e+07 1.1204e+07
0.346 5.7744e+07 1.1188e+07
0.347 4.311e+07 1.1172e+07
0.348 5.3557e+07 1.1155e+07
0.349 3.4605e+07 1.1139e+07
0.35 3.0173e+07 1.1123e+07
0.351 3.0549e+07 1.1107e+07
0.352 2.5152e+07 1.1091e+07
0.353 3.9241e+07 1.1075e+07
0.354 4.2703e+07 1.106e+07
0.355 2.0205e+07 1.1044e+07
0.356 3.4118e+07 1.1028e+07
0.357 2.8646e+07 1.1013e+07
0.358 3.9852e+07 1.0997e+07
0.359 2.0665e+07 1.0982e+07
0.36 3.838e+07 1.0966e+07
0.361 3.7845e+07 1.0951e+07
0.362 2.8715e+07 1.0935e+07
0.363 3.3774e+07 1.092e+07
0.364 2.8202e+07 1.0905e+07
0.365 1.6833e+07 1.089e+07
0.366 3.0741e+07 1.0875e+07
0.367 5.0574e+07 1.086e+07
0.368 3.5486e+07 1.0845e+07
0.369 2.5421e+07 1.083e+07
0.37 4.7508e+07 1.0815e+07
0.371 4.4132e+07 1.08e+07
0.372 4.425e+07 1.0786e+07
0.373 1.9379e+07 1.0771e+07
0.374 4.0137e+07 1.0756e+07
0.375 3.3526e+07 1.0742e+07
0.376 4.5709e+07 1.0727e+07
0.377 2.2878e+07 1.0713e+07
0.378 3.3661e+07 1.0698e+07
0.379 3.9462e+07 1.0684e+07
0.38 4.0672e+07 1.0669e+07
0.381 4.5396e+07 1.0655e+07
0.382 3.4644e+07 1.0641e+07
0.383 2.857e+07 1.0627e+07
0.384 2.3486e+07 1.0613e+07
0.385 2.8564e+07 1.0598e+07
0.386 3.7365e+07 1.0584e+07
0.387 2.7896e+07 1.057e+07
0.388 3.7943e+07 1.0556e+07
0.389 4.0004e+07 1.0543e+07
0.39 3.6646e+07 1.0529e+07
0.391 5.7227e+07 1.0515e+07
0.392 1.7975e+07 1.0501e+07
0.393 2.5434e+07 1.0488e+07
0.394 2.3587e+07 1.0474e+07
0.395 3.0364e+07 1.046e+07
0.396 1.6631e+07 1.0447e+07
0.397 2.0341e+07 1.0433e+07
0.398 2.004e+07 1.042e+07
0.399 4.2434e+07 1.0407e+07
0.4 3.7173e+07 1.0393e+07
0.401 3.8378e+07 1.038e+07
0.402 3.8576e+07 1.0367e+07
0.403 4.127e+07 1.0354e+07
0.404 4.0982e+07 1.0341e+07
0.405 3.4336e+07 1.0328e+07
0.406 3.4808e+07 1.0315e+07
0.407 2.4548e+07 1.0302e+07
0.408 2.3502e+07 1.0289e+07
0.409 2.9836e+07 1.0276e+07
0.41 4.1854e+07 1.0263e+07
0.411 2.8171e+07 1.025e+07
0.412 2.4711e+07 1.0238e+07
0.413 1.6265e+07 1.0225e+07
0.414 2.7396e+07 1.0213e+07
0.415 2.4612e+07 1.02e+07
0.416 3.6865e+07 1.0188e+07
0.417 2.7641e+07 1.0175e+07
0.418 3.3188e+07 1.0163e+07
0.419 2.0449e+07 1.0151e+07
0.42 2.8805e+07 1.0138e+07
0.421 4.02e+07 1.0126e+07
0.422 1.5718e+07 1.0114e+07
0.423 4.4232e+07 1.0102e+07
0.424 1.7751e+07 1.009e+07
0.425 1.2646e+07 1.0078e+07
0.426 3.5775e+07 1.0066e+07
0.427 2.3024e+07 1.0054e+07
0.428 3.6648e+07 1.0042e+07
0.429 2.7926e+07 1.003e+07
0.43 4.5005e+07 1.0019e+07
0.431 2.5192e+07 1.0007e+07
0.432 3.6492e+07 9.9953e+06
0.433 3.0563e+07 9.9837e+06
0.434 3.579e+07 9.9722e+06
0.435 3.556e+07 9.9607e+06
0.436 2.121e+07 9.9493e+06
0.437 5.1383e+07 9.9379e+06
0.438 3.3029e+07 9.9265e+06
0.439 2.2833e+07 9.9152e+06
0.44 2.7856e+07 9.9039e+06
0.441 2.8918e+07 9.8927e+06
0.442 2.8389e+07 9.8815e+06
0.443 1.7211e+07 9.8704e+06
0.444 2.4232e+07 9.8593e+06
0.445 3.7719e+07 9.8483e+06
0.446 3.9885e+07 9.8373e+06
0.447 3.2629e+07 9.8263e+06
0.448 4.4521e+07 9.8154e+06
0.449 3.6211e+07 9.8045e+06
0.45 2.7279e+07 9.7937e+06
0.451 3.0488e+07 9.7829e+06
0.452 3.1759e+07 9.7722e+06
0.453 3.1744e+07 9.7615e+06
0.454 4.0472e+07 9.7508e+06
0.455 2.2439e+07 9.7402e+06
0.456 2.1599e+07 9.7296e+06
0.457 2.0902e+07 9.719e+06
0.458 3.24e+07 9.7085e+06
0.459 2.9349e+07 9.6981e+06
0.46 2.2037e+07 9.6876e+06
0.461 2.9699e+07 9.6772e+06
0.462 8.9296e+06 9.6669e+06
0.463 5.0085e+07 9.6565e+06
0.464 2.4511e+07 9.6462e+06
0.465 5.6305e+07 9.636e+06
0.466 2.8844e+07 9.6258e+06
0.467 3.3219e+07 9.6156e+06
0.468 3.7075e+07 9.6054e+06
0.469 5.0653e+07 9.5953e+06
0.47 1.6452e+07 9.5853e+06
0.471 4.4762e+07 9.5752e+06
0.472 2.2737e+07 9.5652e+06
0.473 2.9224e+07 9.5552e+06
0.474 3.8304e+07 9.5453e+06
0.475 2.8698e+07 9.5354e+06
0.476 3.1776e+07 9.5255e+06
0.477 3.1215e+07 9.5157e+06
0.478 3.1266e+07 9.5059e+06
0.479 2.4271e+07 9.4961e+06
0.48 3.384e+07 9.4863e+06
0.481 3.6388e+07 9.4766e+06
0.482 5.1967e+07 9.4669e+06
0.483 6.1247e+06 9.4573e+06
0.484 3.0184e+07 9.4477e+06
0.485 3.3236e+07 9.4381e+06
0.486 3.8157e+07 9.4285e+06
0.487 3.9113e+07 9.419e+06
0.488 5.0271e+07 9.4095e+06
0.489 3.9304e+07 9.4001e+06
0.49 4.4992e+07 9.3906e+06
0.491 4.6538e+07 9.3812e+06
0.492 2.3389e+07 9.3719e+06
0.493 3.473e+07 9.3625e+06
0.494 4.6621e+07 9.3532e+06
0.495 3.7489e+07 9.3439e+06
0.496 2.0895e+07 9.3347e+06
0.497 4.0664e+07 9.3255e+06
0.498 2.8694e+07 9.3163e+06
0.499 4.0785e+07 9.3071e+06
0.5 3.664e+07 9.298e+06
