0.001 1.368e+10 7.1467e+08
0.002 1.4768e+10 5.0524e+08
0.003 1.4128e+10 4.1237e+08
0.004 1.4645e+10 3.5694e+08
0.005 1.3938e+10 3.1905e+08
0.006 1.4562e+10 2.9101e+08
0.007 1.3584e+10 2.6917e+08
0.008 1.3937e+10 2.5151e+08
0.009 1.4244e+10 2.3683e+08
0.01 1.4045e+10 2.2436e+08
0.011 1.4364e+10 2.1359e+08
0.012 1.3994e+10 2.0415e+08
0.013 1.3907e+10 1.9578e+08
0.014 1.3678e+10 1.8829e+08
0.015 1.4018e+10 1.8151e+08
0.016 1.3978e+10 1.7535e+08
0.017 1.3453e+10 1.697e+08
0.018 1.3424e+10 1.645e+08
0.019 1.3551e+10 1.5968e+08
0.02 1.3666e+10 1.5519e+08
0.021 1.3211e+10 1.51e+08
0.022 1.3065e+10 1.4707e+08
0.023 1.318e+10 1.4336e+08
0.024 1.3097e+10 1.3986e+08
0.025 1.271e+10 1.3655e+08
0.026 1.2843e+10 1.334e+08
0.027 1.279e+10 1.304e+08
0.028 1.2361e+10 1.2754e+08
0.029 1.2632e+10 1.2481e+08
0.03 1.2191e+10 1.2219e+08
0.031 1.2221e+10 1.1967e+08
0.032 1.206e+10 1.1725e+08
0.033 1.1892e+10 1.1492e+08
0.034 1.1826e+10 1.1267e+08
0.035 1.1537e+10 1.105e+08
0.036 1.1499e+10 1.084e+08
0.037 1.1568e+10 1.0637e+08
0.038 1.1223e+10 1.0439e+08
0.039 1.1199e+10 1.0248e+08
0.04 1.0864e+10 1.0062e+08
0.041 1.0851e+10 9.8815e+07
0.042 1.063e+10 9.7056e+07
0.043 1.053e+10 9.5344e+07
0.044 1.0314e+10 9.3675e+07
0.045 1.0256e+10 9.2047e+07
0.046 1.0126e+10 9.0458e+07
0.047 1.0045e+10 8.8906e+07
0.048 9.7184e+09 8.739e+07
0.049 9.53e+09 8.5908e+07
0.05 9.4937e+09 8.4458e+07
0.051 9.2252e+09 8.304e+07
0.052 9.2598e+09 8.1651e+07
0.053 9.0302e+09 8.0291e+07
0.054 8.714e+09 7.8958e+07
0.055 8.4291e+09 7.7652e+07
0.056 8.3946e+09 7.6371e+07
0.057 8.2988e+09 7.5115e+07
0.058 8.1851e+09 7.3883e+07
0.059 7.9558e+09 7.2675e+07
0.06 7.7622e+09 7.1489e+07
0.061 7.6459e+09 7.0325e+07
0.062 7.5456e+09 6.9182e+07
0.063 7.3342e+09 6.806e+07
0.064 7.1599e+09 6.6958e+07
0.065 7.0887e+09 6.5876e+07
0.066 6.99e+09 6.4813e+07
0.067 6.8132e+09 6.3769e+07
0.068 6.7332e+09 6.2744e+07
0.069 6.4847e+09 6.1736e+07
0.07 6.415e+09 6.0746e+07
0.071 6.1749e+09 5.9774e+07
0.072 6.111e+09 5.8819e+07
0.073 5.8145e+09 5.788e+07
0.074 5.8386e+09 5.6958e+07
0.075 5.6495e+09 5.6052e+07
0.076 5.4634e+09 5.5162e+07
0.077 5.3701e+09 5.4288e+07
0.078 5.096e+09 5.343e+07
0.079 5.215e+09 5.2586e+07
0.08 4.8997e+09 5.1758e+07
0.081 4.8529e+09 5.0945e+07
0.082 4.7585e+09 5.0147e+07
0.083 4.5669e+09 4.9363e+07
0.084 4.4753e+09 4.8593e+07
0.085 4.2888e+09 4.7838e+07
0.086 4.2865e+09 4.7097e+07
0.087 4.0272e+09 4.637e+07
0.088 3.9545e+09 4.5656e+07
0.089 3.8961e+09 4.4956e+07
0.09 3.7246e+09 4.427e+07
0.091 3.5618e+09 4.3597e+07
0.092 3.5622e+09 4.2937e+07
0.093 3.4436e+09 4.2291e+07
0.094 3.3099e+09 4.1657e+07
0.095 3.2054e+09 4.1036e+07
0.096 3.1616e+09 4.0428e+07
0.097 3.086e+09 3.9832e+07
0.098 2.9579e+09 3.9249e+07
0.099 2.772e+09 3.8678e+07
0.1 2.7415e+09 3.8119e+07
0.101 2.6249e+09 3.7573e+07
0.102 2.6098e+09 3.7038e+07
0.103 2.5247e+09 3.6515e+07
0.104 2.4394e+09 3.6003e+07
0.105 2.382e+09 3.5503e+07
0.106 2.2816e+09 3.5015e+07
0.107 2.2196e+09 3.4538e+07
0.108 2.1526e+09 3.4071e+07
0.109 2.0946e+09 3.3616e+07
0.11 1.9699e+09 3.3171e+07
0.111 1.9436e+09 3.2737e+07
0.112 1.9151e+09 3.2314e+07
0.113 1.8194e+09 3.19e+07
0.114 1.8132e+09 3.1497e+07
0.115 1.722e+09 3.1104e+07
0.116 1.6689e+09 3.0721e+07
0.117 1.5674e+09 3.0348e+07
0.118 1.5356e+09 2.9984e+07
0.119 1.4631e+09 2.9629e+07
0.12 1.42e+09 2.9283e+07
0.121 1.3905e+09 2.8947e+07
0.122 1.3474e+09 2.8619e+07
0.123 1.2908e+09 2.83e+07
0.124 1.2348e+09 2.7989e+07
0.125 1.2237e+09 2.7687e+07
0.126 1.1545e+09 2.7393e+07
0.127 1.1193e+09 2.7106e+07
0.128 1.1266e+09 2.6828e+07
0.129 1.0544e+09 2.6557e+07
0.13 1.057e+09 2.6293e+07
0.131 1.0163e+09 2.6036e+07
0.132 1.0024e+09 2.5787e+07
0.133 9.4509e+08 2.5544e+07
0.134 9.0853e+08 2.5308e+07
0.135 8.315e+08 2.5079e+07
0.136 8.4345e+08 2.4856e+07
0.137 8.0087e+08 2.4639e+07
0.138 7.9598e+08 2.4428e+07
0.139 7.6341e+08 2.4222e+07
0.14 7.716e+08 2.4022e+07
0.141 7.1909e+08 2.3828e+07
0.142 7.1684e+08 2.3639e+07
0.143 6.7377e+08 2.3455e+07
0.144 6.8342e+08 2.3276e+07
0.145 6.0055e+08 2.3102e+07
0.146 6.1923e+08 2.2932e+07
0.147 6.1587e+08 2.2767e+07
0.148 5.8036e+08 2.2606e+07
0.149 5.8231e+08 2.2449e+07
0.15 5.2957e+08 2.2297e+07
0.151 5.1373e+08 2.2148e+07
0.152 4.7147e+08 2.2003e+07
0.153 4.9134e+08 2.1862e+07
0.154 5.0614e+08 2.1724e+07
0.155 4.758e+08 2.1589e+07
0.156 4.0484e+08 2.1458e+07
0.157 4.6869e+08 2.133e+07
0.158 4.2003e+08 2.1205e+07
0.159 4.2215e+08 2.1083e+07
0.16 3.9422e+08 2.0963e+07
0.161 4.1789e+08 2.0846e+07
0.162 3.813e+08 2.0732e+07
0.163 3.6958e+08 2.0621e+07
0.164 3.4991e+08 2.0512e+07
0.165 3.6086e+08 2.0405e+07
0.166 3.5804e+08 2.03e+07
0.167 3.6943e+08 2.0198e+07
0.168 3.1639e+08 2.0097e+07
0.169 3.2229e+08 1.9999e+07
0.17 3.1773e+08 1.9903e+07
0.171 3.2101e+08 1.9808e+07
0.172 2.97e+08 1.9716e+07
0.173 3.03e+08 1.9625e+07
0.174 2.505e+08 1.9535e+07
0.175 2.8266e+08 1.9448e+07
0.176 2.8739e+08 1.9362e+07
0.177 2.4664e+08 1.9277e+07
0.178 2.5758e+08 1.9195e+07
0.179 2.6514e+08 1.9113e+07
0.18 2.4267e+08 1.9033e+07
0.181 2.7443e+08 1.8954e+07
0.182 2.2568e+08 1.8877e+07
0.183 2.548e+08 1.88e+07
0.184 2.2062e+08 1.8726e+07
0.185 2.1731e+08 1.8652e+07
0.186 2.0611e+08 1.8579e+07
0.187 2.0908e+08 1.8508e+07
0.188 1.7592e+08 1.8438e+07
0.189 2.3046e+08 1.8368e+07
0.19 2.1612e+08 1.83e+07
0.191 2.1027e+08 1.8233e+07
0.192 1.8424e+08 1.8167e+07
0.193 2.1823e+08 1.8102e+07
0.194 1.468e+08 1.8038e+07
0.195 1.8433e+08 1.7974e+07
0.196 1.9517e+08 1.7912e+07
0.197 1.4985e+08 1.7851e+07
0.198 1.5299e+08 1.779e+07
0.199 1.502e+08 1.773e+07
0.2 1.8465e+08 1.7672e+07
0.201 1.4246e+08 1.7614e+07
0.202 1.5709e+08 1.7556e+07
0.203 1.5441e+08 1.75e+07
0.204 1.56e+08 1.7444e+07
0.205 1.3995e+08 1.7389e+07
0.206 1.2723e+08 1.7335e+07
0.207 1.3637e+08 1.7282e+07
0.208 1.2642e+08 1.7229e+07
0.209 1.5491e+08 1.7177e+07
0.21 1.1085e+08 1.7125e+07
0.211 1.4675e+08 1.7075e+07
0.212 1.2262e+08 1.7025e+07
0.213 1.126e+08 1.6975e+07
0.214 1.3462e+08 1.6926e+07
0.215 1.1838e+08 1.6878e+07
0.216 1.0942e+08 1.683e+07
0.217 1.2182e+08 1.6783e+07
0.218 9.53e+07 1.6737e+07
0.219 1.3249e+08 1.6691e+07
0.22 1.3511e+08 1.6645e+07
0.221 8.7386e+07 1.6601e+07
0.222 1.2795e+08 1.6556e+07
0.223 1.5233e+08 1.6512e+07
0.224 1.3081e+08 1.6469e+07
0.225 1.3739e+08 1.6426e+07
0.226 7.0444e+07 1.6384e+07
0.227 9.0009e+07 1.6342e+07
0.228 1.4159e+08 1.63e+07
0.229 9.0378e+07 1.6259e+07
0.23 1.0504e+08 1.6218e+07
0.231 9.1424e+07 1.6178e+07
0.232 7.5285e+07 1.6138e+07
0.233 9.6136e+07 1.6099e+07
0.234 1.0212e+08 1.606e+07
0.235 7.6411e+07 1.6021e+07
0.236 8.1179e+07 1.5983e+07
0.237 7.09e+07 1.5945e+07
0.238 9.6412e+07 1.5907e+07
0.239 9.8786e+07 1.587e+07
0.24 9.961e+07 1.5833e+07
0.241 8.7705e+07 1.5796e+07
0.242 7.1726e+07 1.576e+07
0.243 9.391e+07 1.5724e+07
0.244 8.4265e+07 1.5688e+07
0.245 9.9663e+07 1.5652e+07
0.246 6.0125e+07 1.5617e+07
0.247 8.3358e+07 1.5582e+07
0.248 1.1242e+08 1.5547e+07
0.249 5.4507e+07 1.5513e+07
0.25 9.0153e+07 1.5479e+07
0.251 7.8763e+07 1.5445e+07
0.252 1.0225e+08 1.5411e+07
0.253 9.1587e+07 1.5378e+07
0.254 9.815e+07 1.5345e+07
0.255 8.0573e+07 1.5312e+07
0.256 5.6002e+07 1.5279e+07
0.257 7.8112e+07 1.5246e+07
0.258 6.1159e+07 1.5214e+07
0.259 6.7616e+07 1.5182e+07
0.26 9.423e+07 1.515e+07
0.261 6.8997e+07 1.5118e+07
0.262 5.9372e+07 1.5086e+07
0.263 5.7457e+07 1.5055e+07
0.264 3.7163e+07 1.5024e+07
0.265 7.3755e+07 1.4993e+07
0.266 7.1227e+07 1.4962e+07
0.267 8.4803e+07 1.4932e+07
0.268 6.3858e+07 1.4901e+07
0.269 5.3918e+07 1.4871e+07
0.27 5.2867e+07 1.4841e+07
0.271 6.4036e+07 1.4811e+07
0.272 6.2386e+07 1.4781e+07
0.273 6.1402e+07 1.4752e+07
0.274 4.1426e+07 1.4722e+07
0.275 4.9881e+07 1.4693e+07
0.276 4.253e+07 1.4664e+07
0.277 5.7434e+07 1.4636e+07
0.278 6.3982e+07 1.4607e+07
0.279 5.0408e+07 1.4578e+07
0.28 7.396e+07 1.455e+07
0.281 3.9908e+07 1.4522e+07
0.282 7.0294e+07 1.4494e+07
0.283 7.4396e+07 1.4466e+07
0.284 5.257e+07 1.4439e+07
0.285 5.9837e+07 1.4411e+07
0.286 4.6737e+07 1.4384e+07
0.287 6.6293e+07 1.4357e+07
0.288 7.1471e+07 1.433e+07
0.289 5.9934e+07 1.4303e+07
0.29 6.7166e+07 1.4277e+07
0.291 5.0482e+07 1.425e+07
0.292 5.113e+07 1.4224e+07
0.293 4.0655e+07 1.4198e+07
0.294 5.2734e+07 1.4172e+07
0.295 5.7265e+07 1.4146e+07
0.296 4.7232e+07 1.4121e+07
0.297 6.9979e+07 1.4096e+07
0.298 5.2574e+07 1.407e+07
0.299 3.1061e+07 1.4045e+07
0.3 4.7017e+07 1.402e+07
0.301 7.4591e+07 1.3996e+07
0.302 3.4983e+07 1.3971e+07
0.303 4.6405e+07 1.3947e+07
0.304 1.1258e+07 1.3923e+07
0.305 7.3595e+07 1.3899e+07
0.306 5.6404e+07 1.3875e+07
0.307 5.1686e+07 1.3851e+07
0.308 5.1776e+07 1.3827e+07
0.309 4.4752e+07 1.3804e+07
0.31 4.7204e+07 1.3781e+07
0.311 4.4847e+07 1.3758e+07
0.312 3.7124e+07 1.3735e+07
0.313 2.8639e+07 1.3712e+07
0.314 2.9473e+07 1.3689e+07
0.315 4.4949e+07 1.3667e+07
0.316 5.1332e+07 1.3644e+07
0.317 7.215e+07 1.3622e+07
0.318 4.9954e+07 1.36e+07
0.319 5.6575e+07 1.3578e+07
0.32 5.7438e+07 1.3556e+07
0.321 4.2076e+07 1.3535e+07
0.322 5.2064e+07 1.3513e+07
0.323 4.4307e+07 1.3492e+07
0.324 3.3232e+07 1.3471e+07
0.325 3.4328e+07 1.3449e+07
0.326 2.4692e+07 1.3428e+07
0.327 3.3946e+07 1.3408e+07
0.328 5.9556e+07 1.3387e+07
0.329 2.1784e+07 1.3366e+07
0.33 3.267e+07 1.3346e+07
0.331 6.7044e+07 1.3325e+07
0.332 5.5313e+07 1.3305e+07
0.333 2.0086e+07 1.3285e+07
0.334 4.8496e+07 1.3265e+07
0.335 5.687e+07 1.3245e+07
0.336 5.0472e+07 1.3225e+07
0.337 4.6957e+07 1.3205e+07
0.338 4.9419e+07 1.3186e+07
0.339 5.0153e+07 1.3166e+07
0.34 4.1957e+07 1.3147e+07
0.341 3.6659e+07 1.3127e+07
0.342 5.6724e+07 1.3108e+07
0.343 4.5287e+07 1.3089e+07
0.344 4.9533e+07 1.307e+07
0.345 6.9388e+07 1.3051e+07
0.346 2.7501e+07 1.3032e+07
0.347 4.4351e+07 1.3013e+07
0.348 2.9631e+07 1.2995e+07
0.349 1.4343e+07 1.2976e+07
0.35 3.6295e+07 1.2957e+07
0.351 5.7696e+07 1.2939e+07
0.352 4.412e+07 1.2921e+07
0.353 5.0224e+07 1.2902e+07
0.354 3.3114e+07 1.2884e+07
0.355 7.3113e+07 1.2866e+07
0.356 6.1882e+07 1.2848e+07
0.357 5.0814e+07 1.283e+07
0.358 2.9449e+07 1.2812e+07
0.359 4.4389e+07 1.2794e+07
0.36 5.0971e+07 1.2776e+07
0.361 5.4781e+07 1.2758e+07
0.362 5.8507e+07 1.274e+07
0.363 5.2679e+07 1.2723e+07
0.364 4.7459e+07 1.2705e+07
0.365 4.4593e+07 1.2688e+07
0.366 4.0033e+07 1.267e+07
0.367 4.7725e+07 1.2653e+07
0.368 1.9208e+07 1.2635e+07
0.369 5.4878e+07 1.2618e+07
0.37 6.0195e+07 1.2601e+07
0.371 4.5636e+07 1.2584e+07
0.372 4.2244e+07 1.2566e+07
0.373 3.7142e+07 1.2549e+07
0.374 4.8147e+07 1.2532e+07
0.375 4.069e+07 1.2515e+07
0.376 4.9721e+07 1.2498e+07
0.377 1.6905e+07 1.2482e+07
0.378 7.0248e+07 1.2465e+07
0.379 4.1931e+07 1.2448e+07
0.38 5.4337e+07 1.2431e+07
0.381 3.979e+07 1.2415e+07
0.382 5.4661e+07 1.2398e+07
0.383 4.3999e+07 1.2382e+07
0.384 5.3088e+07 1.2365e+07
0.385 4.4554e+07 1.2349e+07
0.386 2.8833e+07 1.2333e+07
0.387 4.1619e+07 1.2316e+07
0.388 3.0578e+07 1.23e+07
0.389 4.654e+07 1.2284e+07
0.39 3.7265e+07 1.2268e+07
0.391 6.9963e+07 1.2252e+07
0.392 4.0882e+07 1.2236e+07
0.393 4.3591e+07 1.222e+07
0.394 2.5423e+07 1.2204e+07
0.395 3.9527e+07 1.2188e+07
0.396 3.4023e+06 1.2172e+07
0.397 3.3284e+07 1.2157e+07
0.398 4.4519e+07 1.2141e+07
0.399 4.4504e+07 1.2126e+07
0.4 3.7907e+07 1.211e+07
0.401 5.5145e+07 1.2095e+07
0.402 3.5649e+07 1.2079e+07
0.403 3.3441e+07 1.2064e+07
0.404 3.2955e+07 1.2049e+07
0.405 2.133e+07 1.2033e+07
0.406 3.593e+07 1.2018e+07
0.407 3.0396e+07 1.2003e+07
0.408 2.1744e+07 1.1988e+07
0.409 5.3338e+07 1.1973e+07
0.41 4.9415e+07 1.1958e+07
0.411 1.7605e+07 1.1943e+07
0.412 4.8172e+07 1.1929e+07
0.413 3.547e+07 1.1914e+07
0.414 3.0471e+07 1.1899e+07
0.415 4.5444e+07 1.1885e+07
0.416 3.3935e+07 1.187e+07
0.417 4.6138e+07 1.1855e+07
0.418 4.6032e+07 1.1841e+07
0.419 3.429e+07 1.1827e+07
0.42 2.3132e+06 1.1812e+07
0.421 4.2522e+07 1.1798e+07
0.422 4.1142e+07 1.1784e+07
0.423 3.0566e+07 1.177e+07
0.424 3.3573e+07 1.1756e+07
0.425 2.1828e+07 1.1742e+07
0.426 5.0357e+07 1.1728e+07
0.427 4.1978e+07 1.1714e+07
0.428 4.2381e+07 1.17e+07
0.429 5.2524e+07 1.1686e+07
0.43 4.3343e+07 1.1672e+07
0.431 3.372e+07 1.1659e+07
0.432 3.7996e+07 1.1645e+07
0.433 4.84e+07 1.1632e+07
0.434 5.1365e+07 1.1618e+07
0.435 4.5081e+07 1.1605e+07
0.436 5.4366e+07 1.1591e+07
0.437 3.6815e+07 1.1578e+07
0.438 3.8273e+07 1.1565e+07
0.439 2.7755e+07 1.1551e+07
0.44 3.0368e+07 1.1538e+07
0.441 6.1683e+07 1.1525e+07
0.442 5.5707e+07 1.1512e+07
0.443 3.6556e+07 1.1499e+07
0.444 2.5624e+07 1.1486e+07
0.445 4.1759e+07 1.1473e+07
0.446 1.2807e+07 1.146e+07
0.447 4.1241e+07 1.1447e+07
0.448 3.8654e+07 1.1434e+07
0.449 3.291e+07 1.1422e+07
0.45 2.9902e+07 1.1409e+07
0.451 3.6471e+07 1.1396e+07
0.452 3.0833e+07 1.1384e+07
0.453 3.858e+07 1.1371e+07
0.454 2.7022e+07 1.1359e+07
0.455 3.5631e+07 1.1346e+07
0.456 4.4557e+07 1.1334e+07
0.457 3.4072e+07 1.1321e+07
0.458 3.6545e+07 1.1309e+07
0.459 4.7862e+07 1.1297e+07
0.46 3.9647e+07 1.1285e+07
0.461 3.4408e+07 1.1272e+07
0.462 3.2629e+07 1.126e+07
0.463 4.1271e+07 1.1248e+07
0.464 4.1192e+07 1.1236e+07
0.465 5.7418e+07 1.1224e+07
0.466 1.2905e+07 1.1212e+07
0.467 4.0626e+07 1.12e+07
0.468 3.3293e+07 1.1188e+07
0.469 3.8772e+07 1.1176e+07
0.47 2.7856e+07 1.1165e+07
0.471 3.6534e+07 1.1153e+07
0.472 3.5119e+07 1.1141e+07
0.473 4.2638e+07 1.1129e+07
0.474 3.398e+07 1.1118e+07
0.475 8.8543e+06 1.1106e+07
0.476 3.3518e+07 1.1094e+07
0.477 3.5446e+07 1.1083e+07
0.478 3.3397e+07 1.1071e+07
0.479 3.1084e+07 1.106e+07
0.48 3.9003e+07 1.1048e+07
0.481 5.1328e+07 1.1037e+07
0.482 1.6586e+07 1.1026e+07
0.483 5.7055e+07 1.1014e+07
0.484 1.6822e+07 1.1003e+07
0.485 3.6039e+07 1.0992e+07
0.486 2.4538e+07 1.098e+07
0.487 4.6808e+07 1.0969e+07
0.488 1.8253e+07 1.0958e+07
0.489 2.0764e+07 1.0947e+07
0.49 5.7284e+07 1.0936e+07
0.491 4.1042e+07 1.0925e+07
0.492 3.4668e+07 1.0914e+07
0.493 4.6995e+07 1.0903e+07
0.494 4.3285e+07 1.0892e+07
0.495 3.5201e+07 1.0881e+07
0.496 4.9144e+07 1.087e+07
0.497 3.9201e+07 1.0859e+07
0.498 3.4277e+07 1.0849e+07
0.499 5.0094e+07 1.0838e+07
0.5 3.2654e+07 1.0827e+07
