0.001 1.5701e+10 7.7823e+08
0.002 1.4724e+10 5.5018e+08
0.003 1.5755e+10 4.4906e+08
0.004 1.4856e+10 3.8871e+08
0.005 1.517e+10 3.4745e+08
0.006 1.5176e+10 3.1694e+08
0.007 1.502e+10 2.9316e+08
0.008 1.4555e+10 2.7394e+08
0.009 1.4823e+10 2.5797e+08
0.01 1.4377e+10 2.4441e+08
0.011 1.4914e+10 2.3269e+08
0.012 1.4722e+10 2.2243e+08
0.013 1.5198e+10 2.1333e+08
0.014 1.4995e+10 2.0518e+08
0.015 1.4941e+10 1.9783e+08
0.016 1.498e+10 1.9113e+08
0.017 1.4686e+10 1.85e+08
0.018 1.4661e+10 1.7935e+08
0.019 1.4456e+10 1.7412e+08
0.02 1.4162e+10 1.6926e+08
0.021 1.4011e+10 1.6471e+08
0.022 1.4455e+10 1.6045e+08
0.023 1.4172e+10 1.5643e+08
0.024 1.4043e+10 1.5264e+08
0.025 1.3909e+10 1.4906e+08
0.026 1.3698e+10 1.4565e+08
0.027 1.3796e+10 1.4241e+08
0.028 1.3375e+10 1.3932e+08
0.029 1.3215e+10 1.3636e+08
0.03 1.3228e+10 1.3353e+08
0.031 1.3161e+10 1.3081e+08
0.032 1.3197e+10 1.282e+08
0.033 1.2603e+10 1.2569e+08
0.034 1.2662e+10 1.2326e+08
0.035 1.2517e+10 1.2092e+08
0.036 1.2272e+10 1.1866e+08
0.037 1.2189e+10 1.1647e+08
0.038 1.2062e+10 1.1435e+08
0.039 1.202e+10 1.1229e+08
0.04 1.1972e+10 1.1029e+08
0.041 1.1612e+10 1.0835e+08
0.042 1.1346e+10 1.0646e+08
0.043 1.127e+10 1.0463e+08
0.044 1.1122e+10 1.0284e+08
0.045 1.083e+10 1.0109e+08
0.046 1.0861e+10 9.9387e+07
0.047 1.0722e+10 9.7725e+07
0.048 1.0436e+10 9.6102e+07
0.049 1.0443e+10 9.4516e+07
0.05 1.0183e+10 9.2966e+07
0.051 1.0126e+10 9.1449e+07
0.052 9.8539e+09 8.9965e+07
0.053 9.6544e+09 8.8513e+07
0.054 9.4282e+09 8.709e+07
0.055 9.3353e+09 8.5697e+07
0.056 9.2081e+09 8.4331e+07
0.057 9.0204e+09 8.2993e+07
0.058 8.8774e+09 8.1681e+07
0.059 8.7298e+09 8.0394e+07
0.06 8.4309e+09 7.9132e+07
0.061 8.3603e+09 7.7894e+07
0.062 8.2382e+09 7.6679e+07
0.063 8.0917e+09 7.5487e+07
0.064 7.881e+09 7.4317e+07
0.065 7.7461e+09 7.3168e+07
0.066 7.471e+09 7.204e+07
0.067 7.3829e+09 7.0933e+07
0.068 7.1935e+09 6.9846e+07
0.069 7.1064e+09 6.8779e+07
0.07 6.8791e+09 6.773e+07
0.071 6.7811e+09 6.6701e+07
0.072 6.6073e+09 6.569e+07
0.073 6.5646e+09 6.4698e+07
0.074 6.3203e+09 6.3723e+07
0.075 6.288e+09 6.2766e+07
0.076 6.1044e+09 6.1826e+07
0.077 5.8978e+09 6.0904e+07
0.078 5.8954e+09 5.9998e+07
0.079 5.5926e+09 5.9108e+07
0.08 5.6269e+09 5.8235e+07
0.081 5.3528e+09 5.7378e+07
0.082 5.2261e+09 5.6537e+07
0.083 5.1134e+09 5.5712e+07
0.084 5.0235e+09 5.4902e+07
0.085 4.8714e+09 5.4107e+07
0.086 4.6683e+09 5.3327e+07
0.087 4.4501e+09 5.2563e+07
0.088 4.4987e+09 5.1813e+07
0.089 4.3253e+09 5.1077e+07
0.09 4.207e+09 5.0356e+07
0.091 4.1901e+09 4.9649e+07
0.092 4.0028e+09 4.8957e+07
0.093 3.8909e+09 4.8278e+07
0.094 3.7825e+09 4.7612e+07
0.095 3.5901e+09 4.6961e+07
0.096 3.5961e+09 4.6323e+07
0.097 3.5037e+09 4.5698e+07
0.098 3.388e+09 4.5086e+07
0.099 3.2748e+09 4.4487e+07
0.1 3.2285e+09 4.3901e+07
0.101 3.1327e+09 4.3327e+07
0.102 2.9667e+09 4.2766e+07
0.103 2.9218e+09 4.2217e+07
0.104 2.8252e+09 4.168e+07
0.105 2.7356e+09 4.1155e+07
0.106 2.6681e+09 4.0642e+07
0.107 2.5272e+09 4.0141e+07
0.108 2.4921e+09 3.9651e+07
0.109 2.4957e+09 3.9172e+07
0.11 2.3725e+09 3.8704e+07
0.111 2.3182e+09 3.8247e+07
0.112 2.2063e+09 3.7801e+07
0.113 2.1355e+09 3.7366e+07
0.114 2.1111e+09 3.6941e+07
0.115 2.0483e+09 3.6526e+07
0.116 1.9836e+09 3.6121e+07
0.117 1.8726e+09 3.5726e+07
0.118 1.8534e+09 3.5341e+07
0.119 1.766e+09 3.4965e+07
0.12 1.7706e+09 3.4598e+07
0.121 1.7262e+09 3.4241e+07
0.122 1.6013e+09 3.3892e+07
0.123 1.548e+09 3.3552e+07
0.124 1.5299e+09 3.3221e+07
0.125 1.5078e+09 3.2897e+07
0.126 1.5035e+09 3.2582e+07
0.127 1.4524e+09 3.2275e+07
0.128 1.376e+09 3.1976e+07
0.129 1.3376e+09 3.1684e+07
0.13 1.294e+09 3.14e+07
0.131 1.2908e+09 3.1123e+07
0.132 1.2388e+09 3.0852e+07
0.133 1.2528e+09 3.0589e+07
0.134 1.1214e+09 3.0332e+07
0.135 1.1082e+09 3.0082e+07
0.136 1.0643e+09 2.9837e+07
0.137 1.0527e+09 2.9599e+07
0.138 1.0396e+09 2.9367e+07
0.139 9.8574e+08 2.9141e+07
0.14 9.6996e+08 2.892e+07
0.141 8.9383e+08 2.8705e+07
0.142 9.1783e+08 2.8494e+07
0.143 9.2137e+08 2.8289e+07
0.144 8.8213e+08 2.8089e+07
0.145 8.6252e+08 2.7893e+07
0.146 8.1796e+08 2.7703e+07
0.147 7.8043e+08 2.7516e+07
0.148 7.3601e+08 2.7334e+07
0.149 7.5463e+08 2.7156e+07
0.15 6.7899e+08 2.6982e+07
0.151 7.4017e+08 2.6812e+07
0.152 6.496e+08 2.6646e+07
0.153 7.0268e+08 2.6483e+07
0.154 6.6062e+08 2.6324e+07
0.155 6.4046e+08 2.6169e+07
0.156 5.9934e+08 2.6016e+07
0.157 5.7496e+08 2.5867e+07
0.158 6.3764e+08 2.5721e+07
0.159 5.7776e+08 2.5578e+07
0.16 5.4594e+08 2.5437e+07
0.161 5.614e+08 2.53e+07
0.162 5.1802e+08 2.5165e+07
0.163 5.1432e+08 2.5033e+07
0.164 5.0798e+08 2.4903e+07
0.165 4.9994e+08 2.4776e+07
0.166 5.0276e+08 2.4651e+07
0.167 5.332e+08 2.4528e+07
0.168 4.8308e+08 2.4408e+07
0.169 4.316e+08 2.429e+07
0.17 4.1911e+08 2.4174e+07
0.171 4.5e+08 2.4059e+07
0.172 4.1091e+08 2.3947e+07
0.173 4.2969e+08 2.3837e+07
0.174 4.0634e+08 2.3728e+07
0.175 3.9095e+08 2.3621e+07
0.176 3.4578e+08 2.3516e+07
0.177 3.8864e+08 2.3413e+07
0.178 3.8919e+08 2.3311e+07
0.179 3.3556e+08 2.3211e+07
0.18 3.4983e+08 2.3113e+07
0.181 3.1525e+08 2.3016e+07
0.182 3.2007e+08 2.292e+07
0.183 3.3239e+08 2.2826e+07
0.184 3.0179e+08 2.2734e+07
0.185 3.0771e+08 2.2642e+07
0.186 2.9533e+08 2.2553e+07
0.187 3.037e+08 2.2464e+07
0.188 2.9668e+08 2.2377e+07
0.189 2.9348e+08 2.2291e+07
0.19 2.5452e+08 2.2206e+07
0.191 2.7247e+08 2.2122e+07
0.192 2.6075e+08 2.204e+07
0.193 2.4137e+08 2.1959e+07
0.194 2.3922e+08 2.1878e+07
0.195 2.1618e+08 2.1799e+07
0.196 2.562e+08 2.1722e+07
0.197 2.2184e+08 2.1645e+07
0.198 2.3706e+08 2.1569e+07
0.199 1.961e+08 2.1494e+07
0.2 2.062e+08 2.142e+07
0.201 2.135e+08 2.1348e+07
0.202 1.8698e+08 2.1276e+07
0.203 2.2139e+08 2.1205e+07
0.204 1.9405e+08 2.1136e+07
0.205 1.8203e+08 2.1067e+07
0.206 1.8755e+08 2.0999e+07
0.207 1.9542e+08 2.0932e+07
0.208 1.596e+08 2.0865e+07
0.209 1.7568e+08 2.08e+07
0.21 1.5003e+08 2.0736e+07
0.211 1.7871e+08 2.0672e+07
0.212 1.8135e+08 2.0609e+07
0.213 1.7833e+08 2.0547e+07
0.214 1.56e+08 2.0486e+07
0.215 1.4388e+08 2.0426e+07
0.216 1.4032e+08 2.0366e+07
0.217 1.6641e+08 2.0307e+07
0.218 1.0212e+08 2.0249e+07
0.219 1.2859e+08 2.0191e+07
0.22 1.5482e+08 2.0134e+07
0.221 1.5712e+08 2.0078e+07
0.222 1.8362e+08 2.0023e+07
0.223 1.3507e+08 1.9968e+07
0.224 1.5146e+08 1.9914e+07
0.225 1.5276e+08 1.9861e+07
0.226 7.8758e+07 1.9808e+07
0.227 1.5301e+08 1.9756e+07
0.228 1.0875e+08 1.9704e+07
0.229 1.5364e+08 1.9653e+07
0.23 9.6788e+07 1.9602e+07
0.231 1.1572e+08 1.9552e+07
0.232 1.3284e+08 1.9503e+07
0.233 1.2885e+08 1.9454e+07
0.234 9.8343e+07 1.9406e+07
0.235 9.9464e+07 1.9358e+07
0.236 1.0237e+08 1.931e+07
0.237 1.1763e+08 1.9263e+07
0.238 7.7769e+07 1.9217e+07
0.239 9.1242e+07 1.9171e+07
0.24 1.1542e+08 1.9126e+07
0.241 1.082e+08 1.908e+07
0.242 1.1576e+08 1.9036e+07
0.243 8.7416e+07 1.8992e+07
0.244 9.9487e+07 1.8948e+07
0.245 8.4046e+07 1.8904e+07
0.246 9.4726e+07 1.8861e+07
0.247 1.003e+08 1.8819e+07
0.248 8.3407e+07 1.8776e+07
0.249 7.1317e+07 1.8734e+07
0.25 8.0296e+07 1.8693e+07
0.251 6.98e+07 1.8652e+07
0.252 7.7903e+07 1.8611e+07
0.253 1.017e+08 1.857e+07
0.254 8.6713e+07 1.853e+07
0.255 6.2209e+07 1.849e+07
0.256 5.9312e+07 1.8451e+07
0.257 8.1849e+07 1.8411e+07
0.258 7.498e+07 1.8372e+07
0.259 7.5684e+07 1.8334e+07
0.26 6.8446e+07 1.8295e+07
0.261 6.4109e+07 1.8257e+07
0.262 8.7953e+07 1.8219e+07
0.263 7.4173e+07 1.8182e+07
0.264 4.5373e+07 1.8145e+07
0.265 9.4845e+07 1.8108e+07
0.266 8.2914e+07 1.8071e+07
0.267 9.4991e+07 1.8034e+07
0.268 7.3754e+07 1.7998e+07
0.269 5.4811e+07 1.7962e+07
0.27 6.7456e+07 1.7926e+07
0.271 6.9066e+07 1.7891e+07
0.272 7.5416e+07 1.7856e+07
0.273 9.2468e+07 1.7821e+07
0.274 7.0407e+07 1.7786e+07
0.275 7.5672e+07 1.7751e+07
0.276 8.9472e+07 1.7717e+07
0.277 7.283e+07 1.7683e+07
0.278 7.9344e+07 1.7649e+07
0.279 3.8328e+07 1.7616e+07
0.28 6.0676e+07 1.7582e+07
0.281 5.13e+07 1.7549e+07
0.282 8.1104e+07 1.7516e+07
0.283 5.675e+07 1.7483e+07
0.284 4.1031e+07 1.7451e+07
0.285 1.0573e+08 1.7419e+07
0.286 4.1217e+07 1.7386e+07
0.287 8.2523e+07 1.7355e+07
0.288 7.6457e+07 1.7323e+07
0.289 4.8751e+07 1.7291e+07
0.29 6.6156e+07 1.726e+07
0.291 3.9033e+07 1.7229e+07
0.292 3.9785e+07 1.7198e+07
0.293 8.1679e+07 1.7168e+07
0.294 7.4827e+07 1.7137e+07
0.295 6.0991e+07 1.7107e+07
0.296 5.1078e+07 1.7077e+07
0.297 8.1919e+07 1.7047e+07
0.298 5.8153e+07 1.7017e+07
0.299 3.3178e+07 1.6988e+07
0.3 3.0268e+07 1.6959e+07
0.301 3.0153e+07 1.693e+07
0.302 7.285e+07 1.6901e+07
0.303 7.4069e+07 1.6872e+07
0.304 9.0909e+07 1.6844e+07
0.305 1.0175e+08 1.6815e+07
0.306 3.3615e+07 1.6787e+07
0.307 6.9413e+07 1.6759e+07
0.308 7.5792e+07 1.6731e+07
0.309 4.1219e+07 1.6704e+07
0.31 5.3734e+07 1.6676e+07
0.311 5.1681e+07 1.6649e+07
0.312 7.0443e+07 1.6622e+07
0.313 5.8746e+07 1.6595e+07
0.314 8.0362e+07 1.6568e+07
0.315 6.6973e+07 1.6542e+07
0.316 5.2517e+07 1.6515e+07
0.317 5.9502e+07 1.6489e+07
0.318 7.1674e+07 1.6463e+07
0.319 6.2256e+07 1.6437e+07
0.32 2.4954e+07 1.6411e+07
0.321 4.6895e+07 1.6386e+07
0.322 6.108e+07 1.636e+07
0.323 4.8639e+07 1.6335e+07
0.324 4.2219e+07 1.631e+07
0.325 3.9183e+07 1.6285e+07
0.326 6.9773e+07 1.626e+07
0.327 7.056e+07 1.6235e+07
0.328 3.2899e+07 1.621e+07
0.329 8.7878e+07 1.6186e+07
0.33 3.6505e+07 1.6161e+07
0.331 4.9961e+07 1.6137e+07
0.332 6.7235e+07 1.6113e+07
0.333 5.1614e+07 1.6089e+07
0.334 5.001e+07 1.6065e+07
0.335 7.0234e+07 1.6041e+07
0.336 6.0035e+07 1.6017e+07
0.337 5.7041e+07 1.5994e+07
0.338 4.2433e+07 1.597e+07
0.339 6.0558e+07 1.5947e+07
0.34 5.4345e+07 1.5924e+07
0.341 5.499e+07 1.5901e+07
0.342 7.2662e+07 1.5878e+07
0.343 4.9807e+07 1.5855e+07
0.344 6.773e+07 1.5832e+07
0.345 3.6562e+07 1.5809e+07
0.346 4.8276e+07 1.5787e+07
0.347 6.1527e+07 1.5764e+07
0.348 6.6078e+07 1.5742e+07
0.349 6.3421e+07 1.5719e+07
0.35 6.1916e+07 1.5697e+07
0.351 4.7545e+07 1.5675e+07
0.352 8.4002e+07 1.5653e+07
0.353 4.2571e+07 1.5631e+07
0.354 4.1608e+07 1.5609e+07
0.355 8.6707e+07 1.5587e+07
0.356 4.805e+07 1.5565e+07
0.357 5.4329e+07 1.5543e+07
0.358 6.0498e+07 1.5522e+07
0.359 4.3513e+07 1.55e+07
0.36 5.2259e+07 1.5479e+07
0.361 4.5606e+07 1.5457e+07
0.362 7.19e+07 1.5436e+07
0.363 6.1353e+07 1.5415e+07
0.364 9.6096e+07 1.5393e+07
0.365 5.6074e+07 1.5372e+07
0.366 6.576e+07 1.5351e+07
0.367 4.0299e+07 1.533e+07
0.368 2.4814e+07 1.5309e+07
0.369 8.9372e+07 1.5288e+07
0.37 5.0689e+07 1.5268e+07
0.371 5.9103e+07 1.5247e+07
0.372 4.9558e+07 1.5226e+07
0.373 5.9388e+07 1.5206e+07
0.374 4.2029e+07 1.5185e+07
0.375 4.984e+07 1.5165e+07
0.376 5.0428e+07 1.5144e+07
0.377 6.7968e+07 1.5124e+07
0.378 6.344e+07 1.5104e+07
0.379 5.1181e+07 1.5083e+07
0.38 5.8334e+07 1.5063e+07
0.381 7.2422e+07 1.5043e+07
0.382 5.7145e+07 1.5023e+07
0.383 5.0885e+07 1.5003e+07
0.384 5.4318e+07 1.4983e+07
0.385 4.9362e+07 1.4964e+07
0.386 5.523e+07 1.4944e+07
0.387 4.6978e+07 1.4924e+07
0.388 6.0449e+07 1.4905e+07
0.389 6.0014e+07 1.4885e+07
0.39 2.3502e+07 1.4866e+07
0.391 4.1442e+07 1.4846e+07
0.392 3.1191e+07 1.4827e+07
0.393 4.7562e+07 1.4807e+07
0.394 3.4114e+07 1.4788e+07
0.395 6.7039e+07 1.4769e+07
0.396 5.0912e+07 1.475e+07
0.397 5.0362e+07 1.4731e+07
0.398 6.1499e+07 1.4712e+07
0.399 4.2714e+07 1.4693e+07
0.4 7.2748e+07 1.4674e+07
0.401 4.3613e+07 1.4656e+07
0.402 7.9984e+07 1.4637e+07
0.403 1.3556e+07 1.4618e+07
0.404 5.9027e+07 1.46e+07
0.405 5.2416e+07 1.4581e+07
0.406 4.7654e+07 1.4563e+07
0.407 6.74e+07 1.4545e+07
0.408 5.0671e+07 1.4526e+07
0.409 5.0105e+07 1.4508e+07
0.41 6.5336e+07 1.449e+07
0.411 5.1856e+07 1.4472e+07
0.412 6.6506e+07 1.4454e+07
0.413 4.7429e+07 1.4436e+07
0.414 6.6294e+07 1.4418e+07
0.415 5.3033e+07 1.44e+07
0.416 3.4493e+07 1.4383e+07
0.417 5.8109e+07 1.4365e+07
0.418 2.6617e+07 1.4347e+07
0.419 5.487e+07 1.433e+07
0.42 6.2275e+07 1.4313e+07
0.421 3.7728e+07 1.4295e+07
0.422 2.4928e+07 1.4278e+07
0.423 3.5093e+07 1.4261e+07
0.424 4.0509e+07 1.4243e+07
0.425 5.4885e+07 1.4226e+07
0.426 4.5561e+07 1.4209e+07
0.427 4.3134e+07 1.4192e+07
0.428 2.6235e+07 1.4175e+07
0.429 3.5544e+07 1.4159e+07
0.43 6.5241e+07 1.4142e+07
0.431 4.2017e+07 1.4125e+07
0.432 4.275e+07 1.4109e+07
0.433 1.8097e+07 1.4092e+07
0.434 3.5166e+07 1.4075e+07
0.435 4.4828e+07 1.4059e+07
0.436 6.7416e+07 1.4043e+07
0.437 3.805e+07 1.4026e+07
0.438 5.7168e+07 1.401e+07
0.439 4.3335e+07 1.3994e+07
0.44 6.2449e+07 1.3978e+07
0.441 3.7228e+07 1.3962e+07
0.442 4.0333e+07 1.3946e+07
0.443 2.858e+07 1.393e+07
0.444 4.1384e+07 1.3914e+07
0.445 4.9789e+07 1.3898e+07
0.446 5.4307e+07 1.3882e+07
0.447 2.5924e+07 1.3867e+07
0.448 4.3908e+07 1.3851e+07
0.449 4.3175e+07 1.3835e+07
0.45 3.6611e+07 1.382e+07
0.451 5.0943e+07 1.3804e+07
0.452 6.2002e+07 1.3789e+07
0.453 5.0784e+07 1.3773e+07
0.454 4.9493e+07 1.3758e+07
0.455 6.0067e+07 1.3743e+07
0.456 3.8604e+07 1.3728e+07
0.457 3.4805e+07 1.3713e+07
0.458 3.8239e+07 1.3697e+07
0.459 5.066e+07 1.3682e+07
0.46 4.5419e+07 1.3667e+07
0.461 3.8183e+07 1.3652e+07
0.462 3.8316e+07 1.3638e+07
0.463 1.7317e+07 1.3623e+07
0.464 4.0198e+07 1.3608e+07
0.465 1.6623e+07 1.3593e+07
0.466 2.8003e+07 1.3579e+07
0.467 4.2785e+07 1.3564e+07
0.468 3.9501e+07 1.3549e+07
0.469 7.3777e+07 1.3535e+07
0.47 4.716e+07 1.352e+07
0.471 4.3331e+07 1.3506e+07
0.472 6.3784e+07 1.3491e+07
0.473 5.3321e+07 1.3477e+07
0.474 3.2069e+07 1.3463e+07
0.475 5.777e+07 1.3449e+07
0.476 3.895e+07 1.3434e+07
0.477 3.863e+07 1.342e+07
0.478 4.5349e+07 1.3406e+07
0.479 6.2671e+07 1.3392e+07
0.48 3.8877e+07 1.3378e+07
0.481 5.62e+07 1.3364e+07
0.482 4.2351e+07 1.335e+07
0.483 5.4812e+07 1.3336e+07
0.484 4.2712e+07 1.3323e+07
0.485 5.9325e+07 1.3309e+07
0.486 5.8102e+07 1.3295e+07
0.487 3.553e+07 1.3281e+07
0.488 5.0124e+07 1.3268e+07
0.489 6.4958e+07 1.3254e+07
0.49 5.0168e+07 1.3241e+07
0.491 3.6114e+07 1.3227e+07
0.492 5.4304e+07 1.3214e+07
0.493 4.4213e+07 1.32e+07
0.494 5.6562e+07 1.3187e+07
0.495 4.7702e+07 1.3173e+07
0.496 6.0748e+07 1.316e+07
0.497 2.7303e+07 1.3147e+07
0.498 5.308e+07 1.3134e+07
0.499 4.5044e+07 1.3121e+07
0.5 5.8901e+07 1.3107e+07
