0.001 1.5011e+10 7.7144e+08
0.002 1.4963e+10 5.4537e+08
0.003 1.4929e+10 4.4514e+08
0.004 1.5933e+10 3.8531e+08
0.005 1.5356e+10 3.4441e+08
0.006 1.4888e+10 3.1416e+08
0.007 1.5338e+10 2.9059e+08
0.008 1.5018e+10 2.7154e+08
0.009 1.5312e+10 2.557e+08
0.01 1.4688e+10 2.4226e+08
0.011 1.5342e+10 2.3064e+08
0.012 1.487e+10 2.2047e+08
0.013 1.5124e+10 2.1145e+08
0.014 1.4636e+10 2.0337e+08
0.015 1.4671e+10 1.9608e+08
0.016 1.4371e+10 1.8944e+08
0.017 1.4385e+10 1.8336e+08
0.018 1.4437e+10 1.7776e+08
0.019 1.4051e+10 1.7257e+08
0.02 1.3899e+10 1.6774e+08
0.021 1.4224e+10 1.6323e+08
0.022 1.3873e+10 1.59e+08
0.023 1.3822e+10 1.5502e+08
0.024 1.387e+10 1.5126e+08
0.025 1.3668e+10 1.4771e+08
0.026 1.3734e+10 1.4433e+08
0.027 1.3385e+10 1.4111e+08
0.028 1.3243e+10 1.3804e+08
0.029 1.3172e+10 1.3511e+08
0.03 1.2984e+10 1.323e+08
0.031 1.2884e+10 1.296e+08
0.032 1.2839e+10 1.2701e+08
0.033 1.2898e+10 1.2451e+08
0.034 1.2617e+10 1.2211e+08
0.035 1.256e+10 1.1979e+08
0.036 1.2382e+10 1.1754e+08
0.037 1.2265e+10 1.1537e+08
0.038 1.2041e+10 1.1326e+08
0.039 1.1826e+10 1.1122e+08
0.04 1.1525e+10 1.0923e+08
0.041 1.1508e+10 1.0731e+08
0.042 1.1557e+10 1.0543e+08
0.043 1.118e+10 1.036e+08
0.044 1.1013e+10 1.0183e+08
0.045 1.0991e+10 1.0009e+08
0.046 1.0661e+10 9.8401e+07
0.047 1.0518e+10 9.675e+07
0.048 1.031e+10 9.5138e+07
0.049 1.0142e+10 9.3562e+07
0.05 1.0212e+10 9.2021e+07
0.051 9.9353e+09 9.0514e+07
0.052 9.9439e+09 8.904e+07
0.053 9.7983e+09 8.7596e+07
0.054 9.323e+09 8.6183e+07
0.055 9.3453e+09 8.4797e+07
0.056 9.1379e+09 8.344e+07
0.057 9.0624e+09 8.211e+07
0.058 8.8376e+09 8.0806e+07
0.059 8.7886e+09 7.9526e+07
0.06 8.5265e+09 7.8272e+07
0.061 8.2341e+09 7.7041e+07
0.062 8.1794e+09 7.5833e+07
0.063 7.9349e+09 7.4647e+07
0.064 7.8077e+09 7.3484e+07
0.065 7.6441e+09 7.2341e+07
0.066 7.453e+09 7.122e+07
0.067 7.2999e+09 7.0119e+07
0.068 7.2328e+09 6.9037e+07
0.069 7.075e+09 6.7976e+07
0.07 6.8404e+09 6.6933e+07
0.071 6.7681e+09 6.5909e+07
0.072 6.6293e+09 6.4904e+07
0.073 6.3736e+09 6.3916e+07
0.074 6.279e+09 6.2946e+07
0.075 6.0836e+09 6.1994e+07
0.076 6.0588e+09 6.1059e+07
0.077 5.843e+09 6.0141e+07
0.078 5.7627e+09 5.924e+07
0.079 5.5369e+09 5.8355e+07
0.08 5.4176e+09 5.7486e+07
0.081 5.3629e+09 5.6633e+07
0.082 5.0479e+09 5.5796e+07
0.083 5.0517e+09 5.4975e+07
0.084 4.9872e+09 5.4169e+07
0.085 4.7532e+09 5.3378e+07
0.086 4.6174e+09 5.2602e+07
0.087 4.4966e+09 5.1841e+07
0.088 4.4486e+09 5.1094e+07
0.089 4.2458e+09 5.0362e+07
0.09 4.115e+09 4.9645e+07
0.091 4.0092e+09 4.8941e+07
0.092 3.9594e+09 4.8252e+07
0.093 3.75e+09 4.7576e+07
0.094 3.6339e+09 4.6914e+07
0.095 3.6276e+09 4.6265e+07
0.096 3.4581e+09 4.563e+07
0.097 3.417e+09 4.5008e+07
0.098 3.3245e+09 4.4399e+07
0.099 3.2322e+09 4.3803e+07
0.1 3.1142e+09 4.322e+07
0.101 3.0329e+09 4.2649e+07
0.102 2.9244e+09 4.209e+07
0.103 2.8559e+09 4.1544e+07
0.104 2.8648e+09 4.101e+07
0.105 2.6862e+09 4.0488e+07
0.106 2.6633e+09 3.9977e+07
0.107 2.4614e+09 3.9479e+07
0.108 2.4245e+09 3.8991e+07
0.109 2.3648e+09 3.8515e+07
0.11 2.3444e+09 3.805e+07
0.111 2.2731e+09 3.7596e+07
0.112 2.2145e+09 3.7152e+07
0.113 2.1112e+09 3.6719e+07
0.114 2.0351e+09 3.6297e+07
0.115 2.0282e+09 3.5885e+07
0.116 1.9182e+09 3.5482e+07
0.117 1.9208e+09 3.509e+07
0.118 1.7984e+09 3.4707e+07
0.119 1.871e+09 3.4334e+07
0.12 1.6976e+09 3.397e+07
0.121 1.5906e+09 3.3615e+07
0.122 1.6397e+09 3.3268e+07
0.123 1.5696e+09 3.2931e+07
0.124 1.4972e+09 3.2602e+07
0.125 1.4711e+09 3.2282e+07
0.126 1.3822e+09 3.1969e+07
0.127 1.3595e+09 3.1665e+07
0.128 1.277e+09 3.1368e+07
0.129 1.2629e+09 3.1079e+07
0.13 1.2673e+09 3.0797e+07
0.131 1.2533e+09 3.0522e+07
0.132 1.1622e+09 3.0255e+07
0.133 1.1508e+09 2.9994e+07
0.134 1.0497e+09 2.974e+07
0.135 1.0704e+09 2.9492e+07
0.136 1.0718e+09 2.925e+07
0.137 9.9583e+08 2.9015e+07
0.138 9.7334e+08 2.8786e+07
0.139 1.0008e+09 2.8562e+07
0.14 9.3493e+08 2.8344e+07
0.141 8.6599e+08 2.8131e+07
0.142 9.1635e+08 2.7923e+07
0.143 8.5338e+08 2.7721e+07
0.144 8.3928e+08 2.7523e+07
0.145 7.9959e+08 2.733e+07
0.146 7.5707e+08 2.7142e+07
0.147 7.8776e+08 2.6959e+07
0.148 7.5931e+08 2.6779e+07
0.149 7.4307e+08 2.6604e+07
0.15 7.359e+08 2.6433e+07
0.151 7.3934e+08 2.6265e+07
0.152 6.6548e+08 2.6102e+07
0.153 6.1226e+08 2.5942e+07
0.154 6.2501e+08 2.5785e+07
0.155 6.2003e+08 2.5632e+07
0.156 5.499e+08 2.5482e+07
0.157 5.8001e+08 2.5336e+07
0.158 5.6354e+08 2.5192e+07
0.159 5.5502e+08 2.5052e+07
0.16 5.5456e+08 2.4914e+07
0.161 5.1334e+08 2.4779e+07
0.162 5.0304e+08 2.4647e+07
0.163 5.0455e+08 2.4517e+07
0.164 5.1816e+08 2.439e+07
0.165 4.8088e+08 2.4265e+07
0.166 4.2378e+08 2.4143e+07
0.167 3.9975e+08 2.4023e+07
0.168 3.7764e+08 2.3905e+07
0.169 4.4352e+08 2.3789e+07
0.17 4.4177e+08 2.3675e+07
0.171 4.3922e+08 2.3563e+07
0.172 3.7982e+08 2.3453e+07
0.173 3.69e+08 2.3345e+07
0.174 3.8314e+08 2.3239e+07
0.175 3.6556e+08 2.3135e+07
0.176 3.9652e+08 2.3032e+07
0.177 3.3119e+08 2.2931e+07
0.178 3.4888e+08 2.2831e+07
0.179 3.1156e+08 2.2733e+07
0.18 3.2071e+08 2.2637e+07
0.181 3.0552e+08 2.2542e+07
0.182 3.1753e+08 2.2449e+07
0.183 2.8685e+08 2.2357e+07
0.184 3.1441e+08 2.2267e+07
0.185 3.1786e+08 2.2177e+07
0.186 2.8754e+08 2.2089e+07
0.187 3.1091e+08 2.2003e+07
0.188 2.6278e+08 2.1918e+07
0.189 3.0271e+08 2.1833e+07
0.19 2.728e+08 2.1751e+07
0.191 2.3344e+08 2.1669e+07
0.192 2.8941e+08 2.1588e+07
0.193 2.3986e+08 2.1509e+07
0.194 2.1147e+08 2.1431e+07
0.195 2.5446e+08 2.1354e+07
0.196 2.3902e+08 2.1278e+07
0.197 1.699e+08 2.1203e+07
0.198 1.8406e+08 2.1129e+07
0.199 2.4254e+08 2.1056e+07
0.2 2.0155e+08 2.0984e+07
0.201 1.9531e+08 2.0913e+07
0.202 2.1011e+08 2.0843e+07
0.203 2.0529e+08 2.0773e+07
0.204 2.1607e+08 2.0705e+07
0.205 1.9964e+08 2.0638e+07
0.206 1.7516e+08 2.0572e+07
0.207 1.8653e+08 2.0506e+07
0.208 1.4683e+08 2.0442e+07
0.209 1.8544e+08 2.0378e+07
0.21 1.4137e+08 2.0315e+07
0.211 1.7713e+08 2.0253e+07
0.212 1.8429e+08 2.0191e+07
0.213 1.6805e+08 2.0131e+07
0.214 1.7607e+08 2.0071e+07
0.215 1.8305e+08 2.0012e+07
0.216 1.6865e+08 1.9954e+07
0.217 1.4595e+08 1.9896e+07
0.218 1.3572e+08 1.9839e+07
0.219 1.692e+08 1.9783e+07
0.22 1.534e+08 1.9728e+07
0.221 1.5085e+08 1.9673e+07
0.222 1.6317e+08 1.9619e+07
0.223 1.1163e+08 1.9565e+07
0.224 8.7572e+07 1.9512e+07
0.225 8.5548e+07 1.946e+07
0.226 1.1162e+08 1.9409e+07
0.227 1.3472e+08 1.9357e+07
0.228 1.244e+08 1.9307e+07
0.229 9.6073e+07 1.9257e+07
0.23 1.346e+08 1.9208e+07
0.231 9.9205e+07 1.9159e+07
0.232 9.9961e+07 1.9111e+07
0.233 9.2437e+07 1.9063e+07
0.234 1.3712e+08 1.9015e+07
0.235 8.2052e+07 1.8969e+07
0.236 1.0595e+08 1.8922e+07
0.237 1.3344e+08 1.8876e+07
0.238 1.0557e+08 1.8831e+07
0.239 1.0472e+08 1.8786e+07
0.24 4.1171e+07 1.8742e+07
0.241 1.5506e+08 1.8697e+07
0.242 1.0963e+08 1.8654e+07
0.243 9.0534e+07 1.8611e+07
0.244 9.7475e+07 1.8568e+07
0.245 7.5917e+07 1.8525e+07
0.246 9.7594e+07 1.8483e+07
0.247 1.0148e+08 1.8441e+07
0.248 1.2063e+08 1.84e+07
0.249 6.602e+07 1.8359e+07
0.25 6.9742e+07 1.8318e+07
0.251 7.2396e+07 1.8278e+07
0.252 8.1944e+07 1.8238e+07
0.253 7.0434e+07 1.8198e+07
0.254 1.0655e+08 1.8159e+07
0.255 8.8562e+07 1.812e+07
0.256 7.2774e+07 1.8081e+07
0.257 1.0127e+08 1.8042e+07
0.258 6.8919e+07 1.8004e+07
0.259 1.2433e+08 1.7966e+07
0.26 4.9403e+07 1.7929e+07
0.261 8.7261e+07 1.7891e+07
0.262 5.6277e+07 1.7854e+07
0.263 7.9189e+07 1.7817e+07
0.264 6.8775e+07 1.7781e+07
0.265 8.7872e+07 1.7744e+07
0.266 8.4905e+07 1.7708e+07
0.267 9.397e+07 1.7673e+07
0.268 9.0939e+07 1.7637e+07
0.269 7.608e+07 1.7602e+07
0.27 9.0969e+07 1.7567e+07
0.271 8.1199e+07 1.7532e+07
0.272 2.6975e+07 1.7497e+07
0.273 5.2368e+07 1.7463e+07
0.274 7.0145e+07 1.7429e+07
0.275 6.5716e+07 1.7395e+07
0.276 4.7912e+07 1.7361e+07
0.277 7.7909e+07 1.7328e+07
0.278 4.9237e+07 1.7294e+07
0.279 2.107e+07 1.7261e+07
0.28 7.4935e+07 1.7229e+07
0.281 4.0436e+07 1.7196e+07
0.282 4.4249e+07 1.7164e+07
0.283 3.5128e+07 1.7132e+07
0.284 7.5851e+07 1.71e+07
0.285 6.9914e+07 1.7068e+07
0.286 4.0144e+07 1.7036e+07
0.287 4.6809e+07 1.7005e+07
0.288 5.3963e+07 1.6974e+07
0.289 5.9097e+07 1.6943e+07
0.29 6.5807e+07 1.6912e+07
0.291 7.7848e+07 1.6882e+07
0.292 8.707e+07 1.6852e+07
0.293 4.7915e+07 1.6821e+07
0.294 4.7086e+07 1.6792e+07
0.295 6.5694e+07 1.6762e+07
0.296 7.8099e+07 1.6732e+07
0.297 4.2087e+07 1.6703e+07
0.298 6.025e+07 1.6674e+07
0.299 7.6533e+07 1.6645e+07
0.3 6.4381e+07 1.6616e+07
0.301 9.0312e+06 1.6588e+07
0.302 4.5593e+07 1.6559e+07
0.303 5.5677e+07 1.6531e+07
0.304 4.1573e+07 1.6503e+07
0.305 2.4093e+07 1.6475e+07
0.306 6.9064e+07 1.6448e+07
0.307 4.532e+07 1.642e+07
0.308 2.9237e+07 1.6393e+07
0.309 8.0755e+07 1.6366e+07
0.31 1.0484e+08 1.6339e+07
0.311 5.3714e+07 1.6312e+07
0.312 4.6583e+07 1.6285e+07
0.313 7.6008e+07 1.6259e+07
0.314 4.463e+07 1.6233e+07
0.315 5.1451e+07 1.6207e+07
0.316 7.4372e+07 1.6181e+07
0.317 3.912e+07 1.6155e+07
0.318 5.6089e+07 1.6129e+07
0.319 5.5527e+07 1.6104e+07
0.32 2.8153e+07 1.6078e+07
0.321 7.002e+07 1.6053e+07
0.322 5.4955e+07 1.6028e+07
0.323 2.7483e+07 1.6003e+07
0.324 3.1027e+07 1.5979e+07
0.325 5.4249e+07 1.5954e+07
0.326 4.7537e+07 1.593e+07
0.327 4.4902e+07 1.5905e+07
0.328 4.1496e+07 1.5881e+07
0.329 7.2319e+07 1.5857e+07
0.33 5.4477e+07 1.5833e+07
0.331 5.5213e+07 1.5809e+07
0.332 6.0142e+07 1.5786e+07
0.333 3.5318e+07 1.5762e+07
0.334 6.6798e+07 1.5739e+07
0.335 6.0003e+07 1.5715e+07
0.336 4.7259e+07 1.5692e+07
0.337 4.5281e+07 1.5669e+07
0.338 5.5227e+07 1.5646e+07
0.339 6.0261e+07 1.5623e+07
0.34 3.9596e+07 1.56e+07
0.341 4.6683e+07 1.5577e+07
0.342 4.3228e+07 1.5555e+07
0.343 6.8513e+07 1.5532e+07
0.344 5.1563e+07 1.551e+07
0.345 1.9663e+07 1.5488e+07
0.346 4.5705e+07 1.5466e+07
0.347 4.9098e+07 1.5443e+07
0.348 6.0942e+07 1.5421e+07
0.349 8.0072e+07 1.5399e+07
0.35 4.365e+07 1.5378e+07
0.351 3.3627e+07 1.5356e+07
0.352 5.2803e+07 1.5334e+07
0.353 6.1001e+07 1.5313e+07
0.354 5.4633e+07 1.5291e+07
0.355 5.1635e+07 1.527e+07
0.356 2.5426e+07 1.5248e+07
0.357 3.6488e+07 1.5227e+07
0.358 3.0829e+07 1.5206e+07
0.359 6.0777e+07 1.5185e+07
0.36 5.889e+07 1.5164e+07
0.361 5.6252e+07 1.5143e+07
0.362 8.0325e+07 1.5122e+07
0.363 6.2848e+07 1.5101e+07
0.364 5.9799e+07 1.508e+07
0.365 5.9053e+07 1.5059e+07
0.366 3.8536e+07 1.5039e+07
0.367 6.0459e+07 1.5018e+07
0.368 5.4877e+07 1.4998e+07
0.369 3.4524e+07 1.4977e+07
0.37 7.5177e+07 1.4957e+07
0.371 5.2963e+07 1.4936e+07
0.372 6.6955e+07 1.4916e+07
0.373 4.725e+07 1.4896e+07
0.374 5.6843e+07 1.4876e+07
0.375 5.9104e+07 1.4856e+07
0.376 3.15e+07 1.4836e+07
0.377 6.4798e+07 1.4816e+07
0.378 4.4908e+07 1.4796e+07
0.379 4.1105e+07 1.4776e+07
0.38 6.1456e+07 1.4757e+07
0.381 4.537e+07 1.4737e+07
0.382 4.0561e+07 1.4717e+07
0.383 4.1873e+07 1.4698e+07
0.384 4.7433e+07 1.4678e+07
0.385 5.2009e+07 1.4659e+07
0.386 2.466e+07 1.464e+07
0.387 3.8513e+07 1.462e+07
0.388 6.3128e+07 1.4601e+07
0.389 4.9183e+07 1.4582e+07
0.39 4.6603e+07 1.4563e+07
0.391 4.2567e+07 1.4544e+07
0.392 6.4375e+07 1.4525e+07
0.393 4.3919e+07 1.4506e+07
0.394 3.6913e+07 1.4487e+07
0.395 5.7169e+07 1.4468e+07
0.396 9.3457e+07 1.445e+07
0.397 8.2308e+07 1.4431e+07
0.398 4.4953e+07 1.4412e+07
0.399 4.3024e+07 1.4394e+07
0.4 5.9548e+07 1.4375e+07
0.401 4.7794e+07 1.4357e+07
0.402 4.009e+07 1.4339e+07
0.403 4.9664e+07 1.4321e+07
0.404 4.4381e+07 1.4302e+07
0.405 2.5233e+07 1.4284e+07
0.406 4.9838e+07 1.4266e+07
0.407 6.6695e+07 1.4248e+07
0.408 6.5535e+07 1.423e+07
0.409 5.189e+07 1.4213e+07
0.41 3.0483e+07 1.4195e+07
0.411 6.2442e+07 1.4177e+07
0.412 5.2206e+07 1.416e+07
0.413 7.776e+07 1.4142e+07
0.414 5.3241e+07 1.4125e+07
0.415 5.4319e+07 1.4107e+07
0.416 3.7669e+07 1.409e+07
0.417 5.0632e+07 1.4073e+07
0.418 5.8392e+07 1.4055e+07
0.419 5.5125e+07 1.4038e+07
0.42 5.9495e+06 1.4021e+07
0.421 4.537e+07 1.4004e+07
0.422 6.6315e+07 1.3987e+07
0.423 3.4884e+07 1.397e+07
0.424 2.3866e+07 1.3954e+07
0.425 3.1343e+07 1.3937e+07
0.426 6.3307e+07 1.392e+07
0.427 4.9401e+07 1.3903e+07
0.428 7.5754e+07 1.3887e+07
0.429 5.2419e+07 1.387e+07
0.43 5.2944e+07 1.3854e+07
0.431 7.6735e+07 1.3838e+07
0.432 3.5464e+07 1.3821e+07
0.433 6.8955e+07 1.3805e+07
0.434 5.7471e+07 1.3789e+07
0.435 3.6984e+07 1.3773e+07
0.436 6.5613e+07 1.3757e+07
0.437 6.5814e+07 1.3741e+07
0.438 5.096e+07 1.3725e+07
0.439 4.6829e+07 1.3709e+07
0.44 3.9788e+07 1.3693e+07
0.441 4.9838e+07 1.3678e+07
0.442 4.5177e+07 1.3662e+07
0.443 2.5348e+07 1.3646e+07
0.444 5.0942e+07 1.3631e+07
0.445 2.9727e+07 1.3615e+07
0.446 7.7462e+07 1.36e+07
0.447 2.3689e+07 1.3585e+07
0.448 6.1444e+07 1.3569e+07
0.449 5.3274e+07 1.3554e+07
0.45 2.9465e+07 1.3539e+07
0.451 3.5017e+07 1.3524e+07
0.452 6.2513e+07 1.3509e+07
0.453 6.0404e+07 1.3493e+07
0.454 4.9775e+07 1.3478e+07
0.455 3.8011e+07 1.3464e+07
0.456 3.5354e+07 1.3449e+07
0.457 3.4484e+07 1.3434e+07
0.458 4.6817e+07 1.3419e+07
0.459 6.5807e+07 1.3404e+07
0.46 3.9316e+07 1.339e+07
0.461 4.2217e+07 1.3375e+07
0.462 3.442e+07 1.336e+07
0.463 7.381e+07 1.3346e+07
0.464 4.3508e+07 1.3331e+07
0.465 5.032e+07 1.3317e+07
0.466 3.88e+07 1.3303e+07
0.467 5.0239e+07 1.3288e+07
0.468 4.3128e+07 1.3274e+07
0.469 4.9982e+07 1.326e+07
0.47 3.0298e+07 1.3246e+07
0.471 5.9658e+07 1.3232e+07
0.472 3.5682e+07 1.3217e+07
0.473 4.6039e+07 1.3203e+07
0.474 4.2493e+07 1.3189e+07
0.475 2.3753e+07 1.3176e+07
0.476 1.7601e+07 1.3162e+07
0.477 5.6602e+07 1.3148e+07
0.478 4.6402e+07 1.3134e+07
0.479 4.2622e+07 1.312e+07
0.48 3.4164e+07 1.3107e+07
0.481 1.8564e+07 1.3093e+07
0.482 5.2779e+07 1.3079e+07
0.483 3.4523e+07 1.3066e+07
0.484 5.4362e+07 1.3052e+07
0.485 4.3668e+07 1.3039e+07
0.486 4.6185e+07 1.3025e+07
0.487 4.0545e+07 1.3012e+07
0.488 3.911e+07 1.2998e+07
0.489 3.7455e+07 1.2985e+07
0.49 5.9653e+07 1.2972e+07
0.491 4.0579e+07 1.2959e+07
0.492 6.6649e+07 1.2946e+07
0.493 3.2099e+07 1.2932e+07
0.494 6.0182e+07 1.2919e+07
0.495 4.4791e+07 1.2906e+07
0.496 5.6689e+07 1.2893e+07
0.497 4.9494e+07 1.288e+07
0.498 8.8746e+07 1.2867e+07
0.499 4.3831e+07 1.2855e+07
0.5 7.2485e+07 1.2842e+07
