0.001 1.0364e+10 5.5026e+08
0.002 1.2116e+10 3.8902e+08
0.003 1.0713e+10 3.1752e+08
0.004 1.1121e+10 2.7485e+08
0.005 1.0586e+10 2.4568e+08
0.006 1.1066e+10 2.2411e+08
0.007 1.0851e+10 2.073e+08
0.008 1.0768e+10 1.9372e+08
0.009 1.0975e+10 1.8243e+08
0.01 1.064e+10 1.7284e+08
0.011 1.0852e+10 1.6457e+08
0.012 1.099e+10 1.5731e+08
0.013 1.0735e+10 1.5089e+08
0.014 1.0872e+10 1.4513e+08
0.015 1.1114e+10 1.3994e+08
0.016 1.0842e+10 1.3521e+08
0.017 1.0519e+10 1.3088e+08
0.018 1.0776e+10 1.2689e+08
0.019 1.0702e+10 1.232e+08
0.02 1.0524e+10 1.1976e+08
0.021 1.0352e+10 1.1656e+08
0.022 1.0334e+10 1.1355e+08
0.023 1.0159e+10 1.1071e+08
0.024 1.0178e+10 1.0804e+08
0.025 1.0097e+10 1.0551e+08
0.026 1.0017e+10 1.0311e+08
0.027 9.6063e+09 1.0082e+08
0.028 9.9366e+09 9.8637e+07
0.029 9.6587e+09 9.6551e+07
0.03 9.6387e+09 9.4554e+07
0.031 9.5527e+09 9.2637e+07
0.032 9.36e+09 9.0795e+07
0.033 9.5011e+09 8.902e+07
0.034 9.2805e+09 8.731e+07
0.035 9.2316e+09 8.5659e+07
0.036 8.9475e+09 8.4062e+07
0.037 9.0297e+09 8.2516e+07
0.038 8.9396e+09 8.1018e+07
0.039 8.9638e+09 7.9565e+07
0.04 8.7918e+09 7.8154e+07
0.041 8.6664e+09 7.6782e+07
0.042 8.4975e+09 7.5447e+07
0.043 8.5082e+09 7.4148e+07
0.044 8.2522e+09 7.2881e+07
0.045 8.3082e+09 7.1646e+07
0.046 8.1204e+09 7.044e+07
0.047 7.915e+09 6.9263e+07
0.048 7.8378e+09 6.8113e+07
0.049 7.6512e+09 6.6988e+07
0.05 7.6097e+09 6.5889e+07
0.051 7.4753e+09 6.4812e+07
0.052 7.3659e+09 6.3758e+07
0.053 7.3869e+09 6.2725e+07
0.054 7.1152e+09 6.1713e+07
0.055 7.0481e+09 6.0721e+07
0.056 6.8525e+09 5.9748e+07
0.057 6.7435e+09 5.8793e+07
0.058 6.7867e+09 5.7856e+07
0.059 6.5583e+09 5.6937e+07
0.06 6.4867e+09 5.6034e+07
0.061 6.3317e+09 5.5147e+07
0.062 6.2065e+09 5.4276e+07
0.063 6.1341e+09 5.342e+07
0.064 6.0236e+09 5.2579e+07
0.065 5.8857e+09 5.1753e+07
0.066 5.6975e+09 5.094e+07
0.067 5.593e+09 5.0141e+07
0.068 5.5116e+09 4.9356e+07
0.069 5.3703e+09 4.8583e+07
0.07 5.3455e+09 4.7824e+07
0.071 5.1875e+09 4.7077e+07
0.072 5.0637e+09 4.6342e+07
0.073 4.927e+09 4.5619e+07
0.074 4.8842e+09 4.4908e+07
0.075 4.7157e+09 4.4208e+07
0.076 4.6111e+09 4.352e+07
0.077 4.606e+09 4.2844e+07
0.078 4.4996e+09 4.2178e+07
0.079 4.3104e+09 4.1523e+07
0.08 4.1407e+09 4.0879e+07
0.081 4.1462e+09 4.0245e+07
0.082 4.1173e+09 3.9622e+07
0.083 3.9502e+09 3.9008e+07
0.084 3.7976e+09 3.8406e+07
0.085 3.7655e+09 3.7813e+07
0.086 3.6429e+09 3.723e+07
0.087 3.6107e+09 3.6656e+07
0.088 3.4727e+09 3.6093e+07
0.089 3.3613e+09 3.5539e+07
0.09 3.281e+09 3.4994e+07
0.091 3.1629e+09 3.4459e+07
0.092 3.1504e+09 3.3933e+07
0.093 2.9906e+09 3.3416e+07
0.094 2.9151e+09 3.2908e+07
0.095 2.9583e+09 3.2409e+07
0.096 2.7643e+09 3.1919e+07
0.097 2.7281e+09 3.1438e+07
0.098 2.6112e+09 3.0966e+07
0.099 2.5447e+09 3.0502e+07
0.1 2.5206e+09 3.0047e+07
0.101 2.4198e+09 2.96e+07
0.102 2.3212e+09 2.9162e+07
0.103 2.2405e+09 2.8732e+07
0.104 2.1929e+09 2.831e+07
0.105 2.1328e+09 2.7897e+07
0.106 2.0428e+09 2.7491e+07
0.107 2.0371e+09 2.7094e+07
0.108 1.9768e+09 2.6704e+07
0.109 1.8738e+09 2.6323e+07
0.11 1.7895e+09 2.5949e+07
0.111 1.7695e+09 2.5583e+07
0.112 1.7182e+09 2.5224e+07
0.113 1.6245e+09 2.4873e+07
0.114 1.6166e+09 2.4529e+07
0.115 1.5483e+09 2.4193e+07
0.116 1.4989e+09 2.3864e+07
0.117 1.4512e+09 2.3543e+07
0.118 1.426e+09 2.3228e+07
0.119 1.3707e+09 2.2921e+07
0.12 1.2987e+09 2.262e+07
0.121 1.2505e+09 2.2326e+07
0.122 1.2062e+09 2.2039e+07
0.123 1.1771e+09 2.1759e+07
0.124 1.1442e+09 2.1485e+07
0.125 1.0974e+09 2.1218e+07
0.126 1.0428e+09 2.0957e+07
0.127 1.0242e+09 2.0703e+07
0.128 9.8586e+08 2.0455e+07
0.129 9.533e+08 2.0212e+07
0.13 9.2284e+08 1.9976e+07
0.131 8.8001e+08 1.9746e+07
0.132 8.2229e+08 1.9522e+07
0.133 8.2506e+08 1.9303e+07
0.134 7.9626e+08 1.909e+07
0.135 7.708e+08 1.8882e+07
0.136 7.1725e+08 1.868e+07
0.137 6.7463e+08 1.8483e+07
0.138 6.6209e+08 1.8291e+07
0.139 6.8186e+08 1.8104e+07
0.14 6.5148e+08 1.7923e+07
0.141 6.4025e+08 1.7746e+07
0.142 5.9508e+08 1.7574e+07
0.143 6.1091e+08 1.7406e+07
0.144 5.3544e+08 1.7243e+07
0.145 5.3161e+08 1.7085e+07
0.146 4.9906e+08 1.6931e+07
0.147 4.6812e+08 1.6781e+07
0.148 4.8321e+08 1.6635e+07
0.149 4.4693e+08 1.6494e+07
0.15 4.5116e+08 1.6356e+07
0.151 4.3608e+08 1.6222e+07
0.152 3.7404e+08 1.6092e+07
0.153 4.003e+08 1.5966e+07
0.154 3.8979e+08 1.5843e+07
0.155 3.6748e+08 1.5723e+07
0.156 3.6399e+08 1.5607e+07
0.157 3.3298e+08 1.5494e+07
0.158 3.6327e+08 1.5384e+07
0.159 3.1415e+08 1.5277e+07
0.16 3.0531e+08 1.5173e+07
0.161 2.7918e+08 1.5073e+07
0.162 2.7875e+08 1.4974e+07
0.163 2.8789e+08 1.4879e+07
0.164 2.8534e+08 1.4786e+07
0.165 2.5349e+08 1.4696e+07
0.166 2.3819e+08 1.4608e+07
0.167 2.2441e+08 1.4523e+07
0.168 2.5511e+08 1.444e+07
0.169 2.2923e+08 1.4359e+07
0.17 2.0307e+08 1.428e+07
0.171 2.178e+08 1.4203e+07
0.172 1.8505e+08 1.4129e+07
0.173 1.9275e+08 1.4056e+07
0.174 1.9455e+08 1.3985e+07
0.175 1.9709e+08 1.3916e+07
0.176 1.7495e+08 1.3849e+07
0.177 1.5299e+08 1.3783e+07
0.178 1.6553e+08 1.3719e+07
0.179 1.4117e+08 1.3657e+07
0.18 1.7935e+08 1.3596e+07
0.181 1.6965e+08 1.3536e+07
0.182 1.4189e+08 1.3478e+07
0.183 1.7706e+08 1.3422e+07
0.184 1.6979e+08 1.3366e+07
0.185 1.678e+08 1.3312e+07
0.186 1.5534e+08 1.3259e+07
0.187 1.4433e+08 1.3207e+07
0.188 1.488e+08 1.3157e+07
0.189 1.1739e+08 1.3107e+07
0.19 1.4032e+08 1.3059e+07
0.191 1.0782e+08 1.3011e+07
0.192 1.0395e+08 1.2965e+07
0.193 1.3148e+08 1.2919e+07
0.194 1.0403e+08 1.2875e+07
0.195 1.0654e+08 1.2831e+07
0.196 1.0186e+08 1.2788e+07
0.197 1.0235e+08 1.2746e+07
0.198 1.2021e+08 1.2704e+07
0.199 8.7164e+07 1.2664e+07
0.2 1.0209e+08 1.2624e+07
0.201 1.301e+08 1.2585e+07
0.202 1.0574e+08 1.2546e+07
0.203 9.682e+07 1.2508e+07
0.204 8.7349e+07 1.2471e+07
0.205 8.7617e+07 1.2434e+07
0.206 8.849e+07 1.2398e+07
0.207 1.1202e+08 1.2362e+07
0.208 1.2002e+08 1.2327e+07
0.209 9.7707e+07 1.2292e+07
0.21 9.0962e+07 1.2258e+07
0.211 8.2319e+07 1.2225e+07
0.212 8.2884e+07 1.2191e+07
0.213 9.1131e+07 1.2159e+07
0.214 9.1044e+07 1.2126e+07
0.215 7.2737e+07 1.2094e+07
0.216 5.3502e+07 1.2063e+07
0.217 8.804e+07 1.2031e+07
0.218 9.0943e+07 1.2e+07
0.219 9.042e+07 1.197e+07
0.22 8.0434e+07 1.194e+07
0.221 9.0827e+07 1.191e+07
0.222 7.5273e+07 1.188e+07
0.223 9.9667e+07 1.1851e+07
0.224 7.8784e+07 1.1822e+07
0.225 9.6024e+07 1.1793e+07
0.226 8.9159e+07 1.1764e+07
0.227 7.2184e+07 1.1736e+07
0.228 7.4857e+07 1.1708e+07
0.229 7.6207e+07 1.168e+07
0.23 7.1023e+07 1.1652e+07
0.231 9.76e+07 1.1625e+07
0.232 8.3254e+07 1.1598e+07
0.233 7.4342e+07 1.1571e+07
0.234 6.5238e+07 1.1544e+07
0.235 8.8617e+07 1.1517e+07
0.236 7.4916e+07 1.1491e+07
0.237 7.1817e+07 1.1465e+07
0.238 7.0649e+07 1.1438e+07
0.239 9.2216e+07 1.1412e+07
0.24 8.9037e+07 1.1387e+07
0.241 6.0616e+07 1.1361e+07
0.242 7.7095e+07 1.1335e+07
0.243 8.1016e+07 1.131e+07
0.244 9.6689e+07 1.1285e+07
0.245 7.9267e+07 1.126e+07
0.246 7.444e+07 1.1235e+07
0.247 7.7625e+07 1.121e+07
0.248 6.4883e+07 1.1185e+07
0.249 6.2579e+07 1.116e+07
0.25 7.0522e+07 1.1136e+07
0.251 6.9832e+07 1.1112e+07
0.252 6.434e+07 1.1087e+07
0.253 5.6369e+07 1.1063e+07
0.254 8.2162e+07 1.1039e+07
0.255 6.1593e+07 1.1015e+07
0.256 4.0432e+07 1.0991e+07
0.257 3.4443e+07 1.0968e+07
0.258 5.6108e+07 1.0944e+07
0.259 6.1265e+07 1.0921e+07
0.26 6.5343e+07 1.0897e+07
0.261 6.0843e+07 1.0874e+07
0.262 6.8645e+07 1.0851e+07
0.263 7.0414e+07 1.0828e+07
0.264 7.1236e+07 1.0805e+07
0.265 4.7892e+07 1.0782e+07
0.266 5.1861e+07 1.0759e+07
0.267 5.4175e+07 1.0737e+07
0.268 5.6349e+07 1.0714e+07
0.269 4.198e+07 1.0692e+07
0.27 7.9303e+07 1.067e+07
0.271 3.7289e+07 1.0648e+07
0.272 5.6087e+07 1.0625e+07
0.273 4.1462e+07 1.0604e+07
0.274 4.8065e+07 1.0582e+07
0.275 7.6069e+07 1.056e+07
0.276 3.8799e+07 1.0538e+07
0.277 5.1513e+07 1.0517e+07
0.278 4.3874e+07 1.0496e+07
0.279 5.5723e+07 1.0474e+07
0.28 5.3035e+07 1.0453e+07
0.281 5.4848e+07 1.0432e+07
0.282 4.954e+07 1.0412e+07
0.283 5.0145e+07 1.0391e+07
0.284 6.3887e+07 1.037e+07
0.285 4.0582e+07 1.035e+07
0.286 2.7633e+07 1.0329e+07
0.287 4.0383e+07 1.0309e+07
0.288 5.9378e+07 1.0289e+07
0.289 4.0529e+07 1.0269e+07
0.29 3.7805e+07 1.0249e+07
0.291 4.2556e+07 1.0229e+07
0.292 2.9561e+07 1.021e+07
0.293 6.0897e+07 1.019e+07
0.294 6.3549e+07 1.0171e+07
0.295 5.0558e+07 1.0152e+07
0.296 4.3446e+07 1.0133e+07
0.297 4.3993e+07 1.0114e+07
0.298 4.6788e+07 1.0095e+07
0.299 5.7341e+07 1.0076e+07
0.3 3.5763e+07 1.0058e+07
0.301 4.2606e+07 1.0039e+07
0.302 5.0542e+07 1.0021e+07
0.303 3.8911e+07 1.0003e+07
0.304 6.2764e+07 9.9846e+06
0.305 4.8224e+07 9.9667e+06
0.306 4.204e+07 9.9489e+06
0.307 4.5809e+07 9.9312e+06
0.308 4.8317e+07 9.9136e+06
0.309 2.5072e+07 9.8962e+06
0.31 3.3959e+07 9.8789e+06
0.311 4.5877e+07 9.8617e+06
0.312 4.2787e+07 9.8446e+06
0.313 4.4001e+07 9.8277e+06
0.314 3.2768e+07 9.8108e+06
0.315 2.2357e+07 9.7941e+06
0.316 2.9997e+07 9.7775e+06
0.317 4.2837e+07 9.761e+06
0.318 3.9885e+07 9.7447e+06
0.319 5.1055e+07 9.7284e+06
0.32 1.4499e+07 9.7123e+06
0.321 5.3844e+07 9.6962e+06
0.322 3.308e+07 9.6803e+06
0.323 4.0882e+07 9.6645e+06
0.324 4.4832e+07 9.6487e+06
0.325 3.9521e+07 9.6331e+06
0.326 4.272e+07 9.6176e+06
0.327 3.6871e+07 9.6022e+06
0.328 2.5808e+07 9.5869e+06
0.329 3.2541e+07 9.5717e+06
0.33 3.5102e+07 9.5565e+06
0.331 3.0979e+07 9.5415e+06
0.332 2.8097e+07 9.5266e+06
0.333 1.779e+07 9.5117e+06
0.334 6.2922e+07 9.497e+06
0.335 3.5085e+07 9.4823e+06
0.336 3.2779e+07 9.4677e+06
0.337 5.0461e+07 9.4532e+06
0.338 3.2888e+07 9.4388e+06
0.339 2.7546e+07 9.4245e+06
0.34 2.9269e+07 9.4102e+06
0.341 4.1906e+07 9.396e+06
0.342 5.2843e+07 9.3819e+06
0.343 5.0666e+07 9.3679e+06
0.344 4.8346e+07 9.3539e+06
0.345 4.756e+07 9.3401e+06
0.346 3.6127e+07 9.3263e+06
0.347 3.5895e+07 9.3125e+06
0.348 2.7874e+07 9.2988e+06
0.349 3.0512e+07 9.2852e+06
0.35 3.2567e+07 9.2717e+06
0.351 2.9008e+07 9.2582e+06
0.352 2.5935e+07 9.2448e+06
0.353 1.9647e+07 9.2314e+06
0.354 3.2266e+07 9.2181e+06
0.355 2.9087e+07 9.2049e+06
0.356 2.0628e+07 9.1917e+06
0.357 3.0461e+07 9.1786e+06
0.358 1.9604e+07 9.1655e+06
0.359 3.9908e+07 9.1525e+06
0.36 3.307e+07 9.1396e+06
0.361 2.6223e+07 9.1267e+06
0.362 3.5927e+07 9.1138e+06
0.363 2.9053e+07 9.101e+06
0.364 5.1694e+07 9.0883e+06
0.365 4.0914e+07 9.0756e+06
0.366 3.4126e+07 9.063e+06
0.367 4.0505e+07 9.0504e+06
0.368 3.3602e+07 9.0378e+06
0.369 3.1498e+07 9.0254e+06
0.37 3.1661e+07 9.0129e+06
0.371 4.0853e+07 9.0005e+06
0.372 1.7703e+07 8.9882e+06
0.373 3.0629e+07 8.9759e+06
0.374 2.7909e+07 8.9636e+06
0.375 3.8885e+07 8.9514e+06
0.376 3.4661e+07 8.9392e+06
0.377 1.3642e+07 8.9271e+06
0.378 2.3544e+07 8.915e+06
0.379 2.2375e+07 8.903e+06
0.38 2.5074e+07 8.891e+06
0.381 2.0226e+07 8.8791e+06
0.382 3.4337e+07 8.8672e+06
0.383 2.0482e+07 8.8554e+06
0.384 3.6319e+07 8.8436e+06
0.385 3.7463e+07 8.8318e+06
0.386 3.524e+07 8.8201e+06
0.387 2.2838e+07 8.8084e+06
0.388 3.576e+07 8.7968e+06
0.389 1.1018e+07 8.7852e+06
0.39 2.917e+07 8.7737e+06
0.391 4.471e+07 8.7622e+06
0.392 2.4721e+07 8.7508e+06
0.393 3.7786e+07 8.7394e+06
0.394 2.2941e+07 8.728e+06
0.395 3.6811e+07 8.7167e+06
0.396 3.1248e+07 8.7055e+06
0.397 3.5977e+07 8.6942e+06
0.398 3.1263e+07 8.6831e+06
0.399 2.0991e+07 8.6719e+06
0.4 2.9622e+07 8.6609e+06
0.401 3.375e+07 8.6498e+06
0.402 5.3468e+07 8.6388e+06
0.403 2.6541e+07 8.6279e+06
0.404 2.1712e+07 8.617e+06
0.405 4.5065e+07 8.6061e+06
0.406 2.6958e+07 8.5953e+06
0.407 4.2863e+07 8.5845e+06
0.408 2.9359e+07 8.5738e+06
0.409 2.4319e+07 8.5631e+06
0.41 2.6134e+07 8.5525e+06
0.411 1.9553e+07 8.5419e+06
0.412 2.4407e+07 8.5314e+06
0.413 3.7165e+07 8.5209e+06
0.414 2.4127e+07 8.5104e+06
0.415 2.4793e+07 8.5e+06
0.416 2.2164e+07 8.4896e+06
0.417 1.4787e+07 8.4793e+06
0.418 1.6541e+07 8.4691e+06
0.419 1.8958e+07 8.4588e+06
0.42 2.6635e+07 8.4486e+06
0.421 4.7981e+07 8.4385e+06
0.422 3.4504e+07 8.4284e+06
0.423 3.784e+07 8.4183e+06
0.424 3.2356e+07 8.4083e+06
0.425 2.0509e+07 8.3984e+06
0.426 4.1257e+07 8.3884e+06
0.427 3.7434e+07 8.3786e+06
0.428 3.5159e+07 8.3687e+06
0.429 1.1238e+07 8.3589e+06
0.43 1.9561e+07 8.3492e+06
0.431 2.4059e+07 8.3394e+06
0.432 4.7751e+07 8.3298e+06
0.433 2.4296e+07 8.3201e+06
0.434 2.8346e+07 8.3105e+06
0.435 1.5268e+07 8.301e+06
0.436 3.6097e+07 8.2915e+06
0.437 2.2017e+07 8.282e+06
0.438 2.1183e+07 8.2726e+06
0.439 1.4415e+07 8.2632e+06
0.44 3.1843e+07 8.2538e+06
0.441 2.7363e+07 8.2445e+06
0.442 3.5852e+07 8.2352e+06
0.443 2.3035e+07 8.226e+06
0.444 2.6241e+07 8.2168e+06
0.445 2.9166e+07 8.2076e+06
0.446 2.9548e+07 8.1985e+06
0.447 2.7381e+07 8.1894e+06
0.448 2.2205e+07 8.1804e+06
0.449 4.6644e+07 8.1714e+06
0.45 2.4167e+07 8.1624e+06
0.451 4.0455e+07 8.1534e+06
0.452 2.5555e+07 8.1445e+06
0.453 4.1212e+07 8.1356e+06
0.454 3.347e+07 8.1268e+06
0.455 2.7363e+07 8.118e+06
0.456 3.1961e+07 8.1092e+06
0.457 2.9097e+07 8.1005e+06
0.458 3.2779e+07 8.0918e+06
0.459 2.3566e+07 8.0831e+06
0.46 2.3721e+07 8.0745e+06
0.461 2.0989e+07 8.0659e+06
0.462 2.5703e+07 8.0573e+06
0.463 1.5853e+07 8.0487e+06
0.464 2.5016e+07 8.0402e+06
0.465 2.1977e+07 8.0317e+06
0.466 3.0518e+07 8.0233e+06
0.467 3.3158e+07 8.0149e+06
0.468 2.1555e+07 8.0065e+06
0.469 2.1485e+07 7.9981e+06
0.47 2.5208e+07 7.9898e+06
0.471 3.0621e+07 7.9815e+06
0.472 2.0584e+07 7.9732e+06
0.473 3.041e+07 7.965e+06
0.474 3.429e+07 7.9568e+06
0.475 3.4141e+07 7.9486e+06
0.476 2.9639e+07 7.9404e+06
0.477 2.763e+07 7.9323e+06
0.478 3.6604e+07 7.9242e+06
0.479 2.5156e+07 7.9161e+06
0.48 3.7343e+07 7.9081e+06
0.481 3.0489e+07 7.9001e+06
0.482 2.9758e+07 7.8921e+06
0.483 2.916e+07 7.8841e+06
0.484 3.6524e+07 7.8762e+06
0.485 3.0208e+07 7.8683e+06
0.486 4.0414e+07 7.8604e+06
0.487 2.6535e+07 7.8525e+06
0.488 4.4934e+07 7.8447e+06
0.489 3.1209e+07 7.8369e+06
0.49 2.3513e+07 7.8291e+06
0.491 2.5558e+07 7.8214e+06
0.492 2.2944e+07 7.8136e+06
0.493 1.9347e+07 7.8059e+06
0.494 3.6172e+07 7.7982e+06
0.495 2.618e+07 7.7906e+06
0.496 2.0338e+07 7.783e+06
0.497 4.3885e+07 7.7754e+06
0.498 1.1776e+07 7.7678e+06
0.499 3.3722e+07 7.7602e+06
0.5 2.117e+07 7.7527e+06
