0.001 2.8764e+09 1.6034e+08
0.002 2.9901e+09 1.1336e+08
0.003 3.0631e+09 9.2539e+07
0.004 2.8792e+09 8.0117e+07
0.005 2.9975e+09 7.1632e+07
0.006 2.8519e+09 6.536e+07
0.007 2.9412e+09 6.0478e+07
0.008 2.9019e+09 5.6536e+07
0.009 3.0065e+09 5.3265e+07
0.01 2.8644e+09 5.0491e+07
0.011 2.916e+09 4.8098e+07
0.012 2.8807e+09 4.6006e+07
0.013 2.9082e+09 4.4154e+07
0.014 2.8227e+09 4.25e+07
0.015 2.9006e+09 4.1008e+07
0.016 2.9649e+09 3.9654e+07
0.017 2.8184e+09 3.8417e+07
0.018 2.8843e+09 3.728e+07
0.019 2.8136e+09 3.6229e+07
0.02 2.7568e+09 3.5254e+07
0.021 2.8804e+09 3.4345e+07
0.022 2.721e+09 3.3495e+07
0.023 2.7547e+09 3.2697e+07
0.024 2.7994e+09 3.1946e+07
0.025 2.7906e+09 3.1237e+07
0.026 2.7071e+09 3.0565e+07
0.027 2.7166e+09 2.9928e+07
0.028 2.7704e+09 2.9321e+07
0.029 2.7351e+09 2.8743e+07
0.03 2.6166e+09 2.8191e+07
0.031 2.6695e+09 2.7663e+07
0.032 2.5928e+09 2.7157e+07
0.033 2.5986e+09 2.6671e+07
0.034 2.6207e+09 2.6203e+07
0.035 2.6276e+09 2.5753e+07
0.036 2.5883e+09 2.532e+07
0.037 2.516e+09 2.4901e+07
0.038 2.4934e+09 2.4496e+07
0.039 2.4583e+09 2.4105e+07
0.04 2.4338e+09 2.3725e+07
0.041 2.382e+09 2.3358e+07
0.042 2.4346e+09 2.3001e+07
0.043 2.4041e+09 2.2655e+07
0.044 2.3768e+09 2.2318e+07
0.045 2.3011e+09 2.199e+07
0.046 2.3582e+09 2.1671e+07
0.047 2.3325e+09 2.136e+07
0.048 2.2277e+09 2.1057e+07
0.049 2.2207e+09 2.0762e+07
0.05 2.2342e+09 2.0474e+07
0.051 2.2164e+09 2.0192e+07
0.052 2.1729e+09 1.9917e+07
0.053 2.133e+09 1.9647e+07
0.054 2.1435e+09 1.9384e+07
0.055 2.0796e+09 1.9127e+07
0.056 2.0648e+09 1.8875e+07
0.057 2.0673e+09 1.8628e+07
0.058 2.0392e+09 1.8386e+07
0.059 1.985e+09 1.8149e+07
0.06 1.9483e+09 1.7916e+07
0.061 1.9645e+09 1.7688e+07
0.062 1.9124e+09 1.7465e+07
0.063 1.9012e+09 1.7245e+07
0.064 1.8736e+09 1.703e+07
0.065 1.8217e+09 1.6818e+07
0.066 1.8096e+09 1.6611e+07
0.067 1.7694e+09 1.6407e+07
0.068 1.7315e+09 1.6207e+07
0.069 1.7131e+09 1.601e+07
0.07 1.717e+09 1.5816e+07
0.071 1.6681e+09 1.5626e+07
0.072 1.6314e+09 1.5439e+07
0.073 1.5918e+09 1.5255e+07
0.074 1.6075e+09 1.5075e+07
0.075 1.5518e+09 1.4897e+07
0.076 1.5213e+09 1.4722e+07
0.077 1.515e+09 1.455e+07
0.078 1.458e+09 1.4381e+07
0.079 1.4434e+09 1.4214e+07
0.08 1.4345e+09 1.4051e+07
0.081 1.3926e+09 1.389e+07
0.082 1.4206e+09 1.3731e+07
0.083 1.3656e+09 1.3575e+07
0.084 1.3355e+09 1.3422e+07
0.085 1.2935e+09 1.3271e+07
0.086 1.2967e+09 1.3122e+07
0.087 1.2842e+09 1.2976e+07
0.088 1.24e+09 1.2832e+07
0.089 1.2263e+09 1.2691e+07
0.09 1.1993e+09 1.2552e+07
0.091 1.1694e+09 1.2415e+07
0.092 1.1639e+09 1.228e+07
0.093 1.1114e+09 1.2147e+07
0.094 1.0852e+09 1.2017e+07
0.095 1.0648e+09 1.1888e+07
0.096 1.0613e+09 1.1762e+07
0.097 1.0551e+09 1.1638e+07
0.098 1.0079e+09 1.1515e+07
0.099 9.8511e+08 1.1395e+07
0.1 9.7342e+08 1.1277e+07
0.101 9.4967e+08 1.1161e+07
0.102 9.2255e+08 1.1046e+07
0.103 9.1305e+08 1.0934e+07
0.104 8.7369e+08 1.0823e+07
0.105 8.7283e+08 1.0715e+07
0.106 8.3714e+08 1.0608e+07
0.107 8.3247e+08 1.0503e+07
0.108 8.1731e+08 1.04e+07
0.109 8.0444e+08 1.0298e+07
0.11 7.6374e+08 1.0198e+07
0.111 7.5026e+08 1.01e+07
0.112 7.3847e+08 1.0004e+07
0.113 7.1682e+08 9.9095e+06
0.114 6.9892e+08 9.8166e+06
0.115 6.7744e+08 9.7253e+06
0.116 6.7592e+08 9.6357e+06
0.117 6.6039e+08 9.5476e+06
0.118 6.3332e+08 9.4612e+06
0.119 6.1052e+08 9.3763e+06
0.12 6.1612e+08 9.2929e+06
0.121 5.877e+08 9.2111e+06
0.122 5.9792e+08 9.1308e+06
0.123 5.705e+08 9.052e+06
0.124 5.5153e+08 8.9746e+06
0.125 5.1874e+08 8.8987e+06
0.126 5.3698e+08 8.8242e+06
0.127 5.0194e+08 8.7511e+06
0.128 5.0702e+08 8.6794e+06
0.129 5.0092e+08 8.6091e+06
0.13 4.931e+08 8.5401e+06
0.131 4.6403e+08 8.4724e+06
0.132 4.6443e+08 8.406e+06
0.133 4.4024e+08 8.3409e+06
0.134 4.2721e+08 8.277e+06
0.135 4.052e+08 8.2144e+06
0.136 3.9182e+08 8.1529e+06
0.137 4.057e+08 8.0927e+06
0.138 4.0008e+08 8.0337e+06
0.139 3.8707e+08 7.9758e+06
0.14 3.6334e+08 7.919e+06
0.141 3.6099e+08 7.8634e+06
0.142 3.3989e+08 7.8088e+06
0.143 3.3529e+08 7.7553e+06
0.144 3.2483e+08 7.7028e+06
0.145 3.2408e+08 7.6514e+06
0.146 3.0886e+08 7.601e+06
0.147 3.0398e+08 7.5516e+06
0.148 3.1107e+08 7.5031e+06
0.149 3.0433e+08 7.4556e+06
0.15 2.8658e+08 7.409e+06
0.151 2.7911e+08 7.3633e+06
0.152 2.7727e+08 7.3185e+06
0.153 2.6221e+08 7.2746e+06
0.154 2.6371e+08 7.2315e+06
0.155 2.5991e+08 7.1892e+06
0.156 2.5003e+08 7.1477e+06
0.157 2.449e+08 7.1071e+06
0.158 2.2912e+08 7.0672e+06
0.159 2.2197e+08 7.028e+06
0.16 2.3452e+08 6.9896e+06
0.161 2.0488e+08 6.9519e+06
0.162 2.1081e+08 6.915e+06
0.163 2.0509e+08 6.8787e+06
0.164 1.9921e+08 6.843e+06
0.165 1.9357e+08 6.808e+06
0.166 1.9137e+08 6.7737e+06
0.167 1.8883e+08 6.7399e+06
0.168 1.8747e+08 6.7068e+06
0.169 1.8168e+08 6.6742e+06
0.17 1.6513e+08 6.6422e+06
0.171 1.6547e+08 6.6108e+06
0.172 1.5838e+08 6.5799e+06
0.173 1.5645e+08 6.5495e+06
0.174 1.6269e+08 6.5196e+06
0.175 1.5377e+08 6.4903e+06
0.176 1.6224e+08 6.4614e+06
0.177 1.4029e+08 6.433e+06
0.178 1.4551e+08 6.405e+06
0.179 1.4691e+08 6.3775e+06
0.18 1.3499e+08 6.3504e+06
0.181 1.3522e+08 6.3238e+06
0.182 1.2927e+08 6.2976e+06
0.183 1.1774e+08 6.2717e+06
0.184 1.3237e+08 6.2463e+06
0.185 1.1491e+08 6.2212e+06
0.186 1.0884e+08 6.1965e+06
0.187 1.1182e+08 6.1722e+06
0.188 1.1106e+08 6.1482e+06
0.189 1.1058e+08 6.1246e+06
0.19 1.1481e+08 6.1012e+06
0.191 1.0073e+08 6.0783e+06
0.192 1.0762e+08 6.0556e+06
0.193 9.9468e+07 6.0332e+06
0.194 1.0074e+08 6.0112e+06
0.195 9.9308e+07 5.9894e+06
0.196 8.827e+07 5.9679e+06
0.197 9.3852e+07 5.9467e+06
0.198 8.8761e+07 5.9258e+06
0.199 9.0406e+07 5.9051e+06
0.2 7.8778e+07 5.8847e+06
0.201 8.5494e+07 5.8645e+06
0.202 6.814e+07 5.8446e+06
0.203 8.8126e+07 5.825e+06
0.204 8.287e+07 5.8055e+06
0.205 8.0393e+07 5.7863e+06
0.206 7.8376e+07 5.7674e+06
0.207 7.9851e+07 5.7486e+06
0.208 6.516e+07 5.7301e+06
0.209 6.6736e+07 5.7118e+06
0.21 6.0936e+07 5.6937e+06
0.211 5.6712e+07 5.6758e+06
0.212 5.6788e+07 5.6581e+06
0.213 5.9975e+07 5.6406e+06
0.214 5.333e+07 5.6234e+06
0.215 5.1063e+07 5.6063e+06
0.216 5.1258e+07 5.5893e+06
0.217 5.4565e+07 5.5726e+06
0.218 5.1525e+07 5.5561e+06
0.219 5.5603e+07 5.5397e+06
0.22 5.0768e+07 5.5236e+06
0.221 4.3598e+07 5.5076e+06
0.222 5.2292e+07 5.4917e+06
0.223 5.5836e+07 5.4761e+06
0.224 3.8368e+07 5.4606e+06
0.225 4.8109e+07 5.4453e+06
0.226 4.9293e+07 5.4301e+06
0.227 4.7006e+07 5.4151e+06
0.228 4.586e+07 5.4003e+06
0.229 4.8008e+07 5.3856e+06
0.23 4.3507e+07 5.3711e+06
0.231 4.7415e+07 5.3568e+06
0.232 3.4006e+07 5.3425e+06
0.233 4.2438e+07 5.3285e+06
0.234 3.886e+07 5.3146e+06
0.235 3.6275e+07 5.3008e+06
0.236 3.3587e+07 5.2872e+06
0.237 2.9862e+07 5.2737e+06
0.238 3.2226e+07 5.2604e+06
0.239 3.1671e+07 5.2472e+06
0.24 2.8088e+07 5.2342e+06
0.241 3.4892e+07 5.2213e+06
0.242 4.2981e+07 5.2085e+06
0.243 3.8889e+07 5.1959e+06
0.244 3.0926e+07 5.1834e+06
0.245 2.9663e+07 5.171e+06
0.246 3.1369e+07 5.1588e+06
0.247 3.1869e+07 5.1467e+06
0.248 2.7645e+07 5.1347e+06
0.249 3.391e+07 5.1229e+06
0.25 2.932e+07 5.1112e+06
0.251 2.2527e+07 5.0996e+06
0.252 2.1898e+07 5.0881e+06
0.253 1.7487e+07 5.0767e+06
0.254 2.2052e+07 5.0655e+06
0.255 1.6635e+07 5.0544e+06
0.256 3.0434e+07 5.0434e+06
0.257 3.9624e+07 5.0325e+06
0.258 2.3256e+07 5.0217e+06
0.259 2.7697e+07 5.011e+06
0.26 3.1665e+07 5.0005e+06
0.261 1.9942e+07 4.99e+06
0.262 2.1065e+07 4.9797e+06
0.263 1.8339e+07 4.9694e+06
0.264 2.5129e+07 4.9593e+06
0.265 2.3621e+07 4.9493e+06
0.266 2.0359e+07 4.9393e+06
0.267 2.4231e+07 4.9295e+06
0.268 2.384e+07 4.9198e+06
0.269 1.0095e+07 4.9102e+06
0.27 1.2804e+07 4.9006e+06
0.271 1.4902e+07 4.8912e+06
0.272 1.2124e+07 4.8818e+06
0.273 1.9216e+07 4.8725e+06
0.274 1.5103e+07 4.8634e+06
0.275 2.1721e+07 4.8543e+06
0.276 1.5464e+07 4.8453e+06
0.277 2.3813e+07 4.8363e+06
0.278 1.987e+07 4.8275e+06
0.279 1.2718e+07 4.8187e+06
0.28 1.5082e+07 4.81e+06
0.281 1.6745e+07 4.8014e+06
0.282 1.987e+07 4.7929e+06
0.283 2.1304e+07 4.7844e+06
0.284 1.4469e+07 4.7761e+06
0.285 6.485e+06 4.7677e+06
0.286 1.9361e+07 4.7595e+06
0.287 1.9286e+07 4.7513e+06
0.288 1.7355e+07 4.7432e+06
0.289 1.7456e+07 4.7352e+06
0.29 9.9461e+06 4.7272e+06
0.291 1.9382e+07 4.7193e+06
0.292 1.575e+07 4.7114e+06
0.293 2.127e+07 4.7036e+06
0.294 2.0505e+07 4.6959e+06
0.295 2.1967e+07 4.6882e+06
0.296 2.21e+07 4.6806e+06
0.297 1.434e+07 4.673e+06
0.298 1.5968e+07 4.6655e+06
0.299 1.527e+07 4.658e+06
0.3 2.0602e+07 4.6506e+06
0.301 1.3557e+07 4.6432e+06
0.302 2.1243e+07 4.6359e+06
0.303 1.546e+07 4.6286e+06
0.304 1.7437e+07 4.6214e+06
0.305 5.7396e+06 4.6142e+06
0.306 1.6196e+07 4.6071e+06
0.307 1.9714e+07 4.6e+06
0.308 1.4885e+07 4.593e+06
0.309 1.967e+07 4.586e+06
0.31 1.7379e+07 4.579e+06
0.311 1.9863e+07 4.572e+06
0.312 2.5979e+07 4.5652e+06
0.313 2.4515e+07 4.5583e+06
0.314 2.0504e+07 4.5515e+06
0.315 1.4485e+07 4.5447e+06
0.316 1.7098e+07 4.5379e+06
0.317 1.7551e+07 4.5312e+06
0.318 2.3905e+07 4.5246e+06
0.319 2.444e+07 4.5179e+06
0.32 2.9939e+07 4.5113e+06
0.321 1.9534e+07 4.5047e+06
0.322 2.3019e+07 4.4981e+06
0.323 1.945e+07 4.4916e+06
0.324 2.2716e+07 4.4851e+06
0.325 3.7502e+07 4.4786e+06
0.326 2.1128e+07 4.4722e+06
0.327 1.5911e+07 4.4658e+06
0.328 1.9037e+07 4.4594e+06
0.329 3.2759e+07 4.453e+06
0.33 2.6612e+07 4.4467e+06
0.331 2.4604e+07 4.4404e+06
0.332 2.7276e+07 4.4341e+06
0.333 2.3752e+07 4.4278e+06
0.334 2.4762e+07 4.4216e+06
0.335 2.3508e+07 4.4154e+06
0.336 2.2082e+07 4.4092e+06
0.337 3.2142e+07 4.403e+06
0.338 1.4624e+07 4.3969e+06
0.339 2.3393e+07 4.3908e+06
0.34 2.6288e+07 4.3846e+06
0.341 1.9276e+07 4.3786e+06
0.342 2.9641e+07 4.3725e+06
0.343 2.6903e+07 4.3665e+06
0.344 2.61e+07 4.3604e+06
0.345 2.2785e+07 4.3544e+06
0.346 1.7172e+07 4.3485e+06
0.347 2.4141e+07 4.3425e+06
0.348 3.3769e+07 4.3366e+06
0.349 2.1881e+07 4.3306e+06
0.35 3.0356e+07 4.3247e+06
0.351 3.1213e+07 4.3189e+06
0.352 3.2792e+07 4.313e+06
0.353 3.4937e+07 4.3072e+06
0.354 2.7562e+07 4.3013e+06
0.355 3.2938e+07 4.2955e+06
0.356 2.7267e+07 4.2897e+06
0.357 3.0183e+07 4.284e+06
0.358 3.2224e+07 4.2782e+06
0.359 3.3007e+07 4.2725e+06
0.36 2.801e+07 4.2667e+06
0.361 3.421e+07 4.261e+06
0.362 2.9238e+07 4.2554e+06
0.363 3.4967e+07 4.2497e+06
0.364 3.1854e+07 4.244e+06
0.365 2.0427e+07 4.2384e+06
0.366 3.1473e+07 4.2328e+06
0.367 3.2224e+07 4.2272e+06
0.368 2.8568e+07 4.2216e+06
0.369 3.6162e+07 4.216e+06
0.37 2.8401e+07 4.2105e+06
0.371 3.5563e+07 4.2049e+06
0.372 2.8567e+07 4.1994e+06
0.373 3.063e+07 4.1939e+06
0.374 3.3047e+07 4.1884e+06
0.375 3.2259e+07 4.1829e+06
0.376 2.7737e+07 4.1775e+06
0.377 3.6752e+07 4.172e+06
0.378 3.155e+07 4.1666e+06
0.379 3.214e+07 4.1612e+06
0.38 3.2782e+07 4.1558e+06
0.381 3.7196e+07 4.1504e+06
0.382 2.8396e+07 4.1451e+06
0.383 2.9817e+07 4.1397e+06
0.384 2.7688e+07 4.1344e+06
0.385 2.5863e+07 4.129e+06
0.386 3.1095e+07 4.1237e+06
0.387 2.6213e+07 4.1184e+06
0.388 2.9647e+07 4.1132e+06
0.389 3.2969e+07 4.1079e+06
0.39 3.542e+07 4.1026e+06
0.391 3.4654e+07 4.0974e+06
0.392 2.929e+07 4.0922e+06
0.393 3.5682e+07 4.087e+06
0.394 2.1288e+07 4.0818e+06
0.395 3.5491e+07 4.0766e+06
0.396 3.2997e+07 4.0714e+06
0.397 3.2094e+07 4.0663e+06
0.398 2.4411e+07 4.0611e+06
0.399 2.3623e+07 4.056e+06
0.4 3.4204e+07 4.0509e+06
0.401 2.6143e+07 4.0458e+06
0.402 3.6689e+07 4.0407e+06
0.403 2.7764e+07 4.0356e+06
0.404 2.9313e+07 4.0306e+06
0.405 3.4389e+07 4.0255e+06
0.406 3.7654e+07 4.0205e+06
0.407 3.0128e+07 4.0155e+06
0.408 3.7607e+07 4.0105e+06
0.409 2.7613e+07 4.0055e+06
0.41 2.5851e+07 4.0005e+06
0.411 3.6607e+07 3.9955e+06
0.412 3.1278e+07 3.9906e+06
0.413 2.519e+07 3.9856e+06
0.414 2.6829e+07 3.9807e+06
0.415 2.5193e+07 3.9758e+06
0.416 3.2695e+07 3.9708e+06
0.417 2.4448e+07 3.9659e+06
0.418 3.6321e+07 3.9611e+06
0.419 3.2828e+07 3.9562e+06
0.42 2.7673e+07 3.9513e+06
0.421 2.6095e+07 3.9465e+06
0.422 2.7025e+07 3.9417e+06
0.423 2.5174e+07 3.9368e+06
0.424 3.2155e+07 3.932e+06
0.425 2.7936e+07 3.9272e+06
0.426 3.1067e+07 3.9224e+06
0.427 3.2995e+07 3.9177e+06
0.428 3.1597e+07 3.9129e+06
0.429 2.9591e+07 3.9082e+06
0.43 3.0337e+07 3.9034e+06
0.431 3.2095e+07 3.8987e+06
0.432 2.5228e+07 3.894e+06
0.433 2.7348e+07 3.8893e+06
0.434 2.5959e+07 3.8846e+06
0.435 3.2259e+07 3.8799e+06
0.436 2.5453e+07 3.8753e+06
0.437 2.3525e+07 3.8706e+06
0.438 3.3325e+07 3.866e+06
0.439 2.9126e+07 3.8614e+06
0.44 3.1711e+07 3.8567e+06
0.441 2.4821e+07 3.8521e+06
0.442 2.4416e+07 3.8476e+06
0.443 2.5386e+07 3.843e+06
0.444 2.7561e+07 3.8384e+06
0.445 2.6264e+07 3.8339e+06
0.446 2.2308e+07 3.8293e+06
0.447 2.4563e+07 3.8248e+06
0.448 2.5349e+07 3.8203e+06
0.449 2.3342e+07 3.8158e+06
0.45 2.7225e+07 3.8113e+06
0.451 2.5701e+07 3.8069e+06
0.452 2.4108e+07 3.8024e+06
0.453 2.3491e+07 3.798e+06
0.454 2.6699e+07 3.7935e+06
0.455 2.7339e+07 3.7891e+06
0.456 2.7518e+07 3.7847e+06
0.457 2.8812e+07 3.7803e+06
0.458 2.3056e+07 3.7759e+06
0.459 2.1127e+07 3.7716e+06
0.46 2.827e+07 3.7672e+06
0.461 2.9296e+07 3.7629e+06
0.462 2.3561e+07 3.7586e+06
0.463 2.5869e+07 3.7543e+06
0.464 2.292e+07 3.75e+06
0.465 1.954e+07 3.7457e+06
0.466 1.9109e+07 3.7414e+06
0.467 2.7173e+07 3.7372e+06
0.468 2.1304e+07 3.7329e+06
0.469 2.3625e+07 3.7287e+06
0.47 2.6145e+07 3.7245e+06
0.471 1.8552e+07 3.7203e+06
0.472 2.1932e+07 3.7161e+06
0.473 2.5628e+07 3.712e+06
0.474 2.2083e+07 3.7078e+06
0.475 1.8273e+07 3.7037e+06
0.476 2.8331e+07 3.6996e+06
0.477 2.4814e+07 3.6955e+06
0.478 2.093e+07 3.6914e+06
0.479 2.3441e+07 3.6873e+06
0.48 1.8527e+07 3.6832e+06
0.481 2.1365e+07 3.6792e+06
0.482 2.6947e+07 3.6752e+06
0.483 2.306e+07 3.6711e+06
0.484 2.6756e+07 3.6671e+06
0.485 2.645e+07 3.6631e+06
0.486 1.923e+07 3.6592e+06
0.487 2.8354e+07 3.6552e+06
0.488 1.7679e+07 3.6513e+06
0.489 2.3394e+07 3.6473e+06
0.49 2.1183e+07 3.6434e+06
0.491 1.7768e+07 3.6395e+06
0.492 2.0359e+07 3.6356e+06
0.493 2.0936e+07 3.6318e+06
0.494 2.5754e+07 3.6279e+06
0.495 1.9697e+07 3.6241e+06
0.496 1.7279e+07 3.6202e+06
0.497 2.2632e+07 3.6164e+06
0.498 2.6814e+07 3.6126e+06
0.499 1.9746e+07 3.6088e+06
0.5 2.1204e+07 3.6051e+06
