0.001 3.5121e+09 2.0429e+08
0.002 3.8559e+09 1.4444e+08
0.003 3.8488e+09 1.1791e+08
0.004 3.9456e+09 1.0208e+08
0.005 3.5887e+09 9.1269e+07
0.006 3.7322e+09 8.3279e+07
0.007 3.7018e+09 7.7059e+07
0.008 3.7667e+09 7.2037e+07
0.009 3.7225e+09 6.7868e+07
0.01 3.8055e+09 6.4334e+07
0.011 3.6965e+09 6.1286e+07
0.012 3.7084e+09 5.8621e+07
0.013 3.6491e+09 5.6262e+07
0.014 3.7229e+09 5.4154e+07
0.015 3.6231e+09 5.2255e+07
0.016 3.6509e+09 5.053e+07
0.017 3.6158e+09 4.8954e+07
0.018 3.5955e+09 4.7505e+07
0.019 3.5755e+09 4.6167e+07
0.02 3.6675e+09 4.4925e+07
0.021 3.6044e+09 4.3768e+07
0.022 3.5124e+09 4.2685e+07
0.023 3.4967e+09 4.1669e+07
0.024 3.552e+09 4.0713e+07
0.025 3.4605e+09 3.981e+07
0.026 3.4545e+09 3.8955e+07
0.027 3.4414e+09 3.8143e+07
0.028 3.3876e+09 3.7371e+07
0.029 3.3998e+09 3.6636e+07
0.03 3.3545e+09 3.5933e+07
0.031 3.3362e+09 3.5261e+07
0.032 3.3083e+09 3.4617e+07
0.033 3.2842e+09 3.3998e+07
0.034 3.3044e+09 3.3403e+07
0.035 3.2417e+09 3.2831e+07
0.036 3.1875e+09 3.2279e+07
0.037 3.1983e+09 3.1746e+07
0.038 3.1545e+09 3.1232e+07
0.039 3.1425e+09 3.0734e+07
0.04 3.0898e+09 3.0252e+07
0.041 3.0467e+09 2.9784e+07
0.042 3.0451e+09 2.9331e+07
0.043 3.0393e+09 2.889e+07
0.044 3.0526e+09 2.8462e+07
0.045 2.9004e+09 2.8046e+07
0.046 2.9413e+09 2.764e+07
0.047 2.93e+09 2.7246e+07
0.048 2.891e+09 2.6861e+07
0.049 2.8118e+09 2.6485e+07
0.05 2.8115e+09 2.6119e+07
0.051 2.7815e+09 2.5761e+07
0.052 2.7092e+09 2.5412e+07
0.053 2.6862e+09 2.507e+07
0.054 2.6557e+09 2.4736e+07
0.055 2.6282e+09 2.441e+07
0.056 2.616e+09 2.409e+07
0.057 2.568e+09 2.3777e+07
0.058 2.5099e+09 2.347e+07
0.059 2.5528e+09 2.3169e+07
0.06 2.474e+09 2.2874e+07
0.061 2.4568e+09 2.2586e+07
0.062 2.4254e+09 2.2302e+07
0.063 2.3654e+09 2.2024e+07
0.064 2.3828e+09 2.1751e+07
0.065 2.3108e+09 2.1483e+07
0.066 2.2388e+09 2.1221e+07
0.067 2.2601e+09 2.0962e+07
0.068 2.2082e+09 2.0709e+07
0.069 2.1326e+09 2.046e+07
0.07 2.1352e+09 2.0215e+07
0.071 2.1322e+09 1.9974e+07
0.072 2.0786e+09 1.9738e+07
0.073 2.0315e+09 1.9505e+07
0.074 2.0101e+09 1.9277e+07
0.075 1.9749e+09 1.9052e+07
0.076 1.9383e+09 1.8831e+07
0.077 1.8981e+09 1.8614e+07
0.078 1.875e+09 1.8401e+07
0.079 1.864e+09 1.8191e+07
0.08 1.8059e+09 1.7984e+07
0.081 1.7497e+09 1.7781e+07
0.082 1.7374e+09 1.7581e+07
0.083 1.7163e+09 1.7384e+07
0.084 1.6968e+09 1.7191e+07
0.085 1.6656e+09 1.7001e+07
0.086 1.6254e+09 1.6813e+07
0.087 1.5977e+09 1.6629e+07
0.088 1.5694e+09 1.6448e+07
0.089 1.5167e+09 1.627e+07
0.09 1.4676e+09 1.6095e+07
0.091 1.5042e+09 1.5922e+07
0.092 1.4388e+09 1.5752e+07
0.093 1.4117e+09 1.5586e+07
0.094 1.3885e+09 1.5421e+07
0.095 1.3341e+09 1.526e+07
0.096 1.3223e+09 1.5101e+07
0.097 1.3142e+09 1.4945e+07
0.098 1.2512e+09 1.4792e+07
0.099 1.2344e+09 1.4641e+07
0.1 1.2154e+09 1.4492e+07
0.101 1.1784e+09 1.4346e+07
0.102 1.1589e+09 1.4203e+07
0.103 1.1214e+09 1.4062e+07
0.104 1.0944e+09 1.3923e+07
0.105 1.0973e+09 1.3787e+07
0.106 1.0426e+09 1.3653e+07
0.107 1.0553e+09 1.3521e+07
0.108 1.0508e+09 1.3392e+07
0.109 9.9543e+08 1.3265e+07
0.11 9.9037e+08 1.314e+07
0.111 9.5526e+08 1.3017e+07
0.112 9.4355e+08 1.2896e+07
0.113 9.1131e+08 1.2778e+07
0.114 9.0977e+08 1.2662e+07
0.115 8.6823e+08 1.2548e+07
0.116 8.567e+08 1.2435e+07
0.117 8.3278e+08 1.2325e+07
0.118 8.1222e+08 1.2217e+07
0.119 7.7837e+08 1.2111e+07
0.12 7.7351e+08 1.2007e+07
0.121 7.4393e+08 1.1904e+07
0.122 7.3768e+08 1.1804e+07
0.123 7.0672e+08 1.1705e+07
0.124 7.0883e+08 1.1609e+07
0.125 6.7906e+08 1.1514e+07
0.126 6.795e+08 1.142e+07
0.127 6.4693e+08 1.1329e+07
0.128 6.2616e+08 1.1239e+07
0.129 6.2644e+08 1.1151e+07
0.13 6.1897e+08 1.1065e+07
0.131 5.7473e+08 1.098e+07
0.132 5.8693e+08 1.0897e+07
0.133 5.6152e+08 1.0816e+07
0.134 5.5014e+08 1.0736e+07
0.135 5.4254e+08 1.0658e+07
0.136 5.256e+08 1.0581e+07
0.137 5.212e+08 1.0505e+07
0.138 5.1002e+08 1.0431e+07
0.139 5.0064e+08 1.0359e+07
0.14 4.6682e+08 1.0288e+07
0.141 4.612e+08 1.0218e+07
0.142 4.5025e+08 1.015e+07
0.143 4.339e+08 1.0083e+07
0.144 4.2894e+08 1.0017e+07
0.145 4.318e+08 9.9521e+06
0.146 4.1573e+08 9.8888e+06
0.147 3.9542e+08 9.8267e+06
0.148 3.8886e+08 9.7658e+06
0.149 3.9669e+08 9.706e+06
0.15 3.7541e+08 9.6474e+06
0.151 3.4989e+08 9.5899e+06
0.152 3.5256e+08 9.5334e+06
0.153 3.4591e+08 9.478e+06
0.154 3.2406e+08 9.4237e+06
0.155 3.3971e+08 9.3703e+06
0.156 3.1108e+08 9.318e+06
0.157 3.2221e+08 9.2666e+06
0.158 3.0457e+08 9.2161e+06
0.159 2.9262e+08 9.1666e+06
0.16 2.8859e+08 9.1179e+06
0.161 2.6728e+08 9.0702e+06
0.162 2.6983e+08 9.0232e+06
0.163 2.7313e+08 8.9771e+06
0.164 2.7851e+08 8.9318e+06
0.165 2.7079e+08 8.8873e+06
0.166 2.5379e+08 8.8436e+06
0.167 2.5048e+08 8.8006e+06
0.168 2.3991e+08 8.7583e+06
0.169 2.3557e+08 8.7168e+06
0.17 2.2678e+08 8.6759e+06
0.171 2.3223e+08 8.6357e+06
0.172 2.1514e+08 8.5962e+06
0.173 2.148e+08 8.5573e+06
0.174 2.0244e+08 8.519e+06
0.175 2.0502e+08 8.4813e+06
0.176 2.0949e+08 8.4442e+06
0.177 1.9909e+08 8.4077e+06
0.178 1.8689e+08 8.3717e+06
0.179 1.7086e+08 8.3363e+06
0.18 1.8081e+08 8.3014e+06
0.181 1.7323e+08 8.267e+06
0.182 1.6919e+08 8.2331e+06
0.183 1.7829e+08 8.1997e+06
0.184 1.5863e+08 8.1668e+06
0.185 1.5182e+08 8.1344e+06
0.186 1.5874e+08 8.1024e+06
0.187 1.5282e+08 8.0708e+06
0.188 1.6385e+08 8.0397e+06
0.189 1.4437e+08 8.0089e+06
0.19 1.502e+08 7.9786e+06
0.191 1.3762e+08 7.9487e+06
0.192 1.4808e+08 7.9192e+06
0.193 1.3311e+08 7.8901e+06
0.194 1.2829e+08 7.8613e+06
0.195 1.3303e+08 7.8329e+06
0.196 1.2992e+08 7.8048e+06
0.197 1.2476e+08 7.7771e+06
0.198 1.3479e+08 7.7498e+06
0.199 1.1592e+08 7.7227e+06
0.2 1.0675e+08 7.696e+06
0.201 1.1307e+08 7.6696e+06
0.202 1.022e+08 7.6435e+06
0.203 9.9745e+07 7.6178e+06
0.204 9.2305e+07 7.5923e+06
0.205 1.0118e+08 7.5671e+06
0.206 1.1404e+08 7.5422e+06
0.207 9.7752e+07 7.5176e+06
0.208 9.5993e+07 7.4932e+06
0.209 8.9776e+07 7.4692e+06
0.21 8.3535e+07 7.4454e+06
0.211 8.8384e+07 7.4219e+06
0.212 8.9092e+07 7.3986e+06
0.213 8.1927e+07 7.3756e+06
0.214 7.705e+07 7.3528e+06
0.215 7.962e+07 7.3303e+06
0.216 9.1184e+07 7.3081e+06
0.217 6.9901e+07 7.286e+06
0.218 6.9711e+07 7.2643e+06
0.219 7.2304e+07 7.2427e+06
0.22 7.0558e+07 7.2214e+06
0.221 6.6774e+07 7.2003e+06
0.222 6.6882e+07 7.1794e+06
0.223 6.7703e+07 7.1588e+06
0.224 7.8524e+07 7.1384e+06
0.225 6.1667e+07 7.1182e+06
0.226 6.3908e+07 7.0982e+06
0.227 4.8601e+07 7.0785e+06
0.228 4.7045e+07 7.0589e+06
0.229 5.9196e+07 7.0396e+06
0.23 5.4223e+07 7.0204e+06
0.231 5.5308e+07 7.0015e+06
0.232 4.768e+07 6.9828e+06
0.233 4.7984e+07 6.9643e+06
0.234 3.8825e+07 6.9459e+06
0.235 5.3331e+07 6.9278e+06
0.236 4.3722e+07 6.9099e+06
0.237 4.0627e+07 6.8921e+06
0.238 3.5352e+07 6.8746e+06
0.239 4.8455e+07 6.8572e+06
0.24 3.83e+07 6.84e+06
0.241 3.7751e+07 6.823e+06
0.242 2.9973e+07 6.8062e+06
0.243 3.2615e+07 6.7896e+06
0.244 4.0929e+07 6.7731e+06
0.245 3.7046e+07 6.7569e+06
0.246 2.5222e+07 6.7408e+06
0.247 3.9998e+07 6.7248e+06
0.248 3.9338e+07 6.7091e+06
0.249 4.0796e+07 6.6935e+06
0.25 2.8801e+07 6.6781e+06
0.251 2.725e+07 6.6628e+06
0.252 2.7585e+07 6.6477e+06
0.253 3.1483e+07 6.6328e+06
0.254 2.7115e+07 6.6181e+06
0.255 2.8583e+07 6.6034e+06
0.256 3.3125e+07 6.589e+06
0.257 2.7798e+07 6.5747e+06
0.258 3.1532e+07 6.5605e+06
0.259 1.3451e+07 6.5465e+06
0.26 2.2737e+07 6.5327e+06
0.261 3.0119e+07 6.519e+06
0.262 2.1368e+07 6.5054e+06
0.263 3.0623e+07 6.492e+06
0.264 2.8881e+07 6.4787e+06
0.265 2.4239e+07 6.4655e+06
0.266 2.4954e+07 6.4525e+06
0.267 1.6179e+07 6.4396e+06
0.268 2.8916e+07 6.4268e+06
0.269 2.1896e+07 6.4142e+06
0.27 1.3003e+07 6.4017e+06
0.271 3.046e+06 6.3893e+06
0.272 3.2343e+07 6.3771e+06
0.273 1.6488e+07 6.3649e+06
0.274 2.725e+07 6.3529e+06
0.275 2.1812e+07 6.341e+06
0.276 1.7557e+07 6.3292e+06
0.277 1.4055e+07 6.3175e+06
0.278 2.2264e+07 6.3059e+06
0.279 2.4441e+07 6.2945e+06
0.28 1.5524e+07 6.2831e+06
0.281 2.4926e+07 6.2718e+06
0.282 2.5976e+07 6.2606e+06
0.283 1.3088e+07 6.2496e+06
0.284 4.513e+06 6.2386e+06
0.285 2.7046e+07 6.2277e+06
0.286 2.3571e+07 6.2169e+06
0.287 2.2007e+07 6.2062e+06
0.288 8.1876e+06 6.1956e+06
0.289 1.3854e+07 6.1851e+06
0.29 2.9976e+07 6.1747e+06
0.291 2.1224e+07 6.1643e+06
0.292 1.3681e+07 6.154e+06
0.293 3.2923e+07 6.1438e+06
0.294 4.5952e+06 6.1337e+06
0.295 1.5169e+07 6.1237e+06
0.296 1.8872e+07 6.1137e+06
0.297 2.2914e+07 6.1038e+06
0.298 2.0581e+07 6.094e+06
0.299 1.1448e+07 6.0842e+06
0.3 3.102e+07 6.0745e+06
0.301 3.0571e+07 6.0649e+06
0.302 3.392e+07 6.0553e+06
0.303 2.8516e+07 6.0458e+06
0.304 2.5415e+07 6.0364e+06
0.305 2.8124e+07 6.027e+06
0.306 2.9318e+07 6.0177e+06
0.307 1.2862e+07 6.0084e+06
0.308 2.3454e+07 5.9992e+06
0.309 2.6338e+07 5.99e+06
0.31 2.3169e+07 5.9809e+06
0.311 1.931e+07 5.9719e+06
0.312 3.1588e+07 5.9628e+06
0.313 2.5798e+07 5.9539e+06
0.314 1.8523e+07 5.945e+06
0.315 3.173e+07 5.9361e+06
0.316 2.2353e+07 5.9273e+06
0.317 2.7473e+07 5.9185e+06
0.318 1.9287e+07 5.9098e+06
0.319 1.3129e+07 5.9011e+06
0.32 2.1261e+07 5.8925e+06
0.321 1.7899e+07 5.8839e+06
0.322 2.5831e+07 5.8753e+06
0.323 2.6177e+07 5.8668e+06
0.324 2.4742e+07 5.8583e+06
0.325 4.1385e+07 5.8499e+06
0.326 3.9235e+07 5.8415e+06
0.327 2.8041e+07 5.8331e+06
0.328 3.3191e+07 5.8248e+06
0.329 2.9285e+07 5.8165e+06
0.33 3.6647e+07 5.8082e+06
0.331 2.4382e+07 5.8e+06
0.332 3.1514e+07 5.7918e+06
0.333 2.9851e+07 5.7836e+06
0.334 2.0173e+07 5.7755e+06
0.335 2.4263e+07 5.7674e+06
0.336 2.3376e+07 5.7593e+06
0.337 4.2955e+07 5.7512e+06
0.338 3.185e+07 5.7432e+06
0.339 3.7222e+07 5.7353e+06
0.34 3.3797e+07 5.7273e+06
0.341 2.9554e+07 5.7194e+06
0.342 3.2563e+07 5.7115e+06
0.343 3.5422e+07 5.7036e+06
0.344 4.4367e+07 5.6958e+06
0.345 3.918e+07 5.688e+06
0.346 2.9964e+07 5.6802e+06
0.347 2.9981e+07 5.6724e+06
0.348 3.1479e+07 5.6647e+06
0.349 3.9989e+07 5.657e+06
0.35 3.5161e+07 5.6493e+06
0.351 3.1954e+07 5.6417e+06
0.352 3.4722e+07 5.634e+06
0.353 3.3729e+07 5.6264e+06
0.354 4.1117e+07 5.6189e+06
0.355 3.2757e+07 5.6113e+06
0.356 4.0361e+07 5.6038e+06
0.357 2.8883e+07 5.5963e+06
0.358 3.6838e+07 5.5888e+06
0.359 4.7086e+07 5.5814e+06
0.36 3.0572e+07 5.5739e+06
0.361 3.5172e+07 5.5665e+06
0.362 3.0527e+07 5.5591e+06
0.363 3.8247e+07 5.5518e+06
0.364 3.9374e+07 5.5444e+06
0.365 4.7835e+07 5.5371e+06
0.366 3.8722e+07 5.5298e+06
0.367 3.4632e+07 5.5226e+06
0.368 3.3822e+07 5.5153e+06
0.369 2.7583e+07 5.5081e+06
0.37 3.7891e+07 5.5009e+06
0.371 3.5407e+07 5.4937e+06
0.372 4.781e+07 5.4866e+06
0.373 3.6456e+07 5.4794e+06
0.374 4.1882e+07 5.4723e+06
0.375 4.9258e+07 5.4652e+06
0.376 3.927e+07 5.4581e+06
0.377 4.3283e+07 5.4511e+06
0.378 3.3188e+07 5.444e+06
0.379 3.4753e+07 5.437e+06
0.38 4.1676e+07 5.43e+06
0.381 4.387e+07 5.4231e+06
0.382 4.0257e+07 5.4161e+06
0.383 4.1892e+07 5.4092e+06
0.384 3.5682e+07 5.4023e+06
0.385 3.9388e+07 5.3954e+06
0.386 3.9469e+07 5.3885e+06
0.387 3.6217e+07 5.3816e+06
0.388 3.5402e+07 5.3748e+06
0.389 3.8951e+07 5.368e+06
0.39 4.3315e+07 5.3612e+06
0.391 4.1662e+07 5.3544e+06
0.392 4.1948e+07 5.3477e+06
0.393 3.7119e+07 5.3409e+06
0.394 3.3452e+07 5.3342e+06
0.395 3.0966e+07 5.3275e+06
0.396 4.682e+07 5.3208e+06
0.397 4.2523e+07 5.3141e+06
0.398 2.717e+07 5.3075e+06
0.399 3.2767e+07 5.3008e+06
0.4 4.0386e+07 5.2942e+06
0.401 4.112e+07 5.2876e+06
0.402 3.84e+07 5.281e+06
0.403 4.3551e+07 5.2745e+06
0.404 4.9778e+07 5.2679e+06
0.405 2.5939e+07 5.2614e+06
0.406 3.7108e+07 5.2549e+06
0.407 3.8614e+07 5.2484e+06
0.408 4.6129e+07 5.2419e+06
0.409 3.7671e+07 5.2354e+06
0.41 3.9862e+07 5.229e+06
0.411 3.9609e+07 5.2225e+06
0.412 4.4564e+07 5.2161e+06
0.413 3.7586e+07 5.2097e+06
0.414 4.0298e+07 5.2033e+06
0.415 3.8349e+07 5.1969e+06
0.416 4.2843e+07 5.1906e+06
0.417 3.824e+07 5.1842e+06
0.418 3.3702e+07 5.1779e+06
0.419 4.0614e+07 5.1716e+06
0.42 3.5591e+07 5.1653e+06
0.421 3.7889e+07 5.159e+06
0.422 3.7907e+07 5.1528e+06
0.423 3.3332e+07 5.1465e+06
0.424 4.2127e+07 5.1403e+06
0.425 3.6668e+07 5.1341e+06
0.426 3.567e+07 5.1279e+06
0.427 3.7031e+07 5.1217e+06
0.428 4.6617e+07 5.1155e+06
0.429 3.4057e+07 5.1094e+06
0.43 4.7208e+07 5.1032e+06
0.431 3.8318e+07 5.0971e+06
0.432 4.6192e+07 5.091e+06
0.433 4.0732e+07 5.0849e+06
0.434 4.3954e+07 5.0788e+06
0.435 4.3318e+07 5.0728e+06
0.436 4.2402e+07 5.0667e+06
0.437 3.9295e+07 5.0607e+06
0.438 3.462e+07 5.0547e+06
0.439 4.0659e+07 5.0487e+06
0.44 4.5357e+07 5.0427e+06
0.441 3.5718e+07 5.0367e+06
0.442 3.4891e+07 5.0308e+06
0.443 2.4564e+07 5.0249e+06
0.444 3.3231e+07 5.0189e+06
0.445 3.6313e+07 5.013e+06
0.446 2.9201e+07 5.0071e+06
0.447 3.5571e+07 5.0013e+06
0.448 3.5511e+07 4.9954e+06
0.449 4.3981e+07 4.9896e+06
0.45 3.641e+07 4.9838e+06
0.451 3.8017e+07 4.9779e+06
0.452 3.6623e+07 4.9722e+06
0.453 3.4464e+07 4.9664e+06
0.454 4.6827e+07 4.9606e+06
0.455 2.0593e+07 4.9549e+06
0.456 2.9896e+07 4.9492e+06
0.457 3.5279e+07 4.9435e+06
0.458 3.8463e+07 4.9378e+06
0.459 3.8362e+07 4.9321e+06
0.46 3.3492e+07 4.9264e+06
0.461 2.3674e+07 4.9208e+06
0.462 3.5045e+07 4.9152e+06
0.463 4.0589e+07 4.9096e+06
0.464 3.4323e+07 4.904e+06
0.465 3.9131e+07 4.8984e+06
0.466 4.0355e+07 4.8929e+06
0.467 2.8999e+07 4.8873e+06
0.468 3.122e+07 4.8818e+06
0.469 3.5587e+07 4.8763e+06
0.47 2.485e+07 4.8708e+06
0.471 2.7882e+07 4.8654e+06
0.472 2.8028e+07 4.8599e+06
0.473 2.9162e+07 4.8545e+06
0.474 2.7938e+07 4.8491e+06
0.475 3.0061e+07 4.8437e+06
0.476 3.6826e+07 4.8383e+06
0.477 2.9369e+07 4.833e+06
0.478 2.9961e+07 4.8276e+06
0.479 2.3024e+07 4.8223e+06
0.48 3.4606e+07 4.817e+06
0.481 3.8802e+07 4.8117e+06
0.482 2.9956e+07 4.8065e+06
0.483 2.4686e+07 4.8012e+06
0.484 2.8855e+07 4.796e+06
0.485 3.2525e+07 4.7908e+06
0.486 3.637e+07 4.7856e+06
0.487 2.9341e+07 4.7804e+06
0.488 2.7603e+07 4.7753e+06
0.489 2.8213e+07 4.7701e+06
0.49 3.2736e+07 4.765e+06
0.491 2.475e+07 4.7599e+06
0.492 3.5229e+07 4.7549e+06
0.493 3.6044e+07 4.7498e+06
0.494 2.5441e+07 4.7448e+06
0.495 2.6121e+07 4.7397e+06
0.496 2.4631e+07 4.7347e+06
0.497 2.6905e+07 4.7297e+06
0.498 3.3614e+07 4.7248e+06
0.499 3.1686e+07 4.7198e+06
0.5 3.3191e+07 4.7149e+06
