0.001 1.4183e+09 8.1961e+07
0.002 1.2643e+09 5.7951e+07
0.003 1.3378e+09 4.7312e+07
0.004 1.2631e+09 4.0968e+07
0.005 1.2868e+09 3.6636e+07
0.006 1.3956e+09 3.3436e+07
0.007 1.339e+09 3.0947e+07
0.008 1.3636e+09 2.8939e+07
0.009 1.3348e+09 2.7275e+07
0.01 1.282e+09 2.5865e+07
0.011 1.3451e+09 2.465e+07
0.012 1.3103e+09 2.3589e+07
0.013 1.3398e+09 2.2652e+07
0.014 1.2758e+09 2.1816e+07
0.015 1.3009e+09 2.1063e+07
0.016 1.3021e+09 2.0381e+07
0.017 1.2904e+09 1.9759e+07
0.018 1.2759e+09 1.9189e+07
0.019 1.2516e+09 1.8663e+07
0.02 1.2712e+09 1.8175e+07
0.021 1.2966e+09 1.7722e+07
0.022 1.2652e+09 1.7299e+07
0.023 1.282e+09 1.6903e+07
0.024 1.2774e+09 1.6531e+07
0.025 1.2604e+09 1.6181e+07
0.026 1.2662e+09 1.585e+07
0.027 1.2396e+09 1.5537e+07
0.028 1.2525e+09 1.524e+07
0.029 1.2529e+09 1.4957e+07
0.03 1.2452e+09 1.4688e+07
0.031 1.2325e+09 1.4431e+07
0.032 1.2208e+09 1.4186e+07
0.033 1.2199e+09 1.3951e+07
0.034 1.2026e+09 1.3726e+07
0.035 1.2156e+09 1.3509e+07
0.036 1.2112e+09 1.3301e+07
0.037 1.1693e+09 1.3101e+07
0.038 1.1881e+09 1.2908e+07
0.039 1.2015e+09 1.2722e+07
0.04 1.1829e+09 1.2542e+07
0.041 1.1805e+09 1.2368e+07
0.042 1.1704e+09 1.22e+07
0.043 1.1403e+09 1.2037e+07
0.044 1.1402e+09 1.1879e+07
0.045 1.1567e+09 1.1725e+07
0.046 1.1634e+09 1.1577e+07
0.047 1.133e+09 1.1432e+07
0.048 1.1086e+09 1.1291e+07
0.049 1.1022e+09 1.1154e+07
0.05 1.1058e+09 1.1021e+07
0.051 1.1075e+09 1.0891e+07
0.052 1.0973e+09 1.0764e+07
0.053 1.0825e+09 1.0641e+07
0.054 1.0835e+09 1.052e+07
0.055 1.0856e+09 1.0403e+07
0.056 1.047e+09 1.0288e+07
0.057 1.0439e+09 1.0175e+07
0.058 1.0455e+09 1.0065e+07
0.059 1.0307e+09 9.9576e+06
0.06 1.0178e+09 9.8523e+06
0.061 1.0219e+09 9.7492e+06
0.062 1.0029e+09 9.6482e+06
0.063 9.9164e+08 9.5492e+06
0.064 9.9246e+08 9.4522e+06
0.065 9.7973e+08 9.3571e+06
0.066 9.6317e+08 9.2638e+06
0.067 9.6076e+08 9.1722e+06
0.068 9.4509e+08 9.0824e+06
0.069 9.4936e+08 8.9941e+06
0.07 9.3393e+08 8.9075e+06
0.071 9.0707e+08 8.8224e+06
0.072 9.0759e+08 8.7388e+06
0.073 8.9825e+08 8.6566e+06
0.074 8.9042e+08 8.5758e+06
0.075 8.6324e+08 8.4964e+06
0.076 8.6196e+08 8.4183e+06
0.077 8.6046e+08 8.3415e+06
0.078 8.4641e+08 8.2659e+06
0.079 8.3462e+08 8.1915e+06
0.08 8.2798e+08 8.1183e+06
0.081 8.1365e+08 8.0463e+06
0.082 8.0125e+08 7.9753e+06
0.083 8.1157e+08 7.9055e+06
0.084 7.8552e+08 7.8367e+06
0.085 7.7924e+08 7.769e+06
0.086 7.7522e+08 7.7022e+06
0.087 7.7498e+08 7.6365e+06
0.088 7.403e+08 7.5717e+06
0.089 7.4043e+08 7.5079e+06
0.09 7.1956e+08 7.445e+06
0.091 7.2374e+08 7.383e+06
0.092 7.1215e+08 7.322e+06
0.093 7.0199e+08 7.2617e+06
0.094 6.904e+08 7.2023e+06
0.095 6.8526e+08 7.1438e+06
0.096 6.697e+08 7.0861e+06
0.097 6.7873e+08 7.0292e+06
0.098 6.6563e+08 6.9731e+06
0.099 6.3458e+08 6.9177e+06
0.1 6.4284e+08 6.8632e+06
0.101 6.3422e+08 6.8093e+06
0.102 6.2059e+08 6.7562e+06
0.103 6.1707e+08 6.7039e+06
0.104 6.1304e+08 6.6522e+06
0.105 5.9929e+08 6.6013e+06
0.106 5.8775e+08 6.551e+06
0.107 5.7404e+08 6.5014e+06
0.108 5.5494e+08 6.4525e+06
0.109 5.7295e+08 6.4043e+06
0.11 5.43e+08 6.3567e+06
0.111 5.4434e+08 6.3097e+06
0.112 5.3175e+08 6.2634e+06
0.113 5.2851e+08 6.2176e+06
0.114 5.1444e+08 6.1726e+06
0.115 5.0892e+08 6.1281e+06
0.116 4.929e+08 6.0842e+06
0.117 4.9598e+08 6.0409e+06
0.118 4.7234e+08 5.9981e+06
0.119 4.8231e+08 5.956e+06
0.12 4.6723e+08 5.9144e+06
0.121 4.6693e+08 5.8734e+06
0.122 4.4796e+08 5.8329e+06
0.123 4.5164e+08 5.793e+06
0.124 4.3668e+08 5.7536e+06
0.125 4.2478e+08 5.7147e+06
0.126 4.2038e+08 5.6764e+06
0.127 4.1325e+08 5.6386e+06
0.128 3.9571e+08 5.6013e+06
0.129 4.0108e+08 5.5645e+06
0.13 3.9683e+08 5.5282e+06
0.131 3.9308e+08 5.4923e+06
0.132 3.7424e+08 5.457e+06
0.133 3.7157e+08 5.4222e+06
0.134 3.6e+08 5.3878e+06
0.135 3.5822e+08 5.3539e+06
0.136 3.6222e+08 5.3205e+06
0.137 3.4185e+08 5.2875e+06
0.138 3.3777e+08 5.255e+06
0.139 3.3263e+08 5.2229e+06
0.14 3.2084e+08 5.1913e+06
0.141 3.1732e+08 5.1601e+06
0.142 3.0699e+08 5.1294e+06
0.143 3.0581e+08 5.099e+06
0.144 3.0571e+08 5.0691e+06
0.145 2.8884e+08 5.0396e+06
0.146 2.8193e+08 5.0105e+06
0.147 2.8263e+08 4.9819e+06
0.148 2.769e+08 4.9536e+06
0.149 2.6862e+08 4.9257e+06
0.15 2.5286e+08 4.8982e+06
0.151 2.568e+08 4.8711e+06
0.152 2.4747e+08 4.8444e+06
0.153 2.4327e+08 4.8181e+06
0.154 2.3481e+08 4.7921e+06
0.155 2.4029e+08 4.7665e+06
0.156 2.305e+08 4.7412e+06
0.157 2.2114e+08 4.7164e+06
0.158 2.2865e+08 4.6918e+06
0.159 2.1696e+08 4.6676e+06
0.16 2.1183e+08 4.6438e+06
0.161 2.1803e+08 4.6203e+06
0.162 1.986e+08 4.5971e+06
0.163 2.0219e+08 4.5743e+06
0.164 1.936e+08 4.5518e+06
0.165 1.8771e+08 4.5296e+06
0.166 1.8578e+08 4.5077e+06
0.167 1.8038e+08 4.4861e+06
0.168 1.8246e+08 4.4648e+06
0.169 1.733e+08 4.4439e+06
0.17 1.673e+08 4.4232e+06
0.171 1.6627e+08 4.4028e+06
0.172 1.7258e+08 4.3828e+06
0.173 1.5569e+08 4.363e+06
0.174 1.5039e+08 4.3434e+06
0.175 1.4756e+08 4.3242e+06
0.176 1.4463e+08 4.3052e+06
0.177 1.419e+08 4.2865e+06
0.178 1.4158e+08 4.2681e+06
0.179 1.4014e+08 4.2499e+06
0.18 1.3335e+08 4.232e+06
0.181 1.3673e+08 4.2143e+06
0.182 1.2914e+08 4.1969e+06
0.183 1.2421e+08 4.1797e+06
0.184 1.2592e+08 4.1627e+06
0.185 1.2352e+08 4.146e+06
0.186 1.2257e+08 4.1296e+06
0.187 1.1918e+08 4.1133e+06
0.188 1.1726e+08 4.0973e+06
0.189 1.1512e+08 4.0815e+06
0.19 9.412e+07 4.0659e+06
0.191 1.0621e+08 4.0505e+06
0.192 9.8168e+07 4.0353e+06
0.193 1.0492e+08 4.0203e+06
0.194 1.0039e+08 4.0056e+06
0.195 9.8992e+07 3.991e+06
0.196 9.2042e+07 3.9766e+06
0.197 9.3911e+07 3.9624e+06
0.198 8.832e+07 3.9484e+06
0.199 8.2086e+07 3.9346e+06
0.2 8.6658e+07 3.921e+06
0.201 8.6508e+07 3.9075e+06
0.202 7.7828e+07 3.8943e+06
0.203 7.7509e+07 3.8812e+06
0.204 7.9313e+07 3.8682e+06
0.205 7.8295e+07 3.8554e+06
0.206 7.79e+07 3.8428e+06
0.207 6.6941e+07 3.8304e+06
0.208 6.8049e+07 3.8181e+06
0.209 7.3815e+07 3.8059e+06
0.21 6.4053e+07 3.7939e+06
0.211 6.9348e+07 3.7821e+06
0.212 6.303e+07 3.7703e+06
0.213 6.331e+07 3.7588e+06
0.214 5.8947e+07 3.7473e+06
0.215 5.9103e+07 3.7361e+06
0.216 5.5142e+07 3.7249e+06
0.217 5.6643e+07 3.7139e+06
0.218 5.4136e+07 3.703e+06
0.219 5.7781e+07 3.6922e+06
0.22 4.6681e+07 3.6816e+06
0.221 5.2769e+07 3.671e+06
0.222 4.894e+07 3.6606e+06
0.223 5.3146e+07 3.6503e+06
0.224 5.128e+07 3.6402e+06
0.225 4.4278e+07 3.6301e+06
0.226 4.1187e+07 3.6201e+06
0.227 4.6717e+07 3.6103e+06
0.228 4.0738e+07 3.6006e+06
0.229 4.2836e+07 3.5909e+06
0.23 3.8286e+07 3.5814e+06
0.231 3.8732e+07 3.572e+06
0.232 3.7539e+07 3.5626e+06
0.233 4.1275e+07 3.5534e+06
0.234 3.7261e+07 3.5443e+06
0.235 3.9633e+07 3.5352e+06
0.236 3.5116e+07 3.5263e+06
0.237 3.578e+07 3.5174e+06
0.238 3.943e+07 3.5086e+06
0.239 3.2653e+07 3.4999e+06
0.24 3.2064e+07 3.4913e+06
0.241 2.8507e+07 3.4828e+06
0.242 2.8723e+07 3.4744e+06
0.243 2.6186e+07 3.466e+06
0.244 3.1441e+07 3.4578e+06
0.245 3.4688e+07 3.4496e+06
0.246 2.8931e+07 3.4414e+06
0.247 2.5249e+07 3.4334e+06
0.248 2.8049e+07 3.4254e+06
0.249 2.2823e+07 3.4175e+06
0.25 3.1343e+07 3.4097e+06
0.251 3.0724e+07 3.402e+06
0.252 2.5283e+07 3.3943e+06
0.253 2.3599e+07 3.3867e+06
0.254 2.8861e+07 3.3791e+06
0.255 2.5127e+07 3.3716e+06
0.256 2.6285e+07 3.3642e+06
0.257 2.2977e+07 3.3569e+06
0.258 2.1561e+07 3.3496e+06
0.259 2.0396e+07 3.3424e+06
0.26 2.4174e+07 3.3352e+06
0.261 2.984e+07 3.3281e+06
0.262 2.2462e+07 3.3211e+06
0.263 1.5315e+07 3.3141e+06
0.264 2.032e+07 3.3071e+06
0.265 2.3259e+07 3.3003e+06
0.266 1.6189e+07 3.2935e+06
0.267 1.9688e+07 3.2867e+06
0.268 1.8814e+07 3.28e+06
0.269 2.2623e+07 3.2733e+06
0.27 2.2384e+07 3.2668e+06
0.271 1.6409e+07 3.2602e+06
0.272 2.3213e+07 3.2537e+06
0.273 1.403e+07 3.2473e+06
0.274 2.0659e+07 3.2409e+06
0.275 1.3524e+07 3.2346e+06
0.276 1.782e+07 3.2283e+06
0.277 1.0583e+07 3.222e+06
0.278 1.2927e+07 3.2158e+06
0.279 1.6331e+07 3.2097e+06
0.28 2.3065e+07 3.2036e+06
0.281 1.565e+07 3.1975e+06
0.282 1.6595e+07 3.1915e+06
0.283 1.4126e+07 3.1856e+06
0.284 1.897e+07 3.1796e+06
0.285 1.5647e+07 3.1738e+06
0.286 1.3866e+07 3.1679e+06
0.287 1.9651e+07 3.1622e+06
0.288 2.2777e+07 3.1564e+06
0.289 1.6526e+07 3.1507e+06
0.29 1.486e+07 3.145e+06
0.291 1.4598e+07 3.1394e+06
0.292 1.9003e+07 3.1338e+06
0.293 1.493e+07 3.1283e+06
0.294 1.5576e+07 3.1228e+06
0.295 1.3972e+07 3.1173e+06
0.296 1.4458e+07 3.1119e+06
0.297 1.3886e+07 3.1065e+06
0.298 1.0413e+07 3.1012e+06
0.299 9.8937e+06 3.0959e+06
0.3 9.8477e+06 3.0906e+06
0.301 1.5647e+07 3.0854e+06
0.302 1.4206e+07 3.0802e+06
0.303 1.0729e+07 3.075e+06
0.304 1.4495e+07 3.0699e+06
0.305 1.6819e+07 3.0648e+06
0.306 1.1277e+07 3.0597e+06
0.307 1.1581e+07 3.0547e+06
0.308 1.369e+07 3.0497e+06
0.309 1.8529e+07 3.0447e+06
0.31 1.5715e+07 3.0398e+06
0.311 1.169e+07 3.0349e+06
0.312 1.1089e+07 3.03e+06
0.313 1.3821e+07 3.0252e+06
0.314 1.0556e+07 3.0204e+06
0.315 1.1636e+07 3.0156e+06
0.316 1.2734e+07 3.0109e+06
0.317 1.1368e+07 3.0062e+06
0.318 9.0671e+06 3.0015e+06
0.319 1.9252e+07 2.9968e+06
0.32 1.6113e+07 2.9922e+06
0.321 1.5787e+07 2.9876e+06
0.322 1.6324e+07 2.983e+06
0.323 1.5202e+07 2.9785e+06
0.324 1.5883e+07 2.974e+06
0.325 8.6362e+06 2.9695e+06
0.326 1.2491e+07 2.965e+06
0.327 1.2119e+07 2.9606e+06
0.328 1.4194e+07 2.9562e+06
0.329 1.4321e+07 2.9518e+06
0.33 1.3982e+07 2.9475e+06
0.331 1.4479e+07 2.9431e+06
0.332 1.7184e+07 2.9388e+06
0.333 1.7065e+07 2.9345e+06
0.334 1.3596e+07 2.9303e+06
0.335 1.0224e+07 2.926e+06
0.336 1.6981e+07 2.9218e+06
0.337 1.2724e+07 2.9176e+06
0.338 1.4755e+07 2.9135e+06
0.339 1.1145e+07 2.9093e+06
0.34 2.0021e+07 2.9052e+06
0.341 1.611e+07 2.9011e+06
0.342 1.874e+07 2.897e+06
0.343 1.3503e+07 2.8929e+06
0.344 1.381e+07 2.8889e+06
0.345 1.6016e+07 2.8849e+06
0.346 1.7446e+07 2.8809e+06
0.347 1.9197e+07 2.8769e+06
0.348 1.3698e+07 2.8729e+06
0.349 1.659e+07 2.869e+06
0.35 1.4289e+07 2.865e+06
0.351 1.3831e+07 2.8611e+06
0.352 1.3366e+07 2.8572e+06
0.353 2.0236e+07 2.8534e+06
0.354 1.7023e+07 2.8495e+06
0.355 1.8042e+07 2.8457e+06
0.356 1.891e+07 2.8419e+06
0.357 1.6588e+07 2.838e+06
0.358 2.0997e+07 2.8343e+06
0.359 2.0988e+07 2.8305e+06
0.36 2.2138e+07 2.8267e+06
0.361 2.1489e+07 2.823e+06
0.362 1.4872e+07 2.8193e+06
0.363 1.7194e+07 2.8156e+06
0.364 2.2414e+07 2.8119e+06
0.365 2.0079e+07 2.8082e+06
0.366 1.7915e+07 2.8045e+06
0.367 1.7607e+07 2.8009e+06
0.368 1.5225e+07 2.7972e+06
0.369 1.7288e+07 2.7936e+06
0.37 2.4145e+07 2.79e+06
0.371 1.9702e+07 2.7864e+06
0.372 2.233e+07 2.7828e+06
0.373 1.7948e+07 2.7793e+06
0.374 1.5495e+07 2.7757e+06
0.375 1.7018e+07 2.7722e+06
0.376 1.8214e+07 2.7686e+06
0.377 1.9817e+07 2.7651e+06
0.378 2.0244e+07 2.7616e+06
0.379 2.1026e+07 2.7581e+06
0.38 1.9734e+07 2.7546e+06
0.381 2.1918e+07 2.7512e+06
0.382 2.1912e+07 2.7477e+06
0.383 2.0092e+07 2.7443e+06
0.384 1.8452e+07 2.7408e+06
0.385 1.9923e+07 2.7374e+06
0.386 1.5987e+07 2.734e+06
0.387 1.8161e+07 2.7306e+06
0.388 2.0602e+07 2.7272e+06
0.389 1.7486e+07 2.7238e+06
0.39 1.7648e+07 2.7204e+06
0.391 2.1847e+07 2.7171e+06
0.392 2.6424e+07 2.7137e+06
0.393 2.2353e+07 2.7104e+06
0.394 2.3619e+07 2.7071e+06
0.395 1.9146e+07 2.7038e+06
0.396 1.8263e+07 2.7004e+06
0.397 2.1209e+07 2.6971e+06
0.398 2.3419e+07 2.6939e+06
0.399 2.1571e+07 2.6906e+06
0.4 1.8349e+07 2.6873e+06
0.401 2.2764e+07 2.684e+06
0.402 1.5274e+07 2.6808e+06
0.403 1.6739e+07 2.6775e+06
0.404 2.0921e+07 2.6743e+06
0.405 2.0626e+07 2.6711e+06
0.406 2.0534e+07 2.6679e+06
0.407 1.956e+07 2.6647e+06
0.408 1.9143e+07 2.6615e+06
0.409 2.1811e+07 2.6583e+06
0.41 2.118e+07 2.6551e+06
0.411 2.596e+07 2.6519e+06
0.412 2.2521e+07 2.6488e+06
0.413 2.6182e+07 2.6456e+06
0.414 1.9193e+07 2.6425e+06
0.415 2.0139e+07 2.6393e+06
0.416 2.3017e+07 2.6362e+06
0.417 2.221e+07 2.6331e+06
0.418 2.5936e+07 2.63e+06
0.419 2.0999e+07 2.6269e+06
0.42 2.1811e+07 2.6238e+06
0.421 2.4391e+07 2.6207e+06
0.422 2.2879e+07 2.6176e+06
0.423 2.3313e+07 2.6145e+06
0.424 2.1796e+07 2.6115e+06
0.425 2.2951e+07 2.6084e+06
0.426 2.5417e+07 2.6054e+06
0.427 2.4038e+07 2.6024e+06
0.428 2.3527e+07 2.5993e+06
0.429 2.085e+07 2.5963e+06
0.43 2.3074e+07 2.5933e+06
0.431 2.1247e+07 2.5903e+06
0.432 1.9612e+07 2.5873e+06
0.433 2.6633e+07 2.5843e+06
0.434 2.2426e+07 2.5813e+06
0.435 2.4829e+07 2.5784e+06
0.436 2.652e+07 2.5754e+06
0.437 2.2715e+07 2.5725e+06
0.438 2.2151e+07 2.5695e+06
0.439 1.9843e+07 2.5666e+06
0.44 2.3583e+07 2.5637e+06
0.441 2.0927e+07 2.5607e+06
0.442 2.7338e+07 2.5578e+06
0.443 2.2426e+07 2.5549e+06
0.444 2.1581e+07 2.552e+06
0.445 2.5089e+07 2.5491e+06
0.446 2.6273e+07 2.5463e+06
0.447 2.6506e+07 2.5434e+06
0.448 1.8121e+07 2.5405e+06
0.449 1.9844e+07 2.5377e+06
0.45 2.5889e+07 2.5348e+06
0.451 2.124e+07 2.532e+06
0.452 2.5986e+07 2.5292e+06
0.453 2.2541e+07 2.5263e+06
0.454 2.3413e+07 2.5235e+06
0.455 2.5608e+07 2.5207e+06
0.456 2.0273e+07 2.5179e+06
0.457 2.0992e+07 2.5151e+06
0.458 2.1943e+07 2.5123e+06
0.459 2.1579e+07 2.5096e+06
0.46 2.2234e+07 2.5068e+06
0.461 2.2003e+07 2.504e+06
0.462 1.71e+07 2.5013e+06
0.463 1.9238e+07 2.4985e+06
0.464 2.2041e+07 2.4958e+06
0.465 2.5633e+07 2.4931e+06
0.466 2.1108e+07 2.4904e+06
0.467 2.3036e+07 2.4876e+06
0.468 2.3718e+07 2.4849e+06
0.469 2.4564e+07 2.4822e+06
0.47 1.9253e+07 2.4796e+06
0.471 2.1714e+07 2.4769e+06
0.472 2.3312e+07 2.4742e+06
0.473 2.0546e+07 2.4715e+06
0.474 1.9654e+07 2.4689e+06
0.475 2.1448e+07 2.4662e+06
0.476 2.0405e+07 2.4636e+06
0.477 2.2628e+07 2.461e+06
0.478 1.8285e+07 2.4583e+06
0.479 2.5918e+07 2.4557e+06
0.48 1.7869e+07 2.4531e+06
0.481 1.8797e+07 2.4505e+06
0.482 2.4093e+07 2.4479e+06
0.483 2.3159e+07 2.4453e+06
0.484 1.7157e+07 2.4427e+06
0.485 2.2423e+07 2.4402e+06
0.486 1.9874e+07 2.4376e+06
0.487 2.0113e+07 2.4351e+06
0.488 2.2667e+07 2.4325e+06
0.489 2.1789e+07 2.43e+06
0.49 2.3771e+07 2.4274e+06
0.491 2.2075e+07 2.4249e+06
0.492 2.6418e+07 2.4224e+06
0.493 2.0699e+07 2.4199e+06
0.494 1.643e+07 2.4174e+06
0.495 2.0082e+07 2.4149e+06
0.496 2.2206e+07 2.4124e+06
0.497 2.1014e+07 2.4099e+06
0.498 2.326e+07 2.4074e+06
0.499 1.9354e+07 2.4049e+06
0.5 1.671e+07 2.4025e+06
