0.001 6.345e+09 3.0579e+08
0.002 5.5075e+09 2.1618e+08
0.003 5.437e+09 1.7646e+08
0.004 5.8545e+09 1.5275e+08
0.005 5.622e+09 1.3654e+08
0.006 5.6856e+09 1.2456e+08
0.007 5.9029e+09 1.1522e+08
0.008 5.6453e+09 1.0768e+08
0.009 5.7891e+09 1.0141e+08
0.01 5.6237e+09 9.6091e+07
0.011 5.5387e+09 9.1497e+07
0.012 5.5331e+09 8.7474e+07
0.013 5.5996e+09 8.391e+07
0.014 5.5545e+09 8.072e+07
0.015 5.6623e+09 7.7841e+07
0.016 5.5489e+09 7.5223e+07
0.017 5.7065e+09 7.2826e+07
0.018 5.4362e+09 7.062e+07
0.019 5.5392e+09 6.8578e+07
0.02 5.3802e+09 6.668e+07
0.021 5.4583e+09 6.4907e+07
0.022 5.4262e+09 6.3247e+07
0.023 5.2954e+09 6.1685e+07
0.024 5.2846e+09 6.0213e+07
0.025 5.2132e+09 5.882e+07
0.026 5.1752e+09 5.7498e+07
0.027 5.1084e+09 5.6242e+07
0.028 5.0836e+09 5.5045e+07
0.029 5.1826e+09 5.3902e+07
0.03 5.109e+09 5.2809e+07
0.031 5.0191e+09 5.1762e+07
0.032 4.9336e+09 5.0756e+07
0.033 4.9417e+09 4.9789e+07
0.034 4.7961e+09 4.8858e+07
0.035 4.6836e+09 4.7961e+07
0.036 4.7509e+09 4.7095e+07
0.037 4.6537e+09 4.6258e+07
0.038 4.534e+09 4.5449e+07
0.039 4.5405e+09 4.4665e+07
0.04 4.4372e+09 4.3905e+07
0.041 4.5119e+09 4.3168e+07
0.042 4.3552e+09 4.2452e+07
0.043 4.3406e+09 4.1757e+07
0.044 4.2431e+09 4.1081e+07
0.045 4.2069e+09 4.0423e+07
0.046 4.1727e+09 3.9783e+07
0.047 4.0648e+09 3.9159e+07
0.048 4.0738e+09 3.8551e+07
0.049 4.0071e+09 3.7958e+07
0.05 3.9761e+09 3.738e+07
0.051 3.8165e+09 3.6815e+07
0.052 3.7215e+09 3.6264e+07
0.053 3.7709e+09 3.5725e+07
0.054 3.7148e+09 3.5199e+07
0.055 3.6357e+09 3.4685e+07
0.056 3.6226e+09 3.4182e+07
0.057 3.5439e+09 3.369e+07
0.058 3.4556e+09 3.3209e+07
0.059 3.4653e+09 3.2738e+07
0.06 3.337e+09 3.2277e+07
0.061 3.3327e+09 3.1826e+07
0.062 3.2777e+09 3.1384e+07
0.063 3.2104e+09 3.0952e+07
0.064 3.1597e+09 3.0528e+07
0.065 3.0965e+09 3.0113e+07
0.066 2.9986e+09 2.9706e+07
0.067 2.9293e+09 2.9308e+07
0.068 2.9461e+09 2.8917e+07
0.069 2.9083e+09 2.8535e+07
0.07 2.8616e+09 2.816e+07
0.071 2.7384e+09 2.7792e+07
0.072 2.68e+09 2.7431e+07
0.073 2.6626e+09 2.7078e+07
0.074 2.6373e+09 2.6731e+07
0.075 2.5444e+09 2.6392e+07
0.076 2.5071e+09 2.6059e+07
0.077 2.474e+09 2.5732e+07
0.078 2.4134e+09 2.5412e+07
0.079 2.3776e+09 2.5097e+07
0.08 2.3525e+09 2.4789e+07
0.081 2.2315e+09 2.4487e+07
0.082 2.2524e+09 2.4191e+07
0.083 2.1451e+09 2.39e+07
0.084 2.127e+09 2.3615e+07
0.085 2.1145e+09 2.3335e+07
0.086 2.0195e+09 2.3061e+07
0.087 2.0346e+09 2.2792e+07
0.088 1.973e+09 2.2528e+07
0.089 1.9548e+09 2.2269e+07
0.09 1.9037e+09 2.2015e+07
0.091 1.8077e+09 2.1765e+07
0.092 1.7889e+09 2.1521e+07
0.093 1.7612e+09 2.1281e+07
0.094 1.7703e+09 2.1046e+07
0.095 1.7226e+09 2.0815e+07
0.096 1.6768e+09 2.0588e+07
0.097 1.6324e+09 2.0366e+07
0.098 1.6018e+09 2.0148e+07
0.099 1.5984e+09 1.9934e+07
0.1 1.4976e+09 1.9724e+07
0.101 1.4874e+09 1.9518e+07
0.102 1.444e+09 1.9316e+07
0.103 1.4306e+09 1.9118e+07
0.104 1.4259e+09 1.8923e+07
0.105 1.3747e+09 1.8732e+07
0.106 1.3334e+09 1.8545e+07
0.107 1.2956e+09 1.8361e+07
0.108 1.2706e+09 1.818e+07
0.109 1.2289e+09 1.8003e+07
0.11 1.1915e+09 1.7829e+07
0.111 1.1791e+09 1.7658e+07
0.112 1.1548e+09 1.7491e+07
0.113 1.1538e+09 1.7326e+07
0.114 1.0933e+09 1.7165e+07
0.115 1.0863e+09 1.7006e+07
0.116 1.0334e+09 1.6851e+07
0.117 1.0322e+09 1.6698e+07
0.118 1.0318e+09 1.6548e+07
0.119 9.702e+08 1.6401e+07
0.12 9.4804e+08 1.6256e+07
0.121 9.6251e+08 1.6114e+07
0.122 9.1429e+08 1.5975e+07
0.123 9.1548e+08 1.5838e+07
0.124 8.7556e+08 1.5704e+07
0.125 9.0036e+08 1.5572e+07
0.126 8.4981e+08 1.5443e+07
0.127 8.1392e+08 1.5316e+07
0.128 8.0757e+08 1.5191e+07
0.129 7.7331e+08 1.5068e+07
0.13 7.4835e+08 1.4948e+07
0.131 7.5568e+08 1.483e+07
0.132 7.1979e+08 1.4714e+07
0.133 7.3453e+08 1.46e+07
0.134 6.8639e+08 1.4488e+07
0.135 6.3924e+08 1.4379e+07
0.136 6.4697e+08 1.4271e+07
0.137 6.4387e+08 1.4165e+07
0.138 6.1559e+08 1.4061e+07
0.139 5.8579e+08 1.3959e+07
0.14 5.9066e+08 1.3859e+07
0.141 5.8742e+08 1.3761e+07
0.142 5.5869e+08 1.3664e+07
0.143 5.4311e+08 1.3569e+07
0.144 5.4056e+08 1.3476e+07
0.145 5.1886e+08 1.3385e+07
0.146 5.0888e+08 1.3295e+07
0.147 4.7343e+08 1.3207e+07
0.148 4.8913e+08 1.3121e+07
0.149 4.6875e+08 1.3036e+07
0.15 4.6575e+08 1.2953e+07
0.151 4.3861e+08 1.2871e+07
0.152 4.4074e+08 1.2791e+07
0.153 4.1477e+08 1.2712e+07
0.154 4.1031e+08 1.2634e+07
0.155 3.7873e+08 1.2559e+07
0.156 3.9793e+08 1.2484e+07
0.157 3.7038e+08 1.2411e+07
0.158 3.6551e+08 1.2339e+07
0.159 3.4925e+08 1.2269e+07
0.16 3.4207e+08 1.22e+07
0.161 3.1784e+08 1.2132e+07
0.162 3.1315e+08 1.2065e+07
0.163 3.1242e+08 1.2e+07
0.164 3.0944e+08 1.1936e+07
0.165 2.8815e+08 1.1873e+07
0.166 2.9883e+08 1.1811e+07
0.167 2.8917e+08 1.175e+07
0.168 2.7575e+08 1.1691e+07
0.169 2.6685e+08 1.1632e+07
0.17 2.844e+08 1.1575e+07
0.171 2.5218e+08 1.1518e+07
0.172 2.6522e+08 1.1463e+07
0.173 2.5092e+08 1.1409e+07
0.174 2.6216e+08 1.1355e+07
0.175 2.2983e+08 1.1303e+07
0.176 2.3243e+08 1.1251e+07
0.177 2.2763e+08 1.1201e+07
0.178 1.9334e+08 1.1151e+07
0.179 2.1698e+08 1.1103e+07
0.18 2.2934e+08 1.1055e+07
0.181 2.0747e+08 1.1008e+07
0.182 2.0096e+08 1.0961e+07
0.183 2.1165e+08 1.0916e+07
0.184 2.007e+08 1.0871e+07
0.185 1.6641e+08 1.0827e+07
0.186 1.8915e+08 1.0784e+07
0.187 1.5941e+08 1.0742e+07
0.188 1.9266e+08 1.07e+07
0.189 1.6779e+08 1.0659e+07
0.19 1.6075e+08 1.0619e+07
0.191 1.6945e+08 1.0579e+07
0.192 1.4449e+08 1.054e+07
0.193 1.4932e+08 1.0502e+07
0.194 1.5562e+08 1.0464e+07
0.195 1.4914e+08 1.0427e+07
0.196 1.4498e+08 1.0391e+07
0.197 1.482e+08 1.0355e+07
0.198 1.2638e+08 1.0319e+07
0.199 1.3477e+08 1.0284e+07
0.2 1.3126e+08 1.025e+07
0.201 1.2364e+08 1.0216e+07
0.202 1.3438e+08 1.0183e+07
0.203 1.177e+08 1.015e+07
0.204 1.3014e+08 1.0118e+07
0.205 1.1754e+08 1.0086e+07
0.206 1.4765e+08 1.0055e+07
0.207 1.1087e+08 1.0024e+07
0.208 1.2139e+08 9.9933e+06
0.209 1.164e+08 9.9633e+06
0.21 1.2681e+08 9.9337e+06
0.211 1.2422e+08 9.9045e+06
0.212 9.758e+07 9.8756e+06
0.213 1.0616e+08 9.8472e+06
0.214 1.2277e+08 9.8192e+06
0.215 1.0415e+08 9.7915e+06
0.216 8.496e+07 9.7642e+06
0.217 9.9456e+07 9.7372e+06
0.218 1.1614e+08 9.7106e+06
0.219 9.3612e+07 9.6843e+06
0.22 7.5788e+07 9.6584e+06
0.221 1.0283e+08 9.6328e+06
0.222 9.1397e+07 9.6074e+06
0.223 9.7218e+07 9.5824e+06
0.224 7.1984e+07 9.5577e+06
0.225 8.2721e+07 9.5333e+06
0.226 7.9754e+07 9.5092e+06
0.227 8.2856e+07 9.4854e+06
0.228 7.1797e+07 9.4618e+06
0.229 6.7082e+07 9.4385e+06
0.23 7.4985e+07 9.4154e+06
0.231 1.0333e+08 9.3926e+06
0.232 8.3723e+07 9.3701e+06
0.233 7.9913e+07 9.3478e+06
0.234 9.6399e+07 9.3257e+06
0.235 8.7417e+07 9.3038e+06
0.236 9.9601e+07 9.2822e+06
0.237 7.295e+07 9.2608e+06
0.238 8.159e+07 9.2396e+06
0.239 7.7731e+07 9.2186e+06
0.24 8.5245e+07 9.1978e+06
0.241 7.4484e+07 9.1772e+06
0.242 8.2268e+07 9.1568e+06
0.243 7.5332e+07 9.1366e+06
0.244 8.397e+07 9.1166e+06
0.245 6.5872e+07 9.0967e+06
0.246 6.9178e+07 9.077e+06
0.247 7.3559e+07 9.0575e+06
0.248 7.0254e+07 9.0382e+06
0.249 7.5642e+07 9.019e+06
0.25 6.8877e+07 8.9999e+06
0.251 7.451e+07 8.981e+06
0.252 8.1852e+07 8.9623e+06
0.253 7.1955e+07 8.9437e+06
0.254 6.6894e+07 8.9252e+06
0.255 6.6941e+07 8.9068e+06
0.256 7.172e+07 8.8886e+06
0.257 7.0824e+07 8.8706e+06
0.258 6.4654e+07 8.8526e+06
0.259 5.9166e+07 8.8347e+06
0.26 7.747e+07 8.817e+06
0.261 7.0787e+07 8.7994e+06
0.262 6.9582e+07 8.7819e+06
0.263 6.3899e+07 8.7645e+06
0.264 6.3568e+07 8.7472e+06
0.265 7.4374e+07 8.73e+06
0.266 6.29e+07 8.7129e+06
0.267 8.4697e+07 8.6959e+06
0.268 7.0689e+07 8.679e+06
0.269 7.9935e+07 8.6622e+06
0.27 6.7936e+07 8.6455e+06
0.271 7.1344e+07 8.6288e+06
0.272 5.3551e+07 8.6123e+06
0.273 7.1506e+07 8.5958e+06
0.274 5.0624e+07 8.5794e+06
0.275 7.064e+07 8.5631e+06
0.276 6.6715e+07 8.5468e+06
0.277 6.3612e+07 8.5307e+06
0.278 6.2358e+07 8.5146e+06
0.279 6.1778e+07 8.4986e+06
0.28 6.0289e+07 8.4826e+06
0.281 6.3174e+07 8.4668e+06
0.282 5.7569e+07 8.451e+06
0.283 5.6023e+07 8.4352e+06
0.284 7.4532e+07 8.4196e+06
0.285 4.0937e+07 8.404e+06
0.286 6.5531e+07 8.3884e+06
0.287 6.3453e+07 8.373e+06
0.288 6.555e+07 8.3575e+06
0.289 7.3239e+07 8.3422e+06
0.29 6.597e+07 8.3269e+06
0.291 4.9141e+07 8.3117e+06
0.292 5.8619e+07 8.2966e+06
0.293 5.8204e+07 8.2815e+06
0.294 5.9264e+07 8.2664e+06
0.295 6.9302e+07 8.2515e+06
0.296 6.6109e+07 8.2366e+06
0.297 5.8119e+07 8.2217e+06
0.298 5.4347e+07 8.2069e+06
0.299 6.5384e+07 8.1922e+06
0.3 6.2836e+07 8.1776e+06
0.301 7.1155e+07 8.163e+06
0.302 6.2875e+07 8.1484e+06
0.303 5.0947e+07 8.134e+06
0.304 6.5609e+07 8.1195e+06
0.305 5.7335e+07 8.1052e+06
0.306 5.4115e+07 8.0909e+06
0.307 7.4269e+07 8.0767e+06
0.308 4.534e+07 8.0625e+06
0.309 6.7053e+07 8.0484e+06
0.31 5.7331e+07 8.0343e+06
0.311 5.4353e+07 8.0203e+06
0.312 4.9399e+07 8.0064e+06
0.313 5.8343e+07 7.9926e+06
0.314 4.5622e+07 7.9788e+06
0.315 5.102e+07 7.965e+06
0.316 5.4994e+07 7.9513e+06
0.317 5.5555e+07 7.9377e+06
0.318 4.9792e+07 7.9242e+06
0.319 4.7894e+07 7.9107e+06
0.32 4.243e+07 7.8973e+06
0.321 4.5134e+07 7.8839e+06
0.322 5.2231e+07 7.8706e+06
0.323 5.6778e+07 7.8574e+06
0.324 4.8276e+07 7.8442e+06
0.325 4.38e+07 7.8311e+06
0.326 5.4923e+07 7.818e+06
0.327 4.8256e+07 7.8051e+06
0.328 4.7068e+07 7.7921e+06
0.329 4.6516e+07 7.7793e+06
0.33 4.194e+07 7.7665e+06
0.331 5.334e+07 7.7537e+06
0.332 4.3873e+07 7.7411e+06
0.333 5.4572e+07 7.7285e+06
0.334 4.5053e+07 7.7159e+06
0.335 5.1555e+07 7.7034e+06
0.336 4.2875e+07 7.691e+06
0.337 3.1649e+07 7.6787e+06
0.338 4.0023e+07 7.6664e+06
0.339 2.5702e+07 7.6541e+06
0.34 5.0759e+07 7.642e+06
0.341 5.222e+07 7.6299e+06
0.342 3.201e+07 7.6178e+06
0.343 3.907e+07 7.6058e+06
0.344 4.1783e+07 7.5939e+06
0.345 3.7588e+07 7.5821e+06
0.346 5.4991e+07 7.5703e+06
0.347 3.8868e+07 7.5585e+06
0.348 4.534e+07 7.5468e+06
0.349 3.1226e+07 7.5352e+06
0.35 4.2789e+07 7.5237e+06
0.351 3.9392e+07 7.5122e+06
0.352 4.5842e+07 7.5007e+06
0.353 4.3501e+07 7.4894e+06
0.354 4.7953e+07 7.478e+06
0.355 3.4453e+07 7.4668e+06
0.356 4.2624e+07 7.4556e+06
0.357 3.1762e+07 7.4445e+06
0.358 3.1649e+07 7.4334e+06
0.359 3.5152e+07 7.4223e+06
0.36 4.3499e+07 7.4114e+06
0.361 4.6756e+07 7.4005e+06
0.362 2.886e+07 7.3896e+06
0.363 3.6713e+07 7.3788e+06
0.364 2.9156e+07 7.3681e+06
0.365 4.7831e+07 7.3574e+06
0.366 2.9818e+07 7.3468e+06
0.367 2.9668e+07 7.3362e+06
0.368 4.9318e+07 7.3257e+06
0.369 4.0874e+07 7.3153e+06
0.37 5.2516e+07 7.3049e+06
0.371 4.3808e+07 7.2945e+06
0.372 3.8702e+07 7.2843e+06
0.373 3.0205e+07 7.274e+06
0.374 2.2358e+07 7.2638e+06
0.375 2.8747e+07 7.2537e+06
0.376 2.6335e+07 7.2436e+06
0.377 4.0956e+07 7.2336e+06
0.378 2.128e+07 7.2237e+06
0.379 1.8662e+07 7.2137e+06
0.38 2.5275e+07 7.2039e+06
0.381 1.3073e+07 7.1941e+06
0.382 3.0712e+07 7.1843e+06
0.383 3.3441e+07 7.1746e+06
0.384 2.6456e+07 7.1649e+06
0.385 3.0464e+07 7.1553e+06
0.386 3.272e+07 7.1457e+06
0.387 3.9183e+07 7.1362e+06
0.388 3.6205e+07 7.1268e+06
0.389 3.6345e+07 7.1173e+06
0.39 2.8854e+07 7.108e+06
0.391 3.2257e+07 7.0986e+06
0.392 2.6356e+07 7.0893e+06
0.393 2.6335e+07 7.0801e+06
0.394 2.3137e+07 7.0709e+06
0.395 2.6197e+07 7.0618e+06
0.396 2.9324e+07 7.0527e+06
0.397 2.6416e+07 7.0436e+06
0.398 1.3916e+07 7.0346e+06
0.399 3.3367e+07 7.0256e+06
0.4 2.7759e+07 7.0167e+06
0.401 4.3196e+07 7.0078e+06
0.402 4.3416e+07 6.999e+06
0.403 4.3833e+07 6.9902e+06
0.404 2.2871e+07 6.9814e+06
0.405 2.4613e+07 6.9727e+06
0.406 3.0235e+07 6.964e+06
0.407 5.1797e+07 6.9554e+06
0.408 3.3811e+07 6.9468e+06
0.409 3.0307e+07 6.9382e+06
0.41 3.2633e+07 6.9297e+06
0.411 2.9145e+07 6.9212e+06
0.412 3.6862e+07 6.9127e+06
0.413 2.9481e+07 6.9043e+06
0.414 2.8126e+07 6.8959e+06
0.415 2.857e+07 6.8876e+06
0.416 3.6159e+07 6.8792e+06
0.417 2.8271e+07 6.871e+06
0.418 2.8093e+07 6.8627e+06
0.419 3.6153e+07 6.8545e+06
0.42 2.8146e+07 6.8463e+06
0.421 3.4715e+07 6.8382e+06
0.422 3.497e+07 6.8301e+06
0.423 3.0768e+07 6.822e+06
0.424 2.9709e+07 6.814e+06
0.425 2.9112e+07 6.806e+06
0.426 2.5527e+07 6.798e+06
0.427 3.935e+07 6.79e+06
0.428 3.5745e+07 6.7821e+06
0.429 2.9689e+07 6.7742e+06
0.43 4.2549e+07 6.7663e+06
0.431 3.9003e+07 6.7585e+06
0.432 2.7709e+07 6.7507e+06
0.433 1.89e+07 6.7429e+06
0.434 2.4302e+07 6.7352e+06
0.435 2.0498e+07 6.7275e+06
0.436 2.586e+07 6.7198e+06
0.437 3.2373e+07 6.7121e+06
0.438 2.647e+07 6.7045e+06
0.439 2.526e+07 6.6969e+06
0.44 3.1053e+07 6.6893e+06
0.441 3.7805e+07 6.6817e+06
0.442 3.0177e+07 6.6742e+06
0.443 2.3116e+07 6.6667e+06
0.444 4.3393e+07 6.6592e+06
0.445 1.1518e+07 6.6518e+06
0.446 2.9148e+07 6.6443e+06
0.447 3.2325e+07 6.6369e+06
0.448 2.3506e+07 6.6295e+06
0.449 2.8349e+07 6.6222e+06
0.45 4.2501e+07 6.6149e+06
0.451 1.5002e+07 6.6076e+06
0.452 2.5492e+07 6.6003e+06
0.453 2.5298e+07 6.593e+06
0.454 3.5786e+07 6.5858e+06
0.455 3.9937e+07 6.5786e+06
0.456 4.1037e+07 6.5714e+06
0.457 2.2117e+07 6.5642e+06
0.458 3.0254e+07 6.5571e+06
0.459 3.1967e+07 6.5499e+06
0.46 2.4322e+07 6.5428e+06
0.461 2.832e+07 6.5358e+06
0.462 2.4091e+07 6.5287e+06
0.463 3.4601e+07 6.5217e+06
0.464 2.1807e+07 6.5147e+06
0.465 3.3816e+07 6.5077e+06
0.466 2.5984e+07 6.5007e+06
0.467 2.5732e+07 6.4937e+06
0.468 3.4959e+07 6.4868e+06
0.469 3.0588e+07 6.4799e+06
0.47 3.0194e+07 6.473e+06
0.471 2.9412e+07 6.4661e+06
0.472 3.3488e+07 6.4593e+06
0.473 2.813e+07 6.4524e+06
0.474 3.5166e+07 6.4456e+06
0.475 2.4772e+07 6.4388e+06
0.476 2.0481e+07 6.4321e+06
0.477 4.4559e+07 6.4253e+06
0.478 3.0005e+07 6.4186e+06
0.479 4.4964e+07 6.4119e+06
0.48 2.7642e+07 6.4052e+06
0.481 3.2057e+07 6.3985e+06
0.482 1.8537e+07 6.3918e+06
0.483 3.2679e+07 6.3852e+06
0.484 3.6912e+07 6.3785e+06
0.485 2.3474e+07 6.3719e+06
0.486 2.6034e+07 6.3654e+06
0.487 2.5634e+07 6.3588e+06
0.488 2.1645e+07 6.3522e+06
0.489 1.8856e+07 6.3457e+06
0.49 2.7058e+07 6.3392e+06
0.491 2.1616e+07 6.3327e+06
0.492 3.9888e+07 6.3262e+06
0.493 1.8983e+07 6.3197e+06
0.494 3.8308e+07 6.3133e+06
0.495 2.1108e+07 6.3069e+06
0.496 2.095e+07 6.3004e+06
0.497 2.1326e+07 6.294e+06
0.498 2.7095e+07 6.2877e+06
0.499 2.5673e+07 6.2813e+06
0.5 3.0094e+07 6.275e+06
