0.001 7.3562e+09 3.7047e+08
0.002 7.2175e+09 2.6191e+08
0.003 7.2883e+09 2.1378e+08
0.004 6.9529e+09 1.8505e+08
0.005 6.8755e+09 1.6542e+08
0.006 7.0072e+09 1.509e+08
0.007 7.3151e+09 1.3958e+08
0.008 6.8861e+09 1.3044e+08
0.009 6.9374e+09 1.2284e+08
0.01 6.8551e+09 1.1639e+08
0.011 6.9557e+09 1.1082e+08
0.012 6.9034e+09 1.0594e+08
0.013 6.714e+09 1.0162e+08
0.014 6.817e+09 9.775e+07
0.015 6.7207e+09 9.4257e+07
0.016 6.713e+09 9.108e+07
0.017 6.6403e+09 8.8171e+07
0.018 6.4708e+09 8.5493e+07
0.019 6.6836e+09 8.3013e+07
0.02 6.4985e+09 8.0708e+07
0.021 6.3795e+09 7.8556e+07
0.022 6.1851e+09 7.6538e+07
0.023 6.3008e+09 7.4641e+07
0.024 6.1903e+09 7.2851e+07
0.025 6.3024e+09 7.1158e+07
0.026 6.2315e+09 6.9551e+07
0.027 6.174e+09 6.8024e+07
0.028 6.0248e+09 6.6568e+07
0.029 6.0657e+09 6.5178e+07
0.03 6.0804e+09 6.3848e+07
0.031 5.8811e+09 6.2573e+07
0.032 5.918e+09 6.1349e+07
0.033 5.7473e+09 6.0172e+07
0.034 5.7488e+09 5.9039e+07
0.035 5.703e+09 5.7947e+07
0.036 5.5122e+09 5.6892e+07
0.037 5.6681e+09 5.5873e+07
0.038 5.5271e+09 5.4887e+07
0.039 5.4006e+09 5.3933e+07
0.04 5.4575e+09 5.3007e+07
0.041 5.3252e+09 5.2109e+07
0.042 5.2292e+09 5.1238e+07
0.043 5.1448e+09 5.0391e+07
0.044 5.095e+09 4.9567e+07
0.045 4.9036e+09 4.8766e+07
0.046 4.8933e+09 4.7986e+07
0.047 4.9077e+09 4.7227e+07
0.048 4.7251e+09 4.6486e+07
0.049 4.6903e+09 4.5764e+07
0.05 4.6788e+09 4.506e+07
0.051 4.5353e+09 4.4373e+07
0.052 4.5117e+09 4.3702e+07
0.053 4.4683e+09 4.3047e+07
0.054 4.4444e+09 4.2407e+07
0.055 4.267e+09 4.1781e+07
0.056 4.2951e+09 4.1169e+07
0.057 4.1676e+09 4.0572e+07
0.058 4.0836e+09 3.9987e+07
0.059 3.9559e+09 3.9415e+07
0.06 3.9193e+09 3.8855e+07
0.061 3.8762e+09 3.8307e+07
0.062 3.8042e+09 3.7771e+07
0.063 3.6835e+09 3.7246e+07
0.064 3.6588e+09 3.6732e+07
0.065 3.6356e+09 3.6229e+07
0.066 3.5142e+09 3.5736e+07
0.067 3.4534e+09 3.5254e+07
0.068 3.4136e+09 3.4781e+07
0.069 3.3877e+09 3.4318e+07
0.07 3.247e+09 3.3864e+07
0.071 3.1676e+09 3.342e+07
0.072 3.0993e+09 3.2985e+07
0.073 3.08e+09 3.2558e+07
0.074 3.0127e+09 3.214e+07
0.075 3.0364e+09 3.173e+07
0.076 2.825e+09 3.1329e+07
0.077 2.8699e+09 3.0936e+07
0.078 2.7897e+09 3.055e+07
0.079 2.7739e+09 3.0172e+07
0.08 2.7065e+09 2.9802e+07
0.081 2.6132e+09 2.9439e+07
0.082 2.6462e+09 2.9084e+07
0.083 2.5462e+09 2.8735e+07
0.084 2.4854e+09 2.8394e+07
0.085 2.4058e+09 2.8059e+07
0.086 2.3075e+09 2.7731e+07
0.087 2.295e+09 2.7409e+07
0.088 2.2011e+09 2.7094e+07
0.089 2.2459e+09 2.6785e+07
0.09 2.1565e+09 2.6482e+07
0.091 2.0921e+09 2.6185e+07
0.092 2.0607e+09 2.5894e+07
0.093 1.9961e+09 2.5609e+07
0.094 1.9324e+09 2.533e+07
0.095 1.8947e+09 2.5056e+07
0.096 1.8765e+09 2.4787e+07
0.097 1.8371e+09 2.4524e+07
0.098 1.8213e+09 2.4265e+07
0.099 1.7745e+09 2.4012e+07
0.1 1.7763e+09 2.3764e+07
0.101 1.6942e+09 2.3521e+07
0.102 1.6123e+09 2.3282e+07
0.103 1.6039e+09 2.3048e+07
0.104 1.577e+09 2.2819e+07
0.105 1.5662e+09 2.2594e+07
0.106 1.4787e+09 2.2374e+07
0.107 1.4666e+09 2.2158e+07
0.108 1.4256e+09 2.1946e+07
0.109 1.4346e+09 2.1738e+07
0.11 1.4075e+09 2.1534e+07
0.111 1.3797e+09 2.1334e+07
0.112 1.3286e+09 2.1138e+07
0.113 1.2959e+09 2.0945e+07
0.114 1.2528e+09 2.0756e+07
0.115 1.2347e+09 2.0571e+07
0.116 1.1831e+09 2.039e+07
0.117 1.1736e+09 2.0211e+07
0.118 1.1323e+09 2.0036e+07
0.119 1.1556e+09 1.9865e+07
0.12 1.141e+09 1.9697e+07
0.121 1.0645e+09 1.9531e+07
0.122 1.037e+09 1.9369e+07
0.123 1.022e+09 1.921e+07
0.124 1.0112e+09 1.9054e+07
0.125 9.9127e+08 1.8901e+07
0.126 9.331e+08 1.8751e+07
0.127 9.1333e+08 1.8603e+07
0.128 8.794e+08 1.8458e+07
0.129 8.8351e+08 1.8316e+07
0.13 8.4483e+08 1.8177e+07
0.131 8.3759e+08 1.804e+07
0.132 8.1871e+08 1.7905e+07
0.133 8.4083e+08 1.7774e+07
0.134 8.0445e+08 1.7644e+07
0.135 7.4763e+08 1.7517e+07
0.136 7.5237e+08 1.7392e+07
0.137 7.4519e+08 1.727e+07
0.138 7.0352e+08 1.7149e+07
0.139 6.8811e+08 1.7031e+07
0.14 6.6751e+08 1.6915e+07
0.141 6.7844e+08 1.6802e+07
0.142 6.5041e+08 1.669e+07
0.143 6.3708e+08 1.658e+07
0.144 6.3174e+08 1.6472e+07
0.145 5.866e+08 1.6367e+07
0.146 5.841e+08 1.6263e+07
0.147 5.2756e+08 1.6161e+07
0.148 5.7533e+08 1.6061e+07
0.149 5.5207e+08 1.5963e+07
0.15 5.4406e+08 1.5866e+07
0.151 5.1319e+08 1.5772e+07
0.152 5.1941e+08 1.5679e+07
0.153 4.7166e+08 1.5587e+07
0.154 4.6596e+08 1.5498e+07
0.155 4.5516e+08 1.541e+07
0.156 4.3412e+08 1.5323e+07
0.157 4.389e+08 1.5238e+07
0.158 4.4353e+08 1.5155e+07
0.159 4.1807e+08 1.5073e+07
0.16 4.3425e+08 1.4993e+07
0.161 4.1226e+08 1.4914e+07
0.162 3.9481e+08 1.4836e+07
0.163 3.827e+08 1.476e+07
0.164 3.6033e+08 1.4686e+07
0.165 3.9136e+08 1.4612e+07
0.166 3.485e+08 1.454e+07
0.167 3.4105e+08 1.4469e+07
0.168 3.4134e+08 1.44e+07
0.169 3.4219e+08 1.4331e+07
0.17 3.194e+08 1.4264e+07
0.171 2.9711e+08 1.4198e+07
0.172 3.2079e+08 1.4133e+07
0.173 3.1351e+08 1.407e+07
0.174 2.9525e+08 1.4007e+07
0.175 2.7996e+08 1.3946e+07
0.176 2.8101e+08 1.3885e+07
0.177 2.6634e+08 1.3826e+07
0.178 2.7795e+08 1.3767e+07
0.179 2.5827e+08 1.371e+07
0.18 2.5393e+08 1.3653e+07
0.181 2.5277e+08 1.3598e+07
0.182 2.3873e+08 1.3543e+07
0.183 2.2345e+08 1.3489e+07
0.184 2.463e+08 1.3436e+07
0.185 2.2033e+08 1.3384e+07
0.186 2.5967e+08 1.3333e+07
0.187 2.1371e+08 1.3283e+07
0.188 2.3202e+08 1.3233e+07
0.189 2.1125e+08 1.3184e+07
0.19 2.24e+08 1.3136e+07
0.191 2.0693e+08 1.3089e+07
0.192 1.879e+08 1.3042e+07
0.193 1.8197e+08 1.2996e+07
0.194 1.8174e+08 1.2951e+07
0.195 2.0346e+08 1.2906e+07
0.196 1.9455e+08 1.2862e+07
0.197 1.8146e+08 1.2819e+07
0.198 1.7252e+08 1.2777e+07
0.199 1.4737e+08 1.2735e+07
0.2 1.863e+08 1.2693e+07
0.201 1.5219e+08 1.2652e+07
0.202 1.6215e+08 1.2612e+07
0.203 1.6504e+08 1.2572e+07
0.204 1.461e+08 1.2533e+07
0.205 1.4356e+08 1.2494e+07
0.206 1.4507e+08 1.2456e+07
0.207 1.4352e+08 1.2419e+07
0.208 1.504e+08 1.2382e+07
0.209 1.5611e+08 1.2345e+07
0.21 1.2925e+08 1.2309e+07
0.211 1.2068e+08 1.2273e+07
0.212 1.4584e+08 1.2238e+07
0.213 1.288e+08 1.2203e+07
0.214 1.4613e+08 1.2168e+07
0.215 1.3709e+08 1.2134e+07
0.216 1.1372e+08 1.2101e+07
0.217 1.4535e+08 1.2068e+07
0.218 1.2665e+08 1.2035e+07
0.219 1.0909e+08 1.2003e+07
0.22 1.2684e+08 1.1971e+07
0.221 1.2937e+08 1.1939e+07
0.222 1.3699e+08 1.1908e+07
0.223 1.2784e+08 1.1877e+07
0.224 1.1227e+08 1.1846e+07
0.225 1.1214e+08 1.1816e+07
0.226 8.7935e+07 1.1786e+07
0.227 1.122e+08 1.1756e+07
0.228 1.065e+08 1.1727e+07
0.229 1.239e+08 1.1698e+07
0.23 1.0115e+08 1.1669e+07
0.231 9.9565e+07 1.1641e+07
0.232 1.0641e+08 1.1613e+07
0.233 9.6455e+07 1.1585e+07
0.234 9.8288e+07 1.1558e+07
0.235 1.0547e+08 1.153e+07
0.236 1.0938e+08 1.1503e+07
0.237 1.1907e+08 1.1477e+07
0.238 9.8683e+07 1.145e+07
0.239 1.0584e+08 1.1424e+07
0.24 7.2859e+07 1.1398e+07
0.241 8.2649e+07 1.1372e+07
0.242 9.7424e+07 1.1347e+07
0.243 1.0922e+08 1.1321e+07
0.244 1.1134e+08 1.1296e+07
0.245 1.0403e+08 1.1271e+07
0.246 8.5153e+07 1.1247e+07
0.247 1.0645e+08 1.1222e+07
0.248 7.951e+07 1.1198e+07
0.249 1.0544e+08 1.1174e+07
0.25 9.479e+07 1.115e+07
0.251 8.173e+07 1.1126e+07
0.252 1.0817e+08 1.1103e+07
0.253 9.5903e+07 1.1079e+07
0.254 1.1727e+08 1.1056e+07
0.255 7.5359e+07 1.1033e+07
0.256 9.8613e+07 1.101e+07
0.257 9.602e+07 1.0988e+07
0.258 1.0081e+08 1.0965e+07
0.259 8.64e+07 1.0943e+07
0.26 9.4838e+07 1.0921e+07
0.261 7.2935e+07 1.0898e+07
0.262 9.0867e+07 1.0876e+07
0.263 7.538e+07 1.0855e+07
0.264 8.2638e+07 1.0833e+07
0.265 8.2262e+07 1.0811e+07
0.266 7.8989e+07 1.079e+07
0.267 7.9027e+07 1.0769e+07
0.268 9.6297e+07 1.0747e+07
0.269 8.4118e+07 1.0726e+07
0.27 8.9195e+07 1.0705e+07
0.271 9.4552e+07 1.0684e+07
0.272 8.7084e+07 1.0664e+07
0.273 8.5292e+07 1.0643e+07
0.274 8.7669e+07 1.0622e+07
0.275 8.5077e+07 1.0602e+07
0.276 6.7309e+07 1.0582e+07
0.277 9.7311e+07 1.0561e+07
0.278 8.7308e+07 1.0541e+07
0.279 1.0159e+08 1.0521e+07
0.28 8.9493e+07 1.0501e+07
0.281 6.3609e+07 1.0481e+07
0.282 9.0164e+07 1.0462e+07
0.283 8.6143e+07 1.0442e+07
0.284 8.4892e+07 1.0422e+07
0.285 6.4757e+07 1.0403e+07
0.286 6.8249e+07 1.0384e+07
0.287 8.9811e+07 1.0364e+07
0.288 7.7473e+07 1.0345e+07
0.289 7.242e+07 1.0326e+07
0.29 7.1701e+07 1.0307e+07
0.291 5.7184e+07 1.0288e+07
0.292 8.96e+07 1.0269e+07
0.293 8.5936e+07 1.025e+07
0.294 7.0666e+07 1.0231e+07
0.295 1.005e+08 1.0213e+07
0.296 6.8771e+07 1.0194e+07
0.297 5.5245e+07 1.0176e+07
0.298 5.2386e+07 1.0157e+07
0.299 5.652e+07 1.0139e+07
0.3 5.3058e+07 1.0121e+07
0.301 6.5771e+07 1.0102e+07
0.302 7.1688e+07 1.0084e+07
0.303 8.1939e+07 1.0066e+07
0.304 7.2004e+07 1.0048e+07
0.305 6.8717e+07 1.0031e+07
0.306 7.1858e+07 1.0013e+07
0.307 7.8161e+07 9.9952e+06
0.308 6.3597e+07 9.9776e+06
0.309 8.1189e+07 9.9601e+06
0.31 7.4369e+07 9.9426e+06
0.311 5.1459e+07 9.9253e+06
0.312 7.1019e+07 9.908e+06
0.313 5.9856e+07 9.8908e+06
0.314 6.4968e+07 9.8737e+06
0.315 5.3693e+07 9.8567e+06
0.316 6.8919e+07 9.8397e+06
0.317 8.8958e+07 9.8229e+06
0.318 7.483e+07 9.8061e+06
0.319 6.427e+07 9.7894e+06
0.32 7.3572e+07 9.7728e+06
0.321 6.4019e+07 9.7562e+06
0.322 6.6002e+07 9.7398e+06
0.323 5.3169e+07 9.7234e+06
0.324 5.6363e+07 9.7071e+06
0.325 5.9727e+07 9.6909e+06
0.326 6.3019e+07 9.6748e+06
0.327 6.2128e+07 9.6587e+06
0.328 5.1869e+07 9.6427e+06
0.329 6.8253e+07 9.6268e+06
0.33 7.0201e+07 9.611e+06
0.331 6.7963e+07 9.5953e+06
0.332 6.3385e+07 9.5796e+06
0.333 6.3236e+07 9.564e+06
0.334 5.8605e+07 9.5485e+06
0.335 4.5236e+07 9.5331e+06
0.336 5.8793e+07 9.5178e+06
0.337 4.4128e+07 9.5025e+06
0.338 6.419e+07 9.4873e+06
0.339 6.8563e+07 9.4722e+06
0.34 3.5765e+07 9.4572e+06
0.341 5.4167e+07 9.4422e+06
0.342 3.9755e+07 9.4274e+06
0.343 5.8841e+07 9.4126e+06
0.344 4.6497e+07 9.3979e+06
0.345 3.0389e+07 9.3832e+06
0.346 4.0287e+07 9.3686e+06
0.347 5.377e+07 9.3541e+06
0.348 4.6764e+07 9.3397e+06
0.349 5.3852e+07 9.3254e+06
0.35 5.395e+07 9.3111e+06
0.351 4.5038e+07 9.2969e+06
0.352 6.5416e+07 9.2828e+06
0.353 4.0512e+07 9.2688e+06
0.354 4.2257e+07 9.2548e+06
0.355 3.4829e+07 9.2409e+06
0.356 4.9355e+07 9.227e+06
0.357 4.2019e+07 9.2133e+06
0.358 4.8857e+07 9.1996e+06
0.359 2.258e+07 9.186e+06
0.36 4.5944e+07 9.1725e+06
0.361 5.0762e+07 9.159e+06
0.362 4.0809e+07 9.1456e+06
0.363 5.2025e+07 9.1322e+06
0.364 3.7643e+07 9.119e+06
0.365 1.9601e+07 9.1058e+06
0.366 3.88e+07 9.0927e+06
0.367 3.8753e+07 9.0796e+06
0.368 3.6616e+07 9.0666e+06
0.369 5.8509e+07 9.0537e+06
0.37 3.9671e+07 9.0409e+06
0.371 2.1127e+07 9.0281e+06
0.372 4.2482e+07 9.0153e+06
0.373 3.9503e+07 9.0027e+06
0.374 5.7757e+07 8.9901e+06
0.375 3.4903e+07 8.9776e+06
0.376 5.0997e+07 8.9651e+06
0.377 4.1113e+07 8.9527e+06
0.378 4.2081e+07 8.9404e+06
0.379 5.117e+07 8.9281e+06
0.38 4.0586e+07 8.9159e+06
0.381 4.2352e+07 8.9038e+06
0.382 3.9608e+07 8.8917e+06
0.383 3.998e+07 8.8797e+06
0.384 4.9185e+07 8.8677e+06
0.385 2.8405e+07 8.8558e+06
0.386 2.734e+07 8.844e+06
0.387 2.9463e+07 8.8322e+06
0.388 6.2457e+07 8.8205e+06
0.389 3.6324e+07 8.8088e+06
0.39 3.6923e+07 8.7972e+06
0.391 2.2665e+07 8.7856e+06
0.392 4.4766e+07 8.7741e+06
0.393 3.3015e+07 8.7627e+06
0.394 3.3406e+07 8.7513e+06
0.395 3.5218e+07 8.74e+06
0.396 3.777e+07 8.7287e+06
0.397 3.5382e+07 8.7175e+06
0.398 4.0656e+07 8.7063e+06
0.399 2.5441e+07 8.6952e+06
0.4 3.4801e+07 8.6842e+06
0.401 3.2948e+07 8.6731e+06
0.402 5.1866e+07 8.6622e+06
0.403 3.8716e+07 8.6513e+06
0.404 3.1968e+07 8.6404e+06
0.405 3.8571e+07 8.6296e+06
0.406 2.9167e+07 8.6188e+06
0.407 4.2712e+07 8.6081e+06
0.408 4.2378e+07 8.5975e+06
0.409 4.3057e+07 8.5868e+06
0.41 3.0452e+07 8.5763e+06
0.411 3.2161e+07 8.5658e+06
0.412 4.1171e+07 8.5553e+06
0.413 3.3493e+07 8.5448e+06
0.414 3.1639e+07 8.5344e+06
0.415 2.277e+07 8.5241e+06
0.416 4.436e+07 8.5138e+06
0.417 3.7823e+07 8.5035e+06
0.418 3.3254e+07 8.4933e+06
0.419 4.4978e+07 8.4831e+06
0.42 3.9688e+07 8.473e+06
0.421 3.1735e+07 8.4629e+06
0.422 2.1509e+07 8.4529e+06
0.423 4.3883e+07 8.4428e+06
0.424 4.5525e+07 8.4329e+06
0.425 3.6366e+07 8.4229e+06
0.426 4.4589e+07 8.413e+06
0.427 3.6859e+07 8.4032e+06
0.428 3.7567e+07 8.3934e+06
0.429 3.6087e+07 8.3836e+06
0.43 3.094e+07 8.3738e+06
0.431 3.409e+07 8.3641e+06
0.432 4.054e+07 8.3545e+06
0.433 2.024e+07 8.3448e+06
0.434 3.1608e+07 8.3352e+06
0.435 4.8565e+07 8.3257e+06
0.436 3.8741e+07 8.3161e+06
0.437 4.9188e+07 8.3066e+06
0.438 2.095e+07 8.2972e+06
0.439 2.3458e+07 8.2878e+06
0.44 3.5075e+07 8.2784e+06
0.441 3.5632e+07 8.269e+06
0.442 4.6493e+07 8.2597e+06
0.443 4.6341e+07 8.2504e+06
0.444 2.9871e+07 8.2411e+06
0.445 4.0294e+07 8.2319e+06
0.446 4.2845e+07 8.2227e+06
0.447 4.2114e+07 8.2135e+06
0.448 3.5771e+07 8.2044e+06
0.449 4.569e+07 8.1953e+06
0.45 2.9075e+07 8.1862e+06
0.451 4.0338e+07 8.1772e+06
0.452 5.2158e+07 8.1682e+06
0.453 2.9003e+07 8.1592e+06
0.454 3.0641e+07 8.1502e+06
0.455 3.8104e+07 8.1413e+06
0.456 3.5862e+07 8.1324e+06
0.457 3.5836e+07 8.1236e+06
0.458 3.3262e+07 8.1147e+06
0.459 3.8674e+07 8.1059e+06
0.46 2.766e+07 8.0971e+06
0.461 3.4483e+07 8.0884e+06
0.462 3.5407e+07 8.0797e+06
0.463 2.6528e+07 8.071e+06
0.464 2.9339e+07 8.0623e+06
0.465 4.3447e+07 8.0537e+06
0.466 5.5737e+07 8.045e+06
0.467 3.3965e+07 8.0364e+06
0.468 4.2017e+07 8.0279e+06
0.469 3.9165e+07 8.0193e+06
0.47 2.2699e+07 8.0108e+06
0.471 3.9162e+07 8.0023e+06
0.472 3.3329e+07 7.9939e+06
0.473 4.486e+07 7.9854e+06
0.474 2.9385e+07 7.977e+06
0.475 4.7254e+07 7.9686e+06
0.476 4.6119e+07 7.9603e+06
0.477 4.5697e+07 7.9519e+06
0.478 3.2448e+07 7.9436e+06
0.479 4.4615e+07 7.9353e+06
0.48 3.6877e+07 7.9271e+06
0.481 4.5926e+07 7.9188e+06
0.482 3.3324e+07 7.9106e+06
0.483 4.6763e+07 7.9024e+06
0.484 3.6584e+07 7.8942e+06
0.485 4.5448e+07 7.8861e+06
0.486 2.1862e+07 7.8779e+06
0.487 3.0774e+07 7.8698e+06
0.488 3.1803e+07 7.8617e+06
0.489 3.5272e+07 7.8537e+06
0.49 2.8491e+07 7.8456e+06
0.491 3.0928e+07 7.8376e+06
0.492 5.1083e+07 7.8296e+06
0.493 3.7481e+07 7.8216e+06
0.494 3.6762e+07 7.8137e+06
0.495 2.8303e+07 7.8058e+06
0.496 3.8183e+07 7.7978e+06
0.497 2.3663e+07 7.79e+06
0.498 2.9051e+07 7.7821e+06
0.499 3.0099e+07 7.7742e+06
0.5 3.0632e+07 7.7664e+06
