0.001 1.3842e+10 8.0157e+08
0.002 1.4321e+10 5.6668e+08
0.003 1.523e+10 4.6253e+08
0.004 1.4997e+10 4.0037e+08
0.005 1.4195e+10 3.5789e+08
0.006 1.431e+10 3.2646e+08
0.007 1.5241e+10 3.0197e+08
0.008 1.5204e+10 2.8218e+08
0.009 1.4101e+10 2.6574e+08
0.01 1.4884e+10 2.5177e+08
0.011 1.4433e+10 2.3971e+08
0.012 1.4317e+10 2.2915e+08
0.013 1.3944e+10 2.1979e+08
0.014 1.4166e+10 2.1141e+08
0.015 1.383e+10 2.0384e+08
0.016 1.412e+10 1.9696e+08
0.017 1.3986e+10 1.9066e+08
0.018 1.3782e+10 1.8485e+08
0.019 1.3935e+10 1.7948e+08
0.02 1.3432e+10 1.7449e+08
0.021 1.3251e+10 1.6982e+08
0.022 1.3304e+10 1.6545e+08
0.023 1.3075e+10 1.6133e+08
0.024 1.3124e+10 1.5745e+08
0.025 1.3045e+10 1.5378e+08
0.026 1.2965e+10 1.503e+08
0.027 1.2909e+10 1.4699e+08
0.028 1.2573e+10 1.4383e+08
0.029 1.2392e+10 1.4081e+08
0.03 1.2431e+10 1.3793e+08
0.031 1.2377e+10 1.3517e+08
0.032 1.205e+10 1.3251e+08
0.033 1.1947e+10 1.2996e+08
0.034 1.2082e+10 1.2751e+08
0.035 1.1522e+10 1.2514e+08
0.036 1.1607e+10 1.2285e+08
0.037 1.1313e+10 1.2065e+08
0.038 1.118e+10 1.1851e+08
0.039 1.116e+10 1.1644e+08
0.04 1.0961e+10 1.1444e+08
0.041 1.0879e+10 1.125e+08
0.042 1.0622e+10 1.1061e+08
0.043 1.0382e+10 1.0878e+08
0.044 1.0268e+10 1.07e+08
0.045 1.0133e+10 1.0527e+08
0.046 1.0059e+10 1.0359e+08
0.047 9.7752e+09 1.0195e+08
0.048 9.7196e+09 1.0035e+08
0.049 9.6794e+09 9.8799e+07
0.05 9.2546e+09 9.7283e+07
0.051 9.1832e+09 9.5804e+07
0.052 9.0135e+09 9.4362e+07
0.053 8.8007e+09 9.2954e+07
0.054 8.7032e+09 9.158e+07
0.055 8.5479e+09 9.0238e+07
0.056 8.6099e+09 8.8927e+07
0.057 8.2714e+09 8.7647e+07
0.058 8.1634e+09 8.6397e+07
0.059 7.9927e+09 8.5174e+07
0.06 7.8841e+09 8.398e+07
0.061 7.8137e+09 8.2812e+07
0.062 7.4519e+09 8.167e+07
0.063 7.4332e+09 8.0554e+07
0.064 7.3002e+09 7.9463e+07
0.065 7.0687e+09 7.8395e+07
0.066 7.0119e+09 7.7351e+07
0.067 6.8599e+09 7.633e+07
0.068 6.8128e+09 7.5331e+07
0.069 6.5306e+09 7.4354e+07
0.07 6.3926e+09 7.3398e+07
0.071 6.4544e+09 7.2464e+07
0.072 6.1304e+09 7.1549e+07
0.073 6.1804e+09 7.0654e+07
0.074 5.9826e+09 6.9779e+07
0.075 5.8225e+09 6.8922e+07
0.076 5.5923e+09 6.8084e+07
0.077 5.6032e+09 6.7264e+07
0.078 5.5182e+09 6.6462e+07
0.079 5.3005e+09 6.5678e+07
0.08 5.1383e+09 6.491e+07
0.081 5.0984e+09 6.4159e+07
0.082 4.9889e+09 6.3424e+07
0.083 4.9958e+09 6.2705e+07
0.084 4.6575e+09 6.2001e+07
0.085 4.6274e+09 6.1313e+07
0.086 4.6092e+09 6.0639e+07
0.087 4.4846e+09 5.9981e+07
0.088 4.3645e+09 5.9336e+07
0.089 4.3513e+09 5.8705e+07
0.09 4.127e+09 5.8088e+07
0.091 4.0991e+09 5.7484e+07
0.092 3.9745e+09 5.6893e+07
0.093 3.9338e+09 5.6315e+07
0.094 3.7492e+09 5.5749e+07
0.095 3.7522e+09 5.5195e+07
0.096 3.6815e+09 5.4653e+07
0.097 3.566e+09 5.4122e+07
0.098 3.5004e+09 5.3603e+07
0.099 3.3825e+09 5.3095e+07
0.1 3.3704e+09 5.2597e+07
0.101 3.2927e+09 5.211e+07
0.102 3.0192e+09 5.1633e+07
0.103 3.1069e+09 5.1167e+07
0.104 3.0651e+09 5.0709e+07
0.105 2.9532e+09 5.0262e+07
0.106 2.8612e+09 4.9823e+07
0.107 2.8407e+09 4.9394e+07
0.108 2.8793e+09 4.8973e+07
0.109 2.7715e+09 4.8561e+07
0.11 2.6885e+09 4.8158e+07
0.111 2.6706e+09 4.7762e+07
0.112 2.5699e+09 4.7374e+07
0.113 2.4735e+09 4.6994e+07
0.114 2.3818e+09 4.6622e+07
0.115 2.436e+09 4.6257e+07
0.116 2.3106e+09 4.5899e+07
0.117 2.2656e+09 4.5549e+07
0.118 2.2633e+09 4.5205e+07
0.119 2.1654e+09 4.4867e+07
0.12 2.1934e+09 4.4536e+07
0.121 2.1616e+09 4.4212e+07
0.122 2.0445e+09 4.3893e+07
0.123 1.9282e+09 4.3581e+07
0.124 2.0126e+09 4.3274e+07
0.125 1.9219e+09 4.2974e+07
0.126 1.9023e+09 4.2678e+07
0.127 1.7737e+09 4.2389e+07
0.128 1.8133e+09 4.2104e+07
0.129 1.73e+09 4.1825e+07
0.13 1.8005e+09 4.1551e+07
0.131 1.7234e+09 4.1282e+07
0.132 1.6038e+09 4.1017e+07
0.133 1.563e+09 4.0758e+07
0.134 1.6161e+09 4.0503e+07
0.135 1.5441e+09 4.0252e+07
0.136 1.5283e+09 4.0006e+07
0.137 1.5125e+09 3.9764e+07
0.138 1.4217e+09 3.9527e+07
0.139 1.4541e+09 3.9293e+07
0.14 1.3496e+09 3.9064e+07
0.141 1.3681e+09 3.8839e+07
0.142 1.2869e+09 3.8617e+07
0.143 1.3467e+09 3.84e+07
0.144 1.3133e+09 3.8186e+07
0.145 1.2944e+09 3.7975e+07
0.146 1.2891e+09 3.7768e+07
0.147 1.2082e+09 3.7565e+07
0.148 1.1205e+09 3.7365e+07
0.149 1.1612e+09 3.7168e+07
0.15 1.1996e+09 3.6975e+07
0.151 1.1838e+09 3.6785e+07
0.152 1.0964e+09 3.6598e+07
0.153 1.0978e+09 3.6414e+07
0.154 1.04e+09 3.6233e+07
0.155 9.7807e+08 3.6055e+07
0.156 1.022e+09 3.588e+07
0.157 9.8039e+08 3.5708e+07
0.158 9.2752e+08 3.5538e+07
0.159 9.303e+08 3.5372e+07
0.16 9.3721e+08 3.5208e+07
0.161 8.7831e+08 3.5046e+07
0.162 9.7217e+08 3.4887e+07
0.163 8.4147e+08 3.4731e+07
0.164 8.33e+08 3.4577e+07
0.165 8.8922e+08 3.4425e+07
0.166 7.9668e+08 3.4276e+07
0.167 7.3616e+08 3.4129e+07
0.168 8.3023e+08 3.3984e+07
0.169 7.9266e+08 3.3841e+07
0.17 8.0495e+08 3.3701e+07
0.171 7.2438e+08 3.3562e+07
0.172 7.3506e+08 3.3426e+07
0.173 6.7572e+08 3.3292e+07
0.174 7.338e+08 3.316e+07
0.175 7.0839e+08 3.3029e+07
0.176 6.5447e+08 3.2901e+07
0.177 6.2467e+08 3.2774e+07
0.178 6.8543e+08 3.2649e+07
0.179 6.0839e+08 3.2526e+07
0.18 6.2889e+08 3.2404e+07
0.181 6.0531e+08 3.2285e+07
0.182 5.9764e+08 3.2166e+07
0.183 5.3126e+08 3.205e+07
0.184 5.6606e+08 3.1935e+07
0.185 6.007e+08 3.1822e+07
0.186 5.9804e+08 3.171e+07
0.187 5.6623e+08 3.1599e+07
0.188 5.9722e+08 3.149e+07
0.189 5.1903e+08 3.1383e+07
0.19 5.4737e+08 3.1276e+07
0.191 5.3647e+08 3.1171e+07
0.192 5.0448e+08 3.1068e+07
0.193 4.4789e+08 3.0965e+07
0.194 4.8817e+08 3.0864e+07
0.195 4.8408e+08 3.0765e+07
0.196 4.96e+08 3.0666e+07
0.197 4.8386e+08 3.0568e+07
0.198 5.1402e+08 3.0472e+07
0.199 5.2248e+08 3.0377e+07
0.2 3.8309e+08 3.0283e+07
0.201 4.2141e+08 3.019e+07
0.202 4.2912e+08 3.0098e+07
0.203 4.2371e+08 3.0007e+07
0.204 4.1663e+08 2.9917e+07
0.205 4.4829e+08 2.9828e+07
0.206 4.9105e+08 2.9741e+07
0.207 4.2801e+08 2.9654e+07
0.208 4.0625e+08 2.9568e+07
0.209 3.81e+08 2.9483e+07
0.21 4.3581e+08 2.9399e+07
0.211 3.7528e+08 2.9315e+07
0.212 3.7174e+08 2.9233e+07
0.213 3.7226e+08 2.9152e+07
0.214 3.8592e+08 2.9071e+07
0.215 3.4873e+08 2.8991e+07
0.216 3.0737e+08 2.8912e+07
0.217 3.9093e+08 2.8834e+07
0.218 2.9453e+08 2.8757e+07
0.219 3.4577e+08 2.868e+07
0.22 3.562e+08 2.8604e+07
0.221 2.9766e+08 2.8529e+07
0.222 3.7112e+08 2.8455e+07
0.223 3.42e+08 2.8381e+07
0.224 2.9324e+08 2.8308e+07
0.225 3.7753e+08 2.8236e+07
0.226 3.1633e+08 2.8164e+07
0.227 3.2656e+08 2.8094e+07
0.228 3.2938e+08 2.8023e+07
0.229 3.7783e+08 2.7954e+07
0.23 3.2716e+08 2.7885e+07
0.231 3.2397e+08 2.7817e+07
0.232 2.5916e+08 2.7749e+07
0.233 3.098e+08 2.7682e+07
0.234 3.0874e+08 2.7615e+07
0.235 3.2955e+08 2.755e+07
0.236 2.5424e+08 2.7484e+07
0.237 2.9733e+08 2.742e+07
0.238 3.0428e+08 2.7355e+07
0.239 2.5984e+08 2.7292e+07
0.24 2.7085e+08 2.7229e+07
0.241 2.801e+08 2.7166e+07
0.242 3.0574e+08 2.7104e+07
0.243 2.2348e+08 2.7042e+07
0.244 3.2907e+08 2.6981e+07
0.245 2.2271e+08 2.6921e+07
0.246 2.7116e+08 2.686e+07
0.247 2.541e+08 2.6801e+07
0.248 2.567e+08 2.6741e+07
0.249 2.8265e+08 2.6683e+07
0.25 2.8923e+08 2.6624e+07
0.251 2.4314e+08 2.6566e+07
0.252 2.5537e+08 2.6509e+07
0.253 3.0722e+08 2.6452e+07
0.254 1.9765e+08 2.6395e+07
0.255 2.9435e+08 2.6338e+07
0.256 2.0301e+08 2.6282e+07
0.257 2.7729e+08 2.6227e+07
0.258 2.5602e+08 2.6172e+07
0.259 2.0864e+08 2.6117e+07
0.26 2.6383e+08 2.6062e+07
0.261 1.8808e+08 2.6008e+07
0.262 2.1542e+08 2.5954e+07
0.263 2.8052e+08 2.5901e+07
0.264 1.9161e+08 2.5847e+07
0.265 2.608e+08 2.5794e+07
0.266 2.1716e+08 2.5742e+07
0.267 2.1519e+08 2.569e+07
0.268 2.5898e+08 2.5638e+07
0.269 2.1232e+08 2.5586e+07
0.27 2.265e+08 2.5534e+07
0.271 2.3185e+08 2.5483e+07
0.272 2.2716e+08 2.5433e+07
0.273 2.3787e+08 2.5382e+07
0.274 2.2299e+08 2.5332e+07
0.275 2.0198e+08 2.5282e+07
0.276 2.5442e+08 2.5232e+07
0.277 1.9281e+08 2.5182e+07
0.278 2.0128e+08 2.5133e+07
0.279 1.936e+08 2.5084e+07
0.28 2.6985e+08 2.5035e+07
0.281 2.126e+08 2.4987e+07
0.282 1.8731e+08 2.4939e+07
0.283 2.2467e+08 2.4891e+07
0.284 2.0728e+08 2.4843e+07
0.285 2.0601e+08 2.4795e+07
0.286 2.026e+08 2.4748e+07
0.287 2.1242e+08 2.4701e+07
0.288 1.9239e+08 2.4654e+07
0.289 2.033e+08 2.4608e+07
0.29 2.0103e+08 2.4562e+07
0.291 1.9894e+08 2.4515e+07
0.292 1.9523e+08 2.447e+07
0.293 2.0944e+08 2.4424e+07
0.294 2.1614e+08 2.4379e+07
0.295 2.1149e+08 2.4333e+07
0.296 1.7949e+08 2.4288e+07
0.297 1.9703e+08 2.4244e+07
0.298 1.6296e+08 2.4199e+07
0.299 1.8292e+08 2.4155e+07
0.3 1.8937e+08 2.4111e+07
0.301 1.4174e+08 2.4067e+07
0.302 1.9071e+08 2.4024e+07
0.303 1.3664e+08 2.398e+07
0.304 1.3943e+08 2.3937e+07
0.305 1.3946e+08 2.3894e+07
0.306 1.7902e+08 2.3851e+07
0.307 1.8211e+08 2.3809e+07
0.308 1.7668e+08 2.3767e+07
0.309 1.4372e+08 2.3725e+07
0.31 1.5759e+08 2.3683e+07
0.311 1.7378e+08 2.3641e+07
0.312 1.8913e+08 2.36e+07
0.313 1.7132e+08 2.3559e+07
0.314 1.5523e+08 2.3518e+07
0.315 1.4054e+08 2.3477e+07
0.316 1.1005e+08 2.3437e+07
0.317 1.642e+08 2.3396e+07
0.318 1.1295e+08 2.3356e+07
0.319 1.4376e+08 2.3316e+07
0.32 1.5881e+08 2.3277e+07
0.321 1.8631e+08 2.3237e+07
0.322 1.3984e+08 2.3198e+07
0.323 1.3174e+08 2.3159e+07
0.324 1.5873e+08 2.312e+07
0.325 1.3323e+08 2.3082e+07
0.326 1.5471e+08 2.3043e+07
0.327 1.2629e+08 2.3005e+07
0.328 1.7158e+08 2.2967e+07
0.329 1.4653e+08 2.2929e+07
0.33 1.3606e+08 2.2892e+07
0.331 1.6859e+08 2.2854e+07
0.332 1.4095e+08 2.2817e+07
0.333 1.5025e+08 2.278e+07
0.334 1.4838e+08 2.2743e+07
0.335 1.2287e+08 2.2706e+07
0.336 1.379e+08 2.267e+07
0.337 1.1273e+08 2.2634e+07
0.338 1.0294e+08 2.2598e+07
0.339 1.4507e+08 2.2562e+07
0.34 8.1957e+07 2.2526e+07
0.341 1.3576e+08 2.2491e+07
0.342 1.3145e+08 2.2455e+07
0.343 1.274e+08 2.242e+07
0.344 1.1242e+08 2.2385e+07
0.345 1.3223e+08 2.2351e+07
0.346 1.1448e+08 2.2316e+07
0.347 1.2464e+08 2.2282e+07
0.348 1.1227e+08 2.2248e+07
0.349 1.0964e+08 2.2213e+07
0.35 1.0328e+08 2.218e+07
0.351 1.0619e+08 2.2146e+07
0.352 1.1853e+08 2.2112e+07
0.353 1.1678e+08 2.2079e+07
0.354 1.2248e+08 2.2046e+07
0.355 1.3488e+08 2.2013e+07
0.356 9.7453e+07 2.198e+07
0.357 1.0906e+08 2.1947e+07
0.358 1.1232e+08 2.1915e+07
0.359 7.1191e+07 2.1883e+07
0.36 1.05e+08 2.185e+07
0.361 1.0077e+08 2.1818e+07
0.362 8.2189e+07 2.1787e+07
0.363 1.397e+08 2.1755e+07
0.364 4.936e+07 2.1723e+07
0.365 9.4763e+07 2.1692e+07
0.366 1.3094e+08 2.1661e+07
0.367 6.0248e+07 2.163e+07
0.368 8.5637e+07 2.1599e+07
0.369 9.2828e+07 2.1568e+07
0.37 8.9389e+07 2.1538e+07
0.371 1.1704e+08 2.1507e+07
0.372 7.4311e+07 2.1477e+07
0.373 9.6551e+07 2.1447e+07
0.374 9.52e+07 2.1417e+07
0.375 9.4544e+07 2.1387e+07
0.376 1.5105e+08 2.1357e+07
0.377 7.9435e+07 2.1328e+07
0.378 1.2201e+08 2.1298e+07
0.379 8.6791e+07 2.1269e+07
0.38 1.0661e+08 2.124e+07
0.381 1.352e+08 2.1211e+07
0.382 8.1978e+07 2.1182e+07
0.383 9.8457e+07 2.1154e+07
0.384 5.7578e+07 2.1125e+07
0.385 1.2693e+08 2.1097e+07
0.386 1.2947e+08 2.1069e+07
0.387 4.8217e+07 2.1041e+07
0.388 9.6235e+07 2.1013e+07
0.389 1.1012e+08 2.0985e+07
0.39 1.1257e+08 2.0957e+07
0.391 9.7743e+07 2.0929e+07
0.392 8.0433e+07 2.0902e+07
0.393 9.0771e+07 2.0875e+07
0.394 6.3566e+07 2.0848e+07
0.395 8.8285e+07 2.0821e+07
0.396 9.6705e+07 2.0794e+07
0.397 7.5778e+07 2.0767e+07
0.398 8.1913e+07 2.074e+07
0.399 7.8577e+07 2.0714e+07
0.4 7.1983e+07 2.0687e+07
0.401 9.3e+07 2.0661e+07
0.402 4.9716e+07 2.0635e+07
0.403 5.0059e+07 2.0609e+07
0.404 4.1365e+07 2.0583e+07
0.405 8.1742e+07 2.0557e+07
0.406 5.6468e+07 2.0531e+07
0.407 7.0615e+07 2.0506e+07
0.408 1.0658e+08 2.048e+07
0.409 5.746e+07 2.0455e+07
0.41 6.7159e+07 2.043e+07
0.411 5.7285e+07 2.0404e+07
0.412 6.3908e+07 2.0379e+07
0.413 8.3412e+07 2.0354e+07
0.414 1.1913e+08 2.033e+07
0.415 8.0641e+07 2.0305e+07
0.416 5.5634e+07 2.028e+07
0.417 7.2038e+07 2.0256e+07
0.418 8.0901e+07 2.0231e+07
0.419 8.0978e+07 2.0207e+07
0.42 5.4349e+07 2.0183e+07
0.421 6.1181e+07 2.0159e+07
0.422 7.6991e+07 2.0135e+07
0.423 8.5478e+07 2.0111e+07
0.424 6.4518e+07 2.0087e+07
0.425 1.0438e+08 2.0063e+07
0.426 5.5353e+07 2.0039e+07
0.427 8.8781e+07 2.0016e+07
0.428 6.0724e+07 1.9992e+07
0.429 1.2976e+08 1.9969e+07
0.43 8.3335e+07 1.9946e+07
0.431 9.2422e+07 1.9923e+07
0.432 7.3994e+07 1.99e+07
0.433 6.4309e+07 1.9877e+07
0.434 6.6969e+07 1.9854e+07
0.435 9.3722e+07 1.9831e+07
0.436 6.5621e+07 1.9808e+07
0.437 7.1836e+07 1.9785e+07
0.438 1.0952e+08 1.9763e+07
0.439 9.3561e+07 1.974e+07
0.44 7.3156e+07 1.9718e+07
0.441 5.3328e+07 1.9696e+07
0.442 6.3353e+07 1.9673e+07
0.443 8.836e+07 1.9651e+07
0.444 6.8016e+07 1.9629e+07
0.445 1.0543e+08 1.9607e+07
0.446 6.1674e+07 1.9585e+07
0.447 8.9732e+07 1.9563e+07
0.448 8.5819e+07 1.9542e+07
0.449 9.2307e+07 1.952e+07
0.45 8.9804e+07 1.9498e+07
0.451 1.2111e+08 1.9477e+07
0.452 3.5038e+07 1.9455e+07
0.453 5.5229e+07 1.9434e+07
0.454 6.8015e+07 1.9413e+07
0.455 7.2529e+07 1.9391e+07
0.456 9.6658e+07 1.937e+07
0.457 1.0029e+08 1.9349e+07
0.458 7.2846e+07 1.9328e+07
0.459 5.0927e+07 1.9307e+07
0.46 9.3985e+07 1.9286e+07
0.461 1.0829e+08 1.9266e+07
0.462 7.6138e+07 1.9245e+07
0.463 7.8279e+07 1.9224e+07
0.464 8.4105e+07 1.9204e+07
0.465 1.1232e+08 1.9183e+07
0.466 7.9849e+07 1.9163e+07
0.467 9.4687e+07 1.9142e+07
0.468 5.2176e+07 1.9122e+07
0.469 9.279e+07 1.9102e+07
0.47 8.2725e+07 1.9081e+07
0.471 7.0083e+07 1.9061e+07
0.472 8.2382e+07 1.9041e+07
0.473 8.4719e+07 1.9021e+07
0.474 7.8559e+07 1.9001e+07
0.475 6.5945e+07 1.8981e+07
0.476 8.0099e+07 1.8962e+07
0.477 8.5967e+07 1.8942e+07
0.478 1.1079e+08 1.8922e+07
0.479 6.3786e+07 1.8903e+07
0.48 7.6329e+07 1.8883e+07
0.481 9.6488e+07 1.8863e+07
0.482 8.1027e+07 1.8844e+07
0.483 6.1854e+07 1.8825e+07
0.484 1.096e+08 1.8805e+07
0.485 1.1024e+08 1.8786e+07
0.486 4.9627e+07 1.8767e+07
0.487 7.7237e+07 1.8748e+07
0.488 4.5874e+07 1.8728e+07
0.489 1.179e+08 1.8709e+07
0.49 6.1812e+07 1.869e+07
0.491 8.5513e+07 1.8671e+07
0.492 8.2261e+07 1.8653e+07
0.493 1.009e+08 1.8634e+07
0.494 6.5137e+07 1.8615e+07
0.495 9.7332e+07 1.8596e+07
0.496 8.6603e+07 1.8577e+07
0.497 6.8995e+07 1.8559e+07
0.498 4.1293e+07 1.854e+07
0.499 4.7618e+07 1.8522e+07
0.5 8.0061e+07 1.8503e+07
