0.001 8.4718e+09 4.8168e+08
0.002 8.4298e+09 3.4053e+08
0.003 9.1047e+09 2.7795e+08
0.004 9.0322e+09 2.406e+08
0.005 8.8744e+09 2.1506e+08
0.006 8.8493e+09 1.9618e+08
0.007 9.1167e+09 1.8147e+08
0.008 8.9162e+09 1.6957e+08
0.009 8.7486e+09 1.5969e+08
0.01 8.7685e+09 1.513e+08
0.011 8.7671e+09 1.4405e+08
0.012 8.6209e+09 1.3771e+08
0.013 8.6853e+09 1.3208e+08
0.014 8.9169e+09 1.2705e+08
0.015 8.624e+09 1.225e+08
0.016 8.5976e+09 1.1836e+08
0.017 8.6697e+09 1.1458e+08
0.018 8.4508e+09 1.1109e+08
0.019 8.3539e+09 1.0786e+08
0.02 8.3772e+09 1.0486e+08
0.021 8.3724e+09 1.0205e+08
0.022 8.2788e+09 9.9425e+07
0.023 8.2303e+09 9.6953e+07
0.024 8.0913e+09 9.462e+07
0.025 7.9107e+09 9.2413e+07
0.026 7.9578e+09 9.0319e+07
0.027 7.9086e+09 8.8328e+07
0.028 7.8282e+09 8.643e+07
0.029 7.7571e+09 8.4617e+07
0.03 7.5925e+09 8.2883e+07
0.031 7.5505e+09 8.122e+07
0.032 7.4735e+09 7.9624e+07
0.033 7.395e+09 7.8089e+07
0.034 7.2906e+09 7.6611e+07
0.035 7.1978e+09 7.5186e+07
0.036 7.2469e+09 7.381e+07
0.037 7.163e+09 7.2481e+07
0.038 6.9481e+09 7.1195e+07
0.039 6.8706e+09 6.9949e+07
0.04 6.7329e+09 6.8742e+07
0.041 6.7037e+09 6.7571e+07
0.042 6.7015e+09 6.6434e+07
0.043 6.6296e+09 6.5329e+07
0.044 6.432e+09 6.4255e+07
0.045 6.3764e+09 6.3211e+07
0.046 6.1611e+09 6.2194e+07
0.047 6.2287e+09 6.1204e+07
0.048 6.1293e+09 6.0239e+07
0.049 5.8556e+09 5.9298e+07
0.05 5.8517e+09 5.838e+07
0.051 5.8253e+09 5.7485e+07
0.052 5.5991e+09 5.6611e+07
0.053 5.5717e+09 5.5758e+07
0.054 5.458e+09 5.4925e+07
0.055 5.4359e+09 5.4111e+07
0.056 5.3272e+09 5.3315e+07
0.057 5.1838e+09 5.2538e+07
0.058 5.1219e+09 5.1777e+07
0.059 5.0805e+09 5.1034e+07
0.06 4.9187e+09 5.0307e+07
0.061 4.8215e+09 4.9596e+07
0.062 4.8048e+09 4.89e+07
0.063 4.682e+09 4.8219e+07
0.064 4.5467e+09 4.7553e+07
0.065 4.4347e+09 4.6901e+07
0.066 4.4071e+09 4.6263e+07
0.067 4.3544e+09 4.5638e+07
0.068 4.2284e+09 4.5027e+07
0.069 4.1747e+09 4.4428e+07
0.07 4.1494e+09 4.3842e+07
0.071 3.9327e+09 4.3268e+07
0.072 3.8542e+09 4.2706e+07
0.073 3.881e+09 4.2156e+07
0.074 3.7602e+09 4.1617e+07
0.075 3.7009e+09 4.1089e+07
0.076 3.65e+09 4.0573e+07
0.077 3.5392e+09 4.0067e+07
0.078 3.4113e+09 3.9571e+07
0.079 3.3552e+09 3.9086e+07
0.08 3.3432e+09 3.8611e+07
0.081 3.1839e+09 3.8146e+07
0.082 3.1651e+09 3.769e+07
0.083 3.1202e+09 3.7244e+07
0.084 3.0526e+09 3.6807e+07
0.085 2.9477e+09 3.6379e+07
0.086 2.9091e+09 3.596e+07
0.087 2.8427e+09 3.555e+07
0.088 2.7463e+09 3.5148e+07
0.089 2.6426e+09 3.4755e+07
0.09 2.6612e+09 3.4369e+07
0.091 2.5732e+09 3.3992e+07
0.092 2.5724e+09 3.3622e+07
0.093 2.4573e+09 3.326e+07
0.094 2.4303e+09 3.2906e+07
0.095 2.3885e+09 3.2558e+07
0.096 2.3355e+09 3.2218e+07
0.097 2.2985e+09 3.1885e+07
0.098 2.2201e+09 3.1559e+07
0.099 2.2237e+09 3.1239e+07
0.1 2.0853e+09 3.0926e+07
0.101 2.1319e+09 3.0619e+07
0.102 2.0473e+09 3.0319e+07
0.103 1.9399e+09 3.0024e+07
0.104 1.9458e+09 2.9736e+07
0.105 1.9094e+09 2.9454e+07
0.106 1.8299e+09 2.9177e+07
0.107 1.7646e+09 2.8905e+07
0.108 1.7811e+09 2.8639e+07
0.109 1.6796e+09 2.8379e+07
0.11 1.6724e+09 2.8124e+07
0.111 1.7099e+09 2.7873e+07
0.112 1.5986e+09 2.7628e+07
0.113 1.5772e+09 2.7388e+07
0.114 1.572e+09 2.7152e+07
0.115 1.4975e+09 2.6921e+07
0.116 1.4621e+09 2.6694e+07
0.117 1.4515e+09 2.6472e+07
0.118 1.3882e+09 2.6254e+07
0.119 1.3508e+09 2.604e+07
0.12 1.3339e+09 2.5831e+07
0.121 1.3496e+09 2.5625e+07
0.122 1.3349e+09 2.5424e+07
0.123 1.2204e+09 2.5226e+07
0.124 1.1929e+09 2.5032e+07
0.125 1.1923e+09 2.4841e+07
0.126 1.1745e+09 2.4655e+07
0.127 1.133e+09 2.4471e+07
0.128 1.1229e+09 2.4292e+07
0.129 1.0907e+09 2.4115e+07
0.13 1.072e+09 2.3942e+07
0.131 1.0051e+09 2.3772e+07
0.132 1.0043e+09 2.3605e+07
0.133 1.0243e+09 2.3442e+07
0.134 9.5467e+08 2.3281e+07
0.135 9.2881e+08 2.3123e+07
0.136 9.3254e+08 2.2968e+07
0.137 9.3e+08 2.2816e+07
0.138 8.8767e+08 2.2667e+07
0.139 8.6439e+08 2.252e+07
0.14 8.2536e+08 2.2376e+07
0.141 8.2711e+08 2.2235e+07
0.142 8.2364e+08 2.2096e+07
0.143 8.196e+08 2.196e+07
0.144 7.5482e+08 2.1826e+07
0.145 7.3001e+08 2.1695e+07
0.146 7.4531e+08 2.1566e+07
0.147 7.0149e+08 2.1439e+07
0.148 7.0355e+08 2.1315e+07
0.149 6.8958e+08 2.1192e+07
0.15 6.4937e+08 2.1072e+07
0.151 6.4924e+08 2.0954e+07
0.152 6.3717e+08 2.0838e+07
0.153 6.5164e+08 2.0725e+07
0.154 5.9e+08 2.0613e+07
0.155 5.9288e+08 2.0503e+07
0.156 5.6159e+08 2.0395e+07
0.157 5.5448e+08 2.0289e+07
0.158 5.7851e+08 2.0185e+07
0.159 5.4217e+08 2.0082e+07
0.16 4.9798e+08 1.9982e+07
0.161 5.3184e+08 1.9883e+07
0.162 4.7566e+08 1.9785e+07
0.163 4.7703e+08 1.969e+07
0.164 4.651e+08 1.9596e+07
0.165 4.5971e+08 1.9504e+07
0.166 4.3706e+08 1.9413e+07
0.167 4.6165e+08 1.9324e+07
0.168 4.2227e+08 1.9236e+07
0.169 4.0077e+08 1.915e+07
0.17 3.8353e+08 1.9065e+07
0.171 4.2451e+08 1.8981e+07
0.172 4.0925e+08 1.8899e+07
0.173 3.776e+08 1.8818e+07
0.174 3.9269e+08 1.8739e+07
0.175 4.0012e+08 1.8661e+07
0.176 3.6378e+08 1.8584e+07
0.177 3.5509e+08 1.8508e+07
0.178 3.3627e+08 1.8434e+07
0.179 3.6843e+08 1.836e+07
0.18 3.211e+08 1.8288e+07
0.181 3.313e+08 1.8217e+07
0.182 3.1243e+08 1.8147e+07
0.183 3.1516e+08 1.8078e+07
0.184 2.8856e+08 1.801e+07
0.185 3.1299e+08 1.7943e+07
0.186 3.0548e+08 1.7877e+07
0.187 2.6595e+08 1.7812e+07
0.188 3.1131e+08 1.7748e+07
0.189 3.0686e+08 1.7685e+07
0.19 2.5548e+08 1.7623e+07
0.191 2.4054e+08 1.7562e+07
0.192 2.7328e+08 1.7501e+07
0.193 2.5442e+08 1.7441e+07
0.194 2.6021e+08 1.7383e+07
0.195 2.3734e+08 1.7325e+07
0.196 2.7552e+08 1.7267e+07
0.197 2.5831e+08 1.7211e+07
0.198 2.6389e+08 1.7155e+07
0.199 2.4573e+08 1.71e+07
0.2 2.4446e+08 1.7046e+07
0.201 2.2281e+08 1.6992e+07
0.202 2.3618e+08 1.694e+07
0.203 2.0485e+08 1.6887e+07
0.204 2.4495e+08 1.6836e+07
0.205 2.1221e+08 1.6785e+07
0.206 1.7881e+08 1.6734e+07
0.207 1.9562e+08 1.6685e+07
0.208 1.9258e+08 1.6636e+07
0.209 2.046e+08 1.6587e+07
0.21 1.9237e+08 1.6539e+07
0.211 1.8194e+08 1.6492e+07
0.212 1.8162e+08 1.6445e+07
0.213 2.0908e+08 1.6399e+07
0.214 2.0763e+08 1.6353e+07
0.215 1.832e+08 1.6307e+07
0.216 1.7792e+08 1.6263e+07
0.217 1.936e+08 1.6218e+07
0.218 1.6407e+08 1.6175e+07
0.219 1.9403e+08 1.6131e+07
0.22 1.7036e+08 1.6089e+07
0.221 1.6663e+08 1.6046e+07
0.222 1.9939e+08 1.6004e+07
0.223 1.7489e+08 1.5963e+07
0.224 1.6205e+08 1.5922e+07
0.225 1.6828e+08 1.5881e+07
0.226 1.5761e+08 1.5841e+07
0.227 1.6383e+08 1.5801e+07
0.228 1.6062e+08 1.5762e+07
0.229 1.7288e+08 1.5723e+07
0.23 1.6263e+08 1.5684e+07
0.231 1.5314e+08 1.5646e+07
0.232 1.3692e+08 1.5608e+07
0.233 1.4175e+08 1.557e+07
0.234 1.7392e+08 1.5533e+07
0.235 1.7649e+08 1.5496e+07
0.236 1.3468e+08 1.546e+07
0.237 1.6818e+08 1.5423e+07
0.238 1.2818e+08 1.5388e+07
0.239 1.2473e+08 1.5352e+07
0.24 1.5569e+08 1.5317e+07
0.241 1.3377e+08 1.5282e+07
0.242 1.4602e+08 1.5247e+07
0.243 1.4985e+08 1.5213e+07
0.244 1.249e+08 1.5179e+07
0.245 1.2913e+08 1.5145e+07
0.246 1.3464e+08 1.5112e+07
0.247 1.2177e+08 1.5078e+07
0.248 1.3607e+08 1.5045e+07
0.249 1.3951e+08 1.5013e+07
0.25 1.2177e+08 1.498e+07
0.251 1.3642e+08 1.4948e+07
0.252 1.3796e+08 1.4916e+07
0.253 1.2781e+08 1.4884e+07
0.254 1.0167e+08 1.4853e+07
0.255 1.4369e+08 1.4821e+07
0.256 1.3536e+08 1.479e+07
0.257 1.2197e+08 1.4759e+07
0.258 1.388e+08 1.4729e+07
0.259 1.3589e+08 1.4698e+07
0.26 1.3072e+08 1.4668e+07
0.261 1.1924e+08 1.4638e+07
0.262 1.2718e+08 1.4608e+07
0.263 1.1491e+08 1.4578e+07
0.264 1.0407e+08 1.4549e+07
0.265 1.2487e+08 1.452e+07
0.266 1.0845e+08 1.449e+07
0.267 1.2838e+08 1.4461e+07
0.268 1.2041e+08 1.4432e+07
0.269 1.2303e+08 1.4404e+07
0.27 1.0779e+08 1.4375e+07
0.271 1.1782e+08 1.4347e+07
0.272 1.1559e+08 1.4319e+07
0.273 1.1453e+08 1.4291e+07
0.274 1.2481e+08 1.4263e+07
0.275 1.058e+08 1.4235e+07
0.276 1.0383e+08 1.4207e+07
0.277 8.976e+07 1.418e+07
0.278 1.1702e+08 1.4152e+07
0.279 1.1635e+08 1.4125e+07
0.28 1.0514e+08 1.4098e+07
0.281 1.0494e+08 1.4071e+07
0.282 9.3405e+07 1.4044e+07
0.283 1.2409e+08 1.4018e+07
0.284 1.0588e+08 1.3991e+07
0.285 1.1008e+08 1.3965e+07
0.286 1.0178e+08 1.3938e+07
0.287 1.1808e+08 1.3912e+07
0.288 8.34e+07 1.3886e+07
0.289 1.1475e+08 1.386e+07
0.29 8.5468e+07 1.3834e+07
0.291 8.6587e+07 1.3809e+07
0.292 9.9355e+07 1.3783e+07
0.293 8.4982e+07 1.3758e+07
0.294 1.1678e+08 1.3732e+07
0.295 8.0833e+07 1.3707e+07
0.296 1.0951e+08 1.3682e+07
0.297 1.0927e+08 1.3657e+07
0.298 7.8842e+07 1.3632e+07
0.299 1.1844e+08 1.3607e+07
0.3 7.907e+07 1.3583e+07
0.301 8.8257e+07 1.3558e+07
0.302 1.2444e+08 1.3534e+07
0.303 1.1607e+08 1.3509e+07
0.304 7.538e+07 1.3485e+07
0.305 9.7905e+07 1.3461e+07
0.306 8.4408e+07 1.3437e+07
0.307 9.699e+07 1.3414e+07
0.308 1.0789e+08 1.339e+07
0.309 9.9458e+07 1.3366e+07
0.31 8.6142e+07 1.3343e+07
0.311 8.7553e+07 1.3319e+07
0.312 9.4574e+07 1.3296e+07
0.313 9.947e+07 1.3273e+07
0.314 9.603e+07 1.325e+07
0.315 9.7367e+07 1.3227e+07
0.316 8.0406e+07 1.3204e+07
0.317 9.8217e+07 1.3182e+07
0.318 8.1338e+07 1.3159e+07
0.319 8.4556e+07 1.3137e+07
0.32 6.6008e+07 1.3114e+07
0.321 9.9435e+07 1.3092e+07
0.322 9.1661e+07 1.307e+07
0.323 6.6113e+07 1.3048e+07
0.324 6.2005e+07 1.3026e+07
0.325 9.5782e+07 1.3005e+07
0.326 7.9337e+07 1.2983e+07
0.327 6.0449e+07 1.2961e+07
0.328 9.0163e+07 1.294e+07
0.329 7.7453e+07 1.2919e+07
0.33 8.1864e+07 1.2897e+07
0.331 6.9843e+07 1.2876e+07
0.332 6.416e+07 1.2855e+07
0.333 8.0874e+07 1.2835e+07
0.334 7.6424e+07 1.2814e+07
0.335 8.6655e+07 1.2793e+07
0.336 5.8594e+07 1.2773e+07
0.337 9.1319e+07 1.2752e+07
0.338 7.9692e+07 1.2732e+07
0.339 7.9344e+07 1.2712e+07
0.34 4.7838e+07 1.2691e+07
0.341 7.9807e+07 1.2671e+07
0.342 8.5277e+07 1.2651e+07
0.343 5.1928e+07 1.2632e+07
0.344 9.0699e+07 1.2612e+07
0.345 6.9187e+07 1.2592e+07
0.346 4.8079e+07 1.2573e+07
0.347 7.564e+07 1.2553e+07
0.348 7.2971e+07 1.2534e+07
0.349 7.4612e+07 1.2515e+07
0.35 3.6847e+07 1.2496e+07
0.351 5.5443e+07 1.2477e+07
0.352 6.8001e+07 1.2458e+07
0.353 6.9744e+07 1.2439e+07
0.354 4.401e+07 1.242e+07
0.355 6.4503e+07 1.2402e+07
0.356 5.6153e+07 1.2383e+07
0.357 6.1082e+07 1.2365e+07
0.358 5.3237e+07 1.2346e+07
0.359 4.2782e+07 1.2328e+07
0.36 6.7046e+07 1.231e+07
0.361 3.6989e+07 1.2292e+07
0.362 6.0198e+07 1.2274e+07
0.363 4.9502e+07 1.2256e+07
0.364 6.0457e+07 1.2238e+07
0.365 6.1782e+07 1.2221e+07
0.366 5.4642e+07 1.2203e+07
0.367 6.4677e+07 1.2186e+07
0.368 5.3683e+07 1.2168e+07
0.369 6.5943e+07 1.2151e+07
0.37 4.9558e+07 1.2134e+07
0.371 3.0461e+07 1.2116e+07
0.372 4.9054e+07 1.2099e+07
0.373 3.1667e+07 1.2082e+07
0.374 8.0733e+07 1.2066e+07
0.375 4.6278e+07 1.2049e+07
0.376 5.439e+07 1.2032e+07
0.377 2.785e+07 1.2015e+07
0.378 5.4953e+07 1.1999e+07
0.379 7.7655e+07 1.1982e+07
0.38 5.6012e+07 1.1966e+07
0.381 2.8316e+07 1.195e+07
0.382 4.2922e+07 1.1934e+07
0.383 5.8418e+07 1.1917e+07
0.384 5.9834e+07 1.1901e+07
0.385 4.4516e+07 1.1885e+07
0.386 6.6075e+07 1.1869e+07
0.387 4.2554e+07 1.1854e+07
0.388 3.7924e+07 1.1838e+07
0.389 3.8262e+07 1.1822e+07
0.39 5.7089e+07 1.1807e+07
0.391 3.8339e+07 1.1791e+07
0.392 4.6002e+07 1.1776e+07
0.393 4.2084e+07 1.176e+07
0.394 5.7391e+07 1.1745e+07
0.395 3.6915e+07 1.173e+07
0.396 4.8283e+07 1.1715e+07
0.397 4.2246e+07 1.17e+07
0.398 7.7313e+07 1.1685e+07
0.399 6.2551e+07 1.167e+07
0.4 6.342e+07 1.1655e+07
0.401 4.5299e+07 1.164e+07
0.402 4.1364e+07 1.1625e+07
0.403 5.3704e+07 1.1611e+07
0.404 3.0148e+07 1.1596e+07
0.405 4.2384e+07 1.1582e+07
0.406 3.0093e+07 1.1567e+07
0.407 4.6408e+07 1.1553e+07
0.408 5.8637e+07 1.1538e+07
0.409 4.82e+07 1.1524e+07
0.41 4.6039e+07 1.151e+07
0.411 3.243e+07 1.1496e+07
0.412 3.1669e+07 1.1482e+07
0.413 4.3877e+07 1.1468e+07
0.414 5.0945e+07 1.1454e+07
0.415 5.6037e+07 1.144e+07
0.416 4.9939e+07 1.1426e+07
0.417 6.2659e+07 1.1412e+07
0.418 4.9095e+07 1.1398e+07
0.419 4.1795e+07 1.1385e+07
0.42 6.2585e+07 1.1371e+07
0.421 4.8741e+07 1.1357e+07
0.422 6.8576e+07 1.1344e+07
0.423 6.4617e+07 1.133e+07
0.424 2.1386e+07 1.1317e+07
0.425 3.9718e+07 1.1304e+07
0.426 2.0203e+07 1.129e+07
0.427 3.3396e+07 1.1277e+07
0.428 5.3364e+07 1.1264e+07
0.429 4.2372e+07 1.1251e+07
0.43 5.4283e+07 1.1238e+07
0.431 3.5777e+07 1.1225e+07
0.432 5.0801e+07 1.1212e+07
0.433 4.2579e+07 1.1199e+07
0.434 4.2045e+07 1.1186e+07
0.435 5.6705e+07 1.1173e+07
0.436 3.4719e+07 1.116e+07
0.437 3.9864e+07 1.1147e+07
0.438 6.3623e+07 1.1135e+07
0.439 6.7615e+07 1.1122e+07
0.44 5.673e+07 1.1109e+07
0.441 4.0599e+07 1.1097e+07
0.442 1.7415e+07 1.1084e+07
0.443 3.2643e+07 1.1072e+07
0.444 3.8879e+07 1.1059e+07
0.445 4.4823e+07 1.1047e+07
0.446 4.2413e+07 1.1035e+07
0.447 3.4125e+07 1.1022e+07
0.448 7.2341e+07 1.101e+07
0.449 2.8609e+07 1.0998e+07
0.45 6.1011e+07 1.0986e+07
0.451 6.1848e+07 1.0974e+07
0.452 5.4932e+07 1.0962e+07
0.453 2.645e+07 1.095e+07
0.454 4.2716e+07 1.0938e+07
0.455 4.1109e+07 1.0926e+07
0.456 5.083e+07 1.0914e+07
0.457 5.8421e+07 1.0902e+07
0.458 3.3595e+07 1.089e+07
0.459 6.2125e+07 1.0878e+07
0.46 6.0879e+07 1.0866e+07
0.461 2.941e+07 1.0855e+07
0.462 5.0615e+07 1.0843e+07
0.463 3.2609e+07 1.0831e+07
0.464 5.684e+07 1.082e+07
0.465 5.1655e+07 1.0808e+07
0.466 4.1822e+07 1.0796e+07
0.467 4.3171e+07 1.0785e+07
0.468 3.8287e+07 1.0773e+07
0.469 3.05e+07 1.0762e+07
0.47 3.4839e+07 1.0751e+07
0.471 4.1404e+07 1.0739e+07
0.472 6.982e+07 1.0728e+07
0.473 3.1456e+07 1.0717e+07
0.474 5.5865e+07 1.0705e+07
0.475 3.3764e+07 1.0694e+07
0.476 4.4804e+07 1.0683e+07
0.477 4.6275e+07 1.0672e+07
0.478 3.3951e+07 1.0661e+07
0.479 3.0538e+07 1.065e+07
0.48 5.0571e+07 1.0638e+07
0.481 6.0587e+07 1.0627e+07
0.482 4.2646e+07 1.0616e+07
0.483 5.8909e+07 1.0605e+07
0.484 4.7053e+07 1.0595e+07
0.485 5.0458e+07 1.0584e+07
0.486 4.0976e+07 1.0573e+07
0.487 2.1152e+07 1.0562e+07
0.488 4.4741e+07 1.0551e+07
0.489 3.9188e+07 1.054e+07
0.49 4.776e+07 1.053e+07
0.491 4.931e+07 1.0519e+07
0.492 4.2604e+07 1.0508e+07
0.493 4.0638e+07 1.0497e+07
0.494 5.111e+07 1.0487e+07
0.495 3.9705e+07 1.0476e+07
0.496 4.7623e+07 1.0466e+07
0.497 5.2444e+07 1.0455e+07
0.498 4.3082e+07 1.0445e+07
0.499 5.3031e+07 1.0434e+07
0.5 4.3836e+07 1.0424e+07
