0.001 6.6708e+10 1.3342e+09
0.002 6.585e+10 1.317e+09
0.003 5.9957e+10 1.1991e+09
0.004 6.1945e+10 1.2389e+09
0.005 6.0346e+10 1.2069e+09
0.006 6.3092e+10 1.2618e+09
0.007 5.9099e+10 1.182e+09
0.008 6.1827e+10 1.2365e+09
0.009 6.2551e+10 1.251e+09
0.01 6.0778e+10 1.2156e+09
0.011 6.0814e+10 1.2163e+09
0.012 6.1505e+10 1.2301e+09
0.013 6.029e+10 1.2058e+09
0.014 6.1591e+10 1.2318e+09
0.015 6.1242e+10 1.2248e+09
0.016 6.1572e+10 1.2314e+09
0.017 6.0369e+10 1.2074e+09
0.018 6.0291e+10 1.2058e+09
0.019 5.9101e+10 1.182e+09
0.02 5.9427e+10 1.1885e+09
0.021 6.0317e+10 1.2063e+09
0.022 5.8731e+10 1.1746e+09
0.023 5.9117e+10 1.1823e+09
0.024 5.8509e+10 1.1702e+09
0.025 5.722e+10 1.1444e+09
0.026 5.7891e+10 1.1578e+09
0.027 5.7135e+10 1.1427e+09
0.028 5.7137e+10 1.1427e+09
0.029 5.639e+10 1.1278e+09
0.03 5.555e+10 1.111e+09
0.031 5.6425e+10 1.1285e+09
0.032 5.5066e+10 1.1013e+09
0.033 5.4622e+10 1.0924e+09
0.034 5.3545e+10 1.0709e+09
0.035 5.2687e+10 1.0537e+09
0.036 5.3654e+10 1.0731e+09
0.037 5.3294e+10 1.0659e+09
0.038 5.2147e+10 1.0429e+09
0.039 5.1529e+10 1.0306e+09
0.04 5.055e+10 1.011e+09
0.041 4.9997e+10 9.9994e+08
0.042 5.0735e+10 1.0147e+09
0.043 4.9293e+10 9.8586e+08
0.044 4.8759e+10 9.7517e+08
0.045 4.7782e+10 9.5563e+08
0.046 4.7574e+10 9.5149e+08
0.047 4.7006e+10 9.4012e+08
0.048 4.7007e+10 9.4014e+08
0.049 4.6253e+10 9.2505e+08
0.05 4.538e+10 9.0759e+08
0.051 4.4861e+10 8.9722e+08
0.052 4.3635e+10 8.727e+08
0.053 4.3506e+10 8.7013e+08
0.054 4.2602e+10 8.5203e+08
0.055 4.3162e+10 8.6324e+08
0.056 4.2331e+10 8.4662e+08
0.057 4.1169e+10 8.2337e+08
0.058 4.0119e+10 8.0239e+08
0.059 3.996e+10 7.992e+08
0.06 3.9371e+10 7.8743e+08
0.061 3.8671e+10 7.7341e+08
0.062 3.7836e+10 7.5672e+08
0.063 3.7123e+10 7.4245e+08
0.064 3.6483e+10 7.2965e+08
0.065 3.5668e+10 7.1335e+08
0.066 3.5496e+10 7.0991e+08
0.067 3.4522e+10 6.9045e+08
0.068 3.449e+10 6.898e+08
0.069 3.3993e+10 6.7987e+08
0.07 3.3194e+10 6.6388e+08
0.071 3.2592e+10 6.5184e+08
0.072 3.1679e+10 6.3357e+08
0.073 3.1499e+10 6.2998e+08
0.074 3.09e+10 6.1799e+08
0.075 2.9865e+10 5.9729e+08
0.076 2.9356e+10 5.8711e+08
0.077 2.8593e+10 5.7186e+08
0.078 2.8058e+10 5.6116e+08
0.079 2.7519e+10 5.5038e+08
0.08 2.7233e+10 5.4465e+08
0.081 2.6411e+10 5.2822e+08
0.082 2.5962e+10 5.1924e+08
0.083 2.5493e+10 5.0987e+08
0.084 2.4875e+10 4.9749e+08
0.085 2.4269e+10 4.8539e+08
0.086 2.3126e+10 4.6252e+08
0.087 2.332e+10 4.664e+08
0.088 2.2802e+10 4.5605e+08
0.089 2.2479e+10 4.4958e+08
0.09 2.1693e+10 4.3386e+08
0.091 2.0763e+10 4.1526e+08
0.092 2.0505e+10 4.101e+08
0.093 1.9802e+10 3.9605e+08
0.094 1.9494e+10 3.8988e+08
0.095 1.8836e+10 3.7672e+08
0.096 1.8343e+10 3.6685e+08
0.097 1.8229e+10 3.6459e+08
0.098 1.7579e+10 3.5158e+08
0.099 1.7143e+10 3.4285e+08
0.1 1.6761e+10 3.3523e+08
0.101 1.6313e+10 3.2626e+08
0.102 1.5518e+10 3.1035e+08
0.103 1.5364e+10 3.0729e+08
0.104 1.4961e+10 2.9921e+08
0.105 1.4342e+10 2.8684e+08
0.106 1.3806e+10 2.7612e+08
0.107 1.3731e+10 2.7462e+08
0.108 1.3316e+10 2.6632e+08
0.109 1.2949e+10 2.5899e+08
0.11 1.2506e+10 2.5013e+08
0.111 1.2213e+10 2.4426e+08
0.112 1.1735e+10 2.3469e+08
0.113 1.1333e+10 2.2665e+08
0.114 1.097e+10 2.194e+08
0.115 1.0642e+10 2.1285e+08
0.116 1.0551e+10 2.1102e+08
0.117 1.0031e+10 2.0062e+08
0.118 9.4471e+09 1.8894e+08
0.119 9.3779e+09 1.8756e+08
0.12 9.0937e+09 1.8187e+08
0.121 8.6498e+09 1.73e+08
0.122 8.6485e+09 1.7297e+08
0.123 8.145e+09 1.629e+08
0.124 8.0941e+09 1.6188e+08
0.125 7.669e+09 1.5338e+08
0.126 7.3338e+09 1.4668e+08
0.127 6.9777e+09 1.3955e+08
0.128 6.817e+09 1.3634e+08
0.129 6.7096e+09 1.3419e+08
0.13 6.5351e+09 1.307e+08
0.131 6.2068e+09 1.2414e+08
0.132 6.0418e+09 1.2084e+08
0.133 5.7633e+09 1.1527e+08
0.134 5.5828e+09 1.1166e+08
0.135 5.2936e+09 1.0587e+08
0.136 5.2548e+09 1.051e+08
0.137 4.8267e+09 9.6534e+07
0.138 4.8367e+09 9.6734e+07
0.139 4.4585e+09 8.917e+07
0.14 4.3748e+09 8.7495e+07
0.141 4.0588e+09 8.1177e+07
0.142 3.949e+09 7.8979e+07
0.143 3.8843e+09 7.7687e+07
0.144 3.7139e+09 7.4278e+07
0.145 3.5751e+09 7.1501e+07
0.146 3.3904e+09 6.7809e+07
0.147 3.2273e+09 6.4547e+07
0.148 3.1259e+09 6.2518e+07
0.149 2.9817e+09 5.9634e+07
0.15 2.9709e+09 5.9419e+07
0.151 2.8912e+09 5.7824e+07
0.152 2.5551e+09 5.1102e+07
0.153 2.5339e+09 5.0677e+07
0.154 2.2975e+09 4.595e+07
0.155 2.4757e+09 4.9513e+07
0.156 2.2649e+09 4.5297e+07
0.157 2.1575e+09 4.315e+07
0.158 2.1813e+09 4.3625e+07
0.159 1.8857e+09 3.7714e+07
0.16 1.8105e+09 3.6209e+07
0.161 1.8788e+09 3.7576e+07
0.162 1.5439e+09 3.0877e+07
0.163 1.6797e+09 3.3593e+07
0.164 1.5716e+09 3.1432e+07
0.165 1.6167e+09 3.2334e+07
0.166 1.3989e+09 2.7978e+07
0.167 1.2437e+09 2.4874e+07
0.168 1.5595e+09 3.1189e+07
0.169 1.3276e+09 2.6552e+07
0.17 1.2802e+09 2.5603e+07
0.171 1.231e+09 2.4619e+07
0.172 1.1869e+09 2.3738e+07
0.173 1.1694e+09 2.3388e+07
0.174 1.0789e+09 2.1578e+07
0.175 1.0161e+09 2.0322e+07
0.176 9.9492e+08 1.9898e+07
0.177 8.6909e+08 1.7382e+07
0.178 9.9504e+08 1.9901e+07
0.179 9.3189e+08 1.8638e+07
0.18 8.3035e+08 1.6607e+07
0.181 8.6269e+08 1.7254e+07
0.182 7.683e+08 1.5366e+07
0.183 7.4452e+08 1.489e+07
0.184 7.5854e+08 1.5171e+07
0.185 7.242e+08 1.4484e+07
0.186 7.0862e+08 1.4172e+07
0.187 7.5589e+08 1.5118e+07
0.188 6.1436e+08 1.2287e+07
0.189 5.5489e+08 1.1098e+07
0.19 5.7919e+08 1.1584e+07
0.191 7.8184e+08 1.5637e+07
0.192 4.6828e+08 9.3655e+06
0.193 5.5473e+08 1.1095e+07
0.194 5.758e+08 1.1516e+07
0.195 4.7156e+08 9.4312e+06
0.196 5.9239e+08 1.1848e+07
0.197 5.5151e+08 1.103e+07
0.198 6.2771e+08 1.2554e+07
0.199 6.3223e+08 1.2645e+07
0.2 5.2826e+08 1.0565e+07
0.201 4.7121e+08 9.4241e+06
0.202 5.6837e+08 1.1367e+07
0.203 6.0363e+08 1.2073e+07
0.204 5.1064e+08 1.0213e+07
0.205 5.6858e+08 1.1372e+07
0.206 3.923e+08 7.8459e+06
0.207 5.2091e+08 1.0418e+07
0.208 5.2301e+08 1.046e+07
0.209 4.2814e+08 8.5628e+06
0.21 5.0984e+08 1.0197e+07
0.211 5.6049e+08 1.121e+07
0.212 4.6213e+08 9.2427e+06
0.213 6.2799e+08 1.256e+07
0.214 3.9754e+08 7.9508e+06
0.215 5.1833e+08 1.0367e+07
0.216 3.2997e+08 6.5994e+06
0.217 4.9758e+08 9.9515e+06
0.218 4.6841e+08 9.3682e+06
0.219 3.935e+08 7.87e+06
0.22 4.7372e+08 9.4743e+06
0.221 3.8386e+08 7.6772e+06
0.222 4.584e+08 9.1681e+06
0.223 4.7001e+08 9.4002e+06
0.224 4.4964e+08 8.9929e+06
0.225 4.6107e+08 9.2215e+06
0.226 5.7683e+08 1.1537e+07
0.227 5.1177e+08 1.0235e+07
0.228 5.2077e+08 1.0415e+07
0.229 4.8179e+08 9.6358e+06
0.23 5.2327e+08 1.0465e+07
0.231 3.8227e+08 7.6453e+06
0.232 5.5558e+08 1.1112e+07
0.233 4.7506e+08 9.5011e+06
0.234 4.3853e+08 8.7705e+06
0.235 5.6958e+08 1.1392e+07
0.236 5.576e+08 1.1152e+07
0.237 4.4198e+08 8.8396e+06
0.238 3.9459e+08 7.8918e+06
0.239 5.2246e+08 1.0449e+07
0.24 4.8919e+08 9.7838e+06
0.241 5.5258e+08 1.1052e+07
0.242 5.7759e+08 1.1552e+07
0.243 4.9218e+08 9.8436e+06
0.244 4.2628e+08 8.5255e+06
0.245 4.5627e+08 9.1253e+06
0.246 4.1797e+08 8.3593e+06
0.247 4.8251e+08 9.6503e+06
0.248 4.1529e+08 8.3059e+06
0.249 3.5644e+08 7.1288e+06
0.25 3.4935e+08 6.987e+06
0.251 5.6393e+08 1.1279e+07
0.252 4.7201e+08 9.4403e+06
0.253 4.8132e+08 9.6263e+06
0.254 5.5343e+08 1.1069e+07
0.255 4.1833e+08 8.3665e+06
0.256 4.6952e+08 9.3904e+06
0.257 3.4075e+08 6.815e+06
0.258 3.458e+08 6.9159e+06
0.259 4.9714e+08 9.9428e+06
0.26 4.9522e+08 9.9044e+06
0.261 4.9909e+08 9.9817e+06
0.262 4.1625e+08 8.3251e+06
0.263 4.8467e+08 9.6934e+06
0.264 4.6838e+08 9.3676e+06
0.265 3.5703e+08 7.1406e+06
0.266 4.3312e+08 8.6623e+06
0.267 3.6905e+08 7.3811e+06
0.268 3.0263e+08 6.0526e+06
0.269 3.7293e+08 7.4587e+06
0.27 4.5305e+08 9.061e+06
0.271 4.4999e+08 8.9998e+06
0.272 4.9153e+08 9.8307e+06
0.273 4.5667e+08 9.1335e+06
0.274 5.2553e+08 1.0511e+07
0.275 3.2893e+08 6.5786e+06
0.276 3.6883e+08 7.3765e+06
0.277 3.3251e+08 6.6502e+06
0.278 3.6323e+08 7.2646e+06
0.279 4.0317e+08 8.0635e+06
0.28 3.5814e+08 7.1628e+06
0.281 3.9253e+08 7.8507e+06
0.282 3.7522e+08 7.5044e+06
0.283 2.2941e+08 4.5882e+06
0.284 3.2562e+08 6.5123e+06
0.285 3.2133e+08 6.4265e+06
0.286 3.1686e+08 6.3372e+06
0.287 2.1768e+08 4.3536e+06
0.288 3.4214e+08 6.8429e+06
0.289 2.7805e+08 5.5611e+06
0.29 2.8778e+08 5.7556e+06
0.291 3.2568e+08 6.5137e+06
0.292 2.9408e+08 5.8817e+06
0.293 2.851e+08 5.702e+06
0.294 4.1836e+08 8.3672e+06
0.295 3.1014e+08 6.2027e+06
0.296 2.4769e+08 4.9538e+06
0.297 2.8781e+08 5.7563e+06
0.298 2.838e+08 5.6759e+06
0.299 2.7786e+08 5.5572e+06
0.3 2.9049e+08 5.8099e+06
0.301 4.0836e+08 8.1673e+06
0.302 2.418e+08 4.8361e+06
0.303 2.1344e+08 4.2688e+06
0.304 2.8663e+08 5.7327e+06
0.305 2.7372e+08 5.4745e+06
0.306 1.6598e+08 3.3195e+06
0.307 3.0028e+08 6.0055e+06
0.308 1.8088e+08 3.6177e+06
0.309 2.4367e+08 4.8734e+06
0.31 2.7669e+08 5.5338e+06
0.311 2.8152e+08 5.6304e+06
0.312 3.0615e+08 6.123e+06
0.313 2.7795e+08 5.5589e+06
0.314 2.1583e+08 4.3165e+06
0.315 2.0986e+08 4.1973e+06
0.316 3.118e+08 6.2361e+06
0.317 2.6986e+08 5.3973e+06
0.318 1.9583e+08 3.9166e+06
0.319 2.4896e+08 4.9792e+06
0.32 2.9669e+08 5.9338e+06
0.321 2.8708e+08 5.7417e+06
0.322 2.2877e+08 4.5753e+06
0.323 1.9175e+08 3.835e+06
0.324 1.6372e+08 3.2743e+06
0.325 2.9285e+08 5.8571e+06
0.326 2.7272e+08 5.4543e+06
0.327 3.8383e+08 7.6765e+06
0.328 2.5157e+08 5.0315e+06
0.329 2.4862e+08 4.9724e+06
0.33 2.5969e+08 5.1939e+06
0.331 8.1694e+07 1.6339e+06
0.332 2.3757e+08 4.7515e+06
0.333 2.6316e+08 5.2632e+06
0.334 1.2394e+08 2.4788e+06
0.335 2.2269e+08 4.4539e+06
0.336 9.282e+07 1.8564e+06
0.337 2.4605e+08 4.921e+06
0.338 2.3102e+08 4.6204e+06
0.339 1.8927e+08 3.7853e+06
0.34 1.6654e+08 3.3308e+06
0.341 1.9761e+08 3.9522e+06
0.342 1.1217e+08 2.2435e+06
0.343 2.2472e+08 4.4943e+06
0.344 1.5505e+08 3.101e+06
0.345 2.3579e+08 4.7158e+06
0.346 2.3482e+08 4.6964e+06
0.347 2.3848e+08 4.7696e+06
0.348 1.5754e+08 3.1508e+06
0.349 2.6499e+08 5.2998e+06
0.35 2.5359e+08 5.0718e+06
0.351 1.6556e+08 3.3112e+06
0.352 2.2064e+08 4.4128e+06
0.353 1.4021e+08 2.8042e+06
0.354 2.2245e+08 4.449e+06
0.355 1.3551e+08 2.7101e+06
0.356 2.351e+08 4.702e+06
0.357 1.4649e+08 2.9299e+06
0.358 1.2938e+08 2.5875e+06
0.359 1.2618e+08 2.5235e+06
0.36 1.3836e+08 2.7673e+06
0.361 2.0567e+08 4.1135e+06
0.362 1.1838e+08 2.3677e+06
0.363 2.4036e+08 4.8071e+06
0.364 2.2972e+08 4.5944e+06
0.365 2.2497e+08 4.4993e+06
0.366 1.4426e+08 2.8853e+06
0.367 8.7238e+07 1.7448e+06
0.368 1.546e+08 3.0919e+06
0.369 1.5741e+08 3.1481e+06
0.37 7.8266e+07 1.5653e+06
0.371 1.4488e+08 2.8977e+06
0.372 1.4889e+08 2.9779e+06
0.373 1.9216e+08 3.8431e+06
0.374 1.4934e+08 2.9867e+06
0.375 2.3174e+08 4.6348e+06
0.376 2.4545e+08 4.909e+06
0.377 1.2948e+08 2.5896e+06
0.378 1.0047e+08 2.0095e+06
0.379 1.6153e+08 3.2306e+06
0.38 1.6078e+08 3.2155e+06
0.381 1.4578e+08 2.9157e+06
0.382 1.9129e+08 3.8257e+06
0.383 2.1396e+08 4.2791e+06
0.384 1.732e+08 3.4639e+06
0.385 1.6673e+08 3.3345e+06
0.386 1.959e+08 3.9179e+06
0.387 1.2011e+08 2.4022e+06
0.388 1.7808e+08 3.5615e+06
0.389 2.3575e+08 4.715e+06
0.39 2.366e+08 4.732e+06
0.391 1.197e+08 2.3939e+06
0.392 1.5223e+08 3.0446e+06
0.393 1.747e+08 3.494e+06
0.394 2.4949e+08 4.9898e+06
0.395 1.4366e+08 2.8733e+06
0.396 2.168e+08 4.336e+06
0.397 2.2234e+08 4.4469e+06
0.398 9.9071e+07 1.9814e+06
0.399 2.4242e+08 4.8484e+06
0.4 1.8781e+08 3.7563e+06
0.401 1.9172e+08 3.8344e+06
0.402 1.2717e+08 2.5435e+06
0.403 2.4658e+08 4.9316e+06
0.404 2.5484e+08 5.0968e+06
0.405 2.1232e+08 4.2463e+06
0.406 2.1941e+08 4.3882e+06
0.407 1.3044e+08 2.6089e+06
0.408 2.0167e+08 4.0335e+06
0.409 1.6431e+08 3.2861e+06
0.41 1.6187e+08 3.2373e+06
0.411 1.682e+08 3.364e+06
0.412 2.3627e+08 4.7253e+06
0.413 1.4571e+08 2.9142e+06
0.414 2.3944e+08 4.7887e+06
0.415 1.49e+08 2.98e+06
0.416 1.8046e+08 3.6092e+06
0.417 2.2692e+08 4.5384e+06
0.418 1.2705e+08 2.541e+06
0.419 1.4316e+08 2.8633e+06
0.42 1.5747e+08 3.1495e+06
0.421 1.4424e+08 2.8848e+06
0.422 1.2813e+08 2.5626e+06
0.423 1.2276e+08 2.4551e+06
0.424 1.4564e+08 2.9128e+06
0.425 1.7207e+08 3.4415e+06
0.426 2.4426e+08 4.8852e+06
0.427 1.8454e+08 3.6908e+06
0.428 1.9311e+08 3.8621e+06
0.429 9.9238e+07 1.9848e+06
0.43 2.1319e+08 4.2638e+06
0.431 2.4812e+08 4.9624e+06
0.432 1.5375e+08 3.075e+06
0.433 1.1341e+08 2.2681e+06
0.434 1.5154e+08 3.0308e+06
0.435 1.5909e+08 3.1818e+06
0.436 5.7535e+07 1.1507e+06
0.437 5.2683e+07 1.0537e+06
0.438 2.6586e+08 5.3173e+06
0.439 1.7864e+08 3.5729e+06
0.44 2.3422e+08 4.6844e+06
0.441 1.3457e+08 2.6914e+06
0.442 1.3051e+08 2.6101e+06
0.443 1.559e+08 3.1181e+06
0.444 1.7397e+08 3.4794e+06
0.445 1.681e+08 3.362e+06
0.446 2.5512e+08 5.1024e+06
0.447 2.0851e+08 4.1702e+06
0.448 2.1138e+08 4.2277e+06
0.449 2.2216e+08 4.4432e+06
0.45 1.8609e+08 3.7218e+06
0.451 1.1926e+08 2.3853e+06
0.452 1.6502e+08 3.3003e+06
0.453 1.3362e+08 2.6725e+06
0.454 1.9031e+08 3.8062e+06
0.455 2.1413e+08 4.2826e+06
0.456 1.3625e+08 2.7249e+06
0.457 1.7581e+08 3.5162e+06
0.458 1.7785e+08 3.5569e+06
0.459 1.6036e+08 3.2072e+06
0.46 2.3838e+08 4.7677e+06
0.461 2.1307e+08 4.2614e+06
0.462 1.1392e+08 2.2785e+06
0.463 1.8952e+08 3.7903e+06
0.464 2.3756e+08 4.7513e+06
0.465 1.5912e+08 3.1823e+06
0.466 4.8632e+07 9.7264e+05
0.467 1.0304e+08 2.0608e+06
0.468 1.5584e+08 3.1168e+06
0.469 1.6179e+08 3.2359e+06
0.47 1.4299e+08 2.8599e+06
0.471 1.5368e+08 3.0735e+06
0.472 1.1419e+08 2.2839e+06
0.473 2.2817e+08 4.5635e+06
0.474 2.3224e+08 4.6448e+06
0.475 2.3265e+08 4.6531e+06
0.476 1.9426e+08 3.8852e+06
0.477 1.6163e+08 3.2327e+06
0.478 1.5938e+08 3.1877e+06
0.479 1.6983e+08 3.3966e+06
0.48 8.6858e+07 1.7372e+06
0.481 1.1181e+08 2.2363e+06
0.482 2.9937e+08 5.9874e+06
0.483 2.1536e+08 4.3072e+06
0.484 1.9091e+08 3.8181e+06
0.485 1.1504e+08 2.3008e+06
0.486 1.8178e+08 3.6356e+06
0.487 1.8555e+08 3.711e+06
0.488 1.3724e+08 2.7449e+06
0.489 2.9378e+08 5.8757e+06
0.49 2.0841e+08 4.1681e+06
0.491 1.6427e+08 3.2855e+06
0.492 2.3391e+08 4.6782e+06
0.493 1.7579e+08 3.5158e+06
0.494 1.4418e+08 2.8836e+06
0.495 1.9702e+08 3.9404e+06
0.496 2.1937e+08 4.3873e+06
0.497 1.8342e+08 3.6684e+06
0.498 1.9281e+08 3.8563e+06
0.499 2.2047e+08 4.4095e+06
0.5 1.8473e+08 3.6946e+06
