0.001 2.1508e+10 4.3015e+08
0.002 2.0688e+10 4.1377e+08
0.003 2.0241e+10 4.0483e+08
0.004 2.071e+10 4.142e+08
0.005 2.0174e+10 4.0347e+08
0.006 2.0603e+10 4.1206e+08
0.007 1.9988e+10 3.9975e+08
0.008 2.0503e+10 4.1006e+08
0.009 2.0274e+10 4.0548e+08
0.01 2.0512e+10 4.1024e+08
0.011 1.953e+10 3.9061e+08
0.012 1.9803e+10 3.9606e+08
0.013 1.9911e+10 3.9823e+08
0.014 1.9817e+10 3.9634e+08
0.015 1.9199e+10 3.8398e+08
0.016 1.9156e+10 3.8312e+08
0.017 1.9482e+10 3.8965e+08
0.018 1.931e+10 3.8619e+08
0.019 1.9185e+10 3.8369e+08
0.02 1.9071e+10 3.8143e+08
0.021 1.8965e+10 3.793e+08
0.022 1.8778e+10 3.7556e+08
0.023 1.8788e+10 3.7576e+08
0.024 1.8711e+10 3.7422e+08
0.025 1.8023e+10 3.6046e+08
0.026 1.8426e+10 3.6851e+08
0.027 1.8261e+10 3.6522e+08
0.028 1.8048e+10 3.6096e+08
0.029 1.79e+10 3.58e+08
0.03 1.771e+10 3.542e+08
0.031 1.7514e+10 3.5028e+08
0.032 1.7507e+10 3.5014e+08
0.033 1.75e+10 3.5001e+08
0.034 1.7046e+10 3.4093e+08
0.035 1.7008e+10 3.4017e+08
0.036 1.6742e+10 3.3485e+08
0.037 1.6551e+10 3.3102e+08
0.038 1.5998e+10 3.1996e+08
0.039 1.6358e+10 3.2715e+08
0.04 1.5778e+10 3.1556e+08
0.041 1.5814e+10 3.1629e+08
0.042 1.5698e+10 3.1395e+08
0.043 1.5329e+10 3.0657e+08
0.044 1.5052e+10 3.0104e+08
0.045 1.4825e+10 2.9651e+08
0.046 1.4419e+10 2.8837e+08
0.047 1.4431e+10 2.8861e+08
0.048 1.4318e+10 2.8636e+08
0.049 1.3906e+10 2.7812e+08
0.05 1.3866e+10 2.7732e+08
0.051 1.3597e+10 2.7194e+08
0.052 1.3413e+10 2.6826e+08
0.053 1.3113e+10 2.6226e+08
0.054 1.2794e+10 2.5588e+08
0.055 1.2715e+10 2.5429e+08
0.056 1.2516e+10 2.5032e+08
0.057 1.2235e+10 2.447e+08
0.058 1.1969e+10 2.3939e+08
0.059 1.1778e+10 2.3556e+08
0.06 1.1876e+10 2.3751e+08
0.061 1.1399e+10 2.2798e+08
0.062 1.1251e+10 2.2501e+08
0.063 1.096e+10 2.192e+08
0.064 1.0948e+10 2.1896e+08
0.065 1.0657e+10 2.1314e+08
0.066 1.023e+10 2.046e+08
0.067 1.0083e+10 2.0166e+08
0.068 9.9634e+09 1.9927e+08
0.069 9.6674e+09 1.9335e+08
0.07 9.6255e+09 1.9251e+08
0.071 9.3293e+09 1.8659e+08
0.072 9.1786e+09 1.8357e+08
0.073 8.8404e+09 1.7681e+08
0.074 8.6614e+09 1.7323e+08
0.075 8.4883e+09 1.6977e+08
0.076 8.3715e+09 1.6743e+08
0.077 8.1938e+09 1.6388e+08
0.078 8.1864e+09 1.6373e+08
0.079 7.791e+09 1.5582e+08
0.08 7.4902e+09 1.498e+08
0.081 7.3568e+09 1.4714e+08
0.082 7.134e+09 1.4268e+08
0.083 7.0293e+09 1.4059e+08
0.084 6.8735e+09 1.3747e+08
0.085 6.6383e+09 1.3277e+08
0.086 6.5337e+09 1.3067e+08
0.087 6.277e+09 1.2554e+08
0.088 6.0186e+09 1.2037e+08
0.089 5.9791e+09 1.1958e+08
0.09 5.8296e+09 1.1659e+08
0.091 5.6016e+09 1.1203e+08
0.092 5.494e+09 1.0988e+08
0.093 5.3198e+09 1.064e+08
0.094 5.3035e+09 1.0607e+08
0.095 5.0515e+09 1.0103e+08
0.096 4.9101e+09 9.8202e+07
0.097 4.7885e+09 9.5769e+07
0.098 4.6335e+09 9.2671e+07
0.099 4.4604e+09 8.9208e+07
0.1 4.3007e+09 8.6015e+07
0.101 4.1822e+09 8.3644e+07
0.102 4.0892e+09 8.1785e+07
0.103 4.0092e+09 8.0184e+07
0.104 3.8804e+09 7.7608e+07
0.105 3.7605e+09 7.521e+07
0.106 3.6395e+09 7.279e+07
0.107 3.5136e+09 7.0273e+07
0.108 3.4114e+09 6.8228e+07
0.109 3.3412e+09 6.6824e+07
0.11 3.1778e+09 6.3556e+07
0.111 3.1617e+09 6.3235e+07
0.112 3.002e+09 6.0039e+07
0.113 2.9924e+09 5.9847e+07
0.114 2.8091e+09 5.6182e+07
0.115 2.7256e+09 5.4512e+07
0.116 2.5509e+09 5.1018e+07
0.117 2.5707e+09 5.1415e+07
0.118 2.4681e+09 4.9362e+07
0.119 2.3271e+09 4.6542e+07
0.12 2.3783e+09 4.7567e+07
0.121 2.1362e+09 4.2725e+07
0.122 2.133e+09 4.2659e+07
0.123 2.0596e+09 4.1193e+07
0.124 2.0039e+09 4.0078e+07
0.125 1.924e+09 3.8481e+07
0.126 1.859e+09 3.718e+07
0.127 1.7615e+09 3.5229e+07
0.128 1.76e+09 3.52e+07
0.129 1.6609e+09 3.3218e+07
0.13 1.5773e+09 3.1546e+07
0.131 1.5575e+09 3.115e+07
0.132 1.54e+09 3.08e+07
0.133 1.4152e+09 2.8303e+07
0.134 1.3556e+09 2.7112e+07
0.135 1.3552e+09 2.7105e+07
0.136 1.2722e+09 2.5444e+07
0.137 1.2499e+09 2.4998e+07
0.138 1.2485e+09 2.497e+07
0.139 1.1315e+09 2.263e+07
0.14 1.1057e+09 2.2114e+07
0.141 1.0854e+09 2.1708e+07
0.142 1.0134e+09 2.0269e+07
0.143 1.0041e+09 2.0083e+07
0.144 9.3631e+08 1.8726e+07
0.145 8.743e+08 1.7486e+07
0.146 9.1135e+08 1.8227e+07
0.147 8.6077e+08 1.7215e+07
0.148 8.5506e+08 1.7101e+07
0.149 8.718e+08 1.7436e+07
0.15 7.4146e+08 1.4829e+07
0.151 7.1625e+08 1.4325e+07
0.152 6.8192e+08 1.3638e+07
0.153 7.3281e+08 1.4656e+07
0.154 6.8894e+08 1.3779e+07
0.155 5.6929e+08 1.1386e+07
0.156 6.5022e+08 1.3004e+07
0.157 5.8786e+08 1.1757e+07
0.158 6.2062e+08 1.2412e+07
0.159 5.4952e+08 1.099e+07
0.16 5.4107e+08 1.0821e+07
0.161 5.2111e+08 1.0422e+07
0.162 4.4018e+08 8.8036e+06
0.163 5.0394e+08 1.0079e+07
0.164 4.7458e+08 9.4916e+06
0.165 4.8452e+08 9.6903e+06
0.166 5.0737e+08 1.0147e+07
0.167 4.3691e+08 8.7383e+06
0.168 4.1348e+08 8.2695e+06
0.169 4.1778e+08 8.3557e+06
0.17 4.2989e+08 8.5979e+06
0.171 4.0857e+08 8.1713e+06
0.172 3.7952e+08 7.5904e+06
0.173 3.585e+08 7.17e+06
0.174 3.3073e+08 6.6147e+06
0.175 3.2223e+08 6.4446e+06
0.176 3.2927e+08 6.5853e+06
0.177 3.5127e+08 7.0254e+06
0.178 3.3645e+08 6.729e+06
0.179 2.6891e+08 5.3782e+06
0.18 2.9666e+08 5.9332e+06
0.181 2.8129e+08 5.6257e+06
0.182 2.8054e+08 5.6107e+06
0.183 2.7484e+08 5.4968e+06
0.184 2.5176e+08 5.0352e+06
0.185 2.3542e+08 4.7084e+06
0.186 2.4302e+08 4.8604e+06
0.187 2.2349e+08 4.4699e+06
0.188 3.0987e+08 6.1975e+06
0.189 2.5042e+08 5.0084e+06
0.19 3.0307e+08 6.0614e+06
0.191 2.5628e+08 5.1255e+06
0.192 2.0829e+08 4.1658e+06
0.193 2.5009e+08 5.0019e+06
0.194 2.5777e+08 5.1553e+06
0.195 2.5902e+08 5.1804e+06
0.196 1.9657e+08 3.9315e+06
0.197 1.9023e+08 3.8046e+06
0.198 2.39e+08 4.78e+06
0.199 1.8321e+08 3.6641e+06
0.2 1.9767e+08 3.9534e+06
0.201 1.8314e+08 3.6627e+06
0.202 1.7204e+08 3.4408e+06
0.203 1.8674e+08 3.7347e+06
0.204 1.3595e+08 2.7191e+06
0.205 1.3988e+08 2.7977e+06
0.206 1.6495e+08 3.2989e+06
0.207 1.7239e+08 3.4478e+06
0.208 2.216e+08 4.4321e+06
0.209 1.7334e+08 3.4667e+06
0.21 1.5382e+08 3.0763e+06
0.211 1.724e+08 3.4479e+06
0.212 1.6912e+08 3.3823e+06
0.213 1.5882e+08 3.1764e+06
0.214 1.7058e+08 3.4115e+06
0.215 1.4016e+08 2.8032e+06
0.216 1.3024e+08 2.6049e+06
0.217 1.541e+08 3.082e+06
0.218 9.1078e+07 1.8216e+06
0.219 1.8925e+08 3.785e+06
0.22 1.3378e+08 2.6755e+06
0.221 1.7038e+08 3.4076e+06
0.222 1.5499e+08 3.0997e+06
0.223 1.3197e+08 2.6394e+06
0.224 1.6485e+08 3.2971e+06
0.225 1.0435e+08 2.087e+06
0.226 1.2313e+08 2.4626e+06
0.227 1.5071e+08 3.0142e+06
0.228 1.5148e+08 3.0297e+06
0.229 1.2003e+08 2.4006e+06
0.23 1.3542e+08 2.7084e+06
0.231 1.1013e+08 2.2026e+06
0.232 1.5512e+08 3.1025e+06
0.233 1.2779e+08 2.5558e+06
0.234 1.4115e+08 2.823e+06
0.235 1.5366e+08 3.0733e+06
0.236 1.4652e+08 2.9303e+06
0.237 1.0727e+08 2.1454e+06
0.238 1.6155e+08 3.2309e+06
0.239 1.2761e+08 2.5521e+06
0.24 1.23e+08 2.46e+06
0.241 1.4334e+08 2.8669e+06
0.242 1.1842e+08 2.3683e+06
0.243 1.3928e+08 2.7855e+06
0.244 1.6657e+08 3.3313e+06
0.245 1.1243e+08 2.2487e+06
0.246 1.7696e+08 3.5393e+06
0.247 1.123e+08 2.2459e+06
0.248 1.6373e+08 3.2746e+06
0.249 1.4992e+08 2.9984e+06
0.25 1.3329e+08 2.6659e+06
0.251 1.091e+08 2.1821e+06
0.252 1.1878e+08 2.3756e+06
0.253 1.0468e+08 2.0936e+06
0.254 1.2731e+08 2.5463e+06
0.255 1.1925e+08 2.3851e+06
0.256 1.5417e+08 3.0835e+06
0.257 1.47e+08 2.94e+06
0.258 1.011e+08 2.0221e+06
0.259 8.9261e+07 1.7852e+06
0.26 7.7889e+07 1.5578e+06
0.261 1.1501e+08 2.3001e+06
0.262 1.1341e+08 2.2682e+06
0.263 1.0253e+08 2.0505e+06
0.264 1.1377e+08 2.2753e+06
0.265 1.1942e+08 2.3884e+06
0.266 1.1739e+08 2.3478e+06
0.267 1.0662e+08 2.1324e+06
0.268 1.1179e+08 2.2358e+06
0.269 8.7569e+07 1.7514e+06
0.27 7.3767e+07 1.4753e+06
0.271 1.3223e+08 2.6447e+06
0.272 1.0015e+08 2.003e+06
0.273 1.1898e+08 2.3797e+06
0.274 9.7614e+07 1.9523e+06
0.275 1.3283e+08 2.6567e+06
0.276 1.122e+08 2.2441e+06
0.277 9.3726e+07 1.8745e+06
0.278 1.0904e+08 2.1807e+06
0.279 1.0652e+08 2.1304e+06
0.28 1.8927e+07 3.7855e+05
0.281 7.9076e+07 1.5815e+06
0.282 8.1493e+07 1.6299e+06
0.283 9.2903e+07 1.8581e+06
0.284 6.8352e+07 1.367e+06
0.285 1.1495e+08 2.299e+06
0.286 9.7719e+07 1.9544e+06
0.287 8.9113e+07 1.7823e+06
0.288 7.8563e+07 1.5713e+06
0.289 8.9144e+07 1.7829e+06
0.29 9.7416e+07 1.9483e+06
0.291 6.5368e+07 1.3074e+06
0.292 1.1823e+08 2.3646e+06
0.293 9.3111e+07 1.8622e+06
0.294 6.974e+07 1.3948e+06
0.295 5.8157e+07 1.1631e+06
0.296 5.3543e+07 1.0709e+06
0.297 1.1025e+08 2.205e+06
0.298 6.4027e+07 1.2805e+06
0.299 8.7753e+07 1.7551e+06
0.3 8.3717e+07 1.6743e+06
0.301 4.8296e+07 9.6591e+05
0.302 7.4756e+07 1.4951e+06
0.303 7.5294e+07 1.5059e+06
0.304 6.2698e+07 1.254e+06
0.305 9.1452e+07 1.829e+06
0.306 7.8978e+07 1.5796e+06
0.307 8.0085e+07 1.6017e+06
0.308 9.5567e+07 1.9113e+06
0.309 7.0904e+07 1.4181e+06
0.31 6.8322e+07 1.3664e+06
0.311 8.6698e+07 1.734e+06
0.312 9.5514e+07 1.9103e+06
0.313 4.5326e+07 9.0653e+05
0.314 9.0379e+07 1.8076e+06
0.315 7.2141e+07 1.4428e+06
0.316 8.7568e+07 1.7514e+06
0.317 6.3962e+07 1.2792e+06
0.318 5.5444e+07 1.1089e+06
0.319 8.618e+07 1.7236e+06
0.32 6.384e+07 1.2768e+06
0.321 6.217e+07 1.2434e+06
0.322 3.3363e+07 6.6727e+05
0.323 9.2935e+07 1.8587e+06
0.324 8.4379e+07 1.6876e+06
0.325 8.1312e+07 1.6262e+06
0.326 6.2564e+07 1.2513e+06
0.327 3.8985e+07 7.797e+05
0.328 7.2823e+07 1.4565e+06
0.329 3.673e+07 7.3461e+05
0.33 5.8617e+07 1.1723e+06
0.331 1.0047e+08 2.0094e+06
0.332 5.5115e+07 1.1023e+06
0.333 7.4367e+07 1.4873e+06
0.334 7.9203e+07 1.5841e+06
0.335 4.743e+07 9.486e+05
0.336 7.7335e+07 1.5467e+06
0.337 5.4453e+07 1.0891e+06
0.338 6.4125e+07 1.2825e+06
0.339 6.6326e+07 1.3265e+06
0.34 6.1506e+07 1.2301e+06
0.341 4.521e+07 9.0421e+05
0.342 7.6009e+07 1.5202e+06
0.343 5.4904e+07 1.0981e+06
0.344 6.7706e+07 1.3541e+06
0.345 5.8322e+07 1.1664e+06
0.346 5.7401e+07 1.148e+06
0.347 7.2938e+07 1.4588e+06
0.348 3.9671e+07 7.9341e+05
0.349 8.309e+07 1.6618e+06
0.35 7.06e+07 1.412e+06
0.351 9.3481e+07 1.8696e+06
0.352 8.2331e+07 1.6466e+06
0.353 2.1169e+07 4.2338e+05
0.354 1.7088e+07 3.4176e+05
0.355 5.2027e+07 1.0405e+06
0.356 6.5915e+07 1.3183e+06
0.357 2.7406e+07 5.4812e+05
0.358 5.584e+07 1.1168e+06
0.359 4.7997e+07 9.5994e+05
0.36 8.9982e+07 1.7996e+06
0.361 3.5789e+07 7.1577e+05
0.362 5.4073e+07 1.0815e+06
0.363 3.5009e+07 7.0017e+05
0.364 7.5598e+07 1.512e+06
0.365 5.7693e+07 1.1539e+06
0.366 4.4703e+07 8.9407e+05
0.367 5.8639e+07 1.1728e+06
0.368 5.0561e+07 1.0112e+06
0.369 6.4148e+07 1.283e+06
0.37 5.3473e+07 1.0695e+06
0.371 5.8146e+07 1.1629e+06
0.372 5.9934e+07 1.1987e+06
0.373 8.2139e+07 1.6428e+06
0.374 5.6022e+07 1.1204e+06
0.375 4.1679e+07 8.3358e+05
0.376 4.4469e+07 8.8939e+05
0.377 2.8465e+07 5.693e+05
0.378 5.807e+07 1.1614e+06
0.379 3.8428e+07 7.6856e+05
0.38 6.5142e+07 1.3028e+06
0.381 3.7503e+07 7.5006e+05
0.382 8.2179e+07 1.6436e+06
0.383 4.5037e+07 9.0073e+05
0.384 3.6036e+07 7.2072e+05
0.385 5.8045e+07 1.1609e+06
0.386 4.5467e+07 9.0935e+05
0.387 9.5009e+07 1.9002e+06
0.388 5.7686e+07 1.1537e+06
0.389 6.402e+07 1.2804e+06
0.39 2.4035e+07 4.8069e+05
0.391 4.2498e+07 8.4996e+05
0.392 4.6653e+07 9.3306e+05
0.393 4.6963e+07 9.3926e+05
0.394 6.579e+07 1.3158e+06
0.395 5.8843e+07 1.1769e+06
0.396 7.6461e+07 1.5292e+06
0.397 7.0407e+06 1.4081e+05
0.398 5.9322e+07 1.1864e+06
0.399 4.8209e+07 9.6419e+05
0.4 4.2809e+07 8.5619e+05
0.401 3.7086e+07 7.4173e+05
0.402 5.5238e+07 1.1048e+06
0.403 2.5774e+07 5.1549e+05
0.404 7.0721e+07 1.4144e+06
0.405 6.9382e+07 1.3876e+06
0.406 6.2562e+07 1.2512e+06
0.407 5.9545e+07 1.1909e+06
0.408 3.3505e+07 6.701e+05
0.409 2.161e+07 4.3219e+05
0.41 5.9431e+07 1.1886e+06
0.411 6.3226e+07 1.2645e+06
0.412 7.2182e+07 1.4436e+06
0.413 2.6166e+07 5.2331e+05
0.414 5.7604e+07 1.1521e+06
0.415 3.3192e+07 6.6384e+05
0.416 2.7183e+07 5.4365e+05
0.417 9.943e+06 1.9886e+05
0.418 4.0522e+07 8.1043e+05
0.419 5.3395e+07 1.0679e+06
0.42 5.6314e+07 1.1263e+06
0.421 4.9412e+07 9.8824e+05
0.422 5.659e+07 1.1318e+06
0.423 7.9257e+07 1.5851e+06
0.424 4.277e+07 8.554e+05
0.425 8.7767e+07 1.7553e+06
0.426 3.3015e+07 6.6031e+05
0.427 3.9638e+07 7.9276e+05
0.428 5.3215e+07 1.0643e+06
0.429 2.8896e+07 5.7792e+05
0.43 7.0312e+07 1.4062e+06
0.431 6.7411e+07 1.3482e+06
0.432 2.7346e+07 5.4692e+05
0.433 6.9116e+07 1.3823e+06
0.434 6.5589e+07 1.3118e+06
0.435 5.7485e+07 1.1497e+06
0.436 4.4151e+07 8.8302e+05
0.437 2.2414e+07 4.4827e+05
0.438 6.3065e+07 1.2613e+06
0.439 5.3065e+07 1.0613e+06
0.44 4.6722e+07 9.3443e+05
0.441 4.284e+07 8.5681e+05
0.442 2.4844e+07 4.9687e+05
0.443 4.4944e+07 8.9888e+05
0.444 8.4886e+07 1.6977e+06
0.445 3.9284e+07 7.8569e+05
0.446 5.323e+07 1.0646e+06
0.447 4.4587e+07 8.9175e+05
0.448 2.7443e+06 54887
0.449 3.1681e+07 6.3363e+05
0.45 7.1986e+07 1.4397e+06
0.451 7.4635e+07 1.4927e+06
0.452 5.1876e+07 1.0375e+06
0.453 4.5049e+07 9.0097e+05
0.454 5.9752e+07 1.195e+06
0.455 7.8244e+07 1.5649e+06
0.456 6.2206e+07 1.2441e+06
0.457 3.6463e+07 7.2925e+05
0.458 4.7778e+07 9.5555e+05
0.459 6.0017e+07 1.2003e+06
0.46 3.6102e+07 7.2204e+05
0.461 4.8707e+07 9.7414e+05
0.462 3.083e+07 6.1659e+05
0.463 4.858e+07 9.716e+05
0.464 4.9946e+07 9.9892e+05
0.465 5.5782e+07 1.1156e+06
0.466 6.4843e+07 1.2969e+06
0.467 6.4846e+07 1.2969e+06
0.468 6.7827e+07 1.3565e+06
0.469 5.6688e+07 1.1338e+06
0.47 4.3778e+07 8.7557e+05
0.471 4.2794e+07 8.5589e+05
0.472 6.8551e+07 1.371e+06
0.473 5.757e+07 1.1514e+06
0.474 4.5761e+07 9.1521e+05
0.475 5.825e+07 1.165e+06
0.476 5.805e+07 1.161e+06
0.477 6.0983e+07 1.2197e+06
0.478 1.7779e+07 3.5559e+05
0.479 7.7681e+07 1.5536e+06
0.48 5.6068e+07 1.1214e+06
0.481 4.9806e+07 9.9613e+05
0.482 5.4082e+07 1.0816e+06
0.483 3.748e+07 7.496e+05
0.484 4.6434e+07 9.2867e+05
0.485 7.3406e+07 1.4681e+06
0.486 5.4674e+07 1.0935e+06
0.487 6.0323e+07 1.2065e+06
0.488 5.7608e+07 1.1522e+06
0.489 4.2319e+07 8.4638e+05
0.49 5.6981e+07 1.1396e+06
0.491 5.6947e+07 1.1389e+06
0.492 5.1508e+07 1.0302e+06
0.493 5.8302e+07 1.166e+06
0.494 6.074e+07 1.2148e+06
0.495 8.481e+07 1.6962e+06
0.496 5.7689e+07 1.1538e+06
0.497 3.7613e+07 7.5225e+05
0.498 2.336e+07 4.6719e+05
0.499 8.2005e+07 1.6401e+06
0.5 4.7758e+07 9.5516e+05
