0.001 1.2516e+10 2.5031e+08
0.002 1.2766e+10 2.5532e+08
0.003 1.2998e+10 2.5995e+08
0.004 1.3114e+10 2.6228e+08
0.005 1.2987e+10 2.5973e+08
0.006 1.2598e+10 2.5196e+08
0.007 1.3097e+10 2.6194e+08
0.008 1.2629e+10 2.5258e+08
0.009 1.2449e+10 2.4899e+08
0.01 1.2953e+10 2.5907e+08
0.011 1.267e+10 2.5339e+08
0.012 1.213e+10 2.4261e+08
0.013 1.2426e+10 2.4853e+08
0.014 1.2447e+10 2.4893e+08
0.015 1.2481e+10 2.4962e+08
0.016 1.2621e+10 2.5243e+08
0.017 1.2191e+10 2.4381e+08
0.018 1.2257e+10 2.4514e+08
0.019 1.2224e+10 2.4449e+08
0.02 1.2257e+10 2.4513e+08
0.021 1.1834e+10 2.3668e+08
0.022 1.2013e+10 2.4027e+08
0.023 1.193e+10 2.386e+08
0.024 1.1906e+10 2.3812e+08
0.025 1.1583e+10 2.3165e+08
0.026 1.1677e+10 2.3354e+08
0.027 1.1466e+10 2.2933e+08
0.028 1.1484e+10 2.2967e+08
0.029 1.1233e+10 2.2466e+08
0.03 1.0971e+10 2.1942e+08
0.031 1.1206e+10 2.2412e+08
0.032 1.0882e+10 2.1765e+08
0.033 1.0818e+10 2.1636e+08
0.034 1.0653e+10 2.1306e+08
0.035 1.0583e+10 2.1165e+08
0.036 1.0461e+10 2.0923e+08
0.037 1.031e+10 2.0621e+08
0.038 1.0144e+10 2.0287e+08
0.039 1.0146e+10 2.0293e+08
0.04 9.9183e+09 1.9837e+08
0.041 9.6317e+09 1.9263e+08
0.042 9.6709e+09 1.9342e+08
0.043 9.4337e+09 1.8867e+08
0.044 9.4003e+09 1.8801e+08
0.045 9.3027e+09 1.8605e+08
0.046 9.253e+09 1.8506e+08
0.047 8.9321e+09 1.7864e+08
0.048 8.8015e+09 1.7603e+08
0.049 8.7468e+09 1.7494e+08
0.05 8.5266e+09 1.7053e+08
0.051 8.57e+09 1.714e+08
0.052 8.1702e+09 1.634e+08
0.053 8.2644e+09 1.6529e+08
0.054 7.9997e+09 1.5999e+08
0.055 7.804e+09 1.5608e+08
0.056 7.734e+09 1.5468e+08
0.057 7.4494e+09 1.4899e+08
0.058 7.4803e+09 1.4961e+08
0.059 7.2082e+09 1.4416e+08
0.06 7.167e+09 1.4334e+08
0.061 7.0133e+09 1.4027e+08
0.062 6.8294e+09 1.3659e+08
0.063 6.6563e+09 1.3313e+08
0.064 6.5302e+09 1.306e+08
0.065 6.4116e+09 1.2823e+08
0.066 6.223e+09 1.2446e+08
0.067 6.0918e+09 1.2184e+08
0.068 5.9382e+09 1.1876e+08
0.069 5.8721e+09 1.1744e+08
0.07 5.7794e+09 1.1559e+08
0.071 5.5394e+09 1.1079e+08
0.072 5.5053e+09 1.1011e+08
0.073 5.3361e+09 1.0672e+08
0.074 5.2815e+09 1.0563e+08
0.075 5.1214e+09 1.0243e+08
0.076 4.87e+09 9.7401e+07
0.077 4.8328e+09 9.6656e+07
0.078 4.7394e+09 9.4788e+07
0.079 4.6614e+09 9.3228e+07
0.08 4.4191e+09 8.8382e+07
0.081 4.325e+09 8.65e+07
0.082 4.2272e+09 8.4544e+07
0.083 4.1644e+09 8.3288e+07
0.084 4.0441e+09 8.0883e+07
0.085 3.9366e+09 7.8732e+07
0.086 3.7845e+09 7.569e+07
0.087 3.6808e+09 7.3616e+07
0.088 3.6019e+09 7.2039e+07
0.089 3.4986e+09 6.9972e+07
0.09 3.3912e+09 6.7824e+07
0.091 3.3008e+09 6.6016e+07
0.092 3.2244e+09 6.4488e+07
0.093 3.1181e+09 6.2361e+07
0.094 3.0094e+09 6.0187e+07
0.095 2.923e+09 5.846e+07
0.096 2.8381e+09 5.6763e+07
0.097 2.7877e+09 5.5755e+07
0.098 2.7e+09 5.4001e+07
0.099 2.6382e+09 5.2764e+07
0.1 2.4825e+09 4.965e+07
0.101 2.4515e+09 4.903e+07
0.102 2.3733e+09 4.7466e+07
0.103 2.2481e+09 4.4963e+07
0.104 2.2527e+09 4.5054e+07
0.105 2.1477e+09 4.2953e+07
0.106 2.1306e+09 4.2611e+07
0.107 2.01e+09 4.0201e+07
0.108 1.8877e+09 3.7755e+07
0.109 1.8951e+09 3.7902e+07
0.11 1.7703e+09 3.5406e+07
0.111 1.7748e+09 3.5497e+07
0.112 1.7308e+09 3.4617e+07
0.113 1.6145e+09 3.2291e+07
0.114 1.5358e+09 3.0715e+07
0.115 1.5273e+09 3.0546e+07
0.116 1.4792e+09 2.9583e+07
0.117 1.4249e+09 2.8497e+07
0.118 1.3896e+09 2.7792e+07
0.119 1.3298e+09 2.6596e+07
0.12 1.2797e+09 2.5594e+07
0.121 1.2452e+09 2.4903e+07
0.122 1.1933e+09 2.3865e+07
0.123 1.1418e+09 2.2837e+07
0.124 1.1489e+09 2.2978e+07
0.125 1.0825e+09 2.1651e+07
0.126 1.0541e+09 2.1082e+07
0.127 1.0597e+09 2.1195e+07
0.128 9.82e+08 1.964e+07
0.129 9.4768e+08 1.8954e+07
0.13 9.297e+08 1.8594e+07
0.131 9.3022e+08 1.8604e+07
0.132 8.4529e+08 1.6906e+07
0.133 8.3341e+08 1.6668e+07
0.134 8.049e+08 1.6098e+07
0.135 7.6819e+08 1.5364e+07
0.136 7.8214e+08 1.5643e+07
0.137 7.3158e+08 1.4632e+07
0.138 6.8337e+08 1.3667e+07
0.139 6.987e+08 1.3974e+07
0.14 6.9492e+08 1.3898e+07
0.141 6.4207e+08 1.2841e+07
0.142 6.2244e+08 1.2449e+07
0.143 5.816e+08 1.1632e+07
0.144 5.7561e+08 1.1512e+07
0.145 5.371e+08 1.0742e+07
0.146 5.9086e+08 1.1817e+07
0.147 5.274e+08 1.0548e+07
0.148 4.9788e+08 9.9576e+06
0.149 5.0684e+08 1.0137e+07
0.15 5.1352e+08 1.027e+07
0.151 4.3618e+08 8.7236e+06
0.152 4.4528e+08 8.9057e+06
0.153 4.5444e+08 9.0887e+06
0.154 4.2272e+08 8.4544e+06
0.155 4.1401e+08 8.2802e+06
0.156 4.3356e+08 8.6713e+06
0.157 4.2081e+08 8.4163e+06
0.158 3.9172e+08 7.8344e+06
0.159 3.8125e+08 7.625e+06
0.16 3.5524e+08 7.1047e+06
0.161 3.0456e+08 6.0913e+06
0.162 3.5e+08 7e+06
0.163 3.4321e+08 6.8641e+06
0.164 3.2674e+08 6.5348e+06
0.165 2.9749e+08 5.9498e+06
0.166 2.9784e+08 5.9568e+06
0.167 3.3316e+08 6.6632e+06
0.168 2.7481e+08 5.4962e+06
0.169 2.6865e+08 5.373e+06
0.17 2.6165e+08 5.2331e+06
0.171 2.5641e+08 5.1282e+06
0.172 2.6076e+08 5.2152e+06
0.173 2.8977e+08 5.7955e+06
0.174 2.3853e+08 4.7707e+06
0.175 2.4973e+08 4.9946e+06
0.176 2.3378e+08 4.6756e+06
0.177 2.2284e+08 4.4568e+06
0.178 1.9806e+08 3.9612e+06
0.179 2.1556e+08 4.3112e+06
0.18 2.4984e+08 4.9969e+06
0.181 1.7707e+08 3.5415e+06
0.182 2.2294e+08 4.4588e+06
0.183 1.9121e+08 3.8243e+06
0.184 2.1215e+08 4.2431e+06
0.185 1.746e+08 3.4919e+06
0.186 1.788e+08 3.576e+06
0.187 1.9813e+08 3.9627e+06
0.188 1.9644e+08 3.9288e+06
0.189 1.8914e+08 3.7827e+06
0.19 1.8962e+08 3.7923e+06
0.191 1.3961e+08 2.7922e+06
0.192 1.4441e+08 2.8881e+06
0.193 1.812e+08 3.624e+06
0.194 1.8024e+08 3.6047e+06
0.195 1.7032e+08 3.4064e+06
0.196 1.7161e+08 3.4321e+06
0.197 1.2995e+08 2.599e+06
0.198 1.2518e+08 2.5036e+06
0.199 1.3704e+08 2.7408e+06
0.2 1.2688e+08 2.5376e+06
0.201 1.4639e+08 2.9278e+06
0.202 1.6087e+08 3.2174e+06
0.203 1.2845e+08 2.569e+06
0.204 1.3527e+08 2.7054e+06
0.205 1.5636e+08 3.1271e+06
0.206 1.2001e+08 2.4002e+06
0.207 1.0961e+08 2.1922e+06
0.208 1.1359e+08 2.2717e+06
0.209 1.1e+08 2.2e+06
0.21 9.9295e+07 1.9859e+06
0.211 1.308e+08 2.6159e+06
0.212 1.112e+08 2.2241e+06
0.213 9.9347e+07 1.9869e+06
0.214 1.0854e+08 2.1709e+06
0.215 9.3679e+07 1.8736e+06
0.216 1.3423e+08 2.6846e+06
0.217 8.732e+07 1.7464e+06
0.218 1.063e+08 2.1259e+06
0.219 7.433e+07 1.4866e+06
0.22 1.011e+08 2.0219e+06
0.221 7.8608e+07 1.5722e+06
0.222 1.0469e+08 2.0937e+06
0.223 8.1822e+07 1.6364e+06
0.224 9.7881e+07 1.9576e+06
0.225 7.8574e+07 1.5715e+06
0.226 9.0211e+07 1.8042e+06
0.227 1.0908e+08 2.1817e+06
0.228 5.7903e+07 1.1581e+06
0.229 1.048e+08 2.0959e+06
0.23 8.6301e+07 1.726e+06
0.231 7.9034e+07 1.5807e+06
0.232 8.0416e+07 1.6083e+06
0.233 1.0456e+08 2.0911e+06
0.234 1.1562e+08 2.3125e+06
0.235 9.7134e+07 1.9427e+06
0.236 7.7235e+07 1.5447e+06
0.237 8.1884e+07 1.6377e+06
0.238 1.0209e+08 2.0419e+06
0.239 9.7194e+07 1.9439e+06
0.24 8.9117e+07 1.7823e+06
0.241 6.0463e+07 1.2093e+06
0.242 6.2492e+07 1.2498e+06
0.243 6.7542e+07 1.3508e+06
0.244 5.886e+07 1.1772e+06
0.245 8.014e+07 1.6028e+06
0.246 7.8123e+07 1.5625e+06
0.247 8.1499e+07 1.63e+06
0.248 7.5807e+07 1.5161e+06
0.249 7.0353e+07 1.4071e+06
0.25 7.6969e+07 1.5394e+06
0.251 4.9058e+07 9.8116e+05
0.252 3.4577e+07 6.9155e+05
0.253 8.322e+07 1.6644e+06
0.254 9.8811e+07 1.9762e+06
0.255 7.601e+07 1.5202e+06
0.256 4.8047e+07 9.6094e+05
0.257 6.976e+07 1.3952e+06
0.258 8.5065e+07 1.7013e+06
0.259 7.6236e+07 1.5247e+06
0.26 7.2134e+07 1.4427e+06
0.261 4.5711e+07 9.1423e+05
0.262 6.1896e+07 1.2379e+06
0.263 7.3406e+07 1.4681e+06
0.264 7.0198e+07 1.404e+06
0.265 5.5137e+07 1.1027e+06
0.266 7.6298e+07 1.526e+06
0.267 7.5848e+07 1.517e+06
0.268 8.6738e+07 1.7348e+06
0.269 4.8057e+07 9.6113e+05
0.27 7.8212e+07 1.5642e+06
0.271 6.8595e+07 1.3719e+06
0.272 5.3746e+07 1.0749e+06
0.273 5.3509e+07 1.0702e+06
0.274 7.0784e+07 1.4157e+06
0.275 4.782e+07 9.5639e+05
0.276 4.088e+07 8.1761e+05
0.277 7.7265e+07 1.5453e+06
0.278 4.3459e+07 8.6918e+05
0.279 6.0271e+07 1.2054e+06
0.28 6.0435e+07 1.2087e+06
0.281 4.0976e+07 8.1952e+05
0.282 7.5182e+07 1.5036e+06
0.283 4.8101e+07 9.6203e+05
0.284 2.917e+07 5.834e+05
0.285 4.0642e+07 8.1283e+05
0.286 4.4208e+07 8.8416e+05
0.287 7.2643e+07 1.4529e+06
0.288 5.647e+07 1.1294e+06
0.289 6.3327e+07 1.2665e+06
0.29 5.3855e+07 1.0771e+06
0.291 4.2981e+07 8.5963e+05
0.292 7.0596e+07 1.4119e+06
0.293 1.9195e+07 3.8389e+05
0.294 4.8532e+07 9.7064e+05
0.295 7.6001e+07 1.52e+06
0.296 5.0968e+07 1.0194e+06
0.297 3.9558e+07 7.9116e+05
0.298 5.0252e+07 1.005e+06
0.299 5.3394e+07 1.0679e+06
0.3 3.078e+07 6.156e+05
0.301 5.5772e+07 1.1154e+06
0.302 4.958e+07 9.9159e+05
0.303 6.6006e+07 1.3201e+06
0.304 5.1193e+07 1.0239e+06
0.305 3.0332e+07 6.0664e+05
0.306 3.6399e+07 7.2797e+05
0.307 4.5633e+07 9.1265e+05
0.308 4.7175e+07 9.435e+05
0.309 4.0491e+07 8.0982e+05
0.31 2.2314e+07 4.4629e+05
0.311 3.7776e+07 7.5552e+05
0.312 3.7928e+07 7.5855e+05
0.313 2.9152e+07 5.8303e+05
0.314 3.3111e+07 6.6222e+05
0.315 3.9507e+07 7.9014e+05
0.316 5.5084e+07 1.1017e+06
0.317 2.0649e+07 4.1298e+05
0.318 3.5199e+07 7.0398e+05
0.319 2.8796e+07 5.7592e+05
0.32 3.0234e+07 6.0469e+05
0.321 4.8472e+07 9.6945e+05
0.322 3.6662e+07 7.3323e+05
0.323 2.6859e+07 5.3719e+05
0.324 4.1866e+07 8.3732e+05
0.325 2.5343e+07 5.0686e+05
0.326 2.8484e+07 5.6968e+05
0.327 5.5946e+07 1.1189e+06
0.328 3.315e+07 6.63e+05
0.329 4.2613e+07 8.5226e+05
0.33 2.4837e+07 4.9675e+05
0.331 4.3423e+07 8.6846e+05
0.332 1.2706e+07 2.5412e+05
0.333 3.5683e+07 7.1366e+05
0.334 4.6385e+07 9.2769e+05
0.335 4.2781e+07 8.5562e+05
0.336 2.9002e+07 5.8004e+05
0.337 4.996e+07 9.9921e+05
0.338 4.4693e+07 8.9385e+05
0.339 3.0415e+07 6.0831e+05
0.34 3.8628e+07 7.7256e+05
0.341 4.2718e+07 8.5436e+05
0.342 2.8362e+07 5.6724e+05
0.343 3.3288e+07 6.6575e+05
0.344 3.5499e+07 7.0999e+05
0.345 2.9985e+07 5.9971e+05
0.346 4.7414e+07 9.4828e+05
0.347 1.5175e+07 3.035e+05
0.348 3.0797e+07 6.1594e+05
0.349 2.5236e+07 5.0471e+05
0.35 4.9772e+07 9.9543e+05
0.351 5.1567e+07 1.0313e+06
0.352 1.8911e+07 3.7823e+05
0.353 3.3916e+07 6.7832e+05
0.354 4.3999e+07 8.7998e+05
0.355 3.8403e+07 7.6806e+05
0.356 5.921e+07 1.1842e+06
0.357 2.7605e+07 5.521e+05
0.358 4.1311e+07 8.2622e+05
0.359 3.027e+07 6.0541e+05
0.36 4.592e+07 9.184e+05
0.361 4.4891e+07 8.9782e+05
0.362 2.0956e+07 4.1911e+05
0.363 4.7364e+07 9.4728e+05
0.364 3.7228e+07 7.4457e+05
0.365 4.2297e+07 8.4595e+05
0.366 4.5292e+07 9.0584e+05
0.367 3.3119e+07 6.6238e+05
0.368 2.5144e+07 5.0287e+05
0.369 3.4797e+07 6.9595e+05
0.37 2.4983e+07 4.9965e+05
0.371 4.2263e+07 8.4526e+05
0.372 2.1023e+07 4.2046e+05
0.373 4.0865e+07 8.173e+05
0.374 5.1631e+07 1.0326e+06
0.375 4.5506e+07 9.1013e+05
0.376 2.3236e+07 4.6472e+05
0.377 3.4675e+07 6.935e+05
0.378 3.6731e+07 7.3463e+05
0.379 2.8465e+07 5.693e+05
0.38 5.4787e+07 1.0957e+06
0.381 2.2788e+07 4.5576e+05
0.382 3.7629e+07 7.5258e+05
0.383 3.4763e+07 6.9525e+05
0.384 5.246e+07 1.0492e+06
0.385 3.4781e+07 6.9563e+05
0.386 3.7754e+07 7.5508e+05
0.387 3.7159e+07 7.4318e+05
0.388 3.5258e+07 7.0516e+05
0.389 2.9034e+07 5.8067e+05
0.39 2.6377e+07 5.2755e+05
0.391 2.3601e+07 4.7201e+05
0.392 3.6088e+07 7.2176e+05
0.393 2.1051e+07 4.2101e+05
0.394 2.7973e+07 5.5946e+05
0.395 2.1331e+07 4.2663e+05
0.396 2.5697e+07 5.1394e+05
0.397 3.4618e+07 6.9236e+05
0.398 3.6421e+07 7.2842e+05
0.399 1.394e+07 2.788e+05
0.4 2.2097e+07 4.4194e+05
0.401 3.7802e+07 7.5604e+05
0.402 4.3219e+07 8.6438e+05
0.403 4.3992e+07 8.7984e+05
0.404 3.751e+07 7.502e+05
0.405 4.4482e+07 8.8964e+05
0.406 4.235e+07 8.47e+05
0.407 2.3178e+07 4.6356e+05
0.408 4.1466e+07 8.2933e+05
0.409 1.8959e+07 3.7918e+05
0.41 3.4323e+07 6.8646e+05
0.411 2.3648e+07 4.7296e+05
0.412 2.3202e+07 4.6404e+05
0.413 4.556e+07 9.1121e+05
0.414 2.0318e+07 4.0636e+05
0.415 3.712e+07 7.424e+05
0.416 2.6423e+07 5.2846e+05
0.417 2.6758e+07 5.3516e+05
0.418 4.2663e+07 8.5326e+05
0.419 5.2325e+07 1.0465e+06
0.42 2.7159e+07 5.4318e+05
0.421 3.0944e+07 6.1888e+05
0.422 1.6789e+07 3.3578e+05
0.423 2.1488e+07 4.2977e+05
0.424 3.5137e+07 7.0274e+05
0.425 2.2631e+07 4.5261e+05
0.426 3.9785e+07 7.9571e+05
0.427 3.5105e+07 7.0211e+05
0.428 2.8544e+07 5.7087e+05
0.429 5.3111e+07 1.0622e+06
0.43 4.5405e+07 9.081e+05
0.431 1.7223e+07 3.4446e+05
0.432 3.668e+07 7.3359e+05
0.433 1.4855e+07 2.971e+05
0.434 3.0065e+07 6.0129e+05
0.435 3.7944e+07 7.5888e+05
0.436 4.1841e+07 8.3682e+05
0.437 2.7279e+07 5.4559e+05
0.438 5.6802e+07 1.136e+06
0.439 2.8462e+07 5.6924e+05
0.44 1.5766e+07 3.1532e+05
0.441 2.3352e+07 4.6704e+05
0.442 3.0799e+07 6.1599e+05
0.443 2.7216e+07 5.4432e+05
0.444 3.8713e+07 7.7426e+05
0.445 3.9194e+07 7.8388e+05
0.446 2.7536e+07 5.5073e+05
0.447 3.5059e+07 7.0117e+05
0.448 3.7335e+07 7.4669e+05
0.449 3.5983e+07 7.1965e+05
0.45 5.1979e+07 1.0396e+06
0.451 3.1575e+07 6.3149e+05
0.452 3.9966e+07 7.9932e+05
0.453 2.8864e+07 5.7727e+05
0.454 1.796e+07 3.5921e+05
0.455 3.3369e+07 6.6737e+05
0.456 3.5629e+07 7.1258e+05
0.457 2.5977e+07 5.1955e+05
0.458 4.0535e+07 8.107e+05
0.459 2.4625e+07 4.925e+05
0.46 3.29e+07 6.5801e+05
0.461 2.6952e+07 5.3904e+05
0.462 1.5248e+07 3.0496e+05
0.463 3.2829e+07 6.5659e+05
0.464 3.6785e+07 7.357e+05
0.465 3.5884e+07 7.1768e+05
0.466 1.4811e+07 2.9623e+05
0.467 3.2829e+07 6.5657e+05
0.468 2.3199e+07 4.6397e+05
0.469 4.857e+07 9.714e+05
0.47 3.3393e+07 6.6787e+05
0.471 5.282e+07 1.0564e+06
0.472 4.1059e+07 8.2118e+05
0.473 4.216e+07 8.432e+05
0.474 1.3849e+07 2.7698e+05
0.475 5.9152e+07 1.183e+06
0.476 2.7685e+07 5.537e+05
0.477 4.1582e+07 8.3165e+05
0.478 3.5159e+07 7.0319e+05
0.479 2.8572e+07 5.7145e+05
0.48 1.998e+07 3.996e+05
0.481 3.6625e+07 7.325e+05
0.482 5.7662e+07 1.1532e+06
0.483 3.9286e+07 7.8572e+05
0.484 2.2489e+07 4.4977e+05
0.485 1.8289e+07 3.6579e+05
0.486 3.1833e+07 6.3665e+05
0.487 2.9068e+07 5.8136e+05
0.488 3.7538e+07 7.5075e+05
0.489 1.5878e+07 3.1755e+05
0.49 4.8084e+07 9.6169e+05
0.491 2.9451e+07 5.8901e+05
0.492 4.523e+07 9.0459e+05
0.493 2.5321e+07 5.0642e+05
0.494 2.1343e+07 4.2686e+05
0.495 4.306e+07 8.6121e+05
0.496 3.9783e+07 7.9566e+05
0.497 4.0933e+07 8.1866e+05
0.498 3.5607e+07 7.1214e+05
0.499 3.9389e+07 7.8777e+05
0.5 3.4693e+07 6.9385e+05
