0.001 1.3509e+10 2.7017e+08
0.002 1.3459e+10 2.6918e+08
0.003 1.362e+10 2.7241e+08
0.004 1.3731e+10 2.7463e+08
0.005 1.3183e+10 2.6365e+08
0.006 1.4332e+10 2.8665e+08
0.007 1.3675e+10 2.7351e+08
0.008 1.361e+10 2.7221e+08
0.009 1.3312e+10 2.6625e+08
0.01 1.368e+10 2.7361e+08
0.011 1.3722e+10 2.7444e+08
0.012 1.3392e+10 2.6783e+08
0.013 1.3509e+10 2.7018e+08
0.014 1.3493e+10 2.6987e+08
0.015 1.3853e+10 2.7705e+08
0.016 1.3144e+10 2.6288e+08
0.017 1.3003e+10 2.6006e+08
0.018 1.3132e+10 2.6264e+08
0.019 1.3201e+10 2.6402e+08
0.02 1.2893e+10 2.5786e+08
0.021 1.3093e+10 2.6185e+08
0.022 1.2998e+10 2.5996e+08
0.023 1.2727e+10 2.5454e+08
0.024 1.2647e+10 2.5293e+08
0.025 1.2628e+10 2.5256e+08
0.026 1.2497e+10 2.4993e+08
0.027 1.2459e+10 2.4917e+08
0.028 1.2518e+10 2.5036e+08
0.029 1.2396e+10 2.4792e+08
0.03 1.2372e+10 2.4744e+08
0.031 1.2196e+10 2.4392e+08
0.032 1.1876e+10 2.3752e+08
0.033 1.2037e+10 2.4074e+08
0.034 1.1962e+10 2.3923e+08
0.035 1.1833e+10 2.3667e+08
0.036 1.1705e+10 2.3411e+08
0.037 1.152e+10 2.304e+08
0.038 1.1525e+10 2.305e+08
0.039 1.1414e+10 2.2829e+08
0.04 1.122e+10 2.244e+08
0.041 1.1074e+10 2.2149e+08
0.042 1.0875e+10 2.175e+08
0.043 1.0807e+10 2.1615e+08
0.044 1.0602e+10 2.1205e+08
0.045 1.0578e+10 2.1156e+08
0.046 1.0805e+10 2.1609e+08
0.047 1.047e+10 2.0941e+08
0.048 1.026e+10 2.0519e+08
0.049 1.0158e+10 2.0316e+08
0.05 1.0012e+10 2.0024e+08
0.051 1.0166e+10 2.0332e+08
0.052 9.776e+09 1.9552e+08
0.053 9.6906e+09 1.9381e+08
0.054 9.7208e+09 1.9442e+08
0.055 9.4779e+09 1.8956e+08
0.056 9.6698e+09 1.934e+08
0.057 9.3911e+09 1.8782e+08
0.058 9.2868e+09 1.8574e+08
0.059 8.948e+09 1.7896e+08
0.06 8.8569e+09 1.7714e+08
0.061 8.8271e+09 1.7654e+08
0.062 8.5775e+09 1.7155e+08
0.063 8.5414e+09 1.7083e+08
0.064 8.5878e+09 1.7176e+08
0.065 8.1863e+09 1.6373e+08
0.066 8.0804e+09 1.6161e+08
0.067 8.0916e+09 1.6183e+08
0.068 7.9436e+09 1.5887e+08
0.069 7.8461e+09 1.5692e+08
0.07 7.6022e+09 1.5204e+08
0.071 7.694e+09 1.5388e+08
0.072 7.3594e+09 1.4719e+08
0.073 7.2861e+09 1.4572e+08
0.074 7.2654e+09 1.4531e+08
0.075 7.0643e+09 1.4129e+08
0.076 7.0357e+09 1.4071e+08
0.077 6.8744e+09 1.3749e+08
0.078 6.6842e+09 1.3368e+08
0.079 6.6357e+09 1.3271e+08
0.08 6.4425e+09 1.2885e+08
0.081 6.3173e+09 1.2635e+08
0.082 6.3014e+09 1.2603e+08
0.083 6.1233e+09 1.2247e+08
0.084 6.0659e+09 1.2132e+08
0.085 5.9805e+09 1.1961e+08
0.086 5.8992e+09 1.1798e+08
0.087 5.6653e+09 1.1331e+08
0.088 5.5907e+09 1.1181e+08
0.089 5.4539e+09 1.0908e+08
0.09 5.3717e+09 1.0743e+08
0.091 5.3219e+09 1.0644e+08
0.092 5.1609e+09 1.0322e+08
0.093 5.0421e+09 1.0084e+08
0.094 5.1494e+09 1.0299e+08
0.095 4.9976e+09 9.9952e+07
0.096 4.8933e+09 9.7867e+07
0.097 4.702e+09 9.4041e+07
0.098 4.607e+09 9.214e+07
0.099 4.5635e+09 9.127e+07
0.1 4.4406e+09 8.8812e+07
0.101 4.3346e+09 8.6693e+07
0.102 4.2797e+09 8.5595e+07
0.103 4.2784e+09 8.5567e+07
0.104 4.0641e+09 8.1282e+07
0.105 4.1022e+09 8.2044e+07
0.106 3.9278e+09 7.8556e+07
0.107 3.8684e+09 7.7367e+07
0.108 3.8473e+09 7.6947e+07
0.109 3.6787e+09 7.3573e+07
0.11 3.5168e+09 7.0336e+07
0.111 3.5947e+09 7.1895e+07
0.112 3.4673e+09 6.9345e+07
0.113 3.4712e+09 6.9424e+07
0.114 3.3606e+09 6.7212e+07
0.115 3.2135e+09 6.427e+07
0.116 3.1282e+09 6.2565e+07
0.117 3.1046e+09 6.2091e+07
0.118 3.0252e+09 6.0504e+07
0.119 3.0848e+09 6.1696e+07
0.12 2.978e+09 5.9559e+07
0.121 2.9495e+09 5.8989e+07
0.122 2.9033e+09 5.8066e+07
0.123 2.7784e+09 5.5568e+07
0.124 2.6708e+09 5.3417e+07
0.125 2.6896e+09 5.3791e+07
0.126 2.5501e+09 5.1003e+07
0.127 2.5699e+09 5.1397e+07
0.128 2.4357e+09 4.8715e+07
0.129 2.3849e+09 4.7697e+07
0.13 2.3398e+09 4.6796e+07
0.131 2.3509e+09 4.7018e+07
0.132 2.3394e+09 4.6789e+07
0.133 2.2664e+09 4.5329e+07
0.134 2.1673e+09 4.3346e+07
0.135 2.1621e+09 4.3241e+07
0.136 2.0778e+09 4.1556e+07
0.137 1.9859e+09 3.9718e+07
0.138 1.9826e+09 3.9653e+07
0.139 1.9787e+09 3.9573e+07
0.14 1.8944e+09 3.7889e+07
0.141 1.9271e+09 3.8543e+07
0.142 1.8687e+09 3.7373e+07
0.143 1.816e+09 3.6319e+07
0.144 1.7815e+09 3.563e+07
0.145 1.7901e+09 3.5801e+07
0.146 1.71e+09 3.42e+07
0.147 1.6752e+09 3.3503e+07
0.148 1.5684e+09 3.1368e+07
0.149 1.6475e+09 3.2949e+07
0.15 1.5899e+09 3.1798e+07
0.151 1.5266e+09 3.0532e+07
0.152 1.5341e+09 3.0682e+07
0.153 1.5614e+09 3.1228e+07
0.154 1.4348e+09 2.8695e+07
0.155 1.3966e+09 2.7933e+07
0.156 1.4019e+09 2.8038e+07
0.157 1.3454e+09 2.6909e+07
0.158 1.3041e+09 2.6083e+07
0.159 1.3562e+09 2.7124e+07
0.16 1.2267e+09 2.4535e+07
0.161 1.2295e+09 2.459e+07
0.162 1.2615e+09 2.523e+07
0.163 1.1501e+09 2.3003e+07
0.164 1.1634e+09 2.3268e+07
0.165 1.1484e+09 2.2968e+07
0.166 1.1062e+09 2.2125e+07
0.167 1.1268e+09 2.2536e+07
0.168 1.096e+09 2.192e+07
0.169 1.0277e+09 2.0554e+07
0.17 1.0347e+09 2.0694e+07
0.171 9.9514e+08 1.9903e+07
0.172 1.0007e+09 2.0015e+07
0.173 9.8275e+08 1.9655e+07
0.174 8.8087e+08 1.7617e+07
0.175 9.0995e+08 1.8199e+07
0.176 8.82e+08 1.764e+07
0.177 9.1186e+08 1.8237e+07
0.178 8.3484e+08 1.6697e+07
0.179 8.6782e+08 1.7356e+07
0.18 7.9423e+08 1.5885e+07
0.181 8.5907e+08 1.7181e+07
0.182 7.7046e+08 1.5409e+07
0.183 7.2653e+08 1.4531e+07
0.184 7.547e+08 1.5094e+07
0.185 7.8354e+08 1.5671e+07
0.186 7.6291e+08 1.5258e+07
0.187 6.6994e+08 1.3399e+07
0.188 6.7032e+08 1.3406e+07
0.189 6.4657e+08 1.2931e+07
0.19 6.7123e+08 1.3425e+07
0.191 6.2485e+08 1.2497e+07
0.192 6.0064e+08 1.2013e+07
0.193 6.3401e+08 1.268e+07
0.194 5.6212e+08 1.1242e+07
0.195 6.1461e+08 1.2292e+07
0.196 6.4407e+08 1.2881e+07
0.197 5.2078e+08 1.0416e+07
0.198 5.1588e+08 1.0318e+07
0.199 5.1646e+08 1.0329e+07
0.2 4.9236e+08 9.8472e+06
0.201 5.6509e+08 1.1302e+07
0.202 4.7158e+08 9.4317e+06
0.203 4.5647e+08 9.1294e+06
0.204 4.3759e+08 8.7517e+06
0.205 4.8009e+08 9.6019e+06
0.206 4.0784e+08 8.1567e+06
0.207 4.9868e+08 9.9737e+06
0.208 4.6695e+08 9.3391e+06
0.209 4.3295e+08 8.6589e+06
0.21 3.8269e+08 7.6539e+06
0.211 4.1372e+08 8.2744e+06
0.212 3.5665e+08 7.133e+06
0.213 3.5992e+08 7.1985e+06
0.214 3.8919e+08 7.7839e+06
0.215 3.5285e+08 7.0571e+06
0.216 3.1809e+08 6.3617e+06
0.217 3.0775e+08 6.1551e+06
0.218 3.0281e+08 6.0561e+06
0.219 2.6266e+08 5.2533e+06
0.22 2.9856e+08 5.9713e+06
0.221 2.9377e+08 5.8754e+06
0.222 2.7073e+08 5.4146e+06
0.223 2.5633e+08 5.1266e+06
0.224 3.3205e+08 6.641e+06
0.225 2.2541e+08 4.5082e+06
0.226 2.172e+08 4.3439e+06
0.227 2.7092e+08 5.4183e+06
0.228 2.6438e+08 5.2877e+06
0.229 2.1629e+08 4.3258e+06
0.23 2.1202e+08 4.2404e+06
0.231 2.5141e+08 5.0281e+06
0.232 2.4598e+08 4.9195e+06
0.233 2.2041e+08 4.4083e+06
0.234 1.554e+08 3.108e+06
0.235 2.1313e+08 4.2625e+06
0.236 2.0371e+08 4.0743e+06
0.237 1.7079e+08 3.4159e+06
0.238 1.7378e+08 3.4757e+06
0.239 1.738e+08 3.4761e+06
0.24 1.8861e+08 3.7721e+06
0.241 1.3903e+08 2.7807e+06
0.242 1.6911e+08 3.3822e+06
0.243 2.2215e+08 4.4431e+06
0.244 1.4563e+08 2.9126e+06
0.245 1.7294e+08 3.4588e+06
0.246 1.6462e+08 3.2924e+06
0.247 2.1222e+08 4.2445e+06
0.248 1.3856e+08 2.7711e+06
0.249 8.9356e+07 1.7871e+06
0.25 1.0058e+08 2.0115e+06
0.251 8.9082e+07 1.7816e+06
0.252 1.177e+08 2.3539e+06
0.253 9.6578e+07 1.9316e+06
0.254 2.0187e+08 4.0373e+06
0.255 1.769e+08 3.5381e+06
0.256 1.3336e+08 2.6673e+06
0.257 1.0768e+08 2.1535e+06
0.258 8.3663e+07 1.6733e+06
0.259 1.4469e+08 2.8938e+06
0.26 1.4229e+08 2.8457e+06
0.261 1.2962e+08 2.5925e+06
0.262 7.4174e+07 1.4835e+06
0.263 1.0137e+08 2.0274e+06
0.264 1.164e+08 2.328e+06
0.265 1.0565e+08 2.1129e+06
0.266 1.1859e+08 2.3719e+06
0.267 6.1937e+07 1.2387e+06
0.268 9.5313e+07 1.9063e+06
0.269 6.1486e+07 1.2297e+06
0.27 9.2951e+07 1.859e+06
0.271 1.4012e+08 2.8024e+06
0.272 4.4259e+07 8.8517e+05
0.273 1.1766e+08 2.3532e+06
0.274 1.1421e+08 2.2841e+06
0.275 1.3085e+08 2.6171e+06
0.276 9.4449e+07 1.889e+06
0.277 6.4822e+07 1.2964e+06
0.278 7.2483e+07 1.4497e+06
0.279 8.1008e+07 1.6202e+06
0.28 6.0219e+07 1.2044e+06
0.281 9.298e+07 1.8596e+06
0.282 7.28e+07 1.456e+06
0.283 5.3613e+07 1.0723e+06
0.284 1.0437e+08 2.0875e+06
0.285 5.3508e+07 1.0702e+06
0.286 1.0211e+08 2.0421e+06
0.287 6.0461e+07 1.2092e+06
0.288 8.1668e+07 1.6334e+06
0.289 1.3886e+08 2.7773e+06
0.29 5.8461e+07 1.1692e+06
0.291 6.746e+07 1.3492e+06
0.292 9.4349e+07 1.887e+06
0.293 8.2543e+07 1.6509e+06
0.294 6.7004e+07 1.3401e+06
0.295 7.3077e+07 1.4615e+06
0.296 9.4134e+07 1.8827e+06
0.297 9.08e+07 1.816e+06
0.298 3.7838e+07 7.5677e+05
0.299 6.4118e+07 1.2824e+06
0.3 7.4159e+07 1.4832e+06
0.301 8.4455e+07 1.6891e+06
0.302 6.632e+07 1.3264e+06
0.303 6.4272e+07 1.2854e+06
0.304 6.9367e+07 1.3873e+06
0.305 5.1406e+07 1.0281e+06
0.306 1.0603e+08 2.1206e+06
0.307 5.1534e+07 1.0307e+06
0.308 1.0586e+08 2.1172e+06
0.309 9.5e+07 1.9e+06
0.31 7.5358e+07 1.5072e+06
0.311 7.4292e+07 1.4858e+06
0.312 1.1443e+08 2.2886e+06
0.313 8.9935e+07 1.7987e+06
0.314 7.1537e+07 1.4307e+06
0.315 5.9979e+07 1.1996e+06
0.316 7.3149e+07 1.463e+06
0.317 8.9134e+07 1.7827e+06
0.318 5.4201e+07 1.084e+06
0.319 5.05e+07 1.01e+06
0.32 1.0327e+08 2.0654e+06
0.321 8.6697e+07 1.7339e+06
0.322 1.0062e+08 2.0123e+06
0.323 7.8434e+07 1.5687e+06
0.324 7.175e+07 1.435e+06
0.325 3.7223e+07 7.4446e+05
0.326 9.2089e+07 1.8418e+06
0.327 5.6318e+07 1.1264e+06
0.328 6.1958e+07 1.2392e+06
0.329 4.8886e+07 9.7772e+05
0.33 9.1024e+07 1.8205e+06
0.331 9.3496e+07 1.8699e+06
0.332 8.8119e+07 1.7624e+06
0.333 9.5096e+07 1.9019e+06
0.334 4.3031e+07 8.6063e+05
0.335 1.1785e+08 2.357e+06
0.336 7.1173e+07 1.4235e+06
0.337 1.0311e+08 2.0621e+06
0.338 5.3768e+07 1.0754e+06
0.339 1.0708e+08 2.1416e+06
0.34 9.8262e+07 1.9652e+06
0.341 1.3845e+08 2.769e+06
0.342 1.1161e+08 2.2321e+06
0.343 6.3491e+07 1.2698e+06
0.344 8.7752e+07 1.755e+06
0.345 8.9231e+07 1.7846e+06
0.346 1.1307e+08 2.2613e+06
0.347 6.7224e+07 1.3445e+06
0.348 7.155e+07 1.431e+06
0.349 1.1936e+08 2.3871e+06
0.35 5.519e+07 1.1038e+06
0.351 6.6923e+07 1.3385e+06
0.352 8.4858e+07 1.6972e+06
0.353 1.1504e+08 2.3008e+06
0.354 9.4982e+07 1.8996e+06
0.355 8.0405e+07 1.6081e+06
0.356 4.2814e+07 8.5627e+05
0.357 3.7383e+07 7.4765e+05
0.358 4.5891e+07 9.1783e+05
0.359 6.2317e+07 1.2463e+06
0.36 3.6222e+07 7.2445e+05
0.361 5.2458e+07 1.0492e+06
0.362 6.6871e+07 1.3374e+06
0.363 4.0554e+07 8.1108e+05
0.364 7.6505e+07 1.5301e+06
0.365 1.2323e+08 2.4646e+06
0.366 7.5233e+07 1.5047e+06
0.367 9.3379e+07 1.8676e+06
0.368 1.3528e+08 2.7057e+06
0.369 1.1027e+08 2.2055e+06
0.37 8.0271e+07 1.6054e+06
0.371 5.6578e+07 1.1316e+06
0.372 9.6654e+07 1.9331e+06
0.373 7.6383e+07 1.5277e+06
0.374 6.5795e+07 1.3159e+06
0.375 9.3564e+07 1.8713e+06
0.376 7.8641e+07 1.5728e+06
0.377 5.8846e+07 1.1769e+06
0.378 7.3465e+07 1.4693e+06
0.379 9.2029e+07 1.8406e+06
0.38 1.1316e+08 2.2632e+06
0.381 5.2841e+07 1.0568e+06
0.382 1.187e+08 2.374e+06
0.383 8.1314e+07 1.6263e+06
0.384 1.0744e+08 2.1489e+06
0.385 8.4916e+07 1.6983e+06
0.386 5.6771e+07 1.1354e+06
0.387 4.6297e+07 9.2595e+05
0.388 9.9253e+07 1.9851e+06
0.389 9.6306e+07 1.9261e+06
0.39 4.866e+07 9.7321e+05
0.391 6.5091e+07 1.3018e+06
0.392 4.9351e+07 9.8701e+05
0.393 5.3889e+07 1.0778e+06
0.394 8.9627e+07 1.7925e+06
0.395 5.6252e+07 1.125e+06
0.396 3.9934e+07 7.9867e+05
0.397 7.0336e+07 1.4067e+06
0.398 1.0483e+08 2.0966e+06
0.399 1.2609e+08 2.5219e+06
0.4 1.1727e+08 2.3454e+06
0.401 8.9999e+07 1.8e+06
0.402 4.6667e+07 9.3333e+05
0.403 4.2362e+07 8.4724e+05
0.404 1.0341e+07 2.0681e+05
0.405 1.0512e+08 2.1024e+06
0.406 7.415e+07 1.483e+06
0.407 5.9869e+07 1.1974e+06
0.408 9.8164e+07 1.9633e+06
0.409 1.2464e+08 2.4929e+06
0.41 6.6853e+07 1.3371e+06
0.411 8.4004e+07 1.6801e+06
0.412 6.678e+07 1.3356e+06
0.413 7.4384e+07 1.4877e+06
0.414 7.5035e+07 1.5007e+06
0.415 6.1404e+07 1.2281e+06
0.416 1.1505e+08 2.3009e+06
0.417 8.2952e+07 1.659e+06
0.418 8.2821e+07 1.6564e+06
0.419 8.5007e+07 1.7001e+06
0.42 4.7762e+07 9.5524e+05
0.421 1.1275e+08 2.2551e+06
0.422 4.9575e+07 9.9151e+05
0.423 1.0019e+08 2.0039e+06
0.424 4.8349e+07 9.6697e+05
0.425 9.7229e+07 1.9446e+06
0.426 6.4163e+07 1.2833e+06
0.427 6.2057e+07 1.2411e+06
0.428 8.488e+07 1.6976e+06
0.429 6.1534e+07 1.2307e+06
0.43 4.4562e+07 8.9125e+05
0.431 1.0313e+08 2.0627e+06
0.432 7.799e+07 1.5598e+06
0.433 8.4973e+07 1.6995e+06
0.434 8.1134e+07 1.6227e+06
0.435 7.3335e+07 1.4667e+06
0.436 6.3598e+07 1.272e+06
0.437 5.3208e+07 1.0642e+06
0.438 8.3442e+07 1.6688e+06
0.439 7.7346e+07 1.5469e+06
0.44 1.114e+08 2.228e+06
0.441 5.5048e+07 1.101e+06
0.442 7.0837e+07 1.4167e+06
0.443 9.9169e+07 1.9834e+06
0.444 7.0033e+07 1.4007e+06
0.445 4.6658e+07 9.3316e+05
0.446 5.7118e+07 1.1424e+06
0.447 7.3728e+07 1.4746e+06
0.448 1.021e+08 2.0421e+06
0.449 6.8104e+07 1.3621e+06
0.45 4.9879e+07 9.9758e+05
0.451 8.2418e+07 1.6484e+06
0.452 6.3906e+07 1.2781e+06
0.453 7.2469e+07 1.4494e+06
0.454 6.7475e+07 1.3495e+06
0.455 5.9342e+07 1.1868e+06
0.456 7.8832e+07 1.5766e+06
0.457 3.3239e+07 6.6478e+05
0.458 4.7108e+07 9.4217e+05
0.459 5.3495e+07 1.0699e+06
0.46 7.6365e+07 1.5273e+06
0.461 7.3346e+07 1.4669e+06
0.462 5.077e+07 1.0154e+06
0.463 5.1369e+07 1.0274e+06
0.464 5.3143e+07 1.0629e+06
0.465 1.2175e+08 2.435e+06
0.466 7.9722e+07 1.5944e+06
0.467 3.5302e+07 7.0604e+05
0.468 9.325e+07 1.865e+06
0.469 6.7876e+07 1.3575e+06
0.47 7.3848e+07 1.477e+06
0.471 2.0974e+07 4.1947e+05
0.472 8.5713e+07 1.7143e+06
0.473 4.8857e+07 9.7714e+05
0.474 1.2388e+08 2.4776e+06
0.475 5.3605e+07 1.0721e+06
0.476 3.1461e+07 6.2922e+05
0.477 7.5156e+07 1.5031e+06
0.478 7.2273e+07 1.4455e+06
0.479 4.3865e+07 8.773e+05
0.48 6.0931e+07 1.2186e+06
0.481 6.8038e+07 1.3608e+06
0.482 5.9272e+07 1.1854e+06
0.483 8.5928e+07 1.7186e+06
0.484 1.0069e+08 2.0138e+06
0.485 8.1786e+07 1.6357e+06
0.486 5.7871e+07 1.1574e+06
0.487 5.3996e+07 1.0799e+06
0.488 9.3727e+07 1.8745e+06
0.489 8.8718e+07 1.7744e+06
0.49 4.9515e+07 9.9029e+05
0.491 1.0966e+08 2.1932e+06
0.492 8.9225e+07 1.7845e+06
0.493 7.6799e+07 1.536e+06
0.494 6.8378e+07 1.3676e+06
0.495 4.7907e+07 9.5815e+05
0.496 7.1029e+07 1.4206e+06
0.497 8.0576e+07 1.6115e+06
0.498 5.3137e+07 1.0627e+06
0.499 3.0241e+07 6.0482e+05
0.5 7.2661e+07 1.4532e+06
