0 500 0
2.3191 452.32 47.681
8.9169 355.79 144.21
19.746 263.5 236.5
39.178 179.8 320.2
75.417 112.92 387.08
135.48 69.852 430.15
215.14 46.387 453.61
305.47 33.591 466.41
401 26.004 474
499.23 21.104 478.9
598.96 17.714 482.29
699.62 15.244 484.76
800.87 13.368 486.63
902.52 11.898 488.1
1004.5 10.716 489.28
1106.6 9.7464 490.25
1208.9 8.9363 491.06
1311.4 8.2497 491.75
1413.9 7.6606 492.34
1516.5 7.1497 492.85
1619.2 6.7024 493.3
1721.9 6.3076 493.69
1824.7 5.9566 494.04
1927.5 5.6424 494.36
2030.4 5.3597 494.64
2133.2 5.1039 494.9
2236.1 4.8713 495.13
2339 4.659 495.34
2442 4.4644 495.54
2544.9 4.2853 495.71
2647.9 4.1201 495.88
2750.8 3.967 496.03
2853.8 3.825 496.18
2956.8 3.6927 496.31
3059.8 3.5693 496.43
3162.8 3.4539 496.55
3265.8 3.3457 496.65
3368.9 3.244 496.76
3471.9 3.1483 496.85
3574.9 3.0582 496.94
3678 2.973 497.03
3781 2.8924 497.11
3884.1 2.8161 497.18
3987.1 2.7437 497.26
4090.2 2.675 497.33
4193.2 2.6096 497.39
4296.3 2.5473 497.45
4399.4 2.4879 497.51
4502.4 2.4312 497.57
