0.001 8.0319e+08 5.4924e+07
0.002 8.4562e+08 3.8835e+07
0.003 7.6292e+08 3.1706e+07
0.004 8.788e+08 2.7454e+07
0.005 8.6431e+08 2.4552e+07
0.006 8.3486e+08 2.2408e+07
0.007 8.6232e+08 2.0741e+07
0.008 8.4129e+08 1.9396e+07
0.009 8.6497e+08 1.8281e+07
0.01 8.4732e+08 1.7336e+07
0.011 8.5621e+08 1.6523e+07
0.012 8.4323e+08 1.5813e+07
0.013 8.4688e+08 1.5185e+07
0.014 8.559e+08 1.4626e+07
0.015 8.4604e+08 1.4122e+07
0.016 8.2995e+08 1.3666e+07
0.017 8.3775e+08 1.3249e+07
0.018 8.2991e+08 1.2868e+07
0.019 8.196e+08 1.2516e+07
0.02 8.4405e+08 1.219e+07
0.021 8.263e+08 1.1887e+07
0.022 8.381e+08 1.1605e+07
0.023 8.0675e+08 1.134e+07
0.024 8.2541e+08 1.1092e+07
0.025 8.2477e+08 1.0858e+07
0.026 8.0894e+08 1.0637e+07
0.027 8.0158e+08 1.0428e+07
0.028 8.2127e+08 1.023e+07
0.029 8.0405e+08 1.0041e+07
0.03 7.9946e+08 9.8619e+06
0.031 7.9149e+08 9.6907e+06
0.032 8.0274e+08 9.5272e+06
0.033 7.7855e+08 9.3706e+06
0.034 7.8432e+08 9.2206e+06
0.035 7.6872e+08 9.0766e+06
0.036 7.7775e+08 8.9381e+06
0.037 7.6354e+08 8.8049e+06
0.038 7.7457e+08 8.6766e+06
0.039 7.6371e+08 8.5528e+06
0.04 7.7112e+08 8.4334e+06
0.041 7.6538e+08 8.3179e+06
0.042 7.5675e+08 8.2061e+06
0.043 7.3828e+08 8.0979e+06
0.044 7.5516e+08 7.9931e+06
0.045 7.4823e+08 7.8914e+06
0.046 7.4339e+08 7.7927e+06
0.047 7.3451e+08 7.6968e+06
0.048 7.3518e+08 7.6036e+06
0.049 7.1283e+08 7.513e+06
0.05 7.2005e+08 7.4247e+06
0.051 7.0246e+08 7.3388e+06
0.052 6.9838e+08 7.255e+06
0.053 6.9347e+08 7.1734e+06
0.054 6.819e+08 7.0937e+06
0.055 6.8403e+08 7.0159e+06
0.056 6.7749e+08 6.9399e+06
0.057 6.8314e+08 6.8657e+06
0.058 6.6826e+08 6.7931e+06
0.059 6.7104e+08 6.7222e+06
0.06 6.5852e+08 6.6527e+06
0.061 6.5778e+08 6.5848e+06
0.062 6.5682e+08 6.5182e+06
0.063 6.5011e+08 6.4531e+06
0.064 6.5044e+08 6.3892e+06
0.065 6.2844e+08 6.3266e+06
0.066 6.2915e+08 6.2652e+06
0.067 6.2784e+08 6.205e+06
0.068 6.1418e+08 6.1459e+06
0.069 6.1027e+08 6.088e+06
0.07 6.1012e+08 6.031e+06
0.071 5.9462e+08 5.9752e+06
0.072 5.9069e+08 5.9203e+06
0.073 5.9143e+08 5.8663e+06
0.074 5.8348e+08 5.8133e+06
0.075 5.834e+08 5.7612e+06
0.076 5.6851e+08 5.71e+06
0.077 5.666e+08 5.6597e+06
0.078 5.4808e+08 5.6102e+06
0.079 5.4912e+08 5.5614e+06
0.08 5.5003e+08 5.5135e+06
0.081 5.477e+08 5.4663e+06
0.082 5.2751e+08 5.4199e+06
0.083 5.2146e+08 5.3742e+06
0.084 5.2368e+08 5.3292e+06
0.085 5.2093e+08 5.2849e+06
0.086 5.1265e+08 5.2413e+06
0.087 4.9895e+08 5.1984e+06
0.088 4.9437e+08 5.156e+06
0.089 4.949e+08 5.1144e+06
0.09 4.7849e+08 5.0733e+06
0.091 4.7771e+08 5.0328e+06
0.092 4.784e+08 4.9929e+06
0.093 4.6501e+08 4.9536e+06
0.094 4.5409e+08 4.9149e+06
0.095 4.5709e+08 4.8767e+06
0.096 4.4333e+08 4.839e+06
0.097 4.3537e+08 4.8019e+06
0.098 4.3924e+08 4.7653e+06
0.099 4.3482e+08 4.7292e+06
0.1 4.2744e+08 4.6936e+06
0.101 4.1473e+08 4.6586e+06
0.102 4.11e+08 4.624e+06
0.103 4.0882e+08 4.5898e+06
0.104 4.0196e+08 4.5562e+06
0.105 4.011e+08 4.523e+06
0.106 3.879e+08 4.4902e+06
0.107 3.8629e+08 4.4579e+06
0.108 3.7898e+08 4.4261e+06
0.109 3.7022e+08 4.3946e+06
0.11 3.695e+08 4.3636e+06
0.111 3.6379e+08 4.333e+06
0.112 3.5581e+08 4.3029e+06
0.113 3.4979e+08 4.2731e+06
0.114 3.4539e+08 4.2437e+06
0.115 3.407e+08 4.2147e+06
0.116 3.3787e+08 4.1861e+06
0.117 3.2586e+08 4.1579e+06
0.118 3.216e+08 4.1301e+06
0.119 3.1881e+08 4.1026e+06
0.12 3.1632e+08 4.0755e+06
0.121 3.05e+08 4.0488e+06
0.122 3.0202e+08 4.0224e+06
0.123 2.9725e+08 3.9964e+06
0.124 3.0024e+08 3.9707e+06
0.125 2.8659e+08 3.9454e+06
0.126 2.8276e+08 3.9204e+06
0.127 2.8409e+08 3.8957e+06
0.128 2.7435e+08 3.8714e+06
0.129 2.7007e+08 3.8474e+06
0.13 2.6727e+08 3.8237e+06
0.131 2.5967e+08 3.8003e+06
0.132 2.5273e+08 3.7772e+06
0.133 2.4706e+08 3.7545e+06
0.134 2.5031e+08 3.732e+06
0.135 2.4261e+08 3.7099e+06
0.136 2.3665e+08 3.688e+06
0.137 2.33e+08 3.6665e+06
0.138 2.2679e+08 3.6452e+06
0.139 2.2792e+08 3.6242e+06
0.14 2.1947e+08 3.6035e+06
0.141 2.1855e+08 3.5831e+06
0.142 2.1698e+08 3.5629e+06
0.143 2.1166e+08 3.5431e+06
0.144 2.0952e+08 3.5235e+06
0.145 1.9531e+08 3.5041e+06
0.146 1.9566e+08 3.485e+06
0.147 1.9202e+08 3.4662e+06
0.148 1.9541e+08 3.4476e+06
0.149 1.8397e+08 3.4293e+06
0.15 1.8457e+08 3.4112e+06
0.151 1.7214e+08 3.3934e+06
0.152 1.799e+08 3.3758e+06
0.153 1.6835e+08 3.3585e+06
0.154 1.658e+08 3.3414e+06
0.155 1.6235e+08 3.3245e+06
0.156 1.623e+08 3.3078e+06
0.157 1.5748e+08 3.2914e+06
0.158 1.571e+08 3.2752e+06
0.159 1.5305e+08 3.2592e+06
0.16 1.4578e+08 3.2434e+06
0.161 1.5092e+08 3.2279e+06
0.162 1.4431e+08 3.2125e+06
0.163 1.4052e+08 3.1974e+06
0.164 1.3737e+08 3.1824e+06
0.165 1.3494e+08 3.1677e+06
0.166 1.3571e+08 3.1532e+06
0.167 1.3253e+08 3.1388e+06
0.168 1.2646e+08 3.1247e+06
0.169 1.2602e+08 3.1107e+06
0.17 1.2379e+08 3.0969e+06
0.171 1.2406e+08 3.0834e+06
0.172 1.1698e+08 3.07e+06
0.173 1.1968e+08 3.0567e+06
0.174 1.1651e+08 3.0437e+06
0.175 1.1211e+08 3.0308e+06
0.176 1.0407e+08 3.0181e+06
0.177 1.0931e+08 3.0056e+06
0.178 1.0498e+08 2.9932e+06
0.179 1.0194e+08 2.981e+06
0.18 9.5797e+07 2.9689e+06
0.181 9.5289e+07 2.957e+06
0.182 9.2171e+07 2.9453e+06
0.183 8.9771e+07 2.9337e+06
0.184 8.9376e+07 2.9223e+06
0.185 9.4074e+07 2.911e+06
0.186 8.5674e+07 2.8999e+06
0.187 8.5028e+07 2.8889e+06
0.188 8.4302e+07 2.878e+06
0.189 7.5788e+07 2.8673e+06
0.19 7.7528e+07 2.8567e+06
0.191 7.6738e+07 2.8463e+06
0.192 7.9184e+07 2.836e+06
0.193 7.6525e+07 2.8258e+06
0.194 7.2933e+07 2.8157e+06
0.195 6.9599e+07 2.8058e+06
0.196 6.7283e+07 2.796e+06
0.197 7.0221e+07 2.7863e+06
0.198 6.6545e+07 2.7767e+06
0.199 6.6999e+07 2.7673e+06
0.2 6.4082e+07 2.7579e+06
0.201 6.1215e+07 2.7487e+06
0.202 6.2493e+07 2.7396e+06
0.203 5.9593e+07 2.7306e+06
0.204 5.9083e+07 2.7217e+06
0.205 6.0213e+07 2.7129e+06
0.206 5.2293e+07 2.7042e+06
0.207 5.7416e+07 2.6956e+06
0.208 5.8555e+07 2.6871e+06
0.209 5.255e+07 2.6787e+06
0.21 4.8287e+07 2.6704e+06
0.211 5.4785e+07 2.6622e+06
0.212 4.5753e+07 2.6541e+06
0.213 5.1181e+07 2.6461e+06
0.214 4.9661e+07 2.6381e+06
0.215 4.596e+07 2.6303e+06
0.216 4.5117e+07 2.6225e+06
0.217 4.571e+07 2.6149e+06
0.218 4.6046e+07 2.6073e+06
0.219 4.3977e+07 2.5998e+06
0.22 3.8967e+07 2.5923e+06
0.221 4.0476e+07 2.585e+06
0.222 3.6483e+07 2.5777e+06
0.223 3.9564e+07 2.5705e+06
0.224 3.6422e+07 2.5634e+06
0.225 3.8465e+07 2.5563e+06
0.226 3.7018e+07 2.5493e+06
0.227 3.5975e+07 2.5424e+06
0.228 3.4919e+07 2.5356e+06
0.229 3.3894e+07 2.5288e+06
0.23 3.4643e+07 2.5221e+06
0.231 3.5458e+07 2.5155e+06
0.232 3.3064e+07 2.5089e+06
0.233 3.1203e+07 2.5024e+06
0.234 3.0582e+07 2.4959e+06
0.235 3.1359e+07 2.4895e+06
0.236 2.7888e+07 2.4832e+06
0.237 3.1732e+07 2.477e+06
0.238 2.7998e+07 2.4707e+06
0.239 3.2272e+07 2.4646e+06
0.24 2.5064e+07 2.4585e+06
0.241 3.0776e+07 2.4525e+06
0.242 2.885e+07 2.4465e+06
0.243 2.6654e+07 2.4405e+06
0.244 2.6802e+07 2.4347e+06
0.245 2.3865e+07 2.4288e+06
0.246 2.1689e+07 2.4231e+06
0.247 2.4021e+07 2.4173e+06
0.248 2.1444e+07 2.4117e+06
0.249 2.5617e+07 2.406e+06
0.25 2.3122e+07 2.4005e+06
0.251 2.5921e+07 2.3949e+06
0.252 2.1574e+07 2.3895e+06
0.253 1.9886e+07 2.384e+06
0.254 2.1939e+07 2.3786e+06
0.255 2.2124e+07 2.3733e+06
0.256 1.9427e+07 2.368e+06
0.257 2.0239e+07 2.3627e+06
0.258 1.6446e+07 2.3575e+06
0.259 2.0031e+07 2.3524e+06
0.26 2.0069e+07 2.3472e+06
0.261 1.596e+07 2.3422e+06
0.262 1.8348e+07 2.3371e+06
0.263 1.6235e+07 2.3321e+06
0.264 1.6188e+07 2.3271e+06
0.265 1.6771e+07 2.3222e+06
0.266 1.4457e+07 2.3173e+06
0.267 1.7449e+07 2.3125e+06
0.268 1.0023e+07 2.3077e+06
0.269 1.4654e+07 2.3029e+06
0.27 1.275e+07 2.2982e+06
0.271 1.3241e+07 2.2935e+06
0.272 1.7773e+07 2.2888e+06
0.273 1.2066e+07 2.2842e+06
0.274 1.5893e+07 2.2796e+06
0.275 8.2545e+06 2.275e+06
0.276 1.3533e+07 2.2705e+06
0.277 1.9454e+07 2.266e+06
0.278 1.3587e+07 2.2616e+06
0.279 1.4635e+07 2.2571e+06
0.28 1.1388e+07 2.2527e+06
0.281 1.2758e+07 2.2484e+06
0.282 1.254e+07 2.2441e+06
0.283 9.1145e+06 2.2398e+06
0.284 1.1419e+07 2.2355e+06
0.285 9.4138e+06 2.2313e+06
0.286 1.3635e+07 2.2271e+06
0.287 1.1659e+07 2.2229e+06
0.288 9.042e+06 2.2188e+06
0.289 1.6174e+07 2.2147e+06
0.29 1.2293e+07 2.2106e+06
0.291 1.0825e+07 2.2066e+06
0.292 1.1609e+07 2.2025e+06
0.293 1.1019e+07 2.1986e+06
0.294 6.3013e+06 2.1946e+06
0.295 7.5514e+06 2.1907e+06
0.296 8.7439e+06 2.1868e+06
0.297 5.6692e+06 2.1829e+06
0.298 6.6775e+06 2.179e+06
0.299 1.1116e+07 2.1752e+06
0.3 9.7762e+06 2.1714e+06
0.301 1.0869e+07 2.1676e+06
0.302 8.3877e+06 2.1639e+06
0.303 8.9588e+06 2.1602e+06
0.304 9.9449e+06 2.1565e+06
0.305 7.6172e+06 2.1528e+06
0.306 9.7197e+06 2.1492e+06
0.307 4.7663e+06 2.1456e+06
0.308 7.7975e+06 2.142e+06
0.309 1.0505e+07 2.1384e+06
0.31 7.5366e+06 2.1349e+06
0.311 8.2152e+06 2.1313e+06
0.312 8.8953e+06 2.1278e+06
0.313 1.0631e+07 2.1244e+06
0.314 1.2986e+07 2.1209e+06
0.315 2.4862e+06 2.1175e+06
0.316 7.4584e+06 2.1141e+06
0.317 5.7101e+06 2.1107e+06
0.318 7.5718e+06 2.1073e+06
0.319 6.3706e+06 2.104e+06
0.32 7.2625e+06 2.1007e+06
0.321 8.7121e+06 2.0974e+06
0.322 1.0405e+07 2.0941e+06
0.323 1.1394e+07 2.0908e+06
0.324 8.4067e+06 2.0876e+06
0.325 9.0983e+06 2.0844e+06
0.326 9.1879e+06 2.0812e+06
0.327 6.0817e+06 2.078e+06
0.328 7.2213e+06 2.0749e+06
0.329 6.8163e+06 2.0717e+06
0.33 8.2486e+06 2.0686e+06
0.331 7.6855e+06 2.0655e+06
0.332 9.8422e+06 2.0624e+06
0.333 9.0331e+06 2.0594e+06
0.334 8.8979e+06 2.0563e+06
0.335 7.7678e+06 2.0533e+06
0.336 8.6716e+06 2.0503e+06
0.337 7.6353e+06 2.0473e+06
0.338 6.428e+06 2.0443e+06
0.339 9.0389e+06 2.0414e+06
0.34 8.5662e+06 2.0384e+06
0.341 9.8506e+06 2.0355e+06
0.342 8.2492e+06 2.0326e+06
0.343 1.0049e+07 2.0297e+06
0.344 1.0839e+07 2.0268e+06
0.345 5.2874e+06 2.0239e+06
0.346 7.0815e+06 2.0211e+06
0.347 7.0826e+06 2.0183e+06
0.348 5.3988e+06 2.0155e+06
0.349 7.1618e+06 2.0126e+06
0.35 8.1176e+06 2.0099e+06
0.351 7.0261e+06 2.0071e+06
0.352 3.5362e+06 2.0043e+06
0.353 9.7227e+06 2.0016e+06
0.354 8.5643e+06 1.9988e+06
0.355 5.558e+06 1.9961e+06
0.356 3.974e+06 1.9934e+06
0.357 1.0153e+07 1.9907e+06
0.358 1.1643e+07 1.988e+06
0.359 1.2919e+07 1.9854e+06
0.36 9.0689e+06 1.9827e+06
0.361 7.3047e+06 1.9801e+06
0.362 7.2547e+06 1.9774e+06
0.363 5.9569e+06 1.9748e+06
0.364 7.6831e+06 1.9722e+06
0.365 8.9962e+06 1.9696e+06
0.366 6.9627e+06 1.967e+06
0.367 3.2044e+06 1.9644e+06
0.368 7.393e+06 1.9619e+06
0.369 8.811e+06 1.9593e+06
0.37 5.998e+06 1.9568e+06
0.371 1.2496e+07 1.9542e+06
0.372 5.7207e+06 1.9517e+06
0.373 6.4423e+06 1.9492e+06
0.374 8.7508e+06 1.9467e+06
0.375 9.1075e+06 1.9442e+06
0.376 8.0178e+06 1.9417e+06
0.377 9.2608e+06 1.9392e+06
0.378 1.0678e+07 1.9368e+06
0.379 8.1591e+06 1.9343e+06
0.38 1.0724e+07 1.9318e+06
0.381 1.4313e+07 1.9294e+06
0.382 1.0754e+07 1.927e+06
0.383 1.2197e+07 1.9246e+06
0.384 1.1577e+07 1.9221e+06
0.385 1.1788e+07 1.9197e+06
0.386 1.3764e+07 1.9173e+06
0.387 1.235e+07 1.9149e+06
0.388 1.1387e+07 1.9126e+06
0.389 1.0069e+07 1.9102e+06
0.39 1.1852e+07 1.9078e+06
0.391 1.1247e+07 1.9055e+06
0.392 1.1493e+07 1.9031e+06
0.393 9.9832e+06 1.9008e+06
0.394 1.5087e+07 1.8984e+06
0.395 1.3633e+07 1.8961e+06
0.396 1.6036e+07 1.8938e+06
0.397 1.2412e+07 1.8914e+06
0.398 1.271e+07 1.8891e+06
0.399 1.3746e+07 1.8868e+06
0.4 1.3156e+07 1.8845e+06
0.401 1.2625e+07 1.8822e+06
0.402 1.3175e+07 1.88e+06
0.403 1.2531e+07 1.8777e+06
0.404 1.2807e+07 1.8754e+06
0.405 7.968e+06 1.8732e+06
0.406 1.119e+07 1.8709e+06
0.407 1.2607e+07 1.8686e+06
0.408 1.2932e+07 1.8664e+06
0.409 1.0033e+07 1.8642e+06
0.41 7.8817e+06 1.8619e+06
0.411 1.1891e+07 1.8597e+06
0.412 1.2369e+07 1.8575e+06
0.413 1.0562e+07 1.8553e+06
0.414 1.4477e+07 1.8531e+06
0.415 1.4976e+07 1.8509e+06
0.416 1.1157e+07 1.8487e+06
0.417 1.0925e+07 1.8465e+06
0.418 1.0252e+07 1.8443e+06
0.419 9.2197e+06 1.8421e+06
0.42 1.1277e+07 1.8399e+06
0.421 1.4341e+07 1.8378e+06
0.422 1.2688e+07 1.8356e+06
0.423 1.7907e+07 1.8335e+06
0.424 1.3351e+07 1.8313e+06
0.425 1.5511e+07 1.8292e+06
0.426 1.169e+07 1.827e+06
0.427 1.0804e+07 1.8249e+06
0.428 1.2653e+07 1.8228e+06
0.429 1.4106e+07 1.8206e+06
0.43 9.4593e+06 1.8185e+06
0.431 1.5187e+07 1.8164e+06
0.432 1.3271e+07 1.8143e+06
0.433 1.0425e+07 1.8122e+06
0.434 1.2444e+07 1.8101e+06
0.435 1.2224e+07 1.808e+06
0.436 1.0406e+07 1.8059e+06
0.437 1.165e+07 1.8039e+06
0.438 1.3339e+07 1.8018e+06
0.439 1.1583e+07 1.7997e+06
0.44 8.133e+06 1.7977e+06
0.441 1.1658e+07 1.7956e+06
0.442 1.2426e+07 1.7935e+06
0.443 1.0618e+07 1.7915e+06
0.444 1.0041e+07 1.7895e+06
0.445 1.4509e+07 1.7874e+06
0.446 1.454e+07 1.7854e+06
0.447 1.1377e+07 1.7834e+06
0.448 6.8639e+06 1.7814e+06
0.449 1.2466e+07 1.7793e+06
0.45 1.2125e+07 1.7773e+06
0.451 1.2925e+07 1.7753e+06
0.452 1.4518e+07 1.7733e+06
0.453 1.5714e+07 1.7714e+06
0.454 1.3844e+07 1.7694e+06
0.455 1.2689e+07 1.7674e+06
0.456 1.0678e+07 1.7654e+06
0.457 1.5309e+07 1.7635e+06
0.458 9.5651e+06 1.7615e+06
0.459 1.1443e+07 1.7595e+06
0.46 1.0231e+07 1.7576e+06
0.461 1.3068e+07 1.7556e+06
0.462 1.2093e+07 1.7537e+06
0.463 1.1636e+07 1.7518e+06
0.464 1.3802e+07 1.7498e+06
0.465 1.2069e+07 1.7479e+06
0.466 1.239e+07 1.746e+06
0.467 1.3237e+07 1.7441e+06
0.468 1.2026e+07 1.7422e+06
0.469 1.4287e+07 1.7403e+06
0.47 9.5891e+06 1.7384e+06
0.471 1.4022e+07 1.7365e+06
0.472 1.1416e+07 1.7346e+06
0.473 9.3777e+06 1.7328e+06
0.474 1.1444e+07 1.7309e+06
0.475 1.3067e+07 1.729e+06
0.476 1.2047e+07 1.7272e+06
0.477 1.3513e+07 1.7253e+06
0.478 1.1246e+07 1.7235e+06
0.479 1.3787e+07 1.7216e+06
0.48 9.5039e+06 1.7198e+06
0.481 1.3365e+07 1.718e+06
0.482 1.132e+07 1.7161e+06
0.483 1.1702e+07 1.7143e+06
0.484 9.1042e+06 1.7125e+06
0.485 1.2581e+07 1.7107e+06
0.486 1.1006e+07 1.7089e+06
0.487 1.1683e+07 1.7071e+06
0.488 9.9474e+06 1.7053e+06
0.489 1.411e+07 1.7035e+06
0.49 8.5449e+06 1.7018e+06
0.491 9.6247e+06 1.7e+06
0.492 1.2457e+07 1.6982e+06
0.493 1.0507e+07 1.6965e+06
0.494 8.9225e+06 1.6947e+06
0.495 1.2903e+07 1.693e+06
0.496 9.3873e+06 1.6912e+06
0.497 1.1084e+07 1.6895e+06
0.498 1.3635e+07 1.6878e+06
0.499 1.1216e+07 1.686e+06
0.5 1.5722e+07 1.6843e+06
