0.001 1.6517e+10 3.3033e+08
0.002 1.7156e+10 3.4313e+08
0.003 1.6703e+10 3.3407e+08
0.004 1.6681e+10 3.3362e+08
0.005 1.7758e+10 3.5516e+08
0.006 1.7261e+10 3.4522e+08
0.007 1.7033e+10 3.4066e+08
0.008 1.6939e+10 3.3879e+08
0.009 1.6791e+10 3.3583e+08
0.01 1.6666e+10 3.3331e+08
0.011 1.6901e+10 3.3802e+08
0.012 1.6602e+10 3.3204e+08
0.013 1.7233e+10 3.4465e+08
0.014 1.67e+10 3.3399e+08
0.015 1.599e+10 3.1979e+08
0.016 1.6312e+10 3.2624e+08
0.017 1.6093e+10 3.2185e+08
0.018 1.6289e+10 3.2578e+08
0.019 1.6114e+10 3.2228e+08
0.02 1.618e+10 3.2359e+08
0.021 1.6048e+10 3.2095e+08
0.022 1.604e+10 3.2081e+08
0.023 1.5649e+10 3.1299e+08
0.024 1.5806e+10 3.1612e+08
0.025 1.5618e+10 3.1237e+08
0.026 1.566e+10 3.132e+08
0.027 1.5163e+10 3.0327e+08
0.028 1.5232e+10 3.0464e+08
0.029 1.5082e+10 3.0164e+08
0.03 1.4883e+10 2.9766e+08
0.031 1.493e+10 2.986e+08
0.032 1.4727e+10 2.9454e+08
0.033 1.4479e+10 2.8958e+08
0.034 1.4403e+10 2.8805e+08
0.035 1.4263e+10 2.8527e+08
0.036 1.4143e+10 2.8285e+08
0.037 1.389e+10 2.7779e+08
0.038 1.3874e+10 2.7748e+08
0.039 1.3729e+10 2.7458e+08
0.04 1.3368e+10 2.6736e+08
0.041 1.3505e+10 2.701e+08
0.042 1.3226e+10 2.6451e+08
0.043 1.2988e+10 2.5977e+08
0.044 1.3065e+10 2.613e+08
0.045 1.2644e+10 2.5288e+08
0.046 1.2454e+10 2.4908e+08
0.047 1.2382e+10 2.4763e+08
0.048 1.2419e+10 2.4837e+08
0.049 1.1962e+10 2.3923e+08
0.05 1.193e+10 2.386e+08
0.051 1.1721e+10 2.3441e+08
0.052 1.169e+10 2.3381e+08
0.053 1.1478e+10 2.2956e+08
0.054 1.1097e+10 2.2193e+08
0.055 1.1207e+10 2.2414e+08
0.056 1.1047e+10 2.2095e+08
0.057 1.0539e+10 2.1078e+08
0.058 1.0419e+10 2.0837e+08
0.059 1.033e+10 2.066e+08
0.06 1.012e+10 2.0241e+08
0.061 1.0052e+10 2.0103e+08
0.062 9.7967e+09 1.9593e+08
0.063 9.615e+09 1.923e+08
0.064 9.4884e+09 1.8977e+08
0.065 9.2297e+09 1.8459e+08
0.066 9.1334e+09 1.8267e+08
0.067 8.9187e+09 1.7837e+08
0.068 8.765e+09 1.753e+08
0.069 8.3909e+09 1.6782e+08
0.07 8.3619e+09 1.6724e+08
0.071 8.2646e+09 1.6529e+08
0.072 8.0281e+09 1.6056e+08
0.073 7.8841e+09 1.5768e+08
0.074 7.7984e+09 1.5597e+08
0.075 7.4253e+09 1.4851e+08
0.076 7.4172e+09 1.4834e+08
0.077 7.1738e+09 1.4348e+08
0.078 6.9333e+09 1.3867e+08
0.079 6.8794e+09 1.3759e+08
0.08 6.6708e+09 1.3342e+08
0.081 6.6254e+09 1.3251e+08
0.082 6.5039e+09 1.3008e+08
0.083 6.3589e+09 1.2718e+08
0.084 6.0794e+09 1.2159e+08
0.085 5.9464e+09 1.1893e+08
0.086 5.8132e+09 1.1626e+08
0.087 5.7598e+09 1.152e+08
0.088 5.4638e+09 1.0928e+08
0.089 5.3574e+09 1.0715e+08
0.09 5.2852e+09 1.057e+08
0.091 5.128e+09 1.0256e+08
0.092 4.9963e+09 9.9925e+07
0.093 4.8377e+09 9.6755e+07
0.094 4.7461e+09 9.4922e+07
0.095 4.6389e+09 9.2779e+07
0.096 4.4654e+09 8.9308e+07
0.097 4.2822e+09 8.5643e+07
0.098 4.1704e+09 8.3408e+07
0.099 4.0327e+09 8.0654e+07
0.1 3.9631e+09 7.9262e+07
0.101 3.8344e+09 7.6689e+07
0.102 3.6834e+09 7.3668e+07
0.103 3.6748e+09 7.3495e+07
0.104 3.4806e+09 6.9612e+07
0.105 3.4305e+09 6.8611e+07
0.106 3.3082e+09 6.6164e+07
0.107 3.2837e+09 6.5674e+07
0.108 3.181e+09 6.3621e+07
0.109 3.0624e+09 6.1247e+07
0.11 2.8705e+09 5.7411e+07
0.111 2.8306e+09 5.6612e+07
0.112 2.7183e+09 5.4366e+07
0.113 2.6963e+09 5.3925e+07
0.114 2.6739e+09 5.3477e+07
0.115 2.576e+09 5.1519e+07
0.116 2.4441e+09 4.8883e+07
0.117 2.373e+09 4.7461e+07
0.118 2.301e+09 4.602e+07
0.119 2.1909e+09 4.3818e+07
0.12 2.1077e+09 4.2154e+07
0.121 2.0174e+09 4.0349e+07
0.122 2.0141e+09 4.0283e+07
0.123 1.9771e+09 3.9543e+07
0.124 1.8486e+09 3.6972e+07
0.125 1.8033e+09 3.6067e+07
0.126 1.7277e+09 3.4555e+07
0.127 1.7147e+09 3.4294e+07
0.128 1.5989e+09 3.1977e+07
0.129 1.5309e+09 3.0618e+07
0.13 1.5521e+09 3.1042e+07
0.131 1.4945e+09 2.9889e+07
0.132 1.4022e+09 2.8045e+07
0.133 1.3387e+09 2.6775e+07
0.134 1.3355e+09 2.671e+07
0.135 1.2898e+09 2.5795e+07
0.136 1.263e+09 2.5261e+07
0.137 1.1562e+09 2.3125e+07
0.138 1.2398e+09 2.4797e+07
0.139 1.1108e+09 2.2216e+07
0.14 1.0674e+09 2.1347e+07
0.141 1.0719e+09 2.1438e+07
0.142 1.028e+09 2.056e+07
0.143 1.0483e+09 2.0967e+07
0.144 9.7752e+08 1.955e+07
0.145 9.6725e+08 1.9345e+07
0.146 8.8065e+08 1.7613e+07
0.147 8.7154e+08 1.7431e+07
0.148 8.5207e+08 1.7041e+07
0.149 7.8289e+08 1.5658e+07
0.15 8.0994e+08 1.6199e+07
0.151 7.4158e+08 1.4832e+07
0.152 8.0532e+08 1.6106e+07
0.153 7.5187e+08 1.5037e+07
0.154 7.1712e+08 1.4342e+07
0.155 6.7746e+08 1.3549e+07
0.156 6.6734e+08 1.3347e+07
0.157 6.4488e+08 1.2898e+07
0.158 6.1614e+08 1.2323e+07
0.159 6.0447e+08 1.2089e+07
0.16 6.2824e+08 1.2565e+07
0.161 6.061e+08 1.2122e+07
0.162 5.4977e+08 1.0995e+07
0.163 5.0019e+08 1.0004e+07
0.164 5.3978e+08 1.0796e+07
0.165 5.5592e+08 1.1118e+07
0.166 4.5635e+08 9.127e+06
0.167 5.0916e+08 1.0183e+07
0.168 5.1129e+08 1.0226e+07
0.169 5.2278e+08 1.0456e+07
0.17 5.0073e+08 1.0015e+07
0.171 4.8975e+08 9.7949e+06
0.172 5.172e+08 1.0344e+07
0.173 3.6162e+08 7.2324e+06
0.174 3.8802e+08 7.7604e+06
0.175 4.1597e+08 8.3194e+06
0.176 4.0452e+08 8.0903e+06
0.177 3.9181e+08 7.8361e+06
0.178 4.0965e+08 8.193e+06
0.179 3.7121e+08 7.4241e+06
0.18 4.1615e+08 8.323e+06
0.181 3.85e+08 7.6999e+06
0.182 3.9227e+08 7.8454e+06
0.183 3.4417e+08 6.8833e+06
0.184 3.2081e+08 6.4162e+06
0.185 3.6795e+08 7.3589e+06
0.186 3.1315e+08 6.263e+06
0.187 3.3649e+08 6.7298e+06
0.188 3.556e+08 7.1119e+06
0.189 2.9354e+08 5.8708e+06
0.19 3.0921e+08 6.1842e+06
0.191 3.0684e+08 6.1369e+06
0.192 3.3628e+08 6.7256e+06
0.193 2.9348e+08 5.8696e+06
0.194 2.4446e+08 4.8893e+06
0.195 2.845e+08 5.6899e+06
0.196 2.8527e+08 5.7055e+06
0.197 2.5952e+08 5.1904e+06
0.198 2.6589e+08 5.3178e+06
0.199 2.581e+08 5.162e+06
0.2 3.1413e+08 6.2827e+06
0.201 2.3384e+08 4.6769e+06
0.202 2.7916e+08 5.5832e+06
0.203 2.373e+08 4.746e+06
0.204 2.3077e+08 4.6154e+06
0.205 2.4363e+08 4.8727e+06
0.206 2.4343e+08 4.8686e+06
0.207 2.2568e+08 4.5136e+06
0.208 1.9617e+08 3.9234e+06
0.209 2.7118e+08 5.4236e+06
0.21 2.287e+08 4.5741e+06
0.211 2.0369e+08 4.0738e+06
0.212 2.3987e+08 4.7974e+06
0.213 2.0707e+08 4.1415e+06
0.214 1.9596e+08 3.9192e+06
0.215 1.8932e+08 3.7865e+06
0.216 2.1583e+08 4.3167e+06
0.217 1.8282e+08 3.6564e+06
0.218 2.0631e+08 4.1262e+06
0.219 1.87e+08 3.7401e+06
0.22 1.993e+08 3.986e+06
0.221 2.1937e+08 4.3874e+06
0.222 1.8859e+08 3.7718e+06
0.223 2.0477e+08 4.0953e+06
0.224 1.7929e+08 3.5858e+06
0.225 2.2075e+08 4.4149e+06
0.226 1.9879e+08 3.9759e+06
0.227 1.7607e+08 3.5213e+06
0.228 2.0176e+08 4.0351e+06
0.229 1.147e+08 2.294e+06
0.23 1.8693e+08 3.7386e+06
0.231 1.5248e+08 3.0496e+06
0.232 1.5127e+08 3.0254e+06
0.233 1.4225e+08 2.8449e+06
0.234 1.3634e+08 2.7269e+06
0.235 1.4675e+08 2.935e+06
0.236 1.3056e+08 2.6112e+06
0.237 2.048e+08 4.0961e+06
0.238 1.2971e+08 2.5942e+06
0.239 1.4537e+08 2.9074e+06
0.24 1.1964e+08 2.3929e+06
0.241 1.6244e+08 3.2488e+06
0.242 1.1794e+08 2.3587e+06
0.243 1.0282e+08 2.0565e+06
0.244 1.4235e+08 2.847e+06
0.245 1.6164e+08 3.2328e+06
0.246 1.6938e+08 3.3876e+06
0.247 1.4917e+08 2.9835e+06
0.248 1.0681e+08 2.1361e+06
0.249 1.1647e+08 2.3294e+06
0.25 1.4978e+08 2.9957e+06
0.251 1.5661e+08 3.1323e+06
0.252 1.0588e+08 2.1175e+06
0.253 1.204e+08 2.408e+06
0.254 8.633e+07 1.7266e+06
0.255 1.0893e+08 2.1786e+06
0.256 1.1525e+08 2.3051e+06
0.257 7.9206e+07 1.5841e+06
0.258 1.2543e+08 2.5086e+06
0.259 1.2175e+08 2.435e+06
0.26 1.3005e+08 2.6011e+06
0.261 1.2751e+08 2.5502e+06
0.262 1.0474e+08 2.0949e+06
0.263 1.0722e+08 2.1444e+06
0.264 1.3013e+08 2.6026e+06
0.265 6.7163e+07 1.3433e+06
0.266 7.693e+07 1.5386e+06
0.267 1.2546e+08 2.5093e+06
0.268 8.7584e+07 1.7517e+06
0.269 9.0506e+07 1.8101e+06
0.27 1.0585e+08 2.117e+06
0.271 8.8131e+07 1.7626e+06
0.272 5.4645e+07 1.0929e+06
0.273 9.9245e+07 1.9849e+06
0.274 8.2724e+07 1.6545e+06
0.275 5.7773e+07 1.1555e+06
0.276 7.0203e+07 1.4041e+06
0.277 9.2989e+07 1.8598e+06
0.278 9.7404e+07 1.9481e+06
0.279 1.0058e+08 2.0116e+06
0.28 7.9637e+07 1.5927e+06
0.281 7.6434e+07 1.5287e+06
0.282 8.8946e+07 1.7789e+06
0.283 9.1405e+07 1.8281e+06
0.284 9.6634e+07 1.9327e+06
0.285 7.4694e+07 1.4939e+06
0.286 7.5332e+07 1.5066e+06
0.287 8.0392e+07 1.6078e+06
0.288 8.4571e+07 1.6914e+06
0.289 7.2946e+07 1.4589e+06
0.29 7.4275e+07 1.4855e+06
0.291 9.0428e+07 1.8086e+06
0.292 7.7079e+07 1.5416e+06
0.293 4.9971e+07 9.9942e+05
0.294 1.2613e+08 2.5225e+06
0.295 1.0695e+08 2.139e+06
0.296 8.3104e+07 1.6621e+06
0.297 6.55e+07 1.31e+06
0.298 1.0091e+08 2.0183e+06
0.299 9.3593e+07 1.8719e+06
0.3 8.4305e+07 1.6861e+06
0.301 8.9423e+07 1.7885e+06
0.302 1.0781e+08 2.1562e+06
0.303 8.9567e+07 1.7913e+06
0.304 8.3946e+07 1.6789e+06
0.305 9.6053e+07 1.9211e+06
0.306 1.0313e+08 2.0625e+06
0.307 1.0449e+08 2.0898e+06
0.308 7.7462e+07 1.5492e+06
0.309 9.1216e+07 1.8243e+06
0.31 1.0944e+08 2.1889e+06
0.311 6.4431e+07 1.2886e+06
0.312 8.0173e+07 1.6035e+06
0.313 8.1467e+07 1.6293e+06
0.314 5.3315e+07 1.0663e+06
0.315 7.4216e+07 1.4843e+06
0.316 8.5254e+07 1.7051e+06
0.317 1.0475e+08 2.095e+06
0.318 7.117e+07 1.4234e+06
0.319 8.077e+07 1.6154e+06
0.32 7.0328e+07 1.4066e+06
0.321 1.0024e+08 2.0048e+06
0.322 8.1583e+07 1.6317e+06
0.323 7.3388e+07 1.4678e+06
0.324 8.3597e+07 1.6719e+06
0.325 8.5797e+07 1.7159e+06
0.326 1.2092e+08 2.4184e+06
0.327 9.0534e+07 1.8107e+06
0.328 8.0335e+07 1.6067e+06
0.329 6.0849e+07 1.217e+06
0.33 9.1523e+07 1.8305e+06
0.331 7.4763e+07 1.4953e+06
0.332 8.2739e+07 1.6548e+06
0.333 9.5281e+07 1.9056e+06
0.334 8.2945e+07 1.6589e+06
0.335 8.9086e+07 1.7817e+06
0.336 1.0145e+08 2.029e+06
0.337 7.1691e+07 1.4338e+06
0.338 6.0564e+07 1.2113e+06
0.339 4.1919e+07 8.3837e+05
0.34 7.2955e+07 1.4591e+06
0.341 7.3612e+07 1.4722e+06
0.342 6.1057e+07 1.2211e+06
0.343 5.9161e+07 1.1832e+06
0.344 8.8716e+07 1.7743e+06
0.345 1.0442e+08 2.0885e+06
0.346 9.0004e+07 1.8001e+06
0.347 6.9147e+07 1.3829e+06
0.348 9.2354e+07 1.8471e+06
0.349 9.1071e+07 1.8214e+06
0.35 8.989e+07 1.7978e+06
0.351 5.2827e+07 1.0565e+06
0.352 8.4849e+07 1.697e+06
0.353 8.4745e+07 1.6949e+06
0.354 4.4573e+07 8.9146e+05
0.355 7.8648e+07 1.573e+06
0.356 8.9541e+07 1.7908e+06
0.357 7.7237e+07 1.5447e+06
0.358 7.1246e+07 1.4249e+06
0.359 1.093e+08 2.186e+06
0.36 4.9779e+07 9.9559e+05
0.361 6.7973e+07 1.3595e+06
0.362 9.6612e+07 1.9322e+06
0.363 6.7664e+07 1.3533e+06
0.364 9.4576e+07 1.8915e+06
0.365 6.5445e+07 1.3089e+06
0.366 4.2324e+07 8.4648e+05
0.367 4.9906e+07 9.9813e+05
0.368 6.2304e+07 1.2461e+06
0.369 7.0131e+07 1.4026e+06
0.37 4.4715e+07 8.9431e+05
0.371 5.8842e+07 1.1768e+06
0.372 7.2893e+07 1.4579e+06
0.373 7.5642e+07 1.5128e+06
0.374 9.3979e+07 1.8796e+06
0.375 7.5401e+07 1.508e+06
0.376 7.1416e+07 1.4283e+06
0.377 7.5077e+07 1.5015e+06
0.378 5.0429e+07 1.0086e+06
0.379 9.1169e+07 1.8234e+06
0.38 5.145e+07 1.029e+06
0.381 6.4171e+07 1.2834e+06
0.382 2.9777e+07 5.9553e+05
0.383 1.0391e+08 2.0782e+06
0.384 7.4478e+07 1.4896e+06
0.385 2.6065e+07 5.213e+05
0.386 4.7677e+07 9.5354e+05
0.387 6.4074e+07 1.2815e+06
0.388 4.9876e+07 9.9753e+05
0.389 2.3914e+07 4.7827e+05
0.39 8.3889e+07 1.6778e+06
0.391 6.5592e+07 1.3118e+06
0.392 5.758e+07 1.1516e+06
0.393 6.6224e+07 1.3245e+06
0.394 4.8043e+07 9.6086e+05
0.395 8.9486e+07 1.7897e+06
0.396 2.1602e+07 4.3204e+05
0.397 6.2406e+07 1.2481e+06
0.398 3.9303e+07 7.8607e+05
0.399 4.2199e+07 8.4397e+05
0.4 6.2344e+07 1.2469e+06
0.401 6.5362e+07 1.3072e+06
0.402 6.8645e+07 1.3729e+06
0.403 7.4184e+07 1.4837e+06
0.404 7.5532e+07 1.5106e+06
0.405 7.7286e+07 1.5457e+06
0.406 7.4158e+07 1.4832e+06
0.407 2.556e+07 5.112e+05
0.408 6.3863e+07 1.2773e+06
0.409 7.6604e+07 1.5321e+06
0.41 5.9852e+07 1.197e+06
0.411 7.1211e+07 1.4242e+06
0.412 9.1237e+07 1.8247e+06
0.413 7.0985e+07 1.4197e+06
0.414 8.1499e+07 1.63e+06
0.415 4.504e+07 9.008e+05
0.416 6.6118e+07 1.3224e+06
0.417 6.7169e+07 1.3434e+06
0.418 6.1757e+07 1.2351e+06
0.419 4.5112e+07 9.0225e+05
0.42 6.1349e+07 1.227e+06
0.421 4.1188e+07 8.2375e+05
0.422 5.7484e+07 1.1497e+06
0.423 5.2165e+07 1.0433e+06
0.424 7.8737e+07 1.5747e+06
0.425 5.9045e+07 1.1809e+06
0.426 4.3166e+07 8.6333e+05
0.427 5.6408e+07 1.1282e+06
0.428 1.0855e+08 2.1709e+06
0.429 5.6579e+07 1.1316e+06
0.43 5.6695e+07 1.1339e+06
0.431 8.1482e+07 1.6296e+06
0.432 6.2935e+07 1.2587e+06
0.433 4.1295e+07 8.259e+05
0.434 3.8984e+07 7.7968e+05
0.435 7.7799e+07 1.556e+06
0.436 6.2119e+07 1.2424e+06
0.437 6.2511e+07 1.2502e+06
0.438 3.9123e+07 7.8247e+05
0.439 6.8865e+07 1.3773e+06
0.44 8.3011e+07 1.6602e+06
0.441 7.1725e+07 1.4345e+06
0.442 7.5868e+07 1.5174e+06
0.443 6.4034e+07 1.2807e+06
0.444 7.4924e+07 1.4985e+06
0.445 5.4571e+07 1.0914e+06
0.446 6.8904e+07 1.3781e+06
0.447 4.1273e+07 8.2546e+05
0.448 4.1711e+07 8.3422e+05
0.449 5.0208e+07 1.0042e+06
0.45 7.8064e+07 1.5613e+06
0.451 5.9562e+07 1.1912e+06
0.452 5.7191e+07 1.1438e+06
0.453 6.987e+07 1.3974e+06
0.454 3.7936e+07 7.5872e+05
0.455 4.9651e+07 9.9302e+05
0.456 4.6661e+07 9.3322e+05
0.457 7.3878e+07 1.4776e+06
0.458 2.7526e+07 5.5052e+05
0.459 8.4436e+07 1.6887e+06
0.46 4.5864e+07 9.1727e+05
0.461 5.4864e+07 1.0973e+06
0.462 5.4496e+07 1.0899e+06
0.463 6.6772e+07 1.3354e+06
0.464 5.4862e+07 1.0972e+06
0.465 6.689e+07 1.3378e+06
0.466 4.3671e+07 8.7342e+05
0.467 2.8207e+07 5.6414e+05
0.468 8.0623e+07 1.6125e+06
0.469 7.9332e+07 1.5866e+06
0.47 6.2279e+07 1.2456e+06
0.471 7.4367e+07 1.4873e+06
0.472 6.6189e+07 1.3238e+06
0.473 5.838e+07 1.1676e+06
0.474 5.2378e+07 1.0476e+06
0.475 5.8736e+07 1.1747e+06
0.476 8.0647e+07 1.6129e+06
0.477 5.6274e+07 1.1255e+06
0.478 5.1638e+07 1.0328e+06
0.479 9.295e+07 1.859e+06
0.48 3.8781e+07 7.7562e+05
0.481 3.8196e+07 7.6391e+05
0.482 4.9653e+07 9.9306e+05
0.483 6.8274e+07 1.3655e+06
0.484 4.8667e+07 9.7334e+05
0.485 4.4055e+07 8.8111e+05
0.486 4.0236e+07 8.0472e+05
0.487 5.4848e+07 1.097e+06
0.488 5.3382e+07 1.0676e+06
0.489 4.7822e+07 9.5643e+05
0.49 5.7719e+07 1.1544e+06
0.491 6.2847e+07 1.2569e+06
0.492 8.5465e+07 1.7093e+06
0.493 5.553e+07 1.1106e+06
0.494 2.1074e+07 4.2149e+05
0.495 6.3447e+07 1.2689e+06
0.496 5.817e+07 1.1634e+06
0.497 4.2274e+07 8.4549e+05
0.498 4.1765e+07 8.353e+05
0.499 6.1145e+07 1.2229e+06
0.5 7.8869e+07 1.5774e+06
