0.001 4.7971e+09 9.5942e+07
0.002 4.5066e+09 9.0132e+07
0.003 5.0159e+09 1.0032e+08
0.004 4.7815e+09 9.563e+07
0.005 4.8924e+09 9.7848e+07
0.006 4.9408e+09 9.8816e+07
0.007 4.9028e+09 9.8055e+07
0.008 4.8922e+09 9.7844e+07
0.009 4.747e+09 9.494e+07
0.01 4.9308e+09 9.8615e+07
0.011 4.889e+09 9.7779e+07
0.012 4.881e+09 9.7619e+07
0.013 4.858e+09 9.7161e+07
0.014 4.9381e+09 9.8763e+07
0.015 4.8719e+09 9.7437e+07
0.016 4.9928e+09 9.9855e+07
0.017 4.7873e+09 9.5746e+07
0.018 4.6711e+09 9.3422e+07
0.019 4.6858e+09 9.3716e+07
0.02 4.646e+09 9.2921e+07
0.021 4.6574e+09 9.3147e+07
0.022 4.5729e+09 9.1457e+07
0.023 4.5758e+09 9.1516e+07
0.024 4.5912e+09 9.1824e+07
0.025 4.5436e+09 9.0871e+07
0.026 4.5364e+09 9.0727e+07
0.027 4.4923e+09 8.9847e+07
0.028 4.4038e+09 8.8075e+07
0.029 4.4267e+09 8.8534e+07
0.03 4.3455e+09 8.6911e+07
0.031 4.3074e+09 8.6148e+07
0.032 4.2628e+09 8.5256e+07
0.033 4.2526e+09 8.5052e+07
0.034 4.2483e+09 8.4967e+07
0.035 4.1532e+09 8.3063e+07
0.036 4.1901e+09 8.3801e+07
0.037 4.023e+09 8.046e+07
0.038 4.0171e+09 8.0343e+07
0.039 4.0426e+09 8.0852e+07
0.04 3.9345e+09 7.8689e+07
0.041 3.8891e+09 7.7782e+07
0.042 3.7968e+09 7.5936e+07
0.043 3.7796e+09 7.5593e+07
0.044 3.6895e+09 7.3789e+07
0.045 3.7289e+09 7.4577e+07
0.046 3.6335e+09 7.2669e+07
0.047 3.6485e+09 7.2969e+07
0.048 3.6026e+09 7.2052e+07
0.049 3.5099e+09 7.0199e+07
0.05 3.5217e+09 7.0434e+07
0.051 3.3874e+09 6.7749e+07
0.052 3.3097e+09 6.6195e+07
0.053 3.2942e+09 6.5884e+07
0.054 3.2332e+09 6.4664e+07
0.055 3.2299e+09 6.4598e+07
0.056 3.1559e+09 6.3118e+07
0.057 3.0265e+09 6.0531e+07
0.058 3.0606e+09 6.1211e+07
0.059 2.9973e+09 5.9947e+07
0.06 2.9202e+09 5.8403e+07
0.061 2.904e+09 5.808e+07
0.062 2.834e+09 5.6681e+07
0.063 2.8152e+09 5.6304e+07
0.064 2.7017e+09 5.4034e+07
0.065 2.6937e+09 5.3873e+07
0.066 2.6214e+09 5.2429e+07
0.067 2.602e+09 5.2039e+07
0.068 2.5297e+09 5.0594e+07
0.069 2.4581e+09 4.9162e+07
0.07 2.4344e+09 4.8688e+07
0.071 2.3922e+09 4.7843e+07
0.072 2.3509e+09 4.7018e+07
0.073 2.3098e+09 4.6195e+07
0.074 2.2309e+09 4.4618e+07
0.075 2.1684e+09 4.3367e+07
0.076 2.1574e+09 4.3147e+07
0.077 2.0876e+09 4.1752e+07
0.078 2.0537e+09 4.1074e+07
0.079 2.0491e+09 4.0981e+07
0.08 1.9551e+09 3.9103e+07
0.081 1.9303e+09 3.8606e+07
0.082 1.8609e+09 3.7217e+07
0.083 1.8477e+09 3.6954e+07
0.084 1.8085e+09 3.617e+07
0.085 1.7866e+09 3.5731e+07
0.086 1.6999e+09 3.3998e+07
0.087 1.6615e+09 3.323e+07
0.088 1.6227e+09 3.2454e+07
0.089 1.5217e+09 3.0435e+07
0.09 1.5175e+09 3.0351e+07
0.091 1.4826e+09 2.9651e+07
0.092 1.4642e+09 2.9283e+07
0.093 1.4049e+09 2.8099e+07
0.094 1.4163e+09 2.8325e+07
0.095 1.3317e+09 2.6633e+07
0.096 1.3114e+09 2.6227e+07
0.097 1.2802e+09 2.5603e+07
0.098 1.2374e+09 2.4748e+07
0.099 1.221e+09 2.4419e+07
0.1 1.1533e+09 2.3066e+07
0.101 1.131e+09 2.262e+07
0.102 1.1052e+09 2.2105e+07
0.103 1.0847e+09 2.1695e+07
0.104 1.0303e+09 2.0606e+07
0.105 1.0194e+09 2.0388e+07
0.106 9.5883e+08 1.9177e+07
0.107 9.7527e+08 1.9505e+07
0.108 9.6512e+08 1.9302e+07
0.109 8.9134e+08 1.7827e+07
0.11 8.7196e+08 1.7439e+07
0.111 8.9516e+08 1.7903e+07
0.112 8.6424e+08 1.7285e+07
0.113 8.1344e+08 1.6269e+07
0.114 7.7719e+08 1.5544e+07
0.115 7.5427e+08 1.5085e+07
0.116 7.3346e+08 1.4669e+07
0.117 7.1239e+08 1.4248e+07
0.118 7.0218e+08 1.4044e+07
0.119 6.7949e+08 1.359e+07
0.12 6.4654e+08 1.2931e+07
0.121 6.3529e+08 1.2706e+07
0.122 6.1647e+08 1.2329e+07
0.123 6.0551e+08 1.211e+07
0.124 5.6965e+08 1.1393e+07
0.125 5.6705e+08 1.1341e+07
0.126 5.4822e+08 1.0964e+07
0.127 5.2607e+08 1.0521e+07
0.128 5.0775e+08 1.0155e+07
0.129 5.0361e+08 1.0072e+07
0.13 4.7248e+08 9.4496e+06
0.131 4.6923e+08 9.3846e+06
0.132 4.7039e+08 9.4078e+06
0.133 4.5376e+08 9.0751e+06
0.134 4.2687e+08 8.5375e+06
0.135 4.5231e+08 9.0463e+06
0.136 4.0188e+08 8.0375e+06
0.137 4.0512e+08 8.1023e+06
0.138 3.7928e+08 7.5855e+06
0.139 3.7965e+08 7.5929e+06
0.14 3.4191e+08 6.8382e+06
0.141 3.6075e+08 7.215e+06
0.142 3.3742e+08 6.7485e+06
0.143 3.4486e+08 6.8972e+06
0.144 3.2521e+08 6.5041e+06
0.145 3.3535e+08 6.707e+06
0.146 2.8999e+08 5.7998e+06
0.147 3.0919e+08 6.1838e+06
0.148 2.9385e+08 5.877e+06
0.149 2.7826e+08 5.5652e+06
0.15 2.7236e+08 5.4471e+06
0.151 2.6103e+08 5.2205e+06
0.152 2.7137e+08 5.4274e+06
0.153 2.5229e+08 5.0458e+06
0.154 2.4297e+08 4.8594e+06
0.155 2.4493e+08 4.8986e+06
0.156 2.3368e+08 4.6736e+06
0.157 2.4383e+08 4.8767e+06
0.158 2.3591e+08 4.7182e+06
0.159 2.2338e+08 4.4677e+06
0.16 2.2673e+08 4.5345e+06
0.161 2.1968e+08 4.3936e+06
0.162 1.8709e+08 3.7418e+06
0.163 2.1933e+08 4.3865e+06
0.164 1.9474e+08 3.8949e+06
0.165 1.8364e+08 3.6727e+06
0.166 1.8608e+08 3.7216e+06
0.167 1.7619e+08 3.5237e+06
0.168 1.8305e+08 3.6609e+06
0.169 1.6841e+08 3.3683e+06
0.17 1.7648e+08 3.5297e+06
0.171 1.79e+08 3.58e+06
0.172 1.6555e+08 3.3111e+06
0.173 1.5367e+08 3.0734e+06
0.174 1.6169e+08 3.2338e+06
0.175 1.5505e+08 3.101e+06
0.176 1.5507e+08 3.1013e+06
0.177 1.5547e+08 3.1095e+06
0.178 1.4527e+08 2.9055e+06
0.179 1.3812e+08 2.7624e+06
0.18 1.3066e+08 2.6132e+06
0.181 1.4387e+08 2.8774e+06
0.182 1.3698e+08 2.7396e+06
0.183 1.3329e+08 2.6659e+06
0.184 1.4139e+08 2.8278e+06
0.185 1.2778e+08 2.5555e+06
0.186 1.3303e+08 2.6606e+06
0.187 1.2271e+08 2.4541e+06
0.188 1.2574e+08 2.5147e+06
0.189 1.1331e+08 2.2662e+06
0.19 1.0899e+08 2.1798e+06
0.191 1.0956e+08 2.1911e+06
0.192 1.0554e+08 2.1108e+06
0.193 1.0017e+08 2.0034e+06
0.194 1.0287e+08 2.0574e+06
0.195 1.1058e+08 2.2115e+06
0.196 9.516e+07 1.9032e+06
0.197 1.0998e+08 2.1996e+06
0.198 9.4919e+07 1.8984e+06
0.199 8.8191e+07 1.7638e+06
0.2 1.0483e+08 2.0967e+06
0.201 8.9319e+07 1.7864e+06
0.202 1.1127e+08 2.2254e+06
0.203 9.4843e+07 1.8969e+06
0.204 8.709e+07 1.7418e+06
0.205 9.589e+07 1.9178e+06
0.206 9.416e+07 1.8832e+06
0.207 6.0416e+07 1.2083e+06
0.208 8.261e+07 1.6522e+06
0.209 7.1331e+07 1.4266e+06
0.21 9.0108e+07 1.8022e+06
0.211 8.5375e+07 1.7075e+06
0.212 8.5245e+07 1.7049e+06
0.213 6.7986e+07 1.3597e+06
0.214 7.5572e+07 1.5114e+06
0.215 8.3575e+07 1.6715e+06
0.216 8.172e+07 1.6344e+06
0.217 7.9168e+07 1.5834e+06
0.218 7.1169e+07 1.4234e+06
0.219 6.4064e+07 1.2813e+06
0.22 7.6562e+07 1.5312e+06
0.221 6.3275e+07 1.2655e+06
0.222 7.2426e+07 1.4485e+06
0.223 5.8876e+07 1.1775e+06
0.224 5.9812e+07 1.1962e+06
0.225 6.3268e+07 1.2654e+06
0.226 5.1599e+07 1.032e+06
0.227 6.3236e+07 1.2647e+06
0.228 6.6346e+07 1.3269e+06
0.229 4.6237e+07 9.2474e+05
0.23 4.4523e+07 8.9047e+05
0.231 4.3694e+07 8.7388e+05
0.232 5.5543e+07 1.1109e+06
0.233 4.0957e+07 8.1915e+05
0.234 4.951e+07 9.902e+05
0.235 4.2452e+07 8.4903e+05
0.236 4.0308e+07 8.0616e+05
0.237 4.4126e+07 8.8252e+05
0.238 4.2543e+07 8.5087e+05
0.239 3.7728e+07 7.5456e+05
0.24 4.3934e+07 8.7868e+05
0.241 4.783e+07 9.566e+05
0.242 4.1981e+07 8.3963e+05
0.243 3.8562e+07 7.7123e+05
0.244 2.5607e+07 5.1214e+05
0.245 4.5846e+07 9.1692e+05
0.246 4.6922e+07 9.3845e+05
0.247 4.4736e+07 8.9472e+05
0.248 3.0434e+07 6.0868e+05
0.249 3.0402e+07 6.0805e+05
0.25 2.7331e+07 5.4663e+05
0.251 3.7213e+07 7.4426e+05
0.252 3.7536e+07 7.5073e+05
0.253 4.0257e+07 8.0515e+05
0.254 2.9534e+07 5.9068e+05
0.255 3.4957e+07 6.9914e+05
0.256 3.3286e+07 6.6573e+05
0.257 3.5407e+07 7.0815e+05
0.258 3.4133e+07 6.8266e+05
0.259 3.3995e+07 6.799e+05
0.26 2.8802e+07 5.7605e+05
0.261 3.0112e+07 6.0224e+05
0.262 2.2912e+07 4.5825e+05
0.263 3.3233e+07 6.6465e+05
0.264 3.9119e+07 7.8238e+05
0.265 3.4172e+07 6.8343e+05
0.266 2.6774e+07 5.3547e+05
0.267 3.0282e+07 6.0563e+05
0.268 1.7388e+07 3.4776e+05
0.269 2.404e+07 4.808e+05
0.27 2.3979e+07 4.7959e+05
0.271 3.7933e+07 7.5867e+05
0.272 2.0683e+07 4.1366e+05
0.273 2.9943e+07 5.9885e+05
0.274 2.6093e+07 5.2187e+05
0.275 3.0064e+07 6.0128e+05
0.276 3.6404e+07 7.2808e+05
0.277 2.8449e+07 5.6899e+05
0.278 4.3482e+07 8.6963e+05
0.279 3.0375e+07 6.075e+05
0.28 2.6183e+07 5.2366e+05
0.281 3.4543e+07 6.9086e+05
0.282 1.8609e+07 3.7217e+05
0.283 1.8708e+07 3.7415e+05
0.284 2.7264e+07 5.4528e+05
0.285 3.3316e+07 6.6633e+05
0.286 1.7583e+07 3.5167e+05
0.287 3.1573e+07 6.3145e+05
0.288 3.2503e+07 6.5006e+05
0.289 1.6382e+07 3.2763e+05
0.29 2.6076e+07 5.2153e+05
0.291 2.3022e+07 4.6044e+05
0.292 2.2773e+07 4.5547e+05
0.293 2.4848e+07 4.9696e+05
0.294 2.9402e+07 5.8804e+05
0.295 3.1167e+07 6.2335e+05
0.296 1.502e+07 3.0039e+05
0.297 2.5084e+07 5.0167e+05
0.298 3.123e+07 6.246e+05
0.299 9.9088e+06 1.9818e+05
0.3 2.3038e+07 4.6075e+05
0.301 3.1067e+07 6.2133e+05
0.302 2.369e+07 4.7379e+05
0.303 2.6523e+07 5.3046e+05
0.304 1.8871e+07 3.7743e+05
0.305 3.7436e+07 7.4871e+05
0.306 2.8882e+07 5.7764e+05
0.307 2.0144e+07 4.0288e+05
0.308 2.7459e+07 5.4919e+05
0.309 2.6757e+07 5.3514e+05
0.31 3.3763e+07 6.7525e+05
0.311 3.3801e+07 6.7602e+05
0.312 3.1544e+07 6.3088e+05
0.313 3.206e+07 6.412e+05
0.314 2.948e+07 5.896e+05
0.315 2.2373e+07 4.4747e+05
0.316 2.0426e+07 4.0852e+05
0.317 3.3215e+07 6.643e+05
0.318 2.4989e+07 4.9977e+05
0.319 2.0448e+07 4.0895e+05
0.32 2.3269e+07 4.6537e+05
0.321 2.8245e+07 5.6489e+05
0.322 2.7506e+07 5.5012e+05
0.323 1.9919e+07 3.9837e+05
0.324 2.7117e+07 5.4234e+05
0.325 3.0931e+07 6.1863e+05
0.326 3.2273e+07 6.4545e+05
0.327 1.1036e+07 2.2071e+05
0.328 2.5163e+07 5.0326e+05
0.329 3.1678e+07 6.3357e+05
0.33 1.2054e+07 2.4108e+05
0.331 3.9244e+07 7.8489e+05
0.332 1.6487e+07 3.2974e+05
0.333 3.1538e+07 6.3077e+05
0.334 2.7848e+07 5.5696e+05
0.335 2.3803e+07 4.7605e+05
0.336 2.8916e+07 5.7831e+05
0.337 1.9063e+07 3.8127e+05
0.338 2.4201e+07 4.8402e+05
0.339 2.7276e+07 5.4553e+05
0.34 2.6528e+07 5.3055e+05
0.341 2.1894e+07 4.3788e+05
0.342 1.3564e+07 2.7129e+05
0.343 2.0565e+07 4.113e+05
0.344 2.7479e+07 5.4958e+05
0.345 1.33e+07 2.6599e+05
0.346 2.8574e+07 5.7147e+05
0.347 1.9586e+07 3.9172e+05
0.348 2.5199e+07 5.0398e+05
0.349 2.1852e+07 4.3704e+05
0.35 1.7789e+07 3.5579e+05
0.351 1.7574e+07 3.5149e+05
0.352 1.8982e+07 3.7964e+05
0.353 1.7481e+07 3.4962e+05
0.354 1.9954e+07 3.9908e+05
0.355 2.4646e+07 4.9293e+05
0.356 2.1049e+07 4.2098e+05
0.357 1.2256e+07 2.4512e+05
0.358 1.5816e+07 3.1631e+05
0.359 3.4729e+07 6.9459e+05
0.36 2.0231e+07 4.0461e+05
0.361 1.787e+07 3.5739e+05
0.362 1.6679e+07 3.3358e+05
0.363 1.6e+07 3.2e+05
0.364 2.904e+07 5.8081e+05
0.365 1.9858e+07 3.9717e+05
0.366 2.3142e+07 4.6284e+05
0.367 2.685e+07 5.37e+05
0.368 2.1929e+07 4.3858e+05
0.369 1.8208e+07 3.6415e+05
0.37 2.0896e+07 4.1792e+05
0.371 1.9144e+07 3.8288e+05
0.372 1.7511e+07 3.5022e+05
0.373 2.5344e+07 5.0688e+05
0.374 2.4393e+07 4.8787e+05
0.375 1.9475e+07 3.895e+05
0.376 2.0992e+07 4.1984e+05
0.377 1.7739e+07 3.5478e+05
0.378 1.5885e+07 3.177e+05
0.379 2.5989e+07 5.1977e+05
0.38 1.5423e+07 3.0845e+05
0.381 2.4635e+07 4.927e+05
0.382 2.8291e+07 5.6582e+05
0.383 1.7109e+07 3.4217e+05
0.384 2.3532e+07 4.7064e+05
0.385 2.0805e+07 4.161e+05
0.386 1.2177e+07 2.4353e+05
0.387 1.8767e+07 3.7533e+05
0.388 1.5442e+07 3.0884e+05
0.389 3.0183e+07 6.0366e+05
0.39 2.7579e+07 5.5159e+05
0.391 2.3179e+07 4.6359e+05
0.392 2.521e+07 5.0421e+05
0.393 2.7849e+07 5.5698e+05
0.394 1.402e+07 2.8039e+05
0.395 1.5695e+07 3.1391e+05
0.396 2.2848e+07 4.5695e+05
0.397 2.2751e+07 4.5501e+05
0.398 2.6752e+07 5.3503e+05
0.399 2.228e+07 4.456e+05
0.4 2.3607e+07 4.7214e+05
0.401 1.503e+07 3.006e+05
0.402 2.5507e+07 5.1014e+05
0.403 3.0312e+07 6.0624e+05
0.404 2.1413e+07 4.2825e+05
0.405 1.5217e+07 3.0434e+05
0.406 2.8329e+07 5.6658e+05
0.407 2.0422e+07 4.0845e+05
0.408 3.0011e+07 6.0023e+05
0.409 1.3912e+07 2.7824e+05
0.41 2.3828e+07 4.7655e+05
0.411 2.2918e+07 4.5836e+05
0.412 2.5396e+07 5.0793e+05
0.413 2.7657e+07 5.5315e+05
0.414 2.1616e+07 4.3232e+05
0.415 2.5399e+07 5.0798e+05
0.416 2.1073e+07 4.2146e+05
0.417 2.2788e+07 4.5577e+05
0.418 2.6253e+07 5.2506e+05
0.419 2.5042e+07 5.0084e+05
0.42 2.5171e+07 5.0343e+05
0.421 1.7536e+07 3.5072e+05
0.422 2.2046e+07 4.4092e+05
0.423 2.5622e+07 5.1243e+05
0.424 1.9528e+07 3.9055e+05
0.425 1.3939e+07 2.7878e+05
0.426 2.7757e+07 5.5514e+05
0.427 2.9948e+07 5.9895e+05
0.428 1.8386e+07 3.6772e+05
0.429 3.2731e+07 6.5462e+05
0.43 2.0479e+07 4.0957e+05
0.431 1.8959e+07 3.7918e+05
0.432 2.4709e+07 4.9417e+05
0.433 2.2625e+07 4.5251e+05
0.434 2.243e+07 4.486e+05
0.435 1.292e+07 2.5841e+05
0.436 2.8579e+07 5.7157e+05
0.437 1.8863e+07 3.7725e+05
0.438 1.6637e+07 3.3274e+05
0.439 2.2639e+07 4.5277e+05
0.44 2.685e+07 5.3701e+05
0.441 2.5256e+07 5.0513e+05
0.442 1.8831e+07 3.7662e+05
0.443 1.9892e+07 3.9784e+05
0.444 2.4066e+07 4.8132e+05
0.445 2.145e+07 4.2899e+05
0.446 2.1727e+07 4.3455e+05
0.447 2.0458e+07 4.0916e+05
0.448 7.9201e+06 1.584e+05
0.449 2.6181e+07 5.2362e+05
0.45 2.7153e+07 5.4305e+05
0.451 2.1725e+07 4.3449e+05
0.452 8.3644e+06 1.6729e+05
0.453 2.7224e+07 5.4448e+05
0.454 2.0609e+07 4.1218e+05
0.455 2.324e+07 4.6481e+05
0.456 2.0457e+07 4.0914e+05
0.457 2.6898e+07 5.3795e+05
0.458 2.1074e+07 4.2147e+05
0.459 2.2027e+07 4.4054e+05
0.46 1.1813e+07 2.3625e+05
0.461 1.0177e+07 2.0354e+05
0.462 1.1341e+07 2.2682e+05
0.463 2.4524e+07 4.9047e+05
0.464 2.8205e+07 5.641e+05
0.465 2.8495e+07 5.6989e+05
0.466 2.0221e+07 4.0442e+05
0.467 1.3424e+07 2.6847e+05
0.468 2.1343e+07 4.2685e+05
0.469 2.1603e+07 4.3207e+05
0.47 1.5092e+07 3.0184e+05
0.471 2.5544e+07 5.1088e+05
0.472 1.6753e+07 3.3507e+05
0.473 3.2546e+07 6.5092e+05
0.474 2.1255e+07 4.251e+05
0.475 2.2889e+07 4.5779e+05
0.476 2.3581e+07 4.7162e+05
0.477 2.8211e+07 5.6422e+05
0.478 1.1252e+07 2.2505e+05
0.479 1.62e+07 3.24e+05
0.48 2.1388e+07 4.2776e+05
0.481 1.9128e+07 3.8257e+05
0.482 1.5194e+07 3.0388e+05
0.483 2.305e+07 4.61e+05
0.484 9.209e+06 1.8418e+05
0.485 1.6458e+07 3.2916e+05
0.486 1.7137e+07 3.4275e+05
0.487 2.241e+07 4.482e+05
0.488 2.1801e+07 4.3601e+05
0.489 1.8392e+07 3.6785e+05
0.49 1.0776e+07 2.1552e+05
0.491 2.0026e+07 4.0052e+05
0.492 1.7986e+07 3.5972e+05
0.493 1.4331e+07 2.8663e+05
0.494 1.6697e+07 3.3395e+05
0.495 1.8432e+07 3.6864e+05
0.496 2.3801e+07 4.7601e+05
0.497 2.112e+07 4.2241e+05
0.498 1.95e+07 3.9e+05
0.499 2.9625e+07 5.9251e+05
0.5 2.2447e+07 4.4894e+05
