0.001 2.4512e+10 4.9023e+08
0.002 2.3524e+10 4.7047e+08
0.003 2.2345e+10 4.4691e+08
0.004 2.3325e+10 4.665e+08
0.005 2.3855e+10 4.771e+08
0.006 2.3404e+10 4.6809e+08
0.007 2.4404e+10 4.8808e+08
0.008 2.3145e+10 4.6289e+08
0.009 2.3675e+10 4.7351e+08
0.01 2.3571e+10 4.7142e+08
0.011 2.3723e+10 4.7446e+08
0.012 2.4142e+10 4.8284e+08
0.013 2.3366e+10 4.6732e+08
0.014 2.2727e+10 4.5455e+08
0.015 2.2608e+10 4.5216e+08
0.016 2.3054e+10 4.6108e+08
0.017 2.2635e+10 4.527e+08
0.018 2.2812e+10 4.5625e+08
0.019 2.2493e+10 4.4986e+08
0.02 2.2585e+10 4.517e+08
0.021 2.2516e+10 4.5032e+08
0.022 2.1892e+10 4.3784e+08
0.023 2.2188e+10 4.4375e+08
0.024 2.1941e+10 4.3881e+08
0.025 2.1489e+10 4.2978e+08
0.026 2.2042e+10 4.4085e+08
0.027 2.1361e+10 4.2723e+08
0.028 2.1552e+10 4.3105e+08
0.029 2.0842e+10 4.1684e+08
0.03 2.1125e+10 4.225e+08
0.031 2.0641e+10 4.1282e+08
0.032 2.0452e+10 4.0903e+08
0.033 2.0286e+10 4.0572e+08
0.034 2.0082e+10 4.0164e+08
0.035 2.006e+10 4.0119e+08
0.036 2.0085e+10 4.0169e+08
0.037 1.9974e+10 3.9948e+08
0.038 1.909e+10 3.818e+08
0.039 1.9157e+10 3.8314e+08
0.04 1.9091e+10 3.8182e+08
0.041 1.883e+10 3.7659e+08
0.042 1.9168e+10 3.8336e+08
0.043 1.8094e+10 3.6188e+08
0.044 1.8242e+10 3.6484e+08
0.045 1.8103e+10 3.6206e+08
0.046 1.7719e+10 3.5439e+08
0.047 1.7349e+10 3.4698e+08
0.048 1.7415e+10 3.4831e+08
0.049 1.7119e+10 3.4239e+08
0.05 1.7028e+10 3.4056e+08
0.051 1.6552e+10 3.3105e+08
0.052 1.6272e+10 3.2544e+08
0.053 1.5998e+10 3.1996e+08
0.054 1.5919e+10 3.1839e+08
0.055 1.5453e+10 3.0907e+08
0.056 1.5397e+10 3.0794e+08
0.057 1.5118e+10 3.0237e+08
0.058 1.4858e+10 2.9717e+08
0.059 1.445e+10 2.89e+08
0.06 1.4317e+10 2.8634e+08
0.061 1.4054e+10 2.8107e+08
0.062 1.3553e+10 2.7106e+08
0.063 1.3888e+10 2.7775e+08
0.064 1.3491e+10 2.6982e+08
0.065 1.3009e+10 2.6019e+08
0.066 1.2821e+10 2.5642e+08
0.067 1.2556e+10 2.5112e+08
0.068 1.2643e+10 2.5286e+08
0.069 1.2126e+10 2.4251e+08
0.07 1.1748e+10 2.3496e+08
0.071 1.1651e+10 2.3303e+08
0.072 1.1491e+10 2.2981e+08
0.073 1.1386e+10 2.2772e+08
0.074 1.0926e+10 2.1851e+08
0.075 1.0842e+10 2.1685e+08
0.076 1.0489e+10 2.0979e+08
0.077 1.0129e+10 2.0258e+08
0.078 1.0072e+10 2.0144e+08
0.079 9.8461e+09 1.9692e+08
0.08 9.3321e+09 1.8664e+08
0.081 9.5493e+09 1.9099e+08
0.082 9.1049e+09 1.821e+08
0.083 9.0346e+09 1.8069e+08
0.084 8.5663e+09 1.7133e+08
0.085 8.4999e+09 1.7e+08
0.086 8.2087e+09 1.6417e+08
0.087 8.0624e+09 1.6125e+08
0.088 7.9569e+09 1.5914e+08
0.089 7.6331e+09 1.5266e+08
0.09 7.4331e+09 1.4866e+08
0.091 7.2765e+09 1.4553e+08
0.092 6.9809e+09 1.3962e+08
0.093 6.9487e+09 1.3897e+08
0.094 6.7061e+09 1.3412e+08
0.095 6.4781e+09 1.2956e+08
0.096 6.4545e+09 1.2909e+08
0.097 6.1459e+09 1.2292e+08
0.098 6.0804e+09 1.2161e+08
0.099 5.959e+09 1.1918e+08
0.1 5.6642e+09 1.1328e+08
0.101 5.5361e+09 1.1072e+08
0.102 5.2944e+09 1.0589e+08
0.103 5.1327e+09 1.0265e+08
0.104 5.1189e+09 1.0238e+08
0.105 4.9647e+09 9.9293e+07
0.106 4.6694e+09 9.3388e+07
0.107 4.5254e+09 9.0508e+07
0.108 4.5259e+09 9.0519e+07
0.109 4.2874e+09 8.5748e+07
0.11 4.1845e+09 8.369e+07
0.111 4.0905e+09 8.1811e+07
0.112 3.9831e+09 7.9661e+07
0.113 3.8669e+09 7.7338e+07
0.114 3.6432e+09 7.2864e+07
0.115 3.5272e+09 7.0545e+07
0.116 3.4709e+09 6.9418e+07
0.117 3.3563e+09 6.7126e+07
0.118 3.2387e+09 6.4774e+07
0.119 3.1184e+09 6.2367e+07
0.12 3.0413e+09 6.0826e+07
0.121 3.0008e+09 6.0015e+07
0.122 2.7357e+09 5.4714e+07
0.123 2.6915e+09 5.3831e+07
0.124 2.6051e+09 5.2103e+07
0.125 2.5444e+09 5.0888e+07
0.126 2.4722e+09 4.9444e+07
0.127 2.3606e+09 4.7212e+07
0.128 2.4255e+09 4.851e+07
0.129 2.2532e+09 4.5064e+07
0.13 2.1601e+09 4.3203e+07
0.131 2.1377e+09 4.2753e+07
0.132 2.0882e+09 4.1764e+07
0.133 1.9218e+09 3.8435e+07
0.134 1.9235e+09 3.847e+07
0.135 1.845e+09 3.6901e+07
0.136 1.8182e+09 3.6364e+07
0.137 1.7636e+09 3.5271e+07
0.138 1.5983e+09 3.1966e+07
0.139 1.6306e+09 3.2611e+07
0.14 1.5516e+09 3.1033e+07
0.141 1.5112e+09 3.0223e+07
0.142 1.4796e+09 2.9592e+07
0.143 1.4486e+09 2.8972e+07
0.144 1.2743e+09 2.5485e+07
0.145 1.3965e+09 2.7929e+07
0.146 1.3482e+09 2.6964e+07
0.147 1.2855e+09 2.571e+07
0.148 1.1838e+09 2.3676e+07
0.149 1.1539e+09 2.3077e+07
0.15 1.1296e+09 2.2591e+07
0.151 1.058e+09 2.1159e+07
0.152 1.0768e+09 2.1536e+07
0.153 1.0234e+09 2.0468e+07
0.154 9.7065e+08 1.9413e+07
0.155 9.8544e+08 1.9709e+07
0.156 9.4388e+08 1.8878e+07
0.157 9.3518e+08 1.8704e+07
0.158 9.0792e+08 1.8158e+07
0.159 8.6492e+08 1.7298e+07
0.16 8.5604e+08 1.7121e+07
0.161 8.0939e+08 1.6188e+07
0.162 8.1277e+08 1.6255e+07
0.163 7.2922e+08 1.4584e+07
0.164 6.8023e+08 1.3605e+07
0.165 7.8854e+08 1.5771e+07
0.166 6.5239e+08 1.3048e+07
0.167 6.666e+08 1.3332e+07
0.168 6.9696e+08 1.3939e+07
0.169 6.9479e+08 1.3896e+07
0.17 6.6466e+08 1.3293e+07
0.171 6.3279e+08 1.2656e+07
0.172 5.968e+08 1.1936e+07
0.173 6.0532e+08 1.2106e+07
0.174 5.4996e+08 1.0999e+07
0.175 6.4591e+08 1.2918e+07
0.176 5.5836e+08 1.1167e+07
0.177 5.8556e+08 1.1711e+07
0.178 5.748e+08 1.1496e+07
0.179 5.5661e+08 1.1132e+07
0.18 5.6528e+08 1.1306e+07
0.181 4.9353e+08 9.8706e+06
0.182 5.1387e+08 1.0277e+07
0.183 4.8525e+08 9.705e+06
0.184 4.8879e+08 9.7758e+06
0.185 3.7172e+08 7.4344e+06
0.186 5.1598e+08 1.032e+07
0.187 4.6554e+08 9.3107e+06
0.188 4.9788e+08 9.9576e+06
0.189 4.2972e+08 8.5944e+06
0.19 4.2577e+08 8.5155e+06
0.191 4.0754e+08 8.1508e+06
0.192 3.7505e+08 7.5009e+06
0.193 4.7136e+08 9.4272e+06
0.194 3.7607e+08 7.5213e+06
0.195 4.0629e+08 8.1259e+06
0.196 3.5378e+08 7.0756e+06
0.197 4.2384e+08 8.4769e+06
0.198 3.7031e+08 7.4062e+06
0.199 3.9622e+08 7.9245e+06
0.2 3.631e+08 7.2619e+06
0.201 3.7542e+08 7.5085e+06
0.202 4.191e+08 8.3819e+06
0.203 3.8144e+08 7.6287e+06
0.204 3.7143e+08 7.4285e+06
0.205 3.276e+08 6.552e+06
0.206 3.0696e+08 6.1391e+06
0.207 3.0285e+08 6.0569e+06
0.208 3.4148e+08 6.8296e+06
0.209 2.5901e+08 5.1801e+06
0.21 2.7597e+08 5.5193e+06
0.211 2.923e+08 5.8459e+06
0.212 3.2066e+08 6.4132e+06
0.213 3.3597e+08 6.7194e+06
0.214 3.2127e+08 6.4254e+06
0.215 2.74e+08 5.48e+06
0.216 2.8309e+08 5.6617e+06
0.217 2.9269e+08 5.8539e+06
0.218 2.5394e+08 5.0787e+06
0.219 2.7489e+08 5.4978e+06
0.22 2.231e+08 4.4621e+06
0.221 2.6583e+08 5.3166e+06
0.222 2.0568e+08 4.1135e+06
0.223 2.0926e+08 4.1851e+06
0.224 2.4671e+08 4.9342e+06
0.225 2.419e+08 4.8381e+06
0.226 1.9785e+08 3.957e+06
0.227 2.1326e+08 4.2653e+06
0.228 2.4559e+08 4.9118e+06
0.229 2.3623e+08 4.7247e+06
0.23 2.295e+08 4.59e+06
0.231 2.0935e+08 4.1871e+06
0.232 1.976e+08 3.952e+06
0.233 1.9364e+08 3.8729e+06
0.234 2.0707e+08 4.1415e+06
0.235 2.0102e+08 4.0204e+06
0.236 1.9377e+08 3.8754e+06
0.237 2.1364e+08 4.2728e+06
0.238 1.9126e+08 3.8253e+06
0.239 2.1044e+08 4.2087e+06
0.24 2.0864e+08 4.1728e+06
0.241 2.2166e+08 4.4332e+06
0.242 1.7706e+08 3.5413e+06
0.243 1.6837e+08 3.3674e+06
0.244 1.5842e+08 3.1684e+06
0.245 1.5042e+08 3.0084e+06
0.246 1.5829e+08 3.1659e+06
0.247 1.6253e+08 3.2507e+06
0.248 1.5222e+08 3.0444e+06
0.249 1.9267e+08 3.8535e+06
0.25 1.6464e+08 3.2929e+06
0.251 1.8758e+08 3.7515e+06
0.252 1.7701e+08 3.5401e+06
0.253 2.1746e+08 4.3491e+06
0.254 1.4921e+08 2.9841e+06
0.255 1.5744e+08 3.1488e+06
0.256 1.8391e+08 3.6781e+06
0.257 8.2124e+07 1.6425e+06
0.258 1.5685e+08 3.137e+06
0.259 1.5369e+08 3.0738e+06
0.26 1.2832e+08 2.5664e+06
0.261 1.2312e+08 2.4624e+06
0.262 1.3017e+08 2.6034e+06
0.263 1.5433e+08 3.0866e+06
0.264 1.7568e+08 3.5136e+06
0.265 1.4474e+08 2.8947e+06
0.266 1.2794e+08 2.5587e+06
0.267 1.2368e+08 2.4737e+06
0.268 1.1044e+08 2.2089e+06
0.269 9.0644e+07 1.8129e+06
0.27 1.2762e+08 2.5523e+06
0.271 1.5206e+08 3.0412e+06
0.272 7.5042e+07 1.5008e+06
0.273 1.0077e+08 2.0154e+06
0.274 1.0843e+08 2.1686e+06
0.275 1.7887e+08 3.5775e+06
0.276 1.1043e+08 2.2087e+06
0.277 1.5264e+08 3.0527e+06
0.278 1.6792e+08 3.3583e+06
0.279 1.0651e+08 2.1303e+06
0.28 1.1167e+08 2.2333e+06
0.281 9.3504e+07 1.8701e+06
0.282 8.6327e+07 1.7265e+06
0.283 1.2692e+08 2.5384e+06
0.284 1.0586e+08 2.1171e+06
0.285 1.4199e+08 2.8399e+06
0.286 1.3136e+08 2.6272e+06
0.287 1.9871e+08 3.9742e+06
0.288 1.2042e+08 2.4085e+06
0.289 1.0797e+08 2.1594e+06
0.29 1.1127e+08 2.2254e+06
0.291 1.4982e+08 2.9964e+06
0.292 1.4095e+08 2.819e+06
0.293 6.893e+07 1.3786e+06
0.294 1.1251e+08 2.2501e+06
0.295 1.7701e+08 3.5402e+06
0.296 1.3798e+08 2.7596e+06
0.297 1.2727e+08 2.5453e+06
0.298 1.3501e+08 2.7002e+06
0.299 1.4689e+08 2.9378e+06
0.3 1.1416e+08 2.2831e+06
0.301 1.2e+08 2.4001e+06
0.302 1.581e+08 3.1619e+06
0.303 1.7714e+08 3.5428e+06
0.304 8.4104e+07 1.6821e+06
0.305 1.0823e+08 2.1647e+06
0.306 1.1795e+08 2.359e+06
0.307 1.275e+08 2.5499e+06
0.308 1.3526e+08 2.7052e+06
0.309 1.4467e+08 2.8934e+06
0.31 1.2188e+08 2.4376e+06
0.311 1.8393e+08 3.6786e+06
0.312 1.3677e+08 2.7354e+06
0.313 1.206e+08 2.4121e+06
0.314 9.9455e+07 1.9891e+06
0.315 1.2027e+08 2.4054e+06
0.316 8.0891e+07 1.6178e+06
0.317 1.3398e+08 2.6796e+06
0.318 1.437e+08 2.874e+06
0.319 1.1908e+08 2.3816e+06
0.32 1.4781e+08 2.9563e+06
0.321 1.3208e+08 2.6417e+06
0.322 1.0189e+08 2.0377e+06
0.323 1.4236e+08 2.8471e+06
0.324 1.3253e+08 2.6505e+06
0.325 1.3275e+08 2.655e+06
0.326 1.1528e+08 2.3057e+06
0.327 9.8814e+07 1.9763e+06
0.328 1.7288e+08 3.4576e+06
0.329 1.1215e+08 2.2429e+06
0.33 1.3145e+08 2.629e+06
0.331 1.302e+08 2.6039e+06
0.332 9.9503e+07 1.9901e+06
0.333 1.3994e+08 2.7988e+06
0.334 8.2848e+07 1.657e+06
0.335 7.2429e+07 1.4486e+06
0.336 1.4984e+08 2.9968e+06
0.337 9.5755e+07 1.9151e+06
0.338 9.8334e+07 1.9667e+06
0.339 1.244e+08 2.488e+06
0.34 1.0763e+08 2.1526e+06
0.341 1.0893e+08 2.1785e+06
0.342 1.1999e+08 2.3998e+06
0.343 8.5547e+07 1.7109e+06
0.344 1.0535e+08 2.107e+06
0.345 1.1672e+08 2.3344e+06
0.346 1.3427e+08 2.6855e+06
0.347 6.2979e+07 1.2596e+06
0.348 7.8624e+07 1.5725e+06
0.349 1.4168e+08 2.8335e+06
0.35 1.6663e+08 3.3327e+06
0.351 1.059e+08 2.118e+06
0.352 1.0348e+08 2.0697e+06
0.353 6.5164e+07 1.3033e+06
0.354 5.5401e+07 1.108e+06
0.355 1.4597e+08 2.9193e+06
0.356 1.2052e+08 2.4103e+06
0.357 9.1303e+07 1.8261e+06
0.358 8.4672e+07 1.6934e+06
0.359 1.1857e+08 2.3715e+06
0.36 4.3359e+07 8.6718e+05
0.361 1.0513e+08 2.1025e+06
0.362 8.7533e+07 1.7507e+06
0.363 1.1142e+08 2.2285e+06
0.364 1.2855e+08 2.571e+06
0.365 1.0274e+08 2.0548e+06
0.366 9.5393e+07 1.9079e+06
0.367 1.0716e+08 2.1433e+06
0.368 1.3766e+08 2.7532e+06
0.369 5.471e+07 1.0942e+06
0.37 8.9805e+07 1.7961e+06
0.371 1.1206e+08 2.2411e+06
0.372 8.213e+07 1.6426e+06
0.373 6.5043e+07 1.3009e+06
0.374 1.401e+08 2.802e+06
0.375 1.2341e+08 2.4682e+06
0.376 5.8723e+07 1.1745e+06
0.377 1.1261e+08 2.2523e+06
0.378 7.9318e+07 1.5864e+06
0.379 1.113e+08 2.226e+06
0.38 9.7621e+07 1.9524e+06
0.381 1.0473e+08 2.0946e+06
0.382 7.3966e+07 1.4793e+06
0.383 9.0255e+07 1.8051e+06
0.384 1.2552e+08 2.5103e+06
0.385 7.2142e+07 1.4428e+06
0.386 6.9971e+07 1.3994e+06
0.387 1.0129e+08 2.0258e+06
0.388 9.4981e+07 1.8996e+06
0.389 4.0528e+07 8.1056e+05
0.39 6.1088e+07 1.2218e+06
0.391 9.0648e+07 1.813e+06
0.392 1.0849e+08 2.1698e+06
0.393 1.6447e+08 3.2894e+06
0.394 7.2652e+07 1.453e+06
0.395 8.9466e+07 1.7893e+06
0.396 1.3173e+08 2.6346e+06
0.397 1.0568e+08 2.1136e+06
0.398 9.8252e+07 1.965e+06
0.399 7.7175e+07 1.5435e+06
0.4 9.1622e+07 1.8324e+06
0.401 1.3445e+08 2.689e+06
0.402 9.7475e+07 1.9495e+06
0.403 1.3284e+08 2.6569e+06
0.404 9.3545e+07 1.8709e+06
0.405 6.5748e+07 1.315e+06
0.406 1.1079e+08 2.2158e+06
0.407 2.6727e+07 5.3454e+05
0.408 5.3283e+07 1.0657e+06
0.409 1.0335e+08 2.0669e+06
0.41 6.6315e+07 1.3263e+06
0.411 1.0061e+08 2.0122e+06
0.412 8.0596e+07 1.6119e+06
0.413 1.3966e+08 2.7931e+06
0.414 1.2662e+08 2.5324e+06
0.415 1.1253e+08 2.2506e+06
0.416 9.0183e+07 1.8037e+06
0.417 1.0736e+08 2.1473e+06
0.418 9.9111e+07 1.9822e+06
0.419 3.5979e+07 7.1958e+05
0.42 9.1483e+07 1.8297e+06
0.421 9.247e+07 1.8494e+06
0.422 9.038e+07 1.8076e+06
0.423 1.1337e+08 2.2675e+06
0.424 9.9335e+07 1.9867e+06
0.425 7.7943e+07 1.5589e+06
0.426 5.9865e+07 1.1973e+06
0.427 7.6159e+07 1.5232e+06
0.428 8.0771e+07 1.6154e+06
0.429 5.1318e+07 1.0264e+06
0.43 1.0451e+08 2.0903e+06
0.431 6.4711e+07 1.2942e+06
0.432 8.0015e+07 1.6003e+06
0.433 7.9804e+07 1.5961e+06
0.434 9.2703e+07 1.8541e+06
0.435 1.3652e+08 2.7305e+06
0.436 1.0862e+08 2.1723e+06
0.437 5.0519e+07 1.0104e+06
0.438 9.7829e+07 1.9566e+06
0.439 8.9368e+07 1.7874e+06
0.44 8.1504e+07 1.6301e+06
0.441 9.8236e+07 1.9647e+06
0.442 5.6981e+07 1.1396e+06
0.443 8.8789e+07 1.7758e+06
0.444 9.1901e+07 1.838e+06
0.445 9.8587e+07 1.9717e+06
0.446 9.3317e+07 1.8663e+06
0.447 7.4065e+07 1.4813e+06
0.448 1.1375e+08 2.2751e+06
0.449 1.1181e+08 2.2363e+06
0.45 8.0516e+07 1.6103e+06
0.451 6.0712e+07 1.2142e+06
0.452 6.9603e+07 1.3921e+06
0.453 9.3948e+07 1.879e+06
0.454 1.0099e+08 2.0198e+06
0.455 1.1679e+08 2.3359e+06
0.456 9.5629e+07 1.9126e+06
0.457 7.7181e+07 1.5436e+06
0.458 7.4289e+07 1.4858e+06
0.459 5.4963e+07 1.0993e+06
0.46 8.2715e+07 1.6543e+06
0.461 6.9382e+07 1.3876e+06
0.462 1.1006e+08 2.2013e+06
0.463 3.6616e+07 7.3232e+05
0.464 1.1679e+08 2.3357e+06
0.465 8.7988e+07 1.7598e+06
0.466 7.1855e+07 1.4371e+06
0.467 7.2994e+07 1.4599e+06
0.468 1.1327e+08 2.2655e+06
0.469 8.1767e+07 1.6353e+06
0.47 1.151e+08 2.302e+06
0.471 4.4612e+07 8.9224e+05
0.472 1.0943e+08 2.1885e+06
0.473 1.045e+08 2.0899e+06
0.474 8.291e+07 1.6582e+06
0.475 1.1909e+08 2.3819e+06
0.476 1.031e+08 2.062e+06
0.477 9.3055e+07 1.8611e+06
0.478 8.6079e+07 1.7216e+06
0.479 1.1008e+08 2.2017e+06
0.48 1.0885e+08 2.177e+06
0.481 1.0268e+08 2.0537e+06
0.482 1.126e+08 2.252e+06
0.483 7.7921e+07 1.5584e+06
0.484 7.0083e+07 1.4017e+06
0.485 9.6545e+07 1.9309e+06
0.486 9.3904e+07 1.8781e+06
0.487 5.1975e+07 1.0395e+06
0.488 9.3198e+07 1.864e+06
0.489 5.562e+07 1.1124e+06
0.49 9.0076e+07 1.8015e+06
0.491 1.6049e+08 3.2097e+06
0.492 7.0599e+07 1.412e+06
0.493 7.5602e+07 1.512e+06
0.494 7.4952e+07 1.499e+06
0.495 9.0229e+07 1.8046e+06
0.496 8.0373e+07 1.6075e+06
0.497 1.0164e+08 2.0328e+06
0.498 9.4758e+07 1.8952e+06
0.499 9.1625e+07 1.8325e+06
0.5 7.7985e+07 1.5597e+06
