0.001 1.6225e+10 3.245e+08
0.002 1.7066e+10 3.4132e+08
0.003 1.6281e+10 3.2562e+08
0.004 1.6442e+10 3.2885e+08
0.005 1.6341e+10 3.2681e+08
0.006 1.6263e+10 3.2527e+08
0.007 1.5803e+10 3.1606e+08
0.008 1.624e+10 3.248e+08
0.009 1.6947e+10 3.3894e+08
0.01 1.6259e+10 3.2518e+08
0.011 1.6495e+10 3.2989e+08
0.012 1.623e+10 3.2461e+08
0.013 1.6085e+10 3.2171e+08
0.014 1.5825e+10 3.165e+08
0.015 1.566e+10 3.1319e+08
0.016 1.6042e+10 3.2084e+08
0.017 1.5826e+10 3.1652e+08
0.018 1.5866e+10 3.1731e+08
0.019 1.5333e+10 3.0666e+08
0.02 1.5373e+10 3.0746e+08
0.021 1.5405e+10 3.081e+08
0.022 1.5158e+10 3.0315e+08
0.023 1.5221e+10 3.0442e+08
0.024 1.5101e+10 3.0201e+08
0.025 1.513e+10 3.026e+08
0.026 1.4565e+10 2.913e+08
0.027 1.4339e+10 2.8678e+08
0.028 1.4392e+10 2.8784e+08
0.029 1.4105e+10 2.8211e+08
0.03 1.4099e+10 2.8197e+08
0.031 1.3929e+10 2.7858e+08
0.032 1.3857e+10 2.7714e+08
0.033 1.4037e+10 2.8074e+08
0.034 1.3308e+10 2.6615e+08
0.035 1.3469e+10 2.6939e+08
0.036 1.3261e+10 2.6523e+08
0.037 1.3182e+10 2.6364e+08
0.038 1.2949e+10 2.5897e+08
0.039 1.3032e+10 2.6065e+08
0.04 1.273e+10 2.5459e+08
0.041 1.2502e+10 2.5005e+08
0.042 1.2414e+10 2.4829e+08
0.043 1.2137e+10 2.4274e+08
0.044 1.1699e+10 2.3399e+08
0.045 1.1925e+10 2.3849e+08
0.046 1.1702e+10 2.3405e+08
0.047 1.1465e+10 2.293e+08
0.048 1.1416e+10 2.2832e+08
0.049 1.0989e+10 2.1978e+08
0.05 1.1061e+10 2.2121e+08
0.051 1.0849e+10 2.1699e+08
0.052 1.0671e+10 2.1342e+08
0.053 1.0449e+10 2.0898e+08
0.054 1.044e+10 2.0881e+08
0.055 1.0052e+10 2.0104e+08
0.056 9.7432e+09 1.9486e+08
0.057 9.8137e+09 1.9627e+08
0.058 9.6696e+09 1.9339e+08
0.059 9.2663e+09 1.8533e+08
0.06 9.0431e+09 1.8086e+08
0.061 8.9033e+09 1.7807e+08
0.062 8.7652e+09 1.753e+08
0.063 8.7779e+09 1.7556e+08
0.064 8.521e+09 1.7042e+08
0.065 8.2877e+09 1.6575e+08
0.066 8.0675e+09 1.6135e+08
0.067 8.0213e+09 1.6043e+08
0.068 7.6844e+09 1.5369e+08
0.069 7.6129e+09 1.5226e+08
0.07 7.3599e+09 1.472e+08
0.071 7.2319e+09 1.4464e+08
0.072 7.0306e+09 1.4061e+08
0.073 7.0595e+09 1.4119e+08
0.074 6.7646e+09 1.3529e+08
0.075 6.6596e+09 1.3319e+08
0.076 6.4433e+09 1.2887e+08
0.077 6.3449e+09 1.269e+08
0.078 6.1598e+09 1.232e+08
0.079 5.9677e+09 1.1935e+08
0.08 5.9622e+09 1.1924e+08
0.081 5.6885e+09 1.1377e+08
0.082 5.526e+09 1.1052e+08
0.083 5.2845e+09 1.0569e+08
0.084 5.2842e+09 1.0568e+08
0.085 5.1161e+09 1.0232e+08
0.086 4.9951e+09 9.9902e+07
0.087 4.8584e+09 9.7167e+07
0.088 4.7911e+09 9.5822e+07
0.089 4.5854e+09 9.1709e+07
0.09 4.4572e+09 8.9144e+07
0.091 4.3006e+09 8.6013e+07
0.092 4.1662e+09 8.3324e+07
0.093 4.0629e+09 8.1259e+07
0.094 3.9724e+09 7.9449e+07
0.095 3.8524e+09 7.7048e+07
0.096 3.7636e+09 7.5271e+07
0.097 3.5987e+09 7.1973e+07
0.098 3.5711e+09 7.1423e+07
0.099 3.3735e+09 6.747e+07
0.1 3.2828e+09 6.5656e+07
0.101 3.2166e+09 6.4331e+07
0.102 3.1197e+09 6.2395e+07
0.103 3.0273e+09 6.0546e+07
0.104 2.8901e+09 5.7803e+07
0.105 2.8478e+09 5.6955e+07
0.106 2.7251e+09 5.4503e+07
0.107 2.6536e+09 5.3072e+07
0.108 2.5282e+09 5.0565e+07
0.109 2.3787e+09 4.7575e+07
0.11 2.3881e+09 4.7762e+07
0.111 2.2873e+09 4.5747e+07
0.112 2.24e+09 4.4801e+07
0.113 2.1873e+09 4.3745e+07
0.114 2.0188e+09 4.0375e+07
0.115 2.0064e+09 4.0128e+07
0.116 1.9706e+09 3.9412e+07
0.117 1.8696e+09 3.7391e+07
0.118 1.7754e+09 3.5507e+07
0.119 1.7839e+09 3.5678e+07
0.12 1.692e+09 3.3839e+07
0.121 1.5951e+09 3.1902e+07
0.122 1.5216e+09 3.0432e+07
0.123 1.5153e+09 3.0305e+07
0.124 1.4774e+09 2.9548e+07
0.125 1.4422e+09 2.8844e+07
0.126 1.4451e+09 2.8902e+07
0.127 1.319e+09 2.638e+07
0.128 1.2834e+09 2.5668e+07
0.129 1.2126e+09 2.4252e+07
0.13 1.1607e+09 2.3214e+07
0.131 1.1892e+09 2.3783e+07
0.132 1.0825e+09 2.1651e+07
0.133 1.0705e+09 2.1411e+07
0.134 1.0569e+09 2.1138e+07
0.135 9.6936e+08 1.9387e+07
0.136 9.5666e+08 1.9133e+07
0.137 9.3862e+08 1.8772e+07
0.138 9.1918e+08 1.8384e+07
0.139 8.5072e+08 1.7014e+07
0.14 7.9804e+08 1.5961e+07
0.141 8.1903e+08 1.6381e+07
0.142 7.7391e+08 1.5478e+07
0.143 7.6277e+08 1.5255e+07
0.144 7.3724e+08 1.4745e+07
0.145 7.3241e+08 1.4648e+07
0.146 6.7814e+08 1.3563e+07
0.147 6.6597e+08 1.3319e+07
0.148 6.2347e+08 1.2469e+07
0.149 6.4291e+08 1.2858e+07
0.15 5.9797e+08 1.1959e+07
0.151 5.6777e+08 1.1355e+07
0.152 5.3513e+08 1.0703e+07
0.153 5.5804e+08 1.1161e+07
0.154 5.577e+08 1.1154e+07
0.155 5.2193e+08 1.0439e+07
0.156 5.0088e+08 1.0018e+07
0.157 4.4716e+08 8.9433e+06
0.158 4.6137e+08 9.2273e+06
0.159 5.0791e+08 1.0158e+07
0.16 4.1325e+08 8.265e+06
0.161 4.3396e+08 8.6792e+06
0.162 4.1451e+08 8.2902e+06
0.163 3.8595e+08 7.719e+06
0.164 3.7534e+08 7.5067e+06
0.165 4.1205e+08 8.2411e+06
0.166 3.703e+08 7.4061e+06
0.167 4.1485e+08 8.2969e+06
0.168 3.6346e+08 7.2692e+06
0.169 3.4955e+08 6.9909e+06
0.17 3.1412e+08 6.2824e+06
0.171 3.3923e+08 6.7846e+06
0.172 2.9901e+08 5.9803e+06
0.173 2.6533e+08 5.3066e+06
0.174 2.6258e+08 5.2517e+06
0.175 3.006e+08 6.0119e+06
0.176 2.3986e+08 4.7973e+06
0.177 2.6018e+08 5.2036e+06
0.178 2.3743e+08 4.7485e+06
0.179 2.6175e+08 5.235e+06
0.18 2.2697e+08 4.5393e+06
0.181 2.3682e+08 4.7363e+06
0.182 2.7671e+08 5.5341e+06
0.183 2.1154e+08 4.2307e+06
0.184 2.2184e+08 4.4368e+06
0.185 2.065e+08 4.13e+06
0.186 2.1871e+08 4.3743e+06
0.187 1.9543e+08 3.9085e+06
0.188 2.1298e+08 4.2596e+06
0.189 2.0742e+08 4.1484e+06
0.19 2.1876e+08 4.3751e+06
0.191 1.7939e+08 3.5879e+06
0.192 2.0866e+08 4.1733e+06
0.193 1.7401e+08 3.4801e+06
0.194 2.0302e+08 4.0605e+06
0.195 1.8126e+08 3.6251e+06
0.196 1.9242e+08 3.8483e+06
0.197 1.5948e+08 3.1896e+06
0.198 1.5226e+08 3.0453e+06
0.199 1.572e+08 3.144e+06
0.2 1.9425e+08 3.8849e+06
0.201 1.4552e+08 2.9105e+06
0.202 1.7628e+08 3.5257e+06
0.203 1.4116e+08 2.8231e+06
0.204 1.2055e+08 2.4111e+06
0.205 1.3583e+08 2.7167e+06
0.206 1.7921e+08 3.5842e+06
0.207 1.5093e+08 3.0186e+06
0.208 1.4779e+08 2.9559e+06
0.209 1.455e+08 2.91e+06
0.21 1.3371e+08 2.6742e+06
0.211 1.2399e+08 2.4798e+06
0.212 1.5982e+08 3.1964e+06
0.213 1.1671e+08 2.3343e+06
0.214 1.3998e+08 2.7997e+06
0.215 1.1047e+08 2.2095e+06
0.216 1.1184e+08 2.2367e+06
0.217 1.388e+08 2.7759e+06
0.218 1.3395e+08 2.679e+06
0.219 1.5075e+08 3.015e+06
0.22 1.3828e+08 2.7655e+06
0.221 9.4496e+07 1.8899e+06
0.222 1.1533e+08 2.3066e+06
0.223 1.2182e+08 2.4364e+06
0.224 1.0267e+08 2.0533e+06
0.225 1.0768e+08 2.1535e+06
0.226 1.2523e+08 2.5046e+06
0.227 1.218e+08 2.436e+06
0.228 7.7913e+07 1.5583e+06
0.229 1.0378e+08 2.0757e+06
0.23 1.1166e+08 2.2332e+06
0.231 1.1303e+08 2.2606e+06
0.232 1.1055e+08 2.211e+06
0.233 9.819e+07 1.9638e+06
0.234 1.0166e+08 2.0332e+06
0.235 1.296e+08 2.592e+06
0.236 1.0515e+08 2.103e+06
0.237 1.1721e+08 2.3443e+06
0.238 1.084e+08 2.1679e+06
0.239 7.8931e+07 1.5786e+06
0.24 1.3042e+08 2.6084e+06
0.241 9.5396e+07 1.9079e+06
0.242 1.1482e+08 2.2965e+06
0.243 1.061e+08 2.122e+06
0.244 8.7893e+07 1.7579e+06
0.245 1.034e+08 2.0681e+06
0.246 7.3302e+07 1.466e+06
0.247 8.6472e+07 1.7294e+06
0.248 8.0665e+07 1.6133e+06
0.249 8.7855e+07 1.7571e+06
0.25 8.9855e+07 1.7971e+06
0.251 6.9484e+07 1.3897e+06
0.252 8.3299e+07 1.666e+06
0.253 1.0408e+08 2.0816e+06
0.254 7.7034e+07 1.5407e+06
0.255 8.8158e+07 1.7632e+06
0.256 9.8573e+07 1.9715e+06
0.257 9.7799e+07 1.956e+06
0.258 9.9259e+07 1.9852e+06
0.259 8.1694e+07 1.6339e+06
0.26 9.3445e+07 1.8689e+06
0.261 8.7948e+07 1.759e+06
0.262 7.301e+07 1.4602e+06
0.263 9.163e+07 1.8326e+06
0.264 8.0019e+07 1.6004e+06
0.265 9.6176e+07 1.9235e+06
0.266 6.1854e+07 1.2371e+06
0.267 8.604e+07 1.7208e+06
0.268 1.1578e+08 2.3156e+06
0.269 9.6125e+07 1.9225e+06
0.27 8.9668e+07 1.7934e+06
0.271 8.4592e+07 1.6918e+06
0.272 1.0174e+08 2.0348e+06
0.273 1.0904e+08 2.1808e+06
0.274 7.3398e+07 1.468e+06
0.275 7.4286e+07 1.4857e+06
0.276 9.273e+07 1.8546e+06
0.277 5.0629e+07 1.0126e+06
0.278 7.9523e+07 1.5905e+06
0.279 4.6517e+07 9.3033e+05
0.28 8.5719e+07 1.7144e+06
0.281 5.0093e+07 1.0019e+06
0.282 7.1057e+07 1.4211e+06
0.283 6.1807e+07 1.2361e+06
0.284 5.9724e+07 1.1945e+06
0.285 5.3832e+07 1.0766e+06
0.286 4.6699e+07 9.3398e+05
0.287 7.9781e+07 1.5956e+06
0.288 8.3943e+07 1.6789e+06
0.289 4.3079e+07 8.6158e+05
0.29 7.3622e+07 1.4724e+06
0.291 5.0517e+07 1.0103e+06
0.292 5.5159e+07 1.1032e+06
0.293 8.2213e+07 1.6443e+06
0.294 4.9016e+07 9.8033e+05
0.295 3.2936e+07 6.5872e+05
0.296 6.1868e+07 1.2374e+06
0.297 6.6477e+07 1.3295e+06
0.298 7.0352e+07 1.407e+06
0.299 7.5919e+07 1.5184e+06
0.3 7.9295e+07 1.5859e+06
0.301 9.2357e+07 1.8471e+06
0.302 5.8944e+07 1.1789e+06
0.303 5.5021e+07 1.1004e+06
0.304 7.4724e+07 1.4945e+06
0.305 6.1443e+07 1.2289e+06
0.306 5.031e+07 1.0062e+06
0.307 5.9175e+07 1.1835e+06
0.308 4.3925e+07 8.7849e+05
0.309 6.6946e+07 1.3389e+06
0.31 5.3296e+07 1.0659e+06
0.311 6.6361e+07 1.3272e+06
0.312 4.2028e+07 8.4055e+05
0.313 3.5534e+07 7.1068e+05
0.314 7.5971e+07 1.5194e+06
0.315 5.2833e+07 1.0567e+06
0.316 5.6036e+07 1.1207e+06
0.317 4.7157e+07 9.4314e+05
0.318 5.9862e+07 1.1972e+06
0.319 6.2128e+07 1.2426e+06
0.32 6.5271e+07 1.3054e+06
0.321 3.1037e+07 6.2074e+05
0.322 5.3646e+07 1.0729e+06
0.323 7.0229e+07 1.4046e+06
0.324 4.4724e+07 8.9448e+05
0.325 4.4055e+07 8.811e+05
0.326 2.5262e+07 5.0525e+05
0.327 4.4191e+07 8.8382e+05
0.328 6.7661e+07 1.3532e+06
0.329 2.882e+07 5.7641e+05
0.33 4.877e+07 9.754e+05
0.331 3.4525e+07 6.905e+05
0.332 4.9662e+07 9.9325e+05
0.333 6.4465e+07 1.2893e+06
0.334 5.5023e+07 1.1005e+06
0.335 7.025e+07 1.405e+06
0.336 3.3619e+07 6.7238e+05
0.337 5.0027e+07 1.0005e+06
0.338 3.4745e+07 6.949e+05
0.339 5.2773e+07 1.0555e+06
0.34 5.0172e+07 1.0034e+06
0.341 4.4922e+07 8.9844e+05
0.342 5.3279e+07 1.0656e+06
0.343 6.141e+07 1.2282e+06
0.344 5.3962e+07 1.0792e+06
0.345 4.5371e+07 9.0742e+05
0.346 6.9551e+07 1.391e+06
0.347 1.7352e+07 3.4703e+05
0.348 4.7367e+07 9.4733e+05
0.349 3.911e+06 78220
0.35 4.1224e+07 8.2448e+05
0.351 4.4004e+07 8.8008e+05
0.352 2.6826e+07 5.3652e+05
0.353 4.1787e+07 8.3574e+05
0.354 3.9923e+07 7.9846e+05
0.355 4.5392e+07 9.0783e+05
0.356 3.8068e+07 7.6136e+05
0.357 4.617e+07 9.234e+05
0.358 5.1533e+07 1.0307e+06
0.359 4.3736e+07 8.7473e+05
0.36 3.9727e+07 7.9454e+05
0.361 5.5352e+07 1.107e+06
0.362 4.7318e+07 9.4635e+05
0.363 2.3722e+07 4.7444e+05
0.364 6.2978e+07 1.2596e+06
0.365 5.1645e+07 1.0329e+06
0.366 2.5852e+07 5.1704e+05
0.367 4.8475e+07 9.6949e+05
0.368 7.3618e+07 1.4724e+06
0.369 4.5647e+07 9.1294e+05
0.37 2.494e+07 4.9879e+05
0.371 4.798e+07 9.596e+05
0.372 2.8419e+07 5.6839e+05
0.373 4.437e+07 8.8739e+05
0.374 3.7165e+07 7.4329e+05
0.375 3.0766e+07 6.1532e+05
0.376 3.4396e+07 6.8792e+05
0.377 5.7985e+07 1.1597e+06
0.378 4.3081e+07 8.6162e+05
0.379 3.7561e+07 7.5121e+05
0.38 2.9834e+07 5.9669e+05
0.381 1.4209e+07 2.8419e+05
0.382 5.4286e+07 1.0857e+06
0.383 2.9435e+07 5.8869e+05
0.384 3.979e+07 7.958e+05
0.385 3.2927e+07 6.5855e+05
0.386 1.1645e+07 2.3291e+05
0.387 4.351e+07 8.7019e+05
0.388 3.6037e+07 7.2074e+05
0.389 4.2902e+07 8.5804e+05
0.39 3.6001e+07 7.2002e+05
0.391 2.3662e+07 4.7325e+05
0.392 4.7767e+07 9.5534e+05
0.393 6.8313e+07 1.3663e+06
0.394 4.6323e+07 9.2647e+05
0.395 5.6473e+07 1.1295e+06
0.396 5.8222e+07 1.1644e+06
0.397 3.4136e+07 6.8272e+05
0.398 3.5948e+07 7.1896e+05
0.399 3.2742e+07 6.5484e+05
0.4 5.069e+07 1.0138e+06
0.401 2.7386e+07 5.4773e+05
0.402 4.9836e+07 9.9672e+05
0.403 2.1267e+07 4.2534e+05
0.404 4.0065e+07 8.0131e+05
0.405 4.4391e+07 8.8783e+05
0.406 6.0479e+07 1.2096e+06
0.407 3.399e+07 6.798e+05
0.408 6.533e+07 1.3066e+06
0.409 4.732e+07 9.4639e+05
0.41 3.298e+07 6.596e+05
0.411 2.4111e+07 4.8222e+05
0.412 4.5468e+07 9.0936e+05
0.413 3.3272e+07 6.6544e+05
0.414 5.135e+07 1.027e+06
0.415 4.5692e+07 9.1384e+05
0.416 3.755e+07 7.5099e+05
0.417 2.4315e+07 4.863e+05
0.418 4.9385e+07 9.8769e+05
0.419 4.488e+07 8.976e+05
0.42 3.5033e+07 7.0066e+05
0.421 3.1371e+07 6.2741e+05
0.422 3.3112e+07 6.6225e+05
0.423 4.1024e+07 8.2049e+05
0.424 6.065e+07 1.213e+06
0.425 1.8777e+07 3.7555e+05
0.426 2.2479e+07 4.4959e+05
0.427 3.9311e+07 7.8622e+05
0.428 4.3215e+07 8.643e+05
0.429 2.017e+07 4.0341e+05
0.43 7.2852e+06 1.457e+05
0.431 2.3421e+07 4.6842e+05
0.432 4.0899e+07 8.1797e+05
0.433 4.2122e+07 8.4244e+05
0.434 2.5157e+07 5.0314e+05
0.435 2.8378e+07 5.6755e+05
0.436 3.9832e+07 7.9663e+05
0.437 5.3108e+07 1.0622e+06
0.438 1.5257e+07 3.0514e+05
0.439 3.5295e+07 7.0589e+05
0.44 6.0487e+07 1.2097e+06
0.441 4.7522e+07 9.5043e+05
0.442 5.0847e+07 1.0169e+06
0.443 5.2962e+07 1.0592e+06
0.444 7.24e+07 1.448e+06
0.445 4.0728e+07 8.1456e+05
0.446 3.5306e+07 7.0612e+05
0.447 7.6422e+07 1.5284e+06
0.448 3.4622e+07 6.9244e+05
0.449 5.035e+07 1.007e+06
0.45 3.3699e+07 6.7397e+05
0.451 3.7626e+07 7.5252e+05
0.452 5.8802e+07 1.176e+06
0.453 3.6791e+07 7.3583e+05
0.454 3.3843e+07 6.7687e+05
0.455 4.0699e+07 8.1397e+05
0.456 3.4937e+07 6.9874e+05
0.457 4.4343e+07 8.8686e+05
0.458 4.5011e+07 9.0022e+05
0.459 4.9315e+07 9.863e+05
0.46 4.783e+07 9.566e+05
0.461 4.3333e+07 8.6665e+05
0.462 4.2883e+07 8.5766e+05
0.463 5.2092e+07 1.0418e+06
0.464 3.0113e+07 6.0226e+05
0.465 4.3647e+07 8.7293e+05
0.466 1.8827e+07 3.7655e+05
0.467 4.9089e+07 9.8177e+05
0.468 2.0855e+07 4.171e+05
0.469 3.7033e+07 7.4065e+05
0.47 4.9813e+07 9.9627e+05
0.471 2.9712e+07 5.9425e+05
0.472 2.1697e+07 4.3393e+05
0.473 5.447e+07 1.0894e+06
0.474 2.1542e+07 4.3084e+05
0.475 3.9286e+07 7.8572e+05
0.476 4.5116e+07 9.0233e+05
0.477 3.7411e+07 7.4821e+05
0.478 3.7761e+07 7.5523e+05
0.479 5.9403e+07 1.1881e+06
0.48 2.2722e+07 4.5444e+05
0.481 2.7993e+07 5.5986e+05
0.482 4.9522e+07 9.9045e+05
0.483 6.3288e+07 1.2658e+06
0.484 4.5537e+07 9.1075e+05
0.485 2.1055e+07 4.211e+05
0.486 5.8617e+07 1.1723e+06
0.487 5.1359e+07 1.0272e+06
0.488 5.1856e+07 1.0371e+06
0.489 4.6902e+07 9.3805e+05
0.49 3.6836e+07 7.3672e+05
0.491 5.582e+07 1.1164e+06
0.492 3.6281e+07 7.2562e+05
0.493 5.1196e+07 1.0239e+06
0.494 4.2025e+07 8.4051e+05
0.495 5.4671e+07 1.0934e+06
0.496 5.0354e+07 1.0071e+06
0.497 4.4706e+07 8.9411e+05
0.498 2.1809e+07 4.3617e+05
0.499 4.2793e+07 8.5586e+05
0.5 4.1741e+07 8.3482e+05
