0.001 1.0087e+10 2.0175e+08
0.002 9.6073e+09 1.9215e+08
0.003 9.8361e+09 1.9672e+08
0.004 9.242e+09 1.8484e+08
0.005 9.8368e+09 1.9674e+08
0.006 9.5684e+09 1.9137e+08
0.007 9.4174e+09 1.8835e+08
0.008 9.6356e+09 1.9271e+08
0.009 9.6532e+09 1.9306e+08
0.01 9.4431e+09 1.8886e+08
0.011 9.6475e+09 1.9295e+08
0.012 9.3579e+09 1.8716e+08
0.013 9.2924e+09 1.8585e+08
0.014 9.4437e+09 1.8887e+08
0.015 9.5404e+09 1.9081e+08
0.016 9.3214e+09 1.8643e+08
0.017 9.1741e+09 1.8348e+08
0.018 9.0632e+09 1.8126e+08
0.019 9.1235e+09 1.8247e+08
0.02 9.0539e+09 1.8108e+08
0.021 9.0043e+09 1.8009e+08
0.022 8.9761e+09 1.7952e+08
0.023 8.8761e+09 1.7752e+08
0.024 8.8667e+09 1.7733e+08
0.025 8.6711e+09 1.7342e+08
0.026 8.7669e+09 1.7534e+08
0.027 8.4705e+09 1.6941e+08
0.028 8.4436e+09 1.6887e+08
0.029 8.4043e+09 1.6809e+08
0.03 8.5032e+09 1.7006e+08
0.031 8.3644e+09 1.6729e+08
0.032 7.9983e+09 1.5997e+08
0.033 8.0333e+09 1.6067e+08
0.034 7.8661e+09 1.5732e+08
0.035 7.8522e+09 1.5704e+08
0.036 7.899e+09 1.5798e+08
0.037 7.5827e+09 1.5165e+08
0.038 7.6569e+09 1.5314e+08
0.039 7.5288e+09 1.5058e+08
0.04 7.524e+09 1.5048e+08
0.041 7.308e+09 1.4616e+08
0.042 7.2054e+09 1.4411e+08
0.043 7.1682e+09 1.4336e+08
0.044 7.0594e+09 1.4119e+08
0.045 6.9145e+09 1.3829e+08
0.046 6.9276e+09 1.3855e+08
0.047 6.7426e+09 1.3485e+08
0.048 6.6368e+09 1.3274e+08
0.049 6.5348e+09 1.307e+08
0.05 6.4181e+09 1.2836e+08
0.051 6.3149e+09 1.263e+08
0.052 6.1937e+09 1.2387e+08
0.053 6.0265e+09 1.2053e+08
0.054 5.9695e+09 1.1939e+08
0.055 5.9008e+09 1.1802e+08
0.056 5.7596e+09 1.1519e+08
0.057 5.6612e+09 1.1322e+08
0.058 5.5575e+09 1.1115e+08
0.059 5.4862e+09 1.0972e+08
0.06 5.3272e+09 1.0654e+08
0.061 5.2515e+09 1.0503e+08
0.062 5.1219e+09 1.0244e+08
0.063 5.0695e+09 1.0139e+08
0.064 5.0242e+09 1.0048e+08
0.065 4.8558e+09 9.7116e+07
0.066 4.7352e+09 9.4704e+07
0.067 4.6344e+09 9.2687e+07
0.068 4.5657e+09 9.1314e+07
0.069 4.4612e+09 8.9224e+07
0.07 4.3295e+09 8.6589e+07
0.071 4.2084e+09 8.4168e+07
0.072 4.1358e+09 8.2717e+07
0.073 3.9897e+09 7.9793e+07
0.074 4.0114e+09 8.0228e+07
0.075 3.8694e+09 7.7388e+07
0.076 3.6758e+09 7.3516e+07
0.077 3.6408e+09 7.2816e+07
0.078 3.5698e+09 7.1396e+07
0.079 3.504e+09 7.008e+07
0.08 3.3717e+09 6.7434e+07
0.081 3.2981e+09 6.5962e+07
0.082 3.2487e+09 6.4974e+07
0.083 3.156e+09 6.312e+07
0.084 3.0899e+09 6.1797e+07
0.085 2.9697e+09 5.9393e+07
0.086 2.9131e+09 5.8263e+07
0.087 2.8049e+09 5.6099e+07
0.088 2.7695e+09 5.539e+07
0.089 2.6782e+09 5.3564e+07
0.09 2.6343e+09 5.2686e+07
0.091 2.6049e+09 5.2097e+07
0.092 2.4954e+09 4.9907e+07
0.093 2.4184e+09 4.8369e+07
0.094 2.3629e+09 4.7259e+07
0.095 2.2253e+09 4.4506e+07
0.096 2.2379e+09 4.4758e+07
0.097 2.1388e+09 4.2776e+07
0.098 2.066e+09 4.132e+07
0.099 2.0722e+09 4.1444e+07
0.1 1.9278e+09 3.8555e+07
0.101 1.8678e+09 3.7355e+07
0.102 1.8272e+09 3.6543e+07
0.103 1.8068e+09 3.6137e+07
0.104 1.7013e+09 3.4026e+07
0.105 1.656e+09 3.3121e+07
0.106 1.5855e+09 3.171e+07
0.107 1.6077e+09 3.2154e+07
0.108 1.5285e+09 3.057e+07
0.109 1.4656e+09 2.9312e+07
0.11 1.3984e+09 2.7968e+07
0.111 1.3736e+09 2.7473e+07
0.112 1.3203e+09 2.6406e+07
0.113 1.3243e+09 2.6486e+07
0.114 1.2596e+09 2.5192e+07
0.115 1.2326e+09 2.4651e+07
0.116 1.17e+09 2.34e+07
0.117 1.1056e+09 2.2113e+07
0.118 1.1137e+09 2.2275e+07
0.119 1.0806e+09 2.1613e+07
0.12 1.044e+09 2.0881e+07
0.121 9.5734e+08 1.9147e+07
0.122 9.4831e+08 1.8966e+07
0.123 9.1531e+08 1.8306e+07
0.124 9.1761e+08 1.8352e+07
0.125 8.4472e+08 1.6894e+07
0.126 8.4907e+08 1.6981e+07
0.127 8.674e+08 1.7348e+07
0.128 8.0413e+08 1.6083e+07
0.129 7.8602e+08 1.572e+07
0.13 7.561e+08 1.5122e+07
0.131 7.4146e+08 1.4829e+07
0.132 6.7188e+08 1.3438e+07
0.133 6.5453e+08 1.3091e+07
0.134 6.5184e+08 1.3037e+07
0.135 6.7489e+08 1.3498e+07
0.136 6.3851e+08 1.277e+07
0.137 5.8051e+08 1.161e+07
0.138 5.8666e+08 1.1733e+07
0.139 5.786e+08 1.1572e+07
0.14 5.5217e+08 1.1043e+07
0.141 5.0918e+08 1.0184e+07
0.142 5.0873e+08 1.0175e+07
0.143 4.9919e+08 9.9838e+06
0.144 5.0811e+08 1.0162e+07
0.145 4.7276e+08 9.4553e+06
0.146 4.5749e+08 9.1499e+06
0.147 4.6984e+08 9.3969e+06
0.148 4.4034e+08 8.8068e+06
0.149 4.3537e+08 8.7075e+06
0.15 4.195e+08 8.3899e+06
0.151 4.2971e+08 8.5941e+06
0.152 3.9369e+08 7.8738e+06
0.153 4.0047e+08 8.0095e+06
0.154 3.8914e+08 7.7828e+06
0.155 3.8531e+08 7.7061e+06
0.156 3.6238e+08 7.2477e+06
0.157 3.351e+08 6.702e+06
0.158 3.33e+08 6.66e+06
0.159 3.2854e+08 6.5707e+06
0.16 2.8202e+08 5.6404e+06
0.161 3.0057e+08 6.0113e+06
0.162 3.1285e+08 6.257e+06
0.163 2.9432e+08 5.8863e+06
0.164 2.9235e+08 5.8471e+06
0.165 2.7438e+08 5.4876e+06
0.166 2.5121e+08 5.0243e+06
0.167 2.5437e+08 5.0873e+06
0.168 2.7268e+08 5.4536e+06
0.169 2.4052e+08 4.8104e+06
0.17 2.4809e+08 4.9618e+06
0.171 2.4077e+08 4.8154e+06
0.172 2.596e+08 5.1919e+06
0.173 2.1127e+08 4.2254e+06
0.174 2.0764e+08 4.1529e+06
0.175 2.3693e+08 4.7386e+06
0.176 2.3535e+08 4.7071e+06
0.177 1.9786e+08 3.9572e+06
0.178 2.0717e+08 4.1434e+06
0.179 1.9442e+08 3.8884e+06
0.18 1.6464e+08 3.2929e+06
0.181 1.8636e+08 3.7271e+06
0.182 1.8028e+08 3.6055e+06
0.183 1.6632e+08 3.3265e+06
0.184 1.6588e+08 3.3176e+06
0.185 1.7097e+08 3.4195e+06
0.186 1.7251e+08 3.4502e+06
0.187 1.5401e+08 3.0801e+06
0.188 1.4603e+08 2.9205e+06
0.189 1.3928e+08 2.7856e+06
0.19 1.5839e+08 3.1679e+06
0.191 1.3779e+08 2.7557e+06
0.192 1.2423e+08 2.4846e+06
0.193 1.3178e+08 2.6356e+06
0.194 1.1669e+08 2.3338e+06
0.195 1.5434e+08 3.0869e+06
0.196 1.1614e+08 2.3227e+06
0.197 1.2016e+08 2.4032e+06
0.198 1.2635e+08 2.527e+06
0.199 1.2183e+08 2.4366e+06
0.2 1.1677e+08 2.3355e+06
0.201 1.1302e+08 2.2603e+06
0.202 1.0205e+08 2.041e+06
0.203 1.1742e+08 2.3483e+06
0.204 9.7699e+07 1.954e+06
0.205 1.1702e+08 2.3404e+06
0.206 1.2065e+08 2.413e+06
0.207 1.1696e+08 2.3391e+06
0.208 9.7547e+07 1.9509e+06
0.209 7.5559e+07 1.5112e+06
0.21 1.0681e+08 2.1362e+06
0.211 9.0651e+07 1.813e+06
0.212 1.131e+08 2.262e+06
0.213 9.7064e+07 1.9413e+06
0.214 1.0927e+08 2.1854e+06
0.215 8.63e+07 1.726e+06
0.216 8.8988e+07 1.7798e+06
0.217 8.6171e+07 1.7234e+06
0.218 9.82e+07 1.964e+06
0.219 1.0176e+08 2.0351e+06
0.22 8.2766e+07 1.6553e+06
0.221 7.9342e+07 1.5868e+06
0.222 6.8678e+07 1.3736e+06
0.223 9.0798e+07 1.816e+06
0.224 9.833e+07 1.9666e+06
0.225 9.3838e+07 1.8768e+06
0.226 7.0859e+07 1.4172e+06
0.227 6.6776e+07 1.3355e+06
0.228 7.7601e+07 1.552e+06
0.229 3.5602e+07 7.1203e+05
0.23 7.0864e+07 1.4173e+06
0.231 6.7935e+07 1.3587e+06
0.232 7.9988e+07 1.5998e+06
0.233 7.1579e+07 1.4316e+06
0.234 6.794e+07 1.3588e+06
0.235 6.7071e+07 1.3414e+06
0.236 5.9248e+07 1.185e+06
0.237 6.7959e+07 1.3592e+06
0.238 6.0464e+07 1.2093e+06
0.239 7.0235e+07 1.4047e+06
0.24 5.6139e+07 1.1228e+06
0.241 5.4454e+07 1.0891e+06
0.242 7.7027e+07 1.5405e+06
0.243 4.1627e+07 8.3253e+05
0.244 6.3259e+07 1.2652e+06
0.245 4.3346e+07 8.6691e+05
0.246 7.9011e+07 1.5802e+06
0.247 4.33e+07 8.66e+05
0.248 6.06e+07 1.212e+06
0.249 5.7508e+07 1.1502e+06
0.25 4.8429e+07 9.6857e+05
0.251 4.0987e+07 8.1975e+05
0.252 2.6559e+07 5.3118e+05
0.253 4.7463e+07 9.4926e+05
0.254 4.0232e+07 8.0464e+05
0.255 5.8037e+07 1.1607e+06
0.256 5.4612e+07 1.0922e+06
0.257 5.7847e+07 1.1569e+06
0.258 5.8419e+07 1.1684e+06
0.259 3.7165e+07 7.433e+05
0.26 4.2666e+07 8.5332e+05
0.261 4.7301e+07 9.4603e+05
0.262 3.6464e+07 7.2928e+05
0.263 5.5014e+07 1.1003e+06
0.264 6.4353e+07 1.2871e+06
0.265 4.2178e+07 8.4357e+05
0.266 5.2155e+07 1.0431e+06
0.267 6.1311e+07 1.2262e+06
0.268 7.2559e+07 1.4512e+06
0.269 2.522e+07 5.044e+05
0.27 4.4831e+07 8.9662e+05
0.271 6.0814e+07 1.2163e+06
0.272 5.2171e+07 1.0434e+06
0.273 4.9767e+07 9.9534e+05
0.274 3.8014e+07 7.6028e+05
0.275 5.3614e+07 1.0723e+06
0.276 1.1206e+07 2.2412e+05
0.277 2.2371e+07 4.4742e+05
0.278 4.6785e+07 9.357e+05
0.279 3.3842e+07 6.7684e+05
0.28 3.748e+07 7.4961e+05
0.281 6.1792e+07 1.2358e+06
0.282 3.7617e+07 7.5234e+05
0.283 3.1239e+07 6.2478e+05
0.284 2.2094e+07 4.4187e+05
0.285 4.1119e+07 8.2238e+05
0.286 4.286e+07 8.5721e+05
0.287 2.7329e+07 5.4657e+05
0.288 4.8454e+07 9.6908e+05
0.289 4.5361e+07 9.0722e+05
0.29 2.4429e+07 4.8859e+05
0.291 2.9804e+07 5.9609e+05
0.292 3.5491e+07 7.0982e+05
0.293 5.4516e+07 1.0903e+06
0.294 2.5915e+07 5.1829e+05
0.295 4.7578e+07 9.5156e+05
0.296 3.9239e+07 7.8477e+05
0.297 5.6441e+07 1.1288e+06
0.298 1.4887e+07 2.9773e+05
0.299 1.883e+07 3.766e+05
0.3 4.0056e+07 8.0112e+05
0.301 4.9705e+07 9.941e+05
0.302 2.5499e+06 50999
0.303 2.8133e+07 5.6266e+05
0.304 4.7255e+07 9.451e+05
0.305 4.6107e+07 9.2215e+05
0.306 2.4635e+07 4.927e+05
0.307 4.8452e+07 9.6903e+05
0.308 3.6047e+07 7.2094e+05
0.309 2.6193e+07 5.2386e+05
0.31 3.0317e+07 6.0634e+05
0.311 3.6802e+07 7.3604e+05
0.312 4.9398e+07 9.8795e+05
0.313 2.7246e+07 5.4492e+05
0.314 4.6245e+07 9.249e+05
0.315 2.1619e+07 4.3237e+05
0.316 3.8307e+07 7.6615e+05
0.317 4.2257e+07 8.4515e+05
0.318 2.7554e+07 5.5109e+05
0.319 2.7062e+07 5.4124e+05
0.32 2.6978e+07 5.3957e+05
0.321 4.2409e+07 8.4819e+05
0.322 1.9194e+07 3.8388e+05
0.323 1.8394e+07 3.6788e+05
0.324 4.4004e+07 8.8008e+05
0.325 1.595e+07 3.1899e+05
0.326 2.8376e+07 5.6751e+05
0.327 2.2971e+07 4.5941e+05
0.328 3.7747e+07 7.5494e+05
0.329 2.689e+07 5.3779e+05
0.33 2.5546e+07 5.1092e+05
0.331 2.6158e+07 5.2315e+05
0.332 3.6084e+07 7.2168e+05
0.333 3.6395e+07 7.2789e+05
0.334 2.9276e+07 5.8552e+05
0.335 1.3981e+07 2.7963e+05
0.336 2.5163e+07 5.0326e+05
0.337 2.4247e+07 4.8495e+05
0.338 2.4404e+07 4.8808e+05
0.339 2.335e+07 4.6701e+05
0.34 3.969e+07 7.938e+05
0.341 2.8734e+07 5.7468e+05
0.342 4.7632e+07 9.5264e+05
0.343 3.7402e+07 7.4803e+05
0.344 2.6052e+07 5.2104e+05
0.345 2.0615e+07 4.123e+05
0.346 2.852e+07 5.704e+05
0.347 1.1519e+07 2.3038e+05
0.348 4.4776e+07 8.9552e+05
0.349 1.8125e+07 3.6251e+05
0.35 3.2865e+07 6.5729e+05
0.351 4.1867e+07 8.3734e+05
0.352 5.2089e+07 1.0418e+06
0.353 3.2426e+07 6.4853e+05
0.354 3.9698e+07 7.9397e+05
0.355 2.9964e+07 5.9927e+05
0.356 3.4284e+07 6.8568e+05
0.357 4.1949e+07 8.3898e+05
0.358 2.6215e+07 5.2431e+05
0.359 1.9468e+07 3.8935e+05
0.36 3.2313e+07 6.4625e+05
0.361 4.4772e+07 8.9545e+05
0.362 2.295e+07 4.5901e+05
0.363 2.8448e+07 5.6895e+05
0.364 2.7568e+07 5.5135e+05
0.365 4.1719e+07 8.3438e+05
0.366 3.8455e+07 7.6911e+05
0.367 2.7879e+07 5.5758e+05
0.368 2.4289e+07 4.8578e+05
0.369 4.857e+07 9.7139e+05
0.37 1.4436e+07 2.8872e+05
0.371 3.3467e+07 6.6935e+05
0.372 4.9163e+07 9.8325e+05
0.373 2.177e+07 4.354e+05
0.374 4.4468e+07 8.8936e+05
0.375 3.0673e+07 6.1346e+05
0.376 3.2573e+07 6.5146e+05
0.377 4.4809e+07 8.9619e+05
0.378 2.2158e+07 4.4315e+05
0.379 3.5263e+07 7.0525e+05
0.38 1.5662e+07 3.1324e+05
0.381 1.8409e+07 3.6819e+05
0.382 3.598e+07 7.1961e+05
0.383 4.1e+07 8.2e+05
0.384 1.2039e+07 2.4079e+05
0.385 3.5363e+07 7.0725e+05
0.386 3.712e+07 7.4239e+05
0.387 5.0099e+07 1.002e+06
0.388 4.5327e+07 9.0654e+05
0.389 4.1969e+07 8.3937e+05
0.39 3.9742e+07 7.9484e+05
0.391 1.1268e+07 2.2536e+05
0.392 1.5455e+07 3.0911e+05
0.393 3.4877e+07 6.9753e+05
0.394 2.3249e+07 4.6497e+05
0.395 2.7858e+07 5.5716e+05
0.396 2.3756e+07 4.7512e+05
0.397 3.8927e+07 7.7854e+05
0.398 1.398e+07 2.796e+05
0.399 3.6659e+07 7.3317e+05
0.4 3.6608e+07 7.3217e+05
0.401 3.8361e+07 7.6721e+05
0.402 2.9008e+07 5.8016e+05
0.403 2.3474e+07 4.6948e+05
0.404 2.1609e+07 4.3217e+05
0.405 3.1417e+07 6.2834e+05
0.406 3.1295e+07 6.259e+05
0.407 3.1189e+07 6.2379e+05
0.408 7.2803e+06 1.4561e+05
0.409 3.6833e+07 7.3665e+05
0.41 2.8516e+07 5.7031e+05
0.411 2.14e+07 4.2799e+05
0.412 2.4624e+07 4.9248e+05
0.413 3.1206e+07 6.2412e+05
0.414 1.8196e+07 3.6392e+05
0.415 4.4274e+07 8.8549e+05
0.416 2.8489e+07 5.6979e+05
0.417 3.4757e+07 6.9513e+05
0.418 2.3056e+07 4.6112e+05
0.419 2.6426e+07 5.2852e+05
0.42 1.5486e+07 3.0972e+05
0.421 3.3371e+07 6.6742e+05
0.422 1.9033e+07 3.8066e+05
0.423 2.7141e+07 5.4283e+05
0.424 2.1845e+07 4.3689e+05
0.425 2.7292e+07 5.4585e+05
0.426 1.2884e+07 2.5769e+05
0.427 2.1619e+07 4.3239e+05
0.428 1.8141e+07 3.6282e+05
0.429 3.4675e+07 6.935e+05
0.43 2.8989e+07 5.7977e+05
0.431 5.3897e+07 1.0779e+06
0.432 2.2516e+07 4.5032e+05
0.433 1.6712e+07 3.3424e+05
0.434 4.6717e+07 9.3435e+05
0.435 3.1462e+07 6.2925e+05
0.436 1.7923e+07 3.5845e+05
0.437 2.7784e+07 5.5569e+05
0.438 2.4561e+07 4.9121e+05
0.439 2.8303e+07 5.6606e+05
0.44 2.8304e+07 5.6609e+05
0.441 3.555e+07 7.1099e+05
0.442 1.5788e+07 3.1575e+05
0.443 2.9539e+07 5.9078e+05
0.444 3.5339e+07 7.0678e+05
0.445 2.6419e+07 5.2838e+05
0.446 2.8952e+07 5.7903e+05
0.447 3.1106e+07 6.2212e+05
0.448 2.5667e+07 5.1334e+05
0.449 2.1706e+07 4.3411e+05
0.45 1.6805e+07 3.3609e+05
0.451 3.5788e+07 7.1575e+05
0.452 2.1279e+07 4.2558e+05
0.453 3.3708e+07 6.7416e+05
0.454 2.6682e+07 5.3363e+05
0.455 3.5102e+07 7.0204e+05
0.456 2.5388e+07 5.0776e+05
0.457 3.4075e+07 6.8149e+05
0.458 3.5487e+07 7.0974e+05
0.459 1.6935e+07 3.3869e+05
0.46 3.8574e+07 7.7148e+05
0.461 2.4147e+07 4.8295e+05
0.462 2.3246e+07 4.6491e+05
0.463 2.2955e+07 4.5911e+05
0.464 2.8252e+07 5.6503e+05
0.465 2.8104e+07 5.6207e+05
0.466 3.3777e+07 6.7554e+05
0.467 2.0193e+07 4.0386e+05
0.468 2.8666e+07 5.7332e+05
0.469 2.7541e+07 5.5081e+05
0.47 2.3951e+07 4.7903e+05
0.471 1.8944e+07 3.7887e+05
0.472 3.5181e+07 7.0362e+05
0.473 2.932e+07 5.8641e+05
0.474 2.8008e+07 5.6016e+05
0.475 2.11e+07 4.22e+05
0.476 3.4626e+07 6.9252e+05
0.477 1.8438e+07 3.6876e+05
0.478 1.3761e+07 2.7522e+05
0.479 2.265e+07 4.5301e+05
0.48 1.745e+07 3.4899e+05
0.481 2.4246e+07 4.8493e+05
0.482 3.4336e+07 6.8672e+05
0.483 3.1469e+07 6.2938e+05
0.484 2.5714e+07 5.1429e+05
0.485 1.4486e+07 2.8971e+05
0.486 2.3011e+07 4.6023e+05
0.487 4.5631e+07 9.1261e+05
0.488 2.107e+07 4.214e+05
0.489 3.7577e+07 7.5155e+05
0.49 3.0124e+07 6.0249e+05
0.491 2.6277e+07 5.2554e+05
0.492 1.4704e+07 2.9407e+05
0.493 2.5872e+07 5.1744e+05
0.494 1.6649e+07 3.3299e+05
0.495 1.5022e+07 3.0045e+05
0.496 1.7561e+07 3.5121e+05
0.497 2.6701e+07 5.3403e+05
0.498 2.2704e+07 4.5408e+05
0.499 3.0556e+07 6.1112e+05
0.5 3.3797e+07 6.7593e+05
