0.001 1.8199e+10 3.6399e+08
0.002 1.8061e+10 3.6122e+08
0.003 1.7139e+10 3.4279e+08
0.004 1.7113e+10 3.4225e+08
0.005 1.6559e+10 3.3117e+08
0.006 1.7192e+10 3.4384e+08
0.007 1.7251e+10 3.4503e+08
0.008 1.7687e+10 3.5374e+08
0.009 1.7004e+10 3.4008e+08
0.01 1.6895e+10 3.3789e+08
0.011 1.6833e+10 3.3667e+08
0.012 1.6455e+10 3.291e+08
0.013 1.6743e+10 3.3485e+08
0.014 1.6824e+10 3.3647e+08
0.015 1.6422e+10 3.2844e+08
0.016 1.6457e+10 3.2915e+08
0.017 1.6484e+10 3.2968e+08
0.018 1.5957e+10 3.1914e+08
0.019 1.6631e+10 3.3261e+08
0.02 1.6049e+10 3.2097e+08
0.021 1.6066e+10 3.2132e+08
0.022 1.5902e+10 3.1805e+08
0.023 1.576e+10 3.1521e+08
0.024 1.5679e+10 3.1358e+08
0.025 1.5802e+10 3.1603e+08
0.026 1.5466e+10 3.0932e+08
0.027 1.5368e+10 3.0736e+08
0.028 1.5246e+10 3.0491e+08
0.029 1.4792e+10 2.9584e+08
0.03 1.4906e+10 2.9811e+08
0.031 1.4646e+10 2.9293e+08
0.032 1.472e+10 2.944e+08
0.033 1.45e+10 2.8999e+08
0.034 1.4264e+10 2.8527e+08
0.035 1.4312e+10 2.8624e+08
0.036 1.4117e+10 2.8233e+08
0.037 1.3892e+10 2.7785e+08
0.038 1.3585e+10 2.717e+08
0.039 1.3764e+10 2.7527e+08
0.04 1.338e+10 2.676e+08
0.041 1.31e+10 2.6201e+08
0.042 1.2923e+10 2.5846e+08
0.043 1.2755e+10 2.5511e+08
0.044 1.2649e+10 2.5298e+08
0.045 1.2323e+10 2.4646e+08
0.046 1.2262e+10 2.4525e+08
0.047 1.2157e+10 2.4314e+08
0.048 1.1911e+10 2.3822e+08
0.049 1.1616e+10 2.3233e+08
0.05 1.1338e+10 2.2676e+08
0.051 1.1403e+10 2.2806e+08
0.052 1.124e+10 2.2479e+08
0.053 1.0902e+10 2.1803e+08
0.054 1.0678e+10 2.1355e+08
0.055 1.0566e+10 2.1132e+08
0.056 1.0477e+10 2.0955e+08
0.057 1.0069e+10 2.0137e+08
0.058 1.013e+10 2.026e+08
0.059 9.8122e+09 1.9624e+08
0.06 9.7912e+09 1.9582e+08
0.061 9.4193e+09 1.8839e+08
0.062 9.3429e+09 1.8686e+08
0.063 9.0735e+09 1.8147e+08
0.064 8.8673e+09 1.7735e+08
0.065 8.8172e+09 1.7634e+08
0.066 8.3388e+09 1.6678e+08
0.067 8.4343e+09 1.6869e+08
0.068 8.3222e+09 1.6644e+08
0.069 8.0633e+09 1.6127e+08
0.07 7.9018e+09 1.5804e+08
0.071 7.7435e+09 1.5487e+08
0.072 7.4642e+09 1.4928e+08
0.073 7.4064e+09 1.4813e+08
0.074 7.0742e+09 1.4148e+08
0.075 7.0946e+09 1.4189e+08
0.076 6.866e+09 1.3732e+08
0.077 6.6154e+09 1.3231e+08
0.078 6.4108e+09 1.2822e+08
0.079 6.3567e+09 1.2713e+08
0.08 6.1677e+09 1.2335e+08
0.081 6.0545e+09 1.2109e+08
0.082 5.7983e+09 1.1597e+08
0.083 5.6784e+09 1.1357e+08
0.084 5.5206e+09 1.1041e+08
0.085 5.3948e+09 1.079e+08
0.086 5.2791e+09 1.0558e+08
0.087 5.0562e+09 1.0112e+08
0.088 4.9581e+09 9.9163e+07
0.089 4.9085e+09 9.817e+07
0.09 4.7478e+09 9.4957e+07
0.091 4.6049e+09 9.2097e+07
0.092 4.4657e+09 8.9314e+07
0.093 4.3868e+09 8.7736e+07
0.094 4.2481e+09 8.4961e+07
0.095 4.0689e+09 8.1378e+07
0.096 3.9537e+09 7.9075e+07
0.097 3.853e+09 7.706e+07
0.098 3.6904e+09 7.3808e+07
0.099 3.622e+09 7.2439e+07
0.1 3.5707e+09 7.1413e+07
0.101 3.4505e+09 6.9011e+07
0.102 3.3016e+09 6.6032e+07
0.103 3.1859e+09 6.3717e+07
0.104 3.158e+09 6.3159e+07
0.105 3.0172e+09 6.0344e+07
0.106 2.8774e+09 5.7549e+07
0.107 2.778e+09 5.5559e+07
0.108 2.7967e+09 5.5934e+07
0.109 2.6073e+09 5.2147e+07
0.11 2.5e+09 5.0001e+07
0.111 2.4319e+09 4.8638e+07
0.112 2.4704e+09 4.9408e+07
0.113 2.3065e+09 4.613e+07
0.114 2.2106e+09 4.4212e+07
0.115 2.1596e+09 4.3191e+07
0.116 2.0292e+09 4.0585e+07
0.117 2.0654e+09 4.1308e+07
0.118 2.0024e+09 4.0049e+07
0.119 1.8466e+09 3.6931e+07
0.12 1.7883e+09 3.5766e+07
0.121 1.8133e+09 3.6266e+07
0.122 1.7591e+09 3.5182e+07
0.123 1.6801e+09 3.3602e+07
0.124 1.6071e+09 3.2141e+07
0.125 1.5832e+09 3.1664e+07
0.126 1.5089e+09 3.0179e+07
0.127 1.4545e+09 2.9091e+07
0.128 1.3625e+09 2.725e+07
0.129 1.2795e+09 2.5591e+07
0.13 1.2856e+09 2.5713e+07
0.131 1.2909e+09 2.5818e+07
0.132 1.2377e+09 2.4754e+07
0.133 1.1349e+09 2.2698e+07
0.134 1.0645e+09 2.129e+07
0.135 1.0241e+09 2.0482e+07
0.136 1.0091e+09 2.0182e+07
0.137 1.0533e+09 2.1065e+07
0.138 9.997e+08 1.9994e+07
0.139 9.2816e+08 1.8563e+07
0.14 9.1606e+08 1.8321e+07
0.141 8.2054e+08 1.6411e+07
0.142 8.2486e+08 1.6497e+07
0.143 8.5974e+08 1.7195e+07
0.144 7.4003e+08 1.4801e+07
0.145 7.5313e+08 1.5063e+07
0.146 7.0494e+08 1.4099e+07
0.147 6.5943e+08 1.3189e+07
0.148 6.9847e+08 1.3969e+07
0.149 6.7837e+08 1.3567e+07
0.15 5.775e+08 1.155e+07
0.151 6.0207e+08 1.2041e+07
0.152 5.9227e+08 1.1845e+07
0.153 6.2798e+08 1.256e+07
0.154 6.0281e+08 1.2056e+07
0.155 5.2264e+08 1.0453e+07
0.156 5.3691e+08 1.0738e+07
0.157 4.8937e+08 9.7875e+06
0.158 4.6901e+08 9.3802e+06
0.159 4.9892e+08 9.9785e+06
0.16 4.3889e+08 8.7777e+06
0.161 4.483e+08 8.9661e+06
0.162 4.4481e+08 8.8962e+06
0.163 3.9426e+08 7.8851e+06
0.164 3.9585e+08 7.9171e+06
0.165 4.2761e+08 8.5523e+06
0.166 3.9947e+08 7.9894e+06
0.167 3.4877e+08 6.9753e+06
0.168 3.5912e+08 7.1824e+06
0.169 3.3425e+08 6.6851e+06
0.17 2.9344e+08 5.8687e+06
0.171 3.2817e+08 6.5634e+06
0.172 3.5143e+08 7.0287e+06
0.173 2.6103e+08 5.2206e+06
0.174 2.8415e+08 5.6831e+06
0.175 2.9562e+08 5.9123e+06
0.176 2.8691e+08 5.7381e+06
0.177 3.0842e+08 6.1685e+06
0.178 2.6503e+08 5.3007e+06
0.179 2.3913e+08 4.7826e+06
0.18 2.4848e+08 4.9696e+06
0.181 2.6543e+08 5.3087e+06
0.182 2.3974e+08 4.7947e+06
0.183 2.2949e+08 4.5897e+06
0.184 2.539e+08 5.078e+06
0.185 2.096e+08 4.192e+06
0.186 2.2715e+08 4.543e+06
0.187 2.4223e+08 4.8447e+06
0.188 2.425e+08 4.85e+06
0.189 2.0918e+08 4.1837e+06
0.19 2.2044e+08 4.4088e+06
0.191 1.851e+08 3.7019e+06
0.192 1.9455e+08 3.8911e+06
0.193 2.0498e+08 4.0996e+06
0.194 2.191e+08 4.3821e+06
0.195 1.7162e+08 3.4323e+06
0.196 2.0957e+08 4.1914e+06
0.197 2.0335e+08 4.0671e+06
0.198 1.5691e+08 3.1382e+06
0.199 1.5355e+08 3.0709e+06
0.2 1.3627e+08 2.7255e+06
0.201 1.3529e+08 2.7058e+06
0.202 1.2522e+08 2.5044e+06
0.203 1.3274e+08 2.6548e+06
0.204 1.7069e+08 3.4138e+06
0.205 1.4406e+08 2.8811e+06
0.206 1.5831e+08 3.1661e+06
0.207 1.6246e+08 3.2492e+06
0.208 1.4669e+08 2.9338e+06
0.209 1.3087e+08 2.6173e+06
0.21 1.5751e+08 3.1501e+06
0.211 1.4289e+08 2.8577e+06
0.212 1.7926e+08 3.5851e+06
0.213 1.4641e+08 2.9282e+06
0.214 1.4377e+08 2.8755e+06
0.215 1.5231e+08 3.0463e+06
0.216 1.2442e+08 2.4884e+06
0.217 1.3015e+08 2.6029e+06
0.218 1.5077e+08 3.0154e+06
0.219 1.3353e+08 2.6705e+06
0.22 1.0639e+08 2.1278e+06
0.221 1.2468e+08 2.4937e+06
0.222 1.1084e+08 2.2169e+06
0.223 1.3212e+08 2.6424e+06
0.224 1.0229e+08 2.0459e+06
0.225 1.1611e+08 2.3222e+06
0.226 1.1533e+08 2.3066e+06
0.227 1.2251e+08 2.4502e+06
0.228 1.3431e+08 2.6862e+06
0.229 8.2295e+07 1.6459e+06
0.23 1.4972e+08 2.9944e+06
0.231 1.5598e+08 3.1195e+06
0.232 1.1316e+08 2.2633e+06
0.233 1.077e+08 2.154e+06
0.234 1.4838e+08 2.9676e+06
0.235 1.0792e+08 2.1584e+06
0.236 9.8593e+07 1.9719e+06
0.237 1.2356e+08 2.4711e+06
0.238 1.1655e+08 2.331e+06
0.239 1.019e+08 2.0381e+06
0.24 1.0576e+08 2.1153e+06
0.241 9.1093e+07 1.8219e+06
0.242 1.0072e+08 2.0145e+06
0.243 1.3631e+08 2.7262e+06
0.244 7.2721e+07 1.4544e+06
0.245 1.2526e+08 2.5053e+06
0.246 9.9968e+07 1.9994e+06
0.247 9.0355e+07 1.8071e+06
0.248 8.7633e+07 1.7527e+06
0.249 1.0017e+08 2.0034e+06
0.25 1.0865e+08 2.173e+06
0.251 1.1451e+08 2.2902e+06
0.252 8.3644e+07 1.6729e+06
0.253 9.1437e+07 1.8287e+06
0.254 9.5448e+07 1.909e+06
0.255 8.3849e+07 1.677e+06
0.256 8.7795e+07 1.7559e+06
0.257 8.6453e+07 1.7291e+06
0.258 1.1355e+08 2.271e+06
0.259 7.7511e+07 1.5502e+06
0.26 1.0275e+08 2.055e+06
0.261 8.1876e+07 1.6375e+06
0.262 1.0069e+08 2.0137e+06
0.263 1.2172e+08 2.4343e+06
0.264 8.0004e+07 1.6001e+06
0.265 7.9628e+07 1.5926e+06
0.266 8.4645e+07 1.6929e+06
0.267 8.6065e+07 1.7213e+06
0.268 9.7415e+07 1.9483e+06
0.269 1.109e+08 2.2181e+06
0.27 6.8817e+07 1.3763e+06
0.271 6.3529e+07 1.2706e+06
0.272 8.3202e+07 1.664e+06
0.273 9.6325e+07 1.9265e+06
0.274 7.0918e+07 1.4184e+06
0.275 7.3449e+07 1.469e+06
0.276 8.4157e+07 1.6831e+06
0.277 5.5638e+07 1.1128e+06
0.278 7.457e+07 1.4914e+06
0.279 7.2088e+07 1.4418e+06
0.28 1.0528e+08 2.1056e+06
0.281 5.69e+07 1.138e+06
0.282 5.296e+07 1.0592e+06
0.283 4.2721e+07 8.5442e+05
0.284 9.0077e+07 1.8015e+06
0.285 6.7361e+07 1.3472e+06
0.286 7.7774e+07 1.5555e+06
0.287 7.5221e+07 1.5044e+06
0.288 5.6303e+07 1.1261e+06
0.289 5.6983e+07 1.1397e+06
0.29 5.7005e+07 1.1401e+06
0.291 3.5851e+07 7.1703e+05
0.292 7.3639e+07 1.4728e+06
0.293 7.9452e+07 1.589e+06
0.294 4.8663e+07 9.7326e+05
0.295 4.6597e+07 9.3193e+05
0.296 7.7566e+07 1.5513e+06
0.297 7.8142e+07 1.5628e+06
0.298 4.4634e+07 8.9269e+05
0.299 5.7295e+07 1.1459e+06
0.3 4.8732e+07 9.7464e+05
0.301 6.0523e+07 1.2105e+06
0.302 4.6194e+07 9.2387e+05
0.303 6.8231e+07 1.3646e+06
0.304 3.414e+07 6.828e+05
0.305 6.9061e+07 1.3812e+06
0.306 4.9923e+07 9.9846e+05
0.307 5.8108e+07 1.1622e+06
0.308 7.5075e+07 1.5015e+06
0.309 5.3909e+07 1.0782e+06
0.31 5.2135e+07 1.0427e+06
0.311 7.2965e+07 1.4593e+06
0.312 4.5958e+07 9.1915e+05
0.313 7.4227e+07 1.4845e+06
0.314 5.7908e+07 1.1582e+06
0.315 6.5457e+07 1.3091e+06
0.316 6.4257e+07 1.2851e+06
0.317 5.0938e+07 1.0188e+06
0.318 6.0411e+07 1.2082e+06
0.319 1.0491e+07 2.0982e+05
0.32 3.6838e+07 7.3676e+05
0.321 4.9598e+07 9.9196e+05
0.322 5.7083e+07 1.1417e+06
0.323 4.398e+07 8.796e+05
0.324 5.6206e+07 1.1241e+06
0.325 1.7326e+07 3.4652e+05
0.326 3.969e+07 7.9379e+05
0.327 7.8232e+07 1.5646e+06
0.328 5.5075e+07 1.1015e+06
0.329 4.964e+07 9.9279e+05
0.33 4.6107e+07 9.2215e+05
0.331 5.3196e+07 1.0639e+06
0.332 5.4502e+07 1.09e+06
0.333 4.0274e+07 8.0547e+05
0.334 6.0754e+07 1.2151e+06
0.335 5.0129e+07 1.0026e+06
0.336 7.9543e+07 1.5909e+06
0.337 7.3449e+07 1.469e+06
0.338 5.2347e+07 1.0469e+06
0.339 3.7232e+07 7.4465e+05
0.34 5.4841e+07 1.0968e+06
0.341 4.4046e+07 8.8092e+05
0.342 8.9897e+07 1.7979e+06
0.343 5.1834e+07 1.0367e+06
0.344 5.5204e+07 1.1041e+06
0.345 3.8055e+07 7.6109e+05
0.346 2.1286e+07 4.2571e+05
0.347 2.7442e+07 5.4884e+05
0.348 2.8116e+07 5.6232e+05
0.349 5.6795e+07 1.1359e+06
0.35 3.6745e+07 7.349e+05
0.351 6.2338e+07 1.2468e+06
0.352 6.3333e+07 1.2667e+06
0.353 3.9674e+07 7.9347e+05
0.354 2.4174e+07 4.8347e+05
0.355 7.8936e+07 1.5787e+06
0.356 6.9062e+07 1.3812e+06
0.357 5.5129e+07 1.1026e+06
0.358 6.7909e+07 1.3582e+06
0.359 6.0335e+07 1.2067e+06
0.36 6.8438e+07 1.3688e+06
0.361 5.0775e+07 1.0155e+06
0.362 5.2609e+07 1.0522e+06
0.363 5.7175e+07 1.1435e+06
0.364 1.2092e+07 2.4183e+05
0.365 6.978e+07 1.3956e+06
0.366 3.672e+07 7.3441e+05
0.367 3.9755e+07 7.9511e+05
0.368 3.4969e+07 6.9937e+05
0.369 5.2245e+07 1.0449e+06
0.37 5.9606e+07 1.1921e+06
0.371 3.4933e+07 6.9866e+05
0.372 4.1401e+07 8.2803e+05
0.373 3.2275e+07 6.4549e+05
0.374 5.8912e+07 1.1782e+06
0.375 3.6295e+07 7.259e+05
0.376 3.968e+07 7.936e+05
0.377 3.7001e+07 7.4001e+05
0.378 4.731e+07 9.4621e+05
0.379 5.2241e+07 1.0448e+06
0.38 4.6874e+07 9.3749e+05
0.381 2.7062e+07 5.4124e+05
0.382 6.7276e+07 1.3455e+06
0.383 5.2629e+07 1.0526e+06
0.384 5.3368e+07 1.0674e+06
0.385 6.8238e+07 1.3648e+06
0.386 4.3783e+07 8.7566e+05
0.387 6.4259e+07 1.2852e+06
0.388 3.7472e+07 7.4944e+05
0.389 5.1209e+07 1.0242e+06
0.39 4.3074e+07 8.6148e+05
0.391 4.9008e+07 9.8017e+05
0.392 4.3496e+07 8.6993e+05
0.393 4.3951e+07 8.7901e+05
0.394 5.2594e+07 1.0519e+06
0.395 5.7765e+07 1.1553e+06
0.396 8.2829e+07 1.6566e+06
0.397 4.9745e+07 9.949e+05
0.398 3.7879e+07 7.5758e+05
0.399 2.4425e+07 4.8849e+05
0.4 5.5122e+07 1.1024e+06
0.401 4.2171e+07 8.4342e+05
0.402 4.7539e+07 9.5079e+05
0.403 3.8379e+07 7.6759e+05
0.404 5.5667e+07 1.1133e+06
0.405 5.7823e+07 1.1565e+06
0.406 4.8644e+07 9.7289e+05
0.407 3.8716e+07 7.7432e+05
0.408 4.7698e+07 9.5395e+05
0.409 4.8273e+07 9.6546e+05
0.41 4.3512e+07 8.7024e+05
0.411 4.9904e+07 9.9808e+05
0.412 6.6281e+07 1.3256e+06
0.413 3.199e+07 6.3981e+05
0.414 4.0599e+07 8.1198e+05
0.415 4.6657e+07 9.3313e+05
0.416 6.8129e+07 1.3626e+06
0.417 5.3568e+07 1.0714e+06
0.418 3.2948e+07 6.5897e+05
0.419 6.5392e+07 1.3078e+06
0.42 3.7969e+07 7.5938e+05
0.421 4.6805e+07 9.3611e+05
0.422 4.7711e+07 9.5421e+05
0.423 3.6716e+07 7.3433e+05
0.424 2.2033e+07 4.4065e+05
0.425 3.1593e+07 6.3186e+05
0.426 5.459e+07 1.0918e+06
0.427 3.5805e+07 7.161e+05
0.428 3.4731e+07 6.9462e+05
0.429 2.598e+07 5.1961e+05
0.43 3.3681e+07 6.7362e+05
0.431 7.2971e+07 1.4594e+06
0.432 2.1516e+07 4.3032e+05
0.433 5.7369e+07 1.1474e+06
0.434 5.0728e+07 1.0146e+06
0.435 3.1043e+07 6.2085e+05
0.436 4.6925e+07 9.385e+05
0.437 2.4187e+07 4.8374e+05
0.438 5.7726e+07 1.1545e+06
0.439 3.1031e+07 6.2063e+05
0.44 5.3291e+07 1.0658e+06
0.441 3.7031e+07 7.4062e+05
0.442 6.4838e+07 1.2968e+06
0.443 5.3309e+07 1.0662e+06
0.444 3.7593e+07 7.5185e+05
0.445 5.0419e+07 1.0084e+06
0.446 4.8083e+07 9.6166e+05
0.447 3.1163e+07 6.2326e+05
0.448 3.2512e+07 6.5025e+05
0.449 3.7562e+07 7.5125e+05
0.45 2.9119e+07 5.8239e+05
0.451 6.2714e+07 1.2543e+06
0.452 4.1629e+07 8.3258e+05
0.453 4.3944e+07 8.7889e+05
0.454 3.8653e+07 7.7306e+05
0.455 5.5467e+07 1.1093e+06
0.456 7.4524e+07 1.4905e+06
0.457 4.2969e+07 8.5938e+05
0.458 5.1856e+07 1.0371e+06
0.459 4.3381e+07 8.6761e+05
0.46 2.8189e+07 5.6378e+05
0.461 3.4506e+07 6.9012e+05
0.462 4.7665e+07 9.533e+05
0.463 3.3091e+07 6.6183e+05
0.464 4.108e+07 8.2159e+05
0.465 3.3277e+07 6.6555e+05
0.466 5.4819e+07 1.0964e+06
0.467 6.2643e+07 1.2529e+06
0.468 3.7489e+07 7.4979e+05
0.469 2.3297e+07 4.6594e+05
0.47 6.5751e+07 1.315e+06
0.471 6.0039e+07 1.2008e+06
0.472 3.9815e+07 7.963e+05
0.473 5.2194e+07 1.0439e+06
0.474 6.0341e+07 1.2068e+06
0.475 3.5861e+07 7.1723e+05
0.476 3.9168e+07 7.8336e+05
0.477 4.2196e+07 8.4392e+05
0.478 4.5089e+07 9.0178e+05
0.479 5.3983e+07 1.0797e+06
0.48 5.286e+07 1.0572e+06
0.481 2.9944e+07 5.9888e+05
0.482 2.0315e+07 4.0629e+05
0.483 5.2045e+07 1.0409e+06
0.484 3.6464e+07 7.2928e+05
0.485 4.599e+07 9.1979e+05
0.486 4.2141e+07 8.4282e+05
0.487 6.1789e+07 1.2358e+06
0.488 4.5327e+07 9.0653e+05
0.489 2.4863e+07 4.9726e+05
0.49 4.6266e+07 9.2533e+05
0.491 3.3875e+07 6.775e+05
0.492 7.5214e+07 1.5043e+06
0.493 3.0962e+07 6.1925e+05
0.494 4.6711e+07 9.3421e+05
0.495 4.6513e+07 9.3026e+05
0.496 5.9381e+07 1.1876e+06
0.497 4.8253e+07 9.6507e+05
0.498 5.731e+07 1.1462e+06
0.499 3.8399e+07 7.6798e+05
0.5 3.8402e+07 7.6803e+05
