0.001 2.6144e+10 5.2288e+08
0.002 2.6231e+10 5.2462e+08
0.003 2.6685e+10 5.337e+08
0.004 2.5538e+10 5.1076e+08
0.005 2.6332e+10 5.2664e+08
0.006 2.5341e+10 5.0682e+08
0.007 2.5109e+10 5.0217e+08
0.008 2.5531e+10 5.1063e+08
0.009 2.5766e+10 5.1532e+08
0.01 2.625e+10 5.2501e+08
0.011 2.5353e+10 5.0707e+08
0.012 2.5567e+10 5.1134e+08
0.013 2.5852e+10 5.1704e+08
0.014 2.526e+10 5.052e+08
0.015 2.5686e+10 5.1373e+08
0.016 2.477e+10 4.954e+08
0.017 2.5031e+10 5.0062e+08
0.018 2.4783e+10 4.9566e+08
0.019 2.3968e+10 4.7935e+08
0.02 2.4123e+10 4.8247e+08
0.021 2.4263e+10 4.8525e+08
0.022 2.4103e+10 4.8206e+08
0.023 2.3477e+10 4.6953e+08
0.024 2.3449e+10 4.6899e+08
0.025 2.3728e+10 4.7457e+08
0.026 2.3038e+10 4.6076e+08
0.027 2.3126e+10 4.6251e+08
0.028 2.3239e+10 4.6478e+08
0.029 2.2507e+10 4.5013e+08
0.03 2.2514e+10 4.5028e+08
0.031 2.2102e+10 4.4205e+08
0.032 2.2071e+10 4.4142e+08
0.033 2.1558e+10 4.3117e+08
0.034 2.1136e+10 4.2273e+08
0.035 2.1164e+10 4.2328e+08
0.036 2.1201e+10 4.2402e+08
0.037 2.0881e+10 4.1761e+08
0.038 2.0649e+10 4.1298e+08
0.039 2.0799e+10 4.1598e+08
0.04 1.9839e+10 3.9679e+08
0.041 1.9741e+10 3.9482e+08
0.042 1.9122e+10 3.8244e+08
0.043 1.8885e+10 3.777e+08
0.044 1.8637e+10 3.7273e+08
0.045 1.8355e+10 3.6709e+08
0.046 1.8021e+10 3.6042e+08
0.047 1.7696e+10 3.5392e+08
0.048 1.7593e+10 3.5186e+08
0.049 1.7519e+10 3.5037e+08
0.05 1.7299e+10 3.4598e+08
0.051 1.6694e+10 3.3387e+08
0.052 1.6456e+10 3.2913e+08
0.053 1.6041e+10 3.2082e+08
0.054 1.5816e+10 3.1633e+08
0.055 1.5596e+10 3.1191e+08
0.056 1.5501e+10 3.1003e+08
0.057 1.4977e+10 2.9954e+08
0.058 1.4687e+10 2.9374e+08
0.059 1.4353e+10 2.8706e+08
0.06 1.4034e+10 2.8069e+08
0.061 1.3851e+10 2.7701e+08
0.062 1.3487e+10 2.6974e+08
0.063 1.343e+10 2.6859e+08
0.064 1.3153e+10 2.6306e+08
0.065 1.2894e+10 2.5788e+08
0.066 1.2573e+10 2.5147e+08
0.067 1.2182e+10 2.4364e+08
0.068 1.2076e+10 2.4152e+08
0.069 1.1806e+10 2.3611e+08
0.07 1.1404e+10 2.2808e+08
0.071 1.1161e+10 2.2323e+08
0.072 1.0988e+10 2.1977e+08
0.073 1.0589e+10 2.1178e+08
0.074 1.0522e+10 2.1044e+08
0.075 1.0044e+10 2.0088e+08
0.076 9.938e+09 1.9876e+08
0.077 9.6871e+09 1.9374e+08
0.078 9.5724e+09 1.9145e+08
0.079 9.1328e+09 1.8266e+08
0.08 8.9045e+09 1.7809e+08
0.081 8.8847e+09 1.7769e+08
0.082 8.4851e+09 1.697e+08
0.083 8.172e+09 1.6344e+08
0.084 8.0789e+09 1.6158e+08
0.085 7.8506e+09 1.5701e+08
0.086 7.6288e+09 1.5258e+08
0.087 7.4472e+09 1.4894e+08
0.088 7.3821e+09 1.4764e+08
0.089 7.0049e+09 1.401e+08
0.09 6.8123e+09 1.3625e+08
0.091 6.576e+09 1.3152e+08
0.092 6.5064e+09 1.3013e+08
0.093 6.3087e+09 1.2617e+08
0.094 6.055e+09 1.211e+08
0.095 5.8293e+09 1.1659e+08
0.096 5.7155e+09 1.1431e+08
0.097 5.5104e+09 1.1021e+08
0.098 5.4763e+09 1.0953e+08
0.099 5.2803e+09 1.0561e+08
0.1 5.0727e+09 1.0145e+08
0.101 4.9468e+09 9.8936e+07
0.102 4.7086e+09 9.4173e+07
0.103 4.6873e+09 9.3747e+07
0.104 4.5305e+09 9.061e+07
0.105 4.4672e+09 8.9344e+07
0.106 4.0518e+09 8.1036e+07
0.107 4.1521e+09 8.3042e+07
0.108 3.946e+09 7.8921e+07
0.109 3.8859e+09 7.7718e+07
0.11 3.7412e+09 7.4824e+07
0.111 3.6227e+09 7.2453e+07
0.112 3.5041e+09 7.0083e+07
0.113 3.4406e+09 6.8812e+07
0.114 3.3169e+09 6.6339e+07
0.115 3.3164e+09 6.6328e+07
0.116 3.0818e+09 6.1637e+07
0.117 3.0847e+09 6.1694e+07
0.118 2.9435e+09 5.887e+07
0.119 2.8139e+09 5.6278e+07
0.12 2.7355e+09 5.471e+07
0.121 2.6755e+09 5.351e+07
0.122 2.5218e+09 5.0437e+07
0.123 2.5152e+09 5.0304e+07
0.124 2.4053e+09 4.8105e+07
0.125 2.3804e+09 4.7608e+07
0.126 2.1664e+09 4.3329e+07
0.127 2.2343e+09 4.4686e+07
0.128 2.0892e+09 4.1783e+07
0.129 2.0474e+09 4.0949e+07
0.13 1.942e+09 3.8841e+07
0.131 1.814e+09 3.6279e+07
0.132 1.8442e+09 3.6884e+07
0.133 1.8246e+09 3.6492e+07
0.134 1.7933e+09 3.5865e+07
0.135 1.6608e+09 3.3217e+07
0.136 1.5939e+09 3.1878e+07
0.137 1.5586e+09 3.1173e+07
0.138 1.5007e+09 3.0014e+07
0.139 1.508e+09 3.016e+07
0.14 1.4904e+09 2.9808e+07
0.141 1.3673e+09 2.7346e+07
0.142 1.3467e+09 2.6935e+07
0.143 1.2788e+09 2.5575e+07
0.144 1.2781e+09 2.5563e+07
0.145 1.2603e+09 2.5206e+07
0.146 1.1915e+09 2.383e+07
0.147 1.1602e+09 2.3204e+07
0.148 1.1289e+09 2.2578e+07
0.149 1.1154e+09 2.2309e+07
0.15 1.0538e+09 2.1076e+07
0.151 1.0293e+09 2.0587e+07
0.152 1.0018e+09 2.0036e+07
0.153 9.4919e+08 1.8984e+07
0.154 9.1238e+08 1.8248e+07
0.155 8.5067e+08 1.7013e+07
0.156 8.6317e+08 1.7263e+07
0.157 8.3539e+08 1.6708e+07
0.158 8.0856e+08 1.6171e+07
0.159 7.826e+08 1.5652e+07
0.16 7.2829e+08 1.4566e+07
0.161 7.278e+08 1.4556e+07
0.162 6.979e+08 1.3958e+07
0.163 6.669e+08 1.3338e+07
0.164 6.4526e+08 1.2905e+07
0.165 6.5522e+08 1.3104e+07
0.166 5.868e+08 1.1736e+07
0.167 5.9731e+08 1.1946e+07
0.168 5.9998e+08 1.2e+07
0.169 6.0146e+08 1.2029e+07
0.17 6.0323e+08 1.2065e+07
0.171 5.5343e+08 1.1069e+07
0.172 5.3491e+08 1.0698e+07
0.173 5.558e+08 1.1116e+07
0.174 4.8278e+08 9.6555e+06
0.175 5.0481e+08 1.0096e+07
0.176 4.8149e+08 9.6298e+06
0.177 4.1196e+08 8.2392e+06
0.178 4.3562e+08 8.7125e+06
0.179 4.4319e+08 8.8637e+06
0.18 4.1361e+08 8.2721e+06
0.181 4.3034e+08 8.6069e+06
0.182 3.5601e+08 7.1203e+06
0.183 3.8902e+08 7.7805e+06
0.184 3.6731e+08 7.3463e+06
0.185 3.595e+08 7.1899e+06
0.186 3.8175e+08 7.6349e+06
0.187 3.4382e+08 6.8764e+06
0.188 3.4693e+08 6.9387e+06
0.189 3.7567e+08 7.5133e+06
0.19 2.88e+08 5.7599e+06
0.191 2.5816e+08 5.1632e+06
0.192 2.7075e+08 5.415e+06
0.193 2.6322e+08 5.2644e+06
0.194 2.7825e+08 5.5651e+06
0.195 1.9802e+08 3.9604e+06
0.196 3.1005e+08 6.201e+06
0.197 2.8042e+08 5.6084e+06
0.198 2.2528e+08 4.5056e+06
0.199 2.2869e+08 4.5738e+06
0.2 1.6608e+08 3.3215e+06
0.201 2.0318e+08 4.0635e+06
0.202 2.3648e+08 4.7296e+06
0.203 1.965e+08 3.93e+06
0.204 1.6413e+08 3.2826e+06
0.205 2.0702e+08 4.1404e+06
0.206 2.0859e+08 4.1718e+06
0.207 2.3779e+08 4.7558e+06
0.208 1.9564e+08 3.9129e+06
0.209 2.0118e+08 4.0236e+06
0.21 1.8641e+08 3.7282e+06
0.211 2.5013e+08 5.0025e+06
0.212 1.5079e+08 3.0158e+06
0.213 1.2785e+08 2.557e+06
0.214 9.5263e+07 1.9053e+06
0.215 9.5232e+07 1.9046e+06
0.216 1.7541e+08 3.5082e+06
0.217 1.7257e+08 3.4514e+06
0.218 1.1107e+08 2.2214e+06
0.219 1.6435e+08 3.2871e+06
0.22 1.3457e+08 2.6914e+06
0.221 1.2453e+08 2.4906e+06
0.222 1.808e+08 3.6159e+06
0.223 1.3027e+08 2.6054e+06
0.224 1.2964e+08 2.5927e+06
0.225 1.3111e+08 2.6221e+06
0.226 1.0716e+08 2.1433e+06
0.227 1.2159e+08 2.4318e+06
0.228 1.1153e+08 2.2307e+06
0.229 1.2292e+08 2.4583e+06
0.23 1.1639e+08 2.3279e+06
0.231 1.6364e+08 3.2728e+06
0.232 1.2343e+08 2.4686e+06
0.233 1.6644e+08 3.3288e+06
0.234 1.2151e+08 2.4301e+06
0.235 1.2505e+08 2.501e+06
0.236 1.0981e+08 2.1961e+06
0.237 1.1819e+08 2.3639e+06
0.238 1.1602e+08 2.3203e+06
0.239 1.13e+08 2.2599e+06
0.24 5.7083e+07 1.1417e+06
0.241 9.2212e+07 1.8442e+06
0.242 1.3495e+08 2.6991e+06
0.243 1.0857e+08 2.1714e+06
0.244 1.1382e+08 2.2765e+06
0.245 1.2535e+08 2.5069e+06
0.246 1.2783e+08 2.5566e+06
0.247 1.2263e+08 2.4526e+06
0.248 1.5344e+08 3.0688e+06
0.249 9.7963e+07 1.9593e+06
0.25 1.1594e+08 2.3188e+06
0.251 1.6197e+08 3.2394e+06
0.252 1.2562e+08 2.5124e+06
0.253 1.0137e+08 2.0273e+06
0.254 1.4327e+08 2.8654e+06
0.255 1.263e+08 2.5261e+06
0.256 6.7354e+07 1.3471e+06
0.257 1.6522e+08 3.3043e+06
0.258 1.1728e+08 2.3457e+06
0.259 1.6131e+08 3.2261e+06
0.26 1.281e+08 2.562e+06
0.261 1.5203e+08 3.0406e+06
0.262 1.6995e+08 3.399e+06
0.263 1.6214e+08 3.2428e+06
0.264 1.0781e+08 2.1561e+06
0.265 1.156e+08 2.312e+06
0.266 1.3464e+08 2.6929e+06
0.267 1.0564e+08 2.1129e+06
0.268 1.8167e+08 3.6335e+06
0.269 1.162e+08 2.324e+06
0.27 1.4159e+08 2.8318e+06
0.271 1.5419e+08 3.0837e+06
0.272 1.1518e+08 2.3036e+06
0.273 1.4657e+08 2.9313e+06
0.274 1.4293e+08 2.8585e+06
0.275 1.3889e+08 2.7778e+06
0.276 1.7229e+08 3.4458e+06
0.277 8.4983e+07 1.6997e+06
0.278 1.6643e+08 3.3285e+06
0.279 9.1089e+07 1.8218e+06
0.28 1.4601e+08 2.9202e+06
0.281 1.5263e+08 3.0525e+06
0.282 1.3995e+08 2.7989e+06
0.283 1.5863e+08 3.1727e+06
0.284 1.3108e+08 2.6215e+06
0.285 1.5034e+08 3.0068e+06
0.286 1.3612e+08 2.7225e+06
0.287 1.8825e+08 3.7649e+06
0.288 1.4812e+08 2.9625e+06
0.289 1.6611e+08 3.3222e+06
0.29 9.1535e+07 1.8307e+06
0.291 1.4635e+08 2.927e+06
0.292 1.5029e+08 3.0058e+06
0.293 1.3538e+08 2.7076e+06
0.294 1.5078e+08 3.0155e+06
0.295 1.5917e+08 3.1833e+06
0.296 1.2564e+08 2.5129e+06
0.297 1.4593e+08 2.9185e+06
0.298 1.8906e+08 3.7812e+06
0.299 1.2552e+08 2.5104e+06
0.3 1.6024e+08 3.2049e+06
0.301 1.4957e+08 2.9913e+06
0.302 1.4688e+08 2.9375e+06
0.303 1.2087e+08 2.4174e+06
0.304 1.4187e+08 2.8374e+06
0.305 1.3265e+08 2.6531e+06
0.306 1.5837e+08 3.1674e+06
0.307 1.325e+08 2.65e+06
0.308 1.2405e+08 2.481e+06
0.309 1.6029e+08 3.2057e+06
0.31 1.6339e+08 3.2677e+06
0.311 9.8541e+07 1.9708e+06
0.312 1.3444e+08 2.6888e+06
0.313 1.2449e+08 2.4898e+06
0.314 1.4469e+08 2.8938e+06
0.315 1.3822e+08 2.7644e+06
0.316 1.2513e+08 2.5027e+06
0.317 1.1371e+08 2.2743e+06
0.318 1.0966e+08 2.1932e+06
0.319 1.2559e+08 2.5118e+06
0.32 1.3057e+08 2.6114e+06
0.321 1.2332e+08 2.4663e+06
0.322 1.4112e+08 2.8224e+06
0.323 1.1743e+08 2.3487e+06
0.324 1.0952e+08 2.1905e+06
0.325 1.149e+08 2.298e+06
0.326 9.0485e+07 1.8097e+06
0.327 1.1657e+08 2.3313e+06
0.328 1.6552e+08 3.3103e+06
0.329 8.3848e+07 1.677e+06
0.33 1.3193e+08 2.6386e+06
0.331 9.2058e+07 1.8412e+06
0.332 9.8551e+07 1.971e+06
0.333 1.5142e+08 3.0285e+06
0.334 9.6733e+07 1.9347e+06
0.335 1.1494e+08 2.2988e+06
0.336 6.6857e+07 1.3371e+06
0.337 1.0081e+08 2.0162e+06
0.338 6.6644e+07 1.3329e+06
0.339 1.3995e+08 2.7989e+06
0.34 1.1515e+08 2.303e+06
0.341 1.4022e+08 2.8045e+06
0.342 9.2645e+07 1.8529e+06
0.343 9.2853e+07 1.8571e+06
0.344 1.2576e+08 2.5153e+06
0.345 1.0361e+08 2.0721e+06
0.346 9.1254e+07 1.8251e+06
0.347 9.9205e+07 1.9841e+06
0.348 1.0137e+08 2.0274e+06
0.349 1.2803e+08 2.5605e+06
0.35 1.2271e+08 2.4541e+06
0.351 8.1313e+07 1.6263e+06
0.352 7.3076e+07 1.4615e+06
0.353 9.5079e+07 1.9016e+06
0.354 9.0774e+07 1.8155e+06
0.355 7.4981e+07 1.4996e+06
0.356 7.5182e+07 1.5036e+06
0.357 7.0783e+07 1.4157e+06
0.358 7.4601e+07 1.492e+06
0.359 6.4597e+07 1.2919e+06
0.36 7.4214e+07 1.4843e+06
0.361 8.2148e+07 1.643e+06
0.362 5.2819e+07 1.0564e+06
0.363 9.5548e+07 1.911e+06
0.364 6.9236e+07 1.3847e+06
0.365 9.5331e+07 1.9066e+06
0.366 9.6058e+07 1.9212e+06
0.367 5.9136e+07 1.1827e+06
0.368 1.0575e+08 2.1151e+06
0.369 1.1505e+08 2.301e+06
0.37 6.0795e+07 1.2159e+06
0.371 7.3496e+07 1.4699e+06
0.372 8.5629e+07 1.7126e+06
0.373 5.7884e+07 1.1577e+06
0.374 4.8515e+07 9.703e+05
0.375 7.4472e+07 1.4894e+06
0.376 8.0156e+07 1.6031e+06
0.377 7.6096e+07 1.5219e+06
0.378 4.1817e+07 8.3634e+05
0.379 6.0272e+07 1.2054e+06
0.38 6.3285e+07 1.2657e+06
0.381 5.5513e+07 1.1103e+06
0.382 3.7617e+07 7.5235e+05
0.383 5.1145e+07 1.0229e+06
0.384 4.5445e+07 9.0891e+05
0.385 4.4638e+07 8.9275e+05
0.386 5.3763e+07 1.0753e+06
0.387 8.1227e+07 1.6245e+06
0.388 6.9004e+07 1.3801e+06
0.389 5.7241e+07 1.1448e+06
0.39 6.9127e+07 1.3825e+06
0.391 6.7222e+07 1.3444e+06
0.392 4.318e+07 8.636e+05
0.393 4.7199e+07 9.4398e+05
0.394 3.7506e+07 7.5012e+05
0.395 5.0611e+07 1.0122e+06
0.396 3.3758e+07 6.7516e+05
0.397 5.3582e+07 1.0716e+06
0.398 8.6288e+07 1.7258e+06
0.399 7.0073e+07 1.4015e+06
0.4 3.4864e+07 6.9728e+05
0.401 3.9521e+07 7.9042e+05
0.402 5.5293e+07 1.1059e+06
0.403 5.3133e+07 1.0627e+06
0.404 5.7436e+07 1.1487e+06
0.405 6.7689e+07 1.3538e+06
0.406 5.896e+07 1.1792e+06
0.407 3.8784e+07 7.7567e+05
0.408 3.9076e+07 7.8152e+05
0.409 5.3656e+07 1.0731e+06
0.41 6.6243e+07 1.3249e+06
0.411 6.1376e+07 1.2275e+06
0.412 7.1332e+07 1.4266e+06
0.413 6.0078e+07 1.2016e+06
0.414 8.0046e+07 1.6009e+06
0.415 3.3378e+07 6.6757e+05
0.416 6.9417e+07 1.3883e+06
0.417 7.8912e+07 1.5782e+06
0.418 5.9007e+07 1.1801e+06
0.419 7.4477e+07 1.4895e+06
0.42 5.1748e+07 1.035e+06
0.421 7.1526e+07 1.4305e+06
0.422 6.9373e+07 1.3875e+06
0.423 5.0508e+07 1.0102e+06
0.424 4.0719e+07 8.1439e+05
0.425 5.9538e+07 1.1908e+06
0.426 8.892e+07 1.7784e+06
0.427 5.6302e+07 1.126e+06
0.428 8.0941e+07 1.6188e+06
0.429 8.478e+07 1.6956e+06
0.43 5.8783e+07 1.1757e+06
0.431 6.4941e+07 1.2988e+06
0.432 9.6613e+07 1.9323e+06
0.433 5.298e+07 1.0596e+06
0.434 6.6858e+07 1.3372e+06
0.435 7.8755e+07 1.5751e+06
0.436 5.6638e+07 1.1328e+06
0.437 3.6686e+07 7.3371e+05
0.438 3.3981e+07 6.7962e+05
0.439 9.4859e+07 1.8972e+06
0.44 9.1218e+07 1.8244e+06
0.441 3.8991e+07 7.7983e+05
0.442 6.0267e+07 1.2053e+06
0.443 9.0139e+07 1.8028e+06
0.444 8.0136e+07 1.6027e+06
0.445 1.0176e+08 2.0353e+06
0.446 7.7313e+07 1.5463e+06
0.447 5.2262e+07 1.0452e+06
0.448 7.9378e+07 1.5876e+06
0.449 7.3043e+07 1.4609e+06
0.45 8.8684e+07 1.7737e+06
0.451 6.7444e+07 1.3489e+06
0.452 5.1937e+07 1.0387e+06
0.453 4.1348e+07 8.2696e+05
0.454 1.0171e+08 2.0343e+06
0.455 6.3342e+07 1.2668e+06
0.456 9.3039e+07 1.8608e+06
0.457 9.3901e+07 1.878e+06
0.458 5.0717e+07 1.0143e+06
0.459 9.8481e+07 1.9696e+06
0.46 5.8471e+07 1.1694e+06
0.461 7.9361e+07 1.5872e+06
0.462 3.0671e+07 6.1342e+05
0.463 6.1529e+07 1.2306e+06
0.464 6.6694e+07 1.3339e+06
0.465 6.2897e+07 1.2579e+06
0.466 4.3318e+07 8.6636e+05
0.467 7.3374e+07 1.4675e+06
0.468 9.9088e+07 1.9818e+06
0.469 9.0555e+07 1.8111e+06
0.47 9.0737e+07 1.8147e+06
0.471 1.1526e+08 2.3052e+06
0.472 1.0846e+08 2.1693e+06
0.473 6.8567e+07 1.3713e+06
0.474 7.1031e+07 1.4206e+06
0.475 6.7405e+07 1.3481e+06
0.476 4.4664e+07 8.9327e+05
0.477 9.5466e+07 1.9093e+06
0.478 6.4164e+07 1.2833e+06
0.479 1.0832e+08 2.1665e+06
0.48 1.0137e+08 2.0274e+06
0.481 5.7605e+07 1.1521e+06
0.482 8.3057e+07 1.6611e+06
0.483 8.4326e+07 1.6865e+06
0.484 5.1036e+07 1.0207e+06
0.485 6.5035e+07 1.3007e+06
0.486 9.039e+07 1.8078e+06
0.487 9.4988e+07 1.8998e+06
0.488 1.1555e+08 2.3111e+06
0.489 7.6488e+07 1.5298e+06
0.49 9.552e+07 1.9104e+06
0.491 6.5649e+07 1.313e+06
0.492 7.5852e+07 1.517e+06
0.493 1.0604e+08 2.1208e+06
0.494 8.8491e+07 1.7698e+06
0.495 6.7983e+07 1.3597e+06
0.496 6.1594e+07 1.2319e+06
0.497 7.7084e+07 1.5417e+06
0.498 8.342e+07 1.6684e+06
0.499 1.8326e+07 3.6653e+05
0.5 7.8436e+07 1.5687e+06
