0.001 3.2241e+10 6.4481e+08
0.002 2.9522e+10 5.9045e+08
0.003 3.1724e+10 6.3449e+08
0.004 3.0831e+10 6.1662e+08
0.005 3.075e+10 6.1501e+08
0.006 3.0775e+10 6.155e+08
0.007 3.1019e+10 6.2037e+08
0.008 2.9547e+10 5.9095e+08
0.009 3.0037e+10 6.0073e+08
0.01 3.01e+10 6.0199e+08
0.011 2.9295e+10 5.8589e+08
0.012 2.9541e+10 5.9082e+08
0.013 3.0085e+10 6.017e+08
0.014 2.9733e+10 5.9466e+08
0.015 2.9823e+10 5.9646e+08
0.016 2.9267e+10 5.8533e+08
0.017 2.9359e+10 5.8719e+08
0.018 2.9389e+10 5.8779e+08
0.019 2.9625e+10 5.925e+08
0.02 2.8828e+10 5.7657e+08
0.021 2.8376e+10 5.6751e+08
0.022 2.8142e+10 5.6284e+08
0.023 2.8415e+10 5.683e+08
0.024 2.8058e+10 5.6116e+08
0.025 2.7536e+10 5.5073e+08
0.026 2.7405e+10 5.4811e+08
0.027 2.7352e+10 5.4704e+08
0.028 2.678e+10 5.356e+08
0.029 2.7123e+10 5.4246e+08
0.03 2.6969e+10 5.3938e+08
0.031 2.6475e+10 5.295e+08
0.032 2.6409e+10 5.2817e+08
0.033 2.6002e+10 5.2003e+08
0.034 2.5753e+10 5.1506e+08
0.035 2.5265e+10 5.053e+08
0.036 2.4843e+10 4.9687e+08
0.037 2.4927e+10 4.9853e+08
0.038 2.4807e+10 4.9614e+08
0.039 2.3788e+10 4.7576e+08
0.04 2.3864e+10 4.7727e+08
0.041 2.3704e+10 4.7408e+08
0.042 2.3443e+10 4.6886e+08
0.043 2.2846e+10 4.5692e+08
0.044 2.2709e+10 4.5417e+08
0.045 2.2373e+10 4.4746e+08
0.046 2.175e+10 4.35e+08
0.047 2.158e+10 4.3159e+08
0.048 2.1402e+10 4.2803e+08
0.049 2.1175e+10 4.2351e+08
0.05 2.0988e+10 4.1976e+08
0.051 2.0223e+10 4.0446e+08
0.052 2.0077e+10 4.0155e+08
0.053 2.0037e+10 4.0073e+08
0.054 1.9445e+10 3.889e+08
0.055 1.9091e+10 3.8183e+08
0.056 1.8808e+10 3.7615e+08
0.057 1.8557e+10 3.7115e+08
0.058 1.8145e+10 3.6291e+08
0.059 1.7714e+10 3.5428e+08
0.06 1.7834e+10 3.5668e+08
0.061 1.7561e+10 3.5121e+08
0.062 1.6956e+10 3.3912e+08
0.063 1.6659e+10 3.3318e+08
0.064 1.6139e+10 3.2278e+08
0.065 1.6008e+10 3.2017e+08
0.066 1.5582e+10 3.1165e+08
0.067 1.5342e+10 3.0684e+08
0.068 1.5053e+10 3.0105e+08
0.069 1.4758e+10 2.9515e+08
0.07 1.4275e+10 2.855e+08
0.071 1.4441e+10 2.8881e+08
0.072 1.3662e+10 2.7323e+08
0.073 1.3462e+10 2.6924e+08
0.074 1.3309e+10 2.6618e+08
0.075 1.2934e+10 2.5868e+08
0.076 1.2619e+10 2.5238e+08
0.077 1.2423e+10 2.4846e+08
0.078 1.1993e+10 2.3987e+08
0.079 1.1792e+10 2.3584e+08
0.08 1.1693e+10 2.3386e+08
0.081 1.1311e+10 2.2623e+08
0.082 1.1073e+10 2.2147e+08
0.083 1.0864e+10 2.1729e+08
0.084 1.0513e+10 2.1026e+08
0.085 1.0389e+10 2.0779e+08
0.086 1.0032e+10 2.0064e+08
0.087 9.7777e+09 1.9555e+08
0.088 9.522e+09 1.9044e+08
0.089 9.3752e+09 1.875e+08
0.09 9.1992e+09 1.8398e+08
0.091 8.7227e+09 1.7445e+08
0.092 8.6972e+09 1.7394e+08
0.093 8.3008e+09 1.6602e+08
0.094 8.2036e+09 1.6407e+08
0.095 7.9955e+09 1.5991e+08
0.096 7.7722e+09 1.5544e+08
0.097 7.6743e+09 1.5349e+08
0.098 7.374e+09 1.4748e+08
0.099 7.1307e+09 1.4261e+08
0.1 7.0299e+09 1.406e+08
0.101 6.7917e+09 1.3583e+08
0.102 6.6173e+09 1.3235e+08
0.103 6.4515e+09 1.2903e+08
0.104 6.1173e+09 1.2235e+08
0.105 6.0687e+09 1.2137e+08
0.106 5.8569e+09 1.1714e+08
0.107 5.808e+09 1.1616e+08
0.108 5.6757e+09 1.1351e+08
0.109 5.4559e+09 1.0912e+08
0.11 5.3204e+09 1.0641e+08
0.111 5.1126e+09 1.0225e+08
0.112 4.996e+09 9.992e+07
0.113 4.8777e+09 9.7554e+07
0.114 4.663e+09 9.3261e+07
0.115 4.542e+09 9.0841e+07
0.116 4.5541e+09 9.1082e+07
0.117 4.4002e+09 8.8004e+07
0.118 4.3e+09 8.5999e+07
0.119 4.101e+09 8.202e+07
0.12 4.0942e+09 8.1883e+07
0.121 3.8446e+09 7.6892e+07
0.122 3.7926e+09 7.5853e+07
0.123 3.6878e+09 7.3756e+07
0.124 3.5572e+09 7.1144e+07
0.125 3.4333e+09 6.8666e+07
0.126 3.2531e+09 6.5061e+07
0.127 3.2763e+09 6.5525e+07
0.128 3.2e+09 6.4001e+07
0.129 3.1215e+09 6.2429e+07
0.13 3.0588e+09 6.1176e+07
0.131 2.7497e+09 5.4994e+07
0.132 2.7922e+09 5.5844e+07
0.133 2.7851e+09 5.5703e+07
0.134 2.5742e+09 5.1484e+07
0.135 2.5953e+09 5.1907e+07
0.136 2.4506e+09 4.9012e+07
0.137 2.4273e+09 4.8546e+07
0.138 2.3697e+09 4.7394e+07
0.139 2.2827e+09 4.5654e+07
0.14 2.2164e+09 4.4329e+07
0.141 2.2392e+09 4.4783e+07
0.142 1.9954e+09 3.9908e+07
0.143 2.0182e+09 4.0364e+07
0.144 1.9286e+09 3.8572e+07
0.145 1.8874e+09 3.7747e+07
0.146 1.8329e+09 3.6658e+07
0.147 1.7951e+09 3.5901e+07
0.148 1.7315e+09 3.463e+07
0.149 1.6497e+09 3.2994e+07
0.15 1.5561e+09 3.1122e+07
0.151 1.5788e+09 3.1575e+07
0.152 1.5803e+09 3.1606e+07
0.153 1.4784e+09 2.9568e+07
0.154 1.45e+09 2.9001e+07
0.155 1.2878e+09 2.5755e+07
0.156 1.3042e+09 2.6084e+07
0.157 1.1935e+09 2.3869e+07
0.158 1.2771e+09 2.5542e+07
0.159 1.2097e+09 2.4193e+07
0.16 1.1513e+09 2.3026e+07
0.161 1.0726e+09 2.1453e+07
0.162 1.097e+09 2.194e+07
0.163 1.0781e+09 2.1562e+07
0.164 1.1232e+09 2.2465e+07
0.165 1.0452e+09 2.0903e+07
0.166 9.2008e+08 1.8402e+07
0.167 9.4852e+08 1.897e+07
0.168 8.9051e+08 1.781e+07
0.169 9.1579e+08 1.8316e+07
0.17 9.1224e+08 1.8245e+07
0.171 8.9322e+08 1.7864e+07
0.172 8.5031e+08 1.7006e+07
0.173 7.1739e+08 1.4348e+07
0.174 7.6885e+08 1.5377e+07
0.175 6.5543e+08 1.3109e+07
0.176 7.136e+08 1.4272e+07
0.177 6.3097e+08 1.2619e+07
0.178 6.0986e+08 1.2197e+07
0.179 6.4542e+08 1.2908e+07
0.18 6.2372e+08 1.2474e+07
0.181 5.4664e+08 1.0933e+07
0.182 5.6643e+08 1.1329e+07
0.183 5.871e+08 1.1742e+07
0.184 5.661e+08 1.1322e+07
0.185 4.997e+08 9.994e+06
0.186 4.7599e+08 9.5198e+06
0.187 5.1327e+08 1.0265e+07
0.188 4.9102e+08 9.8204e+06
0.189 4.5326e+08 9.0651e+06
0.19 4.0757e+08 8.1514e+06
0.191 3.9478e+08 7.8957e+06
0.192 3.686e+08 7.372e+06
0.193 4.0675e+08 8.135e+06
0.194 4.1625e+08 8.3249e+06
0.195 3.7182e+08 7.4364e+06
0.196 3.49e+08 6.9801e+06
0.197 4.1309e+08 8.2619e+06
0.198 3.6927e+08 7.3854e+06
0.199 3.9241e+08 7.8482e+06
0.2 3.1718e+08 6.3435e+06
0.201 3.1359e+08 6.2719e+06
0.202 2.7535e+08 5.507e+06
0.203 2.2709e+08 4.5417e+06
0.204 3.0267e+08 6.0534e+06
0.205 2.6022e+08 5.2044e+06
0.206 2.208e+08 4.416e+06
0.207 2.4137e+08 4.8275e+06
0.208 2.3566e+08 4.7131e+06
0.209 1.6936e+08 3.3871e+06
0.21 2.4507e+08 4.9015e+06
0.211 2.1656e+08 4.3313e+06
0.212 2.1748e+08 4.3497e+06
0.213 2.2575e+08 4.5151e+06
0.214 2.0926e+08 4.1853e+06
0.215 2.2784e+08 4.5569e+06
0.216 2.0247e+08 4.0493e+06
0.217 1.8739e+08 3.7477e+06
0.218 2.2628e+08 4.5256e+06
0.219 1.7303e+08 3.4606e+06
0.22 2.5038e+08 5.0077e+06
0.221 1.9243e+08 3.8486e+06
0.222 2.046e+08 4.092e+06
0.223 1.895e+08 3.79e+06
0.224 1.606e+08 3.2121e+06
0.225 1.7734e+08 3.5467e+06
0.226 1.6205e+08 3.2409e+06
0.227 1.2762e+08 2.5524e+06
0.228 1.8268e+08 3.6537e+06
0.229 2.4194e+08 4.8387e+06
0.23 2.0238e+08 4.0476e+06
0.231 2.1134e+08 4.2268e+06
0.232 2.0831e+08 4.1663e+06
0.233 1.532e+08 3.0639e+06
0.234 1.3951e+08 2.7901e+06
0.235 1.4646e+08 2.9293e+06
0.236 1.5007e+08 3.0013e+06
0.237 1.8895e+08 3.7791e+06
0.238 1.3814e+08 2.7628e+06
0.239 1.854e+08 3.708e+06
0.24 1.5472e+08 3.0944e+06
0.241 1.2996e+08 2.5992e+06
0.242 1.817e+08 3.634e+06
0.243 1.9725e+08 3.9451e+06
0.244 1.661e+08 3.3219e+06
0.245 1.8431e+08 3.6863e+06
0.246 1.1979e+08 2.3957e+06
0.247 1.3624e+08 2.7247e+06
0.248 1.76e+08 3.5199e+06
0.249 1.9333e+08 3.8665e+06
0.25 1.3573e+08 2.7147e+06
0.251 1.6815e+08 3.3631e+06
0.252 1.2737e+08 2.5474e+06
0.253 9.8589e+07 1.9718e+06
0.254 2.1593e+08 4.3187e+06
0.255 1.7015e+08 3.4029e+06
0.256 2.477e+08 4.9539e+06
0.257 1.5933e+08 3.1866e+06
0.258 1.8255e+08 3.6511e+06
0.259 1.8341e+08 3.6682e+06
0.26 1.6794e+08 3.3588e+06
0.261 1.4877e+08 2.9754e+06
0.262 1.787e+08 3.574e+06
0.263 2.2031e+08 4.4061e+06
0.264 1.7135e+08 3.427e+06
0.265 1.6325e+08 3.2651e+06
0.266 1.4339e+08 2.8677e+06
0.267 1.3687e+08 2.7373e+06
0.268 1.6868e+08 3.3737e+06
0.269 1.8801e+08 3.7602e+06
0.27 1.427e+08 2.854e+06
0.271 2.0092e+08 4.0185e+06
0.272 1.7905e+08 3.5809e+06
0.273 2.4876e+08 4.9753e+06
0.274 1.5356e+08 3.0712e+06
0.275 2.155e+08 4.3099e+06
0.276 1.5632e+08 3.1264e+06
0.277 1.8481e+08 3.6963e+06
0.278 1.9854e+08 3.9708e+06
0.279 1.557e+08 3.114e+06
0.28 1.3245e+08 2.6491e+06
0.281 1.7176e+08 3.4352e+06
0.282 2.508e+08 5.0159e+06
0.283 1.7232e+08 3.4464e+06
0.284 1.6609e+08 3.3219e+06
0.285 2.1725e+08 4.345e+06
0.286 2.4339e+08 4.8679e+06
0.287 1.6398e+08 3.2795e+06
0.288 1.7568e+08 3.5136e+06
0.289 2.0565e+08 4.113e+06
0.29 1.8988e+08 3.7977e+06
0.291 2.1403e+08 4.2805e+06
0.292 1.6042e+08 3.2084e+06
0.293 1.8818e+08 3.7636e+06
0.294 2.0733e+08 4.1466e+06
0.295 1.5743e+08 3.1485e+06
0.296 1.8506e+08 3.7013e+06
0.297 2.2701e+08 4.5402e+06
0.298 1.8575e+08 3.715e+06
0.299 3.0027e+08 6.0054e+06
0.3 2.3736e+08 4.7472e+06
0.301 2.0699e+08 4.1399e+06
0.302 1.5959e+08 3.1918e+06
0.303 1.5662e+08 3.1324e+06
0.304 1.3693e+08 2.7386e+06
0.305 1.6095e+08 3.219e+06
0.306 1.6597e+08 3.3194e+06
0.307 1.7441e+08 3.4882e+06
0.308 1.6254e+08 3.2509e+06
0.309 2.4158e+08 4.8316e+06
0.31 2.0303e+08 4.0607e+06
0.311 1.5974e+08 3.1948e+06
0.312 1.756e+08 3.5119e+06
0.313 2.1078e+08 4.2156e+06
0.314 2.1633e+08 4.3266e+06
0.315 2.1811e+08 4.3621e+06
0.316 1.5435e+08 3.087e+06
0.317 1.72e+08 3.44e+06
0.318 1.7833e+08 3.5666e+06
0.319 1.9595e+08 3.9191e+06
0.32 1.5806e+08 3.1612e+06
0.321 1.2015e+08 2.403e+06
0.322 1.4226e+08 2.8452e+06
0.323 1.6412e+08 3.2825e+06
0.324 1.6485e+08 3.2969e+06
0.325 1.8892e+08 3.7785e+06
0.326 1.9275e+08 3.855e+06
0.327 1.5569e+08 3.1138e+06
0.328 1.2717e+08 2.5435e+06
0.329 1.5416e+08 3.0831e+06
0.33 1.7772e+08 3.5544e+06
0.331 1.3179e+08 2.6359e+06
0.332 1.6955e+08 3.3911e+06
0.333 1.5552e+08 3.1104e+06
0.334 1.1929e+08 2.3859e+06
0.335 1.4254e+08 2.8507e+06
0.336 1.6018e+08 3.2036e+06
0.337 1.4553e+08 2.9107e+06
0.338 1.4824e+08 2.9649e+06
0.339 1.6676e+08 3.3353e+06
0.34 1.2137e+08 2.4273e+06
0.341 1.3694e+08 2.7387e+06
0.342 9.9051e+07 1.981e+06
0.343 1.4737e+08 2.9473e+06
0.344 1.0324e+08 2.0648e+06
0.345 1.0864e+08 2.1728e+06
0.346 1.4422e+08 2.8844e+06
0.347 1.3004e+08 2.6007e+06
0.348 1.3819e+08 2.7638e+06
0.349 1.2176e+08 2.4351e+06
0.35 1.4702e+08 2.9405e+06
0.351 8.9226e+07 1.7845e+06
0.352 8.5847e+07 1.7169e+06
0.353 1.0712e+08 2.1424e+06
0.354 1.0516e+08 2.1033e+06
0.355 1.1155e+08 2.231e+06
0.356 1.0112e+08 2.0224e+06
0.357 9.3696e+07 1.8739e+06
0.358 1.1438e+08 2.2877e+06
0.359 1.1052e+08 2.2103e+06
0.36 9.7448e+07 1.949e+06
0.361 1.0381e+08 2.0761e+06
0.362 6.9066e+07 1.3813e+06
0.363 1.023e+08 2.0459e+06
0.364 1.2738e+08 2.5476e+06
0.365 1.4286e+08 2.8573e+06
0.366 9.926e+07 1.9852e+06
0.367 1.3193e+08 2.6386e+06
0.368 7.9948e+07 1.599e+06
0.369 8.4486e+07 1.6897e+06
0.37 1.3868e+08 2.7736e+06
0.371 1.3106e+08 2.6211e+06
0.372 1.2363e+08 2.4727e+06
0.373 1.0716e+08 2.1433e+06
0.374 7.9092e+07 1.5818e+06
0.375 5.9253e+07 1.1851e+06
0.376 6.3724e+07 1.2745e+06
0.377 8.7758e+07 1.7552e+06
0.378 1.0644e+08 2.1288e+06
0.379 2.2401e+07 4.4802e+05
0.38 1.4365e+08 2.873e+06
0.381 1.2027e+08 2.4054e+06
0.382 8.8912e+07 1.7782e+06
0.383 9.678e+07 1.9356e+06
0.384 4.6097e+07 9.2195e+05
0.385 1.0209e+08 2.0418e+06
0.386 9.8655e+07 1.9731e+06
0.387 5.2302e+07 1.046e+06
0.388 6.4482e+07 1.2896e+06
0.389 4.7942e+07 9.5884e+05
0.39 1.4427e+08 2.8853e+06
0.391 8.4743e+07 1.6949e+06
0.392 9.1016e+07 1.8203e+06
0.393 1.2565e+08 2.5131e+06
0.394 9.5197e+07 1.9039e+06
0.395 7.5698e+07 1.514e+06
0.396 7.3749e+07 1.475e+06
0.397 9.5909e+07 1.9182e+06
0.398 7.5295e+07 1.5059e+06
0.399 7.5427e+07 1.5085e+06
0.4 1.0936e+08 2.1873e+06
0.401 5.6851e+07 1.137e+06
0.402 1.021e+08 2.042e+06
0.403 8.4876e+07 1.6975e+06
0.404 6.5006e+07 1.3001e+06
0.405 8.1183e+07 1.6237e+06
0.406 3.9985e+07 7.9971e+05
0.407 7.5046e+07 1.5009e+06
0.408 8.7961e+07 1.7592e+06
0.409 8.7481e+07 1.7496e+06
0.41 8.0489e+07 1.6098e+06
0.411 8.0967e+07 1.6193e+06
0.412 1.089e+08 2.178e+06
0.413 8.1469e+07 1.6294e+06
0.414 6.6673e+07 1.3335e+06
0.415 6.8805e+07 1.3761e+06
0.416 9.8663e+07 1.9733e+06
0.417 8.1371e+07 1.6274e+06
0.418 7.7586e+07 1.5517e+06
0.419 8.0147e+07 1.6029e+06
0.42 7.2917e+07 1.4583e+06
0.421 1.0018e+08 2.0037e+06
0.422 1.1162e+08 2.2324e+06
0.423 9.3434e+07 1.8687e+06
0.424 1.2999e+08 2.5997e+06
0.425 2.9626e+07 5.9251e+05
0.426 1.1442e+08 2.2883e+06
0.427 1.2637e+08 2.5274e+06
0.428 7.5378e+07 1.5076e+06
0.429 8.7051e+07 1.741e+06
0.43 7.4578e+07 1.4916e+06
0.431 1.0363e+08 2.0726e+06
0.432 1.1808e+08 2.3616e+06
0.433 1.1988e+08 2.3975e+06
0.434 1.3635e+08 2.7271e+06
0.435 1.3944e+08 2.7887e+06
0.436 7.3135e+07 1.4627e+06
0.437 9.384e+07 1.8768e+06
0.438 1.0696e+08 2.1393e+06
0.439 1.1416e+08 2.2833e+06
0.44 5.9883e+07 1.1977e+06
0.441 6.0075e+07 1.2015e+06
0.442 1.0956e+08 2.1912e+06
0.443 9.3766e+07 1.8753e+06
0.444 4.8022e+07 9.6045e+05
0.445 5.9743e+07 1.1949e+06
0.446 9.253e+07 1.8506e+06
0.447 1.293e+08 2.5861e+06
0.448 1.1337e+08 2.2674e+06
0.449 5.5828e+07 1.1166e+06
0.45 9.0995e+07 1.8199e+06
0.451 8.2875e+07 1.6575e+06
0.452 6.8794e+07 1.3759e+06
0.453 1.0595e+08 2.1189e+06
0.454 1.3109e+08 2.6217e+06
0.455 1.2606e+08 2.5212e+06
0.456 7.8792e+07 1.5758e+06
0.457 1.5288e+08 3.0576e+06
0.458 1.2549e+08 2.5097e+06
0.459 7.552e+07 1.5104e+06
0.46 7.5812e+07 1.5162e+06
0.461 7.538e+07 1.5076e+06
0.462 8.4294e+07 1.6859e+06
0.463 1.0735e+08 2.1471e+06
0.464 8.8089e+07 1.7618e+06
0.465 7.4041e+07 1.4808e+06
0.466 8.0847e+07 1.6169e+06
0.467 9.7717e+07 1.9543e+06
0.468 1.0814e+08 2.1628e+06
0.469 8.6749e+07 1.735e+06
0.47 8.7745e+07 1.7549e+06
0.471 9.6567e+07 1.9313e+06
0.472 1.5031e+08 3.0061e+06
0.473 1.1497e+08 2.2994e+06
0.474 8.0435e+07 1.6087e+06
0.475 1.4839e+08 2.9678e+06
0.476 1.0436e+08 2.0871e+06
0.477 1.2414e+08 2.4827e+06
0.478 1.086e+08 2.172e+06
0.479 1.0147e+08 2.0293e+06
0.48 1.3051e+08 2.6102e+06
0.481 7.5817e+07 1.5163e+06
0.482 1.4766e+08 2.9531e+06
0.483 8.9409e+07 1.7882e+06
0.484 1.5588e+08 3.1177e+06
0.485 1.547e+08 3.0941e+06
0.486 6.5026e+07 1.3005e+06
0.487 1.405e+08 2.8099e+06
0.488 9.9108e+07 1.9822e+06
0.489 1.4211e+08 2.8422e+06
0.49 8.4978e+07 1.6996e+06
0.491 8.7132e+07 1.7426e+06
0.492 1.2759e+08 2.5517e+06
0.493 1.0858e+08 2.1715e+06
0.494 8.2357e+07 1.6471e+06
0.495 1.1598e+08 2.3196e+06
0.496 1.197e+08 2.394e+06
0.497 1.1801e+08 2.3602e+06
0.498 8.0754e+07 1.6151e+06
0.499 8.9971e+07 1.7994e+06
0.5 1.2524e+08 2.5048e+06
