0.001 3.1307e+10 6.2613e+08
0.002 3.2679e+10 6.5357e+08
0.003 3.3189e+10 6.6377e+08
0.004 3.2199e+10 6.4397e+08
0.005 3.1624e+10 6.3248e+08
0.006 3.1557e+10 6.3113e+08
0.007 3.3006e+10 6.6012e+08
0.008 3.2342e+10 6.4683e+08
0.009 3.2423e+10 6.4846e+08
0.01 3.1925e+10 6.385e+08
0.011 3.2903e+10 6.5806e+08
0.012 3.227e+10 6.4541e+08
0.013 3.1407e+10 6.2814e+08
0.014 3.2822e+10 6.5643e+08
0.015 3.1368e+10 6.2735e+08
0.016 3.1643e+10 6.3286e+08
0.017 3.1372e+10 6.2743e+08
0.018 3.1114e+10 6.2228e+08
0.019 3.0583e+10 6.1165e+08
0.02 3.0195e+10 6.039e+08
0.021 2.9968e+10 5.9935e+08
0.022 3.0542e+10 6.1083e+08
0.023 3.0225e+10 6.045e+08
0.024 2.9773e+10 5.9547e+08
0.025 3.0435e+10 6.087e+08
0.026 2.9314e+10 5.8629e+08
0.027 2.8593e+10 5.7186e+08
0.028 2.8854e+10 5.7709e+08
0.029 2.8444e+10 5.6888e+08
0.03 2.8497e+10 5.6994e+08
0.031 2.8422e+10 5.6845e+08
0.032 2.7774e+10 5.5548e+08
0.033 2.7788e+10 5.5576e+08
0.034 2.7964e+10 5.5927e+08
0.035 2.6777e+10 5.3555e+08
0.036 2.6523e+10 5.3047e+08
0.037 2.6741e+10 5.3483e+08
0.038 2.6145e+10 5.2289e+08
0.039 2.5808e+10 5.1616e+08
0.04 2.5718e+10 5.1436e+08
0.041 2.5832e+10 5.1663e+08
0.042 2.5132e+10 5.0263e+08
0.043 2.4842e+10 4.9685e+08
0.044 2.4353e+10 4.8707e+08
0.045 2.4007e+10 4.8015e+08
0.046 2.3799e+10 4.7597e+08
0.047 2.3349e+10 4.6697e+08
0.048 2.3108e+10 4.6216e+08
0.049 2.2708e+10 4.5417e+08
0.05 2.2437e+10 4.4874e+08
0.051 2.2127e+10 4.4253e+08
0.052 2.1916e+10 4.3831e+08
0.053 2.1195e+10 4.2389e+08
0.054 2.1029e+10 4.2058e+08
0.055 2.0717e+10 4.1434e+08
0.056 2.0345e+10 4.0689e+08
0.057 1.9967e+10 3.9933e+08
0.058 1.9683e+10 3.9366e+08
0.059 1.9407e+10 3.8814e+08
0.06 1.8944e+10 3.7887e+08
0.061 1.8692e+10 3.7384e+08
0.062 1.8238e+10 3.6475e+08
0.063 1.795e+10 3.59e+08
0.064 1.7479e+10 3.4958e+08
0.065 1.7388e+10 3.4775e+08
0.066 1.7041e+10 3.4081e+08
0.067 1.6721e+10 3.3441e+08
0.068 1.6347e+10 3.2694e+08
0.069 1.585e+10 3.1701e+08
0.07 1.5745e+10 3.1489e+08
0.071 1.5475e+10 3.095e+08
0.072 1.5203e+10 3.0405e+08
0.073 1.4635e+10 2.9269e+08
0.074 1.4284e+10 2.8567e+08
0.075 1.4299e+10 2.8599e+08
0.076 1.4142e+10 2.8283e+08
0.077 1.3767e+10 2.7535e+08
0.078 1.3552e+10 2.7105e+08
0.079 1.2997e+10 2.5994e+08
0.08 1.2733e+10 2.5466e+08
0.081 1.2609e+10 2.5218e+08
0.082 1.2211e+10 2.4423e+08
0.083 1.1948e+10 2.3897e+08
0.084 1.1633e+10 2.3265e+08
0.085 1.1499e+10 2.2998e+08
0.086 1.1075e+10 2.215e+08
0.087 1.0899e+10 2.1797e+08
0.088 1.0556e+10 2.1111e+08
0.089 1.0416e+10 2.0832e+08
0.09 9.8522e+09 1.9704e+08
0.091 9.8536e+09 1.9707e+08
0.092 9.9554e+09 1.9911e+08
0.093 9.408e+09 1.8816e+08
0.094 9.2267e+09 1.8453e+08
0.095 8.796e+09 1.7592e+08
0.096 8.5872e+09 1.7174e+08
0.097 8.4568e+09 1.6914e+08
0.098 8.2507e+09 1.6501e+08
0.099 8.063e+09 1.6126e+08
0.1 7.7781e+09 1.5556e+08
0.101 7.7224e+09 1.5445e+08
0.102 7.5864e+09 1.5173e+08
0.103 7.2842e+09 1.4568e+08
0.104 7.3351e+09 1.467e+08
0.105 6.9286e+09 1.3857e+08
0.106 6.687e+09 1.3374e+08
0.107 6.4651e+09 1.293e+08
0.108 6.497e+09 1.2994e+08
0.109 6.2096e+09 1.2419e+08
0.11 6.1364e+09 1.2273e+08
0.111 5.9041e+09 1.1808e+08
0.112 5.8402e+09 1.168e+08
0.113 5.6214e+09 1.1243e+08
0.114 5.4808e+09 1.0962e+08
0.115 5.4296e+09 1.0859e+08
0.116 5.0539e+09 1.0108e+08
0.117 4.894e+09 9.788e+07
0.118 4.9433e+09 9.8865e+07
0.119 4.7553e+09 9.5106e+07
0.12 4.5678e+09 9.1357e+07
0.121 4.3994e+09 8.7989e+07
0.122 4.4156e+09 8.8313e+07
0.123 4.1823e+09 8.3645e+07
0.124 4.2505e+09 8.5011e+07
0.125 4.072e+09 8.144e+07
0.126 3.916e+09 7.832e+07
0.127 3.7324e+09 7.4649e+07
0.128 3.6729e+09 7.3459e+07
0.129 3.4882e+09 6.9764e+07
0.13 3.4779e+09 6.9557e+07
0.131 3.415e+09 6.8301e+07
0.132 3.288e+09 6.576e+07
0.133 3.2549e+09 6.5099e+07
0.134 2.9689e+09 5.9377e+07
0.135 2.9791e+09 5.9582e+07
0.136 2.9542e+09 5.9084e+07
0.137 2.8866e+09 5.7732e+07
0.138 2.7505e+09 5.501e+07
0.139 2.6268e+09 5.2537e+07
0.14 2.6774e+09 5.3547e+07
0.141 2.5537e+09 5.1073e+07
0.142 2.4281e+09 4.8562e+07
0.143 2.2882e+09 4.5764e+07
0.144 2.297e+09 4.594e+07
0.145 2.1099e+09 4.2197e+07
0.146 2.1597e+09 4.3193e+07
0.147 2.1266e+09 4.2531e+07
0.148 1.9937e+09 3.9874e+07
0.149 1.8288e+09 3.6576e+07
0.15 1.9161e+09 3.8323e+07
0.151 1.8327e+09 3.6654e+07
0.152 1.6969e+09 3.3938e+07
0.153 1.673e+09 3.346e+07
0.154 1.7274e+09 3.4548e+07
0.155 1.621e+09 3.2421e+07
0.156 1.5929e+09 3.1858e+07
0.157 1.4574e+09 2.9147e+07
0.158 1.5398e+09 3.0796e+07
0.159 1.3922e+09 2.7845e+07
0.16 1.3844e+09 2.7687e+07
0.161 1.3412e+09 2.6823e+07
0.162 1.2829e+09 2.5657e+07
0.163 1.214e+09 2.428e+07
0.164 1.1823e+09 2.3645e+07
0.165 1.1288e+09 2.2577e+07
0.166 1.1199e+09 2.2397e+07
0.167 1.0524e+09 2.1047e+07
0.168 1.0509e+09 2.1018e+07
0.169 1.0392e+09 2.0784e+07
0.17 1.0307e+09 2.0614e+07
0.171 9.5864e+08 1.9173e+07
0.172 9.5475e+08 1.9095e+07
0.173 8.8635e+08 1.7727e+07
0.174 7.9362e+08 1.5872e+07
0.175 8.5991e+08 1.7198e+07
0.176 8.1313e+08 1.6263e+07
0.177 9.1613e+08 1.8323e+07
0.178 8.0642e+08 1.6128e+07
0.179 7.7983e+08 1.5597e+07
0.18 6.8706e+08 1.3741e+07
0.181 5.8502e+08 1.17e+07
0.182 6.2873e+08 1.2575e+07
0.183 6.5082e+08 1.3016e+07
0.184 5.8254e+08 1.1651e+07
0.185 6.0051e+08 1.201e+07
0.186 4.8737e+08 9.7474e+06
0.187 5.9896e+08 1.1979e+07
0.188 5.4424e+08 1.0885e+07
0.189 5.1516e+08 1.0303e+07
0.19 4.8516e+08 9.7031e+06
0.191 4.5401e+08 9.0803e+06
0.192 4.8718e+08 9.7436e+06
0.193 4.8664e+08 9.7328e+06
0.194 4.479e+08 8.958e+06
0.195 5.047e+08 1.0094e+07
0.196 3.6514e+08 7.3028e+06
0.197 4.0499e+08 8.0998e+06
0.198 3.7247e+08 7.4494e+06
0.199 3.5472e+08 7.0943e+06
0.2 3.7151e+08 7.4302e+06
0.201 3.8983e+08 7.7965e+06
0.202 3.0898e+08 6.1797e+06
0.203 2.8664e+08 5.7328e+06
0.204 3.2234e+08 6.4468e+06
0.205 4.0406e+08 8.0812e+06
0.206 2.772e+08 5.5441e+06
0.207 3.1211e+08 6.2423e+06
0.208 2.5817e+08 5.1633e+06
0.209 2.3273e+08 4.6546e+06
0.21 2.6137e+08 5.2274e+06
0.211 2.8198e+08 5.6396e+06
0.212 2.8305e+08 5.661e+06
0.213 2.7374e+08 5.4749e+06
0.214 1.6916e+08 3.3832e+06
0.215 2.2893e+08 4.5787e+06
0.216 2.3162e+08 4.6323e+06
0.217 3.0113e+08 6.0226e+06
0.218 2.0569e+08 4.1137e+06
0.219 2.359e+08 4.718e+06
0.22 1.9297e+08 3.8593e+06
0.221 1.5357e+08 3.0714e+06
0.222 1.9375e+08 3.875e+06
0.223 1.7402e+08 3.4804e+06
0.224 1.6573e+08 3.3147e+06
0.225 2.2203e+08 4.4406e+06
0.226 2.2404e+08 4.4808e+06
0.227 1.9934e+08 3.9867e+06
0.228 1.6859e+08 3.3718e+06
0.229 1.9089e+08 3.8177e+06
0.23 1.3059e+08 2.6119e+06
0.231 2.2376e+08 4.4752e+06
0.232 1.4868e+08 2.9735e+06
0.233 2.0424e+08 4.0847e+06
0.234 1.9805e+08 3.961e+06
0.235 2.2355e+08 4.4709e+06
0.236 1.897e+08 3.794e+06
0.237 2.021e+08 4.042e+06
0.238 2.3462e+08 4.6925e+06
0.239 1.9312e+08 3.8625e+06
0.24 2.0861e+08 4.1721e+06
0.241 1.393e+08 2.7861e+06
0.242 2.2956e+08 4.5912e+06
0.243 1.6048e+08 3.2096e+06
0.244 1.7486e+08 3.4972e+06
0.245 2.279e+08 4.558e+06
0.246 1.8827e+08 3.7653e+06
0.247 1.5491e+08 3.0982e+06
0.248 1.216e+08 2.432e+06
0.249 1.7942e+08 3.5884e+06
0.25 1.8012e+08 3.6023e+06
0.251 1.3632e+08 2.7263e+06
0.252 1.5664e+08 3.1327e+06
0.253 2.2146e+08 4.4292e+06
0.254 1.5935e+08 3.1871e+06
0.255 1.891e+08 3.7821e+06
0.256 1.6325e+08 3.2649e+06
0.257 1.7561e+08 3.5122e+06
0.258 1.6255e+08 3.251e+06
0.259 2.189e+08 4.378e+06
0.26 2.033e+08 4.0661e+06
0.261 2.2556e+08 4.5112e+06
0.262 2.4782e+08 4.9565e+06
0.263 1.5062e+08 3.0124e+06
0.264 2.2571e+08 4.5141e+06
0.265 1.8409e+08 3.6819e+06
0.266 2.1907e+08 4.3815e+06
0.267 2.5925e+08 5.185e+06
0.268 2.0282e+08 4.0565e+06
0.269 2.2291e+08 4.4581e+06
0.27 2.0321e+08 4.0642e+06
0.271 2.4308e+08 4.8617e+06
0.272 2.4989e+08 4.9979e+06
0.273 2.5243e+08 5.0487e+06
0.274 2.5782e+08 5.1565e+06
0.275 2.2782e+08 4.5564e+06
0.276 2.0966e+08 4.1932e+06
0.277 2.5295e+08 5.059e+06
0.278 1.9995e+08 3.9989e+06
0.279 2.0514e+08 4.1028e+06
0.28 1.6737e+08 3.3474e+06
0.281 1.8867e+08 3.7734e+06
0.282 1.97e+08 3.9399e+06
0.283 2.2043e+08 4.4087e+06
0.284 2.202e+08 4.404e+06
0.285 2.0176e+08 4.0353e+06
0.286 2.3512e+08 4.7024e+06
0.287 1.6769e+08 3.3538e+06
0.288 2.4105e+08 4.8209e+06
0.289 1.8789e+08 3.7577e+06
0.29 2.3906e+08 4.7813e+06
0.291 2.5493e+08 5.0987e+06
0.292 2.8085e+08 5.617e+06
0.293 2.0334e+08 4.0668e+06
0.294 2.1847e+08 4.3695e+06
0.295 1.7606e+08 3.5211e+06
0.296 2.3658e+08 4.7315e+06
0.297 2.3941e+08 4.7881e+06
0.298 1.9156e+08 3.8312e+06
0.299 2.7119e+08 5.4239e+06
0.3 2.5803e+08 5.1606e+06
0.301 2.6697e+08 5.3394e+06
0.302 2.5718e+08 5.1436e+06
0.303 2.245e+08 4.4901e+06
0.304 2.4965e+08 4.993e+06
0.305 2.0838e+08 4.1677e+06
0.306 2.7416e+08 5.4832e+06
0.307 2.7724e+08 5.5448e+06
0.308 2.421e+08 4.842e+06
0.309 1.5445e+08 3.089e+06
0.31 2.1065e+08 4.213e+06
0.311 1.5286e+08 3.0571e+06
0.312 1.6815e+08 3.3629e+06
0.313 2.2143e+08 4.4286e+06
0.314 1.6936e+08 3.3872e+06
0.315 2.0295e+08 4.0591e+06
0.316 2.1091e+08 4.2182e+06
0.317 1.6584e+08 3.3167e+06
0.318 1.378e+08 2.756e+06
0.319 1.63e+08 3.2599e+06
0.32 2.0463e+08 4.0926e+06
0.321 1.9236e+08 3.8472e+06
0.322 2.1311e+08 4.2621e+06
0.323 1.6539e+08 3.3078e+06
0.324 2.1224e+08 4.2448e+06
0.325 2.2019e+08 4.4038e+06
0.326 2.1424e+08 4.2849e+06
0.327 1.8929e+08 3.7857e+06
0.328 2.0854e+08 4.1708e+06
0.329 2.3118e+08 4.6235e+06
0.33 1.74e+08 3.48e+06
0.331 1.1605e+08 2.321e+06
0.332 2.386e+08 4.7719e+06
0.333 1.9804e+08 3.9607e+06
0.334 2.1375e+08 4.2751e+06
0.335 1.6217e+08 3.2434e+06
0.336 1.7617e+08 3.5233e+06
0.337 1.4929e+08 2.9859e+06
0.338 1.344e+08 2.688e+06
0.339 1.2501e+08 2.5001e+06
0.34 9.3684e+07 1.8737e+06
0.341 1.3895e+08 2.779e+06
0.342 1.3235e+08 2.6469e+06
0.343 1.5894e+08 3.1789e+06
0.344 1.7938e+08 3.5875e+06
0.345 6.6307e+07 1.3261e+06
0.346 1.7542e+08 3.5083e+06
0.347 1.127e+08 2.254e+06
0.348 1.5544e+08 3.1088e+06
0.349 9.4349e+07 1.887e+06
0.35 1.75e+08 3.5001e+06
0.351 9.0223e+07 1.8045e+06
0.352 6.794e+07 1.3588e+06
0.353 1.3623e+08 2.7246e+06
0.354 1.2341e+08 2.4682e+06
0.355 1.3517e+08 2.7033e+06
0.356 1.191e+08 2.3821e+06
0.357 1.4895e+08 2.9791e+06
0.358 1.1226e+08 2.2453e+06
0.359 1.4173e+08 2.8346e+06
0.36 1.3397e+08 2.6795e+06
0.361 1.1068e+08 2.2137e+06
0.362 9.7961e+07 1.9592e+06
0.363 1.4106e+08 2.8212e+06
0.364 1.4546e+08 2.9092e+06
0.365 7.8714e+07 1.5743e+06
0.366 1.2428e+08 2.4856e+06
0.367 6.4342e+07 1.2868e+06
0.368 1.1418e+08 2.2836e+06
0.369 1.0848e+08 2.1695e+06
0.37 1.1185e+08 2.2369e+06
0.371 8.164e+07 1.6328e+06
0.372 6.6614e+07 1.3323e+06
0.373 7.168e+07 1.4336e+06
0.374 8.5933e+07 1.7187e+06
0.375 6.5139e+07 1.3028e+06
0.376 1.236e+08 2.472e+06
0.377 7.6269e+07 1.5254e+06
0.378 8.6431e+07 1.7286e+06
0.379 1.0592e+08 2.1184e+06
0.38 9.6404e+07 1.9281e+06
0.381 7.9552e+07 1.591e+06
0.382 1.4908e+08 2.9817e+06
0.383 9.4629e+07 1.8926e+06
0.384 7.6537e+07 1.5307e+06
0.385 1.1421e+08 2.2842e+06
0.386 5.2044e+07 1.0409e+06
0.387 8.0893e+07 1.6179e+06
0.388 8.9262e+07 1.7852e+06
0.389 9.9199e+07 1.984e+06
0.39 1.0249e+08 2.0498e+06
0.391 9.7402e+07 1.948e+06
0.392 8.8417e+07 1.7683e+06
0.393 8.4654e+07 1.6931e+06
0.394 1.0773e+08 2.1546e+06
0.395 4.1293e+07 8.2587e+05
0.396 5.292e+07 1.0584e+06
0.397 4.657e+07 9.314e+05
0.398 3.3138e+07 6.6275e+05
0.399 5.3042e+07 1.0608e+06
0.4 9.0561e+07 1.8112e+06
0.401 4.2754e+07 8.5507e+05
0.402 7.8135e+07 1.5627e+06
0.403 6.8593e+07 1.3719e+06
0.404 8.2639e+07 1.6528e+06
0.405 7.3215e+07 1.4643e+06
0.406 1.0193e+08 2.0387e+06
0.407 8.7606e+07 1.7521e+06
0.408 1.3259e+08 2.6519e+06
0.409 1.4922e+08 2.9844e+06
0.41 9.0409e+07 1.8082e+06
0.411 1.0658e+08 2.1316e+06
0.412 5.5579e+07 1.1116e+06
0.413 1.0389e+08 2.0778e+06
0.414 1.1691e+08 2.3381e+06
0.415 8.7158e+07 1.7432e+06
0.416 6.7286e+07 1.3457e+06
0.417 9.4039e+07 1.8808e+06
0.418 1.1562e+08 2.3125e+06
0.419 1.1514e+08 2.3028e+06
0.42 1.1031e+08 2.2061e+06
0.421 1.1316e+08 2.2632e+06
0.422 9.4148e+07 1.883e+06
0.423 7.9025e+07 1.5805e+06
0.424 1.4698e+08 2.9397e+06
0.425 1.3736e+08 2.7472e+06
0.426 1.1064e+08 2.2127e+06
0.427 7.4279e+07 1.4856e+06
0.428 1.0551e+08 2.1102e+06
0.429 1.0792e+08 2.1583e+06
0.43 1.068e+08 2.136e+06
0.431 1.3282e+08 2.6563e+06
0.432 9.6687e+07 1.9337e+06
0.433 7.3433e+07 1.4687e+06
0.434 1.1166e+08 2.2332e+06
0.435 1.3337e+08 2.6674e+06
0.436 7.5304e+07 1.5061e+06
0.437 1.0096e+08 2.0192e+06
0.438 9.8029e+07 1.9606e+06
0.439 1.1141e+08 2.2281e+06
0.44 1.0062e+08 2.0125e+06
0.441 8.9103e+07 1.7821e+06
0.442 6.7589e+07 1.3518e+06
0.443 1.1025e+08 2.205e+06
0.444 1.3854e+08 2.7708e+06
0.445 1.0773e+08 2.1546e+06
0.446 1.0787e+08 2.1575e+06
0.447 1.127e+08 2.2541e+06
0.448 7.6936e+07 1.5387e+06
0.449 9.5355e+07 1.9071e+06
0.45 1.0066e+08 2.0132e+06
0.451 1.2936e+08 2.5872e+06
0.452 1.2743e+08 2.5486e+06
0.453 1.3943e+08 2.7887e+06
0.454 1.2009e+08 2.4017e+06
0.455 1.4632e+08 2.9264e+06
0.456 1.1319e+08 2.2637e+06
0.457 1.0744e+08 2.1487e+06
0.458 1.3484e+08 2.6968e+06
0.459 9.449e+07 1.8898e+06
0.46 1.6062e+08 3.2125e+06
0.461 1.0704e+08 2.1408e+06
0.462 1.1019e+08 2.2038e+06
0.463 1.502e+08 3.0039e+06
0.464 1.1622e+08 2.3244e+06
0.465 1.011e+08 2.022e+06
0.466 1.2896e+08 2.5792e+06
0.467 1.4009e+08 2.8019e+06
0.468 1.1768e+08 2.3535e+06
0.469 1.2604e+08 2.5209e+06
0.47 1.0193e+08 2.0385e+06
0.471 1.7359e+08 3.4719e+06
0.472 6.2811e+07 1.2562e+06
0.473 1.0628e+08 2.1255e+06
0.474 1.1919e+08 2.3837e+06
0.475 8.6504e+07 1.7301e+06
0.476 1.1725e+08 2.345e+06
0.477 1.3569e+08 2.7137e+06
0.478 1.5599e+08 3.1197e+06
0.479 1.2648e+08 2.5296e+06
0.48 1.3822e+08 2.7643e+06
0.481 1.819e+08 3.6379e+06
0.482 1.2855e+08 2.5709e+06
0.483 1.2798e+08 2.5596e+06
0.484 9.796e+07 1.9592e+06
0.485 8.6269e+07 1.7254e+06
0.486 9.3604e+07 1.8721e+06
0.487 1.1236e+08 2.2472e+06
0.488 1.0594e+08 2.1188e+06
0.489 1.4872e+08 2.9743e+06
0.49 1.9065e+08 3.813e+06
0.491 1.3778e+08 2.7557e+06
0.492 1.1354e+08 2.2708e+06
0.493 7.7503e+07 1.5501e+06
0.494 1.0188e+08 2.0376e+06
0.495 1.2027e+08 2.4053e+06
0.496 1.5068e+08 3.0137e+06
0.497 1.2751e+08 2.5503e+06
0.498 1.0054e+08 2.0108e+06
0.499 1.4552e+08 2.9104e+06
0.5 6.2762e+07 1.2552e+06
