0.001 1.6677e+10 3.3354e+08
0.002 1.6917e+10 3.3835e+08
0.003 1.6586e+10 3.3172e+08
0.004 1.6716e+10 3.3432e+08
0.005 1.6885e+10 3.377e+08
0.006 1.7238e+10 3.4477e+08
0.007 1.6795e+10 3.359e+08
0.008 1.6267e+10 3.2535e+08
0.009 1.7087e+10 3.4174e+08
0.01 1.697e+10 3.3941e+08
0.011 1.5948e+10 3.1895e+08
0.012 1.6638e+10 3.3275e+08
0.013 1.6462e+10 3.2924e+08
0.014 1.6233e+10 3.2467e+08
0.015 1.617e+10 3.234e+08
0.016 1.5872e+10 3.1745e+08
0.017 1.6149e+10 3.2298e+08
0.018 1.6115e+10 3.223e+08
0.019 1.5689e+10 3.1378e+08
0.02 1.532e+10 3.064e+08
0.021 1.5379e+10 3.0758e+08
0.022 1.5402e+10 3.0804e+08
0.023 1.526e+10 3.0519e+08
0.024 1.519e+10 3.0381e+08
0.025 1.5124e+10 3.0248e+08
0.026 1.5196e+10 3.0391e+08
0.027 1.4784e+10 2.9568e+08
0.028 1.4634e+10 2.9268e+08
0.029 1.4425e+10 2.885e+08
0.03 1.4026e+10 2.8052e+08
0.031 1.4069e+10 2.8138e+08
0.032 1.3831e+10 2.7662e+08
0.033 1.3952e+10 2.7905e+08
0.034 1.3769e+10 2.7539e+08
0.035 1.3433e+10 2.6866e+08
0.036 1.2993e+10 2.5986e+08
0.037 1.2968e+10 2.5936e+08
0.038 1.2867e+10 2.5734e+08
0.039 1.2555e+10 2.511e+08
0.04 1.2405e+10 2.4809e+08
0.041 1.2243e+10 2.4485e+08
0.042 1.2046e+10 2.4091e+08
0.043 1.1899e+10 2.3799e+08
0.044 1.1611e+10 2.3223e+08
0.045 1.1511e+10 2.3022e+08
0.046 1.1307e+10 2.2614e+08
0.047 1.1007e+10 2.2015e+08
0.048 1.0899e+10 2.1799e+08
0.049 1.0559e+10 2.1119e+08
0.05 1.0652e+10 2.1303e+08
0.051 1.0096e+10 2.0192e+08
0.052 1.0192e+10 2.0385e+08
0.053 9.8344e+09 1.9669e+08
0.054 9.644e+09 1.9288e+08
0.055 9.5519e+09 1.9104e+08
0.056 9.1399e+09 1.828e+08
0.057 8.9679e+09 1.7936e+08
0.058 8.79e+09 1.758e+08
0.059 8.7245e+09 1.7449e+08
0.06 8.3833e+09 1.6767e+08
0.061 8.3371e+09 1.6674e+08
0.062 8.1295e+09 1.6259e+08
0.063 7.8629e+09 1.5726e+08
0.064 7.6762e+09 1.5352e+08
0.065 7.4456e+09 1.4891e+08
0.066 7.3727e+09 1.4745e+08
0.067 7.1922e+09 1.4384e+08
0.068 7.0913e+09 1.4183e+08
0.069 6.7632e+09 1.3526e+08
0.07 6.6495e+09 1.3299e+08
0.071 6.3672e+09 1.2734e+08
0.072 6.2321e+09 1.2464e+08
0.073 6.0411e+09 1.2082e+08
0.074 5.9224e+09 1.1845e+08
0.075 5.775e+09 1.155e+08
0.076 5.5167e+09 1.1033e+08
0.077 5.3716e+09 1.0743e+08
0.078 5.235e+09 1.047e+08
0.079 5.1462e+09 1.0292e+08
0.08 5.0237e+09 1.0047e+08
0.081 4.8434e+09 9.6869e+07
0.082 4.6406e+09 9.2811e+07
0.083 4.4476e+09 8.8952e+07
0.084 4.336e+09 8.672e+07
0.085 4.2315e+09 8.463e+07
0.086 4.1133e+09 8.2266e+07
0.087 3.971e+09 7.9419e+07
0.088 3.8551e+09 7.7102e+07
0.089 3.7229e+09 7.4459e+07
0.09 3.5556e+09 7.1112e+07
0.091 3.4844e+09 6.9688e+07
0.092 3.3472e+09 6.6944e+07
0.093 3.2602e+09 6.5205e+07
0.094 3.1492e+09 6.2985e+07
0.095 3.01e+09 6.0201e+07
0.096 2.8947e+09 5.7894e+07
0.097 2.8486e+09 5.6972e+07
0.098 2.7271e+09 5.4543e+07
0.099 2.6318e+09 5.2635e+07
0.1 2.5452e+09 5.0903e+07
0.101 2.3853e+09 4.7706e+07
0.102 2.3968e+09 4.7935e+07
0.103 2.2477e+09 4.4955e+07
0.104 2.1296e+09 4.2592e+07
0.105 2.1513e+09 4.3027e+07
0.106 2.0645e+09 4.1289e+07
0.107 1.9276e+09 3.8553e+07
0.108 1.8322e+09 3.6644e+07
0.109 1.7705e+09 3.541e+07
0.11 1.7496e+09 3.4991e+07
0.111 1.6592e+09 3.3184e+07
0.112 1.6357e+09 3.2714e+07
0.113 1.5177e+09 3.0355e+07
0.114 1.4849e+09 2.9699e+07
0.115 1.4129e+09 2.8259e+07
0.116 1.3544e+09 2.7087e+07
0.117 1.3572e+09 2.7144e+07
0.118 1.2802e+09 2.5603e+07
0.119 1.267e+09 2.534e+07
0.12 1.2204e+09 2.4407e+07
0.121 1.1402e+09 2.2804e+07
0.122 1.0453e+09 2.0906e+07
0.123 1.0499e+09 2.0999e+07
0.124 1.0334e+09 2.0669e+07
0.125 9.6449e+08 1.929e+07
0.126 9.7705e+08 1.9541e+07
0.127 8.8478e+08 1.7696e+07
0.128 8.9311e+08 1.7862e+07
0.129 8.5368e+08 1.7074e+07
0.13 8.095e+08 1.619e+07
0.131 7.637e+08 1.5274e+07
0.132 7.2388e+08 1.4478e+07
0.133 7.3339e+08 1.4668e+07
0.134 7.0477e+08 1.4095e+07
0.135 6.8246e+08 1.3649e+07
0.136 6.5837e+08 1.3167e+07
0.137 6.3785e+08 1.2757e+07
0.138 6.321e+08 1.2642e+07
0.139 5.517e+08 1.1034e+07
0.14 5.8215e+08 1.1643e+07
0.141 5.6699e+08 1.134e+07
0.142 5.8823e+08 1.1765e+07
0.143 5.368e+08 1.0736e+07
0.144 4.9441e+08 9.8881e+06
0.145 4.8036e+08 9.6071e+06
0.146 4.7482e+08 9.4965e+06
0.147 4.4942e+08 8.9885e+06
0.148 3.9742e+08 7.9483e+06
0.149 4.3164e+08 8.6329e+06
0.15 4.0324e+08 8.0648e+06
0.151 3.9104e+08 7.8208e+06
0.152 4.0919e+08 8.1838e+06
0.153 4.0668e+08 8.1336e+06
0.154 3.6761e+08 7.3522e+06
0.155 3.7091e+08 7.4182e+06
0.156 3.6213e+08 7.2426e+06
0.157 3.2367e+08 6.4734e+06
0.158 3.4773e+08 6.9545e+06
0.159 3.0651e+08 6.1303e+06
0.16 3.3349e+08 6.6699e+06
0.161 2.9457e+08 5.8915e+06
0.162 3.0006e+08 6.0011e+06
0.163 2.9839e+08 5.9677e+06
0.164 2.8068e+08 5.6136e+06
0.165 2.5409e+08 5.0817e+06
0.166 2.5558e+08 5.1115e+06
0.167 2.4656e+08 4.9312e+06
0.168 2.5914e+08 5.1828e+06
0.169 2.9337e+08 5.8674e+06
0.17 2.5352e+08 5.0704e+06
0.171 2.0848e+08 4.1695e+06
0.172 2.3789e+08 4.7577e+06
0.173 2.1592e+08 4.3184e+06
0.174 2.2516e+08 4.5032e+06
0.175 1.9299e+08 3.8598e+06
0.176 2.0983e+08 4.1965e+06
0.177 2.026e+08 4.052e+06
0.178 1.8724e+08 3.7449e+06
0.179 1.8864e+08 3.7728e+06
0.18 1.9435e+08 3.887e+06
0.181 2.0507e+08 4.1015e+06
0.182 1.9109e+08 3.8219e+06
0.183 1.8776e+08 3.7552e+06
0.184 1.5449e+08 3.0898e+06
0.185 1.6173e+08 3.2347e+06
0.186 1.2978e+08 2.5956e+06
0.187 1.0984e+08 2.1969e+06
0.188 1.7182e+08 3.4363e+06
0.189 1.3009e+08 2.6017e+06
0.19 1.6699e+08 3.3397e+06
0.191 1.4795e+08 2.959e+06
0.192 1.3274e+08 2.6548e+06
0.193 1.5169e+08 3.0338e+06
0.194 1.3534e+08 2.7068e+06
0.195 1.3483e+08 2.6966e+06
0.196 1.3289e+08 2.6579e+06
0.197 7.8937e+07 1.5787e+06
0.198 1.4451e+08 2.8902e+06
0.199 1.1552e+08 2.3103e+06
0.2 1.2794e+08 2.5588e+06
0.201 1.1615e+08 2.323e+06
0.202 1.1529e+08 2.3059e+06
0.203 1.051e+08 2.1021e+06
0.204 1.18e+08 2.36e+06
0.205 9.0901e+07 1.818e+06
0.206 1.2556e+08 2.5111e+06
0.207 1.1658e+08 2.3317e+06
0.208 9.6959e+07 1.9392e+06
0.209 1.2073e+08 2.4146e+06
0.21 1.1537e+08 2.3075e+06
0.211 9.258e+07 1.8516e+06
0.212 7.9295e+07 1.5859e+06
0.213 1.1156e+08 2.2313e+06
0.214 1.1445e+08 2.289e+06
0.215 8.6849e+07 1.737e+06
0.216 7.8154e+07 1.5631e+06
0.217 9.0146e+07 1.8029e+06
0.218 8.867e+07 1.7734e+06
0.219 8.7793e+07 1.7559e+06
0.22 8.9376e+07 1.7875e+06
0.221 9.5626e+07 1.9125e+06
0.222 7.0956e+07 1.4191e+06
0.223 8.3905e+07 1.6781e+06
0.224 6.34e+07 1.268e+06
0.225 1.1544e+08 2.3088e+06
0.226 8.9353e+07 1.7871e+06
0.227 6.521e+07 1.3042e+06
0.228 7.9784e+07 1.5957e+06
0.229 8.3773e+07 1.6755e+06
0.23 8.8775e+07 1.7755e+06
0.231 8.0671e+07 1.6134e+06
0.232 6.8854e+07 1.3771e+06
0.233 6.7495e+07 1.3499e+06
0.234 8.04e+07 1.608e+06
0.235 8.3331e+07 1.6666e+06
0.236 6.2865e+07 1.2573e+06
0.237 4.5534e+07 9.1068e+05
0.238 6.4499e+07 1.29e+06
0.239 8.847e+07 1.7694e+06
0.24 5.6453e+07 1.1291e+06
0.241 8.4198e+07 1.684e+06
0.242 5.5843e+07 1.1169e+06
0.243 5.5461e+07 1.1092e+06
0.244 6.0116e+07 1.2023e+06
0.245 6.4447e+07 1.2889e+06
0.246 6.9181e+07 1.3836e+06
0.247 5.8603e+07 1.1721e+06
0.248 7.1002e+07 1.42e+06
0.249 9.3318e+07 1.8664e+06
0.25 5.8187e+07 1.1637e+06
0.251 6.4644e+07 1.2929e+06
0.252 5.3026e+07 1.0605e+06
0.253 6.3274e+07 1.2655e+06
0.254 7.7469e+07 1.5494e+06
0.255 4.9489e+07 9.8977e+05
0.256 6.4262e+07 1.2852e+06
0.257 6.7151e+07 1.343e+06
0.258 5.1007e+07 1.0201e+06
0.259 6.5007e+07 1.3001e+06
0.26 6.4585e+07 1.2917e+06
0.261 6.8002e+07 1.36e+06
0.262 5.4363e+07 1.0873e+06
0.263 5.7128e+07 1.1426e+06
0.264 6.1323e+07 1.2265e+06
0.265 7.2917e+07 1.4583e+06
0.266 5.0908e+07 1.0182e+06
0.267 5.3848e+07 1.077e+06
0.268 5.5048e+07 1.101e+06
0.269 7.1272e+07 1.4254e+06
0.27 6.8386e+07 1.3677e+06
0.271 3.9148e+07 7.8296e+05
0.272 7.2773e+07 1.4555e+06
0.273 8.8438e+07 1.7688e+06
0.274 2.527e+07 5.0539e+05
0.275 4.2664e+07 8.5328e+05
0.276 7.753e+07 1.5506e+06
0.277 5.9143e+07 1.1829e+06
0.278 6.8896e+07 1.3779e+06
0.279 5.7537e+07 1.1507e+06
0.28 7.3606e+07 1.4721e+06
0.281 7.9852e+07 1.597e+06
0.282 7.2273e+07 1.4455e+06
0.283 7.4734e+07 1.4947e+06
0.284 5.8592e+07 1.1718e+06
0.285 4.8332e+07 9.6664e+05
0.286 5.1141e+07 1.0228e+06
0.287 5.4411e+07 1.0882e+06
0.288 7.1408e+07 1.4282e+06
0.289 8.4197e+07 1.6839e+06
0.29 6.7633e+07 1.3527e+06
0.291 5.6058e+07 1.1212e+06
0.292 5.8686e+07 1.1737e+06
0.293 6.6509e+07 1.3302e+06
0.294 6.7003e+07 1.3401e+06
0.295 7.9087e+07 1.5817e+06
0.296 8.0877e+07 1.6175e+06
0.297 6.2761e+07 1.2552e+06
0.298 4.2372e+07 8.4743e+05
0.299 7.7172e+07 1.5434e+06
0.3 5.6879e+07 1.1376e+06
0.301 4.8297e+07 9.6593e+05
0.302 6.7709e+07 1.3542e+06
0.303 6.7509e+07 1.3502e+06
0.304 5.5285e+07 1.1057e+06
0.305 7.5062e+07 1.5012e+06
0.306 4.9701e+07 9.9402e+05
0.307 6.1686e+07 1.2337e+06
0.308 6.6044e+07 1.3209e+06
0.309 6.842e+07 1.3684e+06
0.31 8.1685e+07 1.6337e+06
0.311 7.1601e+07 1.432e+06
0.312 7.2808e+07 1.4562e+06
0.313 7.8124e+07 1.5625e+06
0.314 6.2692e+07 1.2538e+06
0.315 5.3563e+07 1.0713e+06
0.316 5.05e+07 1.01e+06
0.317 7.775e+07 1.555e+06
0.318 6.6991e+07 1.3398e+06
0.319 5.4203e+07 1.0841e+06
0.32 3.563e+07 7.126e+05
0.321 6.8489e+07 1.3698e+06
0.322 5.0485e+07 1.0097e+06
0.323 7.2903e+07 1.4581e+06
0.324 5.0279e+07 1.0056e+06
0.325 5.2081e+07 1.0416e+06
0.326 6.6147e+07 1.3229e+06
0.327 2.0635e+07 4.1269e+05
0.328 6.5634e+07 1.3127e+06
0.329 5.4523e+07 1.0905e+06
0.33 6.9457e+07 1.3891e+06
0.331 4.8934e+07 9.7869e+05
0.332 3.3324e+07 6.6647e+05
0.333 4.7217e+07 9.4433e+05
0.334 4.0005e+07 8.0011e+05
0.335 3.3183e+07 6.6366e+05
0.336 4.6203e+07 9.2405e+05
0.337 2.557e+07 5.114e+05
0.338 6.5047e+07 1.3009e+06
0.339 5.0572e+07 1.0114e+06
0.34 5.8606e+07 1.1721e+06
0.341 3.3881e+07 6.7762e+05
0.342 5.0723e+07 1.0145e+06
0.343 4.5699e+07 9.1397e+05
0.344 2.9408e+07 5.8816e+05
0.345 5.422e+07 1.0844e+06
0.346 7.2914e+07 1.4583e+06
0.347 5.6433e+07 1.1287e+06
0.348 3.6906e+07 7.3811e+05
0.349 5.2933e+07 1.0587e+06
0.35 3.5034e+07 7.0068e+05
0.351 5.2102e+07 1.042e+06
0.352 3.9717e+07 7.9434e+05
0.353 5.1655e+07 1.0331e+06
0.354 4.174e+07 8.348e+05
0.355 4.4245e+07 8.849e+05
0.356 5.9599e+07 1.192e+06
0.357 7.0924e+07 1.4185e+06
0.358 6.1295e+07 1.2259e+06
0.359 2.9355e+07 5.871e+05
0.36 4.2938e+07 8.5876e+05
0.361 5.9657e+07 1.1931e+06
0.362 2.3358e+07 4.6716e+05
0.363 4.0006e+07 8.0012e+05
0.364 5.3541e+07 1.0708e+06
0.365 3.6622e+07 7.3245e+05
0.366 3.3503e+07 6.7006e+05
0.367 7.1675e+07 1.4335e+06
0.368 2.0971e+07 4.1941e+05
0.369 3.4993e+07 6.9985e+05
0.37 2.6472e+07 5.2944e+05
0.371 1.8257e+07 3.6515e+05
0.372 2.3091e+07 4.6182e+05
0.373 2.5424e+07 5.0848e+05
0.374 3.7057e+07 7.4113e+05
0.375 4.2705e+07 8.5409e+05
0.376 5.6826e+07 1.1365e+06
0.377 1.6678e+07 3.3356e+05
0.378 3.1177e+07 6.2354e+05
0.379 2.9219e+07 5.8439e+05
0.38 2.5826e+07 5.1653e+05
0.381 4.9962e+07 9.9925e+05
0.382 4.674e+07 9.348e+05
0.383 4.7335e+07 9.467e+05
0.384 3.1978e+07 6.3956e+05
0.385 2.6025e+07 5.2049e+05
0.386 4.6244e+07 9.2489e+05
0.387 4.0703e+07 8.1405e+05
0.388 2.2071e+07 4.4142e+05
0.389 3.0866e+07 6.1733e+05
0.39 4.646e+07 9.292e+05
0.391 5.882e+07 1.1764e+06
0.392 4.1921e+07 8.3843e+05
0.393 5.8719e+07 1.1744e+06
0.394 4.5484e+07 9.0967e+05
0.395 4.4068e+07 8.8136e+05
0.396 3.5593e+07 7.1187e+05
0.397 3.7954e+07 7.5909e+05
0.398 2.0656e+07 4.1313e+05
0.399 5.4612e+07 1.0922e+06
0.4 4.5291e+07 9.0582e+05
0.401 2.7431e+07 5.4863e+05
0.402 3.249e+07 6.498e+05
0.403 2.7571e+07 5.5142e+05
0.404 1.8916e+07 3.7832e+05
0.405 3.1592e+07 6.3185e+05
0.406 3.6333e+07 7.2667e+05
0.407 4.3855e+07 8.771e+05
0.408 4.3362e+07 8.6724e+05
0.409 1.9184e+07 3.8369e+05
0.41 2.8344e+07 5.6688e+05
0.411 2.9998e+07 5.9997e+05
0.412 1.9612e+07 3.9224e+05
0.413 4.3004e+07 8.6008e+05
0.414 4.9105e+07 9.821e+05
0.415 5.519e+07 1.1038e+06
0.416 3.4939e+07 6.9878e+05
0.417 3.8273e+07 7.6545e+05
0.418 3.5882e+07 7.1764e+05
0.419 2.2867e+07 4.5733e+05
0.42 3.3759e+07 6.7517e+05
0.421 2.4201e+07 4.8403e+05
0.422 3.9228e+07 7.8457e+05
0.423 4.0161e+07 8.0322e+05
0.424 3.411e+07 6.8219e+05
0.425 4.4193e+07 8.8385e+05
0.426 6.3209e+07 1.2642e+06
0.427 4.376e+07 8.7519e+05
0.428 3.9066e+07 7.8132e+05
0.429 4.4139e+07 8.8278e+05
0.43 2.6912e+07 5.3824e+05
0.431 3.1145e+07 6.229e+05
0.432 3.1174e+07 6.2348e+05
0.433 4.3572e+07 8.7145e+05
0.434 2.9807e+07 5.9614e+05
0.435 3.9518e+07 7.9036e+05
0.436 4.7954e+07 9.5907e+05
0.437 3.5182e+07 7.0363e+05
0.438 3.4431e+07 6.8862e+05
0.439 3.4966e+07 6.9931e+05
0.44 5.2635e+07 1.0527e+06
0.441 3.4243e+07 6.8486e+05
0.442 6.0955e+07 1.2191e+06
0.443 3.9475e+07 7.8949e+05
0.444 4.6253e+07 9.2507e+05
0.445 3.6272e+07 7.2544e+05
0.446 1.8189e+07 3.6379e+05
0.447 4.0288e+07 8.0576e+05
0.448 2.3021e+07 4.6042e+05
0.449 3.6901e+07 7.3803e+05
0.45 2.8744e+07 5.7489e+05
0.451 3.5603e+07 7.1205e+05
0.452 4.4827e+07 8.9654e+05
0.453 4.5794e+07 9.1588e+05
0.454 5.1735e+07 1.0347e+06
0.455 4.3807e+07 8.7615e+05
0.456 4.4641e+07 8.9281e+05
0.457 3.4129e+07 6.8258e+05
0.458 4.3962e+07 8.7925e+05
0.459 1.9938e+07 3.9875e+05
0.46 5.2092e+07 1.0418e+06
0.461 3.871e+07 7.742e+05
0.462 3.6288e+07 7.2576e+05
0.463 3.0014e+07 6.0028e+05
0.464 3.1294e+07 6.2588e+05
0.465 3.8159e+07 7.6317e+05
0.466 1.7653e+07 3.5305e+05
0.467 4.2803e+07 8.5607e+05
0.468 4.7448e+07 9.4896e+05
0.469 3.9962e+07 7.9925e+05
0.47 3.3428e+07 6.6857e+05
0.471 4.2382e+07 8.4764e+05
0.472 4.0477e+07 8.0953e+05
0.473 3.6392e+07 7.2783e+05
0.474 5.2612e+07 1.0522e+06
0.475 4.8544e+07 9.7088e+05
0.476 3.5999e+07 7.1998e+05
0.477 4.4352e+07 8.8703e+05
0.478 4.9485e+07 9.897e+05
0.479 5.0634e+07 1.0127e+06
0.48 3.7204e+07 7.4409e+05
0.481 2.3937e+07 4.7875e+05
0.482 5.2965e+07 1.0593e+06
0.483 4.9875e+07 9.975e+05
0.484 4.2942e+07 8.5885e+05
0.485 5.0087e+07 1.0017e+06
0.486 3.4515e+07 6.903e+05
0.487 5.4906e+07 1.0981e+06
0.488 3.0214e+07 6.0429e+05
0.489 2.1723e+07 4.3445e+05
0.49 1.717e+07 3.434e+05
0.491 3.3205e+07 6.641e+05
0.492 4.4727e+07 8.9453e+05
0.493 2.5583e+07 5.1166e+05
0.494 4.948e+07 9.8959e+05
0.495 4.8108e+07 9.6216e+05
0.496 3.4926e+07 6.9852e+05
0.497 4.9148e+07 9.8296e+05
0.498 5.1563e+07 1.0313e+06
0.499 4.1778e+07 8.3556e+05
0.5 2.8155e+07 5.631e+05
