0.001 2.464e+10 4.928e+08
0.002 2.4737e+10 4.9474e+08
0.003 2.5618e+10 5.1237e+08
0.004 2.5847e+10 5.1694e+08
0.005 2.5704e+10 5.1407e+08
0.006 2.5475e+10 5.095e+08
0.007 2.5293e+10 5.0586e+08
0.008 2.543e+10 5.086e+08
0.009 2.5608e+10 5.1215e+08
0.01 2.4697e+10 4.9393e+08
0.011 2.5208e+10 5.0416e+08
0.012 2.4346e+10 4.8692e+08
0.013 2.4036e+10 4.8072e+08
0.014 2.4508e+10 4.9017e+08
0.015 2.4476e+10 4.8953e+08
0.016 2.4e+10 4.8001e+08
0.017 2.4116e+10 4.8231e+08
0.018 2.4217e+10 4.8434e+08
0.019 2.3611e+10 4.7222e+08
0.02 2.3236e+10 4.6471e+08
0.021 2.3823e+10 4.7646e+08
0.022 2.3372e+10 4.6744e+08
0.023 2.3459e+10 4.6918e+08
0.024 2.3111e+10 4.6223e+08
0.025 2.294e+10 4.5879e+08
0.026 2.2791e+10 4.5583e+08
0.027 2.2399e+10 4.4798e+08
0.028 2.2519e+10 4.5038e+08
0.029 2.2345e+10 4.469e+08
0.03 2.185e+10 4.37e+08
0.031 2.1468e+10 4.2936e+08
0.032 2.1139e+10 4.2277e+08
0.033 2.1137e+10 4.2274e+08
0.034 2.0742e+10 4.1483e+08
0.035 2.0616e+10 4.1233e+08
0.036 2.0258e+10 4.0516e+08
0.037 2.0147e+10 4.0295e+08
0.038 2.0004e+10 4.0009e+08
0.039 1.9662e+10 3.9325e+08
0.04 1.9149e+10 3.8299e+08
0.041 1.912e+10 3.824e+08
0.042 1.9108e+10 3.8217e+08
0.043 1.8411e+10 3.6823e+08
0.044 1.8114e+10 3.6228e+08
0.045 1.8033e+10 3.6066e+08
0.046 1.7912e+10 3.5823e+08
0.047 1.7447e+10 3.4894e+08
0.048 1.7031e+10 3.4062e+08
0.049 1.6952e+10 3.3904e+08
0.05 1.639e+10 3.2781e+08
0.051 1.6032e+10 3.2064e+08
0.052 1.5855e+10 3.171e+08
0.053 1.5719e+10 3.1438e+08
0.054 1.5352e+10 3.0705e+08
0.055 1.5168e+10 3.0335e+08
0.056 1.4793e+10 2.9586e+08
0.057 1.4692e+10 2.9385e+08
0.058 1.4435e+10 2.8869e+08
0.059 1.3713e+10 2.7426e+08
0.06 1.3674e+10 2.7348e+08
0.061 1.3546e+10 2.7091e+08
0.062 1.3214e+10 2.6429e+08
0.063 1.2831e+10 2.5662e+08
0.064 1.2587e+10 2.5175e+08
0.065 1.243e+10 2.486e+08
0.066 1.2009e+10 2.4019e+08
0.067 1.1908e+10 2.3816e+08
0.068 1.1468e+10 2.2936e+08
0.069 1.1252e+10 2.2503e+08
0.07 1.1019e+10 2.2038e+08
0.071 1.0885e+10 2.177e+08
0.072 1.048e+10 2.0959e+08
0.073 1.0254e+10 2.0507e+08
0.074 9.9844e+09 1.9969e+08
0.075 9.7735e+09 1.9547e+08
0.076 9.518e+09 1.9036e+08
0.077 9.225e+09 1.845e+08
0.078 9.1451e+09 1.829e+08
0.079 8.9777e+09 1.7955e+08
0.08 8.7673e+09 1.7535e+08
0.081 8.3951e+09 1.679e+08
0.082 8.1511e+09 1.6302e+08
0.083 7.944e+09 1.5888e+08
0.084 7.7023e+09 1.5405e+08
0.085 7.5017e+09 1.5003e+08
0.086 7.3031e+09 1.4606e+08
0.087 7.208e+09 1.4416e+08
0.088 6.9335e+09 1.3867e+08
0.089 6.7461e+09 1.3492e+08
0.09 6.5132e+09 1.3026e+08
0.091 6.4344e+09 1.2869e+08
0.092 6.2648e+09 1.253e+08
0.093 5.9091e+09 1.1818e+08
0.094 5.7175e+09 1.1435e+08
0.095 5.4509e+09 1.0902e+08
0.096 5.4755e+09 1.0951e+08
0.097 5.3636e+09 1.0727e+08
0.098 5.0652e+09 1.013e+08
0.099 4.91e+09 9.8201e+07
0.1 4.879e+09 9.7579e+07
0.101 4.7662e+09 9.5324e+07
0.102 4.6801e+09 9.3603e+07
0.103 4.4633e+09 8.9265e+07
0.104 4.3662e+09 8.7323e+07
0.105 4.1842e+09 8.3684e+07
0.106 4.004e+09 8.008e+07
0.107 3.9093e+09 7.8187e+07
0.108 3.8368e+09 7.6736e+07
0.109 3.6482e+09 7.2963e+07
0.11 3.5206e+09 7.0412e+07
0.111 3.4354e+09 6.8707e+07
0.112 3.2531e+09 6.5062e+07
0.113 3.2261e+09 6.4523e+07
0.114 3.1555e+09 6.3109e+07
0.115 2.8862e+09 5.7724e+07
0.116 2.8604e+09 5.7208e+07
0.117 2.7772e+09 5.5544e+07
0.118 2.8235e+09 5.647e+07
0.119 2.6668e+09 5.3336e+07
0.12 2.6378e+09 5.2756e+07
0.121 2.5272e+09 5.0544e+07
0.122 2.4009e+09 4.8019e+07
0.123 2.3344e+09 4.6689e+07
0.124 2.2454e+09 4.4908e+07
0.125 2.1896e+09 4.3792e+07
0.126 2.1168e+09 4.2337e+07
0.127 2.0663e+09 4.1327e+07
0.128 1.9401e+09 3.8802e+07
0.129 1.8686e+09 3.7372e+07
0.13 1.8525e+09 3.705e+07
0.131 1.7719e+09 3.5438e+07
0.132 1.7668e+09 3.5336e+07
0.133 1.5759e+09 3.1519e+07
0.134 1.6083e+09 3.2167e+07
0.135 1.5628e+09 3.1256e+07
0.136 1.4787e+09 2.9575e+07
0.137 1.5273e+09 3.0546e+07
0.138 1.4354e+09 2.8708e+07
0.139 1.3976e+09 2.7951e+07
0.14 1.2886e+09 2.5773e+07
0.141 1.3087e+09 2.6174e+07
0.142 1.2578e+09 2.5156e+07
0.143 1.1984e+09 2.3968e+07
0.144 1.256e+09 2.512e+07
0.145 1.125e+09 2.2501e+07
0.146 1.1073e+09 2.2145e+07
0.147 1.065e+09 2.13e+07
0.148 9.737e+08 1.9474e+07
0.149 1.018e+09 2.0359e+07
0.15 9.7462e+08 1.9492e+07
0.151 9.2703e+08 1.8541e+07
0.152 9.06e+08 1.812e+07
0.153 9.2597e+08 1.8519e+07
0.154 8.3762e+08 1.6752e+07
0.155 8.2742e+08 1.6548e+07
0.156 8.273e+08 1.6546e+07
0.157 8.5332e+08 1.7066e+07
0.158 7.7362e+08 1.5472e+07
0.159 7.239e+08 1.4478e+07
0.16 6.6672e+08 1.3334e+07
0.161 6.8629e+08 1.3726e+07
0.162 7.3414e+08 1.4683e+07
0.163 6.6431e+08 1.3286e+07
0.164 6.2179e+08 1.2436e+07
0.165 6.1501e+08 1.23e+07
0.166 6.1063e+08 1.2213e+07
0.167 5.4474e+08 1.0895e+07
0.168 5.44e+08 1.088e+07
0.169 5.601e+08 1.1202e+07
0.17 5.7724e+08 1.1545e+07
0.171 5.3062e+08 1.0612e+07
0.172 5.3401e+08 1.068e+07
0.173 4.8497e+08 9.6993e+06
0.174 4.6954e+08 9.3907e+06
0.175 4.5457e+08 9.0915e+06
0.176 4.3552e+08 8.7103e+06
0.177 4.3216e+08 8.6433e+06
0.178 3.0173e+08 6.0346e+06
0.179 3.8395e+08 7.6791e+06
0.18 3.9359e+08 7.8718e+06
0.181 3.7774e+08 7.5548e+06
0.182 2.9303e+08 5.8606e+06
0.183 3.266e+08 6.5321e+06
0.184 3.1959e+08 6.3918e+06
0.185 3.4271e+08 6.8542e+06
0.186 3.2769e+08 6.5538e+06
0.187 3.1651e+08 6.3302e+06
0.188 2.9347e+08 5.8694e+06
0.189 3.2101e+08 6.4201e+06
0.19 2.8757e+08 5.7514e+06
0.191 2.7037e+08 5.4074e+06
0.192 2.7199e+08 5.4399e+06
0.193 2.1148e+08 4.2296e+06
0.194 3.0135e+08 6.0271e+06
0.195 2.2349e+08 4.4698e+06
0.196 2.3727e+08 4.7454e+06
0.197 2.2481e+08 4.4961e+06
0.198 2.7223e+08 5.4447e+06
0.199 2.0221e+08 4.0443e+06
0.2 1.8813e+08 3.7625e+06
0.201 1.9662e+08 3.9324e+06
0.202 1.8872e+08 3.7745e+06
0.203 2.0453e+08 4.0906e+06
0.204 2.3441e+08 4.6882e+06
0.205 1.8141e+08 3.6281e+06
0.206 1.9748e+08 3.9496e+06
0.207 1.8739e+08 3.7477e+06
0.208 1.7077e+08 3.4155e+06
0.209 1.9575e+08 3.9151e+06
0.21 1.9158e+08 3.8315e+06
0.211 1.6236e+08 3.2472e+06
0.212 1.5671e+08 3.1342e+06
0.213 1.2987e+08 2.5974e+06
0.214 1.3981e+08 2.7963e+06
0.215 1.1679e+08 2.3358e+06
0.216 1.6295e+08 3.2589e+06
0.217 1.528e+08 3.0559e+06
0.218 1.6252e+08 3.2505e+06
0.219 1.4434e+08 2.8868e+06
0.22 1.2443e+08 2.4886e+06
0.221 1.2049e+08 2.4099e+06
0.222 1.5428e+08 3.0855e+06
0.223 9.2344e+07 1.8469e+06
0.224 1.332e+08 2.664e+06
0.225 1.2209e+08 2.4418e+06
0.226 1.2533e+08 2.5067e+06
0.227 1.3776e+08 2.7551e+06
0.228 1.2146e+08 2.4292e+06
0.229 1.0644e+08 2.1288e+06
0.23 9.2422e+07 1.8484e+06
0.231 9.6392e+07 1.9278e+06
0.232 1.6609e+08 3.3217e+06
0.233 7.1875e+07 1.4375e+06
0.234 6.9473e+07 1.3895e+06
0.235 1.0965e+08 2.193e+06
0.236 1.0825e+08 2.165e+06
0.237 1.2733e+08 2.5466e+06
0.238 1.3244e+08 2.6488e+06
0.239 1.0651e+08 2.1302e+06
0.24 1.3123e+08 2.6246e+06
0.241 1.4349e+08 2.8699e+06
0.242 1.0729e+08 2.1458e+06
0.243 1.2354e+08 2.4707e+06
0.244 1.0848e+08 2.1696e+06
0.245 9.8996e+07 1.9799e+06
0.246 1.0574e+08 2.1148e+06
0.247 1.312e+08 2.6241e+06
0.248 9.4006e+07 1.8801e+06
0.249 1.0295e+08 2.059e+06
0.25 1.4892e+08 2.9784e+06
0.251 8.3089e+07 1.6618e+06
0.252 1.2714e+08 2.5428e+06
0.253 1.1261e+08 2.2521e+06
0.254 8.7073e+07 1.7415e+06
0.255 1.3425e+08 2.685e+06
0.256 1.5076e+08 3.0152e+06
0.257 8.5957e+07 1.7191e+06
0.258 1.1356e+08 2.2712e+06
0.259 9.1525e+07 1.8305e+06
0.26 8.1527e+07 1.6305e+06
0.261 8.745e+07 1.749e+06
0.262 1.2312e+08 2.4624e+06
0.263 1.5636e+08 3.1272e+06
0.264 1.2674e+08 2.5349e+06
0.265 1.0166e+08 2.0331e+06
0.266 1.6036e+08 3.2072e+06
0.267 1.158e+08 2.316e+06
0.268 1.1875e+08 2.375e+06
0.269 1.409e+08 2.818e+06
0.27 1.3408e+08 2.6816e+06
0.271 1.5284e+08 3.0568e+06
0.272 1.4911e+08 2.9822e+06
0.273 1.1808e+08 2.3616e+06
0.274 1.322e+08 2.644e+06
0.275 1.7306e+08 3.4612e+06
0.276 1.189e+08 2.378e+06
0.277 1.1128e+08 2.2257e+06
0.278 1.2145e+08 2.429e+06
0.279 1.1494e+08 2.2989e+06
0.28 1.2352e+08 2.4705e+06
0.281 1.1912e+08 2.3824e+06
0.282 1.115e+08 2.23e+06
0.283 9.3554e+07 1.8711e+06
0.284 1.2323e+08 2.4647e+06
0.285 1.3648e+08 2.7296e+06
0.286 1.0971e+08 2.1942e+06
0.287 1.5474e+08 3.0949e+06
0.288 1.4579e+08 2.9159e+06
0.289 1.3845e+08 2.769e+06
0.29 1.6912e+08 3.3824e+06
0.291 1.5931e+08 3.1862e+06
0.292 1.294e+08 2.5879e+06
0.293 1.2737e+08 2.5474e+06
0.294 1.1516e+08 2.3032e+06
0.295 1.0216e+08 2.0432e+06
0.296 1.4036e+08 2.8073e+06
0.297 1.5412e+08 3.0825e+06
0.298 1.1622e+08 2.3244e+06
0.299 1.511e+08 3.0219e+06
0.3 8.9936e+07 1.7987e+06
0.301 1.5401e+08 3.0802e+06
0.302 1.1693e+08 2.3385e+06
0.303 1.171e+08 2.342e+06
0.304 1.314e+08 2.628e+06
0.305 1.2332e+08 2.4663e+06
0.306 1.3361e+08 2.6722e+06
0.307 1.0307e+08 2.0615e+06
0.308 1.5185e+08 3.0371e+06
0.309 1.5057e+08 3.0113e+06
0.31 1.556e+08 3.1119e+06
0.311 1.2091e+08 2.4182e+06
0.312 1.4002e+08 2.8005e+06
0.313 1.4207e+08 2.8414e+06
0.314 1.0514e+08 2.1028e+06
0.315 1.176e+08 2.352e+06
0.316 7.3064e+07 1.4613e+06
0.317 8.1752e+07 1.635e+06
0.318 1.8791e+08 3.7583e+06
0.319 1.066e+08 2.132e+06
0.32 9.7363e+07 1.9473e+06
0.321 1.3999e+08 2.7998e+06
0.322 1.037e+08 2.074e+06
0.323 1.3181e+08 2.6361e+06
0.324 9.865e+07 1.973e+06
0.325 1.0021e+08 2.0042e+06
0.326 1.1424e+08 2.2848e+06
0.327 9.615e+07 1.923e+06
0.328 8.9113e+07 1.7823e+06
0.329 1.197e+08 2.394e+06
0.33 8.7817e+07 1.7563e+06
0.331 8.3974e+07 1.6795e+06
0.332 1.117e+08 2.234e+06
0.333 1.1278e+08 2.2555e+06
0.334 1.1269e+08 2.2537e+06
0.335 1.2167e+08 2.4333e+06
0.336 1.1147e+08 2.2294e+06
0.337 8.2775e+07 1.6555e+06
0.338 6.4609e+07 1.2922e+06
0.339 9.2083e+07 1.8417e+06
0.34 8.8184e+07 1.7637e+06
0.341 8.4749e+07 1.695e+06
0.342 9.7763e+07 1.9553e+06
0.343 1.2839e+08 2.5678e+06
0.344 1.0297e+08 2.0594e+06
0.345 1.0522e+08 2.1044e+06
0.346 8.3082e+07 1.6616e+06
0.347 1.0166e+08 2.0333e+06
0.348 9.4132e+07 1.8826e+06
0.349 8.8259e+07 1.7652e+06
0.35 5.1546e+07 1.0309e+06
0.351 9.0776e+07 1.8155e+06
0.352 7.6599e+07 1.532e+06
0.353 7.5195e+07 1.5039e+06
0.354 1.0223e+08 2.0446e+06
0.355 7.6104e+07 1.5221e+06
0.356 9.3386e+07 1.8677e+06
0.357 1.1373e+08 2.2746e+06
0.358 6.8597e+07 1.3719e+06
0.359 5.5204e+07 1.1041e+06
0.36 8.1806e+07 1.6361e+06
0.361 8.0162e+07 1.6032e+06
0.362 6.5831e+07 1.3166e+06
0.363 8.8644e+07 1.7729e+06
0.364 4.8273e+07 9.6545e+05
0.365 5.5888e+07 1.1178e+06
0.366 6.6575e+07 1.3315e+06
0.367 7.6842e+07 1.5368e+06
0.368 2.8347e+07 5.6694e+05
0.369 4.8799e+07 9.7598e+05
0.37 6.3599e+07 1.272e+06
0.371 4.2132e+07 8.4265e+05
0.372 1.0087e+08 2.0174e+06
0.373 5.7771e+07 1.1554e+06
0.374 8.1158e+07 1.6232e+06
0.375 3.8639e+07 7.7278e+05
0.376 7.3371e+07 1.4674e+06
0.377 5.8392e+07 1.1678e+06
0.378 6.9422e+07 1.3884e+06
0.379 7.5425e+07 1.5085e+06
0.38 3.7919e+07 7.5839e+05
0.381 6.7159e+07 1.3432e+06
0.382 7.6416e+07 1.5283e+06
0.383 2.917e+07 5.8339e+05
0.384 5.525e+07 1.105e+06
0.385 3.1505e+07 6.3011e+05
0.386 4.914e+07 9.8281e+05
0.387 6.4965e+07 1.2993e+06
0.388 7.3468e+07 1.4694e+06
0.389 6.0945e+07 1.2189e+06
0.39 6.9036e+07 1.3807e+06
0.391 4.8279e+07 9.6558e+05
0.392 5.7811e+07 1.1562e+06
0.393 9.8399e+07 1.968e+06
0.394 7.1946e+07 1.4389e+06
0.395 6.3103e+07 1.2621e+06
0.396 4.5394e+07 9.0788e+05
0.397 7.4848e+07 1.497e+06
0.398 2.8969e+07 5.7938e+05
0.399 6.4405e+07 1.2881e+06
0.4 3.9141e+07 7.8282e+05
0.401 5.9317e+07 1.1863e+06
0.402 6.3197e+07 1.2639e+06
0.403 3.3452e+07 6.6905e+05
0.404 8.7964e+07 1.7593e+06
0.405 5.9504e+07 1.1901e+06
0.406 5.7986e+07 1.1597e+06
0.407 6.3303e+07 1.2661e+06
0.408 5.6373e+07 1.1275e+06
0.409 7.8409e+07 1.5682e+06
0.41 7.002e+07 1.4004e+06
0.411 3.3126e+07 6.6253e+05
0.412 5.9853e+07 1.1971e+06
0.413 6.1119e+07 1.2224e+06
0.414 5.9408e+07 1.1882e+06
0.415 4.5816e+07 9.1633e+05
0.416 6.1726e+07 1.2345e+06
0.417 7.6881e+07 1.5376e+06
0.418 6.3746e+07 1.2749e+06
0.419 5.0742e+07 1.0148e+06
0.42 5.9198e+07 1.184e+06
0.421 6.8919e+07 1.3784e+06
0.422 4.0028e+07 8.0056e+05
0.423 7.422e+07 1.4844e+06
0.424 8.1461e+07 1.6292e+06
0.425 4.2267e+07 8.4534e+05
0.426 7.5611e+07 1.5122e+06
0.427 6.0251e+07 1.205e+06
0.428 7.6565e+07 1.5313e+06
0.429 5.8313e+07 1.1663e+06
0.43 9.9997e+07 1.9999e+06
0.431 7.6256e+07 1.5251e+06
0.432 6.0506e+07 1.2101e+06
0.433 6.4618e+07 1.2924e+06
0.434 9.9198e+07 1.984e+06
0.435 3.789e+07 7.5779e+05
0.436 5.0911e+07 1.0182e+06
0.437 7.6006e+07 1.5201e+06
0.438 7.9102e+07 1.582e+06
0.439 7.6447e+07 1.5289e+06
0.44 5.8054e+07 1.1611e+06
0.441 6.402e+07 1.2804e+06
0.442 6.4728e+07 1.2946e+06
0.443 8.7659e+07 1.7532e+06
0.444 6.545e+07 1.309e+06
0.445 8.8765e+07 1.7753e+06
0.446 9.3185e+07 1.8637e+06
0.447 3.8425e+07 7.685e+05
0.448 7.4152e+07 1.483e+06
0.449 9.6634e+07 1.9327e+06
0.45 5.7549e+07 1.151e+06
0.451 6.8055e+07 1.3611e+06
0.452 7.0209e+07 1.4042e+06
0.453 8.2193e+07 1.6439e+06
0.454 7.5274e+07 1.5055e+06
0.455 8.437e+07 1.6874e+06
0.456 7.0436e+07 1.4087e+06
0.457 6.3445e+07 1.2689e+06
0.458 9.7134e+07 1.9427e+06
0.459 7.4772e+07 1.4954e+06
0.46 9.2183e+07 1.8437e+06
0.461 1.1213e+08 2.2425e+06
0.462 8.8341e+07 1.7668e+06
0.463 8.4915e+07 1.6983e+06
0.464 4.3265e+07 8.6531e+05
0.465 6.8809e+07 1.3762e+06
0.466 4.7106e+07 9.4213e+05
0.467 8.9777e+07 1.7955e+06
0.468 7.5591e+07 1.5118e+06
0.469 8.2553e+07 1.6511e+06
0.47 8.1624e+07 1.6325e+06
0.471 7.6043e+07 1.5209e+06
0.472 6.465e+07 1.293e+06
0.473 7.8629e+07 1.5726e+06
0.474 6.9397e+07 1.3879e+06
0.475 7.4963e+07 1.4993e+06
0.476 6.682e+07 1.3364e+06
0.477 1.1153e+08 2.2306e+06
0.478 8.9249e+07 1.785e+06
0.479 1.0493e+08 2.0985e+06
0.48 1.0045e+08 2.009e+06
0.481 7.3856e+07 1.4771e+06
0.482 6.1619e+07 1.2324e+06
0.483 5.8628e+07 1.1726e+06
0.484 8.4724e+07 1.6945e+06
0.485 1.0179e+08 2.0359e+06
0.486 1.0896e+08 2.1792e+06
0.487 9.6107e+07 1.9221e+06
0.488 7.6496e+07 1.5299e+06
0.489 9.2601e+07 1.852e+06
0.49 8.7843e+07 1.7569e+06
0.491 7.6315e+07 1.5263e+06
0.492 9.0401e+07 1.808e+06
0.493 6.4547e+07 1.2909e+06
0.494 6.0577e+07 1.2115e+06
0.495 9.6061e+07 1.9212e+06
0.496 6.048e+07 1.2096e+06
0.497 6.2486e+07 1.2497e+06
0.498 6.6904e+07 1.3381e+06
0.499 5.7662e+07 1.1532e+06
0.5 8.6115e+07 1.7223e+06
