0.001 4.0669e+09 2.8063e+08
0.002 4.6289e+09 1.9843e+08
0.003 4.3499e+09 1.62e+08
0.004 4.3945e+09 1.4027e+08
0.005 4.2652e+09 1.2544e+08
0.006 4.3547e+09 1.1448e+08
0.007 4.3955e+09 1.0596e+08
0.008 4.3506e+09 9.9085e+07
0.009 4.3527e+09 9.3384e+07
0.01 4.3557e+09 8.8556e+07
0.011 4.4773e+09 8.4397e+07
0.012 4.2549e+09 8.0764e+07
0.013 4.3009e+09 7.7554e+07
0.014 4.34e+09 7.469e+07
0.015 4.3014e+09 7.2113e+07
0.016 4.3215e+09 6.9777e+07
0.017 4.3503e+09 6.7647e+07
0.018 4.3809e+09 6.5692e+07
0.019 4.3727e+09 6.389e+07
0.02 4.11e+09 6.2221e+07
0.021 4.3362e+09 6.0669e+07
0.022 4.2705e+09 5.9221e+07
0.023 4.2646e+09 5.7864e+07
0.024 4.2397e+09 5.659e+07
0.025 4.0823e+09 5.539e+07
0.026 4.1464e+09 5.4257e+07
0.027 4.192e+09 5.3184e+07
0.028 4.0638e+09 5.2166e+07
0.029 4.1377e+09 5.1199e+07
0.03 4.1221e+09 5.0277e+07
0.031 4.1509e+09 4.9397e+07
0.032 4.0892e+09 4.8557e+07
0.033 4.0977e+09 4.7752e+07
0.034 4.0214e+09 4.698e+07
0.035 3.9767e+09 4.624e+07
0.036 3.9396e+09 4.5527e+07
0.037 3.957e+09 4.4842e+07
0.038 3.9495e+09 4.4181e+07
0.039 3.8543e+09 4.3544e+07
0.04 3.9062e+09 4.2929e+07
0.041 3.8871e+09 4.2334e+07
0.042 3.8736e+09 4.1759e+07
0.043 3.7748e+09 4.1201e+07
0.044 3.7141e+09 4.0661e+07
0.045 3.7382e+09 4.0137e+07
0.046 3.7612e+09 3.9628e+07
0.047 3.7415e+09 3.9134e+07
0.048 3.7303e+09 3.8653e+07
0.049 3.7065e+09 3.8186e+07
0.05 3.684e+09 3.7731e+07
0.051 3.5843e+09 3.7288e+07
0.052 3.5309e+09 3.6856e+07
0.053 3.513e+09 3.6435e+07
0.054 3.5464e+09 3.6024e+07
0.055 3.4803e+09 3.5623e+07
0.056 3.4115e+09 3.5231e+07
0.057 3.3975e+09 3.4848e+07
0.058 3.3765e+09 3.4474e+07
0.059 3.3719e+09 3.4109e+07
0.06 3.3133e+09 3.3751e+07
0.061 3.312e+09 3.3401e+07
0.062 3.3444e+09 3.3058e+07
0.063 3.2364e+09 3.2722e+07
0.064 3.2535e+09 3.2393e+07
0.065 3.2229e+09 3.2071e+07
0.066 3.1398e+09 3.1755e+07
0.067 3.098e+09 3.1445e+07
0.068 3.1111e+09 3.1141e+07
0.069 3.0255e+09 3.0843e+07
0.07 3.0279e+09 3.055e+07
0.071 3.0106e+09 3.0263e+07
0.072 2.9308e+09 2.9981e+07
0.073 2.9435e+09 2.9704e+07
0.074 2.9613e+09 2.9432e+07
0.075 2.8415e+09 2.9164e+07
0.076 2.8683e+09 2.8901e+07
0.077 2.7842e+09 2.8643e+07
0.078 2.7505e+09 2.8389e+07
0.079 2.702e+09 2.814e+07
0.08 2.6979e+09 2.7894e+07
0.081 2.6955e+09 2.7653e+07
0.082 2.6441e+09 2.7416e+07
0.083 2.6331e+09 2.7182e+07
0.084 2.5955e+09 2.6952e+07
0.085 2.5582e+09 2.6726e+07
0.086 2.4817e+09 2.6503e+07
0.087 2.4858e+09 2.6284e+07
0.088 2.454e+09 2.6068e+07
0.089 2.4326e+09 2.5856e+07
0.09 2.4191e+09 2.5647e+07
0.091 2.3402e+09 2.5441e+07
0.092 2.3218e+09 2.5238e+07
0.093 2.3494e+09 2.5038e+07
0.094 2.2934e+09 2.4841e+07
0.095 2.2297e+09 2.4647e+07
0.096 2.1679e+09 2.4456e+07
0.097 2.1994e+09 2.4268e+07
0.098 2.1745e+09 2.4083e+07
0.099 2.1388e+09 2.39e+07
0.1 2.0814e+09 2.372e+07
0.101 2.0939e+09 2.3543e+07
0.102 2.0493e+09 2.3368e+07
0.103 2.0346e+09 2.3195e+07
0.104 2e+09 2.3025e+07
0.105 1.9443e+09 2.2858e+07
0.106 1.9273e+09 2.2693e+07
0.107 1.9123e+09 2.253e+07
0.108 1.8734e+09 2.2369e+07
0.109 1.8735e+09 2.2211e+07
0.11 1.7679e+09 2.2055e+07
0.111 1.778e+09 2.1901e+07
0.112 1.7288e+09 2.1749e+07
0.113 1.7326e+09 2.16e+07
0.114 1.7313e+09 2.1452e+07
0.115 1.6468e+09 2.1307e+07
0.116 1.6624e+09 2.1163e+07
0.117 1.6354e+09 2.1022e+07
0.118 1.6357e+09 2.0882e+07
0.119 1.58e+09 2.0745e+07
0.12 1.5962e+09 2.0609e+07
0.121 1.5318e+09 2.0475e+07
0.122 1.5311e+09 2.0343e+07
0.123 1.4715e+09 2.0212e+07
0.124 1.4687e+09 2.0084e+07
0.125 1.4054e+09 1.9957e+07
0.126 1.4124e+09 1.9832e+07
0.127 1.389e+09 1.9709e+07
0.128 1.3647e+09 1.9587e+07
0.129 1.3552e+09 1.9467e+07
0.13 1.3352e+09 1.9348e+07
0.131 1.327e+09 1.9231e+07
0.132 1.307e+09 1.9116e+07
0.133 1.2614e+09 1.9002e+07
0.134 1.2317e+09 1.889e+07
0.135 1.2013e+09 1.8779e+07
0.136 1.2065e+09 1.867e+07
0.137 1.1804e+09 1.8562e+07
0.138 1.1677e+09 1.8455e+07
0.139 1.1398e+09 1.835e+07
0.14 1.1301e+09 1.8247e+07
0.141 1.1032e+09 1.8144e+07
0.142 1.1272e+09 1.8043e+07
0.143 1.0625e+09 1.7944e+07
0.144 1.0227e+09 1.7846e+07
0.145 1.0252e+09 1.7748e+07
0.146 9.9575e+08 1.7653e+07
0.147 9.9078e+08 1.7558e+07
0.148 9.6034e+08 1.7465e+07
0.149 9.5958e+08 1.7373e+07
0.15 9.3277e+08 1.7282e+07
0.151 8.9864e+08 1.7192e+07
0.152 8.8619e+08 1.7103e+07
0.153 8.8972e+08 1.7016e+07
0.154 8.8711e+08 1.693e+07
0.155 8.8985e+08 1.6845e+07
0.156 8.15e+08 1.676e+07
0.157 8.1503e+08 1.6677e+07
0.158 8.037e+08 1.6595e+07
0.159 8.0099e+08 1.6514e+07
0.16 7.694e+08 1.6434e+07
0.161 7.3669e+08 1.6356e+07
0.162 7.5855e+08 1.6278e+07
0.163 7.2284e+08 1.6201e+07
0.164 7.0661e+08 1.6125e+07
0.165 6.873e+08 1.605e+07
0.166 6.9111e+08 1.5976e+07
0.167 6.8468e+08 1.5903e+07
0.168 6.5491e+08 1.583e+07
0.169 6.2799e+08 1.5759e+07
0.17 6.52e+08 1.5689e+07
0.171 6.3212e+08 1.5619e+07
0.172 6.1289e+08 1.555e+07
0.173 5.7353e+08 1.5482e+07
0.174 5.8063e+08 1.5415e+07
0.175 5.6718e+08 1.5349e+07
0.176 5.4888e+08 1.5284e+07
0.177 5.3914e+08 1.5219e+07
0.178 5.3714e+08 1.5155e+07
0.179 5.0807e+08 1.5092e+07
0.18 5.0848e+08 1.503e+07
0.181 5.0375e+08 1.4969e+07
0.182 5.0623e+08 1.4908e+07
0.183 4.7649e+08 1.4848e+07
0.184 4.8512e+08 1.4789e+07
0.185 4.5214e+08 1.473e+07
0.186 4.3333e+08 1.4672e+07
0.187 4.4836e+08 1.4615e+07
0.188 4.4931e+08 1.4559e+07
0.189 4.0478e+08 1.4503e+07
0.19 4.1029e+08 1.4448e+07
0.191 3.8364e+08 1.4393e+07
0.192 3.9317e+08 1.4339e+07
0.193 3.7355e+08 1.4286e+07
0.194 3.7813e+08 1.4234e+07
0.195 3.4847e+08 1.4182e+07
0.196 3.7685e+08 1.413e+07
0.197 3.4921e+08 1.408e+07
0.198 3.4707e+08 1.4029e+07
0.199 3.1644e+08 1.398e+07
0.2 3.2646e+08 1.3931e+07
0.201 3.3846e+08 1.3883e+07
0.202 2.781e+08 1.3835e+07
0.203 2.9014e+08 1.3788e+07
0.204 2.8443e+08 1.3741e+07
0.205 2.6102e+08 1.3695e+07
0.206 2.9952e+08 1.3649e+07
0.207 2.6087e+08 1.3604e+07
0.208 2.7337e+08 1.3559e+07
0.209 2.5285e+08 1.3515e+07
0.21 2.6125e+08 1.3472e+07
0.211 2.6126e+08 1.3429e+07
0.212 2.3046e+08 1.3386e+07
0.213 2.4298e+08 1.3344e+07
0.214 1.9752e+08 1.3302e+07
0.215 2.3247e+08 1.3261e+07
0.216 2.3173e+08 1.3221e+07
0.217 2.3107e+08 1.318e+07
0.218 2.0094e+08 1.3141e+07
0.219 2.0416e+08 1.3101e+07
0.22 1.902e+08 1.3063e+07
0.221 1.8639e+08 1.3024e+07
0.222 1.7906e+08 1.2986e+07
0.223 1.8349e+08 1.2949e+07
0.224 1.6278e+08 1.2911e+07
0.225 1.4195e+08 1.2875e+07
0.226 1.5089e+08 1.2838e+07
0.227 1.6106e+08 1.2802e+07
0.228 1.6735e+08 1.2767e+07
0.229 1.4275e+08 1.2732e+07
0.23 1.5072e+08 1.2697e+07
0.231 1.3767e+08 1.2663e+07
0.232 1.4479e+08 1.2629e+07
0.233 1.4659e+08 1.2595e+07
0.234 1.4031e+08 1.2562e+07
0.235 1.08e+08 1.2529e+07
0.236 1.1914e+08 1.2496e+07
0.237 1.1931e+08 1.2464e+07
0.238 1.2065e+08 1.2432e+07
0.239 1.0551e+08 1.2401e+07
0.24 1.2377e+08 1.237e+07
0.241 8.8856e+07 1.2339e+07
0.242 9.6487e+07 1.2308e+07
0.243 1.2076e+08 1.2278e+07
0.244 8.3477e+07 1.2248e+07
0.245 1.0487e+08 1.2219e+07
0.246 1.0092e+08 1.2189e+07
0.247 1.1161e+08 1.216e+07
0.248 1.0432e+08 1.2132e+07
0.249 8.2137e+07 1.2103e+07
0.25 8.5169e+07 1.2075e+07
0.251 7.3659e+07 1.2047e+07
0.252 8.3093e+07 1.202e+07
0.253 6.149e+07 1.1993e+07
0.254 7.8997e+07 1.1966e+07
0.255 6.6356e+07 1.1939e+07
0.256 5.5843e+07 1.1913e+07
0.257 7.8242e+07 1.1886e+07
0.258 4.6884e+07 1.186e+07
0.259 8.4468e+07 1.1835e+07
0.26 7.69e+07 1.1809e+07
0.261 5.7044e+07 1.1784e+07
0.262 7.2798e+07 1.1759e+07
0.263 5.2288e+07 1.1735e+07
0.264 3.2809e+07 1.171e+07
0.265 4.0481e+07 1.1686e+07
0.266 3.6113e+07 1.1662e+07
0.267 4.0538e+07 1.1638e+07
0.268 4.3163e+07 1.1614e+07
0.269 4.9002e+07 1.1591e+07
0.27 5.9261e+07 1.1568e+07
0.271 4.8448e+07 1.1545e+07
0.272 3.2765e+07 1.1522e+07
0.273 4.5227e+07 1.15e+07
0.274 1.9325e+07 1.1477e+07
0.275 3.5084e+07 1.1455e+07
0.276 2.5385e+07 1.1433e+07
0.277 3.927e+07 1.1412e+07
0.278 3.8994e+07 1.139e+07
0.279 4.1875e+07 1.1369e+07
0.28 1.6826e+07 1.1347e+07
0.281 3.5469e+07 1.1326e+07
0.282 2.8158e+07 1.1306e+07
0.283 2.6422e+07 1.1285e+07
0.284 2.8901e+07 1.1264e+07
0.285 2.239e+07 1.1244e+07
0.286 6.3984e+07 1.1224e+07
0.287 2.4866e+07 1.1204e+07
0.288 3.6732e+07 1.1184e+07
0.289 4.2072e+07 1.1164e+07
0.29 3.0996e+07 1.1145e+07
0.291 3.0636e+07 1.1125e+07
0.292 3.5159e+07 1.1106e+07
0.293 4.6713e+07 1.1087e+07
0.294 2.6729e+07 1.1068e+07
0.295 3.5453e+07 1.1049e+07
0.296 3.72e+07 1.1031e+07
0.297 3.944e+07 1.1012e+07
0.298 3.3376e+07 1.0994e+07
0.299 2.3089e+07 1.0975e+07
0.3 4.6478e+07 1.0957e+07
0.301 2.4489e+07 1.0939e+07
0.302 4.8358e+07 1.0921e+07
0.303 5.6271e+07 1.0903e+07
0.304 3.7126e+07 1.0886e+07
0.305 2.7798e+07 1.0868e+07
0.306 3.1142e+07 1.0851e+07
0.307 3.7042e+07 1.0834e+07
0.308 2.3033e+07 1.0816e+07
0.309 1.9957e+07 1.0799e+07
0.31 5.7475e+07 1.0782e+07
0.311 1.5529e+07 1.0765e+07
0.312 3.3716e+07 1.0749e+07
0.313 2.1469e+07 1.0732e+07
0.314 3.765e+07 1.0715e+07
0.315 4.905e+07 1.0699e+07
0.316 4.5115e+07 1.0683e+07
0.317 5.3542e+07 1.0666e+07
0.318 3.6325e+07 1.065e+07
0.319 3.5091e+07 1.0634e+07
0.32 4.7635e+07 1.0618e+07
0.321 3.9992e+07 1.0602e+07
0.322 4.7659e+07 1.0586e+07
0.323 3.9091e+07 1.0571e+07
0.324 5.3954e+07 1.0555e+07
0.325 5.9922e+07 1.0539e+07
0.326 4.5426e+07 1.0524e+07
0.327 4.5709e+07 1.0508e+07
0.328 3.3914e+07 1.0493e+07
0.329 3.7752e+07 1.0478e+07
0.33 4.5046e+07 1.0463e+07
0.331 3.0925e+07 1.0448e+07
0.332 5.5911e+07 1.0433e+07
0.333 5.2109e+07 1.0418e+07
0.334 6.6737e+07 1.0403e+07
0.335 6.407e+07 1.0388e+07
0.336 4.0967e+07 1.0373e+07
0.337 3.8067e+07 1.0359e+07
0.338 4.0369e+07 1.0344e+07
0.339 4.0924e+07 1.033e+07
0.34 5.8419e+07 1.0315e+07
0.341 6.2619e+07 1.0301e+07
0.342 4.4506e+07 1.0286e+07
0.343 4.7098e+07 1.0272e+07
0.344 5.1244e+07 1.0258e+07
0.345 4.0695e+07 1.0244e+07
0.346 4.6104e+07 1.023e+07
0.347 6.3451e+07 1.0216e+07
0.348 5.3318e+07 1.0202e+07
0.349 5.9796e+07 1.0188e+07
0.35 5.7411e+07 1.0174e+07
0.351 7.0972e+07 1.016e+07
0.352 5.9083e+07 1.0146e+07
0.353 4.8784e+07 1.0133e+07
0.354 4.1637e+07 1.0119e+07
0.355 4.0272e+07 1.0105e+07
0.356 7.7662e+07 1.0092e+07
0.357 7.6486e+07 1.0078e+07
0.358 5.6e+07 1.0065e+07
0.359 3.5938e+07 1.0051e+07
0.36 6.9628e+07 1.0038e+07
0.361 6.0055e+07 1.0025e+07
0.362 7.9137e+07 1.0011e+07
0.363 5.3368e+07 9.9983e+06
0.364 5.833e+07 9.9851e+06
0.365 6.7659e+07 9.972e+06
0.366 5.491e+07 9.9589e+06
0.367 5.7764e+07 9.9459e+06
0.368 4.7509e+07 9.9329e+06
0.369 7.2279e+07 9.9199e+06
0.37 7.3659e+07 9.907e+06
0.371 7.4916e+07 9.8941e+06
0.372 6.5158e+07 9.8813e+06
0.373 5.6862e+07 9.8685e+06
0.374 6.0023e+07 9.8558e+06
0.375 6.3749e+07 9.8431e+06
0.376 7.5401e+07 9.8304e+06
0.377 9.7633e+07 9.8178e+06
0.378 6.0781e+07 9.8052e+06
0.379 8.0184e+07 9.7926e+06
0.38 6.8893e+07 9.7801e+06
0.381 6.2129e+07 9.7676e+06
0.382 7.4724e+07 9.7552e+06
0.383 6.8808e+07 9.7428e+06
0.384 7.8846e+07 9.7304e+06
0.385 6.7642e+07 9.7181e+06
0.386 7.8383e+07 9.7058e+06
0.387 8.5629e+07 9.6935e+06
0.388 7.3456e+07 9.6813e+06
0.389 5.8726e+07 9.6691e+06
0.39 5.8469e+07 9.6569e+06
0.391 8.7547e+07 9.6448e+06
0.392 6.9313e+07 9.6327e+06
0.393 7.381e+07 9.6207e+06
0.394 7.4465e+07 9.6087e+06
0.395 8.7861e+07 9.5967e+06
0.396 7.4558e+07 9.5848e+06
0.397 8.5246e+07 9.5728e+06
0.398 8.2567e+07 9.561e+06
0.399 7.2087e+07 9.5491e+06
0.4 6.5753e+07 9.5373e+06
0.401 7.0422e+07 9.5255e+06
0.402 8.0506e+07 9.5138e+06
0.403 6.6373e+07 9.5021e+06
0.404 7.8453e+07 9.4904e+06
0.405 7.1491e+07 9.4788e+06
0.406 6.5811e+07 9.4671e+06
0.407 8.5336e+07 9.4556e+06
0.408 7.312e+07 9.444e+06
0.409 7.5501e+07 9.4325e+06
0.41 7.1773e+07 9.421e+06
0.411 5.9728e+07 9.4096e+06
0.412 7.8985e+07 9.3982e+06
0.413 5.9734e+07 9.3868e+06
0.414 8.2184e+07 9.3754e+06
0.415 7.2313e+07 9.3641e+06
0.416 5.7871e+07 9.3528e+06
0.417 5.9751e+07 9.3416e+06
0.418 6.3051e+07 9.3304e+06
0.419 6.8324e+07 9.3192e+06
0.42 7.6749e+07 9.308e+06
0.421 8.9374e+07 9.2969e+06
0.422 8.2261e+07 9.2858e+06
0.423 9.2479e+07 9.2748e+06
0.424 6.6421e+07 9.2637e+06
0.425 8.0739e+07 9.2528e+06
0.426 5.9967e+07 9.2418e+06
0.427 7.4946e+07 9.2309e+06
0.428 6.7489e+07 9.22e+06
0.429 7.1879e+07 9.2091e+06
0.43 7.911e+07 9.1983e+06
0.431 7.5457e+07 9.1875e+06
0.432 7.6664e+07 9.1767e+06
0.433 9.3714e+07 9.166e+06
0.434 8.1284e+07 9.1553e+06
0.435 6.3583e+07 9.1446e+06
0.436 6.5814e+07 9.134e+06
0.437 7.5882e+07 9.1234e+06
0.438 5.106e+07 9.1128e+06
0.439 8.4804e+07 9.1023e+06
0.44 7.03e+07 9.0918e+06
0.441 8.2231e+07 9.0813e+06
0.442 7.9443e+07 9.0709e+06
0.443 7.5365e+07 9.0605e+06
0.444 8.8865e+07 9.0501e+06
0.445 7.264e+07 9.0397e+06
0.446 5.6535e+07 9.0294e+06
0.447 7.9202e+07 9.0191e+06
0.448 4.3415e+07 9.0089e+06
0.449 6.6046e+07 8.9987e+06
0.45 7.3947e+07 8.9885e+06
0.451 7.3043e+07 8.9783e+06
0.452 7.3294e+07 8.9682e+06
0.453 6.7843e+07 8.9581e+06
0.454 6.7291e+07 8.9481e+06
0.455 7.0289e+07 8.938e+06
0.456 5.3508e+07 8.9281e+06
0.457 7.7433e+07 8.9181e+06
0.458 6.2715e+07 8.9082e+06
0.459 6.0046e+07 8.8983e+06
0.46 7.7907e+07 8.8884e+06
0.461 7.6889e+07 8.8786e+06
0.462 8.6615e+07 8.8688e+06
0.463 8.7075e+07 8.859e+06
0.464 6.5231e+07 8.8492e+06
0.465 7.2912e+07 8.8395e+06
0.466 5.7797e+07 8.8298e+06
0.467 6.2188e+07 8.8202e+06
0.468 6.7241e+07 8.8106e+06
0.469 5.4706e+07 8.801e+06
0.47 7.178e+07 8.7914e+06
0.471 7.086e+07 8.7819e+06
0.472 5.7001e+07 8.7724e+06
0.473 8.0335e+07 8.7629e+06
0.474 6.1399e+07 8.7535e+06
0.475 7.583e+07 8.7441e+06
0.476 7.7086e+07 8.7347e+06
0.477 4.6486e+07 8.7253e+06
0.478 7.2381e+07 8.716e+06
0.479 6.6291e+07 8.7067e+06
0.48 5.9503e+07 8.6975e+06
0.481 7.1617e+07 8.6882e+06
0.482 8.1372e+07 8.679e+06
0.483 6.0003e+07 8.6698e+06
0.484 5.903e+07 8.6607e+06
0.485 6.7202e+07 8.6516e+06
0.486 5.4156e+07 8.6425e+06
0.487 6.5598e+07 8.6334e+06
0.488 6.9678e+07 8.6244e+06
0.489 6.8702e+07 8.6154e+06
0.49 6.2987e+07 8.6064e+06
0.491 5.7975e+07 8.5974e+06
0.492 5.8936e+07 8.5885e+06
0.493 5.586e+07 8.5796e+06
0.494 5.0713e+07 8.5707e+06
0.495 6.2628e+07 8.5619e+06
0.496 5.9087e+07 8.5531e+06
0.497 6.9184e+07 8.5443e+06
0.498 5.5059e+07 8.5355e+06
0.499 6.3024e+07 8.5268e+06
0.5 7.0738e+07 8.5181e+06
