0.001 5.2012e+09 3.5921e+08
0.002 5.4033e+09 2.5399e+08
0.003 5.4967e+09 2.0736e+08
0.004 5.4114e+09 1.7955e+08
0.005 5.6448e+09 1.6057e+08
0.006 5.5015e+09 1.4655e+08
0.007 5.603e+09 1.3565e+08
0.008 5.4456e+09 1.2685e+08
0.009 5.4355e+09 1.1956e+08
0.01 5.3945e+09 1.1338e+08
0.011 5.5108e+09 1.0806e+08
0.012 5.5919e+09 1.0341e+08
0.013 5.5553e+09 9.9311e+07
0.014 5.4267e+09 9.565e+07
0.015 5.3844e+09 9.2356e+07
0.016 5.5442e+09 8.9371e+07
0.017 5.308e+09 8.6649e+07
0.018 5.3266e+09 8.4153e+07
0.019 5.4836e+09 8.1852e+07
0.02 5.2341e+09 7.9721e+07
0.021 5.3146e+09 7.7741e+07
0.022 5.362e+09 7.5893e+07
0.023 5.4702e+09 7.4163e+07
0.024 5.2668e+09 7.2538e+07
0.025 5.2272e+09 7.1008e+07
0.026 5.2091e+09 6.9564e+07
0.027 5.289e+09 6.8197e+07
0.028 5.1568e+09 6.6901e+07
0.029 5.3056e+09 6.5669e+07
0.03 5.0901e+09 6.4496e+07
0.031 5.1856e+09 6.3377e+07
0.032 5.1186e+09 6.2308e+07
0.033 5.0285e+09 6.1284e+07
0.034 5.0903e+09 6.0304e+07
0.035 4.9995e+09 5.9363e+07
0.036 4.8968e+09 5.8458e+07
0.037 4.9351e+09 5.7588e+07
0.038 4.9834e+09 5.6749e+07
0.039 4.8549e+09 5.5941e+07
0.04 4.9011e+09 5.516e+07
0.041 4.8916e+09 5.4406e+07
0.042 4.8344e+09 5.3677e+07
0.043 4.7385e+09 5.297e+07
0.044 4.8291e+09 5.2286e+07
0.045 4.8295e+09 5.1622e+07
0.046 4.8229e+09 5.0978e+07
0.047 4.7804e+09 5.0353e+07
0.048 4.671e+09 4.9745e+07
0.049 4.6106e+09 4.9154e+07
0.05 4.6727e+09 4.8579e+07
0.051 4.5838e+09 4.8019e+07
0.052 4.4829e+09 4.7473e+07
0.053 4.527e+09 4.6941e+07
0.054 4.4569e+09 4.6422e+07
0.055 4.4043e+09 4.5916e+07
0.056 4.48e+09 4.5421e+07
0.057 4.3364e+09 4.4939e+07
0.058 4.361e+09 4.4467e+07
0.059 4.3445e+09 4.4005e+07
0.06 4.3496e+09 4.3554e+07
0.061 4.262e+09 4.3113e+07
0.062 4.1854e+09 4.2681e+07
0.063 4.1831e+09 4.2258e+07
0.064 4.086e+09 4.1843e+07
0.065 4.1587e+09 4.1437e+07
0.066 3.9879e+09 4.1039e+07
0.067 3.9864e+09 4.0649e+07
0.068 3.995e+09 4.0266e+07
0.069 3.9692e+09 3.9891e+07
0.07 3.8817e+09 3.9522e+07
0.071 3.8598e+09 3.9161e+07
0.072 3.7281e+09 3.8806e+07
0.073 3.7759e+09 3.8457e+07
0.074 3.7538e+09 3.8115e+07
0.075 3.6706e+09 3.7779e+07
0.076 3.7061e+09 3.7448e+07
0.077 3.6098e+09 3.7123e+07
0.078 3.6149e+09 3.6804e+07
0.079 3.5216e+09 3.649e+07
0.08 3.5314e+09 3.6181e+07
0.081 3.4872e+09 3.5877e+07
0.082 3.4164e+09 3.5578e+07
0.083 3.4509e+09 3.5284e+07
0.084 3.317e+09 3.4995e+07
0.085 3.3348e+09 3.471e+07
0.086 3.3149e+09 3.443e+07
0.087 3.2223e+09 3.4154e+07
0.088 3.232e+09 3.3883e+07
0.089 3.2109e+09 3.3615e+07
0.09 3.1106e+09 3.3352e+07
0.091 3.0585e+09 3.3092e+07
0.092 3.0589e+09 3.2837e+07
0.093 2.9959e+09 3.2585e+07
0.094 2.9626e+09 3.2337e+07
0.095 2.9354e+09 3.2092e+07
0.096 2.9056e+09 3.1851e+07
0.097 2.8536e+09 3.1614e+07
0.098 2.8495e+09 3.138e+07
0.099 2.842e+09 3.115e+07
0.1 2.7868e+09 3.0922e+07
0.101 2.7057e+09 3.0698e+07
0.102 2.712e+09 3.0477e+07
0.103 2.6492e+09 3.0259e+07
0.104 2.6154e+09 3.0044e+07
0.105 2.5922e+09 2.9833e+07
0.106 2.5919e+09 2.9624e+07
0.107 2.4811e+09 2.9418e+07
0.108 2.4826e+09 2.9214e+07
0.109 2.4677e+09 2.9014e+07
0.11 2.3828e+09 2.8816e+07
0.111 2.4242e+09 2.8621e+07
0.112 2.4073e+09 2.8429e+07
0.113 2.3686e+09 2.8239e+07
0.114 2.291e+09 2.8052e+07
0.115 2.2764e+09 2.7867e+07
0.116 2.2071e+09 2.7685e+07
0.117 2.1951e+09 2.7505e+07
0.118 2.1749e+09 2.7327e+07
0.119 2.0635e+09 2.7152e+07
0.12 2.086e+09 2.6979e+07
0.121 2.0756e+09 2.6809e+07
0.122 2.0028e+09 2.664e+07
0.123 1.995e+09 2.6474e+07
0.124 1.9902e+09 2.631e+07
0.125 1.9361e+09 2.6148e+07
0.126 1.9161e+09 2.5989e+07
0.127 1.8923e+09 2.5831e+07
0.128 1.8332e+09 2.5675e+07
0.129 1.8355e+09 2.5522e+07
0.13 1.8041e+09 2.537e+07
0.131 1.7179e+09 2.522e+07
0.132 1.7654e+09 2.5072e+07
0.133 1.6786e+09 2.4927e+07
0.134 1.6555e+09 2.4782e+07
0.135 1.6651e+09 2.464e+07
0.136 1.6392e+09 2.45e+07
0.137 1.5599e+09 2.4361e+07
0.138 1.5223e+09 2.4224e+07
0.139 1.5552e+09 2.4089e+07
0.14 1.5204e+09 2.3956e+07
0.141 1.5043e+09 2.3824e+07
0.142 1.4599e+09 2.3694e+07
0.143 1.4727e+09 2.3565e+07
0.144 1.4243e+09 2.3438e+07
0.145 1.3749e+09 2.3313e+07
0.146 1.3426e+09 2.3189e+07
0.147 1.3313e+09 2.3067e+07
0.148 1.3499e+09 2.2946e+07
0.149 1.2829e+09 2.2827e+07
0.15 1.3121e+09 2.2709e+07
0.151 1.24e+09 2.2593e+07
0.152 1.2282e+09 2.2478e+07
0.153 1.2402e+09 2.2365e+07
0.154 1.2413e+09 2.2253e+07
0.155 1.1389e+09 2.2142e+07
0.156 1.1714e+09 2.2033e+07
0.157 1.117e+09 2.1925e+07
0.158 1.1116e+09 2.1818e+07
0.159 1.0593e+09 2.1713e+07
0.16 1.0258e+09 2.1609e+07
0.161 1.012e+09 2.1506e+07
0.162 1.0515e+09 2.1404e+07
0.163 1.0057e+09 2.1304e+07
0.164 1.0198e+09 2.1205e+07
0.165 9.6589e+08 2.1107e+07
0.166 9.4774e+08 2.101e+07
0.167 8.937e+08 2.0915e+07
0.168 9.0167e+08 2.082e+07
0.169 9.1687e+08 2.0727e+07
0.17 8.7834e+08 2.0635e+07
0.171 8.6769e+08 2.0544e+07
0.172 8.1238e+08 2.0454e+07
0.173 8.2262e+08 2.0365e+07
0.174 8.2284e+08 2.0277e+07
0.175 7.9398e+08 2.019e+07
0.176 7.4919e+08 2.0105e+07
0.177 7.6031e+08 2.002e+07
0.178 7.3861e+08 1.9936e+07
0.179 7.0639e+08 1.9854e+07
0.18 6.9786e+08 1.9772e+07
0.181 6.972e+08 1.9691e+07
0.182 7.0705e+08 1.9611e+07
0.183 6.64e+08 1.9532e+07
0.184 6.3455e+08 1.9454e+07
0.185 6.0217e+08 1.9377e+07
0.186 5.8801e+08 1.9301e+07
0.187 6.3464e+08 1.9226e+07
0.188 6.2087e+08 1.9152e+07
0.189 5.9046e+08 1.9078e+07
0.19 5.5038e+08 1.9006e+07
0.191 5.5582e+08 1.8934e+07
0.192 5.684e+08 1.8863e+07
0.193 5.2739e+08 1.8793e+07
0.194 4.9134e+08 1.8723e+07
0.195 5.0822e+08 1.8655e+07
0.196 4.876e+08 1.8587e+07
0.197 5.0177e+08 1.852e+07
0.198 4.6252e+08 1.8454e+07
0.199 4.4628e+08 1.8389e+07
0.2 4.3484e+08 1.8324e+07
0.201 4.3196e+08 1.8261e+07
0.202 4.0703e+08 1.8197e+07
0.203 4.2729e+08 1.8135e+07
0.204 4.1789e+08 1.8073e+07
0.205 3.8848e+08 1.8012e+07
0.206 4.0295e+08 1.7952e+07
0.207 3.8592e+08 1.7893e+07
0.208 3.6173e+08 1.7834e+07
0.209 3.308e+08 1.7776e+07
0.21 3.6671e+08 1.7718e+07
0.211 3.2907e+08 1.7661e+07
0.212 3.0055e+08 1.7605e+07
0.213 3.2732e+08 1.7549e+07
0.214 3.375e+08 1.7494e+07
0.215 3.004e+08 1.744e+07
0.216 2.7885e+08 1.7386e+07
0.217 2.9139e+08 1.7333e+07
0.218 2.7056e+08 1.7281e+07
0.219 2.9449e+08 1.7229e+07
0.22 2.3677e+08 1.7177e+07
0.221 2.4143e+08 1.7127e+07
0.222 2.442e+08 1.7076e+07
0.223 2.4028e+08 1.7027e+07
0.224 2.2622e+08 1.6978e+07
0.225 2.1105e+08 1.6929e+07
0.226 2.0974e+08 1.6881e+07
0.227 2.3199e+08 1.6834e+07
0.228 2.1224e+08 1.6787e+07
0.229 2.1063e+08 1.674e+07
0.23 1.973e+08 1.6695e+07
0.231 2.0944e+08 1.6649e+07
0.232 1.9048e+08 1.6604e+07
0.233 1.851e+08 1.656e+07
0.234 1.7802e+08 1.6516e+07
0.235 1.9301e+08 1.6473e+07
0.236 1.4764e+08 1.643e+07
0.237 1.669e+08 1.6387e+07
0.238 1.5818e+08 1.6345e+07
0.239 1.2326e+08 1.6303e+07
0.24 1.3184e+08 1.6262e+07
0.241 1.4174e+08 1.6222e+07
0.242 1.337e+08 1.6181e+07
0.243 1.5624e+08 1.6141e+07
0.244 1.3659e+08 1.6102e+07
0.245 1.4473e+08 1.6063e+07
0.246 1.2874e+08 1.6024e+07
0.247 1.3176e+08 1.5986e+07
0.248 1.2584e+08 1.5948e+07
0.249 1.08e+08 1.5911e+07
0.25 9.7284e+07 1.5874e+07
0.251 1.209e+08 1.5837e+07
0.252 1.1091e+08 1.5801e+07
0.253 8.6217e+07 1.5765e+07
0.254 8.7464e+07 1.573e+07
0.255 1.0485e+08 1.5695e+07
0.256 9.911e+07 1.566e+07
0.257 8.0621e+07 1.5625e+07
0.258 7.4334e+07 1.5591e+07
0.259 9.5875e+07 1.5557e+07
0.26 8.0631e+07 1.5524e+07
0.261 9.6962e+07 1.5491e+07
0.262 8.5847e+07 1.5458e+07
0.263 5.2205e+07 1.5425e+07
0.264 6.6616e+07 1.5393e+07
0.265 5.5049e+07 1.5361e+07
0.266 8.7989e+07 1.533e+07
0.267 7.6464e+07 1.5298e+07
0.268 5.456e+07 1.5267e+07
0.269 9.5665e+07 1.5237e+07
0.27 4.6636e+07 1.5206e+07
0.271 5.4713e+07 1.5176e+07
0.272 5.393e+07 1.5146e+07
0.273 5.2304e+07 1.5117e+07
0.274 7.871e+07 1.5087e+07
0.275 4.746e+07 1.5058e+07
0.276 5.2055e+07 1.503e+07
0.277 4.3104e+07 1.5001e+07
0.278 8.7e+07 1.4973e+07
0.279 6.5472e+07 1.4945e+07
0.28 5.7069e+07 1.4917e+07
0.281 4.4327e+07 1.4889e+07
0.282 4.5534e+07 1.4862e+07
0.283 3.0213e+07 1.4835e+07
0.284 4.9215e+07 1.4808e+07
0.285 4.7476e+07 1.4781e+07
0.286 2.5372e+07 1.4755e+07
0.287 2.6463e+07 1.4728e+07
0.288 6.382e+07 1.4702e+07
0.289 5.2188e+07 1.4677e+07
0.29 1.4907e+07 1.4651e+07
0.291 3.0377e+07 1.4625e+07
0.292 4.9391e+07 1.46e+07
0.293 4.8873e+07 1.4575e+07
0.294 4.067e+07 1.455e+07
0.295 3.1991e+07 1.4526e+07
0.296 4.7787e+07 1.4501e+07
0.297 5.7444e+07 1.4477e+07
0.298 2.5274e+07 1.4453e+07
0.299 4.9938e+07 1.4429e+07
0.3 -9.9495e+05 1.4405e+07
0.301 5.4603e+07 1.4381e+07
0.302 4.2717e+07 1.4358e+07
0.303 2.8782e+07 1.4335e+07
0.304 4.7372e+07 1.4312e+07
0.305 3.4245e+07 1.4289e+07
0.306 4.7679e+07 1.4266e+07
0.307 3.8871e+07 1.4243e+07
0.308 5.8286e+07 1.4221e+07
0.309 3.7955e+07 1.4198e+07
0.31 6.0009e+07 1.4176e+07
0.311 6.1855e+07 1.4154e+07
0.312 5.1386e+07 1.4132e+07
0.313 3.5947e+07 1.411e+07
0.314 4.4288e+07 1.4088e+07
0.315 5.9828e+07 1.4067e+07
0.316 6.326e+07 1.4045e+07
0.317 4.1284e+07 1.4024e+07
0.318 5.7535e+07 1.4003e+07
0.319 3.6392e+07 1.3982e+07
0.32 6.2483e+07 1.3961e+07
0.321 5.4941e+07 1.394e+07
0.322 7.0199e+07 1.3919e+07
0.323 4.489e+07 1.3899e+07
0.324 4.9997e+07 1.3878e+07
0.325 6.2657e+07 1.3858e+07
0.326 3.9415e+07 1.3838e+07
0.327 4.6446e+07 1.3818e+07
0.328 7.4642e+07 1.3798e+07
0.329 8.1223e+07 1.3778e+07
0.33 7.4661e+07 1.3758e+07
0.331 7.0043e+07 1.3738e+07
0.332 6.908e+07 1.3718e+07
0.333 8.0763e+07 1.3699e+07
0.334 6.5442e+07 1.3679e+07
0.335 8.4035e+07 1.366e+07
0.336 5.3267e+07 1.3641e+07
0.337 4.9387e+07 1.3621e+07
0.338 7.2317e+07 1.3602e+07
0.339 4.4525e+07 1.3583e+07
0.34 5.8639e+07 1.3564e+07
0.341 6.679e+07 1.3546e+07
0.342 7.7803e+07 1.3527e+07
0.343 6.771e+07 1.3508e+07
0.344 7.2637e+07 1.3489e+07
0.345 9.1613e+07 1.3471e+07
0.346 7.5754e+07 1.3453e+07
0.347 6.1783e+07 1.3434e+07
0.348 9.2681e+07 1.3416e+07
0.349 8.0697e+07 1.3398e+07
0.35 8.4387e+07 1.3379e+07
0.351 7.403e+07 1.3361e+07
0.352 7.1586e+07 1.3343e+07
0.353 6.9192e+07 1.3325e+07
0.354 7.2069e+07 1.3307e+07
0.355 1.0144e+08 1.329e+07
0.356 7.4335e+07 1.3272e+07
0.357 4.9938e+07 1.3254e+07
0.358 7.8698e+07 1.3237e+07
0.359 1.0921e+08 1.3219e+07
0.36 7.1161e+07 1.3202e+07
0.361 8.0984e+07 1.3184e+07
0.362 8.5789e+07 1.3167e+07
0.363 9.294e+07 1.3149e+07
0.364 8.215e+07 1.3132e+07
0.365 7.6153e+07 1.3115e+07
0.366 1.1627e+08 1.3098e+07
0.367 7.6721e+07 1.3081e+07
0.368 9.3588e+07 1.3064e+07
0.369 9.7836e+07 1.3047e+07
0.37 1.1047e+08 1.303e+07
0.371 8.7822e+07 1.3013e+07
0.372 1.207e+08 1.2996e+07
0.373 8.5296e+07 1.2979e+07
0.374 9.825e+07 1.2963e+07
0.375 1.1057e+08 1.2946e+07
0.376 1.0228e+08 1.2929e+07
0.377 9.8152e+07 1.2913e+07
0.378 9.0504e+07 1.2896e+07
0.379 9.9235e+07 1.288e+07
0.38 1.0419e+08 1.2863e+07
0.381 8.2008e+07 1.2847e+07
0.382 9.692e+07 1.2831e+07
0.383 1.0417e+08 1.2814e+07
0.384 8.5054e+07 1.2798e+07
0.385 1.0915e+08 1.2782e+07
0.386 7.8722e+07 1.2766e+07
0.387 8.0481e+07 1.275e+07
0.388 1.0323e+08 1.2734e+07
0.389 9.0951e+07 1.2718e+07
0.39 8.9545e+07 1.2702e+07
0.391 8.5002e+07 1.2686e+07
0.392 8.3322e+07 1.267e+07
0.393 1.1184e+08 1.2654e+07
0.394 8.2317e+07 1.2639e+07
0.395 8.5549e+07 1.2623e+07
0.396 1.1107e+08 1.2607e+07
0.397 1.1534e+08 1.2592e+07
0.398 1.1841e+08 1.2576e+07
0.399 1.0232e+08 1.2561e+07
0.4 8.409e+07 1.2545e+07
0.401 1.0238e+08 1.253e+07
0.402 9.1255e+07 1.2514e+07
0.403 9.097e+07 1.2499e+07
0.404 8.5646e+07 1.2483e+07
0.405 9.03e+07 1.2468e+07
0.406 1.1302e+08 1.2453e+07
0.407 1.0511e+08 1.2438e+07
0.408 1.1458e+08 1.2423e+07
0.409 1.1709e+08 1.2408e+07
0.41 1.0479e+08 1.2392e+07
0.411 1.0076e+08 1.2377e+07
0.412 9.8599e+07 1.2362e+07
0.413 1.1674e+08 1.2348e+07
0.414 1.0068e+08 1.2333e+07
0.415 1.0843e+08 1.2318e+07
0.416 9.649e+07 1.2303e+07
0.417 1.2021e+08 1.2288e+07
0.418 1.1445e+08 1.2273e+07
0.419 9.9543e+07 1.2259e+07
0.42 9.3321e+07 1.2244e+07
0.421 9.0977e+07 1.223e+07
0.422 8.4387e+07 1.2215e+07
0.423 8.6107e+07 1.22e+07
0.424 9.2941e+07 1.2186e+07
0.425 1.079e+08 1.2172e+07
0.426 1.0587e+08 1.2157e+07
0.427 1.0677e+08 1.2143e+07
0.428 9.1302e+07 1.2128e+07
0.429 1.0238e+08 1.2114e+07
0.43 1.0179e+08 1.21e+07
0.431 1.1192e+08 1.2086e+07
0.432 1.1105e+08 1.2072e+07
0.433 1.1589e+08 1.2058e+07
0.434 1.0658e+08 1.2044e+07
0.435 1.1532e+08 1.2029e+07
0.436 8.8384e+07 1.2016e+07
0.437 9.0267e+07 1.2002e+07
0.438 1.1082e+08 1.1988e+07
0.439 7.3806e+07 1.1974e+07
0.44 1.0713e+08 1.196e+07
0.441 1.0574e+08 1.1946e+07
0.442 1.0725e+08 1.1933e+07
0.443 1.1276e+08 1.1919e+07
0.444 9.6728e+07 1.1905e+07
0.445 1.1523e+08 1.1892e+07
0.446 1.0794e+08 1.1878e+07
0.447 9.0896e+07 1.1865e+07
0.448 1.0051e+08 1.1851e+07
0.449 9.7653e+07 1.1838e+07
0.45 1.0344e+08 1.1824e+07
0.451 8.9936e+07 1.1811e+07
0.452 6.5402e+07 1.1798e+07
0.453 9.2377e+07 1.1784e+07
0.454 7.9429e+07 1.1771e+07
0.455 8.3544e+07 1.1758e+07
0.456 1.0871e+08 1.1745e+07
0.457 9.7047e+07 1.1732e+07
0.458 9.8909e+07 1.1719e+07
0.459 9.4845e+07 1.1706e+07
0.46 9.6332e+07 1.1693e+07
0.461 8.832e+07 1.168e+07
0.462 8.4149e+07 1.1667e+07
0.463 7.7748e+07 1.1654e+07
0.464 9.8212e+07 1.1641e+07
0.465 8.1016e+07 1.1628e+07
0.466 1.0846e+08 1.1615e+07
0.467 9.2944e+07 1.1603e+07
0.468 8.9288e+07 1.159e+07
0.469 8.6917e+07 1.1577e+07
0.47 1.0378e+08 1.1565e+07
0.471 9.5328e+07 1.1552e+07
0.472 7.7198e+07 1.154e+07
0.473 8.1224e+07 1.1527e+07
0.474 1.0062e+08 1.1515e+07
0.475 9.925e+07 1.1502e+07
0.476 1.0116e+08 1.149e+07
0.477 9.3413e+07 1.1478e+07
0.478 8.7149e+07 1.1465e+07
0.479 9.4256e+07 1.1453e+07
0.48 6.7604e+07 1.1441e+07
0.481 7.2279e+07 1.1429e+07
0.482 8.2574e+07 1.1417e+07
0.483 7.6925e+07 1.1405e+07
0.484 1.1041e+08 1.1393e+07
0.485 9.1116e+07 1.1381e+07
0.486 9.5004e+07 1.1369e+07
0.487 9.5261e+07 1.1357e+07
0.488 9.3344e+07 1.1345e+07
0.489 8.5544e+07 1.1333e+07
0.49 6.9456e+07 1.1321e+07
0.491 7.9172e+07 1.1309e+07
0.492 7.9039e+07 1.1297e+07
0.493 1.0694e+08 1.1286e+07
0.494 9.7278e+07 1.1274e+07
0.495 9.2648e+07 1.1262e+07
0.496 8.4337e+07 1.1251e+07
0.497 1.0462e+08 1.1239e+07
0.498 8.786e+07 1.1227e+07
0.499 9.8763e+07 1.1216e+07
0.5 6.3742e+07 1.1204e+07
