0.001 3.7539e+09 2.2001e+08
0.002 3.4542e+09 1.5556e+08
0.003 3.564e+09 1.27e+08
0.004 3.5845e+09 1.0997e+08
0.005 3.4826e+09 9.8335e+07
0.006 3.5756e+09 8.9744e+07
0.007 3.5195e+09 8.306e+07
0.008 3.5343e+09 7.7667e+07
0.009 3.5979e+09 7.3195e+07
0.01 3.3714e+09 6.9407e+07
0.011 3.481e+09 6.6143e+07
0.012 3.4486e+09 6.3292e+07
0.013 3.5033e+09 6.0772e+07
0.014 3.5282e+09 5.8524e+07
0.015 3.4177e+09 5.65e+07
0.016 3.4516e+09 5.4665e+07
0.017 3.4332e+09 5.299e+07
0.018 3.5368e+09 5.1454e+07
0.019 3.4336e+09 5.0037e+07
0.02 3.3293e+09 4.8725e+07
0.021 3.3722e+09 4.7504e+07
0.022 3.3815e+09 4.6364e+07
0.023 3.3568e+09 4.5297e+07
0.024 3.3967e+09 4.4294e+07
0.025 3.2851e+09 4.3348e+07
0.026 3.3999e+09 4.2455e+07
0.027 3.3219e+09 4.161e+07
0.028 3.4032e+09 4.0807e+07
0.029 3.3721e+09 4.0044e+07
0.03 3.3082e+09 3.9317e+07
0.031 3.214e+09 3.8622e+07
0.032 3.2769e+09 3.7959e+07
0.033 3.3041e+09 3.7323e+07
0.034 3.1828e+09 3.6713e+07
0.035 3.1963e+09 3.6127e+07
0.036 3.1611e+09 3.5564e+07
0.037 3.2523e+09 3.5022e+07
0.038 3.1444e+09 3.4499e+07
0.039 3.1198e+09 3.3994e+07
0.04 3.0338e+09 3.3507e+07
0.041 3.0913e+09 3.3035e+07
0.042 3.0304e+09 3.2579e+07
0.043 2.9848e+09 3.2137e+07
0.044 2.9697e+09 3.1709e+07
0.045 3.024e+09 3.1293e+07
0.046 3.0553e+09 3.0889e+07
0.047 2.9323e+09 3.0496e+07
0.048 2.9044e+09 3.0114e+07
0.049 2.8843e+09 2.9743e+07
0.05 2.8593e+09 2.9381e+07
0.051 2.8352e+09 2.9028e+07
0.052 2.8399e+09 2.8685e+07
0.053 2.833e+09 2.8349e+07
0.054 2.7816e+09 2.8022e+07
0.055 2.7666e+09 2.7703e+07
0.056 2.7018e+09 2.7391e+07
0.057 2.6846e+09 2.7086e+07
0.058 2.6673e+09 2.6787e+07
0.059 2.6653e+09 2.6496e+07
0.06 2.6914e+09 2.621e+07
0.061 2.6156e+09 2.5931e+07
0.062 2.6015e+09 2.5657e+07
0.063 2.5301e+09 2.5389e+07
0.064 2.5261e+09 2.5127e+07
0.065 2.4844e+09 2.4869e+07
0.066 2.4422e+09 2.4617e+07
0.067 2.452e+09 2.4369e+07
0.068 2.4169e+09 2.4126e+07
0.069 2.3775e+09 2.3888e+07
0.07 2.3931e+09 2.3654e+07
0.071 2.3349e+09 2.3425e+07
0.072 2.3071e+09 2.3199e+07
0.073 2.3142e+09 2.2978e+07
0.074 2.2534e+09 2.276e+07
0.075 2.2328e+09 2.2546e+07
0.076 2.2073e+09 2.2336e+07
0.077 2.1468e+09 2.213e+07
0.078 2.1362e+09 2.1927e+07
0.079 2.1602e+09 2.1727e+07
0.08 2.0789e+09 2.1531e+07
0.081 2.0258e+09 2.1338e+07
0.082 2.0569e+09 2.1148e+07
0.083 2.0038e+09 2.0961e+07
0.084 1.9846e+09 2.0777e+07
0.085 1.9939e+09 2.0596e+07
0.086 1.9664e+09 2.0418e+07
0.087 1.9266e+09 2.0243e+07
0.088 1.8878e+09 2.0071e+07
0.089 1.8876e+09 1.9901e+07
0.09 1.8513e+09 1.9734e+07
0.091 1.8226e+09 1.9569e+07
0.092 1.7656e+09 1.9407e+07
0.093 1.7552e+09 1.9248e+07
0.094 1.7703e+09 1.9091e+07
0.095 1.7307e+09 1.8936e+07
0.096 1.6966e+09 1.8783e+07
0.097 1.6904e+09 1.8633e+07
0.098 1.6526e+09 1.8485e+07
0.099 1.6603e+09 1.834e+07
0.1 1.5966e+09 1.8196e+07
0.101 1.5369e+09 1.8055e+07
0.102 1.544e+09 1.7916e+07
0.103 1.5269e+09 1.7778e+07
0.104 1.5029e+09 1.7643e+07
0.105 1.5011e+09 1.751e+07
0.106 1.457e+09 1.7379e+07
0.107 1.4597e+09 1.7249e+07
0.108 1.4111e+09 1.7122e+07
0.109 1.4128e+09 1.6996e+07
0.11 1.4091e+09 1.6872e+07
0.111 1.3466e+09 1.675e+07
0.112 1.3223e+09 1.663e+07
0.113 1.2669e+09 1.6511e+07
0.114 1.2845e+09 1.6394e+07
0.115 1.2947e+09 1.6279e+07
0.116 1.2333e+09 1.6166e+07
0.117 1.2105e+09 1.6054e+07
0.118 1.1842e+09 1.5943e+07
0.119 1.1736e+09 1.5835e+07
0.12 1.1611e+09 1.5728e+07
0.121 1.1355e+09 1.5622e+07
0.122 1.1197e+09 1.5518e+07
0.123 1.1107e+09 1.5415e+07
0.124 1.0769e+09 1.5314e+07
0.125 1.0736e+09 1.5214e+07
0.126 1.034e+09 1.5116e+07
0.127 1.053e+09 1.5019e+07
0.128 1.0063e+09 1.4923e+07
0.129 9.7944e+08 1.4829e+07
0.13 9.6767e+08 1.4736e+07
0.131 9.6453e+08 1.4645e+07
0.132 9.4939e+08 1.4554e+07
0.133 9.1348e+08 1.4465e+07
0.134 8.9079e+08 1.4377e+07
0.135 8.9952e+08 1.4291e+07
0.136 8.9722e+08 1.4205e+07
0.137 8.5593e+08 1.4121e+07
0.138 8.3709e+08 1.4038e+07
0.139 8.3653e+08 1.3956e+07
0.14 8.1127e+08 1.3876e+07
0.141 8.0452e+08 1.3796e+07
0.142 7.6643e+08 1.3718e+07
0.143 7.6464e+08 1.364e+07
0.144 7.6e+08 1.3564e+07
0.145 7.4578e+08 1.3488e+07
0.146 7.1287e+08 1.3414e+07
0.147 7.2728e+08 1.3341e+07
0.148 7.3284e+08 1.3269e+07
0.149 6.7735e+08 1.3197e+07
0.15 6.5148e+08 1.3127e+07
0.151 6.475e+08 1.3058e+07
0.152 6.5789e+08 1.299e+07
0.153 6.4004e+08 1.2922e+07
0.154 6.3142e+08 1.2856e+07
0.155 6.0795e+08 1.279e+07
0.156 5.709e+08 1.2725e+07
0.157 5.9435e+08 1.2661e+07
0.158 5.76e+08 1.2598e+07
0.159 5.3661e+08 1.2536e+07
0.16 5.4088e+08 1.2475e+07
0.161 5.6381e+08 1.2414e+07
0.162 5.3894e+08 1.2354e+07
0.163 4.9863e+08 1.2295e+07
0.164 4.9945e+08 1.2237e+07
0.165 5.0121e+08 1.218e+07
0.166 4.9607e+08 1.2123e+07
0.167 4.8695e+08 1.2067e+07
0.168 4.7981e+08 1.2012e+07
0.169 4.7533e+08 1.1958e+07
0.17 4.3862e+08 1.1904e+07
0.171 4.6402e+08 1.1851e+07
0.172 4.3681e+08 1.1798e+07
0.173 4.3882e+08 1.1747e+07
0.174 3.9675e+08 1.1696e+07
0.175 4.2041e+08 1.1645e+07
0.176 3.9832e+08 1.1596e+07
0.177 3.853e+08 1.1546e+07
0.178 3.9407e+08 1.1498e+07
0.179 3.806e+08 1.145e+07
0.18 3.8017e+08 1.1403e+07
0.181 3.7631e+08 1.1356e+07
0.182 3.5102e+08 1.131e+07
0.183 3.3856e+08 1.1265e+07
0.184 3.2587e+08 1.122e+07
0.185 3.3259e+08 1.1175e+07
0.186 3.2352e+08 1.1131e+07
0.187 3.2226e+08 1.1088e+07
0.188 3.0591e+08 1.1045e+07
0.189 3.0985e+08 1.1003e+07
0.19 3.1312e+08 1.0961e+07
0.191 2.7692e+08 1.092e+07
0.192 2.803e+08 1.0879e+07
0.193 2.6538e+08 1.0839e+07
0.194 2.7811e+08 1.0799e+07
0.195 2.662e+08 1.076e+07
0.196 2.8301e+08 1.0721e+07
0.197 2.4557e+08 1.0683e+07
0.198 2.4893e+08 1.0645e+07
0.199 2.3756e+08 1.0608e+07
0.2 2.4096e+08 1.0571e+07
0.201 2.1842e+08 1.0534e+07
0.202 2.167e+08 1.0498e+07
0.203 2.2027e+08 1.0463e+07
0.204 2.1217e+08 1.0427e+07
0.205 2.2988e+08 1.0393e+07
0.206 2.1873e+08 1.0358e+07
0.207 2.0615e+08 1.0324e+07
0.208 1.8689e+08 1.0291e+07
0.209 1.8934e+08 1.0257e+07
0.21 1.8596e+08 1.0225e+07
0.211 1.956e+08 1.0192e+07
0.212 1.617e+08 1.016e+07
0.213 1.7065e+08 1.0128e+07
0.214 1.7706e+08 1.0097e+07
0.215 1.5003e+08 1.0066e+07
0.216 1.3647e+08 1.0035e+07
0.217 1.4892e+08 1.0005e+07
0.218 1.4962e+08 9.975e+06
0.219 1.5032e+08 9.9454e+06
0.22 1.4789e+08 9.9161e+06
0.221 1.5231e+08 9.8871e+06
0.222 1.2247e+08 9.8585e+06
0.223 1.2946e+08 9.8301e+06
0.224 1.322e+08 9.8021e+06
0.225 1.1241e+08 9.7744e+06
0.226 1.2082e+08 9.747e+06
0.227 1.2028e+08 9.7199e+06
0.228 1.1778e+08 9.6931e+06
0.229 1.1661e+08 9.6666e+06
0.23 1.0526e+08 9.6404e+06
0.231 1.1003e+08 9.6145e+06
0.232 1.0693e+08 9.5888e+06
0.233 1.0267e+08 9.5635e+06
0.234 9.7948e+07 9.5384e+06
0.235 8.7967e+07 9.5135e+06
0.236 8.8051e+07 9.4889e+06
0.237 7.156e+07 9.4646e+06
0.238 8.2992e+07 9.4406e+06
0.239 6.5078e+07 9.4168e+06
0.24 7.6782e+07 9.3932e+06
0.241 7.8414e+07 9.3699e+06
0.242 5.7206e+07 9.3468e+06
0.243 6.8689e+07 9.324e+06
0.244 6.8085e+07 9.3014e+06
0.245 7.5704e+07 9.2791e+06
0.246 6.674e+07 9.2569e+06
0.247 6.3066e+07 9.235e+06
0.248 7.2994e+07 9.2133e+06
0.249 6.1755e+07 9.1918e+06
0.25 6.7584e+07 9.1706e+06
0.251 5.7573e+07 9.1495e+06
0.252 7.576e+07 9.1287e+06
0.253 4.776e+07 9.1081e+06
0.254 4.5653e+07 9.0876e+06
0.255 6.3248e+07 9.0674e+06
0.256 5.7207e+07 9.0474e+06
0.257 3.7927e+07 9.0275e+06
0.258 5.0438e+07 9.0079e+06
0.259 6.3324e+07 8.9884e+06
0.26 4.1632e+07 8.9691e+06
0.261 3.5212e+07 8.95e+06
0.262 4.585e+07 8.9311e+06
0.263 4.2711e+07 8.9124e+06
0.264 3.8527e+07 8.8938e+06
0.265 4.1602e+07 8.8754e+06
0.266 3.9322e+07 8.8572e+06
0.267 4.5223e+07 8.8391e+06
0.268 4.4016e+07 8.8212e+06
0.269 4.0715e+07 8.8035e+06
0.27 5.6191e+07 8.7859e+06
0.271 3.2583e+07 8.7684e+06
0.272 3.2391e+07 8.7512e+06
0.273 5.4482e+07 8.734e+06
0.274 3.6753e+07 8.7171e+06
0.275 2.6071e+07 8.7002e+06
0.276 3.4565e+07 8.6835e+06
0.277 5.0818e+07 8.667e+06
0.278 4.3708e+07 8.6506e+06
0.279 4.1832e+07 8.6343e+06
0.28 3.8068e+07 8.6182e+06
0.281 1.957e+07 8.6022e+06
0.282 3.2874e+07 8.5863e+06
0.283 2.7974e+07 8.5705e+06
0.284 3.6596e+07 8.5549e+06
0.285 3.7529e+07 8.5394e+06
0.286 2.4691e+07 8.524e+06
0.287 3.4145e+07 8.5088e+06
0.288 3.3731e+07 8.4936e+06
0.289 3.1006e+07 8.4786e+06
0.29 3.533e+07 8.4637e+06
0.291 1.6012e+07 8.4489e+06
0.292 2.3739e+07 8.4342e+06
0.293 2.2477e+07 8.4197e+06
0.294 2.9006e+07 8.4052e+06
0.295 4.6491e+07 8.3908e+06
0.296 3.3689e+07 8.3766e+06
0.297 1.1616e+07 8.3624e+06
0.298 3.1977e+07 8.3483e+06
0.299 3.0578e+07 8.3344e+06
0.3 2.881e+07 8.3205e+06
0.301 3.6194e+07 8.3068e+06
0.302 2.5454e+07 8.2931e+06
0.303 3.1034e+07 8.2795e+06
0.304 2.9592e+07 8.266e+06
0.305 3.6249e+07 8.2526e+06
0.306 4.04e+07 8.2393e+06
0.307 3.0603e+07 8.2261e+06
0.308 2.9281e+07 8.2129e+06
0.309 2.2658e+07 8.1999e+06
0.31 3.4037e+07 8.1869e+06
0.311 4.2844e+07 8.174e+06
0.312 3.1573e+07 8.1612e+06
0.313 2.1728e+07 8.1484e+06
0.314 3.7293e+07 8.1358e+06
0.315 3.8983e+07 8.1232e+06
0.316 2.1886e+07 8.1107e+06
0.317 4.6472e+07 8.0982e+06
0.318 3.8498e+07 8.0859e+06
0.319 4.2072e+07 8.0736e+06
0.32 2.3442e+07 8.0614e+06
0.321 3.0193e+07 8.0492e+06
0.322 2.2175e+07 8.0371e+06
0.323 2.5863e+07 8.0251e+06
0.324 2.6835e+07 8.0131e+06
0.325 2.4853e+07 8.0012e+06
0.326 2.7279e+07 7.9894e+06
0.327 4.604e+07 7.9777e+06
0.328 4.1129e+07 7.9659e+06
0.329 3.5465e+07 7.9543e+06
0.33 3.875e+07 7.9427e+06
0.331 3.5198e+07 7.9312e+06
0.332 3.3385e+07 7.9197e+06
0.333 4.0336e+07 7.9083e+06
0.334 3.2535e+07 7.8969e+06
0.335 3.9453e+07 7.8856e+06
0.336 4.3099e+07 7.8744e+06
0.337 2.1757e+07 7.8632e+06
0.338 3.6652e+07 7.852e+06
0.339 4.0886e+07 7.8409e+06
0.34 5.7738e+07 7.8299e+06
0.341 4.002e+07 7.8189e+06
0.342 5.1156e+07 7.8079e+06
0.343 3.5122e+07 7.797e+06
0.344 4.5604e+07 7.7862e+06
0.345 4.4683e+07 7.7754e+06
0.346 4.5635e+07 7.7646e+06
0.347 4.6808e+07 7.7539e+06
0.348 3.6319e+07 7.7432e+06
0.349 4.2581e+07 7.7326e+06
0.35 4.2742e+07 7.722e+06
0.351 3.8142e+07 7.7114e+06
0.352 4.7457e+07 7.7009e+06
0.353 4.1235e+07 7.6905e+06
0.354 4.9706e+07 7.6801e+06
0.355 4.1776e+07 7.6697e+06
0.356 4.1396e+07 7.6593e+06
0.357 3.8223e+07 7.649e+06
0.358 4.5038e+07 7.6388e+06
0.359 4.2998e+07 7.6285e+06
0.36 4.4546e+07 7.6183e+06
0.361 4.4726e+07 7.6082e+06
0.362 3.5513e+07 7.5981e+06
0.363 4.6829e+07 7.588e+06
0.364 4.8373e+07 7.5779e+06
0.365 4.5184e+07 7.5679e+06
0.366 4.5079e+07 7.5579e+06
0.367 3.8821e+07 7.548e+06
0.368 4.2173e+07 7.5381e+06
0.369 5.23e+07 7.5282e+06
0.37 5.3356e+07 7.5184e+06
0.371 4.8993e+07 7.5085e+06
0.372 5.0943e+07 7.4988e+06
0.373 4.34e+07 7.489e+06
0.374 4.1304e+07 7.4793e+06
0.375 5.2819e+07 7.4696e+06
0.376 4.4149e+07 7.4599e+06
0.377 4.1877e+07 7.4503e+06
0.378 5.2754e+07 7.4407e+06
0.379 5.1685e+07 7.4311e+06
0.38 5.3408e+07 7.4216e+06
0.381 5.1149e+07 7.4121e+06
0.382 4.4548e+07 7.4026e+06
0.383 4.3276e+07 7.3931e+06
0.384 5.2885e+07 7.3837e+06
0.385 5.9771e+07 7.3743e+06
0.386 5.3672e+07 7.365e+06
0.387 4.3989e+07 7.3556e+06
0.388 4.1368e+07 7.3463e+06
0.389 4.7083e+07 7.337e+06
0.39 5.7668e+07 7.3278e+06
0.391 4.4312e+07 7.3185e+06
0.392 5.3446e+07 7.3093e+06
0.393 4.4876e+07 7.3001e+06
0.394 5.3229e+07 7.291e+06
0.395 5.7655e+07 7.2819e+06
0.396 5.0743e+07 7.2728e+06
0.397 5.2958e+07 7.2637e+06
0.398 5.6977e+07 7.2546e+06
0.399 6.2039e+07 7.2456e+06
0.4 5.5762e+07 7.2366e+06
0.401 4.9577e+07 7.2277e+06
0.402 5.6731e+07 7.2187e+06
0.403 4.9613e+07 7.2098e+06
0.404 5.6481e+07 7.2009e+06
0.405 5.8986e+07 7.1921e+06
0.406 5.5488e+07 7.1832e+06
0.407 6.1942e+07 7.1744e+06
0.408 5.0058e+07 7.1656e+06
0.409 4.7403e+07 7.1569e+06
0.41 4.6364e+07 7.1481e+06
0.411 5.0468e+07 7.1394e+06
0.412 5.3215e+07 7.1307e+06
0.413 5.8868e+07 7.1221e+06
0.414 5.5465e+07 7.1134e+06
0.415 4.375e+07 7.1048e+06
0.416 4.5945e+07 7.0962e+06
0.417 6.0239e+07 7.0877e+06
0.418 4.7828e+07 7.0791e+06
0.419 4.7444e+07 7.0706e+06
0.42 6.3631e+07 7.0621e+06
0.421 4.5801e+07 7.0537e+06
0.422 5.8163e+07 7.0453e+06
0.423 5.3067e+07 7.0369e+06
0.424 5.2072e+07 7.0285e+06
0.425 5.1674e+07 7.0201e+06
0.426 5.1149e+07 7.0118e+06
0.427 5.7296e+07 7.0035e+06
0.428 5.052e+07 6.9952e+06
0.429 6.0254e+07 6.9869e+06
0.43 5.0112e+07 6.9787e+06
0.431 5.7599e+07 6.9705e+06
0.432 5.186e+07 6.9623e+06
0.433 5.365e+07 6.9542e+06
0.434 5.7807e+07 6.9461e+06
0.435 5.5847e+07 6.9379e+06
0.436 4.5743e+07 6.9299e+06
0.437 5.9809e+07 6.9218e+06
0.438 4.0955e+07 6.9138e+06
0.439 4.7529e+07 6.9058e+06
0.44 6.2539e+07 6.8978e+06
0.441 5.5962e+07 6.8899e+06
0.442 5.5819e+07 6.8819e+06
0.443 4.7141e+07 6.874e+06
0.444 5.4149e+07 6.8662e+06
0.445 5.3537e+07 6.8583e+06
0.446 5.1771e+07 6.8505e+06
0.447 4.5187e+07 6.8427e+06
0.448 4.5257e+07 6.8349e+06
0.449 4.9704e+07 6.8272e+06
0.45 4.6272e+07 6.8194e+06
0.451 5.9599e+07 6.8117e+06
0.452 5.0179e+07 6.8041e+06
0.453 5.2885e+07 6.7964e+06
0.454 5.1104e+07 6.7888e+06
0.455 5.3577e+07 6.7812e+06
0.456 5.4254e+07 6.7736e+06
0.457 4.9312e+07 6.766e+06
0.458 5.9804e+07 6.7585e+06
0.459 4.4522e+07 6.751e+06
0.46 4.4637e+07 6.7435e+06
0.461 5.5478e+07 6.7361e+06
0.462 4.463e+07 6.7287e+06
0.463 6.106e+07 6.7212e+06
0.464 4.8977e+07 6.7139e+06
0.465 5.6719e+07 6.7065e+06
0.466 5.2753e+07 6.6992e+06
0.467 6.1295e+07 6.6919e+06
0.468 4.0761e+07 6.6846e+06
0.469 4.3862e+07 6.6773e+06
0.47 5.7696e+07 6.6701e+06
0.471 6.1119e+07 6.6629e+06
0.472 6.0874e+07 6.6557e+06
0.473 4.5645e+07 6.6485e+06
0.474 3.4864e+07 6.6414e+06
0.475 4.8757e+07 6.6342e+06
0.476 3.7621e+07 6.6271e+06
0.477 5.8419e+07 6.6201e+06
0.478 4.8475e+07 6.613e+06
0.479 5.119e+07 6.606e+06
0.48 4.2252e+07 6.599e+06
0.481 4.3421e+07 6.592e+06
0.482 4.9202e+07 6.585e+06
0.483 4.6643e+07 6.5781e+06
0.484 6.0232e+07 6.5711e+06
0.485 3.6161e+07 6.5642e+06
0.486 5.2931e+07 6.5574e+06
0.487 5.4256e+07 6.5505e+06
0.488 4.1935e+07 6.5437e+06
0.489 5.1689e+07 6.5369e+06
0.49 3.2563e+07 6.5301e+06
0.491 5.1168e+07 6.5233e+06
0.492 4.669e+07 6.5166e+06
0.493 4.1659e+07 6.5098e+06
0.494 4.4886e+07 6.5031e+06
0.495 4.6042e+07 6.4964e+06
0.496 3.6097e+07 6.4898e+06
0.497 4.5977e+07 6.4831e+06
0.498 4.7948e+07 6.4765e+06
0.499 5.6113e+07 6.4699e+06
0.5 4.2106e+07 6.4633e+06
