0.001 1.0325e+09 6.2312e+07
0.002 9.4214e+08 4.4059e+07
0.003 8.9871e+08 3.5971e+07
0.004 8.6303e+08 3.1147e+07
0.005 9.2082e+08 2.7854e+07
0.006 9.3359e+08 2.5422e+07
0.007 9.3592e+08 2.3531e+07
0.008 9.2089e+08 2.2005e+07
0.009 9.0483e+08 2.0739e+07
0.01 9.3958e+08 1.9668e+07
0.011 9.0443e+08 1.8745e+07
0.012 8.5683e+08 1.794e+07
0.013 9.0955e+08 1.7228e+07
0.014 8.9669e+08 1.6593e+07
0.015 8.7337e+08 1.6021e+07
0.016 9.0732e+08 1.5503e+07
0.017 9.2526e+08 1.5031e+07
0.018 8.9815e+08 1.4598e+07
0.019 8.7058e+08 1.4199e+07
0.02 8.7857e+08 1.383e+07
0.021 8.8937e+08 1.3486e+07
0.022 8.4186e+08 1.3165e+07
0.023 8.9406e+08 1.2865e+07
0.024 8.7362e+08 1.2584e+07
0.025 8.4866e+08 1.2318e+07
0.026 8.7904e+08 1.2068e+07
0.027 8.657e+08 1.1831e+07
0.028 8.5585e+08 1.1606e+07
0.029 8.6961e+08 1.1392e+07
0.03 8.5466e+08 1.1189e+07
0.031 8.4052e+08 1.0995e+07
0.032 8.6108e+08 1.0809e+07
0.033 8.4423e+08 1.0632e+07
0.034 8.5887e+08 1.0462e+07
0.035 8.2627e+08 1.0299e+07
0.036 8.3781e+08 1.0142e+07
0.037 8.2093e+08 9.9909e+06
0.038 8.4773e+08 9.8456e+06
0.039 8.1436e+08 9.7055e+06
0.04 8.0733e+08 9.5702e+06
0.041 8.0444e+08 9.4395e+06
0.042 8.1254e+08 9.313e+06
0.043 7.8349e+08 9.1907e+06
0.044 8.0605e+08 9.0721e+06
0.045 7.8392e+08 8.9571e+06
0.046 7.8023e+08 8.8456e+06
0.047 7.7415e+08 8.7372e+06
0.048 7.9183e+08 8.632e+06
0.049 7.6827e+08 8.5296e+06
0.05 7.6333e+08 8.43e+06
0.051 7.4465e+08 8.3331e+06
0.052 7.4942e+08 8.2386e+06
0.053 7.3936e+08 8.1466e+06
0.054 7.3158e+08 8.0568e+06
0.055 7.1965e+08 7.9692e+06
0.056 7.2216e+08 7.8837e+06
0.057 7.242e+08 7.8002e+06
0.058 6.9946e+08 7.7186e+06
0.059 7.0285e+08 7.6389e+06
0.06 6.9341e+08 7.5609e+06
0.061 6.8227e+08 7.4847e+06
0.062 6.6671e+08 7.41e+06
0.063 6.7767e+08 7.337e+06
0.064 6.642e+08 7.2654e+06
0.065 6.6601e+08 7.1954e+06
0.066 6.5807e+08 7.1267e+06
0.067 6.5328e+08 7.0594e+06
0.068 6.3984e+08 6.9934e+06
0.069 6.3168e+08 6.9287e+06
0.07 6.3807e+08 6.8652e+06
0.071 6.3099e+08 6.8029e+06
0.072 6.2435e+08 6.7418e+06
0.073 6.1195e+08 6.6818e+06
0.074 5.9744e+08 6.6229e+06
0.075 5.9931e+08 6.565e+06
0.076 5.9287e+08 6.5082e+06
0.077 5.8493e+08 6.4524e+06
0.078 5.8968e+08 6.3975e+06
0.079 5.7209e+08 6.3436e+06
0.08 5.6684e+08 6.2906e+06
0.081 5.708e+08 6.2385e+06
0.082 5.5938e+08 6.1872e+06
0.083 5.4464e+08 6.1369e+06
0.084 5.4519e+08 6.0873e+06
0.085 5.3881e+08 6.0386e+06
0.086 5.3383e+08 5.9906e+06
0.087 5.252e+08 5.9434e+06
0.088 5.097e+08 5.897e+06
0.089 5.0234e+08 5.8513e+06
0.09 4.9747e+08 5.8063e+06
0.091 4.9655e+08 5.762e+06
0.092 4.9278e+08 5.7184e+06
0.093 4.8707e+08 5.6755e+06
0.094 4.7016e+08 5.6333e+06
0.095 4.6268e+08 5.5917e+06
0.096 4.6762e+08 5.5507e+06
0.097 4.5919e+08 5.5103e+06
0.098 4.5202e+08 5.4706e+06
0.099 4.5057e+08 5.4314e+06
0.1 4.4394e+08 5.3929e+06
0.101 4.2648e+08 5.3549e+06
0.102 4.292e+08 5.3174e+06
0.103 4.175e+08 5.2805e+06
0.104 4.1823e+08 5.2442e+06
0.105 4.0561e+08 5.2084e+06
0.106 4.0674e+08 5.1731e+06
0.107 3.8917e+08 5.1383e+06
0.108 3.9473e+08 5.104e+06
0.109 3.8704e+08 5.0703e+06
0.11 3.8347e+08 5.037e+06
0.111 3.7452e+08 5.0042e+06
0.112 3.709e+08 4.9718e+06
0.113 3.655e+08 4.9399e+06
0.114 3.5678e+08 4.9085e+06
0.115 3.4857e+08 4.8775e+06
0.116 3.4863e+08 4.8469e+06
0.117 3.4287e+08 4.8168e+06
0.118 3.3903e+08 4.7871e+06
0.119 3.3477e+08 4.7578e+06
0.12 3.2553e+08 4.7289e+06
0.121 3.2371e+08 4.7005e+06
0.122 3.1629e+08 4.6724e+06
0.123 3.0691e+08 4.6447e+06
0.124 3.0836e+08 4.6174e+06
0.125 2.9751e+08 4.5905e+06
0.126 3.0364e+08 4.5639e+06
0.127 2.8995e+08 4.5377e+06
0.128 2.9364e+08 4.5119e+06
0.129 2.9191e+08 4.4864e+06
0.13 2.8594e+08 4.4613e+06
0.131 2.7665e+08 4.4365e+06
0.132 2.755e+08 4.4121e+06
0.133 2.6913e+08 4.3879e+06
0.134 2.6484e+08 4.3641e+06
0.135 2.549e+08 4.3407e+06
0.136 2.5839e+08 4.3175e+06
0.137 2.5159e+08 4.2947e+06
0.138 2.4568e+08 4.2721e+06
0.139 2.5152e+08 4.2499e+06
0.14 2.4672e+08 4.2279e+06
0.141 2.3262e+08 4.2063e+06
0.142 2.3639e+08 4.1849e+06
0.143 2.3043e+08 4.1638e+06
0.144 2.2857e+08 4.143e+06
0.145 2.2743e+08 4.1225e+06
0.146 2.1185e+08 4.1022e+06
0.147 2.1153e+08 4.0822e+06
0.148 2.1144e+08 4.0624e+06
0.149 2.1226e+08 4.0429e+06
0.15 2.0948e+08 4.0237e+06
0.151 1.9e+08 4.0047e+06
0.152 1.9367e+08 3.9859e+06
0.153 2.0065e+08 3.9674e+06
0.154 1.9633e+08 3.9492e+06
0.155 1.8351e+08 3.9311e+06
0.156 1.8606e+08 3.9133e+06
0.157 1.8907e+08 3.8957e+06
0.158 1.7945e+08 3.8783e+06
0.159 1.7311e+08 3.8612e+06
0.16 1.7526e+08 3.8442e+06
0.161 1.7251e+08 3.8275e+06
0.162 1.664e+08 3.811e+06
0.163 1.6032e+08 3.7947e+06
0.164 1.5992e+08 3.7785e+06
0.165 1.6535e+08 3.7626e+06
0.166 1.6188e+08 3.7469e+06
0.167 1.5905e+08 3.7313e+06
0.168 1.4376e+08 3.716e+06
0.169 1.5217e+08 3.7008e+06
0.17 1.4858e+08 3.6858e+06
0.171 1.4468e+08 3.671e+06
0.172 1.3566e+08 3.6564e+06
0.173 1.3968e+08 3.6419e+06
0.174 1.4031e+08 3.6276e+06
0.175 1.2884e+08 3.6135e+06
0.176 1.3147e+08 3.5995e+06
0.177 1.2508e+08 3.5857e+06
0.178 1.2831e+08 3.5721e+06
0.179 1.2542e+08 3.5586e+06
0.18 1.2058e+08 3.5453e+06
0.181 1.2084e+08 3.5321e+06
0.182 1.21e+08 3.5191e+06
0.183 1.1596e+08 3.5062e+06
0.184 1.1999e+08 3.4935e+06
0.185 1.1186e+08 3.4809e+06
0.186 1.0263e+08 3.4684e+06
0.187 1.1194e+08 3.4561e+06
0.188 1.063e+08 3.4439e+06
0.189 1.128e+08 3.4319e+06
0.19 1.0297e+08 3.42e+06
0.191 1.0277e+08 3.4082e+06
0.192 1.0301e+08 3.3965e+06
0.193 1.0161e+08 3.385e+06
0.194 9.3556e+07 3.3736e+06
0.195 9.2206e+07 3.3623e+06
0.196 9.0312e+07 3.3511e+06
0.197 9.4386e+07 3.3401e+06
0.198 9.8172e+07 3.3291e+06
0.199 8.025e+07 3.3183e+06
0.2 8.7506e+07 3.3076e+06
0.201 8.7086e+07 3.297e+06
0.202 8.8386e+07 3.2866e+06
0.203 8.1394e+07 3.2762e+06
0.204 8.3385e+07 3.2659e+06
0.205 8.3352e+07 3.2558e+06
0.206 8.3106e+07 3.2457e+06
0.207 7.5591e+07 3.2357e+06
0.208 7.5722e+07 3.2259e+06
0.209 7.6199e+07 3.2161e+06
0.21 6.986e+07 3.2065e+06
0.211 7.2042e+07 3.1969e+06
0.212 6.5084e+07 3.1874e+06
0.213 6.2898e+07 3.1781e+06
0.214 6.8374e+07 3.1688e+06
0.215 6.553e+07 3.1596e+06
0.216 6.6128e+07 3.1505e+06
0.217 6.1263e+07 3.1415e+06
0.218 5.5855e+07 3.1325e+06
0.219 6.4748e+07 3.1237e+06
0.22 6.1606e+07 3.115e+06
0.221 5.8136e+07 3.1063e+06
0.222 5.2278e+07 3.0977e+06
0.223 5.5863e+07 3.0892e+06
0.224 5.6406e+07 3.0808e+06
0.225 4.9402e+07 3.0724e+06
0.226 5.4454e+07 3.0641e+06
0.227 5.4018e+07 3.056e+06
0.228 5.1439e+07 3.0478e+06
0.229 4.8624e+07 3.0398e+06
0.23 4.6603e+07 3.0318e+06
0.231 5.0344e+07 3.0239e+06
0.232 5.2899e+07 3.0161e+06
0.233 4.5577e+07 3.0084e+06
0.234 4.3276e+07 3.0007e+06
0.235 4.2656e+07 2.9931e+06
0.236 4.1815e+07 2.9855e+06
0.237 4.5347e+07 2.9781e+06
0.238 4.9631e+07 2.9707e+06
0.239 4.132e+07 2.9633e+06
0.24 4.7059e+07 2.956e+06
0.241 3.8377e+07 2.9488e+06
0.242 3.9561e+07 2.9417e+06
0.243 3.8642e+07 2.9346e+06
0.244 3.8927e+07 2.9276e+06
0.245 3.686e+07 2.9206e+06
0.246 3.6697e+07 2.9137e+06
0.247 3.6435e+07 2.9069e+06
0.248 3.8413e+07 2.9001e+06
0.249 3.5989e+07 2.8933e+06
0.25 3.5168e+07 2.8867e+06
0.251 3.7924e+07 2.88e+06
0.252 3.2211e+07 2.8735e+06
0.253 3.3362e+07 2.867e+06
0.254 3.5227e+07 2.8605e+06
0.255 3.5991e+07 2.8541e+06
0.256 3.47e+07 2.8478e+06
0.257 3.4028e+07 2.8415e+06
0.258 2.7269e+07 2.8352e+06
0.259 2.6701e+07 2.829e+06
0.26 2.7275e+07 2.8229e+06
0.261 2.9264e+07 2.8168e+06
0.262 2.4787e+07 2.8107e+06
0.263 2.583e+07 2.8047e+06
0.264 2.6818e+07 2.7988e+06
0.265 2.605e+07 2.7929e+06
0.266 2.7812e+07 2.787e+06
0.267 2.5092e+07 2.7812e+06
0.268 2.1652e+07 2.7754e+06
0.269 2.2446e+07 2.7697e+06
0.27 2.6731e+07 2.764e+06
0.271 2.5227e+07 2.7584e+06
0.272 2.2402e+07 2.7528e+06
0.273 2.2874e+07 2.7472e+06
0.274 2.2462e+07 2.7417e+06
0.275 2.5652e+07 2.7362e+06
0.276 2.8626e+07 2.7308e+06
0.277 2.3314e+07 2.7254e+06
0.278 2.1372e+07 2.72e+06
0.279 2.4228e+07 2.7147e+06
0.28 2.2426e+07 2.7094e+06
0.281 2.2756e+07 2.7042e+06
0.282 2.1335e+07 2.699e+06
0.283 2.0708e+07 2.6938e+06
0.284 2.0086e+07 2.6887e+06
0.285 2.2726e+07 2.6836e+06
0.286 2.0405e+07 2.6785e+06
0.287 1.8313e+07 2.6735e+06
0.288 2.1811e+07 2.6685e+06
0.289 1.8268e+07 2.6635e+06
0.29 1.8534e+07 2.6586e+06
0.291 2.227e+07 2.6537e+06
0.292 1.672e+07 2.6488e+06
0.293 1.7907e+07 2.644e+06
0.294 1.4962e+07 2.6392e+06
0.295 1.6682e+07 2.6344e+06
0.296 1.5124e+07 2.6297e+06
0.297 1.4811e+07 2.625e+06
0.298 2.2408e+07 2.6203e+06
0.299 1.8863e+07 2.6156e+06
0.3 1.7547e+07 2.611e+06
0.301 1.5998e+07 2.6064e+06
0.302 1.5503e+07 2.6019e+06
0.303 1.5574e+07 2.5973e+06
0.304 2.0464e+07 2.5928e+06
0.305 1.3896e+07 2.5883e+06
0.306 1.6887e+07 2.5839e+06
0.307 1.558e+07 2.5795e+06
0.308 1.8314e+07 2.5751e+06
0.309 1.1289e+07 2.5707e+06
0.31 1.4739e+07 2.5663e+06
0.311 1.2845e+07 2.562e+06
0.312 2.0841e+07 2.5577e+06
0.313 1.1474e+07 2.5535e+06
0.314 1.3141e+07 2.5492e+06
0.315 1.0044e+07 2.545e+06
0.316 1.5927e+07 2.5408e+06
0.317 1.3053e+07 2.5366e+06
0.318 1.4117e+07 2.5325e+06
0.319 1.8299e+07 2.5284e+06
0.32 1.0899e+07 2.5243e+06
0.321 1.4863e+07 2.5202e+06
0.322 1.9512e+07 2.5161e+06
0.323 1.4165e+07 2.5121e+06
0.324 1.4705e+07 2.5081e+06
0.325 1.3875e+07 2.5041e+06
0.326 1.9266e+07 2.5001e+06
0.327 1.595e+07 2.4962e+06
0.328 1.7023e+07 2.4923e+06
0.329 1.3053e+07 2.4884e+06
0.33 1.7053e+07 2.4845e+06
0.331 1.4257e+07 2.4806e+06
0.332 1.0582e+07 2.4768e+06
0.333 1.1176e+07 2.473e+06
0.334 1.0357e+07 2.4692e+06
0.335 1.2406e+07 2.4654e+06
0.336 9.2869e+06 2.4616e+06
0.337 7.2684e+06 2.4579e+06
0.338 1.454e+07 2.4542e+06
0.339 1.0075e+07 2.4505e+06
0.34 1.0792e+07 2.4468e+06
0.341 1.0647e+07 2.4431e+06
0.342 1.2973e+07 2.4395e+06
0.343 9.8269e+06 2.4359e+06
0.344 1.1469e+07 2.4323e+06
0.345 1.4059e+07 2.4287e+06
0.346 8.3793e+06 2.4251e+06
0.347 1.2086e+07 2.4215e+06
0.348 1.3056e+07 2.418e+06
0.349 1.2108e+07 2.4145e+06
0.35 1.3108e+07 2.411e+06
0.351 9.4976e+06 2.4075e+06
0.352 1.1033e+07 2.4041e+06
0.353 1.2234e+07 2.4006e+06
0.354 1.515e+07 2.3972e+06
0.355 1.186e+07 2.3938e+06
0.356 1.2977e+07 2.3904e+06
0.357 1.051e+07 2.387e+06
0.358 1.198e+07 2.3836e+06
0.359 1.3355e+07 2.3803e+06
0.36 8.1636e+06 2.3769e+06
0.361 1.3921e+07 2.3736e+06
0.362 1.1703e+07 2.3703e+06
0.363 1.1997e+07 2.367e+06
0.364 1.2022e+07 2.3638e+06
0.365 9.6961e+06 2.3605e+06
0.366 9.7643e+06 2.3573e+06
0.367 9.9173e+06 2.354e+06
0.368 1.264e+07 2.3508e+06
0.369 6.5884e+06 2.3476e+06
0.37 1.0789e+07 2.3445e+06
0.371 1.933e+07 2.3413e+06
0.372 1.3105e+07 2.3381e+06
0.373 1.3433e+07 2.335e+06
0.374 1.0354e+07 2.3319e+06
0.375 7.5696e+06 2.3288e+06
0.376 1.1795e+07 2.3257e+06
0.377 1.0098e+07 2.3226e+06
0.378 1.2181e+07 2.3195e+06
0.379 1.1544e+07 2.3165e+06
0.38 1.0081e+07 2.3134e+06
0.381 8.3561e+06 2.3104e+06
0.382 8.763e+06 2.3074e+06
0.383 1.1368e+07 2.3044e+06
0.384 1.1368e+07 2.3014e+06
0.385 7.8218e+06 2.2984e+06
0.386 9.3556e+06 2.2954e+06
0.387 1.1056e+07 2.2925e+06
0.388 1.1507e+07 2.2895e+06
0.389 1.2626e+07 2.2866e+06
0.39 9.7065e+06 2.2837e+06
0.391 9.7065e+06 2.2808e+06
0.392 1.0514e+07 2.2779e+06
0.393 1.1949e+07 2.275e+06
0.394 1.3558e+07 2.2721e+06
0.395 1.0134e+07 2.2693e+06
0.396 1.6617e+07 2.2664e+06
0.397 1.2045e+07 2.2636e+06
0.398 1.2301e+07 2.2608e+06
0.399 1.1827e+07 2.258e+06
0.4 1.4901e+07 2.2552e+06
0.401 1.1342e+07 2.2524e+06
0.402 1.5884e+07 2.2496e+06
0.403 1.169e+07 2.2468e+06
0.404 1.2708e+07 2.2441e+06
0.405 1.2695e+07 2.2413e+06
0.406 7.6962e+06 2.2386e+06
0.407 1.4714e+07 2.2358e+06
0.408 9.0156e+06 2.2331e+06
0.409 1.0958e+07 2.2304e+06
0.41 1.0524e+07 2.2277e+06
0.411 1.2294e+07 2.225e+06
0.412 1.2807e+07 2.2223e+06
0.413 1.55e+07 2.2197e+06
0.414 6.6013e+06 2.217e+06
0.415 9.2505e+06 2.2144e+06
0.416 1.163e+07 2.2117e+06
0.417 1.1942e+07 2.2091e+06
0.418 9.5775e+06 2.2065e+06
0.419 1.7436e+07 2.2038e+06
0.42 1.0285e+07 2.2012e+06
0.421 1.3085e+07 2.1986e+06
0.422 1.3027e+07 2.1961e+06
0.423 6.3458e+06 2.1935e+06
0.424 1.0493e+07 2.1909e+06
0.425 1.4503e+07 2.1883e+06
0.426 1.4898e+07 2.1858e+06
0.427 8.4061e+06 2.1833e+06
0.428 1.2501e+07 2.1807e+06
0.429 1.1858e+07 2.1782e+06
0.43 1.1051e+07 2.1757e+06
0.431 1.2148e+07 2.1732e+06
0.432 8.7229e+06 2.1707e+06
0.433 1.1403e+07 2.1682e+06
0.434 1.2309e+07 2.1657e+06
0.435 1.1037e+07 2.1632e+06
0.436 1.5408e+07 2.1607e+06
0.437 1.1398e+07 2.1583e+06
0.438 1.1104e+07 2.1558e+06
0.439 1.0947e+07 2.1534e+06
0.44 1.2285e+07 2.151e+06
0.441 1.0635e+07 2.1485e+06
0.442 1.2821e+07 2.1461e+06
0.443 1.166e+07 2.1437e+06
0.444 7.8801e+06 2.1413e+06
0.445 1.3616e+07 2.1389e+06
0.446 1.4123e+07 2.1365e+06
0.447 1.107e+07 2.1341e+06
0.448 9.9945e+06 2.1317e+06
0.449 1.3819e+07 2.1294e+06
0.45 1.175e+07 2.127e+06
0.451 1.072e+07 2.1246e+06
0.452 1.1348e+07 2.1223e+06
0.453 1.0278e+07 2.12e+06
0.454 1.0889e+07 2.1176e+06
0.455 1.0385e+07 2.1153e+06
0.456 1.0933e+07 2.113e+06
0.457 1.1167e+07 2.1107e+06
0.458 9.4535e+06 2.1084e+06
0.459 1.3674e+07 2.1061e+06
0.46 1.1222e+07 2.1038e+06
0.461 1.1352e+07 2.1015e+06
0.462 1.608e+07 2.0992e+06
0.463 1.0734e+07 2.097e+06
0.464 1.3521e+07 2.0947e+06
0.465 1.1662e+07 2.0924e+06
0.466 1.0587e+07 2.0902e+06
0.467 1.2091e+07 2.0879e+06
0.468 1.2829e+07 2.0857e+06
0.469 1.0495e+07 2.0835e+06
0.47 1.3335e+07 2.0813e+06
0.471 1.2127e+07 2.079e+06
0.472 9.8817e+06 2.0768e+06
0.473 1.1605e+07 2.0746e+06
0.474 1.3333e+07 2.0724e+06
0.475 1.2412e+07 2.0702e+06
0.476 1.2527e+07 2.0681e+06
0.477 1.2145e+07 2.0659e+06
0.478 1.3475e+07 2.0637e+06
0.479 1.3784e+07 2.0615e+06
0.48 1.3714e+07 2.0594e+06
0.481 1.2151e+07 2.0572e+06
0.482 1.253e+07 2.0551e+06
0.483 1.2023e+07 2.0529e+06
0.484 1.1508e+07 2.0508e+06
0.485 1.1681e+07 2.0487e+06
0.486 1.1923e+07 2.0466e+06
0.487 1.2786e+07 2.0444e+06
0.488 1.2942e+07 2.0423e+06
0.489 1.1721e+07 2.0402e+06
0.49 1.6576e+07 2.0381e+06
0.491 1.3656e+07 2.036e+06
0.492 1.1229e+07 2.034e+06
0.493 1.2189e+07 2.0319e+06
0.494 1.4342e+07 2.0298e+06
0.495 1.3613e+07 2.0277e+06
0.496 1.4086e+07 2.0257e+06
0.497 1.1154e+07 2.0236e+06
0.498 1.3051e+07 2.0216e+06
0.499 1.2005e+07 2.0195e+06
0.5 1.1708e+07 2.0175e+06
