0.001 2.3137e+09 1.3898e+08
0.002 2.2705e+09 9.8266e+07
0.003 2.404e+09 8.0223e+07
0.004 2.2654e+09 6.9461e+07
0.005 2.3449e+09 6.2112e+07
0.006 2.3651e+09 5.6683e+07
0.007 2.3173e+09 5.2459e+07
0.008 2.2673e+09 4.905e+07
0.009 2.284e+09 4.6222e+07
0.01 2.2205e+09 4.3827e+07
0.011 2.2328e+09 4.1762e+07
0.012 2.2417e+09 3.9958e+07
0.013 2.1968e+09 3.8364e+07
0.014 2.2869e+09 3.694e+07
0.015 2.214e+09 3.5658e+07
0.016 2.2973e+09 3.4496e+07
0.017 2.2337e+09 3.3435e+07
0.018 2.2363e+09 3.2461e+07
0.019 2.2463e+09 3.1563e+07
0.02 2.2367e+09 3.073e+07
0.021 2.2063e+09 2.9955e+07
0.022 2.1598e+09 2.9232e+07
0.023 2.2247e+09 2.8554e+07
0.024 2.173e+09 2.7916e+07
0.025 2.1154e+09 2.7315e+07
0.026 2.1389e+09 2.6747e+07
0.027 2.1188e+09 2.6209e+07
0.028 2.1149e+09 2.5698e+07
0.029 2.1543e+09 2.5211e+07
0.03 2.1204e+09 2.4748e+07
0.031 2.0919e+09 2.4305e+07
0.032 2.1345e+09 2.3881e+07
0.033 2.0434e+09 2.3475e+07
0.034 2.0749e+09 2.3086e+07
0.035 2.0537e+09 2.2712e+07
0.036 2.0588e+09 2.2351e+07
0.037 2.0498e+09 2.2004e+07
0.038 1.9857e+09 2.167e+07
0.039 1.9973e+09 2.1346e+07
0.04 1.9611e+09 2.1034e+07
0.041 2.0079e+09 2.0732e+07
0.042 1.965e+09 2.0439e+07
0.043 1.9234e+09 2.0155e+07
0.044 1.8846e+09 1.988e+07
0.045 1.9051e+09 1.9613e+07
0.046 1.894e+09 1.9353e+07
0.047 1.8977e+09 1.91e+07
0.048 1.8331e+09 1.8855e+07
0.049 1.8723e+09 1.8615e+07
0.05 1.8393e+09 1.8382e+07
0.051 1.8013e+09 1.8155e+07
0.052 1.7748e+09 1.7933e+07
0.053 1.771e+09 1.7717e+07
0.054 1.7488e+09 1.7506e+07
0.055 1.7335e+09 1.73e+07
0.056 1.7343e+09 1.7098e+07
0.057 1.7218e+09 1.6901e+07
0.058 1.7265e+09 1.6708e+07
0.059 1.6661e+09 1.6519e+07
0.06 1.6616e+09 1.6335e+07
0.061 1.6311e+09 1.6154e+07
0.062 1.6393e+09 1.5977e+07
0.063 1.5877e+09 1.5803e+07
0.064 1.5888e+09 1.5633e+07
0.065 1.5899e+09 1.5466e+07
0.066 1.5393e+09 1.5302e+07
0.067 1.5254e+09 1.5142e+07
0.068 1.4834e+09 1.4984e+07
0.069 1.4985e+09 1.483e+07
0.07 1.4763e+09 1.4678e+07
0.071 1.4473e+09 1.4529e+07
0.072 1.424e+09 1.4383e+07
0.073 1.439e+09 1.4239e+07
0.074 1.4376e+09 1.4098e+07
0.075 1.4004e+09 1.3959e+07
0.076 1.362e+09 1.3823e+07
0.077 1.3923e+09 1.3688e+07
0.078 1.3245e+09 1.3557e+07
0.079 1.3198e+09 1.3427e+07
0.08 1.3076e+09 1.33e+07
0.081 1.2735e+09 1.3174e+07
0.082 1.2632e+09 1.3051e+07
0.083 1.2305e+09 1.293e+07
0.084 1.2415e+09 1.281e+07
0.085 1.2098e+09 1.2693e+07
0.086 1.1997e+09 1.2578e+07
0.087 1.1594e+09 1.2464e+07
0.088 1.1832e+09 1.2352e+07
0.089 1.1403e+09 1.2242e+07
0.09 1.1265e+09 1.2134e+07
0.091 1.1076e+09 1.2027e+07
0.092 1.0825e+09 1.1922e+07
0.093 1.0665e+09 1.1819e+07
0.094 1.046e+09 1.1717e+07
0.095 1.0539e+09 1.1617e+07
0.096 1.021e+09 1.1518e+07
0.097 9.9313e+08 1.1421e+07
0.098 9.9092e+08 1.1326e+07
0.099 9.6715e+08 1.1231e+07
0.1 9.6006e+08 1.1139e+07
0.101 9.3844e+08 1.1047e+07
0.102 9.1904e+08 1.0958e+07
0.103 9.1733e+08 1.0869e+07
0.104 8.9128e+08 1.0782e+07
0.105 8.8332e+08 1.0696e+07
0.106 8.642e+08 1.0612e+07
0.107 8.5668e+08 1.0529e+07
0.108 8.1676e+08 1.0447e+07
0.109 8.1204e+08 1.0366e+07
0.11 8.207e+08 1.0287e+07
0.111 7.9384e+08 1.0208e+07
0.112 7.9386e+08 1.0131e+07
0.113 7.6255e+08 1.0055e+07
0.114 7.5e+08 9.9806e+06
0.115 7.3729e+08 9.9071e+06
0.116 7.2813e+08 9.8346e+06
0.117 7.1852e+08 9.7632e+06
0.118 6.8848e+08 9.693e+06
0.119 6.9196e+08 9.6238e+06
0.12 6.602e+08 9.5556e+06
0.121 6.5343e+08 9.4885e+06
0.122 6.5704e+08 9.4224e+06
0.123 6.465e+08 9.3573e+06
0.124 6.2197e+08 9.2932e+06
0.125 6.0711e+08 9.2301e+06
0.126 5.9434e+08 9.1679e+06
0.127 5.8363e+08 9.1067e+06
0.128 5.8894e+08 9.0464e+06
0.129 5.67e+08 8.9871e+06
0.13 5.4531e+08 8.9286e+06
0.131 5.5415e+08 8.871e+06
0.132 5.4032e+08 8.8143e+06
0.133 5.1893e+08 8.7585e+06
0.134 5.1712e+08 8.7035e+06
0.135 5.0448e+08 8.6493e+06
0.136 4.9204e+08 8.596e+06
0.137 4.8243e+08 8.5434e+06
0.138 4.9318e+08 8.4917e+06
0.139 4.7966e+08 8.4407e+06
0.14 4.6122e+08 8.3905e+06
0.141 4.6044e+08 8.3411e+06
0.142 4.4023e+08 8.2924e+06
0.143 4.129e+08 8.2444e+06
0.144 4.2845e+08 8.1972e+06
0.145 4.1305e+08 8.1506e+06
0.146 4.214e+08 8.1048e+06
0.147 4.0081e+08 8.0597e+06
0.148 3.6696e+08 8.0152e+06
0.149 3.8115e+08 7.9713e+06
0.15 3.7238e+08 7.9282e+06
0.151 3.6652e+08 7.8856e+06
0.152 3.4528e+08 7.8437e+06
0.153 3.6309e+08 7.8024e+06
0.154 3.4928e+08 7.7617e+06
0.155 3.4908e+08 7.7217e+06
0.156 3.2986e+08 7.6821e+06
0.157 3.1527e+08 7.6432e+06
0.158 3.0307e+08 7.6048e+06
0.159 3.1686e+08 7.567e+06
0.16 3.0442e+08 7.5298e+06
0.161 2.9657e+08 7.493e+06
0.162 2.9126e+08 7.4568e+06
0.163 2.8469e+08 7.4211e+06
0.164 2.9526e+08 7.386e+06
0.165 2.7899e+08 7.3513e+06
0.166 2.7317e+08 7.3171e+06
0.167 2.592e+08 7.2834e+06
0.168 2.4608e+08 7.2501e+06
0.169 2.6464e+08 7.2174e+06
0.17 2.5688e+08 7.185e+06
0.171 2.4394e+08 7.1532e+06
0.172 2.3109e+08 7.1217e+06
0.173 2.2106e+08 7.0907e+06
0.174 2.1707e+08 7.0601e+06
0.175 2.1814e+08 7.03e+06
0.176 2.2473e+08 7.0002e+06
0.177 2.1396e+08 6.9708e+06
0.178 2.2203e+08 6.9419e+06
0.179 2.0454e+08 6.9133e+06
0.18 2.057e+08 6.8851e+06
0.181 1.9337e+08 6.8573e+06
0.182 1.841e+08 6.8298e+06
0.183 1.8223e+08 6.8027e+06
0.184 1.8547e+08 6.776e+06
0.185 1.8493e+08 6.7496e+06
0.186 1.81e+08 6.7235e+06
0.187 1.6793e+08 6.6978e+06
0.188 1.7542e+08 6.6724e+06
0.189 1.6125e+08 6.6473e+06
0.19 1.6609e+08 6.6225e+06
0.191 1.6436e+08 6.5981e+06
0.192 1.6679e+08 6.574e+06
0.193 1.4431e+08 6.5501e+06
0.194 1.5833e+08 6.5266e+06
0.195 1.433e+08 6.5033e+06
0.196 1.5217e+08 6.4804e+06
0.197 1.3993e+08 6.4577e+06
0.198 1.3366e+08 6.4353e+06
0.199 1.3182e+08 6.4131e+06
0.2 1.3549e+08 6.3912e+06
0.201 1.1643e+08 6.3696e+06
0.202 1.3009e+08 6.3483e+06
0.203 1.1576e+08 6.3272e+06
0.204 1.2677e+08 6.3063e+06
0.205 1.12e+08 6.2857e+06
0.206 1.1499e+08 6.2654e+06
0.207 1.0016e+08 6.2452e+06
0.208 1.166e+08 6.2253e+06
0.209 9.9212e+07 6.2057e+06
0.21 1.0016e+08 6.1862e+06
0.211 1.0339e+08 6.167e+06
0.212 9.7075e+07 6.148e+06
0.213 9.846e+07 6.1292e+06
0.214 9.3712e+07 6.1107e+06
0.215 8.047e+07 6.0923e+06
0.216 8.9627e+07 6.0741e+06
0.217 8.9241e+07 6.0562e+06
0.218 8.1447e+07 6.0384e+06
0.219 7.9009e+07 6.0208e+06
0.22 7.567e+07 6.0035e+06
0.221 7.7528e+07 5.9863e+06
0.222 8.1023e+07 5.9693e+06
0.223 6.698e+07 5.9525e+06
0.224 7.8921e+07 5.9358e+06
0.225 8.3671e+07 5.9194e+06
0.226 6.9574e+07 5.9031e+06
0.227 7.0702e+07 5.887e+06
0.228 7.7891e+07 5.871e+06
0.229 7.5767e+07 5.8553e+06
0.23 6.5966e+07 5.8397e+06
0.231 6.749e+07 5.8242e+06
0.232 7.1161e+07 5.8089e+06
0.233 5.7818e+07 5.7938e+06
0.234 5.4397e+07 5.7788e+06
0.235 6.2683e+07 5.764e+06
0.236 5.9304e+07 5.7493e+06
0.237 5.7581e+07 5.7348e+06
0.238 5.1869e+07 5.7204e+06
0.239 5.4574e+07 5.7062e+06
0.24 5.3686e+07 5.6921e+06
0.241 5.4977e+07 5.6781e+06
0.242 5.0091e+07 5.6643e+06
0.243 4.4305e+07 5.6506e+06
0.244 5.4892e+07 5.6371e+06
0.245 4.7855e+07 5.6236e+06
0.246 4.3494e+07 5.6103e+06
0.247 3.9646e+07 5.5972e+06
0.248 4.4255e+07 5.5841e+06
0.249 4.3135e+07 5.5712e+06
0.25 3.0789e+07 5.5584e+06
0.251 3.8874e+07 5.5457e+06
0.252 3.6287e+07 5.5332e+06
0.253 4.6433e+07 5.5208e+06
0.254 4.6113e+07 5.5084e+06
0.255 4.0058e+07 5.4962e+06
0.256 4.8185e+07 5.4841e+06
0.257 3.2864e+07 5.4721e+06
0.258 3.5137e+07 5.4602e+06
0.259 4.09e+07 5.4484e+06
0.26 2.3307e+07 5.4368e+06
0.261 3.7898e+07 5.4252e+06
0.262 3.6337e+07 5.4137e+06
0.263 3.5427e+07 5.4023e+06
0.264 3.5131e+07 5.3911e+06
0.265 3.8293e+07 5.3799e+06
0.266 3.1952e+07 5.3688e+06
0.267 3.1793e+07 5.3578e+06
0.268 2.7243e+07 5.3469e+06
0.269 2.2328e+07 5.3361e+06
0.27 3.7786e+07 5.3254e+06
0.271 2.8871e+07 5.3148e+06
0.272 3.3581e+07 5.3043e+06
0.273 3.2413e+07 5.2938e+06
0.274 2.219e+07 5.2834e+06
0.275 3.5209e+07 5.2731e+06
0.276 3.5199e+07 5.2629e+06
0.277 2.4166e+07 5.2528e+06
0.278 2.482e+07 5.2428e+06
0.279 2.2957e+07 5.2328e+06
0.28 3.2175e+07 5.2229e+06
0.281 3.8852e+07 5.2131e+06
0.282 2.8738e+07 5.2034e+06
0.283 2.2505e+07 5.1937e+06
0.284 2.3932e+07 5.1841e+06
0.285 1.9065e+07 5.1746e+06
0.286 2.307e+07 5.1652e+06
0.287 2.3212e+07 5.1558e+06
0.288 2.51e+07 5.1465e+06
0.289 2.6139e+07 5.1372e+06
0.29 2.0058e+07 5.1281e+06
0.291 1.9605e+07 5.1189e+06
0.292 2.1151e+07 5.1099e+06
0.293 1.9784e+07 5.1009e+06
0.294 2.9906e+07 5.092e+06
0.295 2.0076e+07 5.0831e+06
0.296 2.2395e+07 5.0744e+06
0.297 1.873e+07 5.0656e+06
0.298 2.2601e+07 5.0569e+06
0.299 1.666e+07 5.0483e+06
0.3 2.0502e+07 5.0398e+06
0.301 2.0393e+07 5.0313e+06
0.302 2.9247e+07 5.0228e+06
0.303 2.9306e+07 5.0144e+06
0.304 2.2381e+07 5.0061e+06
0.305 2.6695e+07 4.9978e+06
0.306 2.173e+07 4.9896e+06
0.307 2.5342e+07 4.9814e+06
0.308 2.7252e+07 4.9732e+06
0.309 2.0661e+07 4.9652e+06
0.31 2.118e+07 4.9571e+06
0.311 1.4636e+07 4.9491e+06
0.312 1.9535e+07 4.9412e+06
0.313 1.5992e+07 4.9333e+06
0.314 2.237e+07 4.9255e+06
0.315 2.107e+07 4.9177e+06
0.316 2.2331e+07 4.9099e+06
0.317 2.2127e+07 4.9022e+06
0.318 1.9204e+07 4.8946e+06
0.319 2.1784e+07 4.887e+06
0.32 2.4818e+07 4.8794e+06
0.321 2.2162e+07 4.8719e+06
0.322 1.7032e+07 4.8644e+06
0.323 3.206e+07 4.8569e+06
0.324 2.3512e+07 4.8495e+06
0.325 2.0107e+07 4.8422e+06
0.326 2.4188e+07 4.8348e+06
0.327 2.4369e+07 4.8276e+06
0.328 2.1731e+07 4.8203e+06
0.329 2.4761e+07 4.8131e+06
0.33 2.171e+07 4.8059e+06
0.331 2.6877e+07 4.7988e+06
0.332 2.077e+07 4.7917e+06
0.333 8.8977e+06 4.7846e+06
0.334 2.8865e+07 4.7776e+06
0.335 3.1809e+07 4.7706e+06
0.336 2.3602e+07 4.7636e+06
0.337 2.5932e+07 4.7567e+06
0.338 2.7293e+07 4.7498e+06
0.339 2.352e+07 4.7429e+06
0.34 2.5658e+07 4.7361e+06
0.341 1.9997e+07 4.7293e+06
0.342 1.9336e+07 4.7225e+06
0.343 1.9229e+07 4.7158e+06
0.344 2.7961e+07 4.7091e+06
0.345 2.579e+07 4.7024e+06
0.346 1.6763e+07 4.6958e+06
0.347 1.8734e+07 4.6892e+06
0.348 2.4537e+07 4.6826e+06
0.349 2.7176e+07 4.676e+06
0.35 2.8272e+07 4.6695e+06
0.351 2.2789e+07 4.663e+06
0.352 2.2463e+07 4.6565e+06
0.353 2.2034e+07 4.6501e+06
0.354 2.6973e+07 4.6437e+06
0.355 2.5289e+07 4.6373e+06
0.356 1.2999e+07 4.6309e+06
0.357 1.3994e+07 4.6245e+06
0.358 3.1447e+07 4.6182e+06
0.359 2.4017e+07 4.6119e+06
0.36 3.0877e+07 4.6057e+06
0.361 2.6244e+07 4.5994e+06
0.362 2.0817e+07 4.5932e+06
0.363 4.0673e+07 4.587e+06
0.364 2.161e+07 4.5808e+06
0.365 2.7898e+07 4.5747e+06
0.366 3.069e+07 4.5685e+06
0.367 2.4087e+07 4.5624e+06
0.368 2.5591e+07 4.5564e+06
0.369 2.3881e+07 4.5503e+06
0.37 2.5737e+07 4.5443e+06
0.371 3.0869e+07 4.5382e+06
0.372 3.467e+07 4.5322e+06
0.373 2.5859e+07 4.5263e+06
0.374 2.8558e+07 4.5203e+06
0.375 3.1189e+07 4.5144e+06
0.376 2.7071e+07 4.5085e+06
0.377 2.4936e+07 4.5026e+06
0.378 3.0354e+07 4.4967e+06
0.379 3.0337e+07 4.4908e+06
0.38 3.2367e+07 4.485e+06
0.381 2.4367e+07 4.4792e+06
0.382 2.3666e+07 4.4734e+06
0.383 2.5625e+07 4.4676e+06
0.384 1.7246e+07 4.4619e+06
0.385 2.2305e+07 4.4561e+06
0.386 2.9426e+07 4.4504e+06
0.387 3.2345e+07 4.4447e+06
0.388 2.2609e+07 4.439e+06
0.389 1.7056e+07 4.4334e+06
0.39 2.6883e+07 4.4277e+06
0.391 2.6813e+07 4.4221e+06
0.392 2.8254e+07 4.4165e+06
0.393 2.9418e+07 4.4109e+06
0.394 2.6207e+07 4.4053e+06
0.395 3.1182e+07 4.3998e+06
0.396 2.6633e+07 4.3942e+06
0.397 2.6276e+07 4.3887e+06
0.398 2.7967e+07 4.3832e+06
0.399 2.5564e+07 4.3777e+06
0.4 2.6312e+07 4.3722e+06
0.401 3.2242e+07 4.3668e+06
0.402 3.0398e+07 4.3613e+06
0.403 1.6922e+07 4.3559e+06
0.404 1.4164e+07 4.3505e+06
0.405 2.6993e+07 4.3451e+06
0.406 2.7316e+07 4.3398e+06
0.407 3.0015e+07 4.3344e+06
0.408 2.7574e+07 4.3291e+06
0.409 2.3628e+07 4.3238e+06
0.41 3.0798e+07 4.3185e+06
0.411 2.9338e+07 4.3132e+06
0.412 2.957e+07 4.3079e+06
0.413 2.1856e+07 4.3027e+06
0.414 2.6892e+07 4.2974e+06
0.415 3.0211e+07 4.2922e+06
0.416 2.6796e+07 4.287e+06
0.417 2.5366e+07 4.2818e+06
0.418 2.8528e+07 4.2767e+06
0.419 2.4817e+07 4.2715e+06
0.42 2.2352e+07 4.2664e+06
0.421 2.7947e+07 4.2612e+06
0.422 2.7764e+07 4.2561e+06
0.423 2.8756e+07 4.2511e+06
0.424 1.9683e+07 4.246e+06
0.425 2.6375e+07 4.2409e+06
0.426 3.198e+07 4.2359e+06
0.427 3.7732e+07 4.2309e+06
0.428 2.3389e+07 4.2259e+06
0.429 3.0758e+07 4.2209e+06
0.43 2.0712e+07 4.2159e+06
0.431 2.0695e+07 4.2109e+06
0.432 2.3238e+07 4.206e+06
0.433 2.1621e+07 4.2011e+06
0.434 2.8396e+07 4.1962e+06
0.435 2.4297e+07 4.1913e+06
0.436 1.8961e+07 4.1864e+06
0.437 3.0725e+07 4.1815e+06
0.438 2.3125e+07 4.1767e+06
0.439 1.8466e+07 4.1719e+06
0.44 3.2099e+07 4.1671e+06
0.441 2.4719e+07 4.1623e+06
0.442 2.9529e+07 4.1575e+06
0.443 2.8648e+07 4.1527e+06
0.444 2.572e+07 4.148e+06
0.445 2.8879e+07 4.1432e+06
0.446 2.4043e+07 4.1385e+06
0.447 2.4198e+07 4.1338e+06
0.448 2.8435e+07 4.1291e+06
0.449 2.2831e+07 4.1245e+06
0.45 2.2972e+07 4.1198e+06
0.451 2.9059e+07 4.1152e+06
0.452 2.7213e+07 4.1106e+06
0.453 1.9572e+07 4.106e+06
0.454 1.8537e+07 4.1014e+06
0.455 2.3168e+07 4.0968e+06
0.456 2.6177e+07 4.0922e+06
0.457 2.2661e+07 4.0877e+06
0.458 2.572e+07 4.0832e+06
0.459 2.2143e+07 4.0787e+06
0.46 2.6275e+07 4.0742e+06
0.461 2.6815e+07 4.0697e+06
0.462 2.1534e+07 4.0652e+06
0.463 2.2835e+07 4.0608e+06
0.464 2.8779e+07 4.0563e+06
0.465 3.0918e+07 4.0519e+06
0.466 2.3793e+07 4.0475e+06
0.467 2.9274e+07 4.0431e+06
0.468 2.5301e+07 4.0387e+06
0.469 2.513e+07 4.0344e+06
0.47 3.271e+07 4.03e+06
0.471 2.1028e+07 4.0257e+06
0.472 2.1885e+07 4.0214e+06
0.473 2.3999e+07 4.0171e+06
0.474 2.449e+07 4.0128e+06
0.475 1.4257e+07 4.0085e+06
0.476 2.1293e+07 4.0042e+06
0.477 2.5715e+07 4e+06
0.478 2.5265e+07 3.9958e+06
0.479 1.2513e+07 3.9916e+06
0.48 2.2621e+07 3.9873e+06
0.481 3.1431e+07 3.9832e+06
0.482 1.9569e+07 3.979e+06
0.483 2.1112e+07 3.9748e+06
0.484 2.3789e+07 3.9707e+06
0.485 2.1784e+07 3.9665e+06
0.486 1.9274e+07 3.9624e+06
0.487 2.4336e+07 3.9583e+06
0.488 2.1754e+07 3.9542e+06
0.489 2.7462e+07 3.9501e+06
0.49 1.592e+07 3.946e+06
0.491 2.6909e+07 3.942e+06
0.492 1.8809e+07 3.9379e+06
0.493 2.7819e+07 3.9339e+06
0.494 2.4282e+07 3.9299e+06
0.495 2.213e+07 3.9259e+06
0.496 2.4025e+07 3.9219e+06
0.497 3.0105e+07 3.9179e+06
0.498 2.6598e+07 3.9139e+06
0.499 2.5989e+07 3.91e+06
0.5 2.5374e+07 3.906e+06
