0.001 3.2057e+09 1.9246e+08
0.002 3.1452e+09 1.3608e+08
0.003 2.9782e+09 1.111e+08
0.004 3.1466e+09 9.6195e+07
0.005 3.1292e+09 8.6019e+07
0.006 3.0756e+09 7.8502e+07
0.007 3.148e+09 7.2654e+07
0.008 3.0102e+09 6.7936e+07
0.009 3.0012e+09 6.4022e+07
0.01 3.0059e+09 6.0707e+07
0.011 3.1881e+09 5.785e+07
0.012 3.1049e+09 5.5355e+07
0.013 3.0475e+09 5.3149e+07
0.014 3.0801e+09 5.118e+07
0.015 3.0973e+09 4.9408e+07
0.016 3.0098e+09 4.7801e+07
0.017 3.0077e+09 4.6334e+07
0.018 3.0689e+09 4.4989e+07
0.019 3.0551e+09 4.3747e+07
0.02 2.9979e+09 4.2597e+07
0.021 3.0367e+09 4.1527e+07
0.022 2.9811e+09 4.0528e+07
0.023 2.9573e+09 3.9592e+07
0.024 3.0219e+09 3.8713e+07
0.025 2.9431e+09 3.7884e+07
0.026 3.0248e+09 3.71e+07
0.027 2.9789e+09 3.6358e+07
0.028 2.9662e+09 3.5654e+07
0.029 2.9908e+09 3.4984e+07
0.03 2.9115e+09 3.4346e+07
0.031 2.8453e+09 3.3736e+07
0.032 2.9169e+09 3.3153e+07
0.033 2.777e+09 3.2594e+07
0.034 2.8586e+09 3.2058e+07
0.035 2.8276e+09 3.1544e+07
0.036 2.7964e+09 3.1049e+07
0.037 2.8284e+09 3.0572e+07
0.038 2.7565e+09 3.0112e+07
0.039 2.7067e+09 2.9668e+07
0.04 2.751e+09 2.9239e+07
0.041 2.714e+09 2.8824e+07
0.042 2.6958e+09 2.8423e+07
0.043 2.6949e+09 2.8034e+07
0.044 2.6705e+09 2.7656e+07
0.045 2.6188e+09 2.729e+07
0.046 2.6255e+09 2.6934e+07
0.047 2.5619e+09 2.6588e+07
0.048 2.549e+09 2.6252e+07
0.049 2.539e+09 2.5924e+07
0.05 2.5337e+09 2.5605e+07
0.051 2.538e+09 2.5294e+07
0.052 2.475e+09 2.4991e+07
0.053 2.4368e+09 2.4695e+07
0.054 2.4171e+09 2.4407e+07
0.055 2.4424e+09 2.4125e+07
0.056 2.3637e+09 2.3849e+07
0.057 2.3813e+09 2.358e+07
0.058 2.3491e+09 2.3317e+07
0.059 2.3271e+09 2.3059e+07
0.06 2.2813e+09 2.2807e+07
0.061 2.3169e+09 2.256e+07
0.062 2.2422e+09 2.2319e+07
0.063 2.2483e+09 2.2082e+07
0.064 2.2304e+09 2.185e+07
0.065 2.1606e+09 2.1622e+07
0.066 2.169e+09 2.1399e+07
0.067 2.1271e+09 2.118e+07
0.068 2.0836e+09 2.0966e+07
0.069 2.0985e+09 2.0755e+07
0.07 2.011e+09 2.0548e+07
0.071 2.0685e+09 2.0345e+07
0.072 1.9944e+09 2.0146e+07
0.073 1.9644e+09 1.995e+07
0.074 1.9339e+09 1.9757e+07
0.075 1.9543e+09 1.9568e+07
0.076 1.954e+09 1.9382e+07
0.077 1.8816e+09 1.92e+07
0.078 1.8472e+09 1.902e+07
0.079 1.8551e+09 1.8844e+07
0.08 1.8625e+09 1.867e+07
0.081 1.7779e+09 1.8499e+07
0.082 1.7783e+09 1.8331e+07
0.083 1.7456e+09 1.8166e+07
0.084 1.7342e+09 1.8003e+07
0.085 1.7022e+09 1.7844e+07
0.086 1.6633e+09 1.7686e+07
0.087 1.6641e+09 1.7531e+07
0.088 1.6361e+09 1.7379e+07
0.089 1.6122e+09 1.7229e+07
0.09 1.5814e+09 1.7081e+07
0.091 1.5784e+09 1.6935e+07
0.092 1.5333e+09 1.6792e+07
0.093 1.5405e+09 1.6651e+07
0.094 1.4885e+09 1.6512e+07
0.095 1.53e+09 1.6376e+07
0.096 1.486e+09 1.6241e+07
0.097 1.461e+09 1.6108e+07
0.098 1.4067e+09 1.5978e+07
0.099 1.4017e+09 1.5849e+07
0.1 1.3893e+09 1.5722e+07
0.101 1.3721e+09 1.5598e+07
0.102 1.3267e+09 1.5475e+07
0.103 1.269e+09 1.5354e+07
0.104 1.2882e+09 1.5234e+07
0.105 1.2616e+09 1.5117e+07
0.106 1.2391e+09 1.5001e+07
0.107 1.2298e+09 1.4887e+07
0.108 1.2083e+09 1.4775e+07
0.109 1.2037e+09 1.4664e+07
0.11 1.1825e+09 1.4555e+07
0.111 1.1568e+09 1.4447e+07
0.112 1.1416e+09 1.4341e+07
0.113 1.1079e+09 1.4237e+07
0.114 1.0824e+09 1.4134e+07
0.115 1.0655e+09 1.4033e+07
0.116 1.0439e+09 1.3933e+07
0.117 1.0468e+09 1.3835e+07
0.118 1.0155e+09 1.3738e+07
0.119 1.0149e+09 1.3642e+07
0.12 9.9501e+08 1.3548e+07
0.121 9.6722e+08 1.3456e+07
0.122 9.4071e+08 1.3364e+07
0.123 9.6375e+08 1.3274e+07
0.124 9.3276e+08 1.3185e+07
0.125 9.0204e+08 1.3098e+07
0.126 9.1175e+08 1.3012e+07
0.127 8.8405e+08 1.2927e+07
0.128 8.4499e+08 1.2843e+07
0.129 8.1904e+08 1.2761e+07
0.13 8.2256e+08 1.2679e+07
0.131 8.0747e+08 1.2599e+07
0.132 7.8976e+08 1.252e+07
0.133 7.7355e+08 1.2442e+07
0.134 7.9306e+08 1.2366e+07
0.135 7.4709e+08 1.229e+07
0.136 7.4579e+08 1.2216e+07
0.137 7.3267e+08 1.2142e+07
0.138 7.2229e+08 1.207e+07
0.139 7.1708e+08 1.1999e+07
0.14 6.7579e+08 1.1928e+07
0.141 6.6092e+08 1.1859e+07
0.142 6.5692e+08 1.1791e+07
0.143 6.5763e+08 1.1723e+07
0.144 6.2515e+08 1.1657e+07
0.145 6.2232e+08 1.1591e+07
0.146 6.0256e+08 1.1527e+07
0.147 5.9802e+08 1.1463e+07
0.148 5.636e+08 1.1401e+07
0.149 5.7636e+08 1.1339e+07
0.15 5.8356e+08 1.1278e+07
0.151 5.4986e+08 1.1218e+07
0.152 5.3864e+08 1.1158e+07
0.153 5.2967e+08 1.11e+07
0.154 5.1622e+08 1.1042e+07
0.155 4.9446e+08 1.0986e+07
0.156 4.9203e+08 1.093e+07
0.157 4.9984e+08 1.0874e+07
0.158 4.709e+08 1.082e+07
0.159 4.7846e+08 1.0766e+07
0.16 4.682e+08 1.0713e+07
0.161 4.4151e+08 1.0661e+07
0.162 4.465e+08 1.0609e+07
0.163 4.3534e+08 1.0558e+07
0.164 4.2774e+08 1.0508e+07
0.165 4.247e+08 1.0459e+07
0.166 4.1704e+08 1.041e+07
0.167 4.0753e+08 1.0362e+07
0.168 3.9151e+08 1.0314e+07
0.169 3.722e+08 1.0267e+07
0.17 3.8653e+08 1.0221e+07
0.171 3.7442e+08 1.0175e+07
0.172 3.6703e+08 1.013e+07
0.173 3.6052e+08 1.0086e+07
0.174 3.2787e+08 1.0042e+07
0.175 3.4168e+08 9.9987e+06
0.176 3.1825e+08 9.956e+06
0.177 3.2225e+08 9.9138e+06
0.178 3.2856e+08 9.8722e+06
0.179 2.9743e+08 9.8311e+06
0.18 3.1167e+08 9.7905e+06
0.181 3.0615e+08 9.7505e+06
0.182 2.9566e+08 9.711e+06
0.183 2.6885e+08 9.672e+06
0.184 2.7905e+08 9.6334e+06
0.185 2.6314e+08 9.5954e+06
0.186 2.6629e+08 9.5578e+06
0.187 2.6948e+08 9.5207e+06
0.188 2.5024e+08 9.4841e+06
0.189 2.3508e+08 9.4479e+06
0.19 2.4767e+08 9.4122e+06
0.191 2.3039e+08 9.3769e+06
0.192 2.3101e+08 9.3421e+06
0.193 2.2478e+08 9.3077e+06
0.194 2.1226e+08 9.2737e+06
0.195 2.1268e+08 9.2401e+06
0.196 2.2116e+08 9.2069e+06
0.197 1.9369e+08 9.1742e+06
0.198 2.1504e+08 9.1418e+06
0.199 1.9021e+08 9.1098e+06
0.2 1.8778e+08 9.0782e+06
0.201 1.9698e+08 9.047e+06
0.202 1.8276e+08 9.0162e+06
0.203 1.553e+08 8.9857e+06
0.204 1.7732e+08 8.9556e+06
0.205 1.7463e+08 8.9258e+06
0.206 1.732e+08 8.8964e+06
0.207 1.6855e+08 8.8673e+06
0.208 1.6552e+08 8.8386e+06
0.209 1.5807e+08 8.8102e+06
0.21 1.6506e+08 8.7821e+06
0.211 1.4902e+08 8.7544e+06
0.212 1.3539e+08 8.7269e+06
0.213 1.4165e+08 8.6998e+06
0.214 1.4682e+08 8.673e+06
0.215 1.3967e+08 8.6465e+06
0.216 1.3047e+08 8.6203e+06
0.217 1.2275e+08 8.5944e+06
0.218 1.2732e+08 8.5688e+06
0.219 1.1136e+08 8.5435e+06
0.22 1.3027e+08 8.5185e+06
0.221 1.3198e+08 8.4937e+06
0.222 1.0594e+08 8.4692e+06
0.223 1.0643e+08 8.445e+06
0.224 1.1196e+08 8.4211e+06
0.225 1.0663e+08 8.3974e+06
0.226 8.3073e+07 8.374e+06
0.227 8.3149e+07 8.3508e+06
0.228 9.7215e+07 8.3279e+06
0.229 9.1459e+07 8.3052e+06
0.23 9.2724e+07 8.2828e+06
0.231 9.1809e+07 8.2606e+06
0.232 9.6308e+07 8.2387e+06
0.233 7.7185e+07 8.2169e+06
0.234 9.8252e+07 8.1955e+06
0.235 7.2088e+07 8.1742e+06
0.236 9.3753e+07 8.1532e+06
0.237 7.4366e+07 8.1324e+06
0.238 6.8216e+07 8.1118e+06
0.239 7.4599e+07 8.0914e+06
0.24 7.4667e+07 8.0712e+06
0.241 6.5144e+07 8.0513e+06
0.242 7.1485e+07 8.0315e+06
0.243 6.3871e+07 8.012e+06
0.244 6.5525e+07 7.9926e+06
0.245 5.814e+07 7.9734e+06
0.246 6.4245e+07 7.9545e+06
0.247 6.0359e+07 7.9357e+06
0.248 5.0992e+07 7.9171e+06
0.249 6.0828e+07 7.8987e+06
0.25 5.1303e+07 7.8805e+06
0.251 6.0538e+07 7.8624e+06
0.252 4.9986e+07 7.8446e+06
0.253 4.4753e+07 7.8269e+06
0.254 4.6203e+07 7.8093e+06
0.255 6.2156e+07 7.792e+06
0.256 6.0241e+07 7.7748e+06
0.257 5.0261e+07 7.7577e+06
0.258 4.9926e+07 7.7409e+06
0.259 4.3565e+07 7.7242e+06
0.26 3.9385e+07 7.7076e+06
0.261 4.9472e+07 7.6912e+06
0.262 4.5419e+07 7.675e+06
0.263 4.6113e+07 7.6589e+06
0.264 3.2859e+07 7.6429e+06
0.265 4.4937e+07 7.6271e+06
0.266 2.7545e+07 7.6114e+06
0.267 3.4397e+07 7.5959e+06
0.268 2.7394e+07 7.5805e+06
0.269 5.3972e+07 7.5652e+06
0.27 3.9344e+07 7.5501e+06
0.271 4.8361e+07 7.5351e+06
0.272 2.5072e+07 7.5203e+06
0.273 4.5528e+07 7.5055e+06
0.274 1.9289e+07 7.4909e+06
0.275 2.9001e+07 7.4764e+06
0.276 5.306e+07 7.4621e+06
0.277 2.3776e+07 7.4478e+06
0.278 1.9797e+07 7.4337e+06
0.279 2.5142e+07 7.4197e+06
0.28 2.7967e+07 7.4058e+06
0.281 3.0766e+07 7.392e+06
0.282 3.0562e+07 7.3783e+06
0.283 3.1715e+07 7.3648e+06
0.284 2.1069e+07 7.3513e+06
0.285 4.0046e+07 7.3379e+06
0.286 2.9409e+07 7.3247e+06
0.287 3.1621e+07 7.3115e+06
0.288 1.7798e+07 7.2985e+06
0.289 3.5243e+07 7.2855e+06
0.29 3.408e+07 7.2727e+06
0.291 1.6755e+07 7.2599e+06
0.292 2.9823e+07 7.2473e+06
0.293 2.3447e+07 7.2347e+06
0.294 3.5473e+07 7.2222e+06
0.295 1.6257e+07 7.2098e+06
0.296 2.3372e+07 7.1975e+06
0.297 2.4459e+07 7.1853e+06
0.298 2.2902e+07 7.1732e+06
0.299 1.5072e+07 7.1611e+06
0.3 2.6098e+07 7.1492e+06
0.301 3.5437e+07 7.1373e+06
0.302 2.1581e+07 7.1255e+06
0.303 3.5173e+07 7.1138e+06
0.304 2.4521e+07 7.1021e+06
0.305 3.1174e+07 7.0906e+06
0.306 3.1917e+07 7.0791e+06
0.307 1.1719e+07 7.0676e+06
0.308 2.7082e+07 7.0563e+06
0.309 3.0052e+07 7.045e+06
0.31 3.6101e+07 7.0338e+06
0.311 3.4748e+07 7.0227e+06
0.312 3.0268e+07 7.0116e+06
0.313 2.5848e+07 7.0006e+06
0.314 3.0845e+07 6.9897e+06
0.315 3.0109e+07 6.9788e+06
0.316 2.9046e+07 6.968e+06
0.317 2.2695e+07 6.9573e+06
0.318 2.7657e+07 6.9466e+06
0.319 1.3105e+07 6.936e+06
0.32 2.628e+07 6.9254e+06
0.321 3.4971e+07 6.9149e+06
0.322 1.7441e+07 6.9045e+06
0.323 1.5983e+07 6.8941e+06
0.324 2.8562e+07 6.8838e+06
0.325 3.5443e+07 6.8735e+06
0.326 1.8487e+07 6.8633e+06
0.327 2.933e+07 6.8531e+06
0.328 2.6636e+07 6.843e+06
0.329 3.0181e+07 6.833e+06
0.33 3.1605e+07 6.823e+06
0.331 3.0508e+07 6.813e+06
0.332 4.3063e+07 6.8031e+06
0.333 4.9471e+07 6.7933e+06
0.334 3.4403e+07 6.7834e+06
0.335 2.6294e+07 6.7737e+06
0.336 2.7985e+07 6.764e+06
0.337 2.7951e+07 6.7543e+06
0.338 4.0775e+07 6.7447e+06
0.339 3.1196e+07 6.7351e+06
0.34 4.0944e+07 6.7256e+06
0.341 2.365e+07 6.7161e+06
0.342 3.7817e+07 6.7066e+06
0.343 2.375e+07 6.6972e+06
0.344 3.9039e+07 6.6878e+06
0.345 3.3667e+07 6.6785e+06
0.346 3.1515e+07 6.6692e+06
0.347 3.6759e+07 6.66e+06
0.348 3.6179e+07 6.6508e+06
0.349 4.0727e+07 6.6416e+06
0.35 3.732e+07 6.6324e+06
0.351 2.8281e+07 6.6233e+06
0.352 4.861e+07 6.6143e+06
0.353 2.1313e+07 6.6053e+06
0.354 2.6043e+07 6.5963e+06
0.355 3.8122e+07 6.5873e+06
0.356 4.1111e+07 6.5784e+06
0.357 3.7218e+07 6.5695e+06
0.358 3.0807e+07 6.5606e+06
0.359 3.3531e+07 6.5518e+06
0.36 3.6891e+07 6.543e+06
0.361 3.7614e+07 6.5343e+06
0.362 4.9969e+07 6.5256e+06
0.363 3.9413e+07 6.5169e+06
0.364 3.7119e+07 6.5082e+06
0.365 3.7575e+07 6.4996e+06
0.366 4.6497e+07 6.491e+06
0.367 4.0064e+07 6.4824e+06
0.368 3.0851e+07 6.4738e+06
0.369 4.6507e+07 6.4653e+06
0.37 3.9074e+07 6.4568e+06
0.371 4.0345e+07 6.4484e+06
0.372 3.8878e+07 6.4399e+06
0.373 5.0134e+07 6.4315e+06
0.374 3.3262e+07 6.4232e+06
0.375 4.0502e+07 6.4148e+06
0.376 2.9096e+07 6.4065e+06
0.377 3.191e+07 6.3982e+06
0.378 2.8728e+07 6.3899e+06
0.379 3.1568e+07 6.3817e+06
0.38 4.4827e+07 6.3735e+06
0.381 4.1548e+07 6.3653e+06
0.382 3.505e+07 6.3571e+06
0.383 3.6467e+07 6.349e+06
0.384 3.5236e+07 6.3408e+06
0.385 5.4356e+07 6.3327e+06
0.386 4.0865e+07 6.3247e+06
0.387 4.5093e+07 6.3166e+06
0.388 3.3723e+07 6.3086e+06
0.389 3.8189e+07 6.3006e+06
0.39 5.6052e+07 6.2926e+06
0.391 5.099e+07 6.2847e+06
0.392 4.1028e+07 6.2768e+06
0.393 4.7124e+07 6.2689e+06
0.394 3.9125e+07 6.261e+06
0.395 4.5663e+07 6.2531e+06
0.396 4.1011e+07 6.2453e+06
0.397 3.0129e+07 6.2375e+06
0.398 3.6527e+07 6.2297e+06
0.399 4.5098e+07 6.2219e+06
0.4 4.9439e+07 6.2142e+06
0.401 5.3854e+07 6.2065e+06
0.402 3.5404e+07 6.1988e+06
0.403 3.9858e+07 6.1911e+06
0.404 4.2209e+07 6.1835e+06
0.405 4.2988e+07 6.1758e+06
0.406 4.2213e+07 6.1682e+06
0.407 3.655e+07 6.1607e+06
0.408 4.2133e+07 6.1531e+06
0.409 4.4078e+07 6.1456e+06
0.41 4.6428e+07 6.138e+06
0.411 4.9777e+07 6.1306e+06
0.412 4.2824e+07 6.1231e+06
0.413 4.3205e+07 6.1156e+06
0.414 4.5398e+07 6.1082e+06
0.415 4.4161e+07 6.1008e+06
0.416 3.9188e+07 6.0934e+06
0.417 5.0765e+07 6.0861e+06
0.418 5.1813e+07 6.0787e+06
0.419 4.8503e+07 6.0714e+06
0.42 3.2933e+07 6.0641e+06
0.421 4.9308e+07 6.0568e+06
0.422 3.7155e+07 6.0496e+06
0.423 2.9482e+07 6.0424e+06
0.424 4.393e+07 6.0352e+06
0.425 4.291e+07 6.028e+06
0.426 3.8788e+07 6.0208e+06
0.427 3.5674e+07 6.0137e+06
0.428 2.8762e+07 6.0066e+06
0.429 4.087e+07 5.9995e+06
0.43 3.5501e+07 5.9924e+06
0.431 2.9216e+07 5.9853e+06
0.432 5.1938e+07 5.9783e+06
0.433 4.085e+07 5.9713e+06
0.434 3.8737e+07 5.9643e+06
0.435 4.7308e+07 5.9574e+06
0.436 4.1623e+07 5.9504e+06
0.437 4.0049e+07 5.9435e+06
0.438 4.5314e+07 5.9366e+06
0.439 5.689e+07 5.9297e+06
0.44 3.2909e+07 5.9229e+06
0.441 3.7715e+07 5.9161e+06
0.442 3.421e+07 5.9093e+06
0.443 4.9486e+07 5.9025e+06
0.444 4.4765e+07 5.8957e+06
0.445 4.7967e+07 5.889e+06
0.446 4.7079e+07 5.8823e+06
0.447 4.6621e+07 5.8756e+06
0.448 4.4272e+07 5.8689e+06
0.449 4.762e+07 5.8622e+06
0.45 4.402e+07 5.8556e+06
0.451 3.7686e+07 5.849e+06
0.452 2.1662e+07 5.8424e+06
0.453 4.0583e+07 5.8358e+06
0.454 4.236e+07 5.8293e+06
0.455 4.2343e+07 5.8228e+06
0.456 4.4043e+07 5.8163e+06
0.457 4.7e+07 5.8098e+06
0.458 4.0187e+07 5.8033e+06
0.459 3.1233e+07 5.7969e+06
0.46 3.803e+07 5.7905e+06
0.461 4.2831e+07 5.7841e+06
0.462 4.2222e+07 5.7777e+06
0.463 2.6572e+07 5.7714e+06
0.464 4.2181e+07 5.765e+06
0.465 4.4542e+07 5.7587e+06
0.466 4.0115e+07 5.7524e+06
0.467 2.6837e+07 5.7462e+06
0.468 3.4856e+07 5.7399e+06
0.469 5.2346e+07 5.7337e+06
0.47 3.3871e+07 5.7275e+06
0.471 3.5203e+07 5.7213e+06
0.472 4.2834e+07 5.7151e+06
0.473 2.2787e+07 5.709e+06
0.474 3.4807e+07 5.7028e+06
0.475 4.6085e+07 5.6967e+06
0.476 4.5735e+07 5.6907e+06
0.477 3.6414e+07 5.6846e+06
0.478 3.6468e+07 5.6785e+06
0.479 3.3884e+07 5.6725e+06
0.48 4.4192e+07 5.6665e+06
0.481 4.6367e+07 5.6605e+06
0.482 4.4557e+07 5.6546e+06
0.483 3.9147e+07 5.6486e+06
0.484 4.781e+07 5.6427e+06
0.485 3.7988e+07 5.6368e+06
0.486 4.4028e+07 5.6309e+06
0.487 3.8049e+07 5.625e+06
0.488 3.5653e+07 5.6191e+06
0.489 3.8482e+07 5.6133e+06
0.49 3.0424e+07 5.6075e+06
0.491 4.3875e+07 5.6017e+06
0.492 3.5015e+07 5.5959e+06
0.493 4.4757e+07 5.5901e+06
0.494 4.6031e+07 5.5844e+06
0.495 3.7284e+07 5.5787e+06
0.496 4.0805e+07 5.573e+06
0.497 3.6509e+07 5.5673e+06
0.498 2.5748e+07 5.5616e+06
0.499 3.2035e+07 5.5559e+06
0.5 4.2893e+07 5.5503e+06
