0.001 3.2187e+09 6.4374e+07
0.002 3.4227e+09 6.8454e+07
0.003 3.3287e+09 6.6574e+07
0.004 3.6292e+09 7.2584e+07
0.005 3.4092e+09 6.8184e+07
0.006 3.4095e+09 6.8191e+07
0.007 3.2897e+09 6.5794e+07
0.008 3.3836e+09 6.7672e+07
0.009 3.385e+09 6.77e+07
0.01 3.3788e+09 6.7576e+07
0.011 3.3142e+09 6.6284e+07
0.012 3.1992e+09 6.3983e+07
0.013 3.2411e+09 6.4823e+07
0.014 3.2364e+09 6.4729e+07
0.015 3.3219e+09 6.6437e+07
0.016 3.2298e+09 6.4597e+07
0.017 3.2998e+09 6.5995e+07
0.018 3.2437e+09 6.4873e+07
0.019 3.2775e+09 6.555e+07
0.02 3.2177e+09 6.4354e+07
0.021 3.2118e+09 6.4236e+07
0.022 3.2377e+09 6.4753e+07
0.023 3.1758e+09 6.3516e+07
0.024 3.1749e+09 6.3498e+07
0.025 3.2176e+09 6.4351e+07
0.026 3.097e+09 6.1939e+07
0.027 3.051e+09 6.1021e+07
0.028 3.1354e+09 6.2709e+07
0.029 3.187e+09 6.374e+07
0.03 3.0997e+09 6.1995e+07
0.031 3.0642e+09 6.1285e+07
0.032 3.0522e+09 6.1045e+07
0.033 3.1138e+09 6.2276e+07
0.034 3.0032e+09 6.0064e+07
0.035 3.0113e+09 6.0227e+07
0.036 2.9802e+09 5.9603e+07
0.037 2.9334e+09 5.8668e+07
0.038 2.9197e+09 5.8394e+07
0.039 2.9385e+09 5.8769e+07
0.04 2.8602e+09 5.7203e+07
0.041 2.8657e+09 5.7314e+07
0.042 2.8193e+09 5.6386e+07
0.043 2.8176e+09 5.6352e+07
0.044 2.7717e+09 5.5434e+07
0.045 2.7822e+09 5.5644e+07
0.046 2.7013e+09 5.4027e+07
0.047 2.7549e+09 5.5098e+07
0.048 2.6542e+09 5.3083e+07
0.049 2.6735e+09 5.3471e+07
0.05 2.6369e+09 5.2739e+07
0.051 2.6435e+09 5.287e+07
0.052 2.5914e+09 5.1829e+07
0.053 2.6103e+09 5.2206e+07
0.054 2.5897e+09 5.1793e+07
0.055 2.541e+09 5.0819e+07
0.056 2.4789e+09 4.9577e+07
0.057 2.4891e+09 4.9782e+07
0.058 2.4602e+09 4.9203e+07
0.059 2.3824e+09 4.7649e+07
0.06 2.35e+09 4.7e+07
0.061 2.3754e+09 4.7508e+07
0.062 2.3499e+09 4.6998e+07
0.063 2.3084e+09 4.6168e+07
0.064 2.2717e+09 4.5434e+07
0.065 2.2544e+09 4.5089e+07
0.066 2.2477e+09 4.4954e+07
0.067 2.2109e+09 4.4218e+07
0.068 2.1584e+09 4.3169e+07
0.069 2.1704e+09 4.3408e+07
0.07 2.1133e+09 4.2266e+07
0.071 2.0811e+09 4.1622e+07
0.072 2.0623e+09 4.1246e+07
0.073 2.0749e+09 4.1498e+07
0.074 1.9763e+09 3.9525e+07
0.075 2.0045e+09 4.0089e+07
0.076 1.9486e+09 3.8972e+07
0.077 1.9294e+09 3.8587e+07
0.078 1.9116e+09 3.8233e+07
0.079 1.8984e+09 3.7968e+07
0.08 1.8423e+09 3.6846e+07
0.081 1.8503e+09 3.7006e+07
0.082 1.8142e+09 3.6284e+07
0.083 1.776e+09 3.552e+07
0.084 1.77e+09 3.5399e+07
0.085 1.7187e+09 3.4374e+07
0.086 1.7211e+09 3.4422e+07
0.087 1.6881e+09 3.3761e+07
0.088 1.6542e+09 3.3085e+07
0.089 1.6133e+09 3.2267e+07
0.09 1.5928e+09 3.1857e+07
0.091 1.5619e+09 3.1238e+07
0.092 1.5345e+09 3.069e+07
0.093 1.5222e+09 3.0444e+07
0.094 1.4869e+09 2.9737e+07
0.095 1.4561e+09 2.9121e+07
0.096 1.4265e+09 2.853e+07
0.097 1.4062e+09 2.8125e+07
0.098 1.3728e+09 2.7457e+07
0.099 1.3727e+09 2.7453e+07
0.1 1.3514e+09 2.7029e+07
0.101 1.3131e+09 2.6262e+07
0.102 1.3327e+09 2.6654e+07
0.103 1.3307e+09 2.6614e+07
0.104 1.2508e+09 2.5017e+07
0.105 1.255e+09 2.51e+07
0.106 1.2183e+09 2.4367e+07
0.107 1.2169e+09 2.4338e+07
0.108 1.1339e+09 2.2678e+07
0.109 1.1631e+09 2.3261e+07
0.11 1.1222e+09 2.2445e+07
0.111 1.1175e+09 2.2351e+07
0.112 1.0787e+09 2.1573e+07
0.113 1.0785e+09 2.157e+07
0.114 1.0625e+09 2.1249e+07
0.115 1.0383e+09 2.0766e+07
0.116 1.0186e+09 2.0373e+07
0.117 9.8786e+08 1.9757e+07
0.118 9.8624e+08 1.9725e+07
0.119 9.5818e+08 1.9164e+07
0.12 9.5625e+08 1.9125e+07
0.121 9.5052e+08 1.901e+07
0.122 9.1731e+08 1.8346e+07
0.123 8.6655e+08 1.7331e+07
0.124 8.7333e+08 1.7467e+07
0.125 8.4744e+08 1.6949e+07
0.126 8.4621e+08 1.6924e+07
0.127 8.4272e+08 1.6854e+07
0.128 7.8766e+08 1.5753e+07
0.129 7.667e+08 1.5334e+07
0.13 7.8031e+08 1.5606e+07
0.131 7.5255e+08 1.5051e+07
0.132 7.6493e+08 1.5299e+07
0.133 7.1049e+08 1.421e+07
0.134 7.1809e+08 1.4362e+07
0.135 7.3094e+08 1.4619e+07
0.136 6.9713e+08 1.3943e+07
0.137 6.8599e+08 1.372e+07
0.138 6.775e+08 1.355e+07
0.139 6.4961e+08 1.2992e+07
0.14 6.5033e+08 1.3007e+07
0.141 6.4177e+08 1.2835e+07
0.142 6.2746e+08 1.2549e+07
0.143 5.89e+08 1.178e+07
0.144 5.7467e+08 1.1493e+07
0.145 5.5767e+08 1.1153e+07
0.146 5.7699e+08 1.154e+07
0.147 5.752e+08 1.1504e+07
0.148 5.2656e+08 1.0531e+07
0.149 5.3874e+08 1.0775e+07
0.15 5.2525e+08 1.0505e+07
0.151 5.3726e+08 1.0745e+07
0.152 5.0432e+08 1.0086e+07
0.153 4.6858e+08 9.3715e+06
0.154 5.0627e+08 1.0125e+07
0.155 4.9323e+08 9.8646e+06
0.156 4.6777e+08 9.3555e+06
0.157 4.5147e+08 9.0294e+06
0.158 4.4092e+08 8.8183e+06
0.159 4.2146e+08 8.4291e+06
0.16 4.214e+08 8.4281e+06
0.161 4.3294e+08 8.6588e+06
0.162 4.0386e+08 8.0772e+06
0.163 4.353e+08 8.7059e+06
0.164 3.9007e+08 7.8014e+06
0.165 4.0404e+08 8.0809e+06
0.166 3.878e+08 7.7559e+06
0.167 3.7885e+08 7.577e+06
0.168 3.742e+08 7.4839e+06
0.169 3.5432e+08 7.0864e+06
0.17 3.4264e+08 6.8529e+06
0.171 3.5297e+08 7.0593e+06
0.172 3.4144e+08 6.8287e+06
0.173 3.3065e+08 6.6129e+06
0.174 3.2308e+08 6.4616e+06
0.175 3.2622e+08 6.5244e+06
0.176 3.0409e+08 6.0818e+06
0.177 3.0356e+08 6.0712e+06
0.178 3.1043e+08 6.2085e+06
0.179 2.8765e+08 5.7531e+06
0.18 3.0125e+08 6.025e+06
0.181 3.0912e+08 6.1823e+06
0.182 2.912e+08 5.824e+06
0.183 2.9387e+08 5.8774e+06
0.184 2.8063e+08 5.6127e+06
0.185 2.7532e+08 5.5064e+06
0.186 2.6335e+08 5.2671e+06
0.187 2.747e+08 5.494e+06
0.188 2.4846e+08 4.9691e+06
0.189 2.6421e+08 5.2841e+06
0.19 2.4466e+08 4.8932e+06
0.191 2.597e+08 5.1941e+06
0.192 2.4183e+08 4.8367e+06
0.193 2.3257e+08 4.6514e+06
0.194 2.4022e+08 4.8045e+06
0.195 2.392e+08 4.7841e+06
0.196 2.2582e+08 4.5163e+06
0.197 2.0935e+08 4.187e+06
0.198 2.2512e+08 4.5025e+06
0.199 2.2364e+08 4.4728e+06
0.2 2.043e+08 4.086e+06
0.201 2.0795e+08 4.1589e+06
0.202 2.1544e+08 4.3087e+06
0.203 1.9391e+08 3.8783e+06
0.204 1.9995e+08 3.999e+06
0.205 1.9104e+08 3.8207e+06
0.206 1.8318e+08 3.6635e+06
0.207 1.8144e+08 3.6288e+06
0.208 1.8783e+08 3.7566e+06
0.209 1.8281e+08 3.6562e+06
0.21 1.5522e+08 3.1044e+06
0.211 1.8959e+08 3.7918e+06
0.212 1.7708e+08 3.5416e+06
0.213 1.6472e+08 3.2943e+06
0.214 1.6657e+08 3.3314e+06
0.215 1.4427e+08 2.8855e+06
0.216 1.3493e+08 2.6986e+06
0.217 1.3934e+08 2.7867e+06
0.218 1.4548e+08 2.9096e+06
0.219 1.4411e+08 2.8821e+06
0.22 1.6149e+08 3.2298e+06
0.221 1.3767e+08 2.7535e+06
0.222 1.4714e+08 2.9429e+06
0.223 1.5054e+08 3.0108e+06
0.224 1.2312e+08 2.4624e+06
0.225 1.3599e+08 2.7198e+06
0.226 1.2068e+08 2.4136e+06
0.227 1.1402e+08 2.2804e+06
0.228 1.0324e+08 2.0647e+06
0.229 1.2382e+08 2.4765e+06
0.23 1.3433e+08 2.6865e+06
0.231 1.2283e+08 2.4565e+06
0.232 1.0516e+08 2.1032e+06
0.233 9.5373e+07 1.9075e+06
0.234 1.1431e+08 2.2862e+06
0.235 1.0875e+08 2.1751e+06
0.236 1.0813e+08 2.1627e+06
0.237 1.2015e+08 2.4029e+06
0.238 1.1098e+08 2.2196e+06
0.239 9.3931e+07 1.8786e+06
0.24 8.5898e+07 1.718e+06
0.241 1.0044e+08 2.0088e+06
0.242 8.6725e+07 1.7345e+06
0.243 7.1096e+07 1.4219e+06
0.244 7.8295e+07 1.5659e+06
0.245 7.8794e+07 1.5759e+06
0.246 8.2873e+07 1.6575e+06
0.247 8.0782e+07 1.6156e+06
0.248 8.4255e+07 1.6851e+06
0.249 8.0216e+07 1.6043e+06
0.25 6.8438e+07 1.3688e+06
0.251 8.5044e+07 1.7009e+06
0.252 8.0372e+07 1.6074e+06
0.253 5.4512e+07 1.0902e+06
0.254 6.058e+07 1.2116e+06
0.255 7.2658e+07 1.4532e+06
0.256 6.1322e+07 1.2264e+06
0.257 6.8441e+07 1.3688e+06
0.258 6.516e+07 1.3032e+06
0.259 5.5765e+07 1.1153e+06
0.26 5.8422e+07 1.1684e+06
0.261 7.0201e+07 1.404e+06
0.262 6.6384e+07 1.3277e+06
0.263 4.1924e+07 8.3849e+05
0.264 5.4061e+07 1.0812e+06
0.265 6.3687e+07 1.2737e+06
0.266 5.6886e+07 1.1377e+06
0.267 5.7255e+07 1.1451e+06
0.268 4.6761e+07 9.3522e+05
0.269 4.9643e+07 9.9286e+05
0.27 3.9511e+07 7.9023e+05
0.271 4.8389e+07 9.6778e+05
0.272 2.8767e+07 5.7534e+05
0.273 3.8661e+07 7.7323e+05
0.274 3.9074e+07 7.8149e+05
0.275 4.8461e+07 9.6921e+05
0.276 4.5366e+07 9.0732e+05
0.277 2.9546e+07 5.9092e+05
0.278 3.5126e+07 7.0252e+05
0.279 2.6228e+07 5.2456e+05
0.28 3.3835e+07 6.7671e+05
0.281 3.6564e+07 7.3128e+05
0.282 3.9276e+07 7.8552e+05
0.283 2.6383e+07 5.2766e+05
0.284 3.8775e+07 7.7549e+05
0.285 3.2677e+07 6.5353e+05
0.286 3.6622e+07 7.3245e+05
0.287 3.1072e+07 6.2144e+05
0.288 3.1305e+07 6.261e+05
0.289 3.8487e+07 7.6975e+05
0.29 2.5542e+07 5.1085e+05
0.291 3.3115e+07 6.623e+05
0.292 3.5958e+07 7.1917e+05
0.293 3.5817e+07 7.1635e+05
0.294 3.2354e+07 6.4708e+05
0.295 3.1884e+07 6.3768e+05
0.296 2.4894e+07 4.9787e+05
0.297 2.8474e+07 5.6948e+05
0.298 3.5656e+07 7.1312e+05
0.299 2.2191e+07 4.4382e+05
0.3 1.9883e+07 3.9767e+05
0.301 2.3865e+07 4.7731e+05
0.302 1.4811e+07 2.9623e+05
0.303 2.55e+07 5.1e+05
0.304 2.7838e+07 5.5677e+05
0.305 9.7103e+06 1.9421e+05
0.306 2.8451e+07 5.6903e+05
0.307 1.5993e+07 3.1986e+05
0.308 2.4654e+07 4.9309e+05
0.309 2.362e+07 4.724e+05
0.31 2.2037e+07 4.4074e+05
0.311 2.1076e+07 4.2151e+05
0.312 2.0007e+07 4.0014e+05
0.313 3.0118e+07 6.0236e+05
0.314 1.8245e+07 3.649e+05
0.315 2.4921e+07 4.9842e+05
0.316 2.8723e+07 5.7446e+05
0.317 2.4691e+07 4.9382e+05
0.318 2.2648e+07 4.5296e+05
0.319 2.933e+07 5.8661e+05
0.32 2.7949e+07 5.5897e+05
0.321 1.4263e+07 2.8525e+05
0.322 2.6835e+07 5.367e+05
0.323 1.644e+07 3.2879e+05
0.324 9.4179e+06 1.8836e+05
0.325 5.1073e+06 1.0215e+05
0.326 1.5288e+07 3.0576e+05
0.327 2.6021e+07 5.2042e+05
0.328 2.5776e+07 5.1553e+05
0.329 2.0381e+07 4.0761e+05
0.33 2.44e+07 4.88e+05
0.331 3.0884e+07 6.1769e+05
0.332 1.7745e+07 3.5489e+05
0.333 2.1418e+07 4.2836e+05
0.334 3.1251e+07 6.2501e+05
0.335 1.3017e+07 2.6033e+05
0.336 2.1954e+07 4.3908e+05
0.337 3.9637e+07 7.9275e+05
0.338 2.1603e+07 4.3205e+05
0.339 2.3554e+07 4.7107e+05
0.34 1.3326e+07 2.6651e+05
0.341 2.0772e+07 4.1544e+05
0.342 2.1771e+07 4.3543e+05
0.343 2.3235e+07 4.6471e+05
0.344 3.3861e+07 6.7722e+05
0.345 1.9646e+07 3.9292e+05
0.346 3.0345e+07 6.069e+05
0.347 2.5508e+07 5.1017e+05
0.348 3.3327e+07 6.6653e+05
0.349 3.3956e+07 6.7912e+05
0.35 2.4991e+07 4.9982e+05
0.351 1.6655e+07 3.331e+05
0.352 3.4968e+07 6.9936e+05
0.353 3.0803e+07 6.1607e+05
0.354 3.4346e+07 6.8693e+05
0.355 3.5763e+07 7.1526e+05
0.356 2.7847e+07 5.5694e+05
0.357 2.4776e+07 4.9552e+05
0.358 2.1916e+07 4.3832e+05
0.359 1.6177e+07 3.2353e+05
0.36 2.9491e+07 5.8981e+05
0.361 2.2741e+07 4.5483e+05
0.362 2.5194e+07 5.0388e+05
0.363 3.7494e+07 7.4989e+05
0.364 3.3957e+07 6.7915e+05
0.365 2.8607e+07 5.7214e+05
0.366 2.7383e+07 5.4766e+05
0.367 4.2768e+07 8.5536e+05
0.368 2.2612e+07 4.5224e+05
0.369 2.6838e+07 5.3676e+05
0.37 2.9536e+07 5.9072e+05
0.371 2.0945e+07 4.1891e+05
0.372 2.98e+07 5.9599e+05
0.373 2.0773e+07 4.1546e+05
0.374 2.1841e+07 4.3683e+05
0.375 3.6912e+07 7.3824e+05
0.376 3.0745e+07 6.149e+05
0.377 2.7559e+07 5.5117e+05
0.378 3.202e+07 6.404e+05
0.379 3.046e+07 6.0921e+05
0.38 2.4077e+07 4.8153e+05
0.381 2.554e+07 5.108e+05
0.382 3.6113e+07 7.2226e+05
0.383 2.2209e+07 4.4417e+05
0.384 3.2061e+07 6.4122e+05
0.385 3.214e+07 6.4281e+05
0.386 3.301e+07 6.602e+05
0.387 3.672e+07 7.3441e+05
0.388 3.1035e+07 6.2071e+05
0.389 3.2803e+07 6.5605e+05
0.39 2.9796e+07 5.9592e+05
0.391 3.2963e+07 6.5926e+05
0.392 3.4449e+07 6.8899e+05
0.393 2.2624e+07 4.5249e+05
0.394 2.7078e+07 5.4157e+05
0.395 4.3266e+07 8.6532e+05
0.396 3.3613e+07 6.7226e+05
0.397 2.7363e+07 5.4725e+05
0.398 3.4827e+07 6.9654e+05
0.399 3.2437e+07 6.4874e+05
0.4 3.6334e+07 7.2667e+05
0.401 3.9954e+07 7.9907e+05
0.402 3.0171e+07 6.0342e+05
0.403 2.7642e+07 5.5285e+05
0.404 3.512e+07 7.024e+05
0.405 3.2042e+07 6.4085e+05
0.406 2.743e+07 5.486e+05
0.407 3.5023e+07 7.0046e+05
0.408 4.4203e+07 8.8406e+05
0.409 3.664e+07 7.3279e+05
0.41 4.0097e+07 8.0194e+05
0.411 3.6e+07 7.1999e+05
0.412 3.342e+07 6.6841e+05
0.413 3.0198e+07 6.0396e+05
0.414 2.4982e+07 4.9964e+05
0.415 3.9941e+07 7.9882e+05
0.416 3.0922e+07 6.1844e+05
0.417 3.0331e+07 6.0663e+05
0.418 3.1343e+07 6.2685e+05
0.419 2.7176e+07 5.4351e+05
0.42 3.6502e+07 7.3003e+05
0.421 3.6233e+07 7.2467e+05
0.422 3.9308e+07 7.8616e+05
0.423 4.1822e+07 8.3644e+05
0.424 3.866e+07 7.7319e+05
0.425 4.0211e+07 8.0421e+05
0.426 4.4533e+07 8.9065e+05
0.427 5.2461e+07 1.0492e+06
0.428 3.7647e+07 7.5294e+05
0.429 3.311e+07 6.622e+05
0.43 3.0451e+07 6.0903e+05
0.431 4.3062e+07 8.6124e+05
0.432 2.8251e+07 5.6502e+05
0.433 3.5814e+07 7.1629e+05
0.434 2.4763e+07 4.9526e+05
0.435 3.7949e+07 7.5897e+05
0.436 3.2212e+07 6.4425e+05
0.437 4.6395e+07 9.2791e+05
0.438 3.1454e+07 6.2908e+05
0.439 3.9244e+07 7.8488e+05
0.44 2.9063e+07 5.8126e+05
0.441 3.6025e+07 7.2049e+05
0.442 4.0715e+07 8.1429e+05
0.443 4.8089e+07 9.6178e+05
0.444 3.9329e+07 7.8658e+05
0.445 3.1659e+07 6.3318e+05
0.446 3.676e+07 7.3519e+05
0.447 3.6695e+07 7.339e+05
0.448 4.7198e+07 9.4397e+05
0.449 3.5908e+07 7.1817e+05
0.45 3.5367e+07 7.0735e+05
0.451 3.7783e+07 7.5567e+05
0.452 4.2435e+07 8.487e+05
0.453 2.4468e+07 4.8935e+05
0.454 4.2581e+07 8.5163e+05
0.455 2.865e+07 5.73e+05
0.456 4.5483e+07 9.0966e+05
0.457 4.1862e+07 8.3724e+05
0.458 4.3447e+07 8.6894e+05
0.459 3.9702e+07 7.9404e+05
0.46 4.2424e+07 8.4848e+05
0.461 4.4316e+07 8.8632e+05
0.462 3.2869e+07 6.5739e+05
0.463 3.0942e+07 6.1885e+05
0.464 2.7481e+07 5.4963e+05
0.465 3.9956e+07 7.9911e+05
0.466 4.0048e+07 8.0096e+05
0.467 4.0913e+07 8.1826e+05
0.468 4.8341e+07 9.6682e+05
0.469 4.4778e+07 8.9557e+05
0.47 3.0547e+07 6.1094e+05
0.471 4.4847e+07 8.9694e+05
0.472 3.8895e+07 7.7791e+05
0.473 4.2816e+07 8.5632e+05
0.474 3.2578e+07 6.5156e+05
0.475 4.3935e+07 8.7869e+05
0.476 4.4133e+07 8.8266e+05
0.477 4.051e+07 8.102e+05
0.478 3.5847e+07 7.1694e+05
0.479 3.0923e+07 6.1845e+05
0.48 2.4988e+07 4.9975e+05
0.481 3.1007e+07 6.2014e+05
0.482 3.5799e+07 7.1598e+05
0.483 4.0115e+07 8.023e+05
0.484 4.2139e+07 8.4277e+05
0.485 3.2425e+07 6.485e+05
0.486 3.7452e+07 7.4904e+05
0.487 3.8367e+07 7.6734e+05
0.488 4.1059e+07 8.2118e+05
0.489 3.8493e+07 7.6985e+05
0.49 3.5952e+07 7.1904e+05
0.491 4.1082e+07 8.2164e+05
0.492 4.9959e+07 9.9917e+05
0.493 3.8202e+07 7.6404e+05
0.494 3.8049e+07 7.6099e+05
0.495 2.7942e+07 5.5885e+05
0.496 3.7985e+07 7.597e+05
0.497 4.4605e+07 8.9211e+05
0.498 5.3191e+07 1.0638e+06
0.499 4.7715e+07 9.543e+05
0.5 4.2746e+07 8.5493e+05
