0.001 1.9358e+09 3.8715e+07
0.002 1.7782e+09 3.5564e+07
0.003 1.7845e+09 3.569e+07
0.004 1.841e+09 3.682e+07
0.005 1.8059e+09 3.6118e+07
0.006 1.9042e+09 3.8083e+07
0.007 1.7782e+09 3.5565e+07
0.008 1.8558e+09 3.7116e+07
0.009 1.8006e+09 3.6012e+07
0.01 1.7858e+09 3.5716e+07
0.011 1.8643e+09 3.7286e+07
0.012 1.844e+09 3.688e+07
0.013 1.7473e+09 3.4947e+07
0.014 1.7813e+09 3.5626e+07
0.015 1.7856e+09 3.5711e+07
0.016 1.79e+09 3.5799e+07
0.017 1.7369e+09 3.4738e+07
0.018 1.7791e+09 3.5581e+07
0.019 1.7788e+09 3.5575e+07
0.02 1.7395e+09 3.479e+07
0.021 1.7595e+09 3.5189e+07
0.022 1.6877e+09 3.3753e+07
0.023 1.724e+09 3.448e+07
0.024 1.7259e+09 3.4518e+07
0.025 1.715e+09 3.43e+07
0.026 1.7019e+09 3.4038e+07
0.027 1.712e+09 3.4239e+07
0.028 1.6805e+09 3.361e+07
0.029 1.6943e+09 3.3887e+07
0.03 1.6382e+09 3.2764e+07
0.031 1.6811e+09 3.3623e+07
0.032 1.6447e+09 3.2894e+07
0.033 1.6439e+09 3.2878e+07
0.034 1.6454e+09 3.2908e+07
0.035 1.653e+09 3.3059e+07
0.036 1.6182e+09 3.2363e+07
0.037 1.6107e+09 3.2214e+07
0.038 1.6136e+09 3.2273e+07
0.039 1.5585e+09 3.1169e+07
0.04 1.5715e+09 3.143e+07
0.041 1.575e+09 3.1501e+07
0.042 1.5173e+09 3.0346e+07
0.043 1.5487e+09 3.0974e+07
0.044 1.5425e+09 3.085e+07
0.045 1.4985e+09 2.9969e+07
0.046 1.5249e+09 3.0497e+07
0.047 1.4882e+09 2.9763e+07
0.048 1.4911e+09 2.9822e+07
0.049 1.4705e+09 2.9409e+07
0.05 1.4384e+09 2.8767e+07
0.051 1.4195e+09 2.839e+07
0.052 1.3739e+09 2.7477e+07
0.053 1.4006e+09 2.8012e+07
0.054 1.4008e+09 2.8016e+07
0.055 1.3741e+09 2.7482e+07
0.056 1.3494e+09 2.6988e+07
0.057 1.3649e+09 2.7298e+07
0.058 1.3447e+09 2.6893e+07
0.059 1.3236e+09 2.6471e+07
0.06 1.3069e+09 2.6139e+07
0.061 1.2975e+09 2.5951e+07
0.062 1.2917e+09 2.5834e+07
0.063 1.2714e+09 2.5428e+07
0.064 1.2738e+09 2.5477e+07
0.065 1.2323e+09 2.4645e+07
0.066 1.211e+09 2.422e+07
0.067 1.203e+09 2.406e+07
0.068 1.2193e+09 2.4386e+07
0.069 1.1824e+09 2.3647e+07
0.07 1.1641e+09 2.3281e+07
0.071 1.1366e+09 2.2733e+07
0.072 1.1316e+09 2.2633e+07
0.073 1.105e+09 2.2099e+07
0.074 1.0977e+09 2.1954e+07
0.075 1.0937e+09 2.1874e+07
0.076 1.0797e+09 2.1593e+07
0.077 1.0697e+09 2.1394e+07
0.078 1.0447e+09 2.0894e+07
0.079 1.0314e+09 2.0627e+07
0.08 1.0105e+09 2.021e+07
0.081 9.9039e+08 1.9808e+07
0.082 9.8221e+08 1.9644e+07
0.083 9.8364e+08 1.9673e+07
0.084 9.5758e+08 1.9152e+07
0.085 9.7183e+08 1.9437e+07
0.086 9.1832e+08 1.8366e+07
0.087 9.2409e+08 1.8482e+07
0.088 9.0518e+08 1.8104e+07
0.089 8.9497e+08 1.7899e+07
0.09 8.8202e+08 1.764e+07
0.091 8.7674e+08 1.7535e+07
0.092 8.4089e+08 1.6818e+07
0.093 8.4548e+08 1.691e+07
0.094 8e+08 1.6e+07
0.095 8.139e+08 1.6278e+07
0.096 7.9699e+08 1.594e+07
0.097 7.8143e+08 1.5629e+07
0.098 7.7044e+08 1.5409e+07
0.099 7.663e+08 1.5326e+07
0.1 7.6096e+08 1.5219e+07
0.101 7.2476e+08 1.4495e+07
0.102 7.2668e+08 1.4534e+07
0.103 7.0032e+08 1.4006e+07
0.104 6.97e+08 1.394e+07
0.105 7.1009e+08 1.4202e+07
0.106 6.7461e+08 1.3492e+07
0.107 6.606e+08 1.3212e+07
0.108 6.5165e+08 1.3033e+07
0.109 6.4107e+08 1.2821e+07
0.11 6.4604e+08 1.2921e+07
0.111 6.1478e+08 1.2296e+07
0.112 6.1221e+08 1.2244e+07
0.113 5.8624e+08 1.1725e+07
0.114 5.8696e+08 1.1739e+07
0.115 5.672e+08 1.1344e+07
0.116 5.6747e+08 1.1349e+07
0.117 5.5818e+08 1.1164e+07
0.118 5.508e+08 1.1016e+07
0.119 5.3528e+08 1.0706e+07
0.12 5.3e+08 1.06e+07
0.121 5.1897e+08 1.0379e+07
0.122 5.0056e+08 1.0011e+07
0.123 5.022e+08 1.0044e+07
0.124 4.9693e+08 9.9387e+06
0.125 4.7177e+08 9.4354e+06
0.126 4.6054e+08 9.2108e+06
0.127 4.5797e+08 9.1594e+06
0.128 4.3644e+08 8.7288e+06
0.129 4.3965e+08 8.793e+06
0.13 4.2244e+08 8.4488e+06
0.131 4.2568e+08 8.5136e+06
0.132 4.2677e+08 8.5355e+06
0.133 4.0751e+08 8.1502e+06
0.134 3.9657e+08 7.9314e+06
0.135 3.8917e+08 7.7833e+06
0.136 3.792e+08 7.584e+06
0.137 3.7035e+08 7.4071e+06
0.138 3.6524e+08 7.3049e+06
0.139 3.7413e+08 7.4826e+06
0.14 3.4149e+08 6.8298e+06
0.141 3.5107e+08 7.0214e+06
0.142 3.4079e+08 6.8158e+06
0.143 3.4695e+08 6.939e+06
0.144 3.3736e+08 6.7472e+06
0.145 3.2839e+08 6.5677e+06
0.146 3.1469e+08 6.2938e+06
0.147 3.1429e+08 6.2857e+06
0.148 3.0746e+08 6.1491e+06
0.149 2.9287e+08 5.8573e+06
0.15 2.9196e+08 5.8393e+06
0.151 2.8528e+08 5.7055e+06
0.152 2.8501e+08 5.7001e+06
0.153 2.5534e+08 5.1068e+06
0.154 2.7712e+08 5.5423e+06
0.155 2.5895e+08 5.179e+06
0.156 2.5573e+08 5.1146e+06
0.157 2.4948e+08 4.9897e+06
0.158 2.4961e+08 4.9923e+06
0.159 2.461e+08 4.9221e+06
0.16 2.42e+08 4.84e+06
0.161 2.3037e+08 4.6074e+06
0.162 2.262e+08 4.5239e+06
0.163 2.2832e+08 4.5664e+06
0.164 2.2599e+08 4.5198e+06
0.165 2.1298e+08 4.2596e+06
0.166 2.1419e+08 4.2839e+06
0.167 2.0177e+08 4.0353e+06
0.168 2.0413e+08 4.0826e+06
0.169 2.0564e+08 4.1129e+06
0.17 1.9796e+08 3.9593e+06
0.171 1.913e+08 3.8259e+06
0.172 1.9484e+08 3.8968e+06
0.173 1.8736e+08 3.7472e+06
0.174 1.7689e+08 3.5379e+06
0.175 1.7757e+08 3.5514e+06
0.176 1.7667e+08 3.5334e+06
0.177 1.7403e+08 3.4806e+06
0.178 1.6132e+08 3.2265e+06
0.179 1.693e+08 3.3859e+06
0.18 1.6191e+08 3.2383e+06
0.181 1.6442e+08 3.2885e+06
0.182 1.6482e+08 3.2964e+06
0.183 1.5368e+08 3.0735e+06
0.184 1.5827e+08 3.1654e+06
0.185 1.4942e+08 2.9883e+06
0.186 1.4418e+08 2.8835e+06
0.187 1.4261e+08 2.8522e+06
0.188 1.3487e+08 2.6973e+06
0.189 1.3741e+08 2.7483e+06
0.19 1.4758e+08 2.9515e+06
0.191 1.4582e+08 2.9164e+06
0.192 1.3212e+08 2.6424e+06
0.193 1.2676e+08 2.5353e+06
0.194 1.2121e+08 2.4242e+06
0.195 1.2338e+08 2.4676e+06
0.196 1.2836e+08 2.5671e+06
0.197 1.1518e+08 2.3036e+06
0.198 1.1394e+08 2.2788e+06
0.199 1.1229e+08 2.2458e+06
0.2 1.1709e+08 2.3417e+06
0.201 9.8106e+07 1.9621e+06
0.202 1.0606e+08 2.1213e+06
0.203 1.0914e+08 2.1828e+06
0.204 1.038e+08 2.0761e+06
0.205 9.7885e+07 1.9577e+06
0.206 9.5475e+07 1.9095e+06
0.207 1.0798e+08 2.1596e+06
0.208 9.4028e+07 1.8806e+06
0.209 9.5783e+07 1.9157e+06
0.21 9.3904e+07 1.8781e+06
0.211 9.599e+07 1.9198e+06
0.212 9.2782e+07 1.8556e+06
0.213 8.4656e+07 1.6931e+06
0.214 8.4048e+07 1.681e+06
0.215 8.1022e+07 1.6204e+06
0.216 7.5774e+07 1.5155e+06
0.217 8.2987e+07 1.6597e+06
0.218 7.6112e+07 1.5222e+06
0.219 7.1002e+07 1.42e+06
0.22 7.0238e+07 1.4048e+06
0.221 6.9593e+07 1.3919e+06
0.222 6.7859e+07 1.3572e+06
0.223 7.5823e+07 1.5165e+06
0.224 7.2475e+07 1.4495e+06
0.225 6.2664e+07 1.2533e+06
0.226 5.5297e+07 1.1059e+06
0.227 5.8007e+07 1.1601e+06
0.228 6.2273e+07 1.2455e+06
0.229 5.7709e+07 1.1542e+06
0.23 5.2116e+07 1.0423e+06
0.231 5.7535e+07 1.1507e+06
0.232 5.5048e+07 1.101e+06
0.233 5.4093e+07 1.0819e+06
0.234 5.5975e+07 1.1195e+06
0.235 5.6392e+07 1.1278e+06
0.236 5.3203e+07 1.0641e+06
0.237 5.1077e+07 1.0215e+06
0.238 5.638e+07 1.1276e+06
0.239 4.6385e+07 9.2771e+05
0.24 4.48e+07 8.96e+05
0.241 4.4261e+07 8.8523e+05
0.242 3.5969e+07 7.1939e+05
0.243 4.2032e+07 8.4064e+05
0.244 5.0272e+07 1.0054e+06
0.245 2.6518e+07 5.3037e+05
0.246 4.2254e+07 8.4507e+05
0.247 3.1092e+07 6.2185e+05
0.248 4.4341e+07 8.8682e+05
0.249 3.8685e+07 7.7369e+05
0.25 3.8348e+07 7.6697e+05
0.251 2.5282e+07 5.0565e+05
0.252 3.1651e+07 6.3303e+05
0.253 4.02e+07 8.0399e+05
0.254 3.0648e+07 6.1295e+05
0.255 2.358e+07 4.716e+05
0.256 3.1762e+07 6.3525e+05
0.257 2.9745e+07 5.9489e+05
0.258 3.2118e+07 6.4235e+05
0.259 2.6358e+07 5.2715e+05
0.26 2.8844e+07 5.7687e+05
0.261 3.3429e+07 6.6859e+05
0.262 2.6079e+07 5.2159e+05
0.263 2.5995e+07 5.1991e+05
0.264 3.0415e+07 6.083e+05
0.265 2.9408e+07 5.8816e+05
0.266 2.3644e+07 4.7288e+05
0.267 1.9068e+07 3.8136e+05
0.268 2.2714e+07 4.5428e+05
0.269 1.9374e+07 3.8748e+05
0.27 2.0468e+07 4.0935e+05
0.271 1.582e+07 3.164e+05
0.272 1.9383e+07 3.8765e+05
0.273 1.8466e+07 3.6932e+05
0.274 2.3077e+07 4.6153e+05
0.275 2.2272e+07 4.4545e+05
0.276 1.4065e+07 2.813e+05
0.277 1.9244e+07 3.8487e+05
0.278 2.0033e+07 4.0066e+05
0.279 1.112e+07 2.2241e+05
0.28 1.2313e+07 2.4627e+05
0.281 1.9025e+07 3.8051e+05
0.282 1.7824e+07 3.5647e+05
0.283 1.7608e+07 3.5216e+05
0.284 1.3493e+07 2.6987e+05
0.285 2.1857e+07 4.3714e+05
0.286 1.1675e+07 2.3349e+05
0.287 2.0919e+07 4.1837e+05
0.288 1.2154e+07 2.4308e+05
0.289 2.1021e+07 4.2042e+05
0.29 8.3599e+06 1.672e+05
0.291 1.3278e+07 2.6556e+05
0.292 8.6326e+06 1.7265e+05
0.293 1.4176e+07 2.8352e+05
0.294 1.9662e+07 3.9323e+05
0.295 1.5513e+07 3.1026e+05
0.296 1.2225e+07 2.445e+05
0.297 1.4341e+07 2.8681e+05
0.298 1.609e+07 3.218e+05
0.299 1.7623e+07 3.5246e+05
0.3 5.0378e+06 1.0076e+05
0.301 1.6684e+07 3.3367e+05
0.302 1.0072e+07 2.0144e+05
0.303 1.4166e+07 2.8333e+05
0.304 1.0762e+07 2.1524e+05
0.305 1.3656e+07 2.7312e+05
0.306 1.8072e+07 3.6143e+05
0.307 8.8642e+06 1.7728e+05
0.308 1.3323e+07 2.6646e+05
0.309 1.7339e+07 3.4677e+05
0.31 1.25e+07 2.5001e+05
0.311 1.0617e+07 2.1234e+05
0.312 6.8744e+06 1.3749e+05
0.313 1.5168e+07 3.0336e+05
0.314 8.7644e+06 1.7529e+05
0.315 4.2039e+06 84077
0.316 1.3562e+07 2.7123e+05
0.317 1.4098e+07 2.8196e+05
0.318 9.2239e+06 1.8448e+05
0.319 1.0022e+07 2.0045e+05
0.32 1.163e+07 2.3259e+05
0.321 1.4153e+07 2.8306e+05
0.322 1.5542e+07 3.1085e+05
0.323 1.702e+07 3.404e+05
0.324 9.4656e+06 1.8931e+05
0.325 2.0075e+07 4.015e+05
0.326 1.8762e+07 3.7524e+05
0.327 1.309e+07 2.618e+05
0.328 8.9259e+06 1.7852e+05
0.329 1.1612e+07 2.3223e+05
0.33 1.0974e+07 2.1948e+05
0.331 1.5383e+07 3.0766e+05
0.332 1.4148e+07 2.8297e+05
0.333 7.5273e+06 1.5055e+05
0.334 2.3744e+07 4.7488e+05
0.335 1.4967e+07 2.9934e+05
0.336 1.2833e+07 2.5667e+05
0.337 1.4773e+07 2.9546e+05
0.338 8.514e+06 1.7028e+05
0.339 1.8793e+07 3.7586e+05
0.34 1.5454e+07 3.0909e+05
0.341 1.4398e+07 2.8796e+05
0.342 1.8137e+07 3.6275e+05
0.343 1.6504e+07 3.3008e+05
0.344 1.578e+07 3.156e+05
0.345 1.5256e+07 3.0512e+05
0.346 2.5854e+07 5.1708e+05
0.347 1.2469e+07 2.4937e+05
0.348 1.2572e+07 2.5144e+05
0.349 1.9472e+07 3.8943e+05
0.35 8.7979e+06 1.7596e+05
0.351 8.7837e+06 1.7567e+05
0.352 1.4698e+07 2.9396e+05
0.353 1.5503e+07 3.1006e+05
0.354 1.8803e+07 3.7607e+05
0.355 2.0826e+07 4.1653e+05
0.356 1.8632e+07 3.7264e+05
0.357 4.6927e+06 93854
0.358 2.0422e+07 4.0844e+05
0.359 2.2719e+07 4.5438e+05
0.36 1.8374e+07 3.6747e+05
0.361 1.5132e+07 3.0264e+05
0.362 1.9255e+07 3.851e+05
0.363 1.9603e+07 3.9207e+05
0.364 1.7197e+07 3.4394e+05
0.365 2.0116e+07 4.0231e+05
0.366 1.4208e+07 2.8417e+05
0.367 2.0896e+07 4.1793e+05
0.368 1.6137e+07 3.2274e+05
0.369 2.1097e+07 4.2193e+05
0.37 1.7349e+07 3.4697e+05
0.371 1.464e+07 2.9281e+05
0.372 1.5993e+07 3.1987e+05
0.373 1.7998e+07 3.5996e+05
0.374 1.3079e+07 2.6158e+05
0.375 2.3267e+07 4.6533e+05
0.376 1.7238e+07 3.4475e+05
0.377 2.4606e+07 4.9213e+05
0.378 1.7568e+07 3.5135e+05
0.379 1.8712e+07 3.7423e+05
0.38 1.151e+07 2.3021e+05
0.381 9.8371e+06 1.9674e+05
0.382 1.9172e+07 3.8344e+05
0.383 2.8436e+07 5.6872e+05
0.384 2.2208e+07 4.4416e+05
0.385 1.9415e+07 3.883e+05
0.386 2.1779e+07 4.3558e+05
0.387 1.9322e+07 3.8645e+05
0.388 2.1788e+07 4.3577e+05
0.389 2.3822e+07 4.7644e+05
0.39 1.9196e+07 3.8392e+05
0.391 2.1107e+07 4.2214e+05
0.392 1.5953e+07 3.1905e+05
0.393 2.0598e+07 4.1197e+05
0.394 1.9166e+07 3.8332e+05
0.395 2.8664e+07 5.7328e+05
0.396 2.0869e+07 4.1738e+05
0.397 2.0102e+07 4.0204e+05
0.398 1.9162e+07 3.8325e+05
0.399 2.0922e+07 4.1844e+05
0.4 1.3758e+07 2.7516e+05
0.401 2.5163e+07 5.0327e+05
0.402 2.1286e+07 4.2572e+05
0.403 1.617e+07 3.2339e+05
0.404 2.2446e+07 4.4892e+05
0.405 1.8026e+07 3.6051e+05
0.406 2.2776e+07 4.5552e+05
0.407 2.226e+07 4.4519e+05
0.408 2.4938e+07 4.9877e+05
0.409 1.8541e+07 3.7082e+05
0.41 2.424e+07 4.8481e+05
0.411 1.9437e+07 3.8874e+05
0.412 1.7913e+07 3.5826e+05
0.413 2.2692e+07 4.5385e+05
0.414 2.4418e+07 4.8835e+05
0.415 2.32e+07 4.64e+05
0.416 2.128e+07 4.256e+05
0.417 2.0451e+07 4.0902e+05
0.418 2.0516e+07 4.1032e+05
0.419 2.577e+07 5.154e+05
0.42 2.1487e+07 4.2973e+05
0.421 2.5255e+07 5.0509e+05
0.422 2.2474e+07 4.4949e+05
0.423 2.4101e+07 4.8202e+05
0.424 2.1739e+07 4.3479e+05
0.425 1.9442e+07 3.8884e+05
0.426 1.1877e+07 2.3754e+05
0.427 2.4085e+07 4.817e+05
0.428 2.1708e+07 4.3416e+05
0.429 1.9225e+07 3.8449e+05
0.43 2.1376e+07 4.2752e+05
0.431 2.7507e+07 5.5014e+05
0.432 2.1732e+07 4.3463e+05
0.433 2.1235e+07 4.247e+05
0.434 2.3706e+07 4.7413e+05
0.435 1.6384e+07 3.2769e+05
0.436 2.9124e+07 5.8247e+05
0.437 1.9135e+07 3.8271e+05
0.438 2.6183e+07 5.2366e+05
0.439 1.989e+07 3.9781e+05
0.44 2.1537e+07 4.3075e+05
0.441 2.0789e+07 4.1577e+05
0.442 2.8871e+07 5.7741e+05
0.443 2.4342e+07 4.8684e+05
0.444 1.4707e+07 2.9414e+05
0.445 2.4071e+07 4.8142e+05
0.446 2.0012e+07 4.0025e+05
0.447 2.6354e+07 5.2707e+05
0.448 2.7451e+07 5.4902e+05
0.449 1.7979e+07 3.5957e+05
0.45 2.2075e+07 4.415e+05
0.451 1.8032e+07 3.6064e+05
0.452 1.8259e+07 3.6519e+05
0.453 2.3449e+07 4.6899e+05
0.454 2.3851e+07 4.7703e+05
0.455 2.3016e+07 4.6032e+05
0.456 2.156e+07 4.3121e+05
0.457 2.1278e+07 4.2556e+05
0.458 2.4419e+07 4.8837e+05
0.459 2.3091e+07 4.6183e+05
0.46 1.9591e+07 3.9182e+05
0.461 2.3523e+07 4.7046e+05
0.462 2.2463e+07 4.4925e+05
0.463 1.2247e+07 2.4494e+05
0.464 2.1717e+07 4.3435e+05
0.465 1.6549e+07 3.3098e+05
0.466 2.1425e+07 4.285e+05
0.467 1.8644e+07 3.7287e+05
0.468 2.1684e+07 4.3368e+05
0.469 1.8935e+07 3.787e+05
0.47 2.3017e+07 4.6034e+05
0.471 2.5541e+07 5.1081e+05
0.472 1.555e+07 3.1101e+05
0.473 1.8925e+07 3.7849e+05
0.474 2.302e+07 4.6039e+05
0.475 2.3377e+07 4.6754e+05
0.476 1.7686e+07 3.5371e+05
0.477 2.9067e+07 5.8134e+05
0.478 2.6411e+07 5.2823e+05
0.479 1.9396e+07 3.8792e+05
0.48 1.951e+07 3.9019e+05
0.481 2.7279e+07 5.4557e+05
0.482 1.9057e+07 3.8114e+05
0.483 2.3171e+07 4.6342e+05
0.484 2.4635e+07 4.927e+05
0.485 2.2822e+07 4.5643e+05
0.486 2.2908e+07 4.5816e+05
0.487 1.9818e+07 3.9635e+05
0.488 1.9252e+07 3.8504e+05
0.489 2.2322e+07 4.4644e+05
0.49 2.1558e+07 4.3115e+05
0.491 1.817e+07 3.6341e+05
0.492 1.9114e+07 3.8229e+05
0.493 2.3312e+07 4.6624e+05
0.494 1.9469e+07 3.8939e+05
0.495 1.717e+07 3.434e+05
0.496 2.7431e+07 5.4862e+05
0.497 1.8093e+07 3.6187e+05
0.498 1.9156e+07 3.8312e+05
0.499 1.7299e+07 3.4598e+05
0.5 2.6118e+07 5.2235e+05
