0.001 1.2764e+10 2.5528e+08
0.002 1.2955e+10 2.5909e+08
0.003 1.4077e+10 2.8154e+08
0.004 1.3453e+10 2.6905e+08
0.005 1.4661e+10 2.9323e+08
0.006 1.3644e+10 2.7288e+08
0.007 1.4174e+10 2.8348e+08
0.008 1.3877e+10 2.7754e+08
0.009 1.4621e+10 2.9242e+08
0.01 1.388e+10 2.776e+08
0.011 1.4374e+10 2.8749e+08
0.012 1.4073e+10 2.8146e+08
0.013 1.3353e+10 2.6706e+08
0.014 1.3962e+10 2.7924e+08
0.015 1.378e+10 2.756e+08
0.016 1.3675e+10 2.735e+08
0.017 1.3968e+10 2.7935e+08
0.018 1.3742e+10 2.7483e+08
0.019 1.3632e+10 2.7263e+08
0.02 1.3794e+10 2.7588e+08
0.021 1.3833e+10 2.7666e+08
0.022 1.3591e+10 2.7182e+08
0.023 1.3212e+10 2.6423e+08
0.024 1.307e+10 2.614e+08
0.025 1.3359e+10 2.6717e+08
0.026 1.3159e+10 2.6317e+08
0.027 1.2658e+10 2.5316e+08
0.028 1.2705e+10 2.541e+08
0.029 1.2804e+10 2.5608e+08
0.03 1.2585e+10 2.5171e+08
0.031 1.2527e+10 2.5055e+08
0.032 1.2476e+10 2.4952e+08
0.033 1.2144e+10 2.4289e+08
0.034 1.2118e+10 2.4236e+08
0.035 1.1994e+10 2.3989e+08
0.036 1.2053e+10 2.4107e+08
0.037 1.1861e+10 2.3722e+08
0.038 1.187e+10 2.374e+08
0.039 1.1639e+10 2.3277e+08
0.04 1.1811e+10 2.3623e+08
0.041 1.1519e+10 2.3039e+08
0.042 1.1377e+10 2.2754e+08
0.043 1.1195e+10 2.239e+08
0.044 1.11e+10 2.2199e+08
0.045 1.095e+10 2.1899e+08
0.046 1.0804e+10 2.1607e+08
0.047 1.0721e+10 2.1442e+08
0.048 1.0575e+10 2.115e+08
0.049 1.0512e+10 2.1023e+08
0.05 1.0296e+10 2.0591e+08
0.051 1.0391e+10 2.0782e+08
0.052 9.8952e+09 1.979e+08
0.053 9.9114e+09 1.9823e+08
0.054 9.8195e+09 1.9639e+08
0.055 9.7496e+09 1.9499e+08
0.056 9.4421e+09 1.8884e+08
0.057 9.3775e+09 1.8755e+08
0.058 9.2606e+09 1.8521e+08
0.059 8.9583e+09 1.7917e+08
0.06 8.96e+09 1.792e+08
0.061 8.6654e+09 1.7331e+08
0.062 8.6066e+09 1.7213e+08
0.063 8.5514e+09 1.7103e+08
0.064 8.3931e+09 1.6786e+08
0.065 8.1786e+09 1.6357e+08
0.066 8.0158e+09 1.6032e+08
0.067 8.0005e+09 1.6001e+08
0.068 7.8056e+09 1.5611e+08
0.069 7.7249e+09 1.545e+08
0.07 7.4777e+09 1.4955e+08
0.071 7.4093e+09 1.4819e+08
0.072 7.3493e+09 1.4699e+08
0.073 7.1964e+09 1.4393e+08
0.074 7.041e+09 1.4082e+08
0.075 7.0087e+09 1.4017e+08
0.076 6.8346e+09 1.3669e+08
0.077 6.708e+09 1.3416e+08
0.078 6.5156e+09 1.3031e+08
0.079 6.5625e+09 1.3125e+08
0.08 6.3407e+09 1.2681e+08
0.081 6.2058e+09 1.2412e+08
0.082 6.0736e+09 1.2147e+08
0.083 5.9718e+09 1.1944e+08
0.084 5.9204e+09 1.1841e+08
0.085 5.8924e+09 1.1785e+08
0.086 5.5196e+09 1.1039e+08
0.087 5.5693e+09 1.1139e+08
0.088 5.4549e+09 1.091e+08
0.089 5.3279e+09 1.0656e+08
0.09 5.2128e+09 1.0426e+08
0.091 5.1979e+09 1.0396e+08
0.092 4.9179e+09 9.8359e+07
0.093 4.9912e+09 9.9825e+07
0.094 4.8241e+09 9.6482e+07
0.095 4.6848e+09 9.3696e+07
0.096 4.6463e+09 9.2927e+07
0.097 4.4783e+09 8.9566e+07
0.098 4.4304e+09 8.8608e+07
0.099 4.3567e+09 8.7134e+07
0.1 4.2035e+09 8.4069e+07
0.101 4.0868e+09 8.1736e+07
0.102 4.0533e+09 8.1066e+07
0.103 3.9599e+09 7.9198e+07
0.104 3.9046e+09 7.8092e+07
0.105 3.7552e+09 7.5104e+07
0.106 3.7071e+09 7.4142e+07
0.107 3.6033e+09 7.2066e+07
0.108 3.5086e+09 7.0171e+07
0.109 3.5378e+09 7.0756e+07
0.11 3.3372e+09 6.6743e+07
0.111 3.3576e+09 6.7152e+07
0.112 3.2302e+09 6.4604e+07
0.113 3.1494e+09 6.2988e+07
0.114 3.177e+09 6.3539e+07
0.115 3.041e+09 6.082e+07
0.116 2.9602e+09 5.9205e+07
0.117 2.925e+09 5.85e+07
0.118 2.8913e+09 5.7827e+07
0.119 2.8135e+09 5.627e+07
0.12 2.7154e+09 5.4308e+07
0.121 2.7069e+09 5.4138e+07
0.122 2.6059e+09 5.2118e+07
0.123 2.6279e+09 5.2559e+07
0.124 2.4611e+09 4.9222e+07
0.125 2.4292e+09 4.8585e+07
0.126 2.3571e+09 4.7141e+07
0.127 2.4027e+09 4.8053e+07
0.128 2.2744e+09 4.5487e+07
0.129 2.2106e+09 4.4211e+07
0.13 2.2235e+09 4.4469e+07
0.131 2.0786e+09 4.1572e+07
0.132 2.027e+09 4.054e+07
0.133 2.0151e+09 4.0302e+07
0.134 1.9323e+09 3.8646e+07
0.135 1.957e+09 3.914e+07
0.136 1.8542e+09 3.7084e+07
0.137 1.8185e+09 3.637e+07
0.138 1.8156e+09 3.6312e+07
0.139 1.7723e+09 3.5446e+07
0.14 1.7759e+09 3.5517e+07
0.141 1.7141e+09 3.4282e+07
0.142 1.6943e+09 3.3887e+07
0.143 1.6648e+09 3.3296e+07
0.144 1.5455e+09 3.091e+07
0.145 1.5719e+09 3.1438e+07
0.146 1.5418e+09 3.0836e+07
0.147 1.4274e+09 2.8548e+07
0.148 1.4911e+09 2.9822e+07
0.149 1.4677e+09 2.9354e+07
0.15 1.4369e+09 2.8737e+07
0.151 1.3889e+09 2.7777e+07
0.152 1.3227e+09 2.6455e+07
0.153 1.2904e+09 2.5808e+07
0.154 1.2766e+09 2.5532e+07
0.155 1.2008e+09 2.4016e+07
0.156 1.2509e+09 2.5017e+07
0.157 1.1316e+09 2.2632e+07
0.158 1.1697e+09 2.3393e+07
0.159 1.1097e+09 2.2193e+07
0.16 1.0943e+09 2.1885e+07
0.161 1.1655e+09 2.3309e+07
0.162 1.1171e+09 2.2341e+07
0.163 1.061e+09 2.1219e+07
0.164 1.0693e+09 2.1387e+07
0.165 9.7178e+08 1.9436e+07
0.166 1.0442e+09 2.0884e+07
0.167 1.0016e+09 2.0031e+07
0.168 9.0811e+08 1.8162e+07
0.169 9.4953e+08 1.8991e+07
0.17 9.0775e+08 1.8155e+07
0.171 8.7421e+08 1.7484e+07
0.172 8.3652e+08 1.673e+07
0.173 8.4677e+08 1.6935e+07
0.174 8.4077e+08 1.6815e+07
0.175 7.5396e+08 1.5079e+07
0.176 8.2532e+08 1.6506e+07
0.177 7.8476e+08 1.5695e+07
0.178 8.0828e+08 1.6166e+07
0.179 7.5434e+08 1.5087e+07
0.18 7.459e+08 1.4918e+07
0.181 7.1942e+08 1.4388e+07
0.182 7.1662e+08 1.4332e+07
0.183 6.2908e+08 1.2582e+07
0.184 6.881e+08 1.3762e+07
0.185 5.7716e+08 1.1543e+07
0.186 6.9959e+08 1.3992e+07
0.187 6.0995e+08 1.2199e+07
0.188 6.7241e+08 1.3448e+07
0.189 5.9232e+08 1.1846e+07
0.19 5.5997e+08 1.1199e+07
0.191 5.6007e+08 1.1201e+07
0.192 5.1548e+08 1.031e+07
0.193 5.6073e+08 1.1215e+07
0.194 5.0579e+08 1.0116e+07
0.195 5.8267e+08 1.1653e+07
0.196 5.5431e+08 1.1086e+07
0.197 5.145e+08 1.029e+07
0.198 4.2188e+08 8.4377e+06
0.199 4.7142e+08 9.4284e+06
0.2 5.0771e+08 1.0154e+07
0.201 4.8433e+08 9.6866e+06
0.202 4.3182e+08 8.6364e+06
0.203 4.1223e+08 8.2445e+06
0.204 4.4646e+08 8.9291e+06
0.205 3.8476e+08 7.6952e+06
0.206 3.9641e+08 7.9283e+06
0.207 3.6279e+08 7.2558e+06
0.208 3.8439e+08 7.6878e+06
0.209 3.6406e+08 7.2813e+06
0.21 3.3137e+08 6.6274e+06
0.211 3.7697e+08 7.5394e+06
0.212 3.5603e+08 7.1206e+06
0.213 3.4754e+08 6.9508e+06
0.214 3.2637e+08 6.5273e+06
0.215 3.4848e+08 6.9696e+06
0.216 3.5362e+08 7.0725e+06
0.217 3.2734e+08 6.5469e+06
0.218 2.6971e+08 5.3942e+06
0.219 2.5723e+08 5.1445e+06
0.22 2.5361e+08 5.0722e+06
0.221 2.8616e+08 5.7233e+06
0.222 2.9209e+08 5.8418e+06
0.223 2.6393e+08 5.2787e+06
0.224 2.9636e+08 5.9272e+06
0.225 2.6586e+08 5.3173e+06
0.226 2.0799e+08 4.1599e+06
0.227 2.6506e+08 5.3013e+06
0.228 2.5588e+08 5.1176e+06
0.229 2.6344e+08 5.2688e+06
0.23 2.2751e+08 4.5502e+06
0.231 2.5048e+08 5.0095e+06
0.232 2.1255e+08 4.251e+06
0.233 2.1808e+08 4.3616e+06
0.234 2.2981e+08 4.5961e+06
0.235 2.1244e+08 4.2487e+06
0.236 1.935e+08 3.8701e+06
0.237 2.2195e+08 4.4391e+06
0.238 1.8013e+08 3.6026e+06
0.239 1.8084e+08 3.6168e+06
0.24 2.1101e+08 4.2202e+06
0.241 1.5889e+08 3.1778e+06
0.242 1.8759e+08 3.7517e+06
0.243 1.696e+08 3.3921e+06
0.244 1.5553e+08 3.1106e+06
0.245 1.9953e+08 3.9907e+06
0.246 2.1971e+08 4.3942e+06
0.247 1.9237e+08 3.8474e+06
0.248 2.0851e+08 4.1702e+06
0.249 1.6264e+08 3.2527e+06
0.25 1.9119e+08 3.8238e+06
0.251 1.5659e+08 3.1319e+06
0.252 1.3496e+08 2.6993e+06
0.253 1.6659e+08 3.3317e+06
0.254 1.3517e+08 2.7034e+06
0.255 1.7982e+08 3.5964e+06
0.256 1.4501e+08 2.9002e+06
0.257 1.3599e+08 2.7199e+06
0.258 1.481e+08 2.962e+06
0.259 1.5448e+08 3.0895e+06
0.26 1.3759e+08 2.7518e+06
0.261 1.7742e+08 3.5485e+06
0.262 1.2709e+08 2.5419e+06
0.263 1.3895e+08 2.779e+06
0.264 1.7297e+08 3.4594e+06
0.265 7.8608e+07 1.5722e+06
0.266 1.3548e+08 2.7095e+06
0.267 1.3943e+08 2.7886e+06
0.268 1.824e+08 3.648e+06
0.269 1.2924e+08 2.5849e+06
0.27 1.5459e+08 3.0919e+06
0.271 1.6919e+08 3.3839e+06
0.272 1.6297e+08 3.2594e+06
0.273 1.3251e+08 2.6501e+06
0.274 1.0904e+08 2.1807e+06
0.275 1.6448e+08 3.2896e+06
0.276 1.0228e+08 2.0456e+06
0.277 1.2914e+08 2.5827e+06
0.278 6.8655e+07 1.3731e+06
0.279 1.5606e+08 3.1212e+06
0.28 1.3236e+08 2.6471e+06
0.281 1.2381e+08 2.4763e+06
0.282 1.3796e+08 2.7591e+06
0.283 1.2937e+08 2.5874e+06
0.284 1.1708e+08 2.3415e+06
0.285 1.0988e+08 2.1976e+06
0.286 1.2619e+08 2.5237e+06
0.287 8.0507e+07 1.6101e+06
0.288 1.2569e+08 2.5138e+06
0.289 9.8667e+07 1.9733e+06
0.29 8.536e+07 1.7072e+06
0.291 9.4097e+07 1.8819e+06
0.292 1.5179e+08 3.0358e+06
0.293 9.1678e+07 1.8336e+06
0.294 1.4549e+08 2.9099e+06
0.295 1.243e+08 2.4859e+06
0.296 1.379e+08 2.758e+06
0.297 1.2241e+08 2.4481e+06
0.298 1.6751e+08 3.3502e+06
0.299 9.2155e+07 1.8431e+06
0.3 1.2722e+08 2.5444e+06
0.301 1.0585e+08 2.117e+06
0.302 1.3859e+08 2.7719e+06
0.303 1.1709e+08 2.3417e+06
0.304 1.5554e+08 3.1109e+06
0.305 6.9293e+07 1.3859e+06
0.306 6.555e+07 1.311e+06
0.307 9.3895e+07 1.8779e+06
0.308 1.4714e+08 2.9427e+06
0.309 9.3083e+07 1.8617e+06
0.31 6.3711e+07 1.2742e+06
0.311 1.0604e+08 2.1208e+06
0.312 4.7624e+07 9.5249e+05
0.313 1.2249e+08 2.4497e+06
0.314 8.9241e+07 1.7848e+06
0.315 1.1946e+08 2.3891e+06
0.316 9.7001e+07 1.94e+06
0.317 7.0119e+07 1.4024e+06
0.318 7.803e+07 1.5606e+06
0.319 6.6111e+07 1.3222e+06
0.32 9.4761e+07 1.8952e+06
0.321 9.0297e+07 1.8059e+06
0.322 9.1298e+07 1.826e+06
0.323 1.1541e+08 2.3082e+06
0.324 5.119e+07 1.0238e+06
0.325 6.4107e+07 1.2821e+06
0.326 1.1447e+08 2.2895e+06
0.327 9.036e+07 1.8072e+06
0.328 1.2041e+08 2.4082e+06
0.329 8.7452e+07 1.749e+06
0.33 1.0218e+08 2.0435e+06
0.331 8.8857e+07 1.7771e+06
0.332 9.4733e+07 1.8947e+06
0.333 8.5108e+07 1.7022e+06
0.334 1.1061e+08 2.2122e+06
0.335 1.4809e+08 2.9619e+06
0.336 1.0372e+08 2.0745e+06
0.337 9.133e+07 1.8266e+06
0.338 7.5202e+07 1.504e+06
0.339 1.0353e+08 2.0707e+06
0.34 8.3965e+07 1.6793e+06
0.341 7.9506e+07 1.5901e+06
0.342 9.609e+07 1.9218e+06
0.343 7.2634e+07 1.4527e+06
0.344 7.4388e+07 1.4878e+06
0.345 1.0407e+08 2.0814e+06
0.346 6.9788e+07 1.3958e+06
0.347 1.1494e+08 2.2989e+06
0.348 1.0037e+08 2.0074e+06
0.349 6.2812e+07 1.2562e+06
0.35 1.0968e+08 2.1936e+06
0.351 8.4884e+07 1.6977e+06
0.352 7.6157e+07 1.5231e+06
0.353 7.3569e+07 1.4714e+06
0.354 7.1205e+07 1.4241e+06
0.355 9.4502e+07 1.89e+06
0.356 9.1866e+07 1.8373e+06
0.357 9.8292e+07 1.9658e+06
0.358 7.5985e+07 1.5197e+06
0.359 6.0501e+07 1.21e+06
0.36 4.0983e+07 8.1967e+05
0.361 7.8371e+07 1.5674e+06
0.362 8.7679e+07 1.7536e+06
0.363 9.8319e+07 1.9664e+06
0.364 1.0245e+08 2.049e+06
0.365 1.0332e+08 2.0664e+06
0.366 5.3337e+07 1.0667e+06
0.367 5.0051e+07 1.001e+06
0.368 1.0888e+08 2.1776e+06
0.369 8.4685e+07 1.6937e+06
0.37 7.7059e+07 1.5412e+06
0.371 5.0604e+07 1.0121e+06
0.372 1.1766e+08 2.3531e+06
0.373 6.2184e+07 1.2437e+06
0.374 1.3034e+08 2.6067e+06
0.375 4.6039e+07 9.2078e+05
0.376 6.5672e+07 1.3134e+06
0.377 7.5816e+07 1.5163e+06
0.378 9.7929e+07 1.9586e+06
0.379 1.0886e+08 2.1772e+06
0.38 1.0293e+08 2.0586e+06
0.381 6.7062e+07 1.3412e+06
0.382 6.7126e+07 1.3425e+06
0.383 6.1521e+07 1.2304e+06
0.384 7.2584e+07 1.4517e+06
0.385 6.9052e+07 1.381e+06
0.386 3.8707e+07 7.7414e+05
0.387 5.9305e+07 1.1861e+06
0.388 7.447e+07 1.4894e+06
0.389 9.535e+07 1.907e+06
0.39 5.4373e+07 1.0875e+06
0.391 7.3689e+07 1.4738e+06
0.392 7.3011e+07 1.4602e+06
0.393 6.4085e+07 1.2817e+06
0.394 8.3363e+07 1.6673e+06
0.395 7.7143e+07 1.5429e+06
0.396 6.1536e+07 1.2307e+06
0.397 7.5127e+07 1.5025e+06
0.398 6.3025e+07 1.2605e+06
0.399 7.2576e+07 1.4515e+06
0.4 7.3771e+07 1.4754e+06
0.401 1.3307e+07 2.6614e+05
0.402 1.0881e+08 2.1762e+06
0.403 6.8494e+07 1.3699e+06
0.404 3.2577e+07 6.5154e+05
0.405 6.1435e+07 1.2287e+06
0.406 4.5225e+07 9.045e+05
0.407 7.1789e+07 1.4358e+06
0.408 7.908e+07 1.5816e+06
0.409 6.8427e+07 1.3685e+06
0.41 5.7161e+07 1.1432e+06
0.411 2.4749e+07 4.9498e+05
0.412 6.1846e+07 1.2369e+06
0.413 5.113e+07 1.0226e+06
0.414 5.7719e+07 1.1544e+06
0.415 8.8731e+07 1.7746e+06
0.416 8.5392e+07 1.7078e+06
0.417 1.0464e+08 2.0928e+06
0.418 9.9124e+07 1.9825e+06
0.419 4.5374e+07 9.0748e+05
0.42 2.9546e+07 5.9091e+05
0.421 5.5471e+07 1.1094e+06
0.422 7.9305e+07 1.5861e+06
0.423 3.8369e+07 7.6738e+05
0.424 4.8158e+07 9.6316e+05
0.425 5.9559e+07 1.1912e+06
0.426 6.1928e+07 1.2386e+06
0.427 3.7381e+07 7.4761e+05
0.428 6.066e+07 1.2132e+06
0.429 8.7683e+07 1.7537e+06
0.43 5.8754e+07 1.1751e+06
0.431 7.0619e+07 1.4124e+06
0.432 4.2134e+07 8.4269e+05
0.433 3.5138e+07 7.0275e+05
0.434 7.3401e+07 1.468e+06
0.435 5.1452e+07 1.029e+06
0.436 5.5796e+07 1.1159e+06
0.437 7.9698e+07 1.594e+06
0.438 9.7665e+07 1.9533e+06
0.439 5.2731e+07 1.0546e+06
0.44 6.4894e+07 1.2979e+06
0.441 9.0207e+07 1.8041e+06
0.442 6.3267e+07 1.2653e+06
0.443 3.9354e+07 7.8708e+05
0.444 4.4748e+07 8.9495e+05
0.445 5.0798e+07 1.016e+06
0.446 6.4907e+07 1.2981e+06
0.447 4.2249e+07 8.4498e+05
0.448 8.2367e+07 1.6473e+06
0.449 2.4543e+07 4.9087e+05
0.45 3.3451e+07 6.6903e+05
0.451 3.9185e+07 7.837e+05
0.452 5.6141e+07 1.1228e+06
0.453 5.8235e+07 1.1647e+06
0.454 6.7594e+07 1.3519e+06
0.455 9.5984e+07 1.9197e+06
0.456 6.5537e+07 1.3107e+06
0.457 5.4944e+07 1.0989e+06
0.458 3.05e+07 6.1e+05
0.459 6.5551e+07 1.311e+06
0.46 7.5471e+07 1.5094e+06
0.461 5.0261e+07 1.0052e+06
0.462 9.0156e+07 1.8031e+06
0.463 8.0647e+07 1.6129e+06
0.464 5.6703e+07 1.1341e+06
0.465 9.2313e+07 1.8463e+06
0.466 2.9652e+07 5.9304e+05
0.467 5.1213e+07 1.0243e+06
0.468 9.1443e+07 1.8289e+06
0.469 4.6292e+07 9.2584e+05
0.47 3.792e+07 7.584e+05
0.471 7.8546e+07 1.5709e+06
0.472 3.6047e+07 7.2094e+05
0.473 4.9601e+07 9.9202e+05
0.474 1.7927e+07 3.5853e+05
0.475 2.0368e+07 4.0735e+05
0.476 6.6471e+07 1.3294e+06
0.477 5.4643e+07 1.0929e+06
0.478 4.757e+07 9.514e+05
0.479 3.9455e+07 7.8911e+05
0.48 4.4935e+07 8.987e+05
0.481 6.1802e+07 1.236e+06
0.482 6.2852e+07 1.257e+06
0.483 6.5242e+07 1.3048e+06
0.484 3.6305e+07 7.2611e+05
0.485 5.805e+07 1.161e+06
0.486 5.625e+07 1.125e+06
0.487 6.0191e+07 1.2038e+06
0.488 8.8858e+07 1.7772e+06
0.489 6.038e+07 1.2076e+06
0.49 6.293e+07 1.2586e+06
0.491 5.1732e+07 1.0346e+06
0.492 4.6314e+07 9.2628e+05
0.493 4.0848e+07 8.1695e+05
0.494 6.2183e+07 1.2437e+06
0.495 3.6705e+07 7.341e+05
0.496 9.6242e+07 1.9248e+06
0.497 1.806e+07 3.6121e+05
0.498 3.7852e+07 7.5703e+05
0.499 5.3938e+07 1.0788e+06
0.5 4.3106e+07 8.6212e+05
